0.000000000000000000e+00 7.063590142688815909e-01 1.518753827751292862e+00 1.833300112940471793e+00 2.417514461101800016e+00 3.212778993546186346e+00 3.849215005608435103e+00 4.528047067578317986e+00 5.115131373239940160e+00 5.683190742170937781e+00 6.651856527783196471e-01 9.978379907101164736e-01 1.616434168629857115e+00 1.980128724620128011e+00 2.700846688791465944e+00 3.345764592947686022e+00 4.039445457800593609e+00 4.773994949981818614e+00 5.311441599500622779e+00 5.929530388831234511e+00 1.205895806823803706e+00 1.515238523350639133e+00 2.006360034095568956e+00 2.486262322140781134e+00 2.842399717649187973e+00 3.636891962751292784e+00 4.325943712190902346e+00 4.915500300420115209e+00 5.660482971713913791e+00 5.984219280558417786e+00 1.818526922793254341e+00 2.002916809530246312e+00 2.430674515041964856e+00 2.949497960326670665e+00 3.293226259377153298e+00 4.109795526108799280e+00 4.638482159131374516e+00 5.181067839556318333e+00 5.839650182000291956e+00 6.586659845353988629e+00 2.424335769633951365e+00 2.737195119975960100e+00 2.978125264986502430e+00 3.359932201935759366e+00 3.849881064819721033e+00 4.369400019712425198e+00 4.885918047178809509e+00 5.523621953874884305e+00 6.180469041742907343e+00 6.777068666647756423e+00 3.238856603720654093e+00 3.397177243748795483e+00 3.632808442169298768e+00 4.111278589137452144e+00 4.467844303963682151e+00 4.916329166479882495e+00 5.408152212617965304e+00 5.871128592004259517e+00 6.471427298201920308e+00 7.043267833286978252e+00 3.690496798070469708e+00 3.962866256429922629e+00 4.364872844968505916e+00 4.742682762412937514e+00 4.986059383742862394e+00 5.392927988399179640e+00 5.922804899945111501e+00 6.429875227016970562e+00 6.850763582176981004e+00 7.556077043235972290e+00 4.517572818351947461e+00 4.546350993437658694e+00 4.882082496101072699e+00 5.207454983341361476e+00 5.630321452437098806e+00 5.991117314894034429e+00 6.493777721718018370e+00 6.973110712665199884e+00 7.367499031852097424e+00 7.986380563057915438e+00 5.105616560195954001e+00 5.435673809192118178e+00 5.664590923156072044e+00 5.822072984580247024e+00 6.126699358504192006e+00 6.492791878154489993e+00 7.022269911484149141e+00 7.415853333676214909e+00 7.920286720612707221e+00 8.377671247388430942e+00 5.963820900600127928e+00 5.966368607154667103e+00 6.157859995907049466e+00 6.386754617886281515e+00 6.822727503120293413e+00 7.044272086474316907e+00 7.553789188220558337e+00 7.852961318125901258e+00 8.398905754507234533e+00 8.957482479045067336e+00
7.063590142688815909e-01 0.000000000000000000e+00 1.021770232014309832e+00 1.326915766148404341e+00 1.903004033504652304e+00 2.716578782198652675e+00 3.321694049712579755e+00 4.018383151043880552e+00 4.617060684152756167e+00 5.184739763392481215e+00 7.803333479738085998e-01 6.790185686611103222e-01 1.288732706645861592e+00 1.496171957018615606e+00 2.202653474038367865e+00 2.841679442390629529e+00 3.538814789617443779e+00 4.269247505307361301e+00 4.811786996006400585e+00 5.420074607549027590e+00 7.555499290021802095e-01 1.089647440027343261e+00 1.607057033784508704e+00 2.035204280813568634e+00 2.354952983392745836e+00 3.131118364700469670e+00 3.823965896055450564e+00 4.420584229599740844e+00 5.142527665830853856e+00 5.481015057314671424e+00 1.293979097253106225e+00 1.711780613272366747e+00 1.987451349394451228e+00 2.533760245621040408e+00 2.860118085864232107e+00 3.642313636137748833e+00 4.147807122181401240e+00 4.685292200426149911e+00 5.335615410845394813e+00 6.091574396739122044e+00 1.924366381428608497e+00 2.231124203878811496e+00 2.505233786185242284e+00 2.916718262686982310e+00 3.423120532023286255e+00 3.914828416966297020e+00 4.418491674404909197e+00 5.037147823222869469e+00 5.686756735314899558e+00 6.276882064747979939e+00 2.745333237850025032e+00 2.883673328168990135e+00 3.141121722625028756e+00 3.625932709268228304e+00 4.061868350091026869e+00 4.487048366535455024e+00 4.960408417377495383e+00 5.409301095963548356e+00 6.005964918612202830e+00 6.560446172403046283e+00 3.175774189921785062e+00 3.444945931086872637e+00 3.856723078635930779e+00 4.246639950847820977e+00 4.524247431309678547e+00 4.940373709042151340e+00 5.492225416111371494e+00 5.994527515548066177e+00 6.384295747092699536e+00 7.087665682926526323e+00 3.994825847082557058e+00 4.031093629314541182e+00 4.386477705143101424e+00 4.721039414538725332e+00 5.148309678821977542e+00 5.532324556365746382e+00 6.043060024997563673e+00 6.537567088594611775e+00 6.926960236171159302e+00 7.576447541439209843e+00 4.584942918766651054e+00 4.903241709021854078e+00 5.162637877540102060e+00 5.320034441203389086e+00 5.635977733076776630e+00 6.022727094672227111e+00 6.563777890349490107e+00 6.989889355637161295e+00 7.484423216115335009e+00 7.928974101770475791e+00 5.465369157327630845e+00 5.447740203088453192e+00 5.641019432858457527e+00 5.888765774479626458e+00 6.334503838245188589e+00 6.564828190735005009e+00 7.081370259215504781e+00 7.426843113323656098e+00 7.956315271404575284e+00 8.520834535309528945e+00
1.518753827751292862e+00 1.021770232014309832e+00 0.000000000000000000e+00 5.793870742315928579e-01 1.070727481792950186e+00 1.857161850064025232e+00 2.453099726455052920e+00 3.150601994683310370e+00 3.748920877746296565e+00 4.310406299087996551e+00 1.083080426556168874e+00 1.043330205802788013e+00 7.470697004985688006e-01 8.433790790603489240e-01 1.419916181631162511e+00 2.019389024110670228e+00 2.703156234038345040e+00 3.422051221063535209e+00 3.959019334913530752e+00 4.562916750851740311e+00 5.880393698500852029e-01 7.253349891295747254e-01 1.316958837659021775e+00 1.488260438915218753e+00 1.694892882462367023e+00 2.382663061272354721e+00 3.030756517687862139e+00 3.608684516113282115e+00 4.316932260285914147e+00 4.643481938311772694e+00 5.649308805061239447e-01 8.805279001727872590e-01 1.459903050685009251e+00 2.040311790807046499e+00 2.265679823291923523e+00 2.949705907870241894e+00 3.401701029423206180e+00 3.907599665543530776e+00 4.549705749273223354e+00 5.276025290291893377e+00 1.086007925348857484e+00 1.453609500924322395e+00 1.838959365353731723e+00 2.300762496084595377e+00 2.877252618731386491e+00 3.276316335276734382e+00 3.731803065412149234e+00 4.297138176617236738e+00 4.935123764149087933e+00 5.499009172480098684e+00 1.884105715484071908e+00 2.060275831031796123e+00 2.378899084862719171e+00 2.930521992225545436e+00 3.383723374856669519e+00 3.908352033323018837e+00 4.317715641696453943e+00 4.965517320303083793e+00 5.278516560757413600e+00 5.820627490402993764e+00 2.306940948896775367e+00 2.614355483281905812e+00 3.064902802504563262e+00 3.506262892312915991e+00 3.832170495357770434e+00 4.284509438745892851e+00 4.886487282593108716e+00 5.347094203323226047e+00 5.687955562574746438e+00 6.374199830600048244e+00 3.124986997138246902e+00 3.187959126760739004e+00 3.583756921736897194e+00 3.952045086987537648e+00 4.410382524844203012e+00 4.843223021182252452e+00 5.387172949412695644e+00 5.917095907902210961e+00 6.265330446072968407e+00 6.828700149153929644e+00 3.714085723986927601e+00 4.050612797325909398e+00 4.332395610675448872e+00 4.539413210926940501e+00 4.878327198378717533e+00 5.305207983423839480e+00 5.870819239090185881e+00 6.322555850654968168e+00 6.855616867219530342e+00 7.264432516690389363e+00 4.589565581923697124e+00 4.591647773833553714e+00 4.808387117162249424e+00 5.078125293490853842e+00 5.557971442086121705e+00 5.819369727242802881e+00 6.364808099834202260e+00 6.716496218843449384e+00 7.302588021621161829e+00 7.883813444952615157e+00
1.833300112940471793e+00 1.326915766148404341e+00 5.793870742315928579e-01 0.000000000000000000e+00 7.760110331637749548e-01 1.526854824470855299e+00 2.117151065501316598e+00 2.808874708004368337e+00 3.404668005628595839e+00 3.967465265587987844e+00 1.398186704360193211e+00 1.268383916898699448e+00 8.475387023000170439e-01 6.914960844569660869e-01 1.145724473417998990e+00 1.695163841260562076e+00 2.376077337858110372e+00 3.094355565867981106e+00 3.618155071177103110e+00 4.223538306872136161e+00 8.462076319974721761e-01 8.223589253505195762e-01 1.228721379415604664e+00 1.335926598633012219e+00 1.473257668889812910e+00 2.094175783061069218e+00 2.718466747281996554e+00 3.286728408759287401e+00 3.987194078050274815e+00 4.313753389087335854e+00 4.808468193608808061e-01 7.836450205972155247e-01 1.307503255047799628e+00 1.865598455222739593e+00 2.064951775381230092e+00 2.688405766152472509e+00 3.108659888705185725e+00 3.600246192521618038e+00 4.233418674028615492e+00 4.951378170830454728e+00 8.075833397143052927e-01 1.174250101883071551e+00 1.600122431379777943e+00 2.085693485671039848e+00 2.666247573099835844e+00 3.026269290438573289e+00 3.457642213418597787e+00 4.003206927160587014e+00 4.632386816378390115e+00 5.188472654243279969e+00 1.553269664751230739e+00 1.743584553097548451e+00 2.079810683298508156e+00 2.658482496318796962e+00 3.137395629378493922e+00 3.671453273773434667e+00 4.063962018669053933e+00 4.444560325390746414e+00 4.990391760481864836e+00 5.522040861862587136e+00 1.974175116348639625e+00 2.299774427281878975e+00 2.754917306466762028e+00 3.215668733826503090e+00 3.564188840613807585e+00 4.024244752724117191e+00 4.635304491681281114e+00 5.081574887713419919e+00 5.407186429794561988e+00 6.084984894690283141e+00 2.783081229741797724e+00 2.856384813567510506e+00 3.256711266050469789e+00 3.648411893110433013e+00 4.117643420318105818e+00 4.567287642246943946e+00 5.121528526445364271e+00 5.657007817964672114e+00 5.997920193757616758e+00 6.546775503692104259e+00 3.369920947025817348e+00 3.710813771039697784e+00 4.004932504713740293e+00 4.225343885712806724e+00 4.578781704584166334e+00 5.016030377465749979e+00 5.589902308188844593e+00 6.047807508579313485e+00 6.591611075991287372e+00 6.991834073789780390e+00 4.245373953777767717e+00 4.252311156448584484e+00 4.476964497144463984e+00 4.756967778396230528e+00 5.246431960460370192e+00 5.518905106785043202e+00 6.075293557033193181e+00 6.436933177144096518e+00 7.033510081298724792e+00 7.613228734543675991e+00
2.417514461101800016e+00 1.903004033504652304e+00 1.070727481792950186e+00 7.760110331637749548e-01 0.000000000000000000e+00 9.687317417870103808e-01 1.530932411361279444e+00 2.215796570826040757e+00 2.807665184821792614e+00 3.370145246290463970e+00 1.978274068245044370e+00 1.796217801124415869e+00 1.175496981798883400e+00 7.856319593873469787e-01 7.040252379647128356e-01 1.139629965599665784e+00 1.794489578191402313e+00 2.491068640341266960e+00 3.018465824732931235e+00 3.621548773505546492e+00 1.372698252953864717e+00 1.217320734408774863e+00 1.434312379618521982e+00 1.170728308274844087e+00 1.140062372208862085e+00 1.586752054289916058e+00 2.170886207879349161e+00 2.703796638319601708e+00 3.387810696818787548e+00 3.711845623583836407e+00 7.792659959735257491e-01 8.458859423422526724e-01 1.193663024179564269e+00 1.689224300247110788e+00 1.733520472656082223e+00 2.204108499739661386e+00 2.578465530105781056e+00 3.033796292035857434e+00 3.655193934256220079e+00 4.359330255573715895e+00 4.790894613896515275e-01 7.445314735181264298e-01 1.234602570792646237e+00 1.728291548602918226e+00 2.320807908120368079e+00 2.573809978150056299e+00 2.956267294692977110e+00 3.458141423078623600e+00 4.071795511503717435e+00 4.611361914599369172e+00 9.938546176244361652e-01 1.193895932374290370e+00 1.560575109952525352e+00 2.170450291195312520e+00 2.696288128597784439e+00 3.242227861076602213e+00 3.587873878533554439e+00 3.927385365102880055e+00 4.449146267819393152e+00 4.964164350869118891e+00 1.400838447015540167e+00 1.711545072563734671e+00 2.190687840074051262e+00 2.684710290407271049e+00 3.060329270939141200e+00 3.536515521833120346e+00 4.180365517825989308e+00 4.589128217484571337e+00 4.875450485299030134e+00 5.540911674341023385e+00 2.190741106829359630e+00 2.267170093295626909e+00 2.673856193016181049e+00 3.091138773757804881e+00 3.577761311375983855e+00 4.047818147498290386e+00 4.621580940932020098e+00 5.182299936962421860e+00 5.491359254025341308e+00 6.010887798052964470e+00 2.777868863866214788e+00 3.109373793893310811e+00 3.414737329854567793e+00 3.648541973883775213e+00 4.016338133320705772e+00 4.474510086445525836e+00 5.061154010272333359e+00 5.539641076579852275e+00 6.099551960809244555e+00 6.473459441708238060e+00 3.647143836759690672e+00 3.650791338803033970e+00 3.875672805902523166e+00 4.166530874096305403e+00 4.668265243688774824e+00 4.957330635564840549e+00 5.530893985940513069e+00 5.910389362945026370e+00 6.522307745064159334e+00 7.121052966269179940e+00
3.212778993546186346e+00 2.716578782198652675e+00 1.857161850064025232e+00 1.526854824470855299e+00 9.687317417870103808e-01 0.000000000000000000e+00 7.718328444645202735e-01 1.413667117629118897e+00 1.990963756853261879e+00 2.544265560201588894e+00 2.788957660826837603e+00 2.572556851745914308e+00 1.907832674036878728e+00 1.456328559602757311e+00 8.793696599207565523e-01 6.536667163117115820e-01 1.095283121693690020e+00 1.733077810461890689e+00 2.221098671384360568e+00 2.808126205345517157e+00 2.176494244803802491e+00 1.979594643097534856e+00 1.952766343476098898e+00 1.524669936395896208e+00 1.243432516029873369e+00 1.182399739170676201e+00 1.529137461490634786e+00 1.986063741238092595e+00 2.628260742490038826e+00 2.929096934226189664e+00 1.547267894630096841e+00 1.509100081436341112e+00 1.561265314167196383e+00 1.840293177131387736e+00 1.697520743850559066e+00 1.801286706257172243e+00 1.998626150000282875e+00 2.366926589018495175e+00 2.941831188677386244e+00 3.594038512217484715e+00 9.609654370706144366e-01 8.770552960167253831e-01 1.248023661749256163e+00 1.630849083821972911e+00 2.144133745690953052e+00 2.209979510777932976e+00 2.445519167914381953e+00 2.828436343481852688e+00 3.404041346318932959e+00 3.899090393936194054e+00 4.585175093167449534e-01 7.071169902702756360e-01 1.122390798280273883e+00 1.748237834108176125e+00 2.317314960482378616e+00 2.859953866686504753e+00 3.434960478831524000e+00 3.360210469143779743e+00 3.821807192313770862e+00 4.295762109008489205e+00 6.701440121192345778e-01 1.053927664064271630e+00 1.562140180248027255e+00 2.112951127894183934e+00 2.556850228514594647e+00 3.041829048670205538e+00 3.706865463781963133e+00 4.265355468234216296e+00 4.265331364430624106e+00 4.895888153791387865e+00 1.389238043719029259e+00 1.507246058949894829e+00 1.964803278630735006e+00 2.433031968983878635e+00 2.948449424938668351e+00 3.476827696962828895e+00 4.070811357081547399e+00 4.658839395898760394e+00 4.920489249925692476e+00 5.381948044305345569e+00 1.953205160609521762e+00 2.308759505140502100e+00 2.647946271035566124e+00 2.943117090853325291e+00 3.347236372737663945e+00 3.842226540467579277e+00 4.451999580220021180e+00 4.966714890749004852e+00 5.538983569027477571e+00 5.874448457180312388e+00 2.818181684663334075e+00 2.837778075505989595e+00 3.094452798867437959e+00 3.412875158582008961e+00 3.954294670892702701e+00 4.278727854734473368e+00 4.881641507502984645e+00 5.296777965908542107e+00 5.935791229123330126e+00 6.538657289572272546e+00
3.849215005608435103e+00 3.321694049712579755e+00 2.453099726455052920e+00 2.117151065501316598e+00 1.530932411361279444e+00 7.718328444645202735e-01 0.000000000000000000e+00 8.771233389731606378e-01 1.403594932414838459e+00 1.943960689038501499e+00 3.391589387773767061e+00 3.161319163283018874e+00 2.485551664923077109e+00 2.023449776746982121e+00 1.353685358458758481e+00 8.160190105064342170e-01 7.893970501491656133e-01 1.218096444018990754e+00 1.657875983989550051e+00 2.226607986701660380e+00 2.778834803307590029e+00 2.563867821107276512e+00 2.461677762606178543e+00 1.981401663872575547e+00 1.629038889684306879e+00 1.215165764817733862e+00 1.229718667768645135e+00 1.538379543934436544e+00 2.103508757039605381e+00 2.374827954767467109e+00 2.130528965675315689e+00 2.079231854612336949e+00 2.037827646000328841e+00 2.114738025352186579e+00 2.381947931759601733e+00 1.710482719300620458e+00 1.725036545622428585e+00 1.962045013084336098e+00 2.470496185795662214e+00 3.058728773195900530e+00 1.516995354220646020e+00 1.348789954088485121e+00 1.579354359898818894e+00 1.823858603592375172e+00 2.220736846177056467e+00 2.115308263282077217e+00 2.208005024534128502e+00 2.451624378815903782e+00 2.967901205958709543e+00 3.410864063176393124e+00 7.565227003335073253e-01 8.491079796519533929e-01 1.137893220706506225e+00 1.652536385435518174e+00 2.214195424233767362e+00 2.750831738520948644e+00 2.868124971717944671e+00 3.024620534687533446e+00 3.418336253570867012e+00 3.845364772411515641e+00 4.755936172015460817e-01 8.004648623039472000e-01 1.257189118327339150e+00 1.830879859264220366e+00 2.314938523571641760e+00 2.785982376649919878e+00 3.450953405411942398e+00 3.741199148571515920e+00 3.875070441845815949e+00 4.461439481749563285e+00 8.561013807750235127e-01 1.031736261313291214e+00 1.527667461578014363e+00 2.044945172986687876e+00 2.568667806014475641e+00 3.137803954698616948e+00 3.735677755408911782e+00 4.324987044128051572e+00 4.554653786824798267e+00 4.959995884309065239e+00 1.363797553315754252e+00 1.743038951688578253e+00 2.124264329722648448e+00 2.479452322165581979e+00 2.907836763361185906e+00 3.438759081447266386e+00 4.058437965104083389e+00 4.598893463334267295e+00 5.177698083579453048e+00 5.472051778044822790e+00 2.215735075377201380e+00 2.255767625091275264e+00 2.542749962069990044e+00 2.891719974389684644e+00 3.464946890766718912e+00 3.821933978155117373e+00 4.450355114764612985e+00 4.888736068448592320e+00 5.542982389659703024e+00 6.129727852893978479e+00
4.528047067578317986e+00 4.018383151043880552e+00 3.150601994683310370e+00 2.808874708004368337e+00 2.215796570826040757e+00 1.413667117629118897e+00 8.771233389731606378e-01 0.000000000000000000e+00 7.654156801381519770e-01 1.271070464786936416e+00 4.096938422091978005e+00 3.855023760695476032e+00 3.148890537169612536e+00 2.687283929236677249e+00 1.980929677734796890e+00 1.340986700355398575e+00 8.670838893428133298e-01 7.396463998119441330e-01 1.019515129500228046e+00 1.542255531986996608e+00 3.478133245047196898e+00 3.233563553414326552e+00 3.044364246996105638e+00 2.539874974083669468e+00 2.150856781223794645e+00 1.492536910622645596e+00 1.131160866146254218e+00 1.104001686965323970e+00 1.500206954206322330e+00 1.727083455553750202e+00 2.830880497777519711e+00 2.733692190110526887e+00 2.603465394261355481e+00 2.556688089861988367e+00 2.275990248125969284e+00 1.772673416901806798e+00 1.543231662461250986e+00 1.556951604721150018e+00 1.932544018319102275e+00 2.420216073963705306e+00 2.196111470215592831e+00 1.969961750227250397e+00 2.069392006433170117e+00 2.170152986102934722e+00 2.440543320420446971e+00 2.120871113410727649e+00 2.009950293207599437e+00 2.049876932138409824e+00 2.462673311313913871e+00 2.821468464034512014e+00 1.384256684869832776e+00 1.329560964667265921e+00 1.415040936719098141e+00 1.714837260865715640e+00 2.198836191072190083e+00 2.635452947325062745e+00 2.628758551581464875e+00 2.650821606945425124e+00 2.943568273843705452e+00 3.298232615825053671e+00 9.765887910518366022e-01 9.321623485257906072e-01 1.136097397257407549e+00 3.477370582255839615e+00 2.097778117215093108e+00 2.528561340741585894e+00 3.188004127320062775e+00 3.372897093566004756e+00 3.396886573368692375e+00 3.929076942003999928e+00 4.982028875859321748e-01 6.972350366261012011e-01 1.123488559225476191e+00 1.644747253386086072e+00 2.160951156682451746e+00 2.748438556886013018e+00 3.341344332394368788e+00 3.947520233666193867e+00 4.100810744491254489e+00 4.434270849425831607e+00 7.428972523612137335e-01 1.100483159055801297e+00 1.520864675002523425e+00 1.953987114127253122e+00 2.403874477278683308e+00 2.958652613331927750e+00 3.579296546931976408e+00 4.143082611658957859e+00 4.736550069211781455e+00 4.968714971488649823e+00 1.538200665737899486e+00 1.574357183082392142e+00 1.889841833664383408e+00 2.271837200383806987e+00 2.872170109436660734e+00 3.265158478170373080e+00 3.916476541029647152e+00 4.380666079578294791e+00 5.051836302406327306e+00 5.639890019922075837e+00
5.115131373239940160e+00 4.617060684152756167e+00 3.748920877746296565e+00 3.404668005628595839e+00 2.807665184821792614e+00 1.990963756853261879e+00 1.403594932414838459e+00 7.654156801381519770e-01 0.000000000000000000e+00 7.602894526930821240e-01 4.696363629383523808e+00 4.460086956954286030e+00 3.745328057944823374e+00 3.280913497304101867e+00 2.572367769304547913e+00 1.923193740448669642e+00 1.331206307828080471e+00 8.373443468252030897e-01 7.085655892546985912e-01 1.065342680775031026e+00 4.073638094354598671e+00 3.832586386045800264e+00 3.623747357431721383e+00 3.107800137281329089e+00 2.714021222021734125e+00 1.986142702965222773e+00 1.457337016718536216e+00 1.142771072940496069e+00 1.197656427992799033e+00 1.329530352922384084e+00 3.426925071234437237e+00 3.330316532395603435e+00 3.172676313338488541e+00 3.137136394849097343e+00 2.763381035762735749e+00 2.125447618060084753e+00 1.744770513237561715e+00 1.547370366932317332e+00 1.696438280429942269e+00 2.011770961760110943e+00 2.787650226077512450e+00 2.554291168981776217e+00 2.613205879466427017e+00 2.646400429081177119e+00 2.811885545091924676e+00 2.406425360315680440e+00 2.156455382200105131e+00 1.987894433994565002e+00 2.246951837796111739e+00 2.486436411161101923e+00 1.955809514898241064e+00 1.905595143360279575e+00 1.913748123508568710e+00 2.071408927712059533e+00 2.464150072217531573e+00 2.796998997574469126e+00 2.683365423453317966e+00 2.574919427637686997e+00 2.743667814646300052e+00 3.001565310555538435e+00 1.541818042053838544e+00 1.431475852137412463e+00 1.454837171732651147e+00 1.800006594153692463e+00 2.220712544392755117e+00 2.576210285541697065e+00 3.170383421065588792e+00 3.276589116106395583e+00 3.184446818603281937e+00 3.637569811224705685e+00 7.814513506579726654e-01 9.667213389928037692e-01 1.186173128128194421e+00 1.639467287714255761e+00 2.079817079697476867e+00 2.652657224898899990e+00 3.218221941578329304e+00 3.816488860243462344e+00 3.893346509943095057e+00 4.144209810502989200e+00 4.674461607766862703e-01 7.741829886273913219e-01 1.237036369546117953e+00 1.739641606161545395e+00 2.196596231785250097e+00 2.754373431892208401e+00 3.356366027790704365e+00 3.932801069675274874e+00 4.520104515926984590e+00 4.690695021379671203e+00 9.763335679965956526e-01 1.095331003194679687e+00 1.474805145801645789e+00 1.908626985048386571e+00 2.529715482254642378e+00 2.959667529176214895e+00 3.621604252420600023e+00 4.105760567945087480e+00 4.785680778520783107e+00 5.370767429693739992e+00
5.683190742170937781e+00 5.184739763392481215e+00 4.310406299087996551e+00 3.967465265587987844e+00 3.370145246290463970e+00 2.544265560201588894e+00 1.943960689038501499e+00 1.271070464786936416e+00 7.602894526930821240e-01 0.000000000000000000e+00 5.262836070069885075e+00 4.992721654850583946e+00 4.295014453772126650e+00 3.837738798280127206e+00 3.111445574213270504e+00 2.451171293835817000e+00 1.818304911191636064e+00 1.166554570202269714e+00 7.706810053174883990e-01 6.794992841366257474e-01 4.637548104392169357e+00 4.381475109524692435e+00 4.172453536556914422e+00 3.618253635016947634e+00 3.222142833511414395e+00 2.447484165052980387e+00 1.834730033964988349e+00 1.352576817049425006e+00 1.061723451819421182e+00 1.011201319937092835e+00 3.988439313156566079e+00 3.872494486141506709e+00 3.685231764188546588e+00 3.578716631071079846e+00 3.200784346316318363e+00 2.473938728044841717e+00 1.998044863314327069e+00 1.634312738523975961e+00 1.557394437776163265e+00 1.641149647040334392e+00 3.347262944816108643e+00 3.094459691225443621e+00 3.104339977243329329e+00 3.081353087493515552e+00 3.159373496879585463e+00 2.688091717717668416e+00 2.323161290060359541e+00 1.980247799277562004e+00 2.065815547402239272e+00 2.163066711512337204e+00 2.516255182337812979e+00 2.438317058315040420e+00 2.383756418051571568e+00 2.427076066852251746e+00 2.725543511772237526e+00 2.981055141920776030e+00 2.750329662524010566e+00 2.525886518862800578e+00 2.556892965413764873e+00 2.707321913998376850e+00 2.083205091470324621e+00 1.911973890196851045e+00 1.812983788548771624e+00 2.021355339687237684e+00 2.368046233833641878e+00 2.652748597737303538e+00 3.161136889595407506e+00 3.159772639596837518e+00 2.968314103664735804e+00 3.326838476510348475e+00 1.287823718174100796e+00 1.384454159079043123e+00 1.407463041018130800e+00 1.713806594711213327e+00 2.041298602025006570e+00 2.583044991124859191e+00 3.088888504636215337e+00 3.659611641119294045e+00 3.671371228936600950e+00 3.827787841252231704e+00 8.051017952622284701e-01 7.485701028152097480e-01 1.089227785845037655e+00 1.608713607425523717e+00 2.020714944710170435e+00 2.562858083179058610e+00 3.129436068753584266e+00 3.706631820495423391e+00 4.264720401387696036e+00 4.387278640066743840e+00 5.626661453688197589e-01 7.143112611444227822e-01 1.125577705760470337e+00 1.570577832389882245e+00 2.199975078348778812e+00 2.654507298794079873e+00 3.310607707849011039e+00 3.816124775873591002e+00 4.488343599989610411e+00 5.088850503444694695e+00
6.651856527783196471e-01 7.803333479738085998e-01 1.083080426556168874e+00 1.398186704360193211e+00 1.978274068245044370e+00 2.788957660826837603e+00 3.391589387773767061e+00 4.096938422091978005e+00 4.696363629383523808e+00 5.262836070069885075e+00 0.000000000000000000e+00 8.026713127119341484e-01 1.274948731740717323e+00 1.608962732344201063e+00 2.303703621705088800e+00 2.938673731502700726e+00 3.634362543271389523e+00 4.362259957380794972e+00 4.900635533537392341e+00 5.509727880772962827e+00 7.979024581400325777e-01 1.185678195630035070e+00 1.776720530542074128e+00 2.197799044507706689e+00 2.512661985188641367e+00 3.255082521224029524e+00 3.933802399608334888e+00 4.527763197842476828e+00 5.243259899219134823e+00 5.578586327344359219e+00 1.375875193283038200e+00 1.629737700756295204e+00 2.114748361105677876e+00 2.680580612760291803e+00 2.992957069085490751e+00 3.779065093056560798e+00 4.270651868985343214e+00 4.800987892319668049e+00 5.451980030587668224e+00 6.199858825113311767e+00 1.999469338592484879e+00 2.336256321483278775e+00 2.648761524916560806e+00 3.070542147374296871e+00 3.572750977078769097e+00 4.055302939151542496e+00 4.553229221736787125e+00 5.162087198223821005e+00 5.809889424166640559e+00 6.394008394189233613e+00 2.818365109501193899e+00 3.310580472483467762e+00 3.255435768884630932e+00 3.756849302978378713e+00 4.155918199654678347e+00 4.633700493979430846e+00 5.107681547446788706e+00 5.545145513518636271e+00 6.128465709674843609e+00 6.686782184838000020e+00 3.253191495684859991e+00 3.540988579399301450e+00 3.965609922023244138e+00 4.368335064094932108e+00 4.653473905008620903e+00 5.131186651934463328e+00 5.635437574434088326e+00 6.132247514400880561e+00 6.522227661618777539e+00 7.218936512882487833e+00 4.071276805581775626e+00 4.124114698635008125e+00 4.495716890120015741e+00 4.841351092812016255e+00 5.272141630538413892e+00 5.665705631465983494e+00 6.229739815629034894e+00 6.683146456065962582e+00 7.089684680275881945e+00 7.656977731788233932e+00 4.660974900997780779e+00 4.993465919439104894e+00 5.260858011114806665e+00 5.438168555348022792e+00 5.756960491782371570e+00 6.153447529572405372e+00 6.699003564327821181e+00 7.111484705075742596e+00 7.628018794895229604e+00 8.068154758699151330e+00 5.539911463021669924e+00 5.537475446427785997e+00 5.742010019440053625e+00 5.997804738145087633e+00 6.452904486944674112e+00 6.690799284497964017e+00 7.211119498115195370e+00 7.535297298547412481e+00 8.110987204962544439e+00 8.666757652677540946e+00
9.978379907101164736e-01 6.790185686611103222e-01 1.043330205802788013e+00 1.268383916898699448e+00 1.796217801124415869e+00 2.572556851745914308e+00 3.161319163283018874e+00 3.855023760695476032e+00 4.460086956954286030e+00 4.992721654850583946e+00 8.026713127119341484e-01 0.000000000000000000e+00 8.733451692536167155e-01 1.288533919543716211e+00 1.987526249690432012e+00 2.646045976186957027e+00 3.319383553685613553e+00 4.034729180624175626e+00 4.599695475031492897e+00 5.194293825642511742e+00 8.404170053690387387e-01 8.259391705887697555e-01 1.208357924791411131e+00 1.692786234283998770e+00 2.042742247866764060e+00 2.840108546711507476e+00 3.542269429998583075e+00 4.152362996805354811e+00 4.876534890279602408e+00 5.224523270103468953e+00 1.262124742952616341e+00 1.253993944057562926e+00 1.631148896409848392e+00 2.117057452580928700e+00 2.458414325536176559e+00 3.294079951857230348e+00 3.825381821765893253e+00 4.379069577681218739e+00 5.030284674500284936e+00 5.810311876457851632e+00 1.816895095367090596e+00 2.009619676385072662e+00 2.189468905474260207e+00 2.538477315038620841e+00 3.012706772628670038e+00 3.536644741152525473e+00 4.061468552505534291e+00 4.701733050751602860e+00 5.356972586465658104e+00 5.958928677756296644e+00 2.598054104129580821e+00 2.661935796228840356e+00 2.853924139683652772e+00 3.287856039415481657e+00 3.630220635154549402e+00 4.077624835271802972e+00 4.570175173450063077e+00 5.040894031730905667e+00 5.640478748420840738e+00 6.213057834397365475e+00 3.004647937990843509e+00 3.208893518091678665e+00 3.574576168861594461e+00 3.920164107158704336e+00 4.156769576720566128e+00 4.556271430452669691e+00 5.083608828953359193e+00 5.588870433671153215e+00 6.012523547144666303e+00 6.721555914392109976e+00 3.816304076720102856e+00 3.797185942097672573e+00 4.119797366884012213e+00 4.409070666741149225e+00 4.807692730769919542e+00 5.156658175813030098e+00 5.651771618410883491e+00 6.126904048403055469e+00 6.521496493693711649e+00 7.143113991437576082e+00 4.398638061263604904e+00 4.683811492221146011e+00 4.894034737241235611e+00 5.014299574960904948e+00 5.307524800784450214e+00 5.667860538020486061e+00 6.186913696320364586e+00 6.572080670255781243e+00 7.072433088557847469e+00 7.532418443064456959e+00 5.298125870437625728e+00 5.215956352273256158e+00 5.377036416886942227e+00 5.602571695321039158e+00 6.015705190211761533e+00 6.226228977922202645e+00 6.716474868942437837e+00 7.011374437909132062e+00 7.555652280779005636e+00 8.112162845277580914e+00
1.616434168629857115e+00 1.288732706645861592e+00 7.470697004985688006e-01 8.475387023000170439e-01 1.175496981798883400e+00 1.907832674036878728e+00 2.485551664923077109e+00 3.148890537169612536e+00 3.745328057944823374e+00 4.295014453772126650e+00 1.274948731740717323e+00 8.733451692536167155e-01 0.000000000000000000e+00 6.753656157945036043e-01 1.302526464332675937e+00 1.927220195989568507e+00 2.601403188948351097e+00 3.326869938397762461e+00 3.880411311353345383e+00 4.488700018856588869e+00 8.632686574986131456e-01 4.906096032257597495e-01 7.851719356385481463e-01 1.264195607287426748e+00 1.382412155028382772e+00 2.140778081489170592e+00 2.837339314231603016e+00 3.444031899879872238e+00 4.171182885008778207e+00 4.516695109562667731e+00 7.850080250109163771e-01 6.492857790484222180e-01 1.054402085384553933e+00 1.576351428449396685e+00 1.861125343921038677e+00 2.622237816589821691e+00 3.138148507932904785e+00 3.680627774282346110e+00 4.335004283528234303e+00 5.101863404102041422e+00 1.222336955041221751e+00 1.319714443319526698e+00 1.791159383558204699e+00 1.936739943565699562e+00 2.426767889024796787e+00 2.917007576850849215e+00 3.397621319748398871e+00 4.020445970344954212e+00 4.669679068591991999e+00 5.264818022287673926e+00 1.935062194985159634e+00 1.969540839410802935e+00 2.159025877498070844e+00 2.609687930822328639e+00 2.999153104321370833e+00 3.485647277165407232e+00 3.944333957995841189e+00 4.388662258353267731e+00 4.973647783616186757e+00 5.537275144055892717e+00 2.323164348889771524e+00 2.501009487216947047e+00 2.867001184138132874e+00 3.232211905426568332e+00 3.497468989762246849e+00 3.917343896476425780e+00 4.479093396170608976e+00 4.963585001992997903e+00 5.357779039017347422e+00 6.060316992589577012e+00 3.127159181332083371e+00 3.090626127021818270e+00 3.407975297457471076e+00 3.710094976240176035e+00 4.126204273365071451e+00 4.504047027292529926e+00 5.028689069695698954e+00 5.519786399881894567e+00 5.912833644810497447e+00 6.495580190385410901e+00 3.715187826321288522e+00 3.969917232467889523e+00 4.183899178432056054e+00 4.316500101900381914e+00 4.618597630395048448e+00 5.140206542593648287e+00 5.536513325225629778e+00 5.948035191191503479e+00 6.465484592303688771e+00 6.903101711572736221e+00 4.578994389559007949e+00 4.514274451552426903e+00 4.670426947951795249e+00 4.896377173452187037e+00 5.322248839621773087e+00 5.720959453738103662e+00 6.062086426165521402e+00 6.371600403687599723e+00 6.934326514760229543e+00 7.498502049149732507e+00
1.980128724620128011e+00 1.496171957018615606e+00 8.433790790603489240e-01 6.914960844569660869e-01 7.856319593873469787e-01 1.456328559602757311e+00 2.023449776746982121e+00 2.687283929236677249e+00 3.280913497304101867e+00 3.837738798280127206e+00 1.608962732344201063e+00 1.288533919543716211e+00 6.753656157945036043e-01 0.000000000000000000e+00 8.875588121844489864e-01 1.494463637138862877e+00 2.162683168562790303e+00 2.886238932816134195e+00 3.432616250771731714e+00 4.042416905797768578e+00 1.076629604747058266e+00 7.446493822559189235e-01 8.329592657939450806e-01 8.888401932438608766e-01 1.074433520632909644e+00 1.767994493728864525e+00 2.433109942478910881e+00 3.029269956521602136e+00 3.746182492590317992e+00 4.085829134468823121e+00 6.537134411995397798e-01 4.745421810576684329e-01 8.770300960703297788e-01 1.445618850143552514e+00 1.625190028329793535e+00 2.298421583094386822e+00 2.770109690161357552e+00 3.296168696569352186e+00 3.937741523076237815e+00 4.688153621817132688e+00 8.217363222184059790e-01 9.225253339917033335e-01 1.207150794783067083e+00 1.685580788149801723e+00 2.221559165494408905e+00 2.613090569202782376e+00 3.077310190090477793e+00 3.657788417891241206e+00 4.301752771044384360e+00 4.879843519323005196e+00 1.483262641769420798e+00 1.527501546412999511e+00 1.771490228015170532e+00 2.280022056715754530e+00 2.728911147309687202e+00 3.228652576773509697e+00 3.652538305339904756e+00 4.064835900248403355e+00 4.629126317508871047e+00 5.178965129861279770e+00 1.869370708803078207e+00 2.069813610669055226e+00 2.464721814281964019e+00 2.867805188751746837e+00 3.175856206832289974e+00 3.618091239440189621e+00 4.216569335549201547e+00 4.674232479736120993e+00 5.031344491278092690e+00 5.722895740139945175e+00 2.667675505285109328e+00 2.644726790846039233e+00 2.994290105406199665e+00 3.327142254113945707e+00 3.773759543827369001e+00 4.183325537309580788e+00 4.722593762132103024e+00 5.248916220148871936e+00 5.598746046056982451e+00 6.170164572321746199e+00 3.251506647883520618e+00 3.523882592634095090e+00 3.758223006935777377e+00 3.923389005742079494e+00 4.247438775119762866e+00 4.656888868351307664e+00 5.214006529001100176e+00 5.649327303868090233e+00 6.185073507256948488e+00 6.599780646071272905e+00 4.118160597932887690e+00 4.065352175928236278e+00 4.241037348623417635e+00 4.487234085042949516e+00 4.937120872659084725e+00 5.182351782893351633e+00 5.714148958986434934e+00 6.055343725184320292e+00 6.635115557726922297e+00 7.215567151670077450e+00
2.700846688791465944e+00 2.202653474038367865e+00 1.419916181631162511e+00 1.145724473417998990e+00 7.040252379647128356e-01 8.793696599207565523e-01 1.353685358458758481e+00 1.980929677734796890e+00 2.572367769304547913e+00 3.111445574213270504e+00 2.303703621705088800e+00 1.987526249690432012e+00 1.302526464332675937e+00 8.875588121844489864e-01 0.000000000000000000e+00 8.556383249187103912e-01 1.447316001033456478e+00 2.157014108032602628e+00 2.702620604290450590e+00 3.306289987192258195e+00 1.720102495043754676e+00 1.382637045536710740e+00 1.232897302289413410e+00 8.948934051880937934e-01 7.493706734303229311e-01 1.124538934736201590e+00 1.733852366903928077e+00 2.306240166001168213e+00 3.018465042105806795e+00 3.353757508069911353e+00 1.121712221147528554e+00 8.983828650675137473e-01 9.197371156681970472e-01 1.286722221304111180e+00 1.260828469988733991e+00 1.709082262728567114e+00 2.104557966385382173e+00 2.591427753732102435e+00 3.227758081876257457e+00 3.960855893987038634e+00 7.637955713061082008e-01 5.627806260406464922e-01 7.691868492780975508e-01 1.229721611028366413e+00 1.811905991406515648e+00 2.070086754849861599e+00 2.459627242394544222e+00 2.988151002060264183e+00 3.615918908945087828e+00 4.177423711969852071e+00 8.897101119069256159e-01 8.558715578515524447e-01 1.112859006684708829e+00 1.677644143324283910e+00 2.186784532709848516e+00 2.720040546640018153e+00 3.079803463235288863e+00 3.437558191330787327e+00 3.971017077998706846e+00 4.502498530667483401e+00 1.199157325972471710e+00 1.355268144869571367e+00 1.765911647199964074e+00 2.211954587270427375e+00 2.563261294426185000e+00 3.031758409090063111e+00 3.665918197287883817e+00 4.086440931795065623e+00 4.391146960813832933e+00 5.065218067663462165e+00 1.960616295960325939e+00 1.925448270932646810e+00 2.276243903852208206e+00 2.638796138432491833e+00 3.101578791159920634e+00 3.556168420376387918e+00 4.122299551436796605e+00 4.672836314082377207e+00 4.990959877126088351e+00 5.808334896583069451e+00 2.539375235086198668e+00 2.791224830503464815e+00 3.032980577230476538e+00 3.215076280990793567e+00 3.562060586883035285e+00 4.000938625827810569e+00 4.576118604434426196e+00 5.042830627702526769e+00 5.596290741493400667e+00 5.979090224043567048e+00 3.397734273683560957e+00 3.332844111130696785e+00 3.511309824605702179e+00 3.762283574713190415e+00 4.233313456174029987e+00 4.501982132933412650e+00 5.056173338926231331e+00 5.422540735155429559e+00 6.026392363007730069e+00 6.612845123915700007e+00
3.345764592947686022e+00 2.841679442390629529e+00 2.019389024110670228e+00 1.695163841260562076e+00 1.139629965599665784e+00 6.536667163117115820e-01 8.160190105064342170e-01 1.340986700355398575e+00 1.923193740448669642e+00 2.451171293835817000e+00 2.938673731502700726e+00 2.646045976186957027e+00 1.927220195989568507e+00 1.494463637138862877e+00 8.556383249187103912e-01 0.000000000000000000e+00 8.453215106236261489e-01 1.519016310187704777e+00 2.049985900697817609e+00 2.645616880583596231e+00 2.328165049735484882e+00 2.020987763804893422e+00 1.823050041029878443e+00 1.339961506437852723e+00 1.032403469720918787e+00 7.886669627380556991e-01 1.188464212274785048e+00 1.698141352342246613e+00 2.381812213670141176e+00 2.706812813849763355e+00 1.701220266690822047e+00 1.529884672829395775e+00 1.401570475669179139e+00 1.536700600572425524e+00 1.342838171648530698e+00 1.377448285197550248e+00 1.617988503274651713e+00 2.033039889292258096e+00 2.637650396235491357e+00 3.336396810884355357e+00 1.150332213742779608e+00 8.004506164856491912e-01 9.786477426448810801e-01 1.262173156560412401e+00 1.746368714883459461e+00 1.783449921978671915e+00 2.038235627237644287e+00 2.465556053413799020e+00 3.061830386871674747e+00 3.588671167036414200e+00 6.592328881435112198e-01 4.672347326372230381e-01 7.372847862607293523e-01 1.331090204430728452e+00 1.903512008647954667e+00 2.432905983390141635e+00 2.692647423753997682e+00 2.970311104146564851e+00 3.456604832012676987e+00 3.952723835982816958e+00 6.844134748515326994e-01 7.822326526344494102e-01 1.215818638189909651e+00 1.726889924242299701e+00 2.149158112671695431e+00 2.631625549345933290e+00 3.295011725013487158e+00 3.655662632524130373e+00 3.893567315135890716e+00 4.539788681344969490e+00 1.324959664589090202e+00 1.288377473363565340e+00 1.676692544292144538e+00 2.089193163385001384e+00 2.584926975064855803e+00 3.086918551106506481e+00 3.675386687546652542e+00 4.257004996649378370e+00 4.530712739547221979e+00 5.020707863644821245e+00 1.886975464710307859e+00 2.137516475367717383e+00 2.399301591879231310e+00 2.631978475356551161e+00 3.006440928945848245e+00 3.486538718657540947e+00 4.081844537959718799e+00 4.578832701975061426e+00 5.152425615159659245e+00 5.497954410016989257e+00 2.733953362499815576e+00 2.672083403469408314e+00 2.867606308213518584e+00 3.143305322554887482e+00 3.644482065156735562e+00 3.948491078567307522e+00 4.530990203086650681e+00 4.925317910859788206e+00 5.559259381436263858e+00 6.147703327589482569e+00
