0.000000000000000000e+00 1.032963366819016127e+00 8.876415479239985196e-01 1.026044236908925766e+00 6.947921512954219336e-01 6.341981619652955482e-01 5.276642556436341724e-01 4.830817922975974565e-01 4.157834155919584163e-01 4.001131458168282751e-01 3.488724329127283474e-01 6.880593429681279849e-01 9.056084004351593331e-01 7.819263921836446807e-01 2.849299664641882779e-01 7.680408058399105231e-01 4.498292064444792682e-01 2.513801183412315843e-01 6.298358189980122201e-01 2.232276741844754220e-01 4.964934723625329394e-01 2.076195491344056121e-01 2.077470289448984375e-01 6.704620738340377750e-01 3.774958436982361887e-01 4.872518833599350785e-01 7.423728709555502681e-01 4.463540300861885690e-01 7.985120876791947930e-01 6.225689438070564075e-01 6.207000995899680795e-01 1.650284409912652628e-01 2.565133850756518008e-01 9.128433299339452356e-01 8.919355299983899865e-01 3.214585319025114463e-01 7.367787686198614683e-01 1.468109247209617163e-01 8.849351862152036174e-01 2.824751884418753023e-01 1.539576252525419742e-01 5.922795215129234014e-01 4.089142710385197943e-01 4.828953609638833577e-01 6.835584477168513695e-01 4.988686943273157315e-01 1.306231281492408192e-01 3.618677986474473918e-01 3.453891554837544287e-01 5.835455311431627656e-01 4.015808072763379921e-01 7.418817101236414580e-01 6.883181981850517994e-01 5.252342324773447979e-01 6.196735573899556648e-01 3.282483984481870398e-01 3.127924098211704029e-01 2.666366266110203886e-01 2.886846629602996539e-01 3.864993834885872004e-01 7.932043834394497672e-01 6.279524656492879719e-01 2.431139558333539341e-01 5.285988994188834944e-01 1.072607007231155540e-01 3.376136154332577965e-01 6.833326242961367258e-01 5.036458100684895189e-01 2.130546204872899307e-01 5.774464162318792004e-01 2.523043831024988637e-01 3.110932188260209230e-01 3.303402209059898564e-01 1.167339311670385626e-01 8.662438370418251710e-01
1.032963366819016127e+00 0.000000000000000000e+00 8.880654220041495073e-01 8.384487393174812064e-01 1.218399494177195841e+00 1.247190524489532493e+00 5.400921191807532828e-01 7.964160870082848120e-01 1.448661616836673716e+00 8.952916462035654943e-01 9.113053462313981390e-01 5.174297215061627320e-01 8.365025482730328310e-01 5.768588670492665882e-01 7.583311464509974176e-01 2.743922640840403826e-01 7.057023273484952508e-01 1.273626131048501753e+00 7.558283706207924446e-01 9.335734028711606403e-01 6.014000051268455493e-01 8.593464105080447224e-01 1.000535973604836704e+00 6.162444591256894810e-01 7.219306611107617622e-01 1.019671621679362428e+00 7.062995546623743737e-01 1.080781247930793887e+00 7.821001349531229163e-01 4.198471475143222276e-01 5.357178928833817855e-01 9.730575051742084147e-01 1.289391586320367544e+00 8.364118329314425004e-01 7.080764886975311478e-01 8.473707816156992312e-01 4.468396724008568133e-01 9.037615716089952844e-01 1.500631986831643672e-01 8.528439220711689916e-01 1.010690363409054715e+00 7.806708032839703160e-01 6.266100054342180758e-01 6.542965141030593346e-01 6.178638903073718769e-01 6.758909262117416272e-01 1.159931581741238782e+00 7.059692597814901660e-01 7.885063506022960134e-01 1.102495479353214458e+00 7.151740307635574556e-01 8.133894855729086881e-01 6.407297484550358302e-01 6.878725282259147145e-01 5.368267385477711873e-01 9.776024894962916933e-01 8.148013496937900335e-01 9.190932441050074786e-01 8.659596344089911524e-01 9.378171581716008287e-01 7.259777345619558009e-01 4.410203767320751700e-01 7.963873448284377599e-01 1.136709443014000565e+00 9.322405999386760289e-01 1.367207772278270506e+00 5.415645139200505609e-01 5.293175567505266077e-01 8.772261498851919859e-01 7.056873430387308188e-01 9.264213676202489589e-01 9.492590771166635744e-01 8.325434981514285848e-01 9.837322569236914838e-01 8.670005065708317193e-01
8.876415479239985196e-01 8.880654220041495073e-01 0.000000000000000000e+00 9.101417011779292521e-01 1.265490504272009931e+00 1.345424637663952039e+00 7.113788152237852103e-01 4.349679485005157886e-01 1.291503444122747091e+00 8.849255191044019808e-01 9.926689085992517203e-01 3.791020613226767644e-01 2.929708328721392085e-01 6.216289196482879253e-01 6.523248743384713055e-01 6.466043901062937804e-01 6.620771197502478556e-01 1.112846168276182102e+00 2.772312226791625589e-01 7.378487824893982250e-01 4.945890050130564153e-01 8.549614770840358036e-01 9.651115299872569109e-01 4.544800453495995152e-01 8.575089862554657882e-01 1.076333944857164049e+00 1.967149096642669126e-01 1.183823812887079052e+00 1.752521113070383552e-01 5.450863502612121048e-01 6.284184605791215406e-01 1.020427594706933228e+00 1.132840339828018239e+00 1.597499570878390673e-01 7.688313790710854523e-01 5.879048993517217436e-01 4.900770740014697702e-01 7.582508036735047252e-01 7.490558609899389264e-01 9.738935197699778445e-01 8.762963598544201149e-01 3.074611157022137387e-01 6.683759795878922993e-01 7.628937741926257177e-01 3.248931054479938796e-01 5.351466847314966246e-01 1.007215744560533199e+00 7.798834429049597006e-01 7.717022090517998700e-01 1.144247804223893050e+00 5.029661906988387443e-01 1.516994185722965183e-01 3.031992772490768040e-01 3.957257739723333279e-01 4.542195005363270366e-01 1.089664203488609928e+00 8.785998216107780978e-01 8.505222797583282812e-01 9.888282643632333446e-01 9.940541014756302252e-01 2.462078904207254115e-01 5.966377318318013545e-01 7.506937605219370369e-01 1.234416600628618355e+00 8.538692222182745484e-01 1.205430438248495051e+00 5.383348642899837833e-01 6.018286202668113871e-01 6.747399447554879304e-01 4.379621574238325987e-01 9.851091239594884641e-01 9.143646315995554996e-01 6.606837403092599148e-01 7.964860696830142750e-01 1.582820738621786294e-01
1.026044236908925766e+00 8.384487393174812064e-01 9.101417011779292521e-01 0.000000000000000000e+00 1.143963624335618379e+00 1.205909949084045918e+00 5.320788594884073852e-01 6.537622171645531832e-01 1.414945253631638478e+00 8.027629193321665912e-01 8.815358285274949024e-01 5.930110468416197600e-01 8.714557719545487080e-01 2.957869146443848907e-01 7.951388801798973116e-01 5.649964845379460421e-01 5.762150304644464427e-01 1.236539924447993100e+00 8.261719400319201823e-01 8.069420713504402709e-01 6.606066469410352138e-01 8.624018328487119689e-01 9.311597861421718747e-01 5.110435406550924986e-01 6.618924441341880183e-01 9.499362816238350327e-01 7.175562694848419687e-01 1.036814669592114546e+00 8.313756343469105303e-01 5.430618537525733203e-01 4.053441373189578534e-01 9.115941157001284934e-01 1.256282149336909404e+00 8.626165540227542783e-01 1.553833124329835336e-01 7.328562949841301855e-01 4.458840541029508442e-01 9.347810227020922902e-01 7.046826209676188002e-01 7.850484557457835244e-01 9.041291174044667756e-01 7.446889468146110636e-01 6.538737446814952836e-01 5.616562686622919021e-01 5.883144353414678784e-01 5.395890092868778076e-01 1.141780245952217943e+00 7.005552766751370619e-01 6.898889515578432441e-01 1.026937077634192397e+00 7.590005247086629714e-01 8.382601049505028490e-01 7.032826280177087996e-01 7.785943764901093189e-01 6.417624142107060115e-01 9.281841476184293782e-01 7.961092657772601555e-01 8.204758450605547093e-01 8.165412925311286152e-01 8.700216918462151394e-01 7.645540492187424819e-01 4.332679753349046314e-01 8.181064851508388358e-01 1.095736843286556184e+00 9.539597402610772159e-01 1.328872247757386438e+00 3.995398915664173933e-01 5.625117355989907031e-01 8.351478538216040581e-01 5.834126837076468730e-01 9.018169541359410957e-01 8.516571022533225843e-01 7.018318377463536040e-01 9.135374243178322473e-01 9.162760059646190003e-01
6.947921512954219336e-01 1.218399494177195841e+00 1.265490504272009931e+00 1.143963624335618379e+00 0.000000000000000000e+00 9.098407996442140488e-01 7.063584887780431920e-01 8.305225557714939200e-01 1.081583175072597269e+00 3.866984736769796815e-01 6.168297529683385294e-01 1.013244382234836483e+00 1.302266240944733644e+00 9.118013560075872714e-01 7.710428508966539196e-01 9.466387232257374995e-01 6.389211165806303327e-01 9.085721362895622377e-01 1.041171995531917194e+00 6.229874398138594005e-01 9.175792535381633863e-01 6.917964327790508960e-01 5.140979801317314690e-01 9.239253581309704311e-01 5.100090963547706524e-01 2.127735984130584568e-01 1.097488838405121125e+00 7.362515151026690630e-01 1.215207923893302011e+00 8.752517258682173118e-01 7.588911223898470171e-01 5.756514391686580190e-01 9.207088953729043457e-01 1.271559205987843333e+00 1.012855652723921862e+00 6.902108891696197013e-01 8.617496631677051822e-01 7.745422923361529044e-01 1.076886287905837847e+00 4.211388836700001859e-01 6.049965724731575234e-01 9.658328085016201214e-01 7.580669383661865490e-01 5.823073556733261436e-01 1.020730887021100264e+00 7.715880011038384056e-01 8.090057111824511260e-01 6.356112554439820039e-01 5.077050620670473524e-01 1.287020909614071951e-01 8.384236196660372897e-01 1.134173717137288984e+00 1.107562811083309784e+00 9.408593112520259316e-01 9.782918870898406061e-01 6.221329846002976449e-01 5.924544946064144169e-01 5.079830480255799197e-01 5.086772001890957906e-01 3.217576877106900213e-01 1.195154920399968290e+00 7.773791174451207819e-01 6.965615507592652911e-01 7.997432142336683425e-01 7.624704091076469625e-01 9.976666178597645152e-01 8.584694551085304548e-01 8.142694781459949294e-01 6.973316462850718267e-01 8.697586536637288424e-01 6.102384691414021178e-01 4.290205096716744881e-01 6.066468667461761832e-01 6.971684593804103880e-01 1.277580013575730034e+00
6.341981619652955482e-01 1.247190524489532493e+00 1.345424637663952039e+00 1.205909949084045918e+00 9.098407996442140488e-01 0.000000000000000000e+00 7.070984053087798760e-01 9.789060383543799482e-01 1.031747364537854317e+00 6.374210489447199590e-01 3.592945182319367547e-01 1.045142783332644321e+00 1.311699145160921898e+00 9.707779655242613215e-01 7.089069284428528572e-01 9.761347104968762789e-01 7.743938993939165627e-01 8.607247393946214631e-01 1.071454260989379126e+00 7.878674259924726142e-01 8.593300896808788725e-01 5.613084502239976681e-01 6.052140921782215299e-01 1.014613711995478340e+00 5.454265207310726726e-01 7.050261830359157988e-01 1.201622685329734930e+00 1.930623008002029239e-01 1.212535803435550896e+00 8.801199558184327199e-01 8.429198434029576692e-01 4.691697209740302021e-01 8.709003138135452682e-01 1.318347615241344473e+00 1.074801977472349845e+00 8.410100973454055495e-01 9.093204818387226052e-01 7.274423806033307738e-01 1.104217789957239626e+00 5.072201552439895567e-01 7.084022270481901140e-01 1.076871967200751623e+00 6.998177745089021462e-01 6.663360766864370177e-01 1.104515999952533134e+00 8.989091009315584024e-01 7.524744819524983308e-01 5.804487514577654217e-01 6.493854932475909836e-01 7.964978326520689711e-01 8.507839732207365113e-01 1.197630010178377447e+00 1.092930225358244467e+00 9.507982745170717731e-01 9.504015449154594730e-01 3.094044441076970742e-01 4.761021788834511326e-01 7.042193902008789808e-01 4.011635994551181472e-01 6.078451622471252591e-01 1.200784957669012165e+00 8.081865921908264472e-01 6.254279718591332360e-01 1.114082064129483934e-01 6.201141691352309859e-01 9.498192209648238515e-01 9.416630979299338566e-01 7.843836192693904863e-01 7.985367803876229909e-01 9.890311821676679438e-01 4.186859226469030748e-01 6.109674686470156768e-01 7.574460749219622535e-01 7.446072895732603891e-01 1.289770263556162311e+00
5.276642556436341724e-01 5.400921191807532828e-01 7.113788152237852103e-01 5.320788594884073852e-01 7.063584887780431920e-01 7.070984053087798760e-01 0.000000000000000000e+00 4.338554299793703217e-01 9.434476712355926997e-01 3.843362263032337744e-01 3.712132270506447451e-01 3.426507203462281770e-01 6.546888574742271150e-01 2.921448656667717803e-01 2.784392890818557786e-01 2.690856452706524848e-01 2.698873237785111567e-01 7.751050733271118709e-01 4.696345809737921262e-01 4.580450546023902003e-01 2.277115761629901758e-01 3.312091110533657012e-01 4.792191977856079532e-01 3.602635119442897937e-01 1.987699836152543587e-01 5.076306162802097788e-01 5.293903519345616315e-01 5.422294878468154611e-01 5.767849853886395373e-01 1.776278928320168538e-01 1.825813740284175368e-01 4.429798263996144736e-01 7.841776407192861953e-01 6.601427900680002514e-01 4.014404822009079998e-01 3.748270731143176770e-01 2.235673863625573798e-01 4.064946605747027930e-01 3.971193846484600276e-01 3.353526978626197308e-01 5.253511966466793970e-01 4.913923249462645582e-01 1.352979330506089151e-01 1.695616749569316961e-01 4.187629044763677144e-01 3.141517487139185993e-01 6.582873837928749916e-01 1.684764171867295102e-01 3.072062914683577617e-01 5.904544739540620313e-01 2.964351062526578984e-01 5.792601852486090053e-01 4.412816462020258679e-01 3.490222383339350309e-01 2.719333983117974141e-01 4.400159237482347829e-01 2.747092305130369172e-01 4.328562006342031587e-01 3.312584064862923450e-01 4.203259339630514013e-01 5.441640437631499738e-01 1.155116998913656712e-01 2.879994382030879319e-01 5.966173238332472817e-01 4.238526933133263119e-01 8.652778710768922465e-01 2.687801185806531490e-01 1.179427853527680869e-01 4.027715698218520823e-01 3.822490463585704323e-01 3.863292484394958981e-01 4.317678529081143135e-01 3.731191064831712589e-01 5.015751254555488314e-01 6.540194455092506187e-01
4.830817922975974565e-01 7.964160870082848120e-01 4.349679485005157886e-01 6.537622171645531832e-01 8.305225557714939200e-01 9.789060383543799482e-01 4.338554299793703217e-01 0.000000000000000000e+00 8.858997180438583641e-01 4.499575706038863032e-01 6.245559508841993512e-01 3.322655196576494441e-01 4.725925237236988097e-01 3.920714698990343527e-01 2.789411472171003381e-01 5.229638322287500918e-01 2.655698380221868105e-01 7.074943888602133191e-01 2.383058173730951690e-01 3.089233515991399726e-01 2.293695865709671211e-01 4.716612681116735262e-01 5.301435814867413443e-01 1.991095783897317839e-01 4.786181925361039369e-01 6.413659963566480382e-01 2.669662826336267614e-01 8.115995040089535317e-01 4.197009778077086528e-01 4.101408863296404639e-01 2.606981941249034707e-01 6.315480776248444394e-01 7.272366137491297344e-01 4.410366502163491353e-01 5.180675672996825076e-01 1.668853251755673950e-01 3.670942491459318058e-01 3.602178303691662142e-01 6.626499686584228499e-01 5.389255712694621669e-01 4.473709289641620290e-01 1.353102527301260627e-01 3.380795155544261688e-01 3.778011851971715407e-01 2.036395942725493513e-01 1.313354822625757423e-01 6.026559889341319698e-01 4.265401509155240523e-01 3.367342605512841924e-01 7.092798557233774837e-01 1.374203237267124789e-01 3.095878296238878669e-01 3.160321183097112296e-01 1.493286184784275716e-01 2.990179650610506057e-01 7.000753047449758126e-01 5.104868638957257287e-01 4.155543312578126591e-01 5.840394073407575437e-01 5.590861529751145476e-01 3.682905236280087924e-01 3.751256590594506113e-01 3.755471094079808059e-01 8.678980013190458198e-01 4.558362489139359264e-01 7.998267121696069903e-01 2.815193505307431177e-01 3.287785636961900737e-01 2.700271718103075536e-01 1.060939207875733203e-01 6.146928902348616219e-01 4.793966830990398775e-01 2.257157918087439874e-01 3.761690833170372450e-01 4.623802312524771807e-01
4.157834155919584163e-01 1.448661616836673716e+00 1.291503444122747091e+00 1.414945253631638478e+00 1.081583175072597269e+00 1.031747364537854317e+00 9.434476712355926997e-01 8.858997180438583641e-01 0.000000000000000000e+00 7.789395860144610051e-01 7.468609321133625745e-01 1.098336894422734078e+00 1.315379900503447219e+00 1.170827408906357503e+00 6.969417540318590953e-01 1.183739055857568445e+00 8.387302231671922570e-01 2.530374058717193564e-01 1.036584145356806763e+00 6.121286909071882443e-01 9.085052599302039233e-01 6.234029647263639173e-01 5.870891684571722946e-01 1.067390202436555802e+00 7.672641317267222538e-01 8.739954217676847437e-01 1.146129715932527882e+00 8.439032326587471156e-01 1.208283587747482679e+00 1.037226169383188346e+00 1.009601116312680791e+00 5.630169401918994065e-01 1.655631406606924427e-01 1.316705226132693474e+00 1.280836546721102698e+00 7.190143928682908303e-01 1.135138061123371456e+00 5.570884761755680037e-01 1.300633436232861095e+00 6.710231823137037255e-01 5.327840654501748707e-01 9.961414177116718616e-01 8.246125210561778829e-01 8.726636489923695894e-01 1.086184910123472624e+00 8.935125315655183531e-01 3.246745515948937233e-01 7.776512142394058635e-01 7.342901722064669734e-01 9.703365549203381013e-01 8.113523073446259337e-01 1.147767530581250028e+00 1.098089698253339241e+00 9.350057325456327950e-01 1.029951108844562091e+00 7.257976010207455309e-01 7.285758254131288192e-01 6.489239300127759291e-01 6.841187082963008370e-01 7.722074895548114437e-01 1.202975883507737542e+00 1.043735881241246277e+00 6.588973714253123504e-01 9.261481019914419299e-01 5.230441163150739703e-01 1.102116603298090025e-01 1.072233641018849326e+00 9.193440600861477741e-01 6.167634993672592714e-01 9.750022771976588620e-01 6.633508774384986317e-01 6.895436232531434451e-01 7.192412376287026232e-01 5.097306347268211191e-01 1.272992163400620047e+00
4.001131458168282751e-01 8.952916462035654943e-01 8.849255191044019808e-01 8.027629193321665912e-01 3.866984736769796815e-01 6.374210489447199590e-01 3.843362263032337744e-01 4.499575706038863032e-01 7.789395860144610051e-01 0.000000000000000000e+00 3.444100022688444396e-01 6.770830049905477432e-01 9.217012557771259162e-01 5.706006510041354840e-01 4.201792175844394350e-01 6.235308752521070419e-01 2.685800106111402852e-01 6.005342568308160711e-01 6.606070103643093550e-01 2.372912390187490450e-01 5.826795241269862036e-01 4.037575834990621004e-01 2.054559302015706301e-01 5.505928665573961434e-01 2.014098638464917879e-01 1.967536812479121489e-01 7.169238532375128425e-01 4.638317644031746401e-01 8.346429387256945054e-01 5.521438778945870762e-01 4.083181028256228084e-01 2.937779850218037447e-01 6.202764817197323755e-01 8.909942208202354941e-01 6.716549477204704077e-01 3.096459040020120845e-01 5.289635599021604850e-01 3.888460915410424934e-01 7.537784399322073892e-01 1.487191329705060960e-01 2.594490805040940429e-01 5.852678233340122826e-01 4.533895416172007975e-01 2.454168670107503558e-01 6.401659018534925361e-01 3.922477512078180739e-01 5.146722971983366257e-01 3.308164754229853122e-01 1.289539153228953239e-01 2.653502376735681345e-01 4.578586344984296175e-01 7.536087319696811448e-01 7.269978259157017231e-01 5.602943260844180928e-01 6.562696246150313550e-01 3.497132339008036106e-01 3.173628732793529195e-01 1.390860043956590186e-01 2.362574494896017285e-01 1.172255665334650948e-01 8.161608108245554938e-01 4.542712694714903243e-01 4.085227014792764955e-01 5.273234635341743637e-01 4.775061237461316055e-01 6.928665801402098534e-01 4.917649289705088855e-01 4.957369004982479233e-01 3.131411631045817878e-01 4.901585098204554458e-01 3.322893276551556752e-01 1.028886361504109392e-01 2.260818815785686497e-01 3.184530880616861515e-01 8.970150284081221947e-01
3.488724329127283474e-01 9.113053462313981390e-01 9.926689085992517203e-01 8.815358285274949024e-01 6.168297529683385294e-01 3.592945182319367547e-01 3.712132270506447451e-01 6.245559508841993512e-01 7.468609321133625745e-01 3.444100022688444396e-01 0.000000000000000000e+00 6.959303554905483802e-01 9.620361769520291428e-01 6.445643323371964550e-01 3.545568409726720938e-01 6.402988723212973410e-01 4.655187548250270813e-01 5.758383069701299428e-01 7.186985319246789183e-01 4.789922814235831328e-01 5.096671214719857845e-01 2.089471758280378455e-01 3.301253642252687248e-01 7.056235732850287823e-01 2.254854436497885639e-01 4.120151363600403349e-01 8.519597171208421749e-01 2.022125482704058563e-01 8.628728352266582524e-01 5.347473669066320490e-01 5.265184157579197999e-01 1.838439919214630569e-01 5.860138813890536369e-01 9.686846470324517178e-01 7.504278569157988299e-01 5.114111938070664554e-01 5.766738008340307475e-01 3.750811062073710622e-01 7.683326116991048282e-01 2.254178779305056057e-01 4.300220759231199730e-01 7.225218797305709151e-01 3.501548063000091693e-01 3.573459379759875154e-01 7.718693189478412764e-01 5.899189622211089556e-01 4.675880495280069771e-01 2.307857832488722227e-01 3.405103486787013356e-01 5.034867859761935627e-01 4.964338857505556923e-01 8.448742811136771280e-01 7.432672571493516012e-01 5.993636650828979562e-01 6.009860249267657828e-01 1.212545546247752459e-01 1.168076606515144056e-01 4.112083435250035168e-01 1.134578578481475475e-01 3.148341155712497397e-01 8.511219894601189662e-01 4.754968605291847172e-01 2.661334536271965923e-01 2.478863118189884029e-01 2.967767483855525135e-01 6.649327885403321092e-01 6.172889773733830632e-01 4.349680992806966850e-01 4.441866929174418388e-01 6.800410434572187190e-01 1.124365928336416021e-01 3.262760345163127629e-01 4.485709303530726610e-01 4.490321133354255867e-01 9.401072953472695559e-01
6.880593429681279849e-01 5.174297215061627320e-01 3.791020613226767644e-01 5.930110468416197600e-01 1.013244382234836483e+00 1.045142783332644321e+00 3.426507203462281770e-01 3.322655196576494441e-01 1.098336894422734078e+00 6.770830049905477432e-01 6.959303554905483802e-01 0.000000000000000000e+00 3.190728267668702656e-01 3.073992550436571158e-01 4.082746210274212362e-01 2.759686896083067831e-01 4.586525873062598513e-01 9.224018764244186208e-01 2.436144135655762821e-01 5.701245831229112548e-01 2.076499885819260982e-01 6.005916763985886808e-01 7.956482275658288694e-01 1.996908811852596555e-01 5.220551816359304542e-01 8.145165097370027363e-01 2.022571815136703643e-01 8.816655231703445228e-01 2.646704134469601288e-01 1.729539182199072433e-01 2.955735186462257746e-01 7.516835651935710461e-01 9.390668639064279066e-01 3.189821114252798795e-01 4.553090310684533293e-01 4.330311248251061396e-01 1.523576242416923299e-01 5.412484182471662963e-01 3.784201604919522066e-01 6.479561760321613795e-01 7.040492543088183730e-01 2.878708322496691951e-01 3.603244222725685564e-01 4.359763543206734981e-01 1.372556164105702692e-01 3.567667157103792674e-01 8.096068593272987002e-01 4.681453812140128901e-01 5.642090372162247291e-01 8.973403674108550998e-01 2.886209333317039660e-01 2.977396452840179730e-01 1.250799081661452816e-01 1.881456774105367269e-01 1.192864932966746783e-01 7.794519590717635671e-01 5.878777574947777751e-01 6.947959307189358613e-01 6.706944418098212957e-01 7.329294121325932165e-01 2.085480130557930412e-01 2.571444107546061453e-01 4.976829684121685804e-01 9.341347462973099702e-01 6.180264408077255078e-01 1.015983517654187374e+00 2.295315430972581505e-01 2.661019239677699932e-01 4.868838079953665687e-01 2.714593055409668110e-01 7.001632819510950068e-01 7.259771879117039584e-01 5.330973965298654305e-01 6.105739210451310850e-01 3.495707850646691539e-01
9.056084004351593331e-01 8.365025482730328310e-01 2.929708328721392085e-01 8.714557719545487080e-01 1.302266240944733644e+00 1.311699145160921898e+00 6.546888574742271150e-01 4.725925237236988097e-01 1.315379900503447219e+00 9.217012557771259162e-01 9.620361769520291428e-01 3.190728267668702656e-01 0.000000000000000000e+00 5.829429904249074923e-01 6.357938884175274863e-01 5.950415163751771042e-01 6.745755689568503355e-01 1.137808536251536218e+00 3.256876852867096606e-01 7.739295442285848425e-01 4.527463721265700958e-01 8.384304911630916513e-01 1.001887266659980735e+00 4.368311065451785380e-01 8.151121790314753701e-01 1.106859565786106669e+00 2.144883784667154791e-01 1.150098320384049133e+00 1.821524953532281943e-01 4.909363384154279975e-01 5.879165746953298743e-01 1.005109871703672830e+00 1.156109869987141048e+00 1.599230824308522925e-01 7.301454498477051303e-01 6.320933474796468499e-01 4.471088450975732043e-01 7.616505495977820006e-01 6.974929872588222501e-01 9.402992320812654237e-01 9.100113533717565373e-01 3.575295920832795571e-01 6.174510482521688992e-01 7.283194103697770982e-01 3.131828264575962084e-01 5.476451339380993266e-01 1.026649865408012063e+00 7.461579504019297815e-01 8.084779457245238055e-01 1.181023540896616986e+00 5.040275931588215075e-01 2.852440725981636449e-01 2.301346013120099954e-01 3.814449253972409526e-01 3.874510805585076878e-01 1.055938710985579787e+00 8.536748566647819336e-01 8.872980164310522166e-01 9.551027718602034255e-01 1.025272468181697150e+00 1.124040169957096491e-01 5.542409246078112695e-01 7.341627746009929956e-01 1.200691108125588213e+00 8.475621042602651256e-01 1.231390177481304304e+00 5.033774377828257318e-01 5.447917699190757412e-01 7.013599871962669097e-01 4.445908574669861224e-01 9.659603811210992763e-01 9.511403682722794350e-01 6.974594769819838502e-01 8.250501002460314259e-01 2.659895238275170604e-01
7.819263921836446807e-01 5.768588670492665882e-01 6.216289196482879253e-01 2.957869146443848907e-01 9.118013560075872714e-01 9.707779655242613215e-01 2.921448656667717803e-01 3.920714698990343527e-01 1.170827408906357503e+00 5.706006510041354840e-01 6.445643323371964550e-01 3.073992550436571158e-01 5.829429904249074923e-01 0.000000000000000000e+00 5.511806191000222510e-01 3.066970091545064281e-01 3.431784232725338391e-01 9.924220797227124580e-01 5.376591585022786335e-01 5.628242266251591852e-01 4.166483858611602087e-01 6.233539767201374815e-01 6.976085237196668620e-01 2.200057794997051230e-01 4.267604605744034774e-01 7.148042980640506583e-01 4.290434879552003089e-01 8.016826860323300608e-01 5.428628528172686485e-01 2.898665598709144198e-01 1.788858726023303813e-01 6.764621321403442300e-01 1.012164304611628651e+00 5.741037724931128405e-01 1.511233652329223021e-01 4.805756135794421735e-01 1.734508478081346061e-01 6.840685041957779156e-01 4.453921508170994303e-01 5.499164721859991500e-01 6.621086928804716942e-01 4.565779028926093552e-01 4.099154836016201675e-01 3.294940003342607948e-01 2.998016538118263852e-01 2.873083278821897957e-01 8.976624012269373010e-01 4.606212828535012904e-01 4.577266832298120258e-01 7.947748093061615116e-01 5.056363879266356776e-01 5.497473234208617443e-01 4.147698464880671954e-01 4.901163342772158482e-01 3.642154856967143584e-01 6.930521640586451149e-01 5.580940211053935229e-01 5.883135767325236021e-01 5.814093089713441298e-01 6.348897082864307650e-01 4.760412676891008221e-01 1.893097142550297929e-01 5.741482240709638862e-01 8.606048597267714761e-01 7.100014791812022663e-01 1.084754403032105907e+00 1.142181688772345438e-01 3.185534745191158090e-01 5.828671724169159907e-01 2.999398330048020367e-01 6.638017094640747962e-01 6.194948339252915881e-01 4.538465412916020125e-01 6.694195795925510506e-01 6.277632244349777846e-01
2.849299664641882779e-01 7.583311464509974176e-01 6.523248743384713055e-01 7.951388801798973116e-01 7.710428508966539196e-01 7.089069284428528572e-01 2.784392890818557786e-01 2.789411472171003381e-01 6.969417540318590953e-01 4.201792175844394350e-01 3.545568409726720938e-01 4.082746210274212362e-01 6.357938884175274863e-01 5.511806191000222510e-01 0.000000000000000000e+00 4.997959882015245436e-01 3.374674389750854098e-01 5.219062682436866885e-01 3.783544976638985591e-01 2.200435459253507753e-01 2.115635058983447170e-01 2.125351401976594001e-01 4.689270064807424809e-01 4.745887026987086199e-01 2.767736803694548775e-01 5.662282342883558917e-01 5.270004255060989351e-01 5.473061036659798706e-01 5.333979210515989999e-01 3.447392572518410137e-01 4.610206631102733432e-01 3.724219497108303134e-01 5.376717235155525909e-01 6.465619712596787361e-01 6.647666295599471420e-01 1.598695761358901457e-01 4.706972078155662875e-01 1.463831628067814583e-01 6.114546345782642112e-01 3.884187286869590361e-01 3.432179678293496017e-01 3.769070760634720685e-01 1.460913037653682744e-01 3.482294148869479744e-01 4.745967744566094160e-01 3.502357822834049061e-01 4.082117189364236065e-01 1.565410410039969891e-01 3.146393832262699419e-01 6.576998839045091749e-01 1.560898514897753886e-01 5.045302468528969353e-01 4.155351391110501669e-01 2.611155883551727896e-01 3.398707745740081609e-01 4.531464942675107466e-01 2.404877539841985823e-01 3.643031971443941308e-01 3.561249274876897020e-01 4.733919647873907066e-01 5.233898714218179204e-01 3.618709048449925136e-01 1.125816928953575491e-01 5.978988914075187289e-01 2.122905810103272173e-01 6.154879094734557743e-01 5.253090236190973705e-01 2.326271445809065253e-01 1.277975029463345180e-01 3.815730450965502119e-01 3.469970563329090596e-01 4.478937321625031664e-01 2.284445999755789769e-01 2.331285181667809570e-01 6.085353035441470881e-01
7.680408058399105231e-01 2.743922640840403826e-01 6.466043901062937804e-01 5.649964845379460421e-01 9.466387232257374995e-01 9.761347104968762789e-01 2.690856452706524848e-01 5.229638322287500918e-01 1.183739055857568445e+00 6.235308752521070419e-01 6.402988723212973410e-01 2.759686896083067831e-01 5.950415163751771042e-01 3.066970091545064281e-01 4.997959882015245436e-01 0.000000000000000000e+00 4.322500725689602530e-01 1.008703570069396482e+00 5.143673387229366067e-01 6.601211480916258090e-01 3.541724519237943736e-01 5.883399365979441464e-01 7.287752026533782512e-01 3.549704760201619069e-01 4.501698901593031987e-01 7.479108507279039753e-01 4.648385227645184248e-01 8.095925122041476296e-01 5.406391030552669674e-01 1.779502943489750522e-01 2.622656381038467321e-01 7.018687694475626015e-01 1.024469025341262274e+00 5.949508010335867736e-01 4.346242339179960390e-01 5.900129382317110815e-01 1.922195060520250354e-01 6.400338128219876799e-01 1.451263717376942708e-01 5.810831511197106503e-01 7.372381086295199948e-01 5.391511090468922296e-01 3.591265348013907843e-01 3.815293983675557832e-01 3.739245292180254920e-01 4.024386714322068515e-01 8.950090207621329563e-01 4.349627858713894235e-01 5.150540958227611821e-01 8.307347084017562278e-01 4.615824178804776023e-01 5.719284536750524062e-01 3.992687165571798813e-01 4.478415657554416507e-01 2.967957760772980125e-01 7.064137537696459912e-01 5.437948757836893465e-01 6.456409893254726473e-01 5.947708986823452282e-01 6.660563872201421542e-01 4.845167026640997410e-01 1.692596057806168841e-01 5.283854786907428158e-01 8.657029691038996555e-01 6.642387338009813069e-01 1.102285211299165457e+00 2.714026560252904563e-01 2.671688436206179351e-01 6.186909916357188344e-01 4.365978820459888166e-01 6.554148937101483829e-01 6.768222465182406333e-01 5.590912433718937535e-01 7.251970986742183323e-01 6.255394746729759925e-01
4.498292064444792682e-01 7.057023273484952508e-01 6.620771197502478556e-01 5.762150304644464427e-01 6.389211165806303327e-01 7.743938993939165627e-01 2.698873237785111567e-01 2.655698380221868105e-01 8.387302231671922570e-01 2.685800106111402852e-01 4.655187548250270813e-01 4.586525873062598513e-01 6.745755689568503355e-01 3.431784232725338391e-01 3.374674389750854098e-01 4.322500725689602530e-01 0.000000000000000000e+00 6.603248939835472120e-01 4.956054816777027416e-01 2.307270408859938005e-01 4.372331263777275434e-01 4.751520580452335829e-01 3.621178381114712463e-01 2.863523185323948450e-01 2.516300335529836341e-01 4.493026840234000674e-01 4.718503867744313629e-01 6.046716394555898821e-01 6.383745440592466514e-01 3.920520601736808830e-01 1.708708931454887281e-01 4.659161189742271336e-01 6.800671188724635163e-01 6.590482896031364390e-01 4.421063235539106073e-01 1.781635579646194401e-01 3.174385080229517042e-01 3.722951818329822138e-01 5.715737964313613029e-01 3.320347833118114100e-01 3.279140869400203884e-01 3.649669383829082236e-01 3.611911291383228528e-01 1.323134219347514295e-01 3.880999198633182656e-01 1.351874198793200366e-01 5.655652154877718329e-01 3.385691983753787437e-01 1.424878194646008178e-01 5.202433431875626013e-01 3.093536137412926101e-01 5.481978702668187653e-01 5.314075283316462839e-01 4.055908927848226320e-01 5.133168681307069825e-01 4.931474401916123851e-01 3.945554509437880775e-01 2.475285878825425334e-01 3.771115427873942272e-01 3.808673517168684186e-01 5.690351240042802461e-01 2.822581817560121387e-01 4.315317430485152705e-01 6.642207935964263843e-01 4.693611712275210235e-01 7.526572172929408833e-01 2.445911699136751605e-01 3.852719212920559522e-01 2.757730115464083198e-01 2.308375370830984541e-01 4.857974742271900515e-01 3.050348943880989983e-01 1.268411708029335561e-01 3.373223938533858046e-01 7.001038208238357097e-01
2.513801183412315843e-01 1.273626131048501753e+00 1.112846168276182102e+00 1.236539924447993100e+00 9.085721362895622377e-01 8.607247393946214631e-01 7.751050733271118709e-01 7.074943888602133191e-01 2.530374058717193564e-01 6.005342568308160711e-01 5.758383069701299428e-01 9.224018764244186208e-01 1.137808536251536218e+00 9.924220797227124580e-01 5.219062682436866885e-01 1.008703570069396482e+00 6.603248939835472120e-01 0.000000000000000000e+00 8.571897845763114532e-01 4.337233617235431438e-01 7.334697741420315165e-01 4.572081953065390558e-01 4.120316992861228766e-01 8.889848732529107567e-01 5.950819685434888262e-01 7.000537469191960849e-01 9.674724400859626705e-01 6.728806075155144839e-01 1.030712223495571456e+00 8.621906835950163828e-01 8.311957871290356348e-01 3.919943150486667194e-01 1.583555964406768157e-01 1.138047950286128707e+00 1.102431217537457320e+00 5.406090636846458963e-01 9.629558979401382501e-01 3.820529903873955413e-01 1.125597950444689355e+00 4.986675314060939890e-01 3.543787362665297702e-01 8.174841418651068725e-01 6.495770352680055870e-01 7.004814858091359397e-01 9.077795809398278015e-01 7.151072023818734191e-01 1.383490646321936246e-01 6.114564448195809465e-01 5.558848430228221504e-01 7.973255161373031807e-01 6.337809430927145993e-01 9.683731698007550515e-01 9.205183340014279070e-01 7.568771002964204131e-01 8.549156230563896841e-01 5.547749758775127882e-01 5.623810559933039022e-01 4.705186008291308841e-01 5.130688541776846634e-01 5.982658147063230070e-01 1.025404519255826319e+00 8.701828046145958506e-01 4.927026020054874333e-01 7.551254768482092983e-01 3.568493468952490533e-01 1.545028728039894994e-01 8.938283118352045031e-01 7.443085742979750341e-01 4.381062235206943378e-01 7.965969480140138170e-01 4.931291691271255662e-01 5.116282968394035846e-01 5.408359084450576892e-01 3.313253055431759631e-01 1.093597802620124737e+00
6.298358189980122201e-01 7.558283706207924446e-01 2.772312226791625589e-01 8.261719400319201823e-01 1.041171995531917194e+00 1.071454260989379126e+00 4.696345809737921262e-01 2.383058173730951690e-01 1.036584145356806763e+00 6.606070103643093550e-01 7.186985319246789183e-01 2.436144135655762821e-01 3.256876852867096606e-01 5.376591585022786335e-01 3.783544976638985591e-01 5.143673387229366067e-01 4.956054816777027416e-01 8.571897845763114532e-01 0.000000000000000000e+00 4.927973031112352076e-01 2.419230048108019226e-01 5.809911004094631126e-01 7.365712997705627929e-01 3.484617091028460734e-01 6.353196778068803674e-01 8.520154361170710899e-01 1.960330900695182454e-01 9.098534362125061392e-01 1.832860328595152521e-01 3.820012056288188407e-01 4.907338377804194574e-01 7.464572180323605366e-01 8.779210410620782445e-01 3.340123799742013011e-01 6.848616179250761604e-01 3.509611063622971039e-01 3.885762308324747782e-01 4.890481973327065468e-01 6.168188096065819748e-01 7.470793026369685341e-01 6.288791122544066248e-01 1.381325254773895783e-01 4.035821443265651398e-01 6.078368288526873053e-01 2.570614461717746768e-01 3.654908015530818899e-01 7.501334074175730615e-01 5.059130662303867876e-01 5.473837003117072442e-01 9.199292954838005354e-01 2.314252408937460814e-01 1.294365951935880499e-01 1.243054267050538314e-01 1.213780334282736906e-01 2.389873704678193433e-01 8.156938268140371262e-01 6.046294449362052958e-01 6.219820495416341632e-01 7.148578876886604316e-01 7.697355927355375993e-01 2.152634094548080690e-01 4.692616764169325050e-01 4.767233838473643459e-01 9.604462239540449975e-01 5.830700798769854476e-01 9.505111394825555005e-01 4.482574687406246650e-01 3.532949245935796956e-01 4.202277460789172192e-01 3.027352783719138851e-01 7.111387472849156621e-01 6.900461228594628738e-01 4.510273780670564503e-01 5.439178591286817355e-01 2.384726647431336666e-01
2.232276741844754220e-01 9.335734028711606403e-01 7.378487824893982250e-01 8.069420713504402709e-01 6.229874398138594005e-01 7.878674259924726142e-01 4.580450546023902003e-01 3.089233515991399726e-01 6.121286909071882443e-01 2.372912390187490450e-01 4.789922814235831328e-01 5.701245831229112548e-01 7.739295442285848425e-01 5.628242266251591852e-01 2.200435459253507753e-01 6.601211480916258090e-01 2.307270408859938005e-01 4.337233617235431438e-01 4.927973031112352076e-01 0.000000000000000000e+00 4.019615850784460931e-01 3.284841095952489853e-01 2.527990362299492033e-01 4.642977420870278982e-01 2.899294515281605200e-01 4.317367786638558469e-01 5.758896342327667339e-01 6.181451660541460447e-01 6.668332314726204135e-01 5.558803036650515894e-01 4.015979340314824730e-01 3.651025602600914133e-01 4.534655866124595036e-01 7.499600018154892744e-01 6.728333644399043800e-01 1.499438831376765369e-01 5.481655489089454214e-01 1.573760638446698445e-01 7.954872262743856171e-01 3.454712333146549019e-01 1.384475773650220842e-01 4.373474220504067200e-01 3.604976945408218114e-01 3.008346713044333098e-01 5.017390498936337151e-01 2.904200712159903386e-01 3.389636832277680423e-01 3.560927903595265120e-01 1.508387631340324941e-01 5.016392038104477979e-01 2.815036497912072333e-01 5.985656438209578933e-01 5.591881186626276312e-01 3.924846188313440565e-01 5.095361799731817909e-01 5.066209667901684366e-01 4.080289775423441290e-01 1.474219941740267936e-01 3.905850693859502787e-01 3.348381528809279417e-01 6.615255272328752767e-01 4.983505876677350455e-01 2.742214592506420634e-01 6.776943201949824358e-01 2.590772239149685685e-01 5.260556850329368705e-01 4.642304587376511749e-01 4.437681909941171288e-01 1.041039510581045630e-01 3.818642643496588107e-01 4.599528502107442240e-01 2.383594068360468388e-01 1.112380553475044581e-01 1.083912086070283470e-01 7.292053211550483249e-01
4.964934723625329394e-01 6.014000051268455493e-01 4.945890050130564153e-01 6.606066469410352138e-01 9.175792535381633863e-01 8.593300896808788725e-01 2.277115761629901758e-01 2.293695865709671211e-01 9.085052599302039233e-01 5.826795241269862036e-01 5.096671214719857845e-01 2.076499885819260982e-01 4.527463721265700958e-01 4.166483858611602087e-01 2.115635058983447170e-01 3.541724519237943736e-01 4.372331263777275434e-01 7.334697741420315165e-01 2.419230048108019226e-01 4.019615850784460931e-01 0.000000000000000000e+00 3.943006963923412767e-01 6.536842642179296892e-01 4.046294101966136925e-01 4.120338506608121065e-01 7.127646369298650253e-01 3.426699122953830723e-01 6.977292649040057748e-01 3.532057137546721348e-01 1.821061950116420192e-01 3.417661365406776119e-01 5.563655563702828433e-01 7.492352294138974189e-01 4.593948422069925597e-01 5.302343963210851552e-01 2.730336201249741745e-01 2.895708747186411247e-01 3.569939310563425283e-01 4.577272799610553333e-01 5.349551313284682807e-01 5.268809884128816678e-01 2.636807487832744656e-01 1.737869745748358286e-01 3.972732511199219552e-01 3.194785919948148201e-01 3.377593730632639235e-01 6.197752248347681014e-01 2.937888949218866452e-01 4.694562140743842593e-01 8.023344797043194809e-01 1.278795126364349888e-01 3.537784293214789599e-01 2.336001356773655668e-01 1.213106621709449245e-01 1.299169760230229342e-01 6.035696555055367618e-01 4.013058011847387974e-01 5.391880415347621858e-01 5.027337163801605113e-01 6.199283674289000068e-01 3.414548679881331816e-01 2.273386716061304436e-01 2.900329798302425655e-01 7.483220526455448551e-01 4.103764522257994374e-01 8.270514153718003802e-01 3.907767903802354392e-01 1.113719197827777174e-01 3.097155420994298636e-01 3.307435785469499123e-01 5.135913256410563621e-01 6.121186366221398334e-01 3.757063569244822321e-01 4.309178420559542366e-01 4.304401738752834383e-01
