0.000000000000000000e+00 1.827429615014501518e+00 1.260155097392900769e+00 1.000652243627270677e+00 1.590311769694401134e+00 1.168518827756645395e+00 8.975621770392697707e-01 1.641375572868186916e+00 1.131016945604488289e+00 7.738672887544407741e-01 7.006516976529064689e-01 1.023601962595312775e+00 5.656964656966474436e-01 1.356230064195408591e+00 6.108590400667738285e-01 1.433597211871777244e+00 8.683768799770728020e-01 7.814390928861807417e-01 4.496208316450243103e-01 6.689643226908829066e-01 7.727431874006065460e-01 8.819129594704583353e-01 1.346873854165222317e+00 9.493750933994095087e-01 1.488067077785272252e+00
1.827429615014501518e+00 0.000000000000000000e+00 1.459955826890510622e+00 1.592881954811461442e+00 9.906848805627742616e-01 1.509853608984122353e+00 1.537380672954101080e+00 9.654478493281487550e-01 8.035310352972647729e-01 2.055972616413030529e+00 1.883749134759813204e+00 9.129207019904646003e-01 1.530529766561058658e+00 5.395281042280958284e-01 1.344761956855335283e+00 6.508753888893518136e-01 1.161731990542188342e+00 1.067285087705514446e+00 1.731679142709409369e+00 1.428097050608241325e+00 1.478780328031088942e+00 1.275754018973481063e+00 6.806480609835091622e-01 1.195842717019287127e+00 4.578491773604870252e-01
1.260155097392900769e+00 1.459955826890510622e+00 0.000000000000000000e+00 1.060595583133126629e+00 1.161820670871742234e+00 9.147736933165108164e-01 1.125663458370805614e+00 1.136648204559007613e+00 9.170055284110949501e-01 1.457271586117058648e+00 1.229254611500483207e+00 5.839363836822351050e-01 8.649301854687428959e-01 1.131651332791554943e+00 9.937179014494799123e-01 8.871555390740232250e-01 5.454433423858870977e-01 8.027280847872320102e-01 1.170272354458651742e+00 8.790122734574341568e-01 8.319909062711193792e-01 6.927017025266249961e-01 8.988940097453436140e-01 3.121536052664054539e-01 1.170295089833429003e+00
1.000652243627270677e+00 1.592881954811461442e+00 1.060595583133126629e+00 0.000000000000000000e+00 1.456514950847630718e+00 1.075656070014214372e+00 8.897722660378623027e-01 1.471431536206395219e+00 7.998649030578121044e-01 1.138192500598776968e+00 9.100359503878757694e-01 8.774902158211519421e-01 6.398822164055870676e-01 1.262396811790834628e+00 4.685123202143995913e-01 1.137453151301136334e+00 5.598847794869656891e-01 7.532967736431566141e-01 8.331605165245479228e-01 7.493555045648915280e-01 3.742168958227942710e-01 7.982748242013815165e-01 1.199801610381014960e+00 7.590239359199609792e-01 1.144906627292367807e+00
1.590311769694401134e+00 9.906848805627742616e-01 1.161820670871742234e+00 1.456514950847630718e+00 0.000000000000000000e+00 1.138683122187473584e+00 1.426565066754990951e+00 8.276995437675770395e-01 1.028692130530476367e+00 1.818854771092929035e+00 1.604343329181523670e+00 5.838551627227378527e-01 1.214024611658230945e+00 5.532994556730033153e-01 1.314724186341798884e+00 7.025785319848298904e-01 1.022151535354208773e+00 8.889383123951480892e-01 1.494561297389308097e+00 1.194471108734352027e+00 1.215601964967617077e+00 9.472785822326200700e-01 3.162375297778040051e-01 8.961844978610077339e-01 7.901769770845951113e-01
1.168518827756645395e+00 1.509853608984122353e+00 9.147736933165108164e-01 1.075656070014214372e+00 1.138683122187473584e+00 0.000000000000000000e+00 1.012248798068854150e+00 1.239429335192888670e+00 9.861984286605030015e-01 1.397061829155173074e+00 1.221407926079494333e+00 5.977068889435499521e-01 8.263233726182900307e-01 1.012504412140791787e+00 9.784890653265551075e-01 1.060845681205130786e+00 7.152203721696166472e-01 6.253052535321891314e-01 1.072768355451552136e+00 7.725358035257409162e-01 8.347430841341997310e-01 3.166817190870830356e-01 9.047025229965304227e-01 6.098133292416024753e-01 1.284234817183954380e+00
8.975621770392697707e-01 1.537380672954101080e+00 1.125663458370805614e+00 8.897722660378623027e-01 1.426565066754990951e+00 1.012248798068854150e+00 0.000000000000000000e+00 1.496072297365173220e+00 7.989722297806357565e-01 1.127772630561915568e+00 9.914629792106861572e-01 8.709177520651615323e-01 6.385262695893941798e-01 1.110255875225226951e+00 4.813835620888074485e-01 1.245179426102040576e+00 7.662192354745784861e-01 5.478306944377064891e-01 7.866840314582141946e-01 3.963780279390239358e-01 7.558260559195977280e-01 7.140902325182804100e-01 1.193889187209333125e+00 8.148834543773142425e-01 1.156022361961419831e+00
1.641375572868186916e+00 9.654478493281487550e-01 1.136648204559007613e+00 1.471431536206395219e+00 8.276995437675770395e-01 1.239429335192888670e+00 1.496072297365173220e+00 0.000000000000000000e+00 9.445546173362305842e-01 1.855062047730922981e+00 1.627045073114347540e+00 6.423768068120971897e-01 1.250303060560080670e+00 7.082407577516925956e-01 1.367072835063222191e+00 4.757692185604777690e-01 9.541283755610695527e-01 1.042653198987893326e+00 1.550540133351929306e+00 1.250449944696972127e+00 1.230561405727931934e+00 1.035264843202724716e+00 5.184725191501271535e-01 8.761882407631523817e-01 7.104917111936184249e-01
1.131016945604488289e+00 8.035310352972647729e-01 9.170055284110949501e-01 7.998649030578121044e-01 1.028692130530476367e+00 9.861984286605030015e-01 7.989722297806357565e-01 9.445546173362305842e-01 0.000000000000000000e+00 1.344928827908046909e+00 1.120223691204488947e+00 6.666313812646472714e-01 8.200042766332180655e-01 5.258700332162025148e-01 5.412981497668215569e-01 4.687963521532392819e-01 4.612587293060909088e-01 4.418042699758417124e-01 9.683184134680384858e-01 7.362138864122175219e-01 7.152548844757634638e-01 7.088026138433335399e-01 8.170285973123365686e-01 7.009128652287779371e-01 3.573629209766958637e-01
7.738672887544407741e-01 2.055972616413030529e+00 1.457271586117058648e+00 1.138192500598776968e+00 1.818854771092929035e+00 1.397061829155173074e+00 1.127772630561915568e+00 1.855062047730922981e+00 1.344928827908046909e+00 0.000000000000000000e+00 7.773001212502786972e-01 1.249172816103992778e+00 7.581718642263812757e-01 1.584773065593936714e+00 8.075449214039066570e-01 1.606931947718821085e+00 1.005917136948579538e+00 1.009982094284708642e+00 4.407154039675010293e-01 8.975073240894110294e-01 9.102834443721131708e-01 1.110455960868986791e+00 1.572833881661147348e+00 1.148208359186742911e+00 1.693259610599971321e+00
7.006516976529064689e-01 1.883749134759813204e+00 1.229254611500483207e+00 9.100359503878757694e-01 1.604343329181523670e+00 1.221407926079494333e+00 9.914629792106861572e-01 1.627045073114347540e+00 1.120223691204488947e+00 7.773001212502786972e-01 0.000000000000000000e+00 1.025318594155045338e+00 5.600613563936748251e-01 1.448463414242707525e+00 6.020861481178910735e-01 1.378914973102246089e+00 7.779001623320039860e-01 8.736724429334796760e-01 4.911542552693968222e-01 7.611976727381818408e-01 6.822664697555377300e-01 9.438166849265280378e-01 1.348687299274622831e+00 9.201913845701679140e-01 1.465242635983395880e+00
1.023601962595312775e+00 9.129207019904646003e-01 5.839363836822351050e-01 8.774902158211519421e-01 5.838551627227378527e-01 5.977068889435499521e-01 8.709177520651615323e-01 6.423768068120971897e-01 6.666313812646472714e-01 1.249172816103992778e+00 1.025318594155045338e+00 0.000000000000000000e+00 6.351501398494839856e-01 5.481785196777729796e-01 8.326645940411284696e-01 4.662016673253558396e-01 4.694969439828160507e-01 4.459698243840967136e-01 9.278514902902198491e-01 6.277613016352625586e-01 6.365772299411379676e-01 3.985925110453578668e-01 3.273534451598809070e-01 3.135222855226404426e-01 7.108141208941051170e-01
5.656964656966474436e-01 1.530529766561058658e+00 8.649301854687428959e-01 6.398822164055870676e-01 1.214024611658230945e+00 8.263233726182900307e-01 6.385262695893941798e-01 1.250303060560080670e+00 8.200042766332180655e-01 7.581718642263812757e-01 5.600613563936748251e-01 6.351501398494839856e-01 0.000000000000000000e+00 1.058508469323642398e+00 4.668799552900304017e-01 1.038422855860362093e+00 4.769329785237693686e-01 4.837174980144140490e-01 4.539858947559444746e-01 3.891157092041768739e-01 3.945157368678897658e-01 5.487321314653245130e-01 9.585188449690625889e-01 5.541501814752513022e-01 1.165023221412125665e+00
1.356230064195408591e+00 5.395281042280958284e-01 1.131651332791554943e+00 1.262396811790834628e+00 5.532994556730033153e-01 1.012504412140791787e+00 1.110255875225226951e+00 7.082407577516925956e-01 5.258700332162025148e-01 1.584773065593936714e+00 1.448463414242707525e+00 5.481785196777729796e-01 1.058508469323642398e+00 0.000000000000000000e+00 9.748779121792970903e-01 4.850524667462018380e-01 9.597512911517691592e-01 5.796800495574349066e-01 1.260479591890315998e+00 9.568974997891481760e-01 1.099379391562832264e+00 7.539928159420835607e-01 3.237655730469014004e-01 8.404408090228226991e-01 3.109451189683973826e-01
6.108590400667738285e-01 1.344761956855335283e+00 9.937179014494799123e-01 4.685123202143995913e-01 1.314724186341798884e+00 9.784890653265551075e-01 4.813835620888074485e-01 1.367072835063222191e+00 5.412981497668215569e-01 8.075449214039066570e-01 6.020861481178910735e-01 8.326645940411284696e-01 4.668799552900304017e-01 9.748779121792970903e-01 0.000000000000000000e+00 9.766147869465426901e-01 4.629850345212180307e-01 4.447071612720956968e-01 4.293429783192168059e-01 5.168914622452775998e-01 4.901748351122617864e-01 6.725986274445929780e-01 1.095463914669574379e+00 7.125727143103630645e-01 8.986610707435174206e-01
1.433597211871777244e+00 6.508753888893518136e-01 8.871555390740232250e-01 1.137453151301136334e+00 7.025785319848298904e-01 1.060845681205130786e+00 1.245179426102040576e+00 4.757692185604777690e-01 4.687963521532392819e-01 1.606931947718821085e+00 1.378914973102246089e+00 4.662016673253558396e-01 1.038422855860362093e+00 4.850524667462018380e-01 9.766147869465426901e-01 0.000000000000000000e+00 6.194659387117922300e-01 8.818091868962409929e-01 1.319932716060414180e+00 1.048131797774715102e+00 9.752467271068255839e-01 8.421720356521581463e-01 3.875390734194066877e-01 6.499174779761962562e-01 3.240345910159149190e-01
8.683768799770728020e-01 1.161731990542188342e+00 5.454433423858870977e-01 5.598847794869656891e-01 1.022151535354208773e+00 7.152203721696166472e-01 7.662192354745784861e-01 9.541283755610695527e-01 4.612587293060909088e-01 1.005917136948579538e+00 7.779001623320039860e-01 4.694969439828160507e-01 4.769329785237693686e-01 9.597512911517691592e-01 4.629850345212180307e-01 6.194659387117922300e-01 0.000000000000000000e+00 4.690607794848462020e-01 7.189179052901722988e-01 5.192725618512800123e-01 3.742319163365844248e-01 4.595906648541843165e-01 7.581570209533157190e-01 3.164705271623480254e-01 7.726062369050422651e-01
7.814390928861807417e-01 1.067285087705514446e+00 8.027280847872320102e-01 7.532967736431566141e-01 8.889383123951480892e-01 6.253052535321891314e-01 5.478306944377064891e-01 1.042653198987893326e+00 4.418042699758417124e-01 1.009982094284708642e+00 8.736724429334796760e-01 4.459698243840967136e-01 4.837174980144140490e-01 5.796800495574349066e-01 4.447071612720956968e-01 8.818091868962409929e-01 4.690607794848462020e-01 0.000000000000000000e+00 6.856886205810882595e-01 3.821065284799202710e-01 5.234933748240745421e-01 3.200534593855967058e-01 6.667403420357932431e-01 4.919480807937401390e-01 7.984987674416867964e-01
4.496208316450243103e-01 1.731679142709409369e+00 1.170272354458651742e+00 8.331605165245479228e-01 1.494561297389308097e+00 1.072768355451552136e+00 7.866840314582141946e-01 1.550540133351929306e+00 9.683184134680384858e-01 4.407154039675010293e-01 4.911542552693968222e-01 9.278514902902198491e-01 4.539858947559444746e-01 1.260479591890315998e+00 4.293429783192168059e-01 1.319932716060414180e+00 7.189179052901722988e-01 6.856886205810882595e-01 0.000000000000000000e+00 5.732138503857903133e-01 6.232842127137060428e-01 7.861624871653656310e-01 1.251123381860129280e+00 8.596124063278401950e-01 1.325681334444734460e+00
6.689643226908829066e-01 1.428097050608241325e+00 8.790122734574341568e-01 7.493555045648915280e-01 1.194471108734352027e+00 7.725358035257409162e-01 3.963780279390239358e-01 1.250449944696972127e+00 7.362138864122175219e-01 8.975073240894110294e-01 7.611976727381818408e-01 6.277613016352625586e-01 3.891157092041768739e-01 9.568974997891481760e-01 5.168914622452775998e-01 1.048131797774715102e+00 5.192725618512800123e-01 3.821065284799202710e-01 5.732138503857903133e-01 0.000000000000000000e+00 5.059342011660071803e-01 4.828493729750487629e-01 9.510331932051716564e-01 5.682322694639424521e-01 1.093175920267263734e+00
7.727431874006065460e-01 1.478780328031088942e+00 8.319909062711193792e-01 3.742168958227942710e-01 1.215601964967617077e+00 8.347430841341997310e-01 7.558260559195977280e-01 1.230561405727931934e+00 7.152548844757634638e-01 9.102834443721131708e-01 6.822664697555377300e-01 6.365772299411379676e-01 3.945157368678897658e-01 1.099379391562832264e+00 4.901748351122617864e-01 9.752467271068255839e-01 3.742319163365844248e-01 5.234933748240745421e-01 6.232842127137060428e-01 5.059342011660071803e-01 0.000000000000000000e+00 5.573618383213680971e-01 9.589285763831765230e-01 5.237077171837517531e-01 1.060273829254670952e+00
8.819129594704583353e-01 1.275754018973481063e+00 6.927017025266249961e-01 7.982748242013815165e-01 9.472785822326200700e-01 3.166817190870830356e-01 7.140902325182804100e-01 1.035264843202724716e+00 7.088026138433335399e-01 1.110455960868986791e+00 9.438166849265280378e-01 3.985925110453578668e-01 5.487321314653245130e-01 7.539928159420835607e-01 6.725986274445929780e-01 8.421720356521581463e-01 4.595906648541843165e-01 3.200534593855967058e-01 7.861624871653656310e-01 4.828493729750487629e-01 5.573618383213680971e-01 0.000000000000000000e+00 7.159589561122362555e-01 3.833071362156943995e-01 1.020458791604478499e+00
1.346873854165222317e+00 6.806480609835091622e-01 8.988940097453436140e-01 1.199801610381014960e+00 3.162375297778040051e-01 9.047025229965304227e-01 1.193889187209333125e+00 5.184725191501271535e-01 8.170285973123365686e-01 1.572833881661147348e+00 1.348687299274622831e+00 3.273534451598809070e-01 9.585188449690625889e-01 3.237655730469014004e-01 1.095463914669574379e+00 3.875390734194066877e-01 7.581570209533157190e-01 6.667403420357932431e-01 1.251123381860129280e+00 9.510331932051716564e-01 9.589285763831765230e-01 7.159589561122362555e-01 0.000000000000000000e+00 6.332578367346084480e-01 4.797945641499192782e-01
9.493750933994095087e-01 1.195842717019287127e+00 3.121536052664054539e-01 7.590239359199609792e-01 8.961844978610077339e-01 6.098133292416024753e-01 8.148834543773142425e-01 8.761882407631523817e-01 7.009128652287779371e-01 1.148208359186742911e+00 9.201913845701679140e-01 3.135222855226404426e-01 5.541501814752513022e-01 8.404408090228226991e-01 7.125727143103630645e-01 6.499174779761962562e-01 3.164705271623480254e-01 4.919480807937401390e-01 8.596124063278401950e-01 5.682322694639424521e-01 5.237077171837517531e-01 3.833071362156943995e-01 6.332578367346084480e-01 0.000000000000000000e+00 9.520973760632018834e-01
1.488067077785272252e+00 4.578491773604870252e-01 1.170295089833429003e+00 1.144906627292367807e+00 7.901769770845951113e-01 1.284234817183954380e+00 1.156022361961419831e+00 7.104917111936184249e-01 3.573629209766958637e-01 1.693259610599971321e+00 1.465242635983395880e+00 7.108141208941051170e-01 1.165023221412125665e+00 3.109451189683973826e-01 8.986610707435174206e-01 3.240345910159149190e-01 7.726062369050422651e-01 7.984987674416867964e-01 1.325681334444734460e+00 1.093175920267263734e+00 1.060273829254670952e+00 1.020458791604478499e+00 4.797945641499192782e-01 9.520973760632018834e-01 0.000000000000000000e+00
