0.000000000000000000e+00 1.868920777717776760e+00 1.215360935365439765e+00 1.534939590091561445e+00 9.865478974634162013e-01 1.176552663008960220e+00 9.016412975173647704e-01 1.153946725382860583e+00 1.604379449380886724e+00 7.771948467713307718e-01 6.981607647106954362e-01 1.030302429347653481e+00 5.645639119981071818e-01 1.369379627730145099e+00 7.725030928859469848e-01 6.076856281006846050e-01 1.447335930448216734e+00 4.404347391469503048e-01 9.239156455953112523e-01 7.642496678370860330e-01 6.795559449874929436e-01 8.925702120148786278e-01 1.331721141532466346e+00 1.074059393040967869e+00 8.479062388532487837e-01 1.428448047918834840e+00 9.179414164832664369e-01 1.586430302319415064e+00 6.457387496333423238e-01 1.198070872188923719e+00 1.348157427979864265e+00 4.755558739792979384e-01 7.222473112956123709e-01 8.131856784266050520e-01 7.311219124355293753e-01 1.221088942325666782e+00 9.622009897058614314e-01 3.262251952484509498e-01 6.249890000025953851e-01 1.013788352472700716e+00 1.262982376396283746e+00 1.375469993303487737e+00 5.529313043281057771e-01 1.244026423710791640e+00 1.043741528447616806e+00 1.404466378626078038e+00 7.196985361311366569e-01 1.050255903065389962e+00 8.477489798120236841e-01 5.949649465855324504e-01 9.921462214981883188e-01 1.025776798378511767e+00 1.420680804251560403e+00 4.876924620823908652e-01 8.191610901988791715e-01 1.158336758149719703e+00 4.465474581999731574e-01 1.756943627143324749e-01 1.091198858586171827e+00 1.155613003735401767e+00 1.396747645828218864e+00 1.558590484124366293e+00 8.509799431360098865e-01 8.600097446440322368e-01 8.194517916635216670e-01 1.501591145988613096e+00 1.433759973969066959e+00 1.353731906248602179e+00 4.906736222872717379e-01 1.073294278865744467e+00 7.510712204540116455e-01 7.556807812723784767e-01 4.522842122474963200e-01 9.300193116492451173e-01 6.943197873195343650e-01 6.988648975709281785e-01 6.078599129916271160e-01 8.244999694137178370e-01 6.651894081706640760e-01 8.216059989311628176e-01 5.587532996710522504e-01 1.037205296710278724e+00 1.123795651239842153e+00 1.219389779589454159e+00 1.272312601639523422e+00 9.909891133859562995e-01 9.851723442071635972e-01 1.063849094651952765e+00 4.127164674745602557e-01 8.294653189238823110e-01 7.462724447887248980e-01 7.654845657728460706e-01 1.728651780858998510e+00 1.435315279748741846e+00 1.201298451377919463e+00 5.762623438032661305e-01 1.370575032905205548e+00 1.310795166413299739e+00 7.132859822045136688e-01 9.063749585964582245e-01
1.868920777717776760e+00 0.000000000000000000e+00 1.488791885085218203e+00 1.010713619785948758e+00 1.651475184885680347e+00 1.431296109659026650e+00 1.598577649450372062e+00 8.409957159702868834e-01 9.612950816655160269e-01 2.094372690607603005e+00 1.870900516667128199e+00 9.097388037025950780e-01 1.486080599211929032e+00 5.650455307926148807e-01 1.128633906242057394e+00 1.411137084893928639e+00 5.828935757337326828e-01 1.764180001909005702e+00 1.089246709239307664e+00 1.466107987253662648e+00 1.471640627238546051e+00 1.213692377818456070e+00 6.786129381803078786e-01 8.845303587636297316e-01 1.124192718467013963e+00 5.532720449839619858e-01 1.131296900412109840e+00 2.853935385544353887e-01 1.511255646009672882e+00 7.971001211644029860e-01 7.325548483232346975e-01 1.585460338471612163e+00 1.335450818475918400e+00 1.397994922886831137e+00 1.521741106800021059e+00 6.615529982461285652e-01 9.105099165109893367e-01 1.546517764343646739e+00 1.255326780656947472e+00 1.089570775250792378e+00 8.058218937517772629e-01 6.557276264895346429e-01 1.850946744806263977e+00 7.751272685988163103e-01 9.915500026924438659e-01 4.810301495539369143e-01 1.538619651304112157e+00 1.283841490988824274e+00 1.529599053546494947e+00 1.536528825318580038e+00 9.533683360177475086e-01 1.312233763990197533e+00 7.914414902042784528e-01 1.496249540492929464e+00 1.228972369541198928e+00 7.327670462824060760e-01 1.614530429916298360e+00 1.725541259792356730e+00 7.832107593033839077e-01 9.098359738928275542e-01 8.622002470133093288e-01 4.643679783007845785e-01 1.503492628913231766e+00 1.035725018645752504e+00 1.204821952981956379e+00 8.297028896704448098e-01 4.553391359547150352e-01 7.069559580607052141e-01 1.399456643903823405e+00 1.365524660584826355e+00 1.444238641984155525e+00 1.459986724738363106e+00 1.528392850722785967e+00 1.078741375245339196e+00 1.187120289811994578e+00 1.276836783958112287e+00 1.386450059755563124e+00 1.184086342890070975e+00 1.990254860721563990e+00 1.559014301590039953e+00 1.726852646880981945e+00 1.287226348773458318e+00 7.998736957020863292e-01 7.085410740801471041e-01 7.022853405498719059e-01 9.765334991805749709e-01 1.169279501195811699e+00 9.323927235655916634e-01 1.701538495301431420e+00 1.053670787776454842e+00 1.348869358481617819e+00 1.564774145077656664e+00 1.429975346930430768e-01 8.734077191710900578e-01 8.357591690535907114e-01 1.370525293312019111e+00 5.791981674467509000e-01 6.908588519188160193e-01 1.403284946193135596e+00 1.527213195741273788e+00
1.215360935365439765e+00 1.488791885085218203e+00 0.000000000000000000e+00 1.176057062123710306e+00 9.794401071023904892e-01 9.072187121275898658e-01 1.079883275903531725e+00 9.824207211170475906e-01 1.163754578403618956e+00 1.378368079754721975e+00 1.152305380348625397e+00 5.851946861346474238e-01 8.217382297063613450e-01 1.125087806949842006e+00 6.983508966049242206e-01 9.050520147075414856e-01 9.957191249636144770e-01 1.091762572553103494e+00 6.150669059291136165e-01 7.451195760919924194e-01 8.443211589401695694e-01 3.258619500876690500e-01 9.158481380169819497e-01 8.357623306031821686e-01 8.518784580951269669e-01 1.247720384314198627e+00 6.283553274972956126e-01 1.206328717984314958e+00 9.043330734913151980e-01 7.997363956667734586e-01 9.766505232190938468e-01 8.668652021531096930e-01 8.646074157456750120e-01 7.425892958298861979e-01 8.031459704815178124e-01 1.165492825335830984e+00 9.437559897417394650e-01 8.955040157258953304e-01 5.983681791165449404e-01 4.951513177167053970e-01 7.735537085849399919e-01 1.044627983251789294e+00 1.134918573609279280e+00 9.070790622786366608e-01 7.763192063163819601e-01 1.015064901966259203e+00 9.032775693187460320e-01 2.053211570011682918e-01 8.174945149517472975e-01 8.179336890000775684e-01 6.675838617421699928e-01 7.697890914497315107e-01 9.687924519987745064e-01 9.322374614120331193e-01 6.596918258687489711e-01 7.577242119826373967e-01 9.400379093750247383e-01 1.070339414368162156e+00 9.911281873636084150e-01 6.689233583039495556e-01 1.047100313793138504e+00 1.138388304267859530e+00 9.112189230766285508e-01 4.749138186719636945e-01 4.579617079234464261e-01 1.083968702750372382e+00 1.243675481707367414e+00 8.811589996846231898e-01 7.595296042595789388e-01 1.657068361243426158e-01 1.027740456981835360e+00 9.158175460419322178e-01 8.180694104770306341e-01 7.024310342140313024e-01 7.403813765285292003e-01 8.489165119905127677e-01 6.678549234370599885e-01 6.082967593768571213e-01 1.283334471536451415e+00 8.397485925223955316e-01 1.008257510562480030e+00 7.666934381773534701e-01 1.076806666424227732e+00 1.004837915113181879e+00 1.128619903784804590e+00 9.247064715986506034e-01 3.538765456032207934e-01 6.604496803442382324e-01 9.849501975147534338e-01 8.745923269130747579e-01 7.902854284658157313e-01 9.993402062770954108e-01 1.345794350392174765e+00 1.063808374987971206e+00 8.645964406877330033e-01 6.939622054073714130e-01 9.845430556026569802e-01 8.813272445173268022e-01 6.854632889966063569e-01 8.466823892184563993e-01
1.534939590091561445e+00 1.010713619785948758e+00 1.176057062123710306e+00 0.000000000000000000e+00 1.389675812014114609e+00 1.061735861580435092e+00 1.376514037997418338e+00 9.550385899303595050e-01 8.285217491253340505e-01 1.766150259375554032e+00 1.544548754057131434e+00 6.014294298627073099e-01 1.156878381165567626e+00 5.223609505102202455e-01 8.326531019560693414e-01 1.277052928498395579e+00 7.378904763392266641e-01 1.430198814282791497e+00 1.024518669955065020e+00 1.139756224643664773e+00 1.146534264001961345e+00 8.950510278926664398e-01 5.126367212138616125e-01 5.511797402968094950e-01 1.039173045031778875e+00 8.273939313576763599e-01 7.617366523335187267e-01 7.257576013476454424e-01 1.206546178553106641e+00 8.772051869871502205e-01 2.829746980731263073e-01 1.259108575861613843e+00 1.132563522262656441e+00 1.165555762642492166e+00 1.195389344190022740e+00 7.028477324028881146e-01 7.969356343745993554e-01 1.212536576717431647e+00 9.163911174665451131e-01 8.374810689646621231e-01 6.470078994777416215e-01 9.537143939689974870e-01 1.524594982196265436e+00 3.835008372039350188e-01 1.084371598825013994e+00 5.414465071735031776e-01 1.205490674380537808e+00 9.711066680273157115e-01 1.215763686198146232e+00 1.210177062708581719e+00 5.759614795475379578e-01 9.426735159116059748e-01 6.576450335798288416e-01 1.239774913937023992e+00 1.093926238327796563e+00 4.520945273609777160e-01 1.332281283083530443e+00 1.391560072166141415e+00 6.449656603208232530e-01 7.830321564782856125e-01 1.739920966547133241e-01 7.820146804341275848e-01 1.335555018807662586e+00 7.151547352551808068e-01 9.179681915766333411e-01 6.835905471363913355e-01 6.770560865195357492e-01 6.280311142099177513e-01 1.065475456277608535e+00 1.052361265844713678e+00 1.271512946327624016e+00 1.217897712007191657e+00 1.202041088112787648e+00 7.026766712545066129e-01 9.636305253597371445e-01 1.125986412581889029e+00 1.060098297145565249e+00 8.269382039982944299e-01 1.656273673095349341e+00 1.232662538980041855e+00 1.400500884270983626e+00 9.176661006948668708e-01 8.071046242437350804e-01 5.337117014742804866e-01 8.593528178958891317e-01 9.396036264937714932e-01 8.599264261138641618e-01 9.278468919732552056e-01 1.375186732691432878e+00 8.968180694191462132e-01 1.216001158464456111e+00 1.301553311338886632e+00 8.677160850929057645e-01 1.416123507846871465e-01 1.020758931125267832e+00 1.044133663550231850e+00 4.335896481979882866e-01 7.805073086193350385e-01 1.081300688590636438e+00 1.260653543625623652e+00
9.865478974634162013e-01 1.651475184885680347e+00 9.794401071023904892e-01 1.389675812014114609e+00 0.000000000000000000e+00 1.052229521985297511e+00 9.058279555781674208e-01 8.596387166496000098e-01 1.435002452296635145e+00 1.121713049096808579e+00 8.949631821688310840e-01 8.486670965250947551e-01 6.269245466109227838e-01 1.302701090146793250e+00 7.257869554265565792e-01 4.671747792878718220e-01 1.130781935207870514e+00 8.351075418951907636e-01 5.884480274077313888e-01 3.843260294926613696e-01 7.587423931966781332e-01 6.685274087926724729e-01 1.170012536932153679e+00 1.016381150200842187e+00 5.914301385514504350e-01 1.149649181262429209e+00 7.837898289125581064e-01 1.379106770145844152e+00 7.185695138213380462e-01 8.755386127951690911e-01 1.190269273109498371e+00 6.102101714951962963e-01 6.663795806281883616e-01 2.656443939371255225e-01 2.724979616171527286e-01 1.069596562458595024e+00 8.334733108679713842e-01 7.213570441250093390e-01 5.184560977248040547e-01 7.216473784693682170e-01 1.010799673894032136e+00 1.006457358958278148e+00 8.782635429513669933e-01 1.103018817809109153e+00 6.941276232323769779e-01 1.244243119926831564e+00 8.152488723888516864e-01 8.432632832898830921e-01 2.036420917020779486e-01 4.523627549254491398e-01 8.511386155965056100e-01 9.118733735805295559e-01 1.245799969273300389e+00 6.524750323079211434e-01 4.303356716376357527e-01 9.932932787654622508e-01 6.053825712268411374e-01 8.244028487589663001e-01 1.008728686816687148e+00 8.458133864179169237e-01 1.255740039926535712e+00 1.190933633732702113e+00 1.976224488430184112e-01 6.848082115746402243e-01 5.384310625881815193e-01 1.339882541388300430e+00 1.271616451374241397e+00 1.172096573426043342e+00 6.515525598939565510e-01 8.482785616636252524e-01 7.023993177648185648e-01 8.265916776520996212e-01 5.614143798191180146e-01 8.804807691965306216e-01 6.501844573344651712e-01 4.916327825344292690e-01 3.797729832238115333e-01 7.243082854644136148e-01 1.026679440878537131e+00 1.673126288025576780e-01 7.516024799045666338e-01 9.119958278627793291e-01 9.241817980276970657e-01 1.152872928791209839e+00 1.001998927090935299e+00 7.390893578378894269e-01 7.419063309114655169e-01 7.456941680715118981e-01 7.282951668568401482e-01 6.993188206780367455e-01 3.411159306110816414e-01 8.471179068005525448e-01 1.512134297412334849e+00 1.277427124878375952e+00 8.264258163942220792e-01 5.117619503585563168e-01 1.210351774205959074e+00 9.935983596521791306e-01 3.214323232417123366e-01 1.333136227279289043e-01
1.176552663008960220e+00 1.431296109659026650e+00 9.072187121275898658e-01 1.061735861580435092e+00 1.052229521985297511e+00 0.000000000000000000e+00 1.017239305232246371e+00 9.450169981963506549e-01 1.174141311168746205e+00 1.407763332292952363e+00 1.204169474439445775e+00 6.217791296963645076e-01 8.149436754743168976e-01 9.570906189965348032e-01 5.276527762145866163e-01 9.819147460225624569e-01 1.082330081817377998e+00 1.071811887200190494e+00 7.705668549637583187e-01 8.019679029192048336e-01 7.873126589660242036e-01 5.913387203001949644e-01 8.926349230660363121e-01 6.502819936206526430e-01 8.282218528959528481e-01 1.176596555305109648e+00 3.022457110371351008e-01 1.148832942558123182e+00 8.481592514705061925e-01 9.565987287765540525e-01 8.807243898451881936e-01 9.187292962439289612e-01 7.992794683594446337e-01 8.281094726136745132e-01 8.576010224655629122e-01 9.382346239647691988e-01 7.005167450190517009e-01 8.541496496348311984e-01 5.741149253622306325e-01 6.688909981011678108e-01 8.478346489324635193e-01 1.173130360384285975e+00 1.171037853628390080e+00 7.450816589437697646e-01 9.541108620551728148e-01 9.595116549617446200e-01 8.471037472979372485e-01 7.145252119545038028e-01 8.779753644736861817e-01 8.723887409841226681e-01 4.951510784055656034e-01 2.016808570388389510e-01 9.904426660394201054e-01 8.813879868544234331e-01 7.610002829869918495e-01 7.296284287091031606e-01 9.944929613590707262e-01 1.033173145083540634e+00 7.529179690188357865e-01 7.893344609322945349e-01 9.235439173170921778e-01 1.198657900178633939e+00 9.992339882489673641e-01 4.639062705056810065e-01 6.056383614539899707e-01 1.062504927522182729e+00 1.099667314201399071e+00 9.309026425914180836e-01 7.070885291950075313e-01 7.587924932891618734e-01 9.609854415136189765e-01 8.560633309458990370e-01 8.605435784050812220e-01 4.624687231319594138e-01 6.669386361106425243e-01 8.445466779715123939e-01 7.223099754211051993e-01 3.934028432753464699e-01 1.297886746012747228e+00 8.948742172555821384e-01 1.059622920959614190e+00 1.560788628508238129e-01 8.557858332070015228e-01 8.283797017817829955e-01 1.035517949288969897e+00 8.086758106638821664e-01 6.464609626251686114e-01 8.446704553761539280e-01 1.029826104951230947e+00 7.161246893161938853e-01 8.806182771957631328e-01 9.431663842562861833e-01 1.288298574965983434e+00 9.648182939778581213e-01 1.032256483188470408e+00 7.024312013456502912e-01 9.234144441222729149e-01 1.027833728923963630e+00 7.435123668661763885e-01 9.232072535968061100e-01
9.016412975173647704e-01 1.598577649450372062e+00 1.079883275903531725e+00 1.376514037997418338e+00 9.058279555781674208e-01 1.017239305232246371e+00 0.000000000000000000e+00 8.366430549209162848e-01 1.459126199923394651e+00 1.133634072535446569e+00 9.920137140607038218e-01 8.858364954151553006e-01 6.367259485682293940e-01 1.127400866660470680e+00 5.549187161214029773e-01 4.999565483283537337e-01 1.258113194269246726e+00 7.907344506012742302e-01 7.400348145739960026e-01 7.416834006900717702e-01 3.678284676359552252e-01 7.564024073359751910e-01 1.185608332649285224e+00 8.475673451524496915e-01 5.208667454180589962e-01 1.110568638890461646e+00 7.586280587065525882e-01 1.316087174052010589e+00 2.761646979869158969e-01 9.918053867212589525e-01 1.193797273031869777e+00 7.393845310158653206e-01 2.676181366900860503e-01 6.939403408869990741e-01 7.428316268185655158e-01 9.370246512042436082e-01 6.889395629166473745e-01 5.754161022689135985e-01 4.911305498349373133e-01 8.783106930107930088e-01 1.118516442463785676e+00 1.058720764225647981e+00 8.969085938708839523e-01 1.041601302297086917e+00 7.269922993697776059e-01 1.257940150219626796e+00 2.008588563600568200e-01 9.093876483485510143e-01 8.186713394237825625e-01 7.026143832820542778e-01 8.373839019295679087e-01 8.548503453782663186e-01 1.275427554794068330e+00 4.526250824875125978e-01 5.924113638784379576e-01 1.013083508692227630e+00 6.391075549302727143e-01 7.581083775975133721e-01 8.469258081675653527e-01 9.980788434583346413e-01 1.233245065652722960e+00 1.247748064174838634e+00 7.257030480638657632e-01 7.161305987409661844e-01 6.841685422654243398e-01 1.355478337105431974e+00 1.145492326308213737e+00 1.209265972316103888e+00 4.131943643111344877e-01 9.344761292580860967e-01 2.215968595008651343e-01 1.755105182421396459e-01 5.940114237973113109e-01 7.124349348847007768e-01 4.387499395509958378e-01 4.182695083098806332e-01 6.428170821798413481e-01 6.502163651698675828e-01 1.023757486255241211e+00 8.322765157247623558e-01 8.514289076761982766e-01 8.778919389335646528e-01 8.151583364265708731e-01 9.774110185197800726e-01 9.452731082043328570e-01 6.685259647044980991e-01 8.496946847452556684e-01 8.682650998810642617e-01 7.556968451937253750e-01 5.449068616739172199e-01 5.721987915798583124e-01 1.430808290367276969e-01 1.458308652591594479e+00 1.280955124800747580e+00 8.845492223000802623e-01 5.689710778422637505e-01 1.221842939380154647e+00 1.131067302541482578e+00 6.842083418162725472e-01 8.250296774241396847e-01
1.153946725382860583e+00 8.409957159702868834e-01 9.824207211170475906e-01 9.550385899303595050e-01 8.596387166496000098e-01 9.450169981963506549e-01 8.366430549209162848e-01 0.000000000000000000e+00 9.821359913579595924e-01 1.375097726899450423e+00 1.169385430505839985e+00 6.172880415060060244e-01 8.681958803705865924e-01 5.255590261050625545e-01 4.966404570846315591e-01 5.776207375297076618e-01 4.503853091641474293e-01 1.002481166524820999e+00 4.226304021955632484e-01 7.742514913462229531e-01 7.645928342079905127e-01 7.045600805642989739e-01 7.673884868429017292e-01 4.197972420314873832e-01 3.170380633413537597e-01 2.935518383719236679e-01 6.896624286955888028e-01 5.709826439050323943e-01 7.126702095089378908e-01 2.894065135278558465e-01 7.492661011486821954e-01 8.959971174073398936e-01 5.830623514061652468e-01 6.203701171656228475e-01 7.476648059028238036e-01 2.693941965921879400e-01 2.467661646829468758e-01 8.425412888204735218e-01 6.591658902909550699e-01 5.198992101059665139e-01 5.167365286032820082e-01 2.303751910900613820e-01 1.140126075161764119e+00 5.749242874263930103e-01 2.188715023171223240e-01 6.491857866784430664e-01 8.346431757809388285e-01 7.993302875335991375e-01 7.831617885796545719e-01 7.427502543810685642e-01 5.871357278597569840e-01 7.997519706572174814e-01 7.860356792982224894e-01 6.941359515703171557e-01 4.659280226789442869e-01 7.092388912318384753e-01 7.791374140822664440e-01 1.003444420039188323e+00 3.100729296095361409e-01 4.058555864483392450e-01 8.055945590354826047e-01 4.179007284514350551e-01 7.009823431340354016e-01 6.956240885190864143e-01 5.633351276124780593e-01 8.893767273724587641e-01 4.458419648379549627e-01 6.059269878498768636e-01 6.954801683806499657e-01 8.695516337979376509e-01 6.622744882627149554e-01 7.352382227412922466e-01 8.472013257312612788e-01 4.955429108109566938e-01 4.827992859452301944e-01 4.550818278119327931e-01 6.969868386912904112e-01 6.115000059638809882e-01 1.258332431612342983e+00 8.688805077766262874e-01 1.037389425816710231e+00 8.133694707132452795e-01 1.490857087514579071e-01 4.391957070779397010e-01 1.479964216012853440e-01 1.895788853064001855e-01 6.571973594207916047e-01 3.219710407728093027e-01 9.901576990672382728e-01 3.512281781983133122e-01 5.413921929754718088e-01 7.905432617269347872e-01 7.058500320830497499e-01 8.810936562294883201e-01 1.402598135502219345e-01 7.545478067638543562e-01 6.665894095939053354e-01 3.736675272824275806e-01 6.751077556813970260e-01 7.531123344442078871e-01
1.604379449380886724e+00 9.612950816655160269e-01 1.163754578403618956e+00 8.285217491253340505e-01 1.435002452296635145e+00 1.174141311168746205e+00 1.459126199923394651e+00 9.821359913579595924e-01 0.000000000000000000e+00 1.816037099055052284e+00 1.589974399648956149e+00 5.863353557715405007e-01 1.214187778019584218e+00 6.698278605580659795e-01 1.005142073787803847e+00 1.359830523758154053e+00 5.359736363339709930e-01 1.505079439823939103e+00 9.273781197263214482e-01 1.185181870235489709e+00 1.223998396762230767e+00 9.115252358903751517e-01 3.256403438651181426e-01 7.430772239859478878e-01 1.181363184432803637e+00 8.134018215480985914e-01 8.741421019218298394e-01 6.813009054744005866e-01 1.284010311313375841e+00 7.200809036747840564e-01 5.917471530780424871e-01 1.304534221453439669e+00 1.243803425761896175e+00 1.210490267396186592e+00 1.240814989781848565e+00 9.208605282000831282e-01 9.905640639324224672e-01 1.284522529741343400e+00 9.839809217329061886e-01 7.985224602392166915e-01 5.085669431893412584e-01 7.723641224284961693e-01 1.572587592909609810e+00 6.299917377914082683e-01 9.750833138280065038e-01 4.860236734009490966e-01 1.282954807140806786e+00 9.586068265311423753e-01 1.261189331789971835e+00 1.255602708300407544e+00 6.980655112773302973e-01 1.055078965499917310e+00 1.965028178655483793e-01 1.317239046697293192e+00 1.107360005677846537e+00 4.460426912311672432e-01 1.377706928675355824e+00 1.459357928383610004e+00 8.516246611279604251e-01 6.693340908419831425e-01 7.026521851479016201e-01 6.434540236119916656e-01 1.379667529117655667e+00 7.532455370773929459e-01 9.574804242048712277e-01 1.653297928539484984e-01 7.348273353675618402e-01 3.778740872433255515e-01 1.142939589037877290e+00 1.063357518656745215e+00 1.405959947624460193e+00 1.295494783863992971e+00 1.254381385883098110e+00 8.580097130950939954e-01 1.116392651826316529e+00 1.278906261981344938e+00 1.105523942737390408e+00 9.243193743514780403e-01 1.721003490836781724e+00 1.278088184571867236e+00 1.445926529862809451e+00 1.030071550283178095e+00 1.012962430792029078e+00 7.517244972714752782e-01 9.643381567832453038e-01 1.099868517025825776e+00 8.334596832618167417e-01 8.076743090957061444e-01 1.422619216815083298e+00 1.088329078913178982e+00 1.248470282042722257e+00 1.379017444099156053e+00 8.186137044028937160e-01 7.074476829817222256e-01 8.534077352746455292e-01 1.096513828472331697e+00 5.334743368299814659e-01 6.122045248095117076e-01 1.126726334182461597e+00 1.305815556882746531e+00
7.771948467713307718e-01 2.094372690607603005e+00 1.378368079754721975e+00 1.766150259375554032e+00 1.121713049096808579e+00 1.407763332292952363e+00 1.133634072535446569e+00 1.375097726899450423e+00 1.816037099055052284e+00 0.000000000000000000e+00 7.717306100095637778e-01 1.229701743283512227e+00 7.565180667670363679e-01 1.600590297014136798e+00 1.003713762169939239e+00 8.020958646866833686e-01 1.582501082081608557e+00 4.289052404790215656e-01 1.059080797228703519e+00 8.994148194704780774e-01 9.107666142714850865e-01 1.058106817456622384e+00 1.549564543067162292e+00 1.305270062324959790e+00 1.074247429655088792e+00 1.651796400914806950e+00 1.149152085767258580e+00 1.811909523506699538e+00 8.825155768200572126e-01 1.333236023822315319e+00 1.568614389092988004e+00 5.446134120692956992e-01 9.534579805796045138e-01 9.483508300599970964e-01 8.662870640689214197e-01 1.452299611609658481e+00 1.193411658989853574e+00 5.886217363310922712e-01 8.522937095442607580e-01 1.159330443946720912e+00 1.452555190102412741e+00 1.530092869048042203e+00 2.435274776407945208e-01 1.475237092994784227e+00 1.223818195531785502e+00 1.622588235910321419e+00 9.516856256157948390e-01 1.229896040787836098e+00 9.829141314454157285e-01 6.909287636263025112e-01 1.223356890782180795e+00 1.256987467662504132e+00 1.626834616031717529e+00 7.151308548697674627e-01 9.543262418322713270e-01 1.374318534536747904e+00 6.110536798918382306e-01 6.195249638391683300e-01 1.322409527870163970e+00 1.290778155368793811e+00 1.627958315112211451e+00 1.693755635757758116e+00 9.776599494943162272e-01 1.065842858333057697e+00 9.635340350368982731e-01 1.719434547523309043e+00 1.664970643253059102e+00 1.553131220184460926e+00 7.218842915712638808e-01 1.237857970327575163e+00 9.787143798490692825e-01 9.868914505563706197e-01 6.045683103301575656e-01 1.161229980933237593e+00 9.255304566035265079e-01 9.222132505668998448e-01 7.430250646250191604e-01 1.055710638697710202e+00 1.656555584265422265e-01 9.567711505645548620e-01 6.348722216805254837e-01 1.268415965994271088e+00 1.355006320523833852e+00 1.450600448873445858e+00 1.498279218894491338e+00 1.221906648941527784e+00 1.145806081157210610e+00 1.199014246285344365e+00 3.934958537353210328e-01 1.060675988207874454e+00 8.965836982309871583e-01 9.987295235551233441e-01 1.951375155914559567e+00 1.655772240861865585e+00 1.350061326483985580e+00 7.345984402965990423e-01 1.588696890189448929e+00 1.445960318046691562e+00 8.484511338379057133e-01 1.041540110229850269e+00
6.981607647106954362e-01 1.870900516667128199e+00 1.152305380348625397e+00 1.544548754057131434e+00 8.949631821688310840e-01 1.204169474439445775e+00 9.920137140607038218e-01 1.169385430505839985e+00 1.589974399648956149e+00 7.717306100095637778e-01 0.000000000000000000e+00 1.003639043877416093e+00 5.608871018834612476e-01 1.458969938539394384e+00 8.620934036951967139e-01 5.958075519350650717e-01 1.356438382675512644e+00 5.014655713734741393e-01 8.330180978226072730e-01 6.733521200643820537e-01 7.691462557967426728e-01 8.320441180505264711e-01 1.324885478975170505e+00 1.163649703850217376e+00 8.983101594095876941e-01 1.459343032983736022e+00 9.357297813667063702e-01 1.588437349566226509e+00 7.408952183453147988e-01 1.107173324416219629e+00 1.345142215152515197e+00 2.863720233089837586e-01 8.118376221048621000e-01 7.222881306539010726e-01 6.360976860729525839e-01 1.310679253134916511e+00 1.051791300515111383e+00 5.011290828665524444e-01 6.402035698572577926e-01 9.332677445406245553e-01 1.226492490696316828e+00 1.304030169641945625e+00 5.282031323687687019e-01 1.254958770263257417e+00 9.977554961256892563e-01 1.399116061969848390e+00 8.100652671410524253e-01 1.003833341381740185e+00 7.568514320393197048e-01 4.675580832139060727e-01 1.003078568050653985e+00 1.063813326034678042e+00 1.400771916625621394e+00 6.149131475460156704e-01 7.282635424261751922e-01 1.148265226117783255e+00 4.137714217028384822e-01 5.389773485250044516e-01 1.180789169395422222e+00 1.064715455962698121e+00 1.407679992380684419e+00 1.467692936351662647e+00 7.560726033385217759e-01 8.397801589269615619e-01 7.374713356308022494e-01 1.494755483431317256e+00 1.523350284778316910e+00 1.327068520778364791e+00 5.802639330965214670e-01 1.011795270921479251e+00 8.428621536298861461e-01 8.452710920816282059e-01 4.414110000697844538e-01 1.019609622458494957e+00 7.839100981287840941e-01 7.484788341975578962e-01 5.167615349699721250e-01 8.749899061369788011e-01 6.797762239047193678e-01 7.305076209095079376e-01 1.572969470689547788e-01 1.063935780316927815e+00 1.213385962049092104e+00 1.308980090398703444e+00 1.311475426501448549e+00 1.045969378696026686e+00 9.197433817511144749e-01 9.729515468792486743e-01 3.782347562742421343e-01 9.190556297331320401e-01 6.795916176149041643e-01 8.571091650803809303e-01 1.727902981974086538e+00 1.432300066921392778e+00 1.123998627077889001e+00 5.130438011678676302e-01 1.365224716248975900e+00 1.219897618640596093e+00 6.223884344318096895e-01 8.154774108237542452e-01
1.030302429347653481e+00 9.097388037025950780e-01 5.851946861346474238e-01 6.014294298627073099e-01 8.486670965250947551e-01 6.217791296963645076e-01 8.858364954151553006e-01 6.172880415060060244e-01 5.863353557715405007e-01 1.229701743283512227e+00 1.003639043877416093e+00 0.000000000000000000e+00 6.397609947644680162e-01 5.526494262618909525e-01 4.705087847097770837e-01 7.900241893519875935e-01 4.671753799335450208e-01 9.310024197907056376e-01 4.303609293654141466e-01 5.988465144639497639e-01 6.507086922539909724e-01 3.251898801188345400e-01 3.308126614806646271e-01 3.330222240308708392e-01 7.067843682086643042e-01 7.503091636464973568e-01 3.217799204494483645e-01 6.272756366016918328e-01 7.107206068051364900e-01 3.635879571896051821e-01 4.020228909580917387e-01 7.181988656818998340e-01 6.705137212536567137e-01 6.241549116246456474e-01 6.544796340103079535e-01 6.054989884854591331e-01 5.548745849943763631e-01 7.104455097081098236e-01 4.099615838769097298e-01 2.378828399976593289e-01 2.326799470486305976e-01 6.037193620920591197e-01 9.862522371380698649e-01 3.405182896187356478e-01 5.266851014627088601e-01 4.359793766980379348e-01 7.096651026325676570e-01 3.802442920382536062e-01 6.748539760184312231e-01 6.692673525288677094e-01 1.889447091517318100e-01 4.990012509543489960e-01 3.971328727482055787e-01 7.439493421890536196e-01 5.507647075015439375e-01 1.775374311709677633e-01 7.913715729038156566e-01 8.852809083503766496e-01 4.874594056103664363e-01 2.114324550576665018e-01 4.724726815321363405e-01 6.375956498845423148e-01 7.933321733461154990e-01 1.713802841176378378e-01 3.711450684333307271e-01 4.989332262140547258e-01 6.652656035431039339e-01 3.234294769009488091e-01 5.696498845296380509e-01 4.770221628852047702e-01 8.326702431162209539e-01 7.222050793557536208e-01 6.694030740058215523e-01 3.296727280280981609e-01 5.431029473180766232e-01 7.177265662810532465e-01 5.191885869658502406e-01 3.599464288410916812e-01 1.134668135065241668e+00 6.917528288003268466e-01 8.595911740912701715e-01 4.777093688107967862e-01 6.236915661830509938e-01 4.382771424532814208e-01 7.501163893595044208e-01 6.717705350841676193e-01 2.615073451395056314e-01 3.478984337841325436e-01 8.362838610435435749e-01 6.167642585844352876e-01 6.737299527047234671e-01 8.057277395909164808e-01 7.667412690095519734e-01 4.891807427269693753e-01 4.774843202789597063e-01 5.184329904590471161e-01 4.073973263265467937e-01 4.126790270401307081e-01 5.403909784109212078e-01 7.194802011112056972e-01
5.645639119981071818e-01 1.486080599211929032e+00 8.217382297063613450e-01 1.156878381165567626e+00 6.269245466109227838e-01 8.149436754743168976e-01 6.367259485682293940e-01 8.681958803705865924e-01 1.214187778019584218e+00 7.565180667670363679e-01 5.608871018834612476e-01 6.397609947644680162e-01 0.000000000000000000e+00 1.071503447064372505e+00 4.746269122201745572e-01 4.661318133799918773e-01 1.057059630389568516e+00 4.439527235364778557e-01 5.336393455366632566e-01 3.878330018929280754e-01 3.972216563777763443e-01 4.989475063558000412e-01 9.415509074210360874e-01 7.761832123751956081e-01 5.511578170292328327e-01 1.142121464340131842e+00 5.465039824015776038e-01 1.203617432111026009e+00 4.034961688528796442e-01 8.077945721302756121e-01 9.603222976973145864e-01 2.762035656876882239e-01 4.393356933928838637e-01 4.346436104377240928e-01 3.866504174418244344e-01 9.242864515470458064e-01 6.653984989272406780e-01 2.466923567811610263e-01 2.468591438733871435e-01 6.201656468136224065e-01 8.724409418130985028e-01 1.006648622453013786e+00 5.156841381382532008e-01 8.659652147847989312e-01 7.003739489367578619e-01 1.014296144514647890e+00 4.487652422507775185e-01 6.590947269038917034e-01 4.692069118231426139e-01 2.593526663179879788e-01 6.140850125721951658e-01 6.745875270695491643e-01 1.030489132890259008e+00 3.023939293604729905e-01 4.308819952372439088e-01 7.681450867884174194e-01 3.569850498794808757e-01 4.182578332718638880e-01 7.933226779203995660e-01 7.633627511164795543e-01 1.018686436902224601e+00 1.168314184065717853e+00 5.402293442326701056e-01 4.692210724508293351e-01 4.258290860044434689e-01 1.111420911877182505e+00 1.136743359910888040e+00 9.631904716654168253e-01 2.262861327316114113e-01 6.796715732066659355e-01 5.402327016605978915e-01 4.727691633696503026e-01 1.583450579509177725e-01 6.321431309834726342e-01 3.975172965409135561e-01 5.147808763445735902e-01 2.481878274218736746e-01 4.836344793286496690e-01 6.568616054123266323e-01 4.596119178083651335e-01 4.152019885251365117e-01 6.747099813517989375e-01 8.269931604612213993e-01 9.215135989236818981e-01 9.755641798155066935e-01 6.942406915619405705e-01 5.915496385480855102e-01 6.735727945933045469e-01 3.669595584168654501e-01 5.326628281452615576e-01 4.926525678879226655e-01 5.120985010599070630e-01 1.343083064518886038e+00 1.047480149466192278e+00 8.266170798889577176e-01 1.379397714431886690e-01 9.804047987937757336e-01 9.205188663546522987e-01 3.347439142156325431e-01 5.278328906075772098e-01
1.369379627730145099e+00 5.650455307926148807e-01 1.125087806949842006e+00 5.223609505102202455e-01 1.302701090146793250e+00 9.570906189965348032e-01 1.127400866660470680e+00 5.255590261050625545e-01 6.698278605580659795e-01 1.600590297014136798e+00 1.458969938539394384e+00 5.526494262618909525e-01 1.071503447064372505e+00 0.000000000000000000e+00 6.117695075212152833e-01 1.003156467523422135e+00 4.622381544599933889e-01 1.264638851921375373e+00 9.176237416123191881e-01 1.066443852276836468e+00 9.720994772509148341e-01 8.281286455417272707e-01 3.702905044659093314e-01 3.272368530894144145e-01 7.465398613467675304e-01 3.149209945793922660e-01 6.570076611620099261e-01 2.811092983014357172e-01 1.040986216191690739e+00 7.001817720994689687e-01 2.741758644818073076e-01 1.183205245601561595e+00 8.685457511418128718e-01 1.065728562816070424e+00 1.122076971823195324e+00 2.599403563129202288e-01 4.799236599690064886e-01 1.046976614356015745e+00 8.391646046195961883e-01 7.884864483782277889e-01 5.681247709500606424e-01 5.446593321797437159e-01 1.363864818349573849e+00 2.216332142602211175e-01 7.162836135869358190e-01 2.174970448154667224e-01 1.039078501316480940e+00 9.201374128534479668e-01 1.142451313831318149e+00 1.136864690341754525e+00 4.721556203801343110e-01 8.393016713231419290e-01 5.104096088348533122e-01 1.064836277648188112e+00 9.299866170404005317e-01 3.763598755971462317e-01 1.191759366850522195e+00 1.226000109804725291e+00 2.961005467692957027e-01 7.044326826937530317e-01 3.507436009577413749e-01 3.611136509517649529e-01 1.136655778643863801e+00 6.587531648627164005e-01 8.485480894014670872e-01 5.282627917169979703e-01 1.686668366107414441e-01 4.542160635273819747e-01 8.999154939161921885e-01 9.889172552764449176e-01 9.979452399987159827e-01 9.784176798436134970e-01 1.060967648276001762e+00 5.219278342653909109e-01 6.900628190308286669e-01 8.511089275261453091e-01 9.867859247787374999e-01 6.752633922177074810e-01 1.490713710733932551e+00 1.159350166613214217e+00 1.318385132154888062e+00 8.144301211421779430e-01 4.085942418327492831e-01 1.517275331001986527e-01 4.004185916396168499e-01 6.077595517419636106e-01 8.117750389078861595e-01 8.270051903130621884e-01 1.222653069672415604e+00 6.079231681280624633e-01 9.762093851586378657e-01 1.111729584277805438e+00 4.234007857032142108e-01 4.181900536070520813e-01 6.658188396552845445e-01 9.669071507032825918e-01 1.499541684289650290e-01 5.859663048526537743e-01 1.007988316223808578e+00 1.187683202954438411e+00
7.725030928859469848e-01 1.128633906242057394e+00 6.983508966049242206e-01 8.326531019560693414e-01 7.257869554265565792e-01 5.276527762145866163e-01 5.549187161214029773e-01 4.966404570846315591e-01 1.005142073787803847e+00 1.003713762169939239e+00 8.620934036951967139e-01 4.705087847097770837e-01 4.746269122201745572e-01 6.117695075212152833e-01 0.000000000000000000e+00 4.833898632659225925e-01 9.162990916426161370e-01 6.677623170771772587e-01 4.827309657431762546e-01 4.755253363604644012e-01 3.752229424067171637e-01 3.782737757647452459e-01 7.225371879591735436e-01 3.078834868105948530e-01 3.019055123146156538e-01 7.671182592327012717e-01 2.898954347768711304e-01 8.461434308436962537e-01 4.441096813474928462e-01 7.038399844387155380e-01 6.659170283880951891e-01 5.893398056379187677e-01 3.156448245830816290e-01 5.016669060549341363e-01 5.311584559068227573e-01 5.189477146491954240e-01 2.601240423102216259e-01 4.501000795118179076e-01 2.400676434201030052e-01 5.034147596469276120e-01 6.838905234376795317e-01 7.212857575104952845e-01 7.669882835053769554e-01 4.977403662557375319e-01 4.624931114370485208e-01 7.788732442014200119e-01 4.422019664722829368e-01 5.220623299105382475e-01 5.515327979149460269e-01 5.459461744253822912e-01 3.082623510165638514e-01 3.583045201999471852e-01 8.214434286584779699e-01 4.773384167314102533e-01 4.358131663833748615e-01 5.615292692974230837e-01 5.953066371602696583e-01 6.291235749605276206e-01 3.454231469386736531e-01 6.238582224780542251e-01 6.893841296113736306e-01 8.880353128826151687e-01 6.317733497929554076e-01 3.015026646450584824e-01 3.399171105438090201e-01 8.924071924153198498e-01 6.955884985415918820e-01 7.628200702314130721e-01 3.030389590719942960e-01 5.471508108200734410e-01 4.704980515227156768e-01 4.002084312965488722e-01 4.640911134318039810e-01 1.575162187632981048e-01 1.554768844986357534e-01 3.332436371059314117e-01 3.958674088623648224e-01 1.579998340040124627e-01 8.938371758897342145e-01 5.684316506968415394e-01 7.215085973106910577e-01 4.034257763148150211e-01 4.301060113576756772e-01 4.617796593805246763e-01 5.944859527936040555e-01 3.141058461547797109e-01 4.628206458534520062e-01 6.044821435859287773e-01 6.257765348282182671e-01 2.014935032487374100e-01 4.708312256639671789e-01 5.382646034306320937e-01 9.883649093832800325e-01 7.500109325207647837e-01 5.615123959370630358e-01 3.720677856298855724e-01 6.940123528143958831e-01 8.024137328253512225e-01 4.170698003074358451e-01 5.967646870380655111e-01
6.076856281006846050e-01 1.411137084893928639e+00 9.050520147075414856e-01 1.277052928498395579e+00 4.671747792878718220e-01 9.819147460225624569e-01 4.999565483283537337e-01 5.776207375297076618e-01 1.359830523758154053e+00 8.020958646866833686e-01 5.958075519350650717e-01 7.900241893519875935e-01 4.661318133799918773e-01 1.003156467523422135e+00 4.833898632659225925e-01 0.000000000000000000e+00 9.681545389025081327e-01 4.362753856676531150e-01 4.324524040318323270e-01 4.889997924936025364e-01 5.101659833381381182e-01 6.057427983190246668e-01 1.111999109599933311e+00 7.275587287856474239e-01 3.045917338257606022e-01 8.670673480409202272e-01 7.262322481536956920e-01 1.143268081917443224e+00 2.742573313095713616e-01 6.942608066215469886e-01 1.110551075882821426e+00 3.494165495201201344e-01 2.886457932320626862e-01 2.916459254810668811e-01 2.646803796151038224e-01 7.757280041361631628e-01 5.396047525455395233e-01 3.279553031360956106e-01 4.671340566909337189e-01 6.188333371341800948e-01 8.639641553126069518e-01 7.896790849812869162e-01 5.625053376320566789e-01 9.294243433199709248e-01 4.543754295975553914e-01 1.186628538605523531e+00 4.614472514890657906e-01 7.665329047169998633e-01 4.664153005811474961e-01 2.087432033140797227e-01 7.781370257501133425e-01 8.079835581405487854e-01 1.164355130930009308e+00 1.926572841975792982e-01 2.560584097318416297e-01 9.348950572528976766e-01 2.033933450223697204e-01 4.558083806426419526e-01 7.125342859338409385e-01 6.904964329161709102e-01 1.133783956153700201e+00 9.806015167064668914e-01 2.699689892851168116e-01 6.264099900620754280e-01 4.515012435545284197e-01 1.281869114056080061e+00 9.777478930518097577e-01 1.019988353710776341e+00 3.601025161676696396e-01 7.825889403425673185e-01 2.790018564506303589e-01 4.596868451290391233e-01 3.775364116601120923e-01 6.353700884764330592e-01 3.283820195071520120e-01 1.549350319770684825e-01 3.431648325491722384e-01 5.999353025915270532e-01 7.000828656407012129e-01 4.157179868891610619e-01 4.687686018942672783e-01 8.442951046964796147e-01 6.303132397052654268e-01 8.531666193827313061e-01 7.191997415586330877e-01 4.522509531121997606e-01 6.585935020704973830e-01 5.707205197813522979e-01 4.125369615375303889e-01 4.039485190377506418e-01 1.438343420355186475e-01 4.188649582075914535e-01 1.274889872287064740e+00 1.194584642774678240e+00 6.096475424172309587e-01 4.136876349419859045e-01 1.109108073068823863e+00 8.335227224417710579e-01 3.711902940720607780e-01 4.182625793229373667e-01
