0.000000000000000000e+00 2.095780609592144117e+01 1.560241898382054160e+01 1.476143825317522307e+01 1.121231770654710580e+01 8.151602884203430932e+00 7.913954060678372926e+00 2.036539721919569246e+01 1.752609742767047507e+01 7.591076976609471672e+00 1.497834971122409797e+01 1.002285871356707858e+01 1.281386120481758084e+01 1.528916014046968463e+01 4.887019200967137600e+00 1.626107261167713247e+01 4.591878167739491978e+00 1.043452553561584040e+01 1.972299927306742617e+01 1.216637474435161081e+01 1.107103083776435604e+01 1.807668964374011011e+01 4.097683644758710386e+00 1.406250118210423850e+01 9.687261732588311247e+00
2.095780609592144117e+01 0.000000000000000000e+00 1.548310560362923738e+01 1.486136095443848149e+01 1.204705228091675728e+01 1.761421743823598618e+01 1.932287681680758240e+01 7.889084400608411762e+00 7.577485347614591582e+00 1.347461613833019278e+01 6.187046633750012958e+00 1.219781082331162736e+01 9.253183671558851131e+00 1.084688786194898569e+01 1.651486482410497203e+01 4.808741298731587399e+00 1.754576036123586391e+01 1.493815321650932582e+01 4.219950812963577214e+00 1.666594160549812997e+01 1.834927842949764099e+01 4.013509563251684398e+00 1.862421517361885037e+01 8.987590400264402035e+00 1.234521733940611732e+01
1.560241898382054160e+01 1.548310560362923738e+01 0.000000000000000000e+00 2.058078714124630082e+01 1.101792741209017024e+01 8.162898855924119346e+00 1.970705381318115457e+01 7.912685529040318855e+00 1.914003199516081821e+01 1.299287151198801382e+01 9.719902505143780402e+00 6.479572061955699347e+00 1.498542991184232775e+01 5.124340842954261177e+00 1.096778724647250058e+01 1.427416546822513332e+01 1.544843521490197169e+01 1.720163300310700549e+01 1.197015712927416509e+01 4.090630465367942392e+00 2.029772013251412943e+01 1.746736390156273089e+01 1.211328765004452102e+01 1.271363674331890437e+01 1.314397296963569950e+01
1.476143825317522307e+01 1.486136095443848149e+01 2.058078714124630082e+01 0.000000000000000000e+00 1.104174602079233836e+01 1.748261730430953520e+01 8.201201920704081161e+00 1.932542320969667671e+01 7.570343252046803251e+00 8.173508354156773237e+00 1.361110550683266140e+01 1.458462052593900538e+01 6.046506936374944630e+00 1.592050700641804895e+01 1.291251614800005498e+01 1.038726086361782741e+01 1.052423126979426016e+01 4.329029823781031183e+00 1.800831604391905572e+01 1.940255162066522132e+01 4.075532464811176148e+00 1.140843992297385689e+01 1.656927063744785755e+01 9.890751890655188561e+00 8.492490510233695389e+00
1.121231770654710580e+01 1.204705228091675728e+01 1.101792741209017024e+01 1.104174602079233836e+01 0.000000000000000000e+00 1.121333252575102257e+01 1.481923445421305630e+01 1.149046512061578085e+01 1.037500460018551607e+01 7.560103401432676229e+00 5.906446824487549208e+00 5.732421809740817054e+00 5.641414039846190498e+00 6.800747859216657254e+00 7.042316543304512066e+00 8.099321184459851608e+00 1.090975182814738886e+01 1.041106348126840153e+01 1.074161187249081095e+01 1.130503851606944821e+01 1.398439082184598803e+01 1.012526009361553747e+01 1.101715504544242918e+01 4.185026758477663478e+00 3.871487713478999115e+00
8.151602884203430932e+00 1.761421743823598618e+01 8.162898855924119346e+00 1.748261730430953520e+01 1.121333252575102257e+01 0.000000000000000000e+00 1.399296798777385220e+01 1.346928105790902030e+01 1.986303242985323791e+01 9.312426017822440727e+00 1.180679987372383621e+01 5.744475617278752999e+00 1.478577542891214591e+01 8.395918564653493732e+00 4.741695892320841210e+00 1.638613727367133421e+01 9.327153978561074865e+00 1.326464406803650320e+01 1.428105258399867594e+01 4.075539963127564391e+00 1.628721005692603541e+01 1.959778319319258344e+01 4.062629219801062952e+00 1.394681586885654312e+01 1.134098877281316220e+01
7.913954060678372926e+00 1.932287681680758240e+01 1.970705381318115457e+01 8.201201920704081161e+00 1.481923445421305630e+01 1.399296798777385220e+01 0.000000000000000000e+00 2.367856284004123424e+01 1.224151549455052645e+01 7.567617281459582124e+00 1.783150362962390645e+01 1.411137170021855525e+01 1.017787643579894663e+01 1.937767312712116663e+01 9.596415550227066049e+00 1.470059265501022772e+01 4.681848742243349903e+00 4.501673631455648028e+00 2.242858085172595395e+01 1.687577109361153660e+01 4.253194046838526532e+00 1.587061210574538173e+01 1.179696354734056740e+01 1.410006211859426806e+01 1.120084006068249849e+01
2.036539721919569246e+01 7.889084400608411762e+00 7.912685529040318855e+00 1.932542320969667671e+01 1.149046512061578085e+01 1.346928105790902030e+01 2.367856284004123424e+01 0.000000000000000000e+00 1.353119204220491056e+01 1.704837139504677523e+01 6.023970535939544568e+00 1.034527021026892690e+01 1.360886969479252429e+01 5.079334426922681445e+00 1.574174847342455763e+01 9.081225658629689335e+00 2.019828821638657956e+01 1.929383923974298298e+01 4.127140243903044237e+00 9.774192808729955217e+00 2.270496445273132124e+01 1.111713598387017399e+01 1.700568083413956089e+01 1.000559992162872014e+01 1.445368006642061154e+01
1.752609742767047507e+01 7.577485347614591582e+00 1.914003199516081821e+01 7.570343252046803251e+00 1.037500460018551607e+01 1.986303242985323791e+01 1.224151549455052645e+01 1.353119204220491056e+01 0.000000000000000000e+00 1.056164841151331402e+01 9.711148713328814353e+00 1.448303693214658594e+01 5.354986238331222559e+00 1.425979492824721717e+01 1.538580985819759483e+01 4.998466608042754444e+00 1.320997197078388119e+01 7.859173811571789514e+00 1.077222048394909670e+01 1.986661263645599362e+01 1.121296737861793957e+01 4.061720987220716950e+00 1.909994442968717721e+01 6.685058433628660701e+00 9.631007704207183551e+00
7.591076976609471672e+00 1.347461613833019278e+01 1.299287151198801382e+01 8.173508354156773237e+00 7.560103401432676229e+00 9.312426017822440727e+00 7.567617281459582124e+00 1.704837139504677523e+01 1.056164841151331402e+01 0.000000000000000000e+00 1.124530828705325547e+01 7.381536170621521009e+00 5.485041212146973599e+00 1.264783759752412884e+01 4.829380595857593939e+00 8.777882654085875203e+00 4.667832134359109375e+00 4.220718234634239785e+00 1.627302367498741376e+01 1.123236033417812152e+01 7.413633457079379596e+00 1.068916902663749013e+01 8.709575333055271429e+00 7.353044875329927343e+00 3.854603521281100953e+00
1.497834971122409797e+01 6.187046633750012958e+00 9.719902505143780402e+00 1.361110550683266140e+01 5.906446824487549208e+00 1.180679987372383621e+01 1.783150362962390645e+01 6.023970535939544568e+00 9.711148713328814353e+00 1.124530828705325547e+01 0.000000000000000000e+00 6.271390854291372996e+00 7.679891963804166721e+00 5.052660203911600867e+00 1.035470096545296670e+01 4.845282186393136570e+00 1.481124070841498686e+01 1.344678002932566585e+01 5.059696833948132522e+00 1.088289111746384208e+01 1.685931661564884365e+01 8.096795510101543414e+00 1.265340671704920794e+01 4.044873174397471516e+00 8.794705398844037347e+00
1.002285871356707858e+01 1.219781082331162736e+01 6.479572061955699347e+00 1.458462052593900538e+01 5.732421809740817054e+00 5.744475617278752999e+00 1.411137170021855525e+01 1.034527021026892690e+01 1.448303693214658594e+01 7.381536170621521009e+00 6.271390854291372996e+00 0.000000000000000000e+00 1.016993064379486356e+01 5.269033131542917303e+00 5.399209967795944642e+00 1.086006932520479573e+01 9.855749710757963911e+00 1.117066213973649802e+01 9.702872264140662395e+00 6.159496605246131296e+00 1.469890188624365734e+01 1.411158264891319725e+01 6.662667656197247545e+00 8.268519768356988209e+00 6.954518519406841293e+00
1.281386120481758084e+01 9.253183671558851131e+00 1.498542991184232775e+01 6.046506936374944630e+00 5.641414039846190498e+00 1.478577542891214591e+01 1.017787643579894663e+01 1.360886969479252429e+01 5.354986238331222559e+00 5.485041212146973599e+00 7.679891963804166721e+00 1.016993064379486356e+01 0.000000000000000000e+00 1.029635241319158467e+01 1.030920265883124998e+01 4.630899509761511545e+00 8.292576689677018109e+00 5.793152835500701592e+00 1.235888770647722978e+01 1.560117778167226632e+01 9.205689421823873175e+00 5.800918960496663779e+00 1.405465632918708607e+01 3.935151227424527054e+00 4.421367982974691024e+00
1.528916014046968463e+01 1.084688786194898569e+01 5.124340842954261177e+00 1.592050700641804895e+01 6.800747859216657254e+00 8.395918564653493732e+00 1.937767312712116663e+01 5.079334426922681445e+00 1.425979492824721717e+01 1.264783759752412884e+01 5.052660203911600867e+00 5.269033131542917303e+00 1.029635241319158467e+01 0.000000000000000000e+00 1.066551139469855158e+01 9.626029885789106899e+00 1.512205113766056819e+01 1.562305983648174212e+01 7.487441681862067711e+00 5.952794712799887478e+00 1.904019441944364743e+01 1.283114615988249341e+01 1.192944375541354951e+01 7.657406575416845662e+00 1.033076923271164560e+01
4.887019200967137600e+00 1.651486482410497203e+01 1.096778724647250058e+01 1.291251614800005498e+01 7.042316543304512066e+00 4.741695892320841210e+00 9.596415550227066049e+00 1.574174847342455763e+01 1.538580985819759483e+01 4.829380595857593939e+00 1.035470096545296670e+01 5.399209967795944642e+00 1.030920265883124998e+01 1.066551139469855158e+01 0.000000000000000000e+00 1.360123073500215796e+01 5.065172660163715257e+00 8.586059269595702759e+00 1.509935052729629845e+01 7.279355543384470550e+00 1.159359432788383515e+01 1.551333047332177095e+01 3.998490140519689096e+00 1.093480293087538158e+01 6.871344164364588281e+00
1.626107261167713247e+01 4.808741298731587399e+00 1.427416546822513332e+01 1.038726086361782741e+01 8.099321184459851608e+00 1.638613727367133421e+01 1.470059265501022772e+01 9.081225658629689335e+00 4.998466608042754444e+00 8.777882654085875203e+00 4.845282186393136570e+00 1.086006932520479573e+01 4.630899509761511545e+00 9.626029885789106899e+00 1.360123073500215796e+01 0.000000000000000000e+00 1.292347619943852521e+01 1.031586905471198357e+01 7.886396760511798831e+00 1.545105861644226231e+01 1.372699426770030939e+01 4.431579188911810796e+00 1.728245072626195977e+01 4.290856916020083567e+00 7.648483855161797962e+00
4.591878167739491978e+00 1.754576036123586391e+01 1.544843521490197169e+01 1.052423126979426016e+01 1.090975182814738886e+01 9.327153978561074865e+00 4.681848742243349903e+00 2.019828821638657956e+01 1.320997197078388119e+01 4.667832134359109375e+00 1.481124070841498686e+01 9.855749710757963911e+00 8.292576689677018109e+00 1.512205113766056819e+01 5.065172660163715257e+00 1.292347619943852521e+01 0.000000000000000000e+00 6.196947623320691712e+00 1.955589027025832038e+01 1.234452820354818314e+01 7.296946945771005666e+00 1.409349565017368278e+01 7.383844547461877461e+00 1.200520864182008296e+01 8.235442441523876056e+00
1.043452553561584040e+01 1.493815321650932582e+01 1.720163300310700549e+01 4.329029823781031183e+00 1.041106348126840153e+01 1.326464406803650320e+01 4.501673631455648028e+00 1.929383923974298298e+01 7.859173811571789514e+00 4.220718234634239785e+00 1.344678002932566585e+01 1.117066213973649802e+01 5.793152835500701592e+00 1.562305983648174212e+01 8.586059269595702759e+00 1.031586905471198357e+01 6.196947623320691712e+00 0.000000000000000000e+00 1.804385725142769203e+01 1.522830320436407625e+01 4.046012878445225169e+00 1.148588850544713935e+01 1.224024081366681393e+01 9.715338518296020354e+00 6.786830557356873683e+00
1.972299927306742617e+01 4.219950812963577214e+00 1.197015712927416509e+01 1.800831604391905572e+01 1.074161187249081095e+01 1.428105258399867594e+01 2.242858085172595395e+01 4.127140243903044237e+00 1.077222048394909670e+01 1.627302367498741376e+01 5.059696833948132522e+00 9.702872264140662395e+00 1.235888770647722978e+01 7.487441681862067711e+00 1.509935052729629845e+01 7.886396760511798831e+00 1.955589027025832038e+01 1.804385725142769203e+01 0.000000000000000000e+00 1.327086515346852202e+01 2.145498246441602674e+01 7.483090414654013145e+00 1.636328288801129816e+01 9.045523977494193346e+00 1.367833234636125006e+01
1.216637474435161081e+01 1.666594160549812997e+01 4.090630465367942392e+00 1.940255162066522132e+01 1.130503851606944821e+01 4.075539963127564391e+00 1.687577109361153660e+01 9.774192808729955217e+00 1.986661263645599362e+01 1.123236033417812152e+01 1.088289111746384208e+01 6.159496605246131296e+00 1.560117778167226632e+01 5.952794712799887478e+00 7.279355543384470550e+00 1.545105861644226231e+01 1.234452820354818314e+01 1.522830320436407625e+01 1.327086515346852202e+01 0.000000000000000000e+00 1.826327184507638179e+01 1.865019990343163414e+01 8.131507473847557677e+00 1.346893861823234673e+01 1.309503396220078919e+01
1.107103083776435604e+01 1.834927842949764099e+01 2.029772013251412943e+01 4.075532464811176148e+00 1.398439082184598803e+01 1.628721005692603541e+01 4.253194046838526532e+00 2.270496445273132124e+01 1.121296737861793957e+01 7.413633457079379596e+00 1.685931661564884365e+01 1.469890188624365734e+01 9.205689421823873175e+00 1.904019441944364743e+01 1.159359432788383515e+01 1.372699426770030939e+01 7.296946945771005666e+00 4.046012878445225169e+00 2.145498246441602674e+01 1.826327184507638179e+01 0.000000000000000000e+00 1.489701371843545985e+01 1.456394746182353295e+01 1.312787510461918572e+01 1.040050947199783593e+01
1.807668964374011011e+01 4.013509563251684398e+00 1.746736390156273089e+01 1.140843992297385689e+01 1.012526009361553747e+01 1.959778319319258344e+01 1.587061210574538173e+01 1.111713598387017399e+01 4.061720987220716950e+00 1.068916902663749013e+01 8.096795510101543414e+00 1.411158264891319725e+01 5.800918960496663779e+00 1.283114615988249341e+01 1.551333047332177095e+01 4.431579188911810796e+00 1.409349565017368278e+01 1.148588850544713935e+01 7.483090414654013145e+00 1.865019990343163414e+01 1.489701371843545985e+01 0.000000000000000000e+00 1.926076599876559570e+01 6.421385660394324901e+00 9.615815462589132778e+00
4.097683644758710386e+00 1.862421517361885037e+01 1.211328765004452102e+01 1.656927063744785755e+01 1.101715504544242918e+01 4.062629219801062952e+00 1.179696354734056740e+01 1.700568083413956089e+01 1.909994442968717721e+01 8.709575333055271429e+00 1.265340671704920794e+01 6.662667656197247545e+00 1.405465632918708607e+01 1.192944375541354951e+01 3.998490140519689096e+00 1.728245072626195977e+01 7.383844547461877461e+00 1.224024081366681393e+01 1.636328288801129816e+01 8.131507473847557677e+00 1.456394746182353295e+01 1.926076599876559570e+01 0.000000000000000000e+00 1.456059110693183278e+01 1.079228165480467005e+01
1.406250118210423850e+01 8.987590400264402035e+00 1.271363674331890437e+01 9.890751890655188561e+00 4.185026758477663478e+00 1.394681586885654312e+01 1.410006211859426806e+01 1.000559992162872014e+01 6.685058433628660701e+00 7.353044875329927343e+00 4.044873174397471516e+00 8.268519768356988209e+00 3.935151227424527054e+00 7.657406575416845662e+00 1.093480293087538158e+01 4.290856916020083567e+00 1.200520864182008296e+01 9.715338518296020354e+00 9.045523977494193346e+00 1.346893861823234673e+01 1.312787510461918572e+01 6.421385660394324901e+00 1.456059110693183278e+01 0.000000000000000000e+00 4.898998656392934414e+00
9.687261732588311247e+00 1.234521733940611732e+01 1.314397296963569950e+01 8.492490510233695389e+00 3.871487713478999115e+00 1.134098877281316220e+01 1.120084006068249849e+01 1.445368006642061154e+01 9.631007704207183551e+00 3.854603521281100953e+00 8.794705398844037347e+00 6.954518519406841293e+00 4.421367982974691024e+00 1.033076923271164560e+01 6.871344164364588281e+00 7.648483855161797962e+00 8.235442441523876056e+00 6.786830557356873683e+00 1.367833234636125006e+01 1.309503396220078919e+01 1.040050947199783593e+01 9.615815462589132778e+00 1.079228165480467005e+01 4.898998656392934414e+00 0.000000000000000000e+00
