0.000000000000000000e+00 1.825916603919623737e+00 1.179657156080434088e+00 1.515485795151574999e+00 9.891130686071131217e-01 1.153344862099822787e+00 9.073033500609324342e-01 1.160842641907545048e+00 1.580612643420866492e+00 7.739140593980470273e-01 7.005482171217343179e-01 9.523953001952025765e-01 5.691527113140719685e-01 1.356491127393657292e+00 6.193198661076029232e-01 1.394860610076127605e+00 8.524846231549582098e-01 4.585042705741694813e-01 7.515807234765591316e-01 7.738974578340079846e-01 6.791917068702553184e-01 1.266509679867814375e+00 1.071910661325093717e+00 8.561049913563474334e-01 1.463125081906105684e+00 1.323438019914646491e+00 9.408922195450064585e-01 1.109997314905774690e+00 8.983556821984861607e-01 1.575228061237506472e+00 6.544916809540944902e-01 1.211419548216667863e+00 8.104306458373469191e-01 7.233384140199030643e-01 7.084256639271691025e-01 4.923281220527186974e-01 3.803732398240697310e-01 1.368979603829194147e+00 5.577615267866726789e-01 8.819861343664788800e-01 6.062332430450446674e-01 9.573753780175991990e-01 1.069233610447111849e+00 1.362747630668560861e+00 1.176135609735390108e+00 9.269709625375793793e-01 2.204390289569909123e-01 1.119086465249147899e+00 1.433880478653494217e+00 1.195551832755946231e+00 7.465466455444461635e-01 8.827420189377959137e-01 6.167513265332789096e-01 1.021217708211273001e+00 1.491006603468610692e+00 9.848992800595005592e-01 7.876050053579739529e-01 9.756859736836942520e-01 8.222546878472752896e-01 1.346976466847761733e+00 1.302900527806514663e+00 4.160798197494569584e-01 5.707327972247427939e-01 7.456843653889529966e-01 1.428099586669619114e+00 1.292333663512269304e+00 7.186424448055336311e-01 1.472168814955088001e+00 1.335220661955622168e+00 7.888954644681307471e-01 5.055502153567735801e-01 1.051878024783808208e+00 4.111883292278309399e-01 5.248651655033029773e-01 1.443122867854967017e+00
1.825916603919623737e+00 0.000000000000000000e+00 1.416829487926590359e+00 1.000215489038202454e+00 1.655609184563913372e+00 1.467653306909609823e+00 1.607398323000461149e+00 8.501172514487352894e-01 9.417399417648354421e-01 2.050455122191838342e+00 1.826556450603643134e+00 8.904802083379096400e-01 1.431189608729483309e+00 5.312103943884600721e-01 1.429832517583363050e+00 6.110906830106489496e-01 1.113648745927338535e+00 1.744865257818398740e+00 1.101427772528174032e+00 1.444259512601165474e+00 1.451221358150900365e+00 6.929311465935412695e-01 8.332640031565263783e-01 1.197378310416234326e+00 5.524918661013208387e-01 7.101897886522382519e-01 1.224819470794769272e+00 8.972197576399534302e-01 1.143228612123873056e+00 2.818742694533260540e-01 1.508587270083290965e+00 6.722539649788576988e-01 1.385998554408069516e+00 1.481546188118107343e+00 1.330466342724090811e+00 1.530665542901923803e+00 1.516897137988850064e+00 6.510244822977513390e-01 1.813958019789575271e+00 1.121283601316763745e+00 1.223220646621410168e+00 1.058800715945083404e+00 9.025210304139392736e-01 4.720284349615774255e-01 7.854067902911693322e-01 9.913804558915608744e-01 1.619352712821431561e+00 8.216542758844944672e-01 7.529155896947798965e-01 7.604080596411807447e-01 1.455633544993590656e+00 1.536223168070852463e+00 1.532698032436111690e+00 8.337115460736493899e-01 4.735540315014007406e-01 1.293235448844023638e+00 1.042898458183602939e+00 9.889180193313097389e-01 1.493135648135827553e+00 8.354257373814240051e-01 6.993547325304010354e-01 1.502673651375326491e+00 1.364976932333170634e+00 1.269102297049806038e+00 8.226658408532233624e-01 7.096942055700576901e-01 1.510374413456045950e+00 4.279477505131503712e-01 6.645412891544073553e-01 1.227570703339233349e+00 1.375657719706340876e+00 1.279511736951777445e+00 1.659186171183767655e+00 1.658740176352395679e+00 8.581855262982579502e-01
1.179657156080434088e+00 1.416829487926590359e+00 0.000000000000000000e+00 1.122730159378097836e+00 9.998026867180976884e-01 9.048627990055019277e-01 1.049075626487947943e+00 9.016618740274341404e-01 1.124704432332864545e+00 1.383640850644424436e+00 1.155852408350824811e+00 5.722833821581759794e-01 7.819129192321790933e-01 1.102996165154842556e+00 9.373847501065244447e-01 9.046265292214817899e-01 5.545975123937334494e-01 1.086678015232640515e+00 7.087250729298441021e-01 7.636594581333185916e-01 8.137425314513045960e-01 8.241531656118357141e-01 8.576930402861179248e-01 6.043070841539341931e-01 1.155981492829988300e+00 9.306823841411701048e-01 2.888747555755005747e-01 6.152643439674811976e-01 8.201449339986923714e-01 1.166140945244473981e+00 8.711084433836954188e-01 1.123441963863504700e+00 7.698390173871874076e-01 8.012437045851473760e-01 8.175988713998351143e-01 8.564776584106752466e-01 8.714414544349844416e-01 9.662405401672119476e-01 1.147143748242160921e+00 6.477512758054437825e-01 5.805411699242443158e-01 3.973570120193554156e-01 6.870016122960264093e-01 9.506853348606917331e-01 8.027767768722376962e-01 8.938004949198529170e-01 9.730932649822420233e-01 6.355130174979107816e-01 9.624642648576551274e-01 7.433684440782162284e-01 8.745845685418265347e-01 8.672965174207905026e-01 8.524000861673443064e-01 9.319785621597842518e-01 1.034382777535242548e+00 7.543618889560077534e-01 4.321371903006217541e-01 6.767210536207549643e-01 9.307041720493953729e-01 9.542208310742849031e-01 8.213335275544411118e-01 8.482054879476252918e-01 6.846744488002107776e-01 8.608058882007660895e-01 9.738827813246225817e-01 1.073370155043261054e+00 8.728955867564507365e-01 1.178591223788134856e+00 9.706318659105107605e-01 6.769903825114458318e-01 7.381788930067454402e-01 1.595013842570353890e-01 9.825726180570049095e-01 9.896559319585997994e-01 1.055932346097617991e+00
1.515485795151574999e+00 1.000215489038202454e+00 1.122730159378097836e+00 0.000000000000000000e+00 1.379271176183636038e+00 1.120060740214124495e+00 1.370769572968956851e+00 9.804609155626596850e-01 8.280857834517753036e-01 1.740675389318650623e+00 1.516799808684410777e+00 5.667104010202865805e-01 1.121432966810250731e+00 5.521015340831579854e-01 1.260303508088570279e+00 7.292009282489166910e-01 9.805206942990960517e-01 1.432378836523204191e+00 8.713486861082782031e-01 1.136972306013421141e+00 1.137318523814510263e+00 5.163366214809720356e-01 5.783385755446514009e-01 8.637119742027349334e-01 8.474896989007504322e-01 2.900257003859645355e-01 9.296617692386719423e-01 7.614031269184956541e-01 1.120380133531780897e+00 7.484861509548916825e-01 1.194684435746900864e+00 7.207778487826864700e-01 1.151749268199765863e+00 1.174258981530362345e+00 1.130249706594204762e+00 1.220908900982691447e+00 1.202994303652459962e+00 9.306393310559776255e-01 1.504201377870343137e+00 7.685371980226439748e-01 9.113782069743789904e-01 7.659612460509327425e-01 9.844502238098647995e-01 5.416571516131998276e-01 3.731561900697077383e-01 9.068436018850420943e-01 1.308921904053382823e+00 5.605804801882584565e-01 6.670871117078840395e-01 8.274901544347362803e-01 1.197841933191816644e+00 1.241908972485172402e+00 1.224341291795438824e+00 7.555964185570350766e-01 7.700908984557571779e-01 9.438675772801938813e-01 7.354948633982233419e-01 6.196670155656633927e-01 1.316321059205962873e+00 1.711655760927928149e-01 6.051350728786397681e-01 1.192242842607277753e+00 1.057689725745426301e+00 1.109390153640933185e+00 6.801172687620898882e-01 8.830285934228839784e-01 1.196471579119655404e+00 7.122109840152077709e-01 4.213076647650829676e-01 1.065318519350962445e+00 1.061754885369950774e+00 9.854124084032839237e-01 1.349429529264535299e+00 1.348983534433163101e+00 1.579865947216102795e-01
9.891130686071131217e-01 1.655609184563913372e+00 9.998026867180976884e-01 1.379271176183636038e+00 0.000000000000000000e+00 1.059852215379915030e+00 8.958571912673459758e-01 8.661095763993025276e-01 1.424040806232686363e+00 1.126729013576261762e+00 8.985851940691235162e-01 8.186592685780874623e-01 6.210576854562246396e-01 1.315172510196886746e+00 4.708961996253746563e-01 1.104066758113180224e+00 5.549799045911819606e-01 8.188186036055850048e-01 7.277506037611309875e-01 3.693923257873734101e-01 7.565549875203674279e-01 1.118613058468975296e+00 1.031315988074588352e+00 7.561233337773516361e-01 1.171492471759923548e+00 1.187223400946707530e+00 7.373398636446552024e-01 8.389091975177934701e-01 5.674345490551905291e-01 1.396091440882684109e+00 7.353014672460933543e-01 1.064842291421734366e+00 2.726446480119306126e-01 2.839750772989980687e-01 6.536995417729051239e-01 5.944130096429254273e-01 6.768505992040250163e-01 1.015060274547867625e+00 8.902319111739984692e-01 8.088578105299786269e-01 5.165315146303496308e-01 7.592474956038313127e-01 7.538372142221057004e-01 1.222544026788699556e+00 1.048698184952615131e+00 7.468874546213105647e-01 7.815361325876801768e-01 9.571390127815586624e-01 1.275609626401194463e+00 8.984277438953478523e-01 8.183595084750728832e-01 1.853520618611282089e-01 4.422190676969715573e-01 9.209094627366127828e-01 1.182804213134644344e+00 8.953021314878082393e-01 6.437763127854129186e-01 8.826531795712043715e-01 2.302080067563411769e-01 1.210761847879822772e+00 1.141201859001651719e+00 5.912936508794629509e-01 4.206822458268759668e-01 4.827241398242477222e-01 1.272192245014193146e+00 1.021731989258954920e+00 8.136153711741682670e-01 1.318994320164493139e+00 1.212492940441741496e+00 4.284595440838717684e-01 6.575458642885450011e-01 8.699961439494936499e-01 6.723700545710207255e-01 7.327440948904372364e-01 1.310839641339089257e+00
1.153344862099822787e+00 1.467653306909609823e+00 9.048627990055019277e-01 1.120060740214124495e+00 1.059852215379915030e+00 0.000000000000000000e+00 9.974880793307984161e-01 9.489674725596607407e-01 1.237817476458654475e+00 1.381886472537553257e+00 1.191921873145016519e+00 5.781567240341561886e-01 7.965550312708565839e-01 1.029577437781978189e+00 9.260131627356681383e-01 1.080504295572800810e+00 7.148818423933073207e-01 1.066402739625720297e+00 5.885363695023867470e-01 8.175103420842608770e-01 7.698895401659793247e-01 9.188885230284119521e-01 7.356978544325144531e-01 3.104182535060807657e-01 1.230257134878386616e+00 9.469171045302237077e-01 6.855710234049939844e-01 7.979828968671727196e-01 8.426272437274979765e-01 1.216964764227493001e+00 8.287083388494173031e-01 9.622586794331124960e-01 8.323303073960452991e-01 8.547970176012021915e-01 7.594029108716241483e-01 8.960309654432970783e-01 8.370182067549766236e-01 1.190567390244792190e+00 1.153051439152530389e+00 4.311304237092000169e-01 5.799193602372031409e-01 6.462181567067647459e-01 9.344215360638320478e-01 1.004484333658547834e+00 7.586628026277263404e-01 7.540233318927460626e-01 9.484550853254564151e-01 7.962570218377182929e-01 1.098038470723548654e+00 9.831649442933930727e-01 8.277876495716612881e-01 9.224470085560121380e-01 9.000361209431685383e-01 7.685173819232440362e-01 1.225806815300271024e+00 1.950477592811640515e-01 4.732073734962655709e-01 5.653366103865726799e-01 9.973442579332449931e-01 9.516468830284651181e-01 9.672180751539082300e-01 8.361142323417313227e-01 7.346251606090178354e-01 7.918796754104880931e-01 1.085098899469019162e+00 1.074173940387940673e+00 8.304954822221726207e-01 1.177163216637630239e+00 8.999419469713501041e-01 7.471424297816364746e-01 6.957787884724674354e-01 7.746730034750107796e-01 9.972972617093986969e-01 1.024105598893768843e+00 1.042812472329767148e+00
9.073033500609324342e-01 1.607398323000461149e+00 1.049075626487947943e+00 1.370769572968956851e+00 8.958571912673459758e-01 9.974880793307984161e-01 0.000000000000000000e+00 8.556194568067422290e-01 1.441306011033652412e+00 1.136703782847890976e+00 1.000291023585502703e+00 8.080945334697033910e-01 6.461360039419385970e-01 1.134962618428801751e+00 4.706039655066684979e-01 1.260880884237829180e+00 7.317714770277936598e-01 8.079573966019438780e-01 5.304923002042428726e-01 7.508478123551228789e-01 3.643063441033729810e-01 1.127203047480600295e+00 8.529063140023973588e-01 7.002482085873227291e-01 1.158050709683908330e+00 1.182360966309365047e+00 8.103106899525203133e-01 9.754780399129014956e-01 5.823800365936702139e-01 1.348532185885379819e+00 2.666128967267793470e-01 9.374649004485889892e-01 6.679339221437883278e-01 7.213473940222144831e-01 2.806347820738619436e-01 7.580584672369702348e-01 5.512459862604960348e-01 1.094586753374129362e+00 9.078687494628688848e-01 6.770043884653762500e-01 4.868878480155853228e-01 8.232222767353489790e-01 8.737981311995339784e-01 1.223012272048805249e+00 1.012183517462158733e+00 6.398145549929044051e-01 7.032723956357943562e-01 9.806479325776552569e-01 1.295366127178518623e+00 1.057902656902816041e+00 1.935063837919309693e-01 8.557844788268742509e-01 6.594773778608700177e-01 7.737035556317922724e-01 1.286236038528169034e+00 8.154022265066317443e-01 6.490906538829990247e-01 7.677521933538115073e-01 6.806793110677048508e-01 1.202355715783297141e+00 1.164386176331539735e+00 5.909315426520694858e-01 6.369122931516029151e-01 4.267423844538493771e-01 1.288792954282405034e+00 9.876548349555349660e-01 2.002553141430818140e-01 1.215255390923212886e+00 1.122301096278125465e+00 6.099824868521388499e-01 4.017531347041589651e-01 9.212964951913219513e-01 6.831032658382537592e-01 8.234776236817979989e-01 1.293521305084598838e+00
1.160842641907545048e+00 8.501172514487352894e-01 9.016618740274341404e-01 9.804609155626596850e-01 8.661095763993025276e-01 9.489674725596607407e-01 8.556194568067422290e-01 0.000000000000000000e+00 9.773867926172387088e-01 1.389384252345275295e+00 1.164010445111712588e+00 6.417905103294345714e-01 8.538123860782035335e-01 5.446806152974801307e-01 5.955037664037137191e-01 4.647539545404708039e-01 4.387050302143947755e-01 1.037816365571776478e+00 4.376291303879116801e-01 7.633241363333229668e-01 7.738446023395743056e-01 7.399910531199724861e-01 4.052191951097020017e-01 7.068900316848176768e-01 3.137542286191636332e-01 7.605089028382168159e-01 6.649318725830076771e-01 3.772676393030786612e-01 2.986750273441118875e-01 5.856262825916496162e-01 7.573695151597064079e-01 2.800942864801636012e-01 6.122460326921055351e-01 7.664585099839069660e-01 5.933055751052592752e-01 8.646356951715632455e-01 8.168641509901498621e-01 2.420494634815580359e-01 1.155301785003048920e+00 5.346646335567739605e-01 6.584758990858220473e-01 5.442534677016964695e-01 2.212706261455879841e-01 6.596590300142520791e-01 6.163111982987869997e-01 2.450095805840179497e-01 9.559528651331782312e-01 5.761163320703578394e-01 7.894868914916411962e-01 3.133696697266024622e-01 7.493303173058122324e-01 8.177020035014269661e-01 7.411809284488090066e-01 2.248644970056249415e-01 4.335851289990197976e-01 7.570508931905568506e-01 6.736543674866800613e-01 4.776191234370597005e-01 6.853910126861347818e-01 8.260562014263139741e-01 6.296022159061455126e-01 8.436120121494534718e-01 6.928324855610985544e-01 4.465474079886176395e-01 8.785627260595705312e-01 1.740791914001585949e-01 8.372056237652802935e-01 4.741045640712541753e-01 5.925814565510230114e-01 4.726952096225415789e-01 7.032765682801893625e-01 7.527330050599274625e-01 8.732370565587889155e-01 9.978139687194874652e-01 8.797697399443419330e-01
1.580612643420866492e+00 9.417399417648354421e-01 1.124704432332864545e+00 8.280857834517753036e-01 1.424040806232686363e+00 1.237817476458654475e+00 1.441306011033652412e+00 9.773867926172387088e-01 0.000000000000000000e+00 1.801425757638689396e+00 1.573637315345089993e+00 6.620050902269114523e-01 1.185865142191280031e+00 6.741509252871067392e-01 1.367776526926132385e+00 5.201938581113791926e-01 9.381278871602179992e-01 1.499561297319641717e+00 1.056185263712705380e+00 1.181741936062470577e+00 1.206346123884683985e+00 3.247971593718376182e-01 7.911230696685545016e-01 9.593916917571212455e-01 7.901152827955446600e-01 5.819545882770690293e-01 9.492370123523663494e-01 6.704605470568948400e-01 1.163819129566415977e+00 6.896908202945457589e-01 1.263712035817074586e+00 9.406643986729636975e-01 1.196518898248815743e+00 1.219028611579412225e+00 1.209829255945539250e+00 1.274262565404940206e+00 1.272021903722634351e+00 7.652507196928582944e-01 1.564928655236425881e+00 9.041598694868251407e-01 9.779166861226527008e-01 7.582511265326036254e-01 8.700998163763071780e-01 4.752963289648746148e-01 5.859992967635345718e-01 1.112367645938647565e+00 1.374048752322674538e+00 4.930283893204510659e-01 2.069979984019905406e-01 6.846219405301553484e-01 1.267188160975206035e+00 1.286678602534222504e+00 1.270184993161609155e+00 9.670822724691555683e-01 6.158848201469087069e-01 1.063789157970864263e+00 7.943894581425434698e-01 8.049926056989576972e-01 1.361090689255012309e+00 6.586853959689368265e-01 3.510327104181077962e-01 1.257369690876569690e+00 1.102459355794475515e+00 1.258005087060428240e+00 1.647252057632518640e-01 9.402907526272332728e-01 1.265499179189830015e+00 7.128203695420197716e-01 6.308553542422210558e-01 1.109939402240099238e+00 1.130782485440124718e+00 9.849804975676763608e-01 1.400357525051269425e+00 1.407440838952864981e+00 7.318242626854875033e-01
7.739140593980470273e-01 2.050455122191838342e+00 1.383640850644424436e+00 1.740675389318650623e+00 1.126729013576261762e+00 1.381886472537553257e+00 1.136703782847890976e+00 1.389384252345275295e+00 1.801425757638689396e+00 0.000000000000000000e+00 7.772364065026009516e-01 1.177584894362277090e+00 7.533219119045944101e-01 1.585032737831387317e+00 8.276216885918923349e-01 1.543984266496872815e+00 9.918251755388547419e-01 4.372333231542592236e-01 9.801223339142890456e-01 9.115134028031569580e-01 9.077333173079851214e-01 1.490604780849403621e+00 1.300452271762823742e+00 1.084646601794077236e+00 1.691666692343835265e+00 1.548627614081722115e+00 1.123502181498334140e+00 1.275061520165302165e+00 1.093123860061200103e+00 1.799766579509721298e+00 8.874053614922333688e-01 1.439961158654398110e+00 9.480465908064958924e-01 8.609543589890520376e-01 9.369672743648991275e-01 5.630197683512001561e-01 6.046331083615541502e-01 1.506595548798342676e+00 2.364971024022636537e-01 1.110527744804208794e+00 8.314228372121201804e-01 1.166907154733075602e+00 1.206849555416260378e+00 1.587286148940775687e+00 1.404677220173119689e+00 1.155512572975309515e+00 5.794984597312222707e-01 1.334523964187561917e+00 1.652994577807197718e+00 1.339845894196620257e+00 9.750882559821759665e-01 1.020357963906944887e+00 7.081922336404802287e-01 1.249759318649002360e+00 1.629973330828393907e+00 1.213440890497230473e+00 1.011700106339563865e+00 1.204227584121424055e+00 9.563470920149251819e-01 1.572166061014837357e+00 1.518586810407654974e+00 5.763341562301050880e-01 7.083487421938917672e-01 9.641487612614089153e-01 1.649577196420196401e+00 1.520875273949999329e+00 9.480428775924921725e-01 1.700710425392817582e+00 1.563762272393352193e+00 9.265114094372797204e-01 7.349506481437321215e-01 1.257297745537880651e+00 5.739339250767020451e-01 6.034805975709272019e-01 1.669447758252798453e+00
7.005482171217343179e-01 1.826556450603643134e+00 1.155852408350824811e+00 1.516799808684410777e+00 8.985851940691235162e-01 1.191921873145016519e+00 1.000291023585502703e+00 1.164010445111712588e+00 1.573637315345089993e+00 7.772364065026009516e-01 0.000000000000000000e+00 9.539047974905542349e-01 5.520769444134842052e-01 1.448619978568998601e+00 6.231673856615935758e-01 1.316195824203273412e+00 7.640367332452554505e-01 4.807503165862289651e-01 8.437095746519006623e-01 6.837249605095576666e-01 7.713205580455968491e-01 1.266706109261208857e+00 1.161717498365415047e+00 8.881929915424529032e-01 1.473202370203561262e+00 1.324752033447482269e+00 8.957137392047349600e-01 1.047273077871702540e+00 8.653354177676007009e-01 1.575867907921525868e+00 7.509926022298448745e-01 1.303548399392009616e+00 7.202581485128966010e-01 6.283703475589605958e-01 8.005545151025106332e-01 3.093664435014325531e-01 5.357883713121964764e-01 1.278807106504743496e+00 5.523230960531169131e-01 9.401489551440405101e-01 6.229765533820315060e-01 9.391187124394763108e-01 9.790611131226610864e-01 1.363387477352580257e+00 1.182456807144584898e+00 1.019099813712920799e+00 5.007834070048012842e-01 1.106735521893962293e+00 1.425206135513598316e+00 1.112057451903021521e+00 8.386754967197876942e-01 7.925695216133455956e-01 4.860954568330085879e-01 1.113346559386614087e+00 1.402184888534795171e+00 1.026821315445125338e+00 7.878014347513683235e-01 1.014722837336305750e+00 7.349286573168293257e-01 1.348290480380597511e+00 1.290798368114055350e+00 4.210403860217052929e-01 4.805602999002923648e-01 7.879914490233861368e-01 1.421788754126596999e+00 1.323522258895205583e+00 8.116301183301037891e-01 1.564297666130429532e+00 1.344562598206842985e+00 6.987229671436804290e-01 5.985378888813437381e-01 1.029509303244281693e+00 3.956962165667358144e-01 1.885557876025375224e-01 1.445767661381075042e+00
9.523953001952025765e-01 8.904802083379096400e-01 5.722833821581759794e-01 5.667104010202865805e-01 8.186592685780874623e-01 5.781567240341561886e-01 8.080945334697033910e-01 6.417905103294345714e-01 6.620050902269114523e-01 1.177584894362277090e+00 9.539047974905542349e-01 0.000000000000000000e+00 5.585379556163940773e-01 5.458952663070014699e-01 7.506281161660650625e-01 5.048798252153199329e-01 4.521957268074902059e-01 8.685382542590993626e-01 4.251947079347647707e-01 5.763603984078723430e-01 5.734779415504061006e-01 3.424121904681814987e-01 3.134850603244413447e-01 3.091756177153825447e-01 7.771843843842098920e-01 3.746626257833581830e-01 3.697492995353290346e-01 2.956062436899828394e-01 6.578445632319744885e-01 6.397916656557918191e-01 6.308438534827968125e-01 5.620225697913586727e-01 5.911373605942170650e-01 6.136470739248136574e-01 5.766177783815901181e-01 6.580138897888347937e-01 6.391537213883562440e-01 6.624477139643092372e-01 9.413063666764864834e-01 2.499684902301027301e-01 3.469054091658123617e-01 2.333387496048606180e-01 5.048696729174111386e-01 4.273112350868470966e-01 2.405091907566630494e-01 5.320436937915833386e-01 7.458314090970098453e-01 2.206325514802361665e-01 5.222260844918057421e-01 4.475344694486763641e-01 6.342924687449230658e-01 6.812970648796237150e-01 6.620190452887064758e-01 4.169260133238096855e-01 6.487771370377383162e-01 4.032511892938932530e-01 1.748829557926742106e-01 1.876056489070499211e-01 7.557091516004148524e-01 3.982010727164730368e-01 3.915936047964263533e-01 6.291523476509052193e-01 4.961561379005653416e-01 6.243072601843814295e-01 5.092865132372764725e-01 7.133440022596568841e-01 6.326309968555522412e-01 6.522419441994531386e-01 4.050955104261129147e-01 5.047066117454135359e-01 4.979143031058470004e-01 4.349656311833615674e-01 7.865345180706783124e-01 7.860885232393067801e-01 4.945122502229454819e-01
5.691527113140719685e-01 1.431189608729483309e+00 7.819129192321790933e-01 1.121432966810250731e+00 6.210576854562246396e-01 7.965550312708565839e-01 6.461360039419385970e-01 8.538123860782035335e-01 1.185865142191280031e+00 7.533219119045944101e-01 5.520769444134842052e-01 5.585379556163940773e-01 0.000000000000000000e+00 1.053599438674621913e+00 4.781696072713735313e-01 9.949516763693893040e-01 4.525756894482197423e-01 4.628568307313830066e-01 4.503440590476013861e-01 3.880653189539802761e-01 3.998040228285824060e-01 8.717621786382280247e-01 7.663506564912550001e-01 4.928261496682926346e-01 1.162703792068509268e+00 9.293851915733227775e-01 5.419013302822974776e-01 7.122530780575189180e-01 5.551373587340916460e-01 1.180501066047365599e+00 4.151977873763945670e-01 9.109982583790723343e-01 4.242240689019970423e-01 3.708059661605981883e-01 4.255354080452050658e-01 2.580716497892507899e-01 2.635548673792030838e-01 9.679308356966872529e-01 5.168248095023312283e-01 5.447821132698802415e-01 2.229724365762066618e-01 5.596311411693436488e-01 6.681848423146046212e-01 9.680206354784204326e-01 7.870899652704247407e-01 6.265496726999829624e-01 3.612974231880421438e-01 7.213422284008929042e-01 1.039132977423907089e+00 7.956428990492081521e-01 4.636563896624819603e-01 4.965354420024458149e-01 2.819068899770652004e-01 7.199810437823150888e-01 1.091097669761873057e+00 6.314544735709655132e-01 3.928575041283877689e-01 6.193559954621453700e-01 5.062456973011747463e-01 9.529236385064379089e-01 9.054050746209858502e-01 1.882239703735405778e-01 2.021764385555687438e-01 4.969384720953950452e-01 1.033352085440032875e+00 9.919123736746731090e-01 4.500447580539379544e-01 1.170932150526130089e+00 9.491957563326823832e-01 3.885249081101712632e-01 2.502350832171433836e-01 6.541337879355532126e-01 3.873045906809776118e-01 3.828774256282950761e-01 1.050400819506914996e+00
1.356491127393657292e+00 5.312103943884600721e-01 1.102996165154842556e+00 5.521015340831579854e-01 1.315172510196886746e+00 1.029577437781978189e+00 1.134962618428801751e+00 5.446806152974801307e-01 6.741509252871067392e-01 1.585032737831387317e+00 1.448619978568998601e+00 5.458952663070014699e-01 1.053599438674621913e+00 0.000000000000000000e+00 9.927224985638678501e-01 4.688266168389074728e-01 9.441692752816126522e-01 1.269549004919554802e+00 6.100172542548168986e-01 1.076222896962300668e+00 9.712605782263589171e-01 4.063104663450367027e-01 3.116479013025234002e-01 7.987962895825776455e-01 3.041539305514625591e-01 2.943672235742741949e-01 9.109861480230203590e-01 7.098996263198064094e-01 8.079957871118248480e-01 2.737414585580644211e-01 1.031854604143251697e+00 2.665134733858569582e-01 1.061813966059124148e+00 1.113509572479241649e+00 8.626686970695019996e-01 1.153075372847061963e+00 1.040164472048810795e+00 5.125727411647931220e-01 1.356197704446364893e+00 6.091746577455154910e-01 8.347362708691997701e-01 7.449673931733343801e-01 7.511473373093440209e-01 2.208721730107104375e-01 3.204913827085982825e-01 5.960453430843238865e-01 1.151601350619291475e+00 5.090769795895693228e-01 4.950405757349003455e-01 6.470050051618859710e-01 9.769522754103773243e-01 1.181159563434051929e+00 1.157080528346933423e+00 4.042243758461963599e-01 3.538442236046817624e-01 8.469831263124848464e-01 7.099554374455185890e-01 4.676041785113823623e-01 1.125602180659300844e+00 4.451228041764997978e-01 4.517483778913053971e-01 1.039260497635565716e+00 9.919104861909592286e-01 8.418091441162306454e-01 5.469173304408242453e-01 3.999265181695803584e-01 1.032854109251392760e+00 1.743393593168278688e-01 1.620968062448557845e-01 9.517502432928290901e-01 8.989250537663021623e-01 9.656784141800283106e-01 1.200443527003232758e+00 1.271806578665294341e+00 4.261160589388543474e-01
6.193198661076029232e-01 1.429832517583363050e+00 9.373847501065244447e-01 1.260303508088570279e+00 4.708961996253746563e-01 9.260131627356681383e-01 4.706039655066684979e-01 5.955037664037137191e-01 1.367776526926132385e+00 8.276216885918923349e-01 6.231673856615935758e-01 7.506281161660650625e-01 4.781696072713735313e-01 9.927224985638678501e-01 0.000000000000000000e+00 9.732091568081633337e-01 4.478434147712879176e-01 4.423125991680628144e-01 4.090999738787692852e-01 4.895874201301647632e-01 4.896678312209751804e-01 1.062348779162421986e+00 7.106661941374630143e-01 6.372115721635687180e-01 8.979696258284961541e-01 1.092396778698291548e+00 6.711209084853789753e-01 7.277535400075212380e-01 3.092343017043154840e-01 1.170966380468281720e+00 2.813907850109105824e-01 7.575785526045056839e-01 2.728519231612752671e-01 2.642301635919407365e-01 2.576136130431831428e-01 3.450064771817212828e-01 2.535558251111696970e-01 8.251726774065616388e-01 6.090489794644321497e-01 5.908671472166449057e-01 4.348385457671236076e-01 6.784286196215177922e-01 5.889322950290505343e-01 1.165587986887244076e+00 8.904788004263162193e-01 4.456758011188436397e-01 4.414112597627846690e-01 8.932498493529146266e-01 1.219345347094640930e+00 7.628277704235962853e-01 4.368928751410148803e-01 5.041010501343813344e-01 1.972596544164772481e-01 6.114564401625689483e-01 1.013311478532163301e+00 7.340669913395780899e-01 5.875120334788593857e-01 6.596000665857824075e-01 2.412112360841068004e-01 1.098349031020160238e+00 1.062867707074453216e+00 4.120309669500766825e-01 3.530042050773250506e-01 1.662616977149607433e-01 1.215927965707639835e+00 7.422990248989159712e-01 4.356151618100770340e-01 1.029924319075489203e+00 9.800609764131911206e-01 2.767353292937307363e-01 3.352561881970406721e-01 7.927275425553448329e-01 2.777332901550753630e-01 4.592152943261904041e-01 1.174454381310439999e+00
1.394860610076127605e+00 6.110906830106489496e-01 9.046265292214817899e-01 7.292009282489166910e-01 1.104066758113180224e+00 1.080504295572800810e+00 1.260880884237829180e+00 4.647539545404708039e-01 5.201938581113791926e-01 1.543984266496872815e+00 1.316195824203273412e+00 5.048798252153199329e-01 9.949516763693893040e-01 4.688266168389074728e-01 9.732091568081633337e-01 0.000000000000000000e+00 5.529919133616788551e-01 1.247021431085089782e+00 8.799190287386347009e-01 9.169274908129605439e-01 1.025547789201185722e+00 3.308937666272324107e-01 6.559251023496690536e-01 7.844790605919721438e-01 3.054185191157276491e-01 4.760926257347863899e-01 6.866425565166738298e-01 2.905199707806394027e-01 7.145044375197532327e-01 3.561344359115028446e-01 1.082913701133576545e+00 5.743773283112326711e-01 8.488872697391460775e-01 9.615871204375961989e-01 1.013365155433727738e+00 1.016821074263124514e+00 1.086644908430677958e+00 2.461213330477532990e-01 1.307487164094609966e+00 7.477608098839245709e-01 7.944946645857942080e-01 5.127648125247959987e-01 4.148800141982460499e-01 2.545026997360536059e-01 4.562013660852968777e-01 6.841789154800420603e-01 1.188296718977935873e+00 2.842472737350836831e-01 3.301246360686737047e-01 2.184151057137149188e-01 1.086389826291707994e+00 9.846807416201196483e-01 1.012743502019793462e+00 6.826713412215663634e-01 1.802313869136809854e-01 9.064759770850107090e-01 6.129582401291312488e-01 6.595550874616357140e-01 9.824165836146947495e-01 5.598005407660783250e-01 1.750586983824601595e-01 1.008548903800074115e+00 8.450178646526598225e-01 8.574775803135676888e-01 4.406325925174820468e-01 4.248501257438827561e-01 1.084700844506331752e+00 3.647815404730547217e-01 4.849353459791432841e-01 7.036724572913551912e-01 9.499841507566261223e-01 7.614133571674511769e-01 1.142916033909453510e+00 1.149999347811048622e+00 6.245762254356045373e-01
8.524846231549582098e-01 1.113648745927338535e+00 5.545975123937334494e-01 9.805206942990960517e-01 5.549799045911819606e-01 7.148818423933073207e-01 7.317714770277936598e-01 4.387050302143947755e-01 9.381278871602179992e-01 9.918251755388547419e-01 7.640367332452554505e-01 4.521957268074902059e-01 4.525756894482197423e-01 9.441692752816126522e-01 4.478434147712879176e-01 5.529919133616788551e-01 0.000000000000000000e+00 6.948623401270714872e-01 4.184728694007001093e-01 3.647683998549423601e-01 4.962867536765437348e-01 6.479653689002190520e-01 7.022799254759555243e-01 4.111529607907433714e-01 7.510882152114580768e-01 7.861686448758524737e-01 2.986982345074647438e-01 2.841179729031358403e-01 2.824625384584623644e-01 8.541310022461088280e-01 5.536526656089343357e-01 6.999369624814685276e-01 3.073377410064593862e-01 4.094280294795784592e-01 5.004625859693474510e-01 4.646619833051061077e-01 5.442689215095082300e-01 5.259882566595900366e-01 7.553280731365915601e-01 4.785989704136663914e-01 2.571232117900179581e-01 2.650270187566884372e-01 2.262422632775074050e-01 7.911801595195880887e-01 6.605673117932361338e-01 4.247548251675777875e-01 6.459207320567658117e-01 4.454064345816263204e-01 7.719134851920914642e-01 3.532406862861580121e-01 5.571287907670656736e-01 4.337359210960920475e-01 4.605844110617751674e-01 5.922847645771739389e-01 6.486954569988223618e-01 5.620310968593159595e-01 2.779047747570081439e-01 5.301925953859286667e-01 4.529985042948931340e-01 8.120113659952830076e-01 6.150242923031647990e-01 4.563898128420561529e-01 2.928587736946416387e-01 3.480565987549397167e-01 7.970321365260828461e-01 6.049338263775227986e-01 5.554398089816897643e-01 8.332885884581828773e-01 8.284224008315091980e-01 1.732705263375951266e-01 4.141749043031592303e-01 4.029351744340198826e-01 5.907569429514356596e-01 5.978402568530306604e-01 9.137228810186163175e-01
4.585042705741694813e-01 1.744865257818398740e+00 1.086678015232640515e+00 1.432378836523204191e+00 8.188186036055850048e-01 1.066402739625720297e+00 8.079573966019438780e-01 1.037816365571776478e+00 1.499561297319641717e+00 4.372333231542592236e-01 4.807503165862289651e-01 8.685382542590993626e-01 4.628568307313830066e-01 1.269549004919554802e+00 4.423125991680628144e-01 1.247021431085089782e+00 6.948623401270714872e-01 0.000000000000000000e+00 6.646386010024564195e-01 6.145505673913734812e-01 5.922495843961521622e-01 1.185458333766589822e+00 9.849685388509903383e-01 7.691628688822444992e-01 1.340282224996558469e+00 1.242386673813422160e+00 8.265393460865502195e-01 9.780986847535186879e-01 7.515469008723781874e-01 1.494176715136281031e+00 5.596818022106100354e-01 1.124477425742565595e+00 6.510837553947124157e-01 5.509738386982203640e-01 6.214835414530660573e-01 2.563993459863624369e-01 2.617068568651884086e-01 1.209632713386559644e+00 2.572078222012072479e-01 7.950440118923759458e-01 5.251818969438205587e-01 8.699443193212920145e-01 9.098867200044769010e-01 1.281696284567336530e+00 1.089193487261286730e+00 8.400288400634757791e-01 2.674107746557438103e-01 1.037561128775777997e+00 1.352829132552268776e+00 1.042883058784837225e+00 6.596045230703427853e-01 7.233951284951612992e-01 3.770636282357324176e-01 9.342755857371700667e-01 1.333010495416610874e+00 8.979571575853977361e-01 7.065536592567491780e-01 8.887438512095912069e-01 6.247784010199707305e-01 1.263869508219390481e+00 1.221623974995871054e+00 2.838215902579402372e-01 4.096569929175141733e-01 5.979364243831708503e-01 1.347048240568394339e+00 1.181315518538073261e+00 6.258431541365278017e-01 1.385226692480985511e+00 1.248278539481519012e+00 6.295485740254963547e-01 4.126233691757181243e-01 9.603349101260968412e-01 1.735097592342035866e-01 3.103751294706620922e-01 1.356180745380864083e+00
7.515807234765591316e-01 1.101427772528174032e+00 7.087250729298441021e-01 8.713486861082782031e-01 7.277506037611309875e-01 5.885363695023867470e-01 5.304923002042428726e-01 4.376291303879116801e-01 1.056185263712705380e+00 9.801223339142890456e-01 8.437095746519006623e-01 4.251947079347647707e-01 4.503440590476013861e-01 6.100172542548168986e-01 4.090999738787692852e-01 8.799190287386347009e-01 4.184728694007001093e-01 6.646386010024564195e-01 0.000000000000000000e+00 4.848523783787063723e-01 3.663501743092604790e-01 7.358288580524976474e-01 3.272164813769172231e-01 3.192565586368898978e-01 7.395913712762027803e-01 7.047221321718435405e-01 4.699601363944159726e-01 6.327937574399354892e-01 2.907185327512002981e-01 8.425616354130928132e-01 4.269442002261535363e-01 4.673295093583503257e-01 4.863779141930297811e-01 5.221390538956479643e-01 2.643646013148351348e-01 5.557601279000905503e-01 4.352540681317129123e-01 6.784301516987988334e-01 7.512873005292667328e-01 2.292967688953119754e-01 2.313242340212934844e-01 4.806111736314550020e-01 5.199039796231298416e-01 8.088999989167020566e-01 5.008449733709039453e-01 2.098014313313610046e-01 5.466909467021927593e-01 6.283627055637556191e-01 9.164062579775990036e-01 6.973917115514205456e-01 3.689212755107544872e-01 5.897890448504577998e-01 5.597652833999620103e-01 2.747438350724315526e-01 8.700455860093840865e-01 3.939757744704864839e-01 3.061555159501732626e-01 2.615411516503657885e-01 5.442465535717956326e-01 7.087152039647478530e-01 7.877014319769544137e-01 4.343500937184676114e-01 3.948298910345600654e-01 2.583942489133399523e-01 9.029502054749232176e-01 5.654549830270180211e-01 4.279437053342948771e-01 7.256949418162468302e-01 5.973557321041399470e-01 3.819634654810835084e-01 2.940146498492037241e-01 5.809459416332181103e-01 5.955331230861351521e-01 6.668961747481961799e-01 7.854995593301480339e-01
7.738974578340079846e-01 1.444259512601165474e+00 7.636594581333185916e-01 1.136972306013421141e+00 3.693923257873734101e-01 8.175103420842608770e-01 7.508478123551228789e-01 7.633241363333229668e-01 1.181741936062470577e+00 9.115134028031569580e-01 6.837249605095576666e-01 5.763603984078723430e-01 3.880653189539802761e-01 1.076222896962300668e+00 4.895874201301647632e-01 9.169274908129605439e-01 3.647683998549423601e-01 6.145505673913734812e-01 4.848523783787063723e-01 0.000000000000000000e+00 5.123867170103230118e-01 8.763141882987603992e-01 7.889741147789339770e-01 5.137814604816969277e-01 1.072516061425171197e+00 9.449245307764927437e-01 5.034816050485952932e-01 6.480047444813897828e-01 4.646491089892108572e-01 1.193570969919047764e+00 5.647831521782883391e-01 9.459798947478138542e-01 2.660048967543318654e-01 2.756655403064116050e-01 5.212394248912766148e-01 3.843502105694082127e-01 5.228964285882853336e-01 8.795387731144304055e-01 6.750163004008942202e-01 5.665159372343240296e-01 2.728561954729359917e-01 5.444851522468329152e-01 5.797927797323477739e-01 9.802451566184843257e-01 8.063993147823999008e-01 6.697765808313854707e-01 5.663205218145753728e-01 7.148401426113435431e-01 1.033310756230979122e+00 7.127891185127084306e-01 5.741912379650280229e-01 1.936676666099471644e-01 3.655122770083007455e-01 7.533942204618947480e-01 1.002916555144481414e+00 6.529602581921538640e-01 4.014774426151977993e-01 6.403113062755496632e-01 4.357086369430079320e-01 9.684629777096078751e-01 8.989029888314364891e-01 3.760780401063581468e-01 2.066027560670053165e-01 4.471503332657861263e-01 1.029893374843978249e+00 9.228359501168159618e-01 5.694471006641236288e-01 1.189354840060794949e+00 9.701510671460867874e-01 2.980366583652904189e-01 4.133775937785004184e-01 6.373163530267751398e-01 5.104451702157375426e-01 5.175284841173327655e-01 1.068540771168874359e+00
6.791917068702553184e-01 1.451221358150900365e+00 8.137425314513045960e-01 1.137318523814510263e+00 7.565549875203674279e-01 7.698895401659793247e-01 3.643063441033729810e-01 7.738446023395743056e-01 1.206346123884683985e+00 9.077333173079851214e-01 7.713205580455968491e-01 5.734779415504061006e-01 3.998040228285824060e-01 9.712605782263589171e-01 4.896678312209751804e-01 1.025547789201185722e+00 4.962867536765437348e-01 5.922495843961521622e-01 3.663501743092604790e-01 5.123867170103230118e-01 0.000000000000000000e+00 8.922431603316318682e-01 6.866801121577947864e-01 4.726496694225036377e-01 1.076127042338134832e+00 9.477443743900680895e-01 5.749775949158766331e-01 7.401449448762575933e-01 5.113576426305156408e-01 1.200532815468782433e+00 2.781890052030961402e-01 8.244215086486977873e-01 5.307193387871160795e-01 5.424424595907049174e-01 2.661808228413267141e-01 5.290880016970643807e-01 3.628650515254088771e-01 1.013226169832110779e+00 6.788982839229629196e-01 4.967555851991800608e-01 2.487971739069365640e-01 5.878891816987052987e-01 7.212980177922365677e-01 9.880523848998372660e-01 7.941331745525929131e-01 5.399729229696088595e-01 4.743019300958885021e-01 7.456880454286870519e-01 1.060406240029550196e+00 8.393539632775320891e-01 2.045724340741103819e-01 6.173233834820746058e-01 5.518932468510464595e-01 6.359871590439740707e-01 1.134808733990196883e+00 5.999823334219489546e-01 4.141307667340304866e-01 5.904554245163953219e-01 6.781788236762659183e-01 9.688091955106963304e-01 9.294262891825706419e-01 3.619610771121635207e-01 3.982201219211827237e-01 3.921075572982509194e-01 1.053833067133436829e+00 9.053356239442985620e-01 2.101360573977776314e-01 1.086938265787788849e+00 9.532182267728251945e-01 4.683471860500412198e-01 1.962693005858296980e-01 6.859634001546783821e-01 5.231441064798307838e-01 5.945071581418919227e-01 1.061120432672169933e+00
