0.000000000000000000e+00 1.999112500404483228e+01 1.660471222384983037e+01 1.066319189345114893e+01 1.046500383548881885e+01 1.775224410794917418e+01 8.458976994491751000e+00 7.592894574703451305e+00 1.640624197459325373e+01 1.546413095782335390e+01 7.227106689404608986e+00 1.278882209042975404e+01 5.368330662488295602e+00 1.310190594646697093e+01 1.286582017595513072e+01 1.814589940899742260e+01 4.579533674804888044e+00 1.713461475103282794e+01 1.221821503210834159e+01 7.966631438215625138e+00 3.819700130522665216e+00 1.438339616200670967e+01 8.254106611969440621e+00 1.641150218323996413e+01 1.350802573352506641e+01 1.900984929975424720e+01 1.644391906887338450e+01 1.276454791413712364e+01 4.637016335693828317e+00 1.031870806947146590e+01 1.205278024946836979e+01 1.509559513939863962e+01 1.812032784540419073e+01 8.231303226666502937e+00 1.685356129613940368e+01 8.527721845776760290e+00 1.598155148476558196e+01 1.000502861361235674e+01 6.028596002176842106e+00 8.029387610156341282e+00 1.096031319780007962e+01 2.578605606196023192e+00 1.040873592008724202e+01 1.028964694681763881e+01 1.495217627833612895e+01 1.042811480267209134e+01 1.465436359195856930e+01 1.944974049282213002e+01 5.936787052150149790e+00 6.109849600003043335e+00 2.459256034618763298e+00 9.867189002078877280e+00 2.556510390764342056e+00 1.422434686627511091e+01 1.522872819791809107e+01 1.060814155459419261e+01 1.449070817534549782e+01 1.222895563300858690e+01 1.692575791355415760e+01 5.459454967791081081e+00 6.146327178373338640e+00 1.238659407874044049e+01 1.929030862781355893e+01 2.575732700909854955e+00 1.294521730658488323e+01 9.405211598224640923e+00 1.651241116896609995e+01 1.464926816778343621e+01 8.382705910659671744e+00 1.692799108030095212e+01 1.251903342725198875e+01 6.445272638486230221e+00 7.630433931729876385e+00 8.073861411234315000e+00 1.687420467550806080e+01
1.999112500404483228e+01 0.000000000000000000e+00 1.657700181497984104e+01 1.074009549464890867e+01 1.111907039607011249e+01 9.643474655084736114e+00 2.283515776788388507e+01 1.611695308214610733e+01 6.978983553286509434e+00 6.921477972756608033e+00 1.276401831464021797e+01 7.237451036190226006e+00 1.566643536220820465e+01 1.194372267247174157e+01 2.073781125243434431e+01 4.783003793837331763e+00 2.072737843804581104e+01 1.363130988349293204e+01 1.632289173778359981e+01 1.460268747456569294e+01 1.706889656651403087e+01 8.573013238563932603e+00 1.973444721388148082e+01 3.647980297114900239e+00 8.397475250524294665e+00 3.401382707998931387e+00 3.668554131054412970e+00 7.624584874492736475e+00 1.608286270558160069e+01 1.261503942298053538e+01 8.036116876998873337e+00 9.187227867981825113e+00 7.070686130136499159e+00 1.277403437867945968e+01 1.176097288727760670e+01 1.180722136284957102e+01 4.236035319477659655e+00 1.000879023306660009e+01 1.496866933137922651e+01 1.331694515842817061e+01 1.895146748301009865e+01 2.139106619479727911e+01 2.220751535652172848e+01 1.437057492008682047e+01 1.848572645866411790e+01 1.038051510340032202e+01 1.415288261872710329e+01 2.443642958233680496e+00 2.261741236529199384e+01 1.857438056936709003e+01 1.831566603547967631e+01 1.669547008851020209e+01 1.928862389797580690e+01 5.894925093631171009e+00 1.190597506511381809e+01 9.393717766660392599e+00 1.625257449787048003e+01 1.052958435862393394e+01 1.476002853356375510e+01 1.707304912995154211e+01 1.424085377372220229e+01 1.404917235460712810e+01 7.904460816791368138e+00 1.752686728150203876e+01 1.846269530699371941e+01 1.279101600795631022e+01 5.109659061090640719e+00 7.060719470527894615e+00 1.438932270088621834e+01 8.822049699997146277e+00 9.267254228694159934e+00 2.027565242101246312e+01 2.136209554889286366e+01 1.803712459410570190e+01 7.362188867213498966e+00
1.660471222384983037e+01 1.657700181497984104e+01 0.000000000000000000e+00 1.989416959691538267e+01 1.043973284811339219e+01 1.008352453680409866e+01 8.922967375080826713e+00 9.077706598962762996e+00 1.964096077106220761e+01 9.754399743645576493e+00 1.488757841766178025e+01 1.425158729687834125e+01 1.870277332959046745e+01 5.228973173315769607e+00 4.920064627542615199e+00 1.434724384231594385e+01 1.216406623108008844e+01 4.532741096308320117e+00 4.409301559904533541e+00 9.990486257959469540e+00 1.290584351337924929e+01 2.055159908502274391e+01 8.367277458023595571e+00 1.470586402354098965e+01 8.749887182473905511e+00 1.802246270182218169e+01 1.291584407920171174e+01 1.750273948967926074e+01 1.560295827816882586e+01 7.715159164268261982e+00 1.132992837679085874e+01 7.603524545028410131e+00 1.128252037886641723e+01 1.715434485020679745e+01 7.385495392188339281e+00 1.301049368913742121e+01 1.683584473331204023e+01 1.524501280475314502e+01 1.217201893981522609e+01 1.967483666210008408e+01 5.644431851665118849e+00 1.459833587179075920e+01 6.405270814039492500e+00 6.426604362823389316e+00 2.470380826011117747e+00 1.793228431155809233e+01 2.660517287360114835e+00 1.580547019361535277e+01 1.152798390175593468e+01 1.062934519196641681e+01 1.711072992674375470e+01 6.793206205491270744e+00 1.418134526132094209e+01 1.224354298207271796e+01 4.900444280562082255e+00 1.313573103609608062e+01 2.160627398218908368e+00 7.988586844123815034e+00 2.394291269555260726e+00 1.121994194386204846e+01 1.499515340609440983e+01 4.452774628483628483e+00 1.181173712462883962e+01 1.486245044156918560e+01 3.720932062390240880e+00 1.005365640249773129e+01 1.234012902377728693e+01 1.916055468073044921e+01 8.545001980519936424e+00 9.436425140079327534e+00 1.982738140493690082e+01 1.030753346505137813e+01 9.009646484467321415e+00 8.682878464588807077e+00 9.466149370446576228e+00
1.066319189345114893e+01 1.074009549464890867e+01 1.989416959691538267e+01 0.000000000000000000e+00 1.042811018933085698e+01 1.735765015478710893e+01 1.616283168776382340e+01 1.102353621621182711e+01 6.816657366157967246e+00 1.184336789848102534e+01 5.842156403215681415e+00 5.717384048666827923e+00 5.323391606720847768e+00 1.470470896018055562e+01 1.742162833544615808e+01 1.350892207961003422e+01 1.196150958806624587e+01 1.869019128981987876e+01 1.568288038749253133e+01 1.079420328820544306e+01 8.202717418502292190e+00 3.814002186171980391e+00 1.306856428635061818e+01 7.189459139460698367e+00 1.195528183953608270e+01 9.699784157854841382e+00 1.043319565589905729e+01 3.201806408014201466e+00 6.043656234504488189e+00 1.332319345850338443e+01 8.934875471537038649e+00 1.486918626715399228e+01 1.430087834567123828e+01 3.030644865073793603e+00 1.784056167533000092e+01 7.828151599619991075e+00 6.677904258707841656e+00 4.826801008913224500e+00 8.274470389371835211e+00 2.650071084936815424e+00 1.505749530166490757e+01 1.239441957971234665e+01 1.662852851431996726e+01 1.372028858832602261e+01 1.860858596503114981e+01 2.468415988864472332e+00 1.723803172963781805e+01 1.117017635585575874e+01 1.438128352929685327e+01 1.036866171952920723e+01 8.208811495323443452e+00 1.329783064358725753e+01 1.009195073647687835e+01 8.982980793124990981e+00 1.649754628027360326e+01 6.765130325653813337e+00 1.794760735929681772e+01 1.193921031939698274e+01 1.904426778395567865e+01 8.944469274417588878e+00 5.256505006992325590e+00 1.562136249026177737e+01 1.627078188641639400e+01 8.106158087372126175e+00 1.652310365848951079e+01 1.131769631181908764e+01 1.243841197575761015e+01 4.857136385717366167e+00 1.181188484069088318e+01 1.536708939063226609e+01 1.902150147403550484e+00 1.213602850523925447e+01 1.451802761644950657e+01 1.192321387618719086e+01 1.334119901788537810e+01
1.046500383548881885e+01 1.111907039607011249e+01 1.043973284811339219e+01 1.042811018933085698e+01 0.000000000000000000e+00 9.429116636562376641e+00 1.437254144489052265e+01 7.380029952529363335e+00 1.100550066728194665e+01 6.284298774197230486e+00 5.880772206668450686e+00 5.503442395685193667e+00 1.118404323814403512e+01 5.341493492060856774e+00 1.227854062976792271e+01 8.973671262384954161e+00 1.095243548558869406e+01 9.747549536429144013e+00 7.875398456039178541e+00 3.930748975458529415e+00 7.542240990418744850e+00 1.131112749615775037e+01 1.122503990789076234e+01 7.646390972237471217e+00 3.472288580300389782e+00 1.045156607083536215e+01 7.457533494599557500e+00 8.098980011836907522e+00 7.995115952294964856e+00 3.345441959357145834e+00 3.276236985323439654e+00 6.772467668011843855e+00 8.940495661778065539e+00 9.116523031890201523e+00 8.916661545452647886e+00 2.959332572704132858e+00 8.302641420476199130e+00 5.738689188546099551e+00 4.623090032631014701e+00 1.140012312959976448e+01 1.048870382151325842e+01 1.164235869735041007e+01 1.374489903352836251e+01 5.859164503366059762e+00 1.068350742006559173e+01 8.432903706212179884e+00 7.782882183243932772e+00 1.043150135351060115e+01 1.337495503155700050e+01 8.814305712205982246e+00 9.749892751716162209e+00 8.143706193075653132e+00 9.761120122537285226e+00 5.415848636134766636e+00 7.492410634013888959e+00 3.741933265546355081e+00 9.004669896316396915e+00 2.833348930834683532e+00 9.836932030644186753e+00 6.956441869846034187e+00 7.125105919204587579e+00 6.146385861389098260e+00 1.093885543021546702e+01 8.044254326709715741e+00 1.000781538219261435e+01 1.980344127396638010e+00 7.332578985339978317e+00 1.007602433873749170e+01 5.418454159824880101e+00 8.604863608914165241e+00 1.042327137334680032e+01 1.069254782912595125e+01 1.289229015556746916e+01 9.309569294391513594e+00 7.819215285514994562e+00
1.775224410794917418e+01 9.643474655084736114e+00 1.008352453680409866e+01 1.735765015478710893e+01 9.429116636562376641e+00 0.000000000000000000e+00 1.706279746451859936e+01 1.049980381731806034e+01 1.593564377597061110e+01 6.122690846684972321e+00 1.390306397994668508e+01 1.181913190105146327e+01 1.896759423760329355e+01 6.195576222923555143e+00 1.494519868818268371e+01 5.319015219294379371e+00 1.524852546521829666e+01 5.729640450347631919e+00 1.046383541623124991e+01 1.081450485873675582e+01 1.400394493763888093e+01 1.744794090353697058e+01 1.399867742157477757e+01 1.016819101532640879e+01 6.594439868774840008e+00 1.236858680184576365e+01 6.996022677025795389e+00 1.481621939217813377e+01 1.669766316869280232e+01 7.973998042380181062e+00 9.077390419882927830e+00 3.151749158877358070e+00 3.108527699812844602e+00 1.649427460865787864e+01 3.040224197406276474e+00 1.194234005262388898e+01 1.307133198098499527e+01 1.310088283679124288e+01 1.307658475852108992e+01 1.855873026904427192e+01 1.319786678044519768e+01 1.669349415891358746e+01 1.642872341875724729e+01 8.661108646277959622e+00 1.253533307705450284e+01 1.559151084565669088e+01 8.202903417013285292e+00 7.743074461836546796e+00 1.688253617509627702e+01 1.296488958287988602e+01 1.820681577434577747e+01 1.096078159372484961e+01 1.573588976414689178e+01 8.424491188483351323e+00 5.239674785097301779e+00 1.110680165404967212e+01 1.030623302572388589e+01 6.638799278032921691e+00 7.692132160441877531e+00 1.231464683438602847e+01 1.589743675385471988e+01 8.277599975575730795e+00 2.108897801522902515e+00 1.595853628917120659e+01 1.260513030178441518e+01 9.504705451936159122e+00 5.083249892629893019e+00 1.598038792087680626e+01 9.369538197289502435e+00 2.012537880240079957e+00 1.701605917704699777e+01 1.462046070901193850e+01 1.562616244734219428e+01 1.230292898310923810e+01 4.144677794446822716e+00
8.458976994491751000e+00 2.283515776788388507e+01 8.922967375080826713e+00 1.616283168776382340e+01 1.437254144489052265e+01 1.706279746451859936e+01 0.000000000000000000e+00 7.334533627285527047e+00 2.106714433075548598e+01 1.605363168588328548e+01 1.188800904556684479e+01 1.744972444659199695e+01 1.333574102175942677e+01 1.091830559573933179e+01 5.062158240323671343e+00 2.068975863419872496e+01 4.562959939892007988e+00 1.151201402402282348e+01 6.672144461406866789e+00 1.107706846596157568e+01 8.013407996480326645e+00 1.906071043373125917e+01 3.733551579675314258e+00 1.993849455173577567e+01 1.462222287028611589e+01 2.280656226648269325e+01 1.917362086641334429e+01 1.742545027029936122e+01 1.094813177271333515e+01 1.114131148775367741e+01 1.563257165855468145e+01 1.450462654127547069e+01 1.818265855636053985e+01 1.314159186603261631e+01 1.436476831990285064e+01 1.302104267030215823e+01 2.064245384092783198e+01 1.466593096977459076e+01 1.035825542927251242e+01 1.516266959565038164e+01 3.933568100252603728e+00 5.968150094981292675e+00 2.517696561041329772e+00 8.528104505914766875e+00 7.244975065904927902e+00 1.509648861368207484e+01 8.917276798691974093e+00 2.214758872532438971e+01 2.712646059112163055e+00 6.199093087904455679e+00 1.073834834836137198e+01 6.375263762707138682e+00 7.190802612941641137e+00 1.770795221563307464e+01 1.187245972262027038e+01 1.526904391075642664e+01 6.935602478582738151e+00 1.278317556805838073e+01 9.373564197269773857e+00 8.022235273564884750e+00 1.091013603574882573e+01 8.849633708689609080e+00 1.874908030221809341e+01 9.194028072083748171e+00 5.324388510436490307e+00 1.295192023475826915e+01 1.882484904978742435e+01 1.931017052394567202e+01 9.081974522477164413e+00 1.637833278789637603e+01 1.732939865524406287e+01 4.260760587346776873e+00 1.895664483289414282e+00 5.578523951504395839e+00 1.634108095600725008e+01
7.592894574703451305e+00 1.611695308214610733e+01 9.077706598962762996e+00 1.102353621621182711e+01 7.380029952529363335e+00 1.049980381731806034e+01 7.334533627285527047e+00 0.000000000000000000e+00 1.469035606514954750e+01 9.355931665558285815e+00 6.032673676167014776e+00 1.102117312602586274e+01 9.639509643946750472e+00 5.511446018110314427e+00 6.889876299118164127e+00 1.397155394846095433e+01 4.752198641627619402e+00 9.577950127110961276e+00 4.674570743032734121e+00 3.900551118213716695e+00 3.842579827735538966e+00 1.346766124531679587e+01 3.846739015678045881e+00 1.313217786461406966e+01 7.902134980010206533e+00 1.600024557936099256e+01 1.245541618067555412e+01 1.120088790975362691e+01 6.539694592525112427e+00 4.110951466961422440e+00 8.822218890821259762e+00 7.858049311710541218e+00 1.148832230939062171e+01 8.091081164563087569e+00 9.263101367782759610e+00 6.351020522536095392e+00 1.416720661872552789e+01 8.290957170919030617e+00 3.488867019569804384e+00 1.061157297645637598e+01 4.273093109575909487e+00 6.193690341595520898e+00 6.926362804566513098e+00 2.697223342681973612e+00 7.600645793870683065e+00 9.396451886707106738e+00 7.097698968036689315e+00 1.542938403958659777e+01 6.676492554791233047e+00 2.465085765561827014e+00 8.047466241100043050e+00 2.290082134849108275e+00 5.376874965238662263e+00 1.090163552851136330e+01 7.637626995941379171e+00 8.713602151997083212e+00 6.938238751999024068e+00 6.050243716143155481e+00 9.373257958433466541e+00 2.156678258218337696e+00 5.931889720450695513e+00 4.794082405625749388e+00 1.206508710634037485e+01 5.799186755925471282e+00 5.549294022449551278e+00 5.857286757406969357e+00 1.212714902946243889e+01 1.330896950837011516e+01 1.961575792704482790e+00 9.698899131727701572e+00 1.200110104220233076e+01 4.165228238766330193e+00 5.608251511345794249e+00 1.948393023616933339e+00 9.656102044504896398e+00
1.640624197459325373e+01 6.978983553286509434e+00 1.964096077106220761e+01 6.816657366157967246e+00 1.100550066728194665e+01 1.593564377597061110e+01 2.106714433075548598e+01 1.469035606514954750e+01 0.000000000000000000e+00 1.057801051654082514e+01 9.179135285188639415e+00 5.525923241129558683e+00 1.206437410041834646e+01 1.444918129478537594e+01 2.118809785471492901e+01 1.168773399511974098e+01 1.714249540859423249e+01 1.806153963663268414e+01 1.730800361343796112e+01 1.215061651041921387e+01 1.348401353706245054e+01 3.841649151851499244e+00 1.780406542504756828e+01 5.813306110443686947e+00 1.113708764071821378e+01 3.590320103230340010e+00 8.944858829709353643e+00 3.661107213440482067e+00 1.248101696044890119e+01 1.313185056512347693e+01 8.312331746897960727e+00 1.360382888521378675e+01 1.285440886748103040e+01 9.130726267265727003e+00 1.655587350486408837e+01 9.147541996528621766e+00 3.139966418201559417e+00 6.412825373169804166e+00 1.157643478690909866e+01 9.459279175342430790e+00 1.857725631262112742e+01 1.780618316534570056e+01 2.137630191589084916e+01 1.531368293909625677e+01 1.990952762658391251e+01 6.607242456066970249e+00 1.698482290378462878e+01 9.348373159516089714e+00 1.956501495456253537e+01 1.513272169393798450e+01 1.471382029034697680e+01 1.636340808663717894e+01 1.570374086852421769e+01 7.841504771421701214e+00 1.590453159920293302e+01 7.481880411092799221e+00 1.822633882522047699e+01 1.166322653567373635e+01 1.874605840635716092e+01 1.348816610049996534e+01 1.063900802858950279e+01 1.537674052544205594e+01 1.459855926673687065e+01 1.394198425205046377e+01 1.944216694935824918e+01 1.244177091399702917e+01 1.087968667466398109e+01 1.970651131141205603e+00 1.372363874595670907e+01 1.396098546306773969e+01 5.179917121942055225e+00 1.694635470070426919e+01 1.932835381191452129e+01 1.646793522384184527e+01 1.203405366963903056e+01
1.546413095782335390e+01 6.921477972756608033e+00 9.754399743645576493e+00 1.184336789848102534e+01 6.284298774197230486e+00 6.122690846684972321e+00 1.605363168588328548e+01 9.355931665558285815e+00 1.057801051654082514e+01 0.000000000000000000e+00 8.237024268418743134e+00 6.274686587017414219e+00 1.341949224191082735e+01 5.150889618062817199e+00 1.395628517043372874e+01 4.775701103448732887e+00 1.410770547880580139e+01 7.676993529812508044e+00 9.540409852299124083e+00 9.636295047349038967e+00 1.254190252029255426e+01 1.202950212422798160e+01 1.295292113188086169e+01 4.992969186210422627e+00 3.562703628651411769e+00 8.303116443971161331e+00 3.260320236978477837e+00 9.321052330407081143e+00 1.179673361869226333e+01 6.795788230992461543e+00 3.411350708354984107e+00 3.110665151647562521e+00 3.138709556939870637e+00 1.094848345546304813e+01 6.439456845183610945e+00 7.254629229263591661e+00 7.640753530504007074e+00 7.547947222076928142e+00 1.041607719779324981e+01 1.301477104955531772e+01 1.216994140100949551e+01 1.554672968427777491e+01 1.542598927452112534e+01 7.589048838086207560e+00 1.170114909615680254e+01 1.004755162616773312e+01 7.353035400451382486e+00 6.233531194574386980e+00 1.583588628329137649e+01 1.182059260274000145e+01 1.405169379638021887e+01 9.913944006509591844e+00 1.455767995275917137e+01 2.868373500384973962e+00 5.661706254675179295e+00 5.451017872023898647e+00 9.466316262112352220e+00 5.460589466645202172e+00 8.697795319669436864e+00 1.113643702299830807e+01 1.023139704232677438e+01 7.267646272606519631e+00 5.137850398739355562e+00 1.299987323528056749e+01 1.168116922499311627e+01 7.956244386083423770e+00 2.773791142750916094e+00 1.058037773857893704e+01 8.191328385901782028e+00 4.177687647309356045e+00 1.154040322103663563e+01 1.352115990432461601e+01 1.458056946689224453e+01 1.125559851210508278e+01 2.008394395255042042e+00
7.227106689404608986e+00 1.276401831464021797e+01 1.488757841766178025e+01 5.842156403215681415e+00 5.880772206668450686e+00 1.390306397994668508e+01 1.188800904556684479e+01 6.032673676167014776e+00 9.179135285188639415e+00 8.237024268418743134e+00 0.000000000000000000e+00 5.561715401025153049e+00 5.713031674196260568e+00 1.027410788714992229e+01 1.291306961864094482e+01 1.091879271959282072e+01 7.963360123405596624e+00 1.431013467913297887e+01 1.050011749029088115e+01 5.364217396364589163e+00 4.304878251873810235e+00 7.483484872180150127e+00 8.624930139858925315e+00 9.184395493835365798e+00 7.907862385582706821e+00 1.178274261034963288e+01 9.216812379468779071e+00 5.537441224732515543e+00 3.559709350273524642e+00 8.133150546548014503e+00 4.825673560063756362e+00 1.126284263709170652e+01 1.089322115599958174e+01 3.361641729904536025e+00 1.347807366701273679e+01 2.930614818191365156e+00 8.754444795360976528e+00 2.777921924207747306e+00 2.808724669648117178e+00 6.198058453134383861e+00 1.030012174202358999e+01 8.627047880157059367e+00 1.219716663070221685e+01 8.461199180398040198e+00 1.349086924179158586e+01 3.463393636290385658e+00 1.279588840564333374e+01 1.222263380341753880e+01 1.038587966937390838e+01 5.953586408749345971e+00 5.814669527961477513e+00 8.232742063082087114e+00 6.524605583335583603e+00 6.997240176870506367e+00 1.206694520724296638e+01 3.381034865189579186e+00 1.273082157819141891e+01 7.508609246366348522e+00 1.461366671092505953e+01 4.309030815311319706e+00 2.143253805075467255e+00 1.046447234697805051e+01 1.289158092443697967e+01 4.762848966861830569e+00 1.157961477766292724e+01 6.468062068334074155e+00 9.285304479561489188e+00 7.422161478378828114e+00 6.347612906921693110e+00 1.193651420285460141e+01 6.099877118091177941e+00 7.767219415515620895e+00 1.014921852672587299e+01 7.288799938653207633e+00 9.771940779736505434e+00
1.278882209042975404e+01 7.237451036190226006e+00 1.425158729687834125e+01 5.717384048666827923e+00 5.503442395685193667e+00 1.181913190105146327e+01 1.744972444659199695e+01 1.102117312602586274e+01 5.525923241129558683e+00 6.274686587017414219e+00 5.561715401025153049e+00 0.000000000000000000e+00 8.447011223935071200e+00 9.062126660143492884e+00 1.627565496517893706e+01 8.152399809975831246e+00 1.352507552443075411e+01 1.297833208493076107e+01 1.187168568014323178e+01 7.754367498223310839e+00 9.866593652898961508e+00 6.300011788144392888e+00 1.418664554088407570e+01 3.677656726961176847e+00 6.325347553460098027e+00 6.225384757400762581e+00 4.930672868457475211e+00 3.271679715328254190e+00 8.863597076285406828e+00 7.688448553114707984e+00 3.246204234027967317e+00 9.300504955690376718e+00 8.768038818552714275e+00 5.551498186451931716e+00 1.213937117431260759e+01 4.745803879255754865e+00 3.198888111433380033e+00 2.791375278365153534e+00 7.907251847785409460e+00 6.770592654639330910e+00 1.448782298352816511e+01 1.418876328118221686e+01 1.774401819554326920e+01 9.870280927087486944e+00 1.451384924427353162e+01 3.803373231251741871e+00 1.159544942960075353e+01 6.784279845004145493e+00 1.594759507039906055e+01 1.151530180977450080e+01 1.109640040618348067e+01 1.222677273691978783e+01 1.208632098436072866e+01 3.420990898693818671e+00 1.081492288600881402e+01 2.314892315972867376e+00 1.283320552839758655e+01 6.296185190006213794e+00 1.339425240821398866e+01 9.870746216336469203e+00 7.021588144426006650e+00 9.979568739705388936e+00 1.074966012381552716e+01 1.032456436788698539e+01 1.400492971760363226e+01 6.950274745097439144e+00 6.973678097192203218e+00 4.909526017863665714e+00 9.542234695827650270e+00 9.824684626438232371e+00 5.575794108058564902e+00 1.332893481654078016e+01 1.571093392775103226e+01 1.284908003143487143e+01 7.777142766643704519e+00
5.368330662488295602e+00 1.566643536220820465e+01 1.870277332959046745e+01 5.323391606720847768e+00 1.118404323814403512e+01 1.896759423760329355e+01 1.333574102175942677e+01 9.639509643946750472e+00 1.206437410041834646e+01 1.341949224191082735e+01 5.713031674196260568e+00 8.447011223935071200e+00 0.000000000000000000e+00 1.514849257768476676e+01 1.576377437748047150e+01 1.542614088704035424e+01 8.952248795416728910e+00 1.920405894856795470e+01 1.429885381522746002e+01 9.929157171975615981e+00 6.251562442361198180e+00 9.091085179290113061e+00 1.140286836397319803e+01 1.209965226982797049e+01 1.345246424098125004e+01 1.466819694223649861e+01 1.214687967650243294e+01 8.413615622708736197e+00 3.201229548256191215e+00 1.236076969288815164e+01 1.033794716956413318e+01 1.644531061058379606e+01 1.592631977498651530e+01 3.039487131525858921e+00 1.890014792735721016e+01 8.574181141631575187e+00 1.163989912724784226e+01 5.882604297669119298e+00 7.219124888754277158e+00 2.676174740450047107e+00 1.350838995030695955e+01 7.459872223532149960e+00 1.473619064259080957e+01 1.233626201606094064e+01 1.722455939276607140e+01 5.552141567510395781e+00 1.672380778949367652e+01 1.517842121909069597e+01 1.081369517770789201e+01 8.677876608515560974e+00 2.913950264360589237e+00 1.191380407132217911e+01 6.416189776324958238e+00 1.056717596012527771e+01 1.727534326716139290e+01 8.030992342205680146e+00 1.656358078703173220e+01 1.309555704143236810e+01 1.899859999346617556e+01 7.517899158508573265e+00 4.147093834471518470e+00 1.443320914798374055e+01 1.791690456632471040e+01 4.536773707426758229e+00 1.513907708622443060e+01 1.106970343007069424e+01 1.421252388220627694e+01 1.017307871668586117e+01 1.042794002282493793e+01 1.697605371351604830e+01 7.179233140521681378e+00 9.954064666509015780e+00 1.215513480709336136e+01 1.033948617185683361e+01 1.492257182334330956e+01
1.310190594646697093e+01 1.194372267247174157e+01 5.228973173315769607e+00 1.470470896018055562e+01 5.341493492060856774e+00 6.195576222923555143e+00 1.091830559573933179e+01 5.511446018110314427e+00 1.444918129478537594e+01 5.150889618062817199e+00 1.027410788714992229e+01 9.062126660143492884e+00 1.514849257768476676e+01 0.000000000000000000e+00 8.820959080289782150e+00 9.798323538786585019e+00 9.168025445488876102e+00 4.440746925481672491e+00 4.400788191050945208e+00 6.250188259519039669e+00 9.351638107827852764e+00 1.536213844828789021e+01 7.817595041736906225e+00 9.732095946537988596e+00 3.744295785274523336e+00 1.305381527360714067e+01 8.282185771001186581e+00 1.231327885294441593e+01 1.204867752626313582e+01 3.497624844392944521e+00 6.139051639152701689e+00 3.590239440754626088e+00 7.275117280126593755e+00 1.344483707835210673e+01 3.770398960118849452e+00 7.865708863760327851e+00 1.164369609970047037e+01 1.005555216801829310e+01 8.494492258208914848e+00 1.571004309821083211e+01 7.034615310865540039e+00 1.155329158805623457e+01 1.029066318437717165e+01 2.832410030500546405e+00 6.557606216720540004e+00 1.274282367482324752e+01 2.596893974043048559e+00 1.125615362991223023e+01 1.070056019314742279e+01 7.243578602418109469e+00 1.355647761286355468e+01 4.778617916365637264e+00 1.073869256350911527e+01 7.197861955310949966e+00 2.228730808169865352e+00 7.946270399361237580e+00 4.322478587224074076e+00 2.794141744166727559e+00 4.517634350331543480e+00 7.665661191956348652e+00 1.144087265418871802e+01 2.132320182462569935e+00 7.837425003515479105e+00 1.130819812768898913e+01 6.545843134849162581e+00 5.332658975682013747e+00 7.922106981966963168e+00 1.397109404399560972e+01 4.805221598071780953e+00 5.463175365383419191e+00 1.463792076820205779e+01 8.438297031652723490e+00 9.445243376748289066e+00 6.120272421961132636e+00 5.429425657304634889e+00
1.286582017595513072e+01 2.073781125243434431e+01 4.920064627542615199e+00 1.742162833544615808e+01 1.227854062976792271e+01 1.494519868818268371e+01 5.062158240323671343e+00 6.889876299118164127e+00 2.118809785471492901e+01 1.395628517043372874e+01 1.291306961864094482e+01 1.627565496517893706e+01 1.576377437748047150e+01 8.820959080289782150e+00 0.000000000000000000e+00 1.859241211874919131e+01 8.430132075084200594e+00 9.394415247686906056e+00 4.555126130475746216e+00 9.378514497059176946e+00 9.567094217203452544e+00 2.015442495272838386e+01 4.645406951126791029e+00 1.784241538480518585e+01 1.252487635483656092e+01 2.071048309955210698e+01 1.707627435096378576e+01 1.791772984633443144e+01 1.272723877589129948e+01 9.098936512819859601e+00 1.353649249162409340e+01 1.240324572767445765e+01 1.608531204091098132e+01 1.445294390260482231e+01 1.224716954356692433e+01 1.240969230073694263e+01 1.892376002963138504e+01 1.488707144320627052e+01 1.035205798224582985e+01 1.694242576681610402e+01 2.640697999222066716e+00 1.084383404669694251e+01 2.551717768124950769e+00 6.439544934662991160e+00 2.522746631028271125e+00 1.617733375958204078e+01 6.799838241831946739e+00 2.005024220987484185e+01 7.765442941489040685e+00 7.120174200813458754e+00 1.379124979088239833e+01 4.825396713297573470e+00 1.056800877811570238e+01 1.561187304870247594e+01 9.755021165760247470e+00 1.482507004726646116e+01 4.640678477607319330e+00 1.068591990097337785e+01 7.255965420933851995e+00 8.713632544664481117e+00 1.227284903952962658e+01 6.737899368675154932e+00 1.665173378676854554e+01 1.150831277858995705e+01 2.340307540382999374e+00 1.097511842770185453e+01 1.672750253433787648e+01 2.003880153997836899e+01 7.474272418265312190e+00 1.428098627244683350e+01 1.853292000097791714e+01 6.613408150492846360e+00 5.254160165513120262e+00 5.694852732177269949e+00 1.424373444055769333e+01
1.814589940899742260e+01 4.783003793837331763e+00 1.434724384231594385e+01 1.350892207961003422e+01 8.973671262384954161e+00 5.319015219294379371e+00 2.068975863419872496e+01 1.397155394846095433e+01 1.168773399511974098e+01 4.775701103448732887e+00 1.091879271959282072e+01 8.152399809975831246e+00 1.542614088704035424e+01 9.798323538786585019e+00 1.859241211874919131e+01 0.000000000000000000e+00 1.871609431174771387e+01 1.031495097333381672e+01 1.417749260409844148e+01 1.245728834088053283e+01 1.522367097146663184e+01 1.328176368039716593e+01 1.758904808019632071e+01 6.319462940149340291e+00 6.252076116839136333e+00 8.110133149832163824e+00 3.279261210537926630e+00 1.089806163212871226e+01 1.447850206986633914e+01 1.046964028929537527e+01 6.100723196542709559e+00 6.801822837490618667e+00 3.306200245383775549e+00 1.290525536712207000e+01 7.887741380162522908e+00 9.944001717451319777e+00 8.944785761310894756e+00 9.579074181020647671e+00 1.310544968598097526e+01 1.484956709343926207e+01 1.680606834932494920e+01 1.954584059974988364e+01 2.006211622283657192e+01 1.222517578640166391e+01 1.634032732497896845e+01 1.188234767005167747e+01 1.200748348504194674e+01 2.427602536069175976e+00 2.047201323160683728e+01 1.642898143568194058e+01 1.673346224755429645e+01 1.455007095482504553e+01 1.744339830292840787e+01 4.930010966162941877e+00 9.491097597448829859e+00 7.706334757414267322e+00 1.410717536418532347e+01 8.384185224938775605e+00 1.198050686637872708e+01 1.512133554726605844e+01 1.256668960768126198e+01 1.190377322092197154e+01 3.580001381001010508e+00 1.568164168645464507e+01 1.631729617330856641e+01 1.064561687427114833e+01 2.012441757882441618e+00 1.176946991236112616e+01 1.224392356720106179e+01 5.262102471322487318e+00 1.303362006742974799e+01 1.813025328732731012e+01 1.921669641520771066e+01 1.589172546042053646e+01 4.933945600041639068e+00
4.579533674804888044e+00 2.072737843804581104e+01 1.216406623108008844e+01 1.196150958806624587e+01 1.095243548558869406e+01 1.524852546521829666e+01 4.562959939892007988e+00 4.752198641627619402e+00 1.714249540859423249e+01 1.410770547880580139e+01 7.963360123405596624e+00 1.352507552443075411e+01 8.952248795416728910e+00 9.168025445488876102e+00 8.430132075084200594e+00 1.871609431174771387e+01 0.000000000000000000e+00 1.266982827908008069e+01 7.755236400540591823e+00 7.977006730839850235e+00 3.926730724498925351e+00 1.513606151157001456e+01 3.805215258912313381e+00 1.714775561724096065e+01 1.264006100090982443e+01 1.974610273375522240e+01 1.718017250287437037e+01 1.350080134813811839e+01 6.389354739716980980e+00 8.769543977499992593e+00 1.278903368346935387e+01 1.261024795333816328e+01 1.624009612263812485e+01 9.167000772287794419e+00 1.275676096224088596e+01 9.096393748140918945e+00 1.671780491876657138e+01 1.074128204761334615e+01 6.502389927681234916e+00 1.062079087100109653e+01 6.522741562824422523e+00 2.824375996313155390e+00 5.978753248157936184e+00 6.632798376466251256e+00 1.051522907666225493e+01 1.117183969152083733e+01 1.018957712000581139e+01 2.017392440287337152e+01 2.422519545968306875e+00 2.416738472308218366e+00 6.398034287767721651e+00 5.442550635105432022e+00 2.638904573067081483e+00 1.496060030027609677e+01 1.085624059469167157e+01 1.134439498859517848e+01 1.002682482940101139e+01 1.072590192004729559e+01 1.246184403583545119e+01 4.557089451112918965e+00 6.959602641148587843e+00 7.988003187543684547e+00 1.681728574796799691e+01 4.640345829515287512e+00 8.506024599627757254e+00 9.814770133556192988e+00 1.687892284270994026e+01 1.538552160178442918e+01 6.634096818792022177e+00 1.445109777335533607e+01 1.340474973308282358e+01 1.896755079234196506e+00 3.202886011676632894e+00 3.590797899431424689e+00 1.440787585775240132e+01
1.713461475103282794e+01 1.363130988349293204e+01 4.532741096308320117e+00 1.869019128981987876e+01 9.747549536429144013e+00 5.729640450347631919e+00 1.151201402402282348e+01 9.577950127110961276e+00 1.806153963663268414e+01 7.676993529812508044e+00 1.431013467913297887e+01 1.297833208493076107e+01 1.920405894856795470e+01 4.440746925481672491e+00 9.394415247686906056e+00 1.031495097333381672e+01 1.266982827908008069e+01 0.000000000000000000e+00 4.918056790668957845e+00 1.037105292989101279e+01 1.340712913235674009e+01 1.921379263814996818e+01 8.880508139063396200e+00 1.266160225504882675e+01 6.926091732449042304e+00 1.559657830604402307e+01 1.013096740930409290e+01 1.623427575246347487e+01 1.610424389714631843e+01 7.760936605293875523e+00 9.827171329249290821e+00 4.751970427642374872e+00 7.069381232696382966e+00 1.748086387033516331e+01 2.933060024303805413e+00 1.226155838146327959e+01 1.503936171356469842e+01 1.409157896000135501e+01 1.261229158315412846e+01 1.974606989019389047e+01 7.648689762300746153e+00 1.516513665266699284e+01 1.087793997826147319e+01 6.895781669839723627e+00 6.984549636558726959e+00 1.677885046680631120e+01 2.657124053370796268e+00 1.183949521725658371e+01 1.212402155914761437e+01 1.113370355069022999e+01 1.761201554572124550e+01 7.297564564215085703e+00 1.468570362004475527e+01 1.040848524988390089e+01 2.262212387794956925e+00 1.198229719134429772e+01 4.755449585228110010e+00 6.923754165487157053e+00 2.138449826753059835e+00 1.172122756283954104e+01 1.549643902507190063e+01 4.809645195981420152e+00 7.542865379384974922e+00 1.536373606054667640e+01 7.054346861288636639e+00 9.754089392824591087e+00 8.537775976362972585e+00 1.781604581081537475e+01 8.926086268443759408e+00 5.133803367801548667e+00 1.852250340042980170e+01 1.081277898921798553e+01 1.011521278080381947e+01 9.184164083566299652e+00 6.395964643127493687e+00
1.221821503210834159e+01 1.632289173778359981e+01 4.409301559904533541e+00 1.568288038749253133e+01 7.875398456039178541e+00 1.046383541623124991e+01 6.672144461406866789e+00 4.674570743032734121e+00 1.730800361343796112e+01 9.540409852299124083e+00 1.050011749029088115e+01 1.187168568014323178e+01 1.429885381522746002e+01 4.400788191050945208e+00 4.555126130475746216e+00 1.417749260409844148e+01 7.755236400540591823e+00 4.918056790668957845e+00 0.000000000000000000e+00 6.084377187684656185e+00 8.501923999016243627e+00 1.760089331658958400e+01 3.964108420138900968e+00 1.342930653571943900e+01 8.109956840185819971e+00 1.629737425046636901e+01 1.266135483631303593e+01 1.473986830014992577e+01 1.119903876380582908e+01 4.696282761949693629e+00 9.124496032378914379e+00 7.927062392903897248e+00 1.166099819228246304e+01 1.275042533584379534e+01 7.769002680068750166e+00 9.140173011081683896e+00 1.451866031415793756e+01 1.169262285660133394e+01 7.769591654547166826e+00 1.527091714773708730e+01 2.796022007487795058e+00 1.024707986199803145e+01 6.038650861050311569e+00 2.493691921362982455e+00 3.301506601140729025e+00 1.386211278942651326e+01 2.437805631594681444e+00 1.563532269522407958e+01 7.205964768478660964e+00 6.221551401419057825e+00 1.270681041238074904e+01 2.385412414943912207e+00 9.773551470773584882e+00 1.119876419961672731e+01 5.230715366313045678e+00 1.074799202471258575e+01 2.272711334137629269e+00 6.271000386322636899e+00 4.707819045528234270e+00 6.816022429499048130e+00 1.059123389173141128e+01 2.276110074906870562e+00 1.219093515522695448e+01 1.045853092720618349e+01 2.215057744077472801e+00 6.970539435626776914e+00 1.231162721620328604e+01 1.678110204197432864e+01 4.260858534860570757e+00 9.815623170677451270e+00 1.649877270547264629e+01 5.898817749727772508e+00 5.219120868661987878e+00 4.278275017395725577e+00 9.804431457994375876e+00
7.966631438215625138e+00 1.460268747456569294e+01 9.990486257959469540e+00 1.079420328820544306e+01 3.930748975458529415e+00 1.081450485873675582e+01 1.107706846596157568e+01 3.900551118213716695e+00 1.215061651041921387e+01 9.636295047349038967e+00 5.364217396364589163e+00 7.754367498223310839e+00 9.929157171975615981e+00 6.250188259519039669e+00 9.378514497059176946e+00 1.245728834088053283e+01 7.977006730839850235e+00 1.037105292989101279e+01 6.084377187684656185e+00 0.000000000000000000e+00 5.043868593145544033e+00 1.186811061143153267e+01 7.563140283795312335e+00 1.113000805073305166e+01 6.227034413614521036e+00 1.390041975666731844e+01 1.094115057309513439e+01 8.943564236527615563e+00 6.765452220655772564e+00 3.192022054682214893e+00 6.819904412363938739e+00 8.157855890186223036e+00 1.176868569118137486e+01 8.152041182057093494e+00 1.000184360919148396e+01 3.061906035131648274e+00 1.090585914969853043e+01 5.968882682715769050e+00 2.765410651491443605e+00 1.072134853026898682e+01 7.156269649583732573e+00 8.979703542342827305e+00 1.058084642398213404e+01 3.607815837840433471e+00 9.340916921709231602e+00 8.380189229803979956e+00 7.897534015764214210e+00 1.391511843200617804e+01 1.025680847896942893e+01 5.568262692868491293e+00 8.419726136748916900e+00 4.709470724997984803e+00 7.253816004928537176e+00 8.899465714630341751e+00 8.380171725612427736e+00 5.446796524194527755e+00 7.832467188312302930e+00 4.262324194792960874e+00 1.024023873201708845e+01 3.442271902507277659e+00 5.996600344982323527e+00 5.566117957098938085e+00 1.235256937860113702e+01 6.172923619437638898e+00 7.823765243685020465e+00 1.986779984230694795e+00 1.081619606383555698e+01 1.106794066455359804e+01 1.995093943484411492e+00 9.990251831088544421e+00 1.083186408141729906e+01 7.555928839702747091e+00 9.446425792988300429e+00 5.790201116175641260e+00 9.936465426295649550e+00
3.819700130522665216e+00 1.706889656651403087e+01 1.290584351337924929e+01 8.202717418502292190e+00 7.542240990418744850e+00 1.400394493763888093e+01 8.013407996480326645e+00 3.842579827735538966e+00 1.348401353706245054e+01 1.254190252029255426e+01 4.304878251873810235e+00 9.866593652898961508e+00 6.251562442361198180e+00 9.351638107827852764e+00 9.567094217203452544e+00 1.522367097146663184e+01 3.926730724498925351e+00 1.340712913235674009e+01 8.501923999016243627e+00 5.043868593145544033e+00 0.000000000000000000e+00 1.146498222848436122e+01 5.193089983350862582e+00 1.348927374570917692e+01 1.058526288845497909e+01 1.608762086222344578e+01 1.352169063134258664e+01 9.842319476606324002e+00 3.230344716077134581e+00 6.582618147778826589e+00 9.130551811937570150e+00 1.134729596908835525e+01 1.495812577008350708e+01 5.372008649934430835e+00 1.310329345750029084e+01 5.604959000706686290e+00 1.305932304723478765e+01 7.082800176081557986e+00 3.105833157106764553e+00 7.481436324848152353e+00 7.468499818626827214e+00 4.421884331052284622e+00 8.753054211320206335e+00 6.539332199849731353e+00 1.142762957655485501e+01 7.505886365141297922e+00 1.092687797328246369e+01 1.652751205529134637e+01 6.347098223099793657e+00 2.446920016389994235e+00 4.278851839255656486e+00 6.116874255110967162e+00 2.262196666668357281e+00 1.130211842874431305e+01 1.147841345095017829e+01 7.685913117063394751e+00 1.076665097082051759e+01 8.632981506833639074e+00 1.320167017725496095e+01 2.131552611810102693e+00 3.227913244850990182e+00 8.636279331772531265e+00 1.554200945750325857e+01 2.025992311744682972e+00 9.342147270013219540e+00 6.482448753154562482e+00 1.359018273143530386e+01 1.172703973025263657e+01 4.636824643943550761e+00 1.317969190999066953e+01 9.719257791625402376e+00 4.003745221421414868e+00 6.385744332631666076e+00 4.325441591240870132e+00 1.312590550519778176e+01
