0.000000000000000000e+00 2.055076826747411189e+01 1.520808619730632927e+01 1.466661028337460237e+01 1.113328657456617954e+01 7.895084119687220792e+00 7.813383117582147541e+00 1.734588707556951448e+01 7.559903816785355168e+00 1.980571697528292674e+01 9.731435101427035050e+00 1.574794221545963779e+01 1.449882321627952031e+01 1.247393654440581301e+01 4.912644139773572505e+00 1.824405747981975878e+01 4.435424512274289910e+00 1.087119971635119242e+01 1.358312117542636521e+01 1.404245195162656756e+01 9.413621724091314036e+00 1.137124563754855977e+01 1.750636821582552116e+01 1.942702711765506507e+01 1.691821016516550102e+01
2.055076826747411189e+01 0.000000000000000000e+00 1.495248862181879623e+01 1.485874250546807573e+01 1.109908148270795714e+01 1.767554828816188461e+01 1.942535290276696003e+01 7.675273047381899083e+00 1.333948329097653307e+01 7.524905764409564490e+00 1.229538638546700824e+01 5.712429820712946693e+00 6.891109687552147811e+00 1.069215581195279974e+01 1.593219306252505163e+01 1.205853181697330001e+01 1.787867714717416590e+01 1.570644469458432901e+01 9.657656754849371694e+00 1.147591726165480353e+01 1.269292569506837509e+01 1.575778642664861096e+01 3.901142147604645949e+00 3.955978201691469298e+00 1.111199920436379251e+01
1.520808619730632927e+01 1.495248862181879623e+01 0.000000000000000000e+00 2.120702498205134390e+01 1.101831081127824419e+01 8.075668721102314151e+00 1.959170983779806363e+01 1.960776620001790604e+01 1.350086135560371225e+01 7.599508608782945096e+00 6.439313518181809748e+00 1.428900587235654029e+01 8.561112689760575378e+00 1.644621989048559030e+01 1.037949991559695739e+01 4.691126147750106057e+00 1.520664682176632532e+01 1.782255054289387886e+01 1.368802846563485964e+01 4.406114932476365098e+00 1.314828506656404628e+01 4.102793443983744126e+00 1.753286628858448992e+01 1.143388133937257223e+01 2.027580951132427245e+01
1.466661028337460237e+01 1.485874250546807573e+01 2.120702498205134390e+01 0.000000000000000000e+00 1.123975624862738343e+01 1.809019764835153410e+01 7.951984103308398666e+00 7.573498212704141253e+00 7.762053312790108350e+00 1.964012199284472615e+01 1.507911186889638699e+01 1.035170433054102190e+01 1.450405696519766963e+01 4.953581963644569264e+00 1.315015758581656158e+01 1.992781591717198353e+01 1.047040260322641814e+01 4.250713978649737435e+00 9.656900118448806580e+00 1.692817686410517197e+01 9.034406448716239879e+00 1.859818450952705859e+01 1.126749408085623294e+01 1.800188507917242831e+01 3.787103426786881943e+00
1.113328657456617954e+01 1.109908148270795714e+01 1.101831081127824419e+01 1.123975624862738343e+01 0.000000000000000000e+00 1.183302219042237091e+01 1.472989536798735521e+01 1.001406934832505868e+01 7.609999822574270212e+00 1.047745234882815168e+01 6.035533944281281649e+00 8.303094774446762472e+00 5.190774760787329356e+00 6.442705760444183305e+00 7.443786939889212029e+00 1.019941690419605962e+01 1.095487971289602847e+01 1.109221859595215420e+01 4.233276407021539178e+00 6.860158372943834237e+00 4.172833600225677841e+00 1.076332082752522012e+01 1.007958686852177621e+01 1.009876249120029357e+01 1.042474086122874688e+01
7.895084119687220792e+00 1.767554828816188461e+01 8.075668721102314151e+00 1.809019764835153410e+01 1.183302219042237091e+01 0.000000000000000000e+00 1.427957036950773251e+01 2.018764219560805984e+01 1.038677597271605357e+01 1.348008469218903116e+01 5.987494243302565522e+00 1.673858898482237123e+01 1.084788489844052428e+01 1.530080870033651230e+01 5.007026336090311780e+00 1.188139743346112098e+01 9.789433732919881948e+00 1.427592502459334334e+01 1.482211536076300540e+01 7.677563242972629709e+00 1.217481646424435304e+01 4.006091301256891057e+00 2.010563572744333527e+01 1.437427703621112052e+01 1.997292424495891083e+01
7.813383117582147541e+00 1.942535290276696003e+01 1.959170983779806363e+01 7.951984103308398666e+00 1.472989536798735521e+01 1.427957036950773251e+01 0.000000000000000000e+00 1.215726526429470056e+01 7.746381831098505977e+00 2.370033355379693418e+01 1.404827163297305148e+01 1.488053326644836893e+01 1.841365596575611008e+01 9.061262440739321633e+00 9.679316566677998779e+00 2.256089401136577166e+01 4.547085685392523224e+00 4.269829629185356801e+00 1.406808778251584258e+01 1.835928848317258044e+01 1.142514105354491427e+01 1.610473678561310962e+01 1.584897866712267600e+01 2.255859933059257827e+01 1.028246534960104341e+01
1.734588707556951448e+01 7.675273047381899083e+00 1.960776620001790604e+01 7.573498212704141253e+00 1.001406934832505868e+01 2.018764219560805984e+01 1.215726526429470056e+01 0.000000000000000000e+00 9.808569087551518351e+00 1.360738248341801260e+01 1.495980658305971289e+01 5.795203502246783600e+00 1.122246947183733923e+01 4.974925965403537376e+00 1.524760213307309975e+01 1.685397724751346260e+01 1.307929421823998872e+01 8.424968185589744252e+00 6.302438650630544537e+00 1.531125696861427699e+01 9.243366811178574949e+00 1.958761714277171961e+01 3.954256737082407103e+00 1.085897882928943581e+01 3.825716284214387919e+00
7.559903816785355168e+00 1.333948329097653307e+01 1.350086135560371225e+01 7.762053312790108350e+00 7.609999822574270212e+00 1.038677597271605357e+01 7.746381831098505977e+00 9.808569087551518351e+00 0.000000000000000000e+00 1.658581600535176293e+01 7.726443398809295537e+00 8.211733611293444923e+00 1.129913841731094060e+01 4.923392550845651527e+00 5.446735910181095264e+00 1.598463633501199510e+01 4.558075965482637493e+00 4.501210434812745298e+00 6.953570234070675760e+00 1.178571043530209117e+01 4.134472210331067821e+00 1.089311924985853608e+01 9.960642415115174231e+00 1.620712614772390836e+01 9.597352827360687400e+00
1.980571697528292674e+01 7.524905764409564490e+00 7.599508608782945096e+00 1.964012199284472615e+01 1.047745234882815168e+01 1.348008469218903116e+01 2.370033355379693418e+01 1.360738248341801260e+01 1.658581600535176293e+01 0.000000000000000000e+00 1.012616644213776240e+01 9.810214584932291260e+00 5.326363779601064330e+00 1.488322498223862134e+01 1.518575018550778566e+01 4.705551803937447986e+00 1.975447161081106628e+01 2.006265678176173139e+01 1.048718674244292437e+01 5.927614011493864687e+00 1.384316073534489533e+01 9.723202638621366134e+00 1.104374134629842175e+01 3.891464755034861334e+00 1.590919408746931829e+01
9.731435101427035050e+00 1.229538638546700824e+01 6.439313518181809748e+00 1.507911186889638699e+01 6.035533944281281649e+00 5.987494243302565522e+00 1.404827163297305148e+01 1.495980658305971289e+01 7.726443398809295537e+00 1.012616644213776240e+01 0.000000000000000000e+00 1.124988630470233453e+01 5.404276697914856875e+00 1.164077561888061396e+01 5.111468311651871765e+00 8.539610252345134711e+00 9.680189736955174595e+00 1.207913325730649134e+01 9.004776730518749162e+00 4.338004724151947933e+00 7.328601029580251947e+00 5.263820050795266603e+00 1.472086103723701811e+01 9.805228261855582161e+00 1.553604873435727995e+01
1.574794221545963779e+01 5.712429820712946693e+00 1.428900587235654029e+01 1.035170433054102190e+01 8.303094774446762472e+00 1.673858898482237123e+01 1.488053326644836893e+01 5.795203502246783600e+00 8.211733611293444923e+00 9.810214584932291260e+00 1.124988630470233453e+01 0.000000000000000000e+00 5.903709144175988577e+00 5.836536299761782232e+00 1.363477430885537345e+01 1.157540805029791997e+01 1.275601542200998573e+01 1.119674577248157021e+01 4.529907075166278219e+00 1.054417814003993037e+01 7.565176015385284281e+00 1.482937247001242831e+01 5.547946988503874799e+00 8.777936795490200339e+00 7.238934673845608181e+00
1.449882321627952031e+01 6.891109687552147811e+00 8.561112689760575378e+00 1.450405696519766963e+01 5.190774760787329356e+00 1.084788489844052428e+01 1.841365596575611008e+01 1.122246947183733923e+01 1.129913841731094060e+01 5.326363779601064330e+00 5.404276697914856875e+00 5.903709144175988577e+00 0.000000000000000000e+00 9.596547394197793679e+00 9.878856426504356136e+00 6.027450133179782732e+00 1.444757785180765985e+01 1.477597919372090551e+01 5.549831403124581009e+00 4.682970381429176321e+00 8.556483147304073000e+00 8.993114295330308039e+00 9.316584339322160346e+00 4.947673921973202660e+00 1.271094855008447055e+01
1.247393654440581301e+01 1.069215581195279974e+01 1.644621989048559030e+01 4.953581963644569264e+00 6.442705760444183305e+00 1.530080870033651230e+01 9.061262440739321633e+00 4.974925965403537376e+00 4.923392550845651527e+00 1.488322498223862134e+01 1.164077561888061396e+01 5.836536299761782232e+00 9.596547394197793679e+00 0.000000000000000000e+00 1.036076863780155755e+01 1.497593222409878955e+01 8.273496830728465312e+00 5.399034883714831423e+00 5.109699982980260735e+00 1.205790949907315834e+01 4.662301348849794635e+00 1.580765197129592714e+01 7.146938921960283686e+00 1.378941809787683148e+01 4.900724637078746504e+00
4.912644139773572505e+00 1.593219306252505163e+01 1.037949991559695739e+01 1.315015758581656158e+01 7.443786939889212029e+00 5.007026336090311780e+00 9.679316566677998779e+00 1.524760213307309975e+01 5.446735910181095264e+00 1.518575018550778566e+01 5.111468311651871765e+00 1.363477430885537345e+01 9.878856426504356136e+00 1.036076863780155755e+01 0.000000000000000000e+00 1.362409069004459106e+01 5.210683325156586498e+00 9.288666100477529497e+00 1.146362136580668967e+01 9.422485161851403390e+00 7.265772331056292721e+00 6.468772024131519416e+00 1.539320030922126570e+01 1.480706032787991333e+01 1.503288418242396141e+01
1.824405747981975878e+01 1.205853181697330001e+01 4.691126147750106057e+00 1.992781591717198353e+01 1.019941690419605962e+01 1.188139743346112098e+01 2.256089401136577166e+01 1.685397724751346260e+01 1.598463633501199510e+01 4.705551803937447986e+00 8.539610252345134711e+00 1.157540805029791997e+01 6.027450133179782732e+00 1.497593222409878955e+01 1.362409069004459106e+01 0.000000000000000000e+00 1.819281211534789833e+01 2.006674431116941193e+01 1.156894892630988991e+01 4.219813111463520450e+00 1.347188173615494833e+01 7.963510714664421286e+00 1.466718701586147766e+01 8.539924534527077782e+00 1.866342968432532956e+01
4.435424512274289910e+00 1.787867714717416590e+01 1.520664682176632532e+01 1.047040260322641814e+01 1.095487971289602847e+01 9.789433732919881948e+00 4.547085685392523224e+00 1.307929421823998872e+01 4.558075965482637493e+00 1.975447161081106628e+01 9.680189736955174595e+00 1.275601542200998573e+01 1.444757785180765985e+01 8.273496830728465312e+00 5.210683325156586498e+00 1.819281211534789833e+01 0.000000000000000000e+00 6.468233532613663961e+00 1.143601979311425509e+01 1.399120658715470711e+01 8.068216195037690497e+00 1.164045999508878104e+01 1.433730944522400996e+01 1.937578175318320461e+01 1.260529616294093458e+01
1.087119971635119242e+01 1.570644469458432901e+01 1.782255054289387886e+01 4.250713978649737435e+00 1.109221859595215420e+01 1.427592502459334334e+01 4.269829629185356801e+00 8.424968185589744252e+00 4.501210434812745298e+00 2.006265678176173139e+01 1.207913325730649134e+01 1.119674577248157021e+01 1.477597919372090551e+01 5.399034883714831423e+00 9.288666100477529497e+00 2.006674431116941193e+01 6.468233532613663961e+00 0.000000000000000000e+00 1.043041101048063801e+01 1.591741999328389845e+01 7.794118282866238978e+00 1.499271679269770807e+01 1.211837598462609122e+01 1.884778679584889005e+01 6.186696506026451381e+00
1.358312117542636521e+01 9.657656754849371694e+00 1.368802846563485964e+01 9.656900118448806580e+00 4.233276407021539178e+00 1.482211536076300540e+01 1.406808778251584258e+01 6.302438650630544537e+00 6.953570234070675760e+00 1.048718674244292437e+01 9.004776730518749162e+00 4.529907075166278219e+00 5.549831403124581009e+00 5.109699982980260735e+00 1.146362136580668967e+01 1.156894892630988991e+01 1.143601979311425509e+01 1.043041101048063801e+01 0.000000000000000000e+00 9.343959560942851184e+00 4.289578248696613194e+00 1.363258729023074345e+01 6.331162954077083960e+00 1.010804748596395797e+01 7.163368812864990609e+00
1.404245195162656756e+01 1.147591726165480353e+01 4.406114932476365098e+00 1.692817686410517197e+01 6.860158372943834237e+00 7.677563242972629709e+00 1.835928848317258044e+01 1.531125696861427699e+01 1.178571043530209117e+01 5.927614011493864687e+00 4.338004724151947933e+00 1.054417814003993037e+01 4.682970381429176321e+00 1.205790949907315834e+01 9.422485161851403390e+00 4.219813111463520450e+00 1.399120658715470711e+01 1.591741999328389845e+01 9.343959560942851184e+00 0.000000000000000000e+00 9.556202375979488295e+00 4.421917725072847638e+00 1.390693430998496538e+01 8.076758868678263426e+00 1.588749911991184049e+01
9.413621724091314036e+00 1.269292569506837509e+01 1.314828506656404628e+01 9.034406448716239879e+00 4.172833600225677841e+00 1.217481646424435304e+01 1.142514105354491427e+01 9.243366811178574949e+00 4.134472210331067821e+00 1.384316073534489533e+01 7.328601029580251947e+00 7.565176015385284281e+00 8.556483147304073000e+00 4.662301348849794635e+00 7.265772331056292721e+00 1.347188173615494833e+01 8.068216195037690497e+00 7.794118282866238978e+00 4.289578248696613194e+00 9.556202375979488295e+00 0.000000000000000000e+00 1.243618552958435686e+01 9.328956817023094317e+00 1.346447087771704076e+01 9.478966466574032523e+00
1.137124563754855977e+01 1.575778642664861096e+01 4.102793443983744126e+00 1.859818450952705859e+01 1.076332082752522012e+01 4.006091301256891057e+00 1.610473678561310962e+01 1.958761714277171961e+01 1.089311924985853608e+01 9.723202638621366134e+00 5.263820050795266603e+00 1.482937247001242831e+01 8.993114295330308039e+00 1.580765197129592714e+01 6.468772024131519416e+00 7.963510714664421286e+00 1.164045999508878104e+01 1.499271679269770807e+01 1.363258729023074345e+01 4.421917725072847638e+00 1.243618552958435686e+01 0.000000000000000000e+00 1.818880347497876926e+01 1.231051008073935016e+01 2.016385929406928312e+01
1.750636821582552116e+01 3.901142147604645949e+00 1.753286628858448992e+01 1.126749408085623294e+01 1.007958686852177621e+01 2.010563572744333527e+01 1.584897866712267600e+01 3.954256737082407103e+00 9.960642415115174231e+00 1.104374134629842175e+01 1.472086103723701811e+01 5.547946988503874799e+00 9.316584339322160346e+00 7.146938921960283686e+00 1.539320030922126570e+01 1.466718701586147766e+01 1.433730944522400996e+01 1.211837598462609122e+01 6.331162954077083960e+00 1.390693430998496538e+01 9.328956817023094317e+00 1.818880347497876926e+01 0.000000000000000000e+00 7.567936423567361182e+00 7.519712152366476943e+00
1.942702711765506507e+01 3.955978201691469298e+00 1.143388133937257223e+01 1.800188507917242831e+01 1.009876249120029357e+01 1.437427703621112052e+01 2.255859933059257827e+01 1.085897882928943581e+01 1.620712614772390836e+01 3.891464755034861334e+00 9.805228261855582161e+00 8.777936795490200339e+00 4.947673921973202660e+00 1.378941809787683148e+01 1.480706032787991333e+01 8.539924534527077782e+00 1.937578175318320461e+01 1.884778679584889005e+01 1.010804748596395797e+01 8.076758868678263426e+00 1.346447087771704076e+01 1.231051008073935016e+01 7.567936423567361182e+00 0.000000000000000000e+00 1.425934320181530168e+01
1.691821016516550102e+01 1.111199920436379251e+01 2.027580951132427245e+01 3.787103426786881943e+00 1.042474086122874688e+01 1.997292424495891083e+01 1.028246534960104341e+01 3.825716284214387919e+00 9.597352827360687400e+00 1.590919408746931829e+01 1.553604873435727995e+01 7.238934673845608181e+00 1.271094855008447055e+01 4.900724637078746504e+00 1.503288418242396141e+01 1.866342968432532956e+01 1.260529616294093458e+01 6.186696506026451381e+00 7.163368812864990609e+00 1.588749911991184049e+01 9.478966466574032523e+00 2.016385929406928312e+01 7.519712152366476943e+00 1.425934320181530168e+01 0.000000000000000000e+00
