0.000000000000000000e+00 1.896035785492859338e+00 1.233037555531580010e+00 1.570293794141249588e+00 9.982741768878876654e-01 8.952164720181251534e-01 1.196454923171536455e+00 1.577503225968124756e+00 7.737159734265321998e-01 8.000414424649264777e-01 7.005660713414338936e-01 1.440422518425736209e+00 1.367319599272862174e+00 5.627826876612623819e-01 9.679865709944290852e-01 6.182103453812287652e-01 4.947115559748886393e-01 8.666071746914563168e-01 1.341237483897110616e+00 8.206039210506224091e-01 1.311033227310331561e+00 6.538828043660007694e-01 1.199910025877284347e+00 7.237418413180953802e-01 1.055338405251397660e+00 7.601899616477296728e-01 1.018658401156219639e+00 8.573295360225655637e-01 1.619877431116420130e+00 9.908621258312149127e-01 1.312231111796175131e+00 1.207290093527161989e+00 3.040771402131341450e-01 8.880955956565963483e-01 5.648435116307041204e-01 6.102945619664201793e-01 1.163050585777220425e+00 5.459440439562889269e-01 4.943375101493034385e-01 6.383222046670831151e-01 1.561516188479719069e+00 7.941177067188365246e-01 1.372621736836666440e+00 8.065228124120978892e-01 1.037576557927510690e+00 1.103222330134708162e+00 1.437295442905583309e+00 4.765475880691769084e-01 7.089496400407987453e-01 8.337128579840488163e-01
1.896035785492859338e+00 0.000000000000000000e+00 1.471745958918432517e+00 1.015884972495510574e+00 9.978230160477737920e-01 1.630772416570568373e+00 1.475220294411416555e+00 9.911444935046497262e-01 2.108246766568592445e+00 1.670724531414912395e+00 1.880020545325776116e+00 6.118987956609376333e-01 5.720566657124150911e-01 1.502431288775178286e+00 9.288078554446723700e-01 1.464421052782310273e+00 1.775970707533805149e+00 1.183833605181144444e+00 7.232836298287900201e-01 1.177541227673813307e+00 6.551355943622871880e-01 1.491182629229354628e+00 8.647279047413695130e-01 1.430762423853990217e+00 8.843637937708413999e-01 1.427836437031544170e+00 1.213001621147363984e+00 1.477642273302036902e+00 3.009071719699696890e-01 1.192002894413873859e+00 7.648430446219647294e-01 8.636115549675835723e-01 1.600086142021295732e+00 1.215416836252904753e+00 1.522648798170225914e+00 1.518423514268893770e+00 7.584811430798346077e-01 1.896171099764162316e+00 1.633420338786491621e+00 1.265965901427034579e+00 5.069913668206793567e-01 1.116091025958540817e+00 8.477048459253119228e-01 1.579809731952263041e+00 1.107291793386671497e+00 8.704021330952347313e-01 7.830305177738008382e-01 1.638695058785792691e+00 1.489504640143384240e+00 1.144900904438083789e+00
1.233037555531580010e+00 1.471745958918432517e+00 0.000000000000000000e+00 1.105294073298631163e+00 1.005575330655051891e+00 9.207811014487455870e-01 9.280113604879932643e-01 1.187210467332404873e+00 1.398255451446770659e+00 1.020079897567236049e+00 1.170029230203954107e+00 9.691445952953041676e-01 1.117007494345992669e+00 8.367272738549060840e-01 5.529069160935126126e-01 9.330765129809266423e-01 1.065979392411984028e+00 5.537830801045436901e-01 1.169756426699678276e+00 6.777341468958892889e-01 8.746653663972536741e-01 8.434647581785909010e-01 8.218196480773544144e-01 7.207711087321682086e-01 8.322780536671845475e-01 9.265415334357017807e-01 2.951550092198677033e-01 8.129940166769938914e-01 1.202519077554796256e+00 6.830502256373287562e-01 9.333009401912760739e-01 7.145578581503062576e-01 9.370879120600156265e-01 7.932657966392892002e-01 8.711367036875955483e-01 8.084321991470719837e-01 1.065361869514614535e+00 1.186261921402496977e+00 9.234290236646697236e-01 6.110244542772629295e-01 1.214516898217089969e+00 8.428734641366583125e-01 9.034088495274955610e-01 8.977439853319055807e-01 4.996785997330417950e-01 7.542629370774505126e-01 1.030572670981009020e+00 9.287037436639720145e-01 8.929461409989905007e-01 4.069825035644921707e-01
1.570293794141249588e+00 1.015884972495510574e+00 1.105294073298631163e+00 0.000000000000000000e+00 1.101146814442505617e+00 1.291035989043431309e+00 1.164608285926771014e+00 8.066876366766434492e-01 1.768510339041456270e+00 1.350314039725434734e+00 1.540284117798639940e+00 6.039667351453278377e-01 7.361805912367989091e-01 1.176689297423568314e+00 6.106556757352750164e-01 1.319868775939681438e+00 1.436234280006669195e+00 8.971746968236262720e-01 9.595796858784966243e-01 9.537939143413909360e-01 3.607493781332236082e-01 1.173698900336788586e+00 8.117557338170856562e-01 1.091025996326853598e+00 8.026307597561096463e-01 1.256382375680927366e+00 8.433669006532562573e-01 1.197716752421757569e+00 7.481227919059747489e-01 8.815582684130998103e-01 5.801495375072495131e-01 5.396799762900434949e-01 1.274344150669684650e+00 1.095996501056349937e+00 1.201370845845793678e+00 1.178687086741756707e+00 9.486120637732136096e-01 1.556516808997181922e+00 1.293683911259354558e+00 9.412585964354610590e-01 7.846620319263521992e-01 1.080677596781551841e+00 2.112335607562919326e-01 1.267998872926589637e+00 7.264854417693229482e-01 5.904815582301551347e-01 6.257439509548556877e-01 1.298958631258655627e+00 1.223180283157188519e+00 7.955977330369699008e-01
9.982741768878876654e-01 9.978230160477737920e-01 1.005575330655051891e+00 1.101146814442505617e+00 0.000000000000000000e+00 8.439005484878290275e-01 8.435952691724925012e-01 9.748508248657024033e-01 1.226441114209350092e+00 7.412768954627311224e-01 1.090063029868130640e+00 6.157974006384107080e-01 5.599479913214363558e-01 6.981916296720709347e-01 5.500274654185766110e-01 4.858418901027889980e-01 9.160285619468137019e-01 4.677713148927120090e-01 3.682111557801966972e-01 3.685868261294859005e-01 8.230097993091867181e-01 5.885980526902655496e-01 3.265817495975585905e-01 6.631981913561494357e-01 3.125399321298110156e-01 4.768642489674784768e-01 7.257831617871057794e-01 5.695220166998096190e-01 7.168416937372170672e-01 5.845218556703419832e-01 6.937706844991398114e-01 5.883184761724123968e-01 7.001252590993402025e-01 2.621813131359873594e-01 6.118215102648721926e-01 6.886326658524019040e-01 2.617837362357831044e-01 1.001630435457677049e+00 8.638140673542213932e-01 4.551700270972687257e-01 5.913753959422110018e-01 2.158608235551346677e-01 9.047096859484176079e-01 6.576940913263852329e-01 5.497224124167165993e-01 5.116629022451885112e-01 8.559234888418281173e-01 6.929455136632448609e-01 5.794792254888203598e-01 6.159220813325432253e-01
8.952164720181251534e-01 1.630772416570568373e+00 9.207811014487455870e-01 1.291035989043431309e+00 8.439005484878290275e-01 0.000000000000000000e+00 9.651573781140347918e-01 1.326619179283935024e+00 1.032844552229126300e+00 8.100939116709849896e-01 8.044309624405528991e-01 1.099868957951970261e+00 1.213994142875270965e+00 5.364532882729194929e-01 7.019645611258954476e-01 4.962995213395375860e-01 6.937172636638764267e-01 5.260536142176905905e-01 1.105469240593896840e+00 6.633506028251887621e-01 1.041017968882957945e+00 6.350297685334901354e-01 8.593564654035192873e-01 3.235119351255327236e-01 9.246374931451314394e-01 7.220874444767770850e-01 6.959631089187660047e-01 2.945586974571721695e-01 1.361545535206932334e+00 7.484434004520917894e-01 1.065720371552616008e+00 9.089113597089620855e-01 6.498487922588106480e-01 5.909688860670189170e-01 6.550418475164178078e-01 3.242192287909671511e-01 1.043767408708867528e+00 8.208510221848538402e-01 5.580181244470260316e-01 4.490426846249711001e-01 1.297677179652066748e+00 6.924385483132130537e-01 1.089277147090049080e+00 2.367979167971033527e-01 7.260395651544391260e-01 8.567115898911479288e-01 1.178492801270387025e+00 5.271278840232064278e-01 6.845111513538897352e-01 5.209638916483975146e-01
1.196454923171536455e+00 1.475220294411416555e+00 9.280113604879932643e-01 1.164608285926771014e+00 8.435952691724925012e-01 9.651573781140347918e-01 0.000000000000000000e+00 1.126652689406915320e+00 1.424621860492998549e+00 9.671881617944263487e-01 1.214405506869242313e+00 1.084756840254166965e+00 9.858330441757134910e-01 8.304861714044182719e-01 5.598536624084892166e-01 9.901868468740174789e-01 1.110355669077272234e+00 7.127948328901149155e-01 1.154716886388508446e+00 4.956737761777847973e-01 8.990420318120329046e-01 7.897493644372388655e-01 9.866983551202151981e-01 7.651473853974573025e-01 6.936840943268035575e-01 8.669617295729927786e-01 6.995296539042544781e-01 8.726259166893188812e-01 1.205993413047780294e+00 2.882146136226297339e-01 8.511559759067941489e-01 8.400931413641281598e-01 8.983060053829885483e-01 8.820182257604819442e-01 8.182449679147854038e-01 8.528084758123609666e-01 9.085586858112485453e-01 1.199811181741325061e+00 9.678053003299587065e-01 5.712786102203151195e-01 1.302183174179878167e+00 7.453842769538494561e-01 9.681711574326827829e-01 9.421202619971946746e-01 6.704760781716206930e-01 6.357874340228935051e-01 9.902689528904368155e-01 9.730800203292609973e-01 8.390133345241496121e-01 5.427484400592335057e-01
1.577503225968124756e+00 9.911444935046497262e-01 1.187210467332404873e+00 8.066876366766434492e-01 9.748508248657024033e-01 1.326619179283935024e+00 1.126652689406915320e+00 0.000000000000000000e+00 1.804093529281959540e+00 1.348236464591015427e+00 1.575867308039142989e+00 7.896616422880569086e-01 5.415872425160437320e-01 1.196329769902708673e+00 6.394112283617868764e-01 1.349670447069213353e+00 1.471817470247172688e+00 1.022562127059279069e+00 9.257833545861777758e-01 9.008289014768953162e-01 4.961013588328637702e-01 1.171621325202369279e+00 9.705195541477705801e-01 1.126609186567357312e+00 6.623108927358912768e-01 1.252868534616609519e+00 9.290794982888367359e-01 1.233892268756282107e+00 7.154176477759982555e-01 8.403346999160773434e-01 2.886492315076631954e-01 6.990839649082026819e-01 1.279354308179577737e+00 1.219300021580538740e+00 1.199293270711373927e+00 1.214270276982260865e+00 7.836050877601464792e-01 1.580859484537913584e+00 1.329267101499858716e+00 9.391810213010417518e-01 8.224753072087914729e-01 9.825069458715857129e-01 6.288991207901210023e-01 1.303582063167093796e+00 8.349832825445344664e-01 4.947853258405949806e-01 2.121890890726053636e-01 1.334541821499159786e+00 1.221102708022769212e+00 8.531562423323962863e-01
7.737159734265321998e-01 2.108246766568592445e+00 1.398255451446770659e+00 1.768510339041456270e+00 1.226441114209350092e+00 1.032844552229126300e+00 1.424621860492998549e+00 1.804093529281959540e+00 0.000000000000000000e+00 1.028846131537476172e+00 7.774286181878670154e-01 1.578050598636737245e+00 1.595486536594324489e+00 7.579482167468915010e-01 1.179438911123919853e+00 8.263068833465290197e-01 4.383127454379887045e-01 1.004235254902457575e+00 1.564275627879743169e+00 1.048770858372084946e+00 1.518492318880982905e+00 8.820497416874630847e-01 1.337538106088285828e+00 8.613699215290966382e-01 1.283505342572859753e+00 9.883568989691919882e-01 1.174144749603533100e+00 9.949576162335668217e-01 1.839019885204956628e+00 1.219029063152676562e+00 1.540158321442941070e+00 1.387093000393728959e+00 5.624893888537915165e-01 1.081876870473004848e+00 7.947738199395427694e-01 7.330859604206011459e-01 1.391217523098682740e+00 2.411233315966711255e-01 5.670496598792806875e-01 8.664891419885454305e-01 1.784554332462351178e+00 1.022284644040298618e+00 1.566751497088074041e+00 9.243900406324031538e-01 1.204221205839206332e+00 1.331149539781472768e+00 1.655967151268411319e+00 6.183114762253768548e-01 9.371165773622610606e-01 9.984382416464220311e-01
8.000414424649264777e-01 1.670724531414912395e+00 1.020079897567236049e+00 1.350314039725434734e+00 7.412768954627311224e-01 8.100939116709849896e-01 9.671881617944263487e-01 1.348236464591015427e+00 1.028846131537476172e+00 0.000000000000000000e+00 8.924680471962569417e-01 1.246281624055655124e+00 1.137185377260798491e+00 5.319036774620099495e-01 7.472278588525711474e-01 4.916608792589514110e-01 7.432330018692877571e-01 6.775507311623232276e-01 1.071428303316459552e+00 5.904696990385580602e-01 1.091032718738287111e+00 3.371458193907960754e-01 9.718337267175543026e-01 6.133924430476316303e-01 8.252041832393337550e-01 2.963674083336292897e-01 8.090182008510602429e-01 7.288369215684803448e-01 1.389743209104356669e+00 7.615953644541049172e-01 1.082964350419066246e+00 9.916948869106566589e-01 4.978238705850402956e-01 6.155126127897744270e-01 2.725432778459193073e-01 6.525115796113003519e-01 9.274521395001039670e-01 8.033415054123731469e-01 6.662190846823481394e-01 4.090554432899736192e-01 1.291707007899067339e+00 5.596643248809868298e-01 1.152913847255209401e+00 7.615002125183504278e-01 8.219813513110053593e-01 8.739555687575982779e-01 1.208028681528473314e+00 5.862539269250756080e-01 2.083891314933831451e-01 6.229786558211332093e-01
7.005660713414338936e-01 1.880020545325776116e+00 1.170029230203954107e+00 1.540284117798639940e+00 1.090063029868130640e+00 8.044309624405528991e-01 1.214405506869242313e+00 1.575867308039142989e+00 7.774286181878670154e-01 8.924680471962569417e-01 0.000000000000000000e+00 1.349824377393920916e+00 1.459108452253105481e+00 5.661342527006475445e-01 9.512126898811035236e-01 6.231457097468326989e-01 4.463469294526472564e-01 7.760090336596412453e-01 1.375674869824557778e+00 9.099875350463342283e-01 1.290266097638166798e+00 7.456716573462438546e-01 1.109311884845469720e+00 6.331437002862803087e-01 1.147127258231640745e+00 8.519788146279727581e-01 9.459185283607169925e-01 7.667313949907504922e-01 1.610793663962140299e+00 9.976915292072995323e-01 1.314968500307823529e+00 1.158866779150912629e+00 4.929871419824854994e-01 8.542745462625394026e-01 6.649328970933892080e-01 5.048464106037425791e-01 1.254839438757463732e+00 5.796001535084255307e-01 2.481975075020888821e-01 6.793330459228489326e-01 1.557291268663998807e+00 8.859065596990796099e-01 1.338525275845257712e+00 7.018737615438117583e-01 9.759949845963897808e-01 1.105959718646356338e+00 1.427740930025594768e+00 4.152503037814023745e-01 8.007384930210418306e-01 7.702120204036057016e-01
1.440422518425736209e+00 6.118987956609376333e-01 9.691445952953041676e-01 6.039667351453278377e-01 6.157974006384107080e-01 1.099868957951970261e+00 1.084756840254166965e+00 7.896616422880569086e-01 1.578050598636737245e+00 1.246281624055655124e+00 1.349824377393920916e+00 0.000000000000000000e+00 5.324939107059497578e-01 1.054468249062606722e+00 5.308042300626714116e-01 9.471877399942754128e-01 1.245774539601950837e+00 5.763854055566726142e-01 3.604251506313859155e-01 8.739424686687875532e-01 3.498894430538788680e-01 1.069666484667009199e+00 3.333342942952273735e-01 8.983286434539893284e-01 7.380119270671070542e-01 1.027710214559657498e+00 6.969985424390975348e-01 8.996957507215885830e-01 3.384602822465174188e-01 8.017068227404955394e-01 5.561883688179274365e-01 2.711178056727002184e-01 1.162127701468841812e+00 7.001204992843259589e-01 1.097338430176014068e+00 9.882273463370389033e-01 5.958262130173094251e-01 1.366057068592464674e+00 1.103224170854636643e+00 8.372261807656815602e-01 2.453723029217849960e-01 8.123248142749824874e-01 3.938472235481433326e-01 1.022763987266595453e+00 5.085560320148507785e-01 5.200181359449156382e-01 5.827141378840418051e-01 1.108498890853938379e+00 1.119147867487409131e+00 6.733929740064992231e-01
1.367319599272862174e+00 5.720566657124150911e-01 1.117007494345992669e+00 7.361805912367989091e-01 5.599479913214363558e-01 1.213994142875270965e+00 9.858330441757134910e-01 5.415872425160437320e-01 1.595486536594324489e+00 1.137185377260798491e+00 1.459108452253105481e+00 5.324939107059497578e-01 0.000000000000000000e+00 1.066621880993362526e+00 5.689659830369884208e-01 9.919043765375311628e-01 1.310025281278962561e+00 9.464674904101486597e-01 3.850893125654827887e-01 6.220267025550685336e-01 3.803662823721785102e-01 9.576434750752405023e-01 6.908850839648319475e-01 1.013984150158693032e+00 3.123071280584266973e-01 9.180567449714995831e-01 8.588971375000119535e-01 1.094786202233662742e+00 2.918606020423206160e-01 7.008256702022747087e-01 2.748250809349627732e-01 6.469150303256155921e-01 1.069170681484314711e+00 8.221293044574239373e-01 9.891096440161120107e-01 1.101645240573596807e+00 2.986880871672693560e-01 1.370675857842651002e+00 1.216642065091194658e+00 8.036484350651665887e-01 3.286366766572849651e-01 6.179465314148427924e-01 5.676478133037307083e-01 1.177458538139690036e+00 7.655176970421101457e-01 3.662080002834278147e-01 3.856171609698441638e-01 1.196499773943015876e+00 9.563696447069263140e-01 7.656117527485039043e-01
5.627826876612623819e-01 1.502431288775178286e+00 8.367272738549060840e-01 1.176689297423568314e+00 6.981916296720709347e-01 5.364532882729194929e-01 8.304861714044182719e-01 1.196329769902708673e+00 7.579482167468915010e-01 5.319036774620099495e-01 5.661342527006475445e-01 1.054468249062606722e+00 1.066621880993362526e+00 0.000000000000000000e+00 5.743820742767482557e-01 4.900024769944616443e-01 4.446654288250067033e-01 4.806529053283270514e-01 1.041154936681293997e+00 5.199062027711225387e-01 9.174287305926499547e-01 3.705010100271587392e-01 8.139557565141557482e-01 3.513315669339190928e-01 7.546406869718979005e-01 4.753592752378563713e-01 6.222871708532515811e-01 4.846247025777677409e-01 1.233204407411542247e+00 6.137721937424749363e-01 9.316257590626300100e-01 8.109798118504873976e-01 2.686264486677596985e-01 5.593725061262998510e-01 3.255896970461963913e-01 2.738657603545048835e-01 8.629680385614038052e-01 5.357966855301309339e-01 3.188535551969983728e-01 2.844248266959535920e-01 1.261433641263902228e+00 4.940351595030196830e-01 9.790172401189856100e-01 4.706635601991837614e-01 6.412662762508360981e-01 7.226169774011621527e-01 1.049508950902560578e+00 3.339106698277455876e-01 4.241189536309253882e-01 4.373416276810803138e-01
9.679865709944290852e-01 9.288078554446723700e-01 5.529069160935126126e-01 6.106556757352750164e-01 5.500274654185766110e-01 7.019645611258954476e-01 5.598536624084892166e-01 6.394112283617868764e-01 1.179438911123919853e+00 7.472278588525711474e-01 9.512126898811035236e-01 5.308042300626714116e-01 5.689659830369884208e-01 5.743820742767482557e-01 0.000000000000000000e+00 7.349012013668603238e-01 8.471628520891338887e-01 4.193407668946471656e-01 8.113472409190498613e-01 3.574619263556836901e-01 3.462065484871815757e-01 5.706127194639257771e-01 4.832040364280336675e-01 5.019545684093179583e-01 3.324689698230085533e-01 6.523209545370129980e-01 2.949935604603714512e-01 6.086796278280988126e-01 6.595809740810362198e-01 2.811590595735358744e-01 3.855017012206580773e-01 2.892088489694748521e-01 6.720369275228650352e-01 6.114741756927324356e-01 5.982846649729303135e-01 5.896156588242218444e-01 5.626611886403635188e-01 9.674453810796473929e-01 7.046124833418195843e-01 3.381724155625976391e-01 7.532820215491535798e-01 5.183145738180422457e-01 4.142185472411871183e-01 6.789274450090553303e-01 2.182432359215080164e-01 2.035354424777711946e-01 4.843322062750859414e-01 7.098872033411218752e-01 6.200941022843253769e-01 2.181189114125100803e-01
6.182103453812287652e-01 1.464421052782310273e+00 9.330765129809266423e-01 1.319868775939681438e+00 4.858418901027889980e-01 4.962995213395375860e-01 9.901868468740174789e-01 1.349670447069213353e+00 8.263068833465290197e-01 4.916608792589514110e-01 6.231457097468326989e-01 9.471877399942754128e-01 9.919043765375311628e-01 4.900024769944616443e-01 7.349012013668603238e-01 0.000000000000000000e+00 4.385263202642273872e-01 4.314689111669027244e-01 7.578871608587735009e-01 5.315338279524883802e-01 1.073954609123922932e+00 4.934489733996723082e-01 6.292860913541241663e-01 4.566739349533428527e-01 6.913634768545677822e-01 3.061303238297840013e-01 6.889276703884323894e-01 3.010879862325597789e-01 1.183439730471753659e+00 7.840998837767916285e-01 1.069813350363113535e+00 7.965946158478183214e-01 3.513297666160723476e-01 2.783830138509302832e-01 2.572744663917355123e-01 2.501223726327521102e-01 7.100089667707524255e-01 5.906301364550550215e-01 4.058771023270651424e-01 4.409229028771297632e-01 9.705787039237434577e-01 3.766926072517362001e-01 1.115264279506470668e+00 2.780934570123798633e-01 6.379885621264581586e-01 8.556881381305347922e-01 1.212222590059394367e+00 2.129020389611270825e-01 4.441867860505114285e-01 5.480463488929331328e-01
4.947115559748886393e-01 1.775970707533805149e+00 1.065979392411984028e+00 1.436234280006669195e+00 9.160285619468137019e-01 6.937172636638764267e-01 1.110355669077272234e+00 1.471817470247172688e+00 4.383127454379887045e-01 7.432330018692877571e-01 4.463469294526472564e-01 1.245774539601950837e+00 1.310025281278962561e+00 4.446654288250067033e-01 8.471628520891338887e-01 4.385263202642273872e-01 0.000000000000000000e+00 6.719591958676710552e-01 1.196413481123001166e+00 7.633096030567239065e-01 1.186216259846196275e+00 5.965884863721024889e-01 1.005262047053499641e+00 5.290938624943097857e-01 9.980440872574992683e-01 7.028956436538312813e-01 8.418686905687466915e-01 6.626815571987801912e-01 1.506743826170169109e+00 8.936416914153301194e-01 1.210918662515853228e+00 1.054816941358942106e+00 2.770519808302666087e-01 7.076758835790691871e-01 4.968613787171605733e-01 3.825333047834221234e-01 1.105756267783321256e+00 2.338925369929083786e-01 2.333997811564105795e-01 5.804178575275764640e-01 1.408666626654415888e+00 7.368233887249380221e-01 1.234475438053286966e+00 5.614495281884253064e-01 8.719451468044194797e-01 1.001909880854385593e+00 1.323691092233624467e+00 2.334854088647282944e-01 6.516553220469002428e-01 6.661621826116354006e-01
8.666071746914563168e-01 1.183833605181144444e+00 5.537830801045436901e-01 8.971746968236262720e-01 4.677713148927120090e-01 5.260536142176905905e-01 7.127948328901149155e-01 1.022562127059279069e+00 1.004235254902457575e+00 6.775507311623232276e-01 7.760090336596412453e-01 5.763854055566726142e-01 9.464674904101486597e-01 4.806529053283270514e-01 4.193407668946471656e-01 4.314689111669027244e-01 6.719591958676710552e-01 0.000000000000000000e+00 6.721310038876844306e-01 4.366456818969482456e-01 6.900762768894158627e-01 5.009355917736777464e-01 3.548925939207804303e-01 3.245132997197096025e-01 6.571108406800096891e-01 5.449562464167080345e-01 2.982661162483712936e-01 3.563104342556622228e-01 9.098557914079408171e-01 4.941122495705667639e-01 7.687972462481319491e-01 3.828577454912714950e-01 5.882843961937138655e-01 2.615719007641589267e-01 5.286075372826823937e-01 4.144120026027592329e-01 6.818146131061170179e-01 7.922417248581848925e-01 5.294088271203569729e-01 2.698168262381484550e-01 7.987583956552722908e-01 4.798951073701040460e-01 6.925702003904151693e-01 5.017941372554221013e-01 2.074177933486271996e-01 5.891849374260255123e-01 8.645201656018922654e-01 5.346835471196588196e-01 5.504169745940774572e-01 2.105395044199663002e-01
1.341237483897110616e+00 7.232836298287900201e-01 1.169756426699678276e+00 9.595796858784966243e-01 3.682111557801966972e-01 1.105469240593896840e+00 1.154716886388508446e+00 9.257833545861777758e-01 1.564275627879743169e+00 1.071428303316459552e+00 1.375674869824557778e+00 3.604251506313859155e-01 3.850893125654827887e-01 1.041154936681293997e+00 8.113472409190498613e-01 7.578871608587735009e-01 1.196413481123001166e+00 6.721310038876844306e-01 0.000000000000000000e+00 7.242381382466740458e-01 6.980026613087552123e-01 9.315613596994888335e-01 3.656640433800785739e-01 9.232420027359427017e-01 5.135820319562452996e-01 8.070597181333163395e-01 8.796669894539331791e-01 8.307173466902524339e-01 4.372609230093699728e-01 8.916186766720662904e-01 6.480356555997345280e-01 5.440997096547579570e-01 1.043088566108563375e+00 5.222251245157806254e-01 9.237914100688985330e-01 9.520569574860350270e-01 2.684290102544814038e-01 1.330226028347085698e+00 1.129074663285273061e+00 7.999560838480253011e-01 2.368040057857552783e-01 5.714236616210864872e-01 7.494734401420968251e-01 9.193313464264358803e-01 6.922786447483951777e-01 6.085892581654890332e-01 7.678954769512928991e-01 9.707891998199008610e-01 9.187278818136216385e-01 8.591901368875251022e-01
8.206039210506224091e-01 1.177541227673813307e+00 6.777341468958892889e-01 9.537939143413909360e-01 3.685868261294859005e-01 6.633506028251887621e-01 4.956737761777847973e-01 9.008289014768953162e-01 1.048770858372084946e+00 5.904696990385580602e-01 9.099875350463342283e-01 8.739424686687875532e-01 6.220267025550685336e-01 5.199062027711225387e-01 3.574619263556836901e-01 5.315338279524883802e-01 7.633096030567239065e-01 4.366456818969482456e-01 7.242381382466740458e-01 0.000000000000000000e+00 6.865164323508372579e-01 4.109277968530004599e-01 6.951685757270443800e-01 4.633406101086112727e-01 3.097195744966417252e-01 4.191447962133449390e-01 4.612291047613943928e-01 5.710156092949197904e-01 8.973451640037186650e-01 3.277060529079166007e-01 6.217479599557260705e-01 6.204996318006881229e-01 5.224550032620750573e-01 4.381758417358638802e-01 4.423939657938716352e-01 5.510017005235150478e-01 4.907348618770025483e-01 8.239601796204119033e-01 6.633873285070499559e-01 2.480112413963904416e-01 8.982307003080276520e-01 2.520460789588092054e-01 7.573567858473033709e-01 6.403134867083483117e-01 4.507860962010366568e-01 4.063859175113768152e-01 7.714067499464067890e-01 6.513765912506787048e-01 4.202742608420957926e-01 2.813850668720048742e-01
1.311033227310331561e+00 6.551355943622871880e-01 8.746653663972536741e-01 3.607493781332236082e-01 8.230097993091867181e-01 1.041017968882957945e+00 8.990420318120329046e-01 4.961013588328637702e-01 1.518492318880982905e+00 1.091032718738287111e+00 1.290266097638166798e+00 3.498894430538788680e-01 3.803662823721785102e-01 9.174287305926499547e-01 3.462065484871815757e-01 1.073954609123922932e+00 1.186216259846196275e+00 6.900762768894158627e-01 6.980026613087552123e-01 6.865164323508372579e-01 0.000000000000000000e+00 9.144175793496412963e-01 6.099029231051654731e-01 8.410079761663801223e-01 5.217229418136989372e-01 9.961258144227289613e-01 6.159210286261848077e-01 9.477330355851608656e-01 3.873734137727511406e-01 6.159910453451693524e-01 2.963703734738994955e-01 3.399025306176584604e-01 1.015083583838766401e+00 8.897293924404940935e-01 9.420895248586462767e-01 9.286690665812838974e-01 6.625614931381447192e-01 1.306498788836708336e+00 1.043665891098881637e+00 6.819772754483134358e-01 4.647130871674846064e-01 8.093351271258900637e-01 2.106232018285933427e-01 1.017980852766117605e+00 5.151829415474142859e-01 3.138325108493061899e-01 2.899617028057311918e-01 1.048940611098183595e+00 9.638989621700408961e-01 5.508514122542345071e-01
6.538828043660007694e-01 1.491182629229354628e+00 8.434647581785909010e-01 1.173698900336788586e+00 5.885980526902655496e-01 6.350297685334901354e-01 7.897493644372388655e-01 1.171621325202369279e+00 8.820497416874630847e-01 3.371458193907960754e-01 7.456716573462438546e-01 1.069666484667009199e+00 9.576434750752405023e-01 3.705010100271587392e-01 5.706127194639257771e-01 4.934489733996723082e-01 5.965884863721024889e-01 5.009355917736777464e-01 9.315613596994888335e-01 4.109277968530004599e-01 9.144175793496412963e-01 0.000000000000000000e+00 8.372919787130251867e-01 4.383282999101366095e-01 6.456622810537757662e-01 3.337750112620484488e-01 6.324030614624148727e-01 5.537727784309851575e-01 1.210201306918798903e+00 5.841565670969174340e-01 9.063492110304206539e-01 8.150797475220111776e-01 3.557338865774537506e-01 4.905221948233482454e-01 2.652308171139085013e-01 4.787977317501200258e-01 7.533744615795983091e-01 6.572390629357902636e-01 5.194226948323350523e-01 2.324403039013281380e-01 1.151840064282096732e+00 3.844415825212142424e-01 9.762987078665631424e-01 6.071628863580071922e-01 6.453662119223599891e-01 6.973404293689521305e-01 1.031413542139827833e+00 4.846554745660575647e-01 2.030072944898806131e-01 4.463635164324874505e-01
1.199910025877284347e+00 8.647279047413695130e-01 8.218196480773544144e-01 8.117557338170856562e-01 3.265817495975585905e-01 8.593564654035192873e-01 9.866983551202151981e-01 9.705195541477705801e-01 1.337538106088285828e+00 9.718337267175543026e-01 1.109311884845469720e+00 3.333342942952273735e-01 6.908850839648319475e-01 8.139557565141557482e-01 4.832040364280336675e-01 6.292860913541241663e-01 1.005262047053499641e+00 3.548925939207804303e-01 3.656640433800785739e-01 6.951685757270443800e-01 6.099029231051654731e-01 8.372919787130251867e-01 0.000000000000000000e+00 6.578161509055382439e-01 5.596555927255644214e-01 7.074651415344107575e-01 5.294022346481417340e-01 6.138441031322184882e-01 5.907136211936492298e-01 7.320803328204070759e-01 7.212524912500924978e-01 2.720757575270420503e-01 9.254263453959430397e-01 3.676739956020138034e-01 8.206169981808542069e-01 7.477148537885879298e-01 4.323522969826498752e-01 1.125544576044013256e+00 8.627116783061857808e-01 6.123909129892706193e-01 4.591226003625251684e-01 4.803156094078290250e-01 6.071512373838745535e-01 7.180056897300181040e-01 3.416445366330714273e-01 6.249179278805701010e-01 8.037534380885230645e-01 8.173122817943863083e-01 8.198797692172108409e-01 5.186534296323295212e-01
7.237418413180953802e-01 1.430762423853990217e+00 7.207711087321682086e-01 1.091025996326853598e+00 6.631981913561494357e-01 3.235119351255327236e-01 7.651473853974573025e-01 1.126609186567357312e+00 8.613699215290966382e-01 6.133924430476316303e-01 6.331437002862803087e-01 8.983286434539893284e-01 1.013984150158693032e+00 3.513315669339190928e-01 5.019545684093179583e-01 4.566739349533428527e-01 5.290938624943097857e-01 3.245132997197096025e-01 9.232420027359427017e-01 4.633406101086112727e-01 8.410079761663801223e-01 4.383282999101366095e-01 6.578161509055382439e-01 0.000000000000000000e+00 7.246275004285542831e-01 5.253859758534233926e-01 4.946307342069939383e-01 3.036423002704674579e-01 1.161535542490354178e+00 5.484334077355141890e-01 8.657103788360382968e-01 7.073710452109812641e-01 4.783741615587806528e-01 4.018416791739247151e-01 4.594892916576509001e-01 2.699630148618176184e-01 8.437574159922902606e-01 6.493763914848240670e-01 3.865434937469960364e-01 2.493868563069969180e-01 1.104858401575383953e+00 4.927827199952387605e-01 8.892671543734713691e-01 3.525054349058762138e-01 5.244992506564583046e-01 6.567015971745704395e-01 9.784828085538093134e-01 3.918182137462978276e-01 4.878096827305360983e-01 3.209538989318198587e-01
1.055338405251397660e+00 8.843637937708413999e-01 8.322780536671845475e-01 8.026307597561096463e-01 3.125399321298110156e-01 9.246374931451314394e-01 6.936840943268035575e-01 6.623108927358912768e-01 1.283505342572859753e+00 8.252041832393337550e-01 1.147127258231640745e+00 7.380119270671070542e-01 3.123071280584266973e-01 7.546406869718979005e-01 3.324689698230085533e-01 6.913634768545677822e-01 9.980440872574992683e-01 6.571108406800096891e-01 5.135820319562452996e-01 3.097195744966417252e-01 5.217229418136989372e-01 6.456622810537757662e-01 5.596555927255644214e-01 7.246275004285542831e-01 0.000000000000000000e+00 6.156264468245101762e-01 5.926613577126028654e-01 7.987166854677690830e-01 6.041677301007475354e-01 4.114690204721361266e-01 3.818762556696317367e-01 5.616701120357904253e-01 7.571894874628498640e-01 5.589538311126294179e-01 6.771284499946472746e-01 8.107781049804887452e-01 2.500007906359100751e-01 1.058694663821186488e+00 9.202777876906378385e-01 4.916672410437020191e-01 6.287486774483849183e-01 3.229571351497761422e-01 6.099490699396090676e-01 8.793038312268828260e-01 5.321985687241049812e-01 2.219173495485666781e-01 5.472726818771691537e-01 8.861110754514540666e-01 6.474839041795297234e-01 4.762551030183649337e-01
7.601899616477296728e-01 1.427836437031544170e+00 9.265415334357017807e-01 1.256382375680927366e+00 4.768642489674784768e-01 7.220874444767770850e-01 8.669617295729927786e-01 1.252868534616609519e+00 9.883568989691919882e-01 2.963674083336292897e-01 8.519788146279727581e-01 1.027710214559657498e+00 9.180567449714995831e-01 4.753592752378563713e-01 6.523209545370129980e-01 3.061303238297840013e-01 7.028956436538312813e-01 5.449562464167080345e-01 8.070597181333163395e-01 4.191447962133449390e-01 9.961258144227289613e-01 3.337750112620484488e-01 7.074651415344107575e-01 5.253859758534233926e-01 6.156264468245101762e-01 0.000000000000000000e+00 7.154798367195258635e-01 4.976595738581903738e-01 1.146855114720988222e+00 6.636367366027986492e-01 9.746614029021278824e-01 8.796933521149711277e-01 4.620410438591824320e-01 3.511440276066309374e-01 3.515637717840778276e-01 5.558962369672837411e-01 6.714836901321465934e-01 7.635462202175192781e-01 6.257298521140638448e-01 3.155170791584389622e-01 1.027338422715924127e+00 3.140502819797051925e-01 1.059014216355107951e+00 5.569109772476965592e-01 7.284410973190275085e-01 7.599458406417387568e-01 1.112660751554068073e+00 4.929184839079627789e-01 1.989870842070252388e-01 5.294876617894438420e-01
1.018658401156219639e+00 1.213001621147363984e+00 2.951550092198677033e-01 8.433669006532562573e-01 7.257831617871057794e-01 6.959631089187660047e-01 6.995296539042544781e-01 9.290794982888367359e-01 1.174144749603533100e+00 8.090182008510602429e-01 9.459185283607169925e-01 6.969985424390975348e-01 8.588971375000119535e-01 6.222871708532515811e-01 2.949935604603714512e-01 6.889276703884323894e-01 8.418686905687466915e-01 2.982661162483712936e-01 8.796669894539331791e-01 4.612291047613943928e-01 6.159210286261848077e-01 6.324030614624148727e-01 5.294022346481417340e-01 4.946307342069939383e-01 5.926613577126028654e-01 7.154798367195258635e-01 0.000000000000000000e+00 5.736456367614725105e-01 9.437747397837273899e-01 4.486228433043117914e-01 6.751905833452953587e-01 4.414175139693802263e-01 7.227087576846552563e-01 5.471948861042152945e-01 6.600750069714194090e-01 5.843214973038345361e-01 8.258605039169192308e-01 9.621512195592601957e-01 6.993183218214323871e-01 3.999627575610868457e-01 9.406027143929920342e-01 6.318117674204823953e-01 6.390827118607576018e-01 6.736332834886680221e-01 2.063267358876178514e-01 4.963495814443094067e-01 7.723458579225898069e-01 7.045930418207346779e-01 6.818844442828144725e-01 1.985571140082431907e-01
8.573295360225655637e-01 1.477642273302036902e+00 8.129940166769938914e-01 1.197716752421757569e+00 5.695220166998096190e-01 2.945586974571721695e-01 8.726259166893188812e-01 1.233892268756282107e+00 9.949576162335668217e-01 7.288369215684803448e-01 7.667313949907504922e-01 8.996957507215885830e-01 1.094786202233662742e+00 4.846247025777677409e-01 6.086796278280988126e-01 3.010879862325597789e-01 6.626815571987801912e-01 3.563104342556622228e-01 8.307173466902524339e-01 5.710156092949197904e-01 9.477330355851608656e-01 5.537727784309851575e-01 6.138441031322184882e-01 3.036423002704674579e-01 7.987166854677690830e-01 4.976595738581903738e-01 5.736456367614725105e-01 0.000000000000000000e+00 1.203627989754316507e+00 6.559119390273761008e-01 9.731889101278998755e-01 7.330154608218132362e-01 6.119618562632511694e-01 3.162169921633743441e-01 5.486038416345393465e-01 3.592914895559539690e-01 8.072108412206429051e-01 7.829640861892941395e-01 5.201311884514662198e-01 3.595723552811621038e-01 1.022794029888786982e+00 4.768396708188203936e-01 9.959579104683751183e-01 2.102522975398657956e-01 5.562963851924107583e-01 7.641801284664320182e-01 1.085765890742734108e+00 4.509110316669408536e-01 6.032541612513848683e-01 4.228646023337785387e-01
1.619877431116420130e+00 3.009071719699696890e-01 1.202519077554796256e+00 7.481227919059747489e-01 7.168416937372170672e-01 1.361545535206932334e+00 1.205993413047780294e+00 7.154176477759982555e-01 1.839019885204956628e+00 1.389743209104356669e+00 1.610793663962140299e+00 3.384602822465174188e-01 2.918606020423206160e-01 1.233204407411542247e+00 6.595809740810362198e-01 1.183439730471753659e+00 1.506743826170169109e+00 9.098557914079408171e-01 4.372609230093699728e-01 8.973451640037186650e-01 3.873734137727511406e-01 1.210201306918798903e+00 5.907136211936492298e-01 1.161535542490354178e+00 6.041677301007475354e-01 1.146855114720988222e+00 9.437747397837273899e-01 1.203627989754316507e+00 0.000000000000000000e+00 9.227760130502379310e-01 4.872656414500849409e-01 5.901730415531636353e-01 1.321728513327874444e+00 9.404219855527977678e-01 1.241667475859670189e+00 1.249196632905257731e+00 4.774998207692784380e-01 1.623233689686209624e+00 1.364193457422855582e+00 9.967390200633985398e-01 2.319965161205721493e-01 8.351097036479845359e-01 5.802300948492551402e-01 1.305795448404542425e+00 8.338532799722515598e-01 6.011752517315985811e-01 5.073036720451492565e-01 1.369468177422156652e+00 1.208523317832828514e+00 8.756740230744474163e-01
9.908621258312149127e-01 1.192002894413873859e+00 6.830502256373287562e-01 8.815582684130998103e-01 5.845218556703419832e-01 7.484434004520917894e-01 2.882146136226297339e-01 8.403346999160773434e-01 1.219029063152676562e+00 7.615953644541049172e-01 9.976915292072995323e-01 8.017068227404955394e-01 7.008256702022747087e-01 6.137721937424749363e-01 2.811590595735358744e-01 7.840998837767916285e-01 8.936416914153301194e-01 4.941122495705667639e-01 8.916186766720662904e-01 3.277060529079166007e-01 6.159910453451693524e-01 5.841565670969174340e-01 7.320803328204070759e-01 5.484334077355141890e-01 4.114690204721361266e-01 6.636367366027986492e-01 4.486228433043117914e-01 6.559119390273761008e-01 9.227760130502379310e-01 0.000000000000000000e+00 5.638595732632950552e-01 5.653084363787429512e-01 6.927132080426671168e-01 6.653042480985388307e-01 6.126521705744643054e-01 6.360944981504180751e-01 6.442816237705083493e-01 9.942183844010039628e-01 7.510913226680158150e-01 3.559630566406740138e-01 1.018965774182335693e+00 5.435205273572348839e-01 6.851211399190119122e-01 7.254062843352515610e-01 4.170034416216463202e-01 3.488375154292806535e-01 7.066403225621408213e-01 7.563660426673181059e-01 6.334205371838282916e-01 3.150160830703657155e-01
1.312231111796175131e+00 7.648430446219647294e-01 9.333009401912760739e-01 5.801495375072495131e-01 6.937706844991398114e-01 1.065720371552616008e+00 8.511559759067941489e-01 2.886492315076631954e-01 1.540158321442941070e+00 1.082964350419066246e+00 1.314968500307823529e+00 5.561883688179274365e-01 2.748250809349627732e-01 9.316257590626300100e-01 3.855017012206580773e-01 1.069813350363113535e+00 1.210918662515853228e+00 7.687972462481319491e-01 6.480356555997345280e-01 6.217479599557260705e-01 2.963703734738994955e-01 9.063492110304206539e-01 7.212524912500924978e-01 8.657103788360382968e-01 3.818762556696317367e-01 9.746614029021278824e-01 6.751905833452953587e-01 9.731889101278998755e-01 4.872656414500849409e-01 5.638595732632950552e-01 0.000000000000000000e+00 4.498169020105245441e-01 1.014082194007628335e+00 9.390877784913498338e-01 9.340211565394249682e-01 9.533714692509420718e-01 4.981586369696488492e-01 1.315587370365964404e+00 1.068368293768539923e+00 6.739089071290927935e-01 5.966615307880314134e-01 7.022947027823965849e-01 3.943112509627919593e-01 1.042683255435775669e+00 5.812184017333873465e-01 2.157942829307264998e-01 1.998239178796038240e-01 1.073643013767841436e+00 9.558305938508202537e-01 5.992467151912674872e-01
1.207290093527161989e+00 8.636115549675835723e-01 7.145578581503062576e-01 5.396799762900434949e-01 5.883184761724123968e-01 9.089113597089620855e-01 8.400931413641281598e-01 6.990839649082026819e-01 1.387093000393728959e+00 9.916948869106566589e-01 1.158866779150912629e+00 2.711178056727002184e-01 6.469150303256155921e-01 8.109798118504873976e-01 2.892088489694748521e-01 7.965946158478183214e-01 1.054816941358942106e+00 3.828577454912714950e-01 5.440997096547579570e-01 6.204996318006881229e-01 3.399025306176584604e-01 8.150797475220111776e-01 2.720757575270420503e-01 7.073710452109812641e-01 5.616701120357904253e-01 8.796933521149711277e-01 4.414175139693802263e-01 7.330154608218132362e-01 5.901730415531636353e-01 5.653084363787429512e-01 4.498169020105245441e-01 0.000000000000000000e+00 9.113404500555969401e-01 5.661718728923722521e-01 8.427516930310158250e-01 7.972697480940307280e-01 6.786197656587777960e-01 1.175099470349455721e+00 9.122665726116284679e-01 5.826394436206833172e-01 5.164901085944851866e-01 7.320281692989304423e-01 3.350754798568326143e-01 8.669198419363378649e-01 2.555019643143807140e-01 3.615102088014754966e-01 5.323178488489552773e-01 9.175412926109307588e-01 8.645611303424107774e-01 4.188062368615009801e-01
