0.000000000000000000e+00 5.607839129536943412e-01 4.866368635923297159e-01 4.270493026143163395e-01 4.000383862299592974e-01 3.924579606088341999e-01 3.595180640462082300e-01 3.079418147854885990e-01 2.846344829265270437e-01 2.584022979627028649e-01 2.404656899313140639e-01 2.312758016316696363e-01 2.553313049001348367e-01 2.213893755544840136e-01 4.005136519739798118e-01 3.501609107700510704e-01 1.816470013229163349e-01 1.652214411786563641e-01 4.061646679051127418e-01 1.574108398631346439e-01 2.116636669793442449e-01 2.496247000754926171e-01 2.248383390059918718e-01 2.907807291735834410e-01 4.494869163669681922e-01
5.607839129536943412e-01 0.000000000000000000e+00 9.897643309116411769e-01 9.739001286910712318e-01 9.468892123067141897e-01 6.790151386098020048e-01 6.568035155848133133e-01 8.002287085300223701e-01 3.071635202450224145e-01 8.052531240394574796e-01 5.620591129985332834e-01 7.469382860121753787e-01 5.091744185677251622e-01 5.192567086677730703e-01 9.272382850791562880e-01 8.516134081677987355e-01 6.315602872387657829e-01 6.733384620563761525e-01 1.604413591896462765e-01 4.596483872849554952e-01 7.574998220452493491e-01 7.964755261522472596e-01 4.497562845930235254e-01 8.139757905902849089e-01 9.749560751445278672e-01
4.866368635923297159e-01 9.897643309116411769e-01 0.000000000000000000e+00 5.102667159147846743e-01 5.437505781689779827e-01 8.602745690604024498e-01 8.366190091872992562e-01 3.186502373680081823e-01 7.079477611960653949e-01 2.628999956292631945e-01 5.731367527483531843e-01 4.043638139546865129e-01 7.343238418737878526e-01 6.702018631090528311e-01 1.983026435094215612e-01 1.785852307068144795e-01 4.072940894521847599e-01 4.196443835494063634e-01 8.371306696736137143e-01 5.824920864735221304e-01 3.805065530522178108e-01 4.009024114523586646e-01 6.296436293487164271e-01 2.313912726804500664e-01 1.436205221293457013e-01
4.270493026143163395e-01 9.739001286910712318e-01 5.102667159147846743e-01 0.000000000000000000e+00 5.831503143236478337e-01 8.130682261062757155e-01 7.718481041872383708e-01 4.683906036845517096e-01 6.920835589754951167e-01 2.540620335266821073e-01 5.677560269566779283e-01 4.497872415256080059e-01 6.747362808957746427e-01 6.063140332389304055e-01 4.442117991811996291e-01 4.729318311845927547e-01 5.093485112868385567e-01 4.271979365053368838e-01 8.212664674530434361e-01 5.666278842529516302e-01 2.770592960777386038e-01 4.327366281691810146e-01 5.787001361184593851e-01 3.260735019667325152e-01 4.924315492100716507e-01
4.000383862299592974e-01 9.468892123067141897e-01 5.437505781689779827e-01 5.831503143236478337e-01 0.000000000000000000e+00 7.860573097219187844e-01 7.500205318249290043e-01 4.770924801022035089e-01 6.650726425911381856e-01 3.735141186251539902e-01 5.661367286425921241e-01 2.675446626084480028e-01 6.477253645114176006e-01 5.979059753408787481e-01 4.669836162556766923e-01 4.424268207155981902e-01 4.515779405735213525e-01 4.801221004622097110e-01 7.942555510686865050e-01 5.396169678685948101e-01 4.135259294732814839e-01 1.527348344988006534e-01 5.846951968716896930e-01 4.869164138744262460e-01 5.150707865997810053e-01
3.924579606088341999e-01 6.790151386098020048e-01 8.602745690604024498e-01 8.130682261062757155e-01 7.860573097219187844e-01 0.000000000000000000e+00 5.720765947397927764e-01 6.799045503319975925e-01 4.021219150576903489e-01 6.444212214546621853e-01 5.320975452375086290e-01 6.174485241609365405e-01 2.186963059534814402e-01 4.414239889534961603e-01 7.865325754659389101e-01 7.221236463165602304e-01 5.407195223021274977e-01 5.263802587014629886e-01 5.254784838119874735e-01 2.881336580604469400e-01 5.976825904713035653e-01 6.356436235674519653e-01 4.414805452207871128e-01 6.573543846574250171e-01 8.355058398589274571e-01
3.595180640462082300e-01 6.568035155848133133e-01 8.366190091872992562e-01 7.718481041872383708e-01 7.500205318249290043e-01 5.720765947397927764e-01 0.000000000000000000e+00 6.338641765572941011e-01 3.758150577396113801e-01 6.032010995356247296e-01 4.933324455149152299e-01 5.907938656778779496e-01 4.153836421328511164e-01 2.180845750197898392e-01 7.504957975689492411e-01 7.096789748162594114e-01 5.411650653691244539e-01 4.764884613583554307e-01 5.021842705362316028e-01 4.030648593831941962e-01 5.518890707001773421e-01 5.996068456704620742e-01 3.378874190362762264e-01 6.083650392452131239e-01 7.994690619619376770e-01
3.079418147854885990e-01 8.002287085300223701e-01 3.186502373680081823e-01 4.683906036845517096e-01 4.770924801022035089e-01 6.799045503319975925e-01 6.338641765572941011e-01 0.000000000000000000e+00 5.095001592621277720e-01 2.932703268780462724e-01 2.759881331019110595e-01 2.677027966050448682e-01 5.438200462152552594e-01 4.643097277406835754e-01 3.100425878303209593e-01 1.835262530569873873e-01 1.740347209043430210e-01 2.035140676421086092e-01 6.475950472919947964e-01 4.021220677451170511e-01 2.044721399002740747e-01 3.395504395085434668e-01 4.235791159255184457e-01 1.691775825034995406e-01 3.582623378591929808e-01
2.846344829265270437e-01 3.071635202450224145e-01 7.079477611960653949e-01 6.920835589754951167e-01 6.650726425911381856e-01 4.021219150576903489e-01 3.758150577396113801e-01 5.095001592621277720e-01 0.000000000000000000e+00 5.234365543238815865e-01 2.646169580967429047e-01 4.651217162965994301e-01 2.322811950156136174e-01 2.375798780199637472e-01 6.454217153635805060e-01 5.697968384522228424e-01 3.408317379708710737e-01 3.781200612116602522e-01 1.609136409066045381e-01 1.794383681846991041e-01 4.766979233405229111e-01 5.146589564366713665e-01 1.532841494363733348e-01 5.378263605631180555e-01 6.931395054289520852e-01
2.584022979627028649e-01 8.052531240394574796e-01 2.628999956292631945e-01 2.540620335266821073e-01 3.735141186251539902e-01 6.444212214546621853e-01 6.032010995356247296e-01 2.932703268780462724e-01 5.234365543238815865e-01 0.000000000000000000e+00 3.991090223050646202e-01 2.359479604252197882e-01 5.060892762441611126e-01 4.376670285873169863e-01 1.955856083836616521e-01 2.188697976579106197e-01 3.407015066352251376e-01 2.585509318537234091e-01 6.526194628014299060e-01 3.979808796013383221e-01 1.529568308006229727e-01 2.306659519085347554e-01 4.100531314668459659e-01 1.509532251602269393e-01 2.438053584125335627e-01
2.404656899313140639e-01 5.620591129985332834e-01 5.731367527483531843e-01 5.677560269566779283e-01 5.661367286425921241e-01 5.320975452375086290e-01 4.933324455149152299e-01 2.759881331019110595e-01 2.646169580967429047e-01 3.991090223050646202e-01 0.000000000000000000e+00 3.531120779646347296e-01 3.970345256146885493e-01 2.752478704951255017e-01 5.235166507727370133e-01 4.167174470999799318e-01 1.755234072675911361e-01 1.697845731812084036e-01 4.133225833721325682e-01 2.475278607373794793e-01 3.278991224217261968e-01 4.358148706281166351e-01 1.700752385151682033e-01 3.580376840501647284e-01 5.712344408381087035e-01
2.312758016316696363e-01 7.469382860121753787e-01 4.043638139546865129e-01 4.497872415256080059e-01 2.675446626084480028e-01 6.174485241609365405e-01 5.907938656778779496e-01 2.677027966050448682e-01 4.651217162965994301e-01 2.359479604252197882e-01 3.531120779646347296e-01 0.000000000000000000e+00 4.865199959388367135e-01 4.497270783533849903e-01 3.275968520413852225e-01 2.841776062266284653e-01 2.385532898955640690e-01 3.319432034747162308e-01 5.943046247741479160e-01 3.396660415740561101e-01 2.653470324857879481e-01 1.551724207754514584e-01 4.365162998841961017e-01 3.493502556744920717e-01 3.756840223854895355e-01
2.553313049001348367e-01 5.091744185677251622e-01 7.343238418737878526e-01 6.747362808957746427e-01 6.477253645114176006e-01 2.186963059534814402e-01 4.153836421328511164e-01 5.438200462152552594e-01 2.322811950156136174e-01 5.060892762441611126e-01 3.970345256146885493e-01 4.865199959388367135e-01 0.000000000000000000e+00 2.808411634745318630e-01 6.482006302554379484e-01 5.962634833972448867e-01 4.095928885495615512e-01 3.873467829472123647e-01 3.556377637699107419e-01 1.622734951411320403e-01 4.593506452608024371e-01 4.973116783569508370e-01 2.808977197418228156e-01 5.183209089031742822e-01 6.971738946484264954e-01
2.213893755544840136e-01 5.192567086677730703e-01 6.702018631090528311e-01 6.063140332389304055e-01 5.979059753408787481e-01 4.414239889534961603e-01 2.180845750197898392e-01 4.643097277406835754e-01 2.375798780199637472e-01 4.376670285873169863e-01 2.752478704951255017e-01 4.497270783533849903e-01 2.808411634745318630e-01 0.000000000000000000e+00 5.983812410848986518e-01 5.715502863245350840e-01 4.030363768774002931e-01 2.692658044825407271e-01 3.646374636191918039e-01 2.685223807248749428e-01 3.823346218835669275e-01 4.474922891864118180e-01 1.493473361012852274e-01 4.388105904286025982e-01 6.473545054778871988e-01
4.005136519739798118e-01 9.272382850791562880e-01 1.983026435094215612e-01 4.442117991811996291e-01 4.669836162556766923e-01 7.865325754659389101e-01 7.504957975689492411e-01 3.100425878303209593e-01 6.454217153635805060e-01 1.955856083836616521e-01 5.235166507727370133e-01 3.275968520413852225e-01 6.482006302554379484e-01 5.983812410848986518e-01 0.000000000000000000e+00 1.749074703007287568e-01 3.657097045540833036e-01 3.750228136303299653e-01 7.746046238411288254e-01 5.199660406410369085e-01 3.273943924021101015e-01 3.241354495390573742e-01 5.850220594296399179e-01 1.867697027613737515e-01 1.443056120222690197e-01
3.501609107700510704e-01 8.516134081677987355e-01 1.785852307068144795e-01 4.729318311845927547e-01 4.424268207155981902e-01 7.221236463165602304e-01 7.096789748162594114e-01 1.835262530569873873e-01 5.697968384522228424e-01 2.188697976579106197e-01 4.167174470999799318e-01 2.841776062266284653e-01 5.962634833972448867e-01 5.715502863245350840e-01 1.749074703007287568e-01 0.000000000000000000e+00 2.411940398323887680e-01 3.857207512097451940e-01 6.989797469297711618e-01 4.443411637296794670e-01 3.594261214174410690e-01 2.995786539989789277e-01 5.668289630562080017e-01 2.153220564910691692e-01 2.226252603661001694e-01
1.816470013229163349e-01 6.315602872387657829e-01 4.072940894521847599e-01 5.093485112868385567e-01 4.515779405735213525e-01 5.407195223021274977e-01 5.411650653691244539e-01 1.740347209043430210e-01 3.408317379708710737e-01 3.407015066352251376e-01 1.755234072675911361e-01 2.385532898955640690e-01 4.095928885495615512e-01 4.030363768774002931e-01 3.657097045540833036e-01 2.411940398323887680e-01 0.000000000000000000e+00 2.053368608541626672e-01 4.789266260007382092e-01 2.561498378019982924e-01 3.033578416845233439e-01 3.212560825590459745e-01 3.277075823621934392e-01 3.399905916908756986e-01 4.134274946194547717e-01
1.652214411786563641e-01 6.733384620563761525e-01 4.196443835494063634e-01 4.271979365053368838e-01 4.801221004622097110e-01 5.263802587014629886e-01 4.764884613583554307e-01 2.035140676421086092e-01 3.781200612116602522e-01 2.585509318537234091e-01 1.697845731812084036e-01 3.319432034747162308e-01 3.873467829472123647e-01 2.692658044825407271e-01 3.750228136303299653e-01 3.857207512097451940e-01 2.053368608541626672e-01 0.000000000000000000e+00 5.174156166824058767e-01 3.221871642515910517e-01 1.652257939963916733e-01 3.297084143077429474e-01 2.256473938935275592e-01 1.882531108689562971e-01 4.232425636592020424e-01
4.061646679051127418e-01 1.604413591896462765e-01 8.371306696736137143e-01 8.212664674530434361e-01 7.942555510686865050e-01 5.254784838119874735e-01 5.021842705362316028e-01 6.475950472919947964e-01 1.609136409066045381e-01 6.526194628014299060e-01 4.133225833721325682e-01 5.943046247741479160e-01 3.556377637699107419e-01 3.646374636191918039e-01 7.746046238411288254e-01 6.989797469297711618e-01 4.789266260007382092e-01 5.174156166824058767e-01 0.000000000000000000e+00 3.061117324871410750e-01 6.028805769966680828e-01 6.438418649142196859e-01 2.938334392190529165e-01 6.593565455417037535e-01 8.223224139065004046e-01
1.574108398631346439e-01 4.596483872849554952e-01 5.824920864735221304e-01 5.666278842529516302e-01 5.396169678685948101e-01 2.881336580604469400e-01 4.030648593831941962e-01 4.021220677451170511e-01 1.794383681846991041e-01 3.979808796013383221e-01 2.475278607373794793e-01 3.396660415740561101e-01 1.622734951411320403e-01 2.685223807248749428e-01 5.199660406410369085e-01 4.443411637296794670e-01 2.561498378019982924e-01 3.221871642515910517e-01 3.061117324871410750e-01 0.000000000000000000e+00 3.512422486179796466e-01 3.892032817141280465e-01 2.153642785237070145e-01 4.303593108122188426e-01 5.676838307064084876e-01
2.116636669793442449e-01 7.574998220452493491e-01 3.805065530522178108e-01 2.770592960777386038e-01 4.135259294732814839e-01 5.976825904713035653e-01 5.518890707001773421e-01 2.044721399002740747e-01 4.766979233405229111e-01 1.529568308006229727e-01 3.278991224217261968e-01 2.653470324857879481e-01 4.593506452608024371e-01 3.823346218835669275e-01 3.273943924021101015e-01 3.594261214174410690e-01 3.033578416845233439e-01 1.652257939963916733e-01 6.028805769966680828e-01 3.512422486179796466e-01 0.000000000000000000e+00 2.631122433188147203e-01 3.506600168829285824e-01 1.491152803717676611e-01 3.756141424309821786e-01
2.496247000754926171e-01 7.964755261522472596e-01 4.009024114523586646e-01 4.327366281691810146e-01 1.527348344988006534e-01 6.356436235674519653e-01 5.996068456704620742e-01 3.395504395085434668e-01 5.146589564366713665e-01 2.306659519085347554e-01 4.358148706281166351e-01 1.551724207754514584e-01 4.973116783569508370e-01 4.474922891864118180e-01 3.241354495390573742e-01 2.995786539989789277e-01 3.212560825590459745e-01 3.297084143077429474e-01 6.438418649142196859e-01 3.892032817141280465e-01 2.631122433188147203e-01 0.000000000000000000e+00 4.342815107172228739e-01 3.440682471578070389e-01 3.722226198831615762e-01
2.248383390059918718e-01 4.497562845930235254e-01 6.296436293487164271e-01 5.787001361184593851e-01 5.846951968716896930e-01 4.414805452207871128e-01 3.378874190362762264e-01 4.235791159255184457e-01 1.532841494363733348e-01 4.100531314668459659e-01 1.700752385151682033e-01 4.365162998841961017e-01 2.808977197418228156e-01 1.493473361012852274e-01 5.850220594296399179e-01 5.668289630562080017e-01 3.277075823621934392e-01 2.256473938935275592e-01 2.938334392190529165e-01 2.153642785237070145e-01 3.506600168829285824e-01 4.342815107172228739e-01 0.000000000000000000e+00 3.982523566682662497e-01 6.332418094585118284e-01
2.907807291735834410e-01 8.139757905902849089e-01 2.313912726804500664e-01 3.260735019667325152e-01 4.869164138744262460e-01 6.573543846574250171e-01 6.083650392452131239e-01 1.691775825034995406e-01 5.378263605631180555e-01 1.509532251602269393e-01 3.580376840501647284e-01 3.493502556744920717e-01 5.183209089031742822e-01 4.388105904286025982e-01 1.867697027613737515e-01 2.153220564910691692e-01 3.399905916908756986e-01 1.882531108689562971e-01 6.593565455417037535e-01 4.303593108122188426e-01 1.491152803717676611e-01 3.440682471578070389e-01 3.982523566682662497e-01 0.000000000000000000e+00 2.349894527902456620e-01
4.494869163669681922e-01 9.749560751445278672e-01 1.436205221293457013e-01 4.924315492100716507e-01 5.150707865997810053e-01 8.355058398589274571e-01 7.994690619619376770e-01 3.582623378591929808e-01 6.931395054289520852e-01 2.438053584125335627e-01 5.712344408381087035e-01 3.756840223854895355e-01 6.971738946484264954e-01 6.473545054778871988e-01 1.443056120222690197e-01 2.226252603661001694e-01 4.134274946194547717e-01 4.232425636592020424e-01 8.223224139065004046e-01 5.676838307064084876e-01 3.756141424309821786e-01 3.722226198831615762e-01 6.332418094585118284e-01 2.349894527902456620e-01 0.000000000000000000e+00
