0.000000000000000000e+00 5.447102232704940095e-01 4.483865066285448453e-01 4.509917656638872674e-01 3.612433679464139846e-01 3.184261716803897246e-01 2.578462414500173883e-01 3.803342194221513428e-01 3.100710545818191055e-01 2.215041818249205152e-01 2.130176160946461450e-01 1.944998806887241749e-01 1.797662103471111827e-01 2.156512172837976582e-01 4.609420995231411355e-01 1.546680929708973418e-01 2.653263195894482451e-01 4.552197493857144117e-01 1.550288514834248510e-01 3.799230026736344357e-01 3.216819676331337807e-01 4.812315745002818113e-01 1.235133489475291058e-01 2.514283677039959586e-01 1.233808506412026884e-01 3.543454768695790680e-01 3.462409683261598592e-01 1.229890056898274436e-01 2.890561829174182473e-01 1.256250971445900533e-01 1.082556832135740110e-01 2.381525965265540445e-01 2.171082552210259753e-01 1.147148544248927649e-01 2.038243632141860662e-01 4.474550786329108965e-01 1.277374392632062428e-01 4.931600303704219979e-01 4.996977717193940571e-01 3.845343044162058410e-01 2.862751206090531353e-01 3.331400174911771650e-01 3.939851023928508389e-01 3.087014277484715352e-01 1.530139227810686231e-01 1.701933456522889965e-01 3.846451034223045684e-01 3.679147729377524878e-01 3.851795274509820510e-01 4.043013388774379102e-01
5.447102232704940095e-01 0.000000000000000000e+00 4.544768245925139283e-01 4.203404867705680670e-01 4.121910544602089832e-01 8.285917913479611263e-01 6.582048340530121111e-01 2.403757217177887595e-01 2.633620559079344892e-01 6.628925125564919529e-01 4.770073639996472714e-01 4.483755565137271804e-01 6.809555776880992228e-01 4.791444236231859888e-01 1.648385839399064690e-01 5.330949157716621256e-01 3.324065705010793570e-01 1.619620691663230250e-01 5.701097304300590807e-01 2.899990179052305828e-01 3.088102242388706675e-01 1.293942091428633701e-01 4.920657214869527118e-01 3.580083193147524656e-01 4.679455647511081562e-01 3.442241260473436482e-01 1.985151928929885790e-01 5.648887138665555918e-01 3.479833916627254053e-01 5.734523345839729336e-01 6.000256966511984258e-01 4.917602649195148001e-01 7.272738748885974047e-01 5.092888712944731999e-01 3.590647441749397206e-01 9.882704658110980089e-02 4.853055758648301410e-01 9.320555642450024936e-02 9.446319856647171498e-02 2.435945956175907812e-01 4.219000029911192939e-01 3.316640755070350832e-01 2.300888197821694958e-01 2.731869139108342170e-01 4.149832286774995938e-01 5.518858447977037507e-01 3.460461526582944147e-01 3.756995674397414220e-01 1.850209931509054773e-01 1.798287667314095728e-01
4.483865066285448453e-01 4.544768245925139283e-01 0.000000000000000000e+00 4.215202836508919471e-01 4.191095936887884732e-01 7.538130201936452668e-01 5.611821440925649496e-01 2.425532405999583641e-01 3.360340590657454052e-01 5.669665704686436269e-01 3.799846740392007205e-01 4.014613347180973624e-01 6.135016076228628767e-01 4.346969399849471283e-01 3.689282712136596198e-01 4.582277290281538962e-01 2.116782502230510898e-01 3.918707001688400138e-01 4.730870404696123632e-01 3.378496344968062171e-01 2.922104856201383494e-01 3.698491752733264470e-01 4.254231679687495160e-01 3.090584868467163848e-01 3.743560199216495188e-01 1.270958315762630852e-01 2.791494463277189864e-01 5.179356317421726086e-01 3.873572954249197009e-01 4.772047431515885063e-01 5.382703938269933763e-01 4.581926666182077890e-01 6.524951037342814342e-01 4.465070115544440554e-01 2.827245231076174203e-01 3.601046953480551704e-01 3.882828859043836456e-01 3.944441999028969192e-01 3.830797419473623289e-01 3.947504404661493216e-01 3.866401323993410855e-01 2.150629104308723061e-01 3.174274345670911601e-01 1.889882510737166954e-01 3.179605387170532094e-01 4.548631548372570887e-01 3.476495196095384932e-01 8.589738042640959748e-02 3.541951919266745352e-01 2.977168605594588402e-01
4.509917656638872674e-01 4.203404867705680670e-01 4.215202836508919471e-01 0.000000000000000000e+00 4.510005975658718524e-01 7.564182792289877444e-01 5.644863764464052025e-01 3.538111548112801152e-01 2.283472156561956734e-01 5.691740549498853774e-01 3.832889063930408069e-01 3.829295397202192031e-01 6.161068666582054654e-01 4.505525554878807015e-01 3.533879261780071834e-01 4.415865238232392076e-01 2.636652866836872722e-01 3.370032334042800115e-01 4.763912728234523941e-01 3.926656207774064655e-01 1.300935675862449903e-01 3.896693144372506135e-01 4.287274003225895469e-01 3.378067352201599705e-01 3.742271071445016917e-01 3.178187218736070463e-01 2.366177848303315789e-01 4.994426970730473370e-01 3.342695786895707455e-01 4.797338769773661915e-01 5.415746261808334072e-01 4.396608716203295186e-01 6.551003627696240228e-01 4.285516484039276208e-01 2.606559817489110253e-01 3.219793892752017550e-01 3.915871182582236765e-01 4.012752146216049254e-01 3.902984135174835667e-01 3.224207043176972043e-01 4.317448518226081333e-01 3.419563136196958064e-01 4.048283103563528607e-01 2.721411391461649454e-01 3.212647710708931847e-01 4.581673871910970086e-01 7.965344319946338070e-02 3.389234104627690258e-01 2.576325232468306137e-01 3.147601619513216709e-01
3.612433679464139846e-01 4.121910544602089832e-01 4.191095936887884732e-01 4.510005975658718524e-01 0.000000000000000000e+00 5.793471217857917299e-01 4.617827119126342028e-01 2.556799436539916037e-01 2.294366664591337424e-01 4.641380707644874315e-01 2.685199204908258475e-01 1.998857698970343266e-01 4.310090309344194459e-01 1.709587601035223448e-01 3.970501412024023402e-01 3.130292546900698136e-01 2.308259746015699221e-01 2.525207116151844677e-01 3.523303788113377744e-01 1.494664419814013268e-01 3.361969635781436594e-01 3.504887446220256719e-01 2.553183162151789753e-01 1.321981850686067828e-01 2.696112560690313575e-01 2.949821477370945244e-01 3.392067624455870622e-01 2.438436570373969936e-01 1.185758572315209758e-01 3.813577349452034748e-01 3.309838465479314484e-01 1.293055852311271181e-01 4.780292053264280638e-01 2.760534141978585043e-01 2.113184050091780064e-01 3.287186983323871492e-01 2.888834537244525102e-01 4.130541740034914255e-01 3.363936303251215953e-01 1.688137502363515341e-01 8.705055485544965777e-02 2.207923840576901109e-01 2.029096620048230770e-01 2.953425287502492447e-01 2.450226539733368625e-01 3.428571999692834327e-01 3.800810191003407001e-01 3.492342343093245982e-01 2.590060510840787034e-01 3.143861960500886621e-01
3.184261716803897246e-01 8.285917913479611263e-01 7.538130201936452668e-01 7.564182792289877444e-01 5.793471217857917299e-01 0.000000000000000000e+00 5.363941079602490003e-01 6.162123088451284536e-01 6.158511219456173080e-01 5.370767505107395534e-01 4.694877270680997139e-01 4.673230472758190257e-01 1.734460711855475012e-01 4.159361700960535480e-01 7.663686130882415570e-01 4.702406616567164077e-01 5.707528331545485001e-01 7.200566295766275271e-01 4.298162965121313794e-01 6.029974475219461727e-01 6.271084811982340357e-01 7.348895571194705711e-01 3.465227840426759465e-01 4.705834720332090493e-01 4.292411781561601414e-01 6.551197079659772937e-01 6.516674818912601141e-01 3.581901273395219909e-01 5.949165104323754782e-01 4.411976658304092025e-01 2.581509817703289134e-01 4.816836196321571117e-01 1.065923972514306456e-01 4.242439098658327135e-01 5.092508767792864877e-01 7.528815921980113179e-01 4.190896942526023405e-01 7.823890318823075729e-01 7.341285927814894530e-01 6.844247494175099700e-01 4.922965669303421832e-01 5.791268064054890807e-01 6.230670989892698186e-01 6.141279413135718457e-01 4.584404363461690446e-01 4.532338619522492396e-01 6.900716169874048234e-01 6.733412865028527428e-01 6.909595948147800870e-01 6.837210539289044764e-01
2.578462414500173883e-01 6.582048340530121111e-01 5.611821440925649496e-01 5.644863764464052025e-01 4.617827119126342028e-01 5.363941079602490003e-01 0.000000000000000000e+00 4.660613425074467964e-01 4.435480457451576042e-01 4.409795498788294243e-01 2.347488481691281104e-01 3.867028359491470613e-01 3.887578943003868193e-01 3.645164271196577044e-01 5.744367103056591262e-01 3.676326648572590394e-01 3.760472326021949141e-01 5.739261115433389460e-01 1.442779802419701940e-01 4.619985023327646267e-01 4.351765784156517713e-01 5.887590390861818790e-01 2.398977844108716451e-01 3.295845268440275033e-01 2.823751055257996412e-01 4.671411143335993943e-01 4.597355791086778498e-01 3.710583032813767335e-01 4.275680722240321474e-01 3.512177225617742482e-01 3.146569436454663138e-01 4.505945351980078506e-01 4.350761915008851122e-01 3.628314136558816183e-01 3.275606530952384077e-01 5.609496894154287761e-01 1.831487462308508951e-01 6.066546411529399885e-01 5.879980747482007608e-01 5.180112955795443952e-01 3.816508778852943928e-01 4.219373043452719907e-01 4.769365809559811265e-01 4.214970652124919726e-01 2.539880825954494159e-01 1.419367121743042859e-01 4.981397142048225590e-01 4.807104104017729251e-01 5.165546707358460443e-01 5.177959496599559008e-01
3.803342194221513428e-01 2.403757217177887595e-01 2.425532405999583641e-01 3.538111548112801152e-01 2.556799436539916037e-01 6.162123088451284536e-01 4.660613425074467964e-01 0.000000000000000000e+00 2.329719964320602077e-01 4.989142832622500690e-01 2.727985510856384965e-01 3.406092135583464464e-01 4.685760951852664391e-01 2.712672899501502588e-01 1.659310727619872639e-01 3.920407119814449670e-01 1.528489426484632152e-01 1.495379787249213610e-01 3.758248295877412160e-01 1.523746443142007245e-01 2.245013567805266008e-01 1.408293306322701555e-01 2.796862389841198171e-01 1.456288368119194598e-01 3.074439511878841458e-01 1.243091027104522711e-01 1.251991828200956225e-01 3.632783840629599248e-01 2.851743756621755166e-01 4.091524559451948373e-01 3.876462141483655865e-01 3.347229188474469819e-01 5.148943923857647320e-01 3.823193703663153031e-01 2.223998604306238469e-01 1.709056361608795316e-01 2.931620843192651593e-01 1.783746749850545488e-01 1.479472356575955161e-01 1.895690139606362457e-01 2.232104823645441882e-01 1.032785033961260007e-01 8.950129107179946586e-02 8.951840888382643635e-02 2.417303206228854917e-01 3.554570099033760866e-01 2.799403907699266614e-01 1.693746411526159956e-01 1.740162554487321989e-01 7.970669703165192410e-02
3.100710545818191055e-01 2.633620559079344892e-01 3.360340590657454052e-01 2.283472156561956734e-01 2.294366664591337424e-01 6.158511219456173080e-01 4.435480457451576042e-01 2.329719964320602077e-01 0.000000000000000000e+00 4.212056046021633304e-01 2.669060960938912097e-01 1.949803991472583709e-01 4.755397093748352511e-01 3.365450758464345604e-01 2.133963946528838751e-01 2.729654497515935918e-01 1.529738720266488050e-01 1.552378964798415695e-01 3.554529421222047958e-01 1.671078879418529117e-01 1.325125191655207035e-01 2.606804550998294001e-01 3.147199206811433503e-01 2.271153205631214478e-01 2.220023361676204676e-01 2.345508097005785664e-01 1.186668116358742947e-01 3.114935565000866990e-01 1.127056475828325660e-01 3.352998607469415693e-01 4.040291822412981348e-01 2.405371388423808432e-01 5.145332054862536975e-01 2.547391471273375285e-01 1.163779830322108633e-01 1.650009584125683992e-01 2.706487875569759671e-01 2.648530279242443664e-01 2.304722787725192179e-01 9.407348866150172517e-02 3.113735683334455939e-01 2.347864318543513018e-01 1.948210705328974890e-01 1.888732269731364932e-01 1.895599631497082160e-01 3.372290564898494103e-01 1.574276371906643823e-01 2.555623253749529922e-01 7.834106275702895639e-02 1.857713026139003742e-01
2.215041818249205152e-01 6.628925125564919529e-01 5.669665704686436269e-01 5.691740549498853774e-01 4.641380707644874315e-01 5.370767505107395534e-01 4.409795498788294243e-01 4.989142832622500690e-01 4.212056046021633304e-01 0.000000000000000000e+00 3.472903736065057201e-01 2.978591990849204785e-01 3.976652968301270241e-01 4.323297641061564778e-01 5.791243888091391900e-01 1.700879822960001952e-01 3.839063834295469713e-01 5.663542994060585256e-01 3.411916500731249635e-01 4.985030665137331618e-01 4.398642569191319462e-01 5.994138637862798102e-01 3.374529585280333088e-01 3.700084315440945737e-01 2.184198796740860760e-01 4.729255407096776276e-01 4.644232576121581357e-01 3.365791412687502704e-01 3.961635347627909254e-01 1.276364608273315715e-01 3.261547696965897969e-01 3.943653472644982338e-01 4.357588340513759984e-01 2.283113950925143576e-01 3.190395128665911573e-01 5.656373679189090620e-01 2.679029170899013823e-01 6.113423196564199413e-01 6.178800610053920561e-01 4.956688544365502325e-01 4.470505459418202543e-01 4.517200813312758356e-01 5.125651662329496761e-01 4.272814915885702058e-01 2.720414022494588302e-01 3.413556360773824516e-01 5.028273927083027894e-01 4.864948367778511584e-01 4.963140774713263315e-01 5.224836281634360757e-01
2.130176160946461450e-01 4.770073639996472714e-01 3.799846740392007205e-01 3.832889063930408069e-01 2.685199204908258475e-01 4.694877270680997139e-01 2.347488481691281104e-01 2.727985510856384965e-01 2.669060960938912097e-01 3.472903736065057201e-01 0.000000000000000000e+00 2.220117992469893831e-01 3.218515134082375329e-01 1.915119984111653406e-01 3.932392402522945640e-01 2.597677595081875346e-01 1.948497625488304075e-01 3.806633201215303686e-01 1.469752320822889091e-01 2.687357109109563269e-01 2.539791083622871537e-01 3.954962476643735236e-01 1.229649430254237258e-01 1.363217354222190925e-01 1.660086507083282648e-01 2.859436442802348322e-01 2.785381090553133432e-01 2.393076955099168179e-01 2.551608853789827380e-01 2.575285462894503774e-01 2.469495788399626579e-01 2.759703487583808346e-01 3.681698106087358813e-01 2.578618554801155316e-01 1.505281130616803464e-01 3.797522193620643249e-01 9.356377328844220354e-02 4.254571710995754263e-01 3.947352833263926830e-01 3.413693459282779452e-01 1.996469289496051180e-01 2.286745129234636353e-01 2.836737895341727711e-01 2.402995951591274104e-01 9.052657340839451172e-02 9.281213599482382448e-02 3.169422441514580524e-01 2.995129403484083075e-01 3.353572006824815377e-01 3.365984796065913387e-01
1.944998806887241749e-01 4.483755565137271804e-01 4.014613347180973624e-01 3.829295397202192031e-01 1.998857698970343266e-01 4.673230472758190257e-01 3.867028359491470613e-01 3.406092135583464464e-01 1.949803991472583709e-01 2.978591990849204785e-01 2.220117992469893831e-01 0.000000000000000000e+00 3.189118818709857361e-01 1.746886052486311680e-01 3.995932506009349794e-01 1.557342958046598613e-01 2.184011476790008177e-01 3.295883437333479993e-01 2.986077323261941974e-01 2.861122683493895758e-01 2.536197416894656609e-01 4.296390575633429743e-01 2.520750309398579470e-01 2.117033618401910622e-01 1.280777718750563954e-01 3.052570561714589847e-01 2.828231092532592084e-01 1.165131573528282866e-01 1.343295756827826981e-01 2.166398154439811152e-01 2.188866974844977942e-01 1.112915744477144669e-01 3.729671187464885795e-01 1.010266509365739668e-01 1.224432046699232418e-01 3.500144590183609794e-01 2.138035777609653965e-01 4.412449577476972862e-01 4.095256311329565357e-01 2.569377072107901783e-01 2.397868268318549267e-01 2.934150116273722131e-01 3.542600965290459425e-01 2.595794734440168283e-01 1.327147533536976176e-01 2.803838466938388674e-01 3.165828774786364486e-01 3.209896010273050049e-01 2.633545633628215366e-01 3.533019828397517825e-01
1.797662103471111827e-01 6.809555776880992228e-01 6.135016076228628767e-01 6.161068666582054654e-01 4.310090309344194459e-01 1.734460711855475012e-01 3.887578943003868193e-01 4.685760951852664391e-01 4.755397093748352511e-01 3.976652968301270241e-01 3.218515134082375329e-01 3.189118818709857361e-01 0.000000000000000000e+00 2.682999564361914224e-01 6.254629029168661258e-01 3.308292079761037674e-01 4.292715712423669228e-01 5.724204159167656236e-01 2.821800828522691984e-01 4.553612338620842692e-01 4.867970686274520342e-01 5.872533434596085566e-01 1.988865703828138487e-01 3.229472583733469793e-01 2.889297655853778624e-01 5.074834943061153902e-01 5.113560693204781682e-01 2.097789619346886458e-01 4.475201519048508381e-01 3.017862121497966177e-01 1.076452473141492200e-01 3.332724542273238777e-01 1.011688610186988191e-01 2.855839485325541993e-01 3.689394642085041531e-01 6.125701796272291499e-01 2.738228115339234603e-01 6.347528182224453364e-01 5.864923791216275495e-01 5.367885357576480665e-01 3.446603532704801132e-01 4.314905927456270107e-01 4.754308853294077486e-01 4.738165287427897332e-01 3.181290237753868211e-01 3.055976482923871140e-01 5.497602044166227664e-01 5.330298739320705748e-01 5.506481822439981411e-01 5.360848402690425729e-01
2.156512172837976582e-01 4.791444236231859888e-01 4.346969399849471283e-01 4.505525554878807015e-01 1.709587601035223448e-01 4.159361700960535480e-01 3.645164271196577044e-01 2.712672899501502588e-01 3.365450758464345604e-01 4.323297641061564778e-01 1.915119984111653406e-01 1.746886052486311680e-01 2.682999564361914224e-01 0.000000000000000000e+00 4.281540976817500566e-01 3.182016499977907698e-01 2.449977439789802480e-01 3.623773120192949615e-01 2.536678327592596371e-01 2.335904394525671335e-01 3.212427574571272149e-01 3.881914299888375997e-01 1.260145402460323416e-01 1.266064908393044752e-01 2.611410539446177848e-01 3.105694940332532350e-01 3.458017581501532933e-01 1.220117530400661454e-01 2.474186141184474830e-01 3.364506794258259603e-01 1.728154555801003633e-01 1.030246977665246338e-01 3.146182536366897708e-01 2.366091589847932330e-01 2.201670928142236694e-01 4.383032660443577644e-01 2.165773806437019944e-01 4.374440129873292671e-01 3.846812250567142599e-01 3.197401404689992899e-01 8.750451647975462932e-02 2.363797303538487660e-01 2.672782287096829856e-01 3.075632442539674161e-01 1.791547918554427521e-01 2.447430497268195115e-01 3.842058932462980025e-01 3.634060036867349242e-01 4.026208497773215989e-01 3.387760350339265036e-01
4.609420995231411355e-01 1.648385839399064690e-01 3.689282712136596198e-01 3.533879261780071834e-01 3.970501412024023402e-01 7.663686130882415570e-01 5.744367103056591262e-01 1.659310727619872639e-01 2.133963946528838751e-01 5.791243888091391900e-01 3.932392402522945640e-01 3.995932506009349794e-01 6.254629029168661258e-01 4.281540976817500566e-01 0.000000000000000000e+00 4.582502347039550394e-01 2.486384467537267884e-01 1.792560030500790214e-01 4.863416066827062068e-01 2.880440748240605808e-01 2.345420736978308662e-01 1.308727102605118930e-01 4.365730467157196149e-01 3.025156445435193131e-01 3.841774410037555598e-01 2.586755726684893952e-01 1.167701413476757294e-01 5.161064079537630578e-01 3.144058336879716475e-01 4.896842108366201152e-01 5.445330218799655508e-01 4.437042842381116459e-01 6.650506966288776134e-01 4.452153592846434527e-01 2.773196926296269127e-01 9.864050698342799461e-02 4.015374521174775446e-01 1.042803391486835790e-01 1.851766241035208149e-01 2.310517174281210007e-01 3.800972900961441248e-01 2.607844008382633194e-01 2.048572903920539146e-01 1.886619127658145934e-01 3.312151049301469974e-01 4.681177210503509323e-01 2.790935920657335867e-01 2.911745662947217705e-01 1.436995971827058072e-01 8.937806264782346966e-02
1.546680929708973418e-01 5.330949157716621256e-01 4.582277290281538962e-01 4.415865238232392076e-01 3.130292546900698136e-01 4.702406616567164077e-01 3.676326648572590394e-01 3.920407119814449670e-01 2.729654497515935918e-01 1.700879822960001952e-01 2.597677595081875346e-01 1.557342958046598613e-01 3.308292079761037674e-01 3.182016499977907698e-01 4.582502347039550394e-01 0.000000000000000000e+00 2.751675419890572960e-01 4.181141445554888425e-01 2.678447650515545231e-01 3.875918118918689204e-01 3.122767257924857209e-01 4.869986127726522729e-01 2.687593335683820528e-01 2.631348602632895828e-01 1.188176642045892378e-01 3.620234504815154075e-01 3.414800933562792684e-01 2.352653399513587040e-01 2.420415341144546706e-01 1.116631359632923176e-01 2.593186808425665402e-01 2.437749493823928582e-01 3.689227451973527416e-01 1.037299365356642994e-01 1.811001887729432880e-01 4.347338182762958136e-01 1.921570802062402272e-01 4.989270686427924595e-01 4.980514319550974345e-01 3.474286995859802718e-01 3.402646972736037556e-01 3.448465100504707337e-01 4.056915949521444631e-01 3.163458677540733621e-01 1.692411860997930229e-01 2.680087510558120112e-01 3.752398615816565086e-01 3.777559953373615387e-01 3.480739226207564263e-01 4.100683771498083718e-01
2.653263195894482451e-01 3.324065705010793570e-01 2.116782502230510898e-01 2.636652866836872722e-01 2.308259746015699221e-01 5.707528331545485001e-01 3.760472326021949141e-01 1.528489426484632152e-01 1.529738720266488050e-01 3.839063834295469713e-01 1.948497625488304075e-01 2.184011476790008177e-01 4.292715712423669228e-01 2.449977439789802480e-01 2.486384467537267884e-01 2.751675419890572960e-01 0.000000000000000000e+00 2.671041115573884461e-01 2.879521289792420502e-01 1.716718983886885430e-01 1.343554886529337578e-01 2.580779773258500831e-01 2.398729964085929145e-01 1.207748677594978892e-01 1.912958328825530019e-01 1.176372204640850905e-01 1.424036171569380838e-01 3.241030022989644932e-01 2.042971083858231840e-01 2.941445561124917396e-01 3.483416902054661257e-01 2.751324795791111888e-01 4.694349166951848340e-01 2.634468245153475108e-01 9.966433606852077853e-02 2.379535926177228922e-01 2.031479744140132770e-01 2.765723568772539553e-01 2.751296062072149939e-01 2.305723389488866792e-01 1.983565133121225621e-01 8.330924334275548182e-02 1.739130376900103470e-01 8.224415484478435345e-02 1.349003516779566092e-01 2.697282433468867757e-01 1.933126846614574290e-01 1.312065165322585658e-01 2.062740181638867409e-01 1.835253285348339425e-01
4.552197493857144117e-01 1.619620691663230250e-01 3.918707001688400138e-01 3.370032334042800115e-01 2.525207116151844677e-01 7.200566295766275271e-01 5.739261115433389460e-01 1.495379787249213610e-01 1.552378964798415695e-01 5.663542994060585256e-01 3.806633201215303686e-01 3.295883437333479993e-01 5.724204159167656236e-01 3.623773120192949615e-01 1.792560030500790214e-01 4.181141445554888425e-01 2.671041115573884461e-01 0.000000000000000000e+00 4.805426223117776341e-01 1.391842581696207393e-01 2.278148566561654653e-01 1.713927440268585567e-01 3.835305597156187796e-01 2.494731575434185888e-01 3.671510309715156350e-01 2.723200467992787366e-01 1.276629964007126028e-01 4.461015010861762997e-01 2.140092217621261950e-01 4.804485555508367089e-01 4.914905348798646045e-01 3.547892441572783606e-01 6.187387131172638055e-01 3.905016585140939633e-01 2.615266778361060585e-01 9.665865381583479965e-02 4.010268533551572534e-01 2.088457569131907110e-01 9.734651231128006732e-02 8.980763777316648488e-02 2.803332035338119699e-01 2.282030042066613973e-01 9.912288800568079539e-02 2.094178612521013227e-01 3.347086579536034390e-01 4.633217789392680697e-01 2.643461574691904348e-01 3.119305147810085277e-01 7.937071015744956437e-02 1.498263097613148354e-01
1.550288514834248510e-01 5.701097304300590807e-01 4.730870404696123632e-01 4.763912728234523941e-01 3.523303788113377744e-01 4.298162965121313794e-01 1.442779802419701940e-01 3.758248295877412160e-01 3.554529421222047958e-01 3.411916500731249635e-01 1.469752320822889091e-01 2.986077323261941974e-01 2.821800828522691984e-01 2.536678327592596371e-01 4.863416066827062068e-01 2.678447650515545231e-01 2.879521289792420502e-01 4.805426223117776341e-01 0.000000000000000000e+00 3.634834402570964462e-01 3.470814747926989075e-01 4.953755498546206781e-01 1.276532925132272678e-01 2.310694647683591008e-01 1.845975607974819910e-01 3.790460107106466414e-01 3.716404754857249304e-01 2.632151661002569143e-01 3.394729686010792835e-01 2.514298227560696763e-01 2.080791321973486652e-01 3.440818472937348105e-01 3.284983800527675468e-01 2.625522620570438503e-01 2.394655494722856270e-01 4.728545857924759677e-01 9.386414456516790905e-02 5.185595375299871801e-01 4.946145855166397820e-01 4.299161919565915313e-01 2.713506793345106249e-01 3.338422007223191268e-01 3.835530917244198701e-01 3.334019615895391642e-01 1.658929789724965520e-01 8.031435874253865792e-02 4.100446105818696951e-01 3.926153067788200057e-01 4.284595671128933470e-01 4.297008460370030924e-01
3.799230026736344357e-01 2.899990179052305828e-01 3.378496344968062171e-01 3.926656207774064655e-01 1.494664419814013268e-01 6.029974475219461727e-01 4.619985023327646267e-01 1.523746443142007245e-01 1.671078879418529117e-01 4.985030665137331618e-01 2.687357109109563269e-01 2.861122683493895758e-01 4.553612338620842692e-01 2.335904394525671335e-01 2.880440748240605808e-01 3.875918118918689204e-01 1.716718983886885430e-01 1.391842581696207393e-01 3.634834402570964462e-01 0.000000000000000000e+00 2.892400052314469949e-01 2.308877969847870082e-01 2.664713776609375917e-01 1.324139754887372067e-01 3.070327344393672941e-01 2.137221885451121017e-01 2.526306779649386547e-01 3.454433140164797078e-01 1.517826926666068776e-01 4.087412391966779857e-01 3.744313528251833612e-01 2.716407960686819667e-01 5.016795310625825621e-01 3.569737954070920649e-01 2.333459976911308742e-01 2.348985039031207256e-01 2.890992441445829897e-01 2.973339901296396803e-01 2.030069815615775930e-01 8.871176454589463356e-02 1.492513160605996314e-01 1.395324248657077992e-01 8.330871436758435777e-02 2.140825695582669608e-01 2.413191038743685568e-01 3.513941697286939170e-01 3.217460423118752577e-01 2.748535186761182358e-01 1.806602863547651650e-01 1.986660121762370002e-01
3.216819676331337807e-01 3.088102242388706675e-01 2.922104856201383494e-01 1.300935675862449903e-01 3.361969635781436594e-01 6.271084811982340357e-01 4.351765784156517713e-01 2.245013567805266008e-01 1.325125191655207035e-01 4.398642569191319462e-01 2.539791083622871537e-01 2.536197416894656609e-01 4.867970686274520342e-01 3.212427574571272149e-01 2.345420736978308662e-01 3.122767257924857209e-01 1.343554886529337578e-01 2.278148566561654653e-01 3.470814747926989075e-01 2.892400052314469949e-01 0.000000000000000000e+00 2.658055680234164830e-01 2.994176022918360602e-01 2.084969371894064560e-01 2.449173091137481773e-01 1.885089238428534764e-01 1.177719323501551091e-01 3.701328990422938503e-01 2.217157128741196470e-01 3.504240789466127048e-01 4.122648281500799761e-01 3.103510735895760320e-01 5.257905647388704251e-01 2.992418503731741342e-01 1.313461837181575664e-01 2.104491267435044666e-01 2.622773202274701898e-01 2.774114682077706839e-01 2.787681509857861117e-01 2.237923186078150384e-01 3.024350537918546467e-01 2.126465155889422920e-01 2.797530725433098331e-01 1.428313411154114032e-01 1.919549730401396148e-01 3.288575891603435220e-01 8.312194848192978880e-02 2.096136124320155114e-01 1.565089341105309062e-01 1.908964155374874017e-01
4.812315745002818113e-01 1.293942091428633701e-01 3.698491752733264470e-01 3.896693144372506135e-01 3.504887446220256719e-01 7.348895571194705711e-01 5.887590390861818790e-01 1.408293306322701555e-01 2.606804550998294001e-01 5.994138637862798102e-01 3.954962476643735236e-01 4.296390575633429743e-01 5.872533434596085566e-01 3.881914299888375997e-01 1.308727102605118930e-01 4.869986127726522729e-01 2.580779773258500831e-01 1.713927440268585567e-01 4.953755498546206781e-01 2.308877969847870082e-01 2.658055680234164830e-01 0.000000000000000000e+00 3.983634872584618236e-01 2.643060850862614664e-01 4.044669159808960690e-01 2.537349202038431395e-01 1.530515296069190900e-01 4.819556323373019868e-01 3.681226311711738863e-01 5.099736858137606799e-01 5.063234624227076486e-01 4.516470588861342672e-01 6.335716406601069606e-01 4.752611662470515030e-01 3.073654995920349631e-01 1.704272207598213906e-01 4.158597808980002419e-01 9.634769730808424859e-02 9.303269362543112320e-02 2.468831915235760732e-01 3.388094319179951741e-01 2.330394234720080393e-01 1.475790826172026227e-01 1.953884516024348150e-01 3.515045799072876176e-01 4.781547064821112247e-01 3.153749803249769612e-01 2.963034886132724921e-01 2.007431696262539644e-01 7.845871014499126994e-02
1.235133489475291058e-01 4.920657214869527118e-01 4.254231679687495160e-01 4.287274003225895469e-01 2.553183162151789753e-01 3.465227840426759465e-01 2.398977844108716451e-01 2.796862389841198171e-01 3.147199206811433503e-01 3.374529585280333088e-01 1.229649430254237258e-01 2.520750309398579470e-01 1.988865703828138487e-01 1.260145402460323416e-01 4.365730467157196149e-01 2.687593335683820528e-01 2.398729964085929145e-01 3.835305597156187796e-01 1.276532925132272678e-01 2.664713776609375917e-01 2.994176022918360602e-01 3.983634872584618236e-01 0.000000000000000000e+00 1.340574021722003017e-01 2.076508543793982309e-01 3.180849194723412987e-01 3.239766029848620832e-01 1.355618735870296465e-01 3.029747099662348786e-01 2.415738738477027359e-01 1.239846358145389044e-01 2.222909233210157154e-01 2.452048675833121971e-01 2.317194297114376911e-01 1.983419376489325148e-01 4.251907132916132315e-01 1.348904675477351212e-01 4.458629620212988254e-01 3.976025229204809830e-01 3.478986795565012224e-01 1.743386167383517704e-01 2.420920179118530025e-01 2.865410291282611821e-01 2.857380890886762614e-01 1.531587788796216765e-01 1.347765188287217419e-01 3.623807380810068479e-01 3.449514342779571585e-01 3.807956946120304442e-01 3.471949840678960619e-01
2.514283677039959586e-01 3.580083193147524656e-01 3.090584868467163848e-01 3.378067352201599705e-01 1.321981850686067828e-01 4.705834720332090493e-01 3.295845268440275033e-01 1.456288368119194598e-01 2.271153205631214478e-01 3.700084315440945737e-01 1.363217354222190925e-01 2.117033618401910622e-01 3.229472583733469793e-01 1.266064908393044752e-01 3.025156445435193131e-01 2.631348602632895828e-01 1.207748677594978892e-01 2.494731575434185888e-01 2.310694647683591008e-01 1.324139754887372067e-01 2.084969371894064560e-01 2.643060850862614664e-01 1.340574021722003017e-01 0.000000000000000000e+00 1.785380994697287338e-01 1.849310408950223250e-01 2.330559378824325345e-01 2.176495472510404650e-01 2.270435522523966965e-01 2.802466042270393420e-01 2.420173773364460712e-01 1.962417928310305759e-01 3.692655555738452722e-01 2.534135186481598634e-01 1.224107799350943326e-01 3.126648129061270209e-01 1.566852686558457830e-01 3.118055598490984126e-01 2.635451207482807368e-01 2.138412773843009207e-01 9.393811660244819062e-02 1.107412772156180086e-01 1.524836269560607693e-01 1.852914219081772118e-01 1.128244689047300520e-01 2.189801942399566270e-01 2.714600729785772160e-01 2.391831274672525376e-01 2.898750295096008678e-01 2.131375818956957324e-01
1.233808506412026884e-01 4.679455647511081562e-01 3.743560199216495188e-01 3.742271071445016917e-01 2.696112560690313575e-01 4.292411781561601414e-01 2.823751055257996412e-01 3.074439511878841458e-01 2.220023361676204676e-01 2.184198796740860760e-01 1.660086507083282648e-01 1.280777718750563954e-01 2.889297655853778624e-01 2.611410539446177848e-01 3.841774410037555598e-01 1.188176642045892378e-01 1.912958328825530019e-01 3.671510309715156350e-01 1.845975607974819910e-01 3.070327344393672941e-01 2.449173091137481773e-01 4.044669159808960690e-01 2.076508543793982309e-01 1.785380994697287338e-01 0.000000000000000000e+00 2.794917536897593702e-01 2.694763098067742280e-01 2.405929167216511178e-01 1.986235354934162145e-01 1.325141358188640650e-01 2.174192384518407184e-01 2.046655432351317527e-01 3.279232616967963088e-01 1.485642800144263975e-01 1.228167796366068099e-01 3.706904201135252652e-01 1.059968357003110845e-01 4.163953718510363111e-01 4.229331132000084259e-01 2.964655860020071754e-01 2.556679364800429344e-01 2.602497492569099125e-01 3.210948341585836419e-01 2.338141709623172415e-01 8.464442530623222938e-02 1.827511917243526407e-01 3.078804449029189372e-01 2.938842862308571613e-01 2.971108090367833854e-01 3.275366803580522235e-01
3.543454768695790680e-01 3.442241260473436482e-01 1.270958315762630852e-01 3.178187218736070463e-01 2.949821477370945244e-01 6.551197079659772937e-01 4.671411143335993943e-01 1.243091027104522711e-01 2.345508097005785664e-01 4.729255407096776276e-01 2.859436442802348322e-01 3.052570561714589847e-01 5.074834943061153902e-01 3.105694940332532350e-01 2.586755726684893952e-01 3.620234504815154075e-01 1.176372204640850905e-01 2.723200467992787366e-01 3.790460107106466414e-01 2.137221885451121017e-01 1.885089238428534764e-01 2.537349202038431395e-01 3.180849194723412987e-01 1.849310408950223250e-01 2.794917536897593702e-01 0.000000000000000000e+00 1.688967477825488173e-01 4.023149253627129607e-01 2.910401998102531418e-01 3.831637133926223959e-01 4.265536132692144822e-01 3.619883880715693003e-01 5.538017915066136831e-01 3.503027330078056778e-01 1.864074274929507224e-01 2.498519968028849736e-01 2.942418561454177572e-01 2.795274917708042151e-01 2.669654868778791879e-01 2.706229945144553728e-01 2.625126864476470812e-01 8.796707885460924858e-02 1.964145594549949747e-01 8.161836436858248278e-02 2.239195089580872655e-01 3.608221250782912004e-01 2.439479578322535092e-01 7.886442855571233757e-02 2.464822700810757050e-01 1.817554550062777941e-01
3.462409683261598592e-01 1.985151928929885790e-01 2.791494463277189864e-01 2.366177848303315789e-01 3.392067624455870622e-01 6.516674818912601141e-01 4.597355791086778498e-01 1.251991828200956225e-01 1.186668116358742947e-01 4.644232576121581357e-01 2.785381090553133432e-01 2.828231092532592084e-01 5.113560693204781682e-01 3.458017581501532933e-01 1.167701413476757294e-01 3.414800933562792684e-01 1.424036171569380838e-01 1.276629964007126028e-01 3.716404754857249304e-01 2.526306779649386547e-01 1.177719323501551091e-01 1.530515296069190900e-01 3.239766029848620832e-01 2.330559378824325345e-01 2.694763098067742280e-01 1.688967477825488173e-01 0.000000000000000000e+00 3.993362666060873978e-01 2.299576313073828926e-01 3.749830796396387833e-01 4.368238288431060545e-01 3.395544411533695794e-01 5.503495654318966146e-01 3.284452179369676816e-01 1.605495512819511139e-01 1.012141103067510650e-01 2.868363209204962128e-01 1.646574297912733187e-01 1.695331345490327102e-01 1.790549656783538002e-01 3.261934591673411044e-01 1.765592878469084970e-01 1.694438935329320717e-01 9.460967216655137568e-02 2.165139737331657210e-01 3.534165898533696004e-01 1.623234507180578712e-01 1.971223256954585668e-01 8.020071136150840052e-02 7.814237712099005029e-02
1.229890056898274436e-01 5.648887138665555918e-01 5.179356317421726086e-01 4.994426970730473370e-01 2.438436570373969936e-01 3.581901273395219909e-01 3.710583032813767335e-01 3.632783840629599248e-01 3.114935565000866990e-01 3.365791412687502704e-01 2.393076955099168179e-01 1.165131573528282866e-01 2.097789619346886458e-01 1.220117530400661454e-01 5.161064079537630578e-01 2.352653399513587040e-01 3.241030022989644932e-01 4.461015010861762997e-01 2.632151661002569143e-01 3.454433140164797078e-01 3.701328990422938503e-01 4.819556323373019868e-01 1.355618735870296465e-01 2.176495472510404650e-01 2.405929167216511178e-01 4.023149253627129607e-01 3.993362666060873978e-01 0.000000000000000000e+00 2.443604706947045402e-01 2.392461972386273061e-01 1.097537775482007177e-01 1.260070612168646131e-01 2.645770014280861560e-01 1.342198749387712720e-01 2.389563620227514729e-01 4.665276163711892798e-01 2.466196838128851265e-01 5.294551071001389886e-01 4.811946679993211462e-01 3.728071264719887701e-01 2.021463884342216688e-01 3.263220238022245812e-01 3.701331742071012343e-01 3.760926307968450732e-01 2.461372674044259579e-01 2.703383924157514162e-01 4.330960348314646380e-01 4.374638980513802511e-01 3.798677207156497260e-01 4.307871291467362251e-01
2.890561829174182473e-01 3.479833916627254053e-01 3.873572954249197009e-01 3.342695786895707455e-01 1.185758572315209758e-01 5.949165104323754782e-01 4.275680722240321474e-01 2.851743756621755166e-01 1.127056475828325660e-01 3.961635347627909254e-01 2.551608853789827380e-01 1.343295756827826981e-01 4.475201519048508381e-01 2.474186141184474830e-01 3.144058336879716475e-01 2.420415341144546706e-01 2.042971083858231840e-01 2.140092217621261950e-01 3.394729686010792835e-01 1.517826926666068776e-01 2.217157128741196470e-01 3.681226311711738863e-01 3.029747099662348786e-01 2.270435522523966965e-01 1.986235354934162145e-01 2.910401998102531418e-01 2.299576313073828926e-01 2.443604706947045402e-01 0.000000000000000000e+00 3.103700143695883873e-01 3.474949675183627851e-01 1.443939163519228353e-01 4.935985939730118122e-01 2.104972199836068203e-01 1.046327723173023638e-01 2.507635004900333198e-01 2.546688140358504548e-01 3.637498241028696566e-01 3.051309433688986217e-01 1.284466557772841189e-01 2.049916230829784414e-01 2.707132426025385397e-01 2.227071689065552029e-01 2.453626170828109854e-01 1.735799896285826760e-01 3.212490829687239535e-01 2.633500002240395932e-01 3.068855617341273434e-01 1.707062365052658404e-01 2.965402536455907234e-01
1.256250971445900533e-01 5.734523345839729336e-01 4.772047431515885063e-01 4.797338769773661915e-01 3.813577349452034748e-01 4.411976658304092025e-01 3.512177225617742482e-01 4.091524559451948373e-01 3.352998607469415693e-01 1.276364608273315715e-01 2.575285462894503774e-01 2.166398154439811152e-01 3.017862121497966177e-01 3.364506794258259603e-01 4.896842108366201152e-01 1.116631359632923176e-01 2.941445561124917396e-01 4.804485555508367089e-01 2.514298227560696763e-01 4.087412391966779857e-01 3.504240789466127048e-01 5.099736858137606799e-01 2.415738738477027359e-01 2.802466042270393420e-01 1.325141358188640650e-01 3.831637133926223959e-01 3.749830796396387833e-01 2.392461972386273061e-01 3.103700143695883873e-01 0.000000000000000000e+00 2.302756850162592794e-01 3.131459636235587318e-01 3.398797493710454809e-01 1.296523938307287127e-01 2.301611017824340688e-01 4.761971899463899871e-01 1.781410897728461784e-01 5.219021416839009220e-01 5.284398830328729257e-01 4.097631105813283603e-01 3.572887186247650226e-01 3.619582540142206040e-01 4.228033389158944444e-01 3.375196642715149742e-01 1.822795749324036263e-01 2.515938087603271645e-01 4.133872147357834925e-01 3.967330094607959823e-01 4.104083336161044593e-01 4.330434501909168343e-01
1.082556832135740110e-01 6.000256966511984258e-01 5.382703938269933763e-01 5.415746261808334072e-01 3.309838465479314484e-01 2.581509817703289134e-01 3.146569436454663138e-01 3.876462141483655865e-01 4.040291822412981348e-01 3.261547696965897969e-01 2.469495788399626579e-01 2.188866974844977942e-01 1.076452473141492200e-01 1.728154555801003633e-01 5.445330218799655508e-01 2.593186808425665402e-01 3.483416902054661257e-01 4.914905348798646045e-01 2.080791321973486652e-01 3.744313528251833612e-01 4.122648281500799761e-01 5.063234624227076486e-01 1.239846358145389044e-01 2.420173773364460712e-01 2.174192384518407184e-01 4.265536132692144822e-01 4.368238288431060545e-01 1.097537775482007177e-01 3.474949675183627851e-01 2.302756850162592794e-01 0.000000000000000000e+00 2.332472698408358802e-01 1.645378558588931339e-01 1.937612891242003754e-01 2.974289370749670369e-01 5.380379391498569808e-01 1.997218608790028993e-01 5.538229371855446503e-01 5.055624980847267524e-01 4.558586547207469919e-01 2.491758524143889986e-01 3.505607117087262137e-01 3.945010042925069516e-01 3.985853149469201773e-01 2.466184966418496771e-01 2.314966976374666363e-01 4.752279639392507637e-01 4.577986601362011299e-01 4.791376551104610249e-01 4.551549592321418869e-01
2.381525965265540445e-01 4.917602649195148001e-01 4.581926666182077890e-01 4.396608716203295186e-01 1.293055852311271181e-01 4.816836196321571117e-01 4.505945351980078506e-01 3.347229188474469819e-01 2.405371388423808432e-01 3.943653472644982338e-01 2.759703487583808346e-01 1.112915744477144669e-01 3.332724542273238777e-01 1.030246977665246338e-01 4.437042842381116459e-01 2.437749493823928582e-01 2.751324795791111888e-01 3.547892441572783606e-01 3.440818472937348105e-01 2.716407960686819667e-01 3.103510735895760320e-01 4.516470588861342672e-01 2.222909233210157154e-01 1.962417928310305759e-01 2.046655432351317527e-01 3.619883880715693003e-01 3.395544411533695794e-01 1.260070612168646131e-01 1.443939163519228353e-01 3.131459636235587318e-01 2.332472698408358802e-01 0.000000000000000000e+00 3.880704937207214433e-01 1.844591859420677826e-01 1.791745365700335990e-01 3.933991674241485992e-01 2.776952770098261580e-01 4.951609175094720539e-01 4.412799558863965688e-01 2.692266781724362845e-01 1.330624433631454051e-01 2.998353592511455168e-01 3.223309400453905349e-01 3.163108053441271994e-01 1.966064526025584069e-01 3.346086684516803578e-01 3.733142093787468196e-01 3.777209329274154315e-01 3.067392717686090453e-01 4.022316639312232267e-01
