0.000000000000000000e+00 1.881950898566778330e+00 1.243726591951271665e+00 1.557185380657214235e+00 9.839849367451455331e-01 1.202715393903871055e+00 9.002577325298746214e-01 1.189943310995653203e+00 1.587105689961218813e+00 7.737661631018006858e-01 6.981625917799038072e-01 1.096694406134586686e+00 5.664883424974236359e-01 1.485463346581766375e+00 9.157329696747447123e-01 5.954626205196945632e-01 4.694696255513511329e-01 1.362726116043723179e+00 7.152916084619216353e-01 7.596732655305589166e-01 1.186257788301689153e+00 9.116976802292455773e-01 1.387630636827285935e+00 9.125836861765278529e-01 6.976153760319365738e-01 1.489586818817219882e+00 1.006739172050972853e+00 1.343634698724762488e+00 7.105568419752944509e-01 1.630386478038968523e+00 9.372327651833991524e-01 6.664353543045967720e-01 1.326979884290192313e+00 7.916404216438526209e-01 2.995983275316920214e-01 5.254228217920879906e-01 7.457089513191630381e-01 5.414780377672580025e-01 1.083778508344723335e+00 1.176097660978264070e+00 1.232625541946110292e+00 9.364775165400334167e-01 9.489333017521701663e-01 1.362987721257901130e+00 7.103028636021223585e-01 5.182990694807884102e-01 1.480397569482302833e+00 5.228896814004475591e-01 9.027978268695810993e-01 1.181766140801460141e+00 8.685331721377569369e-01 1.075493760069317739e+00 1.341163397480358732e+00 4.636561189031504493e-01 1.050938142734852088e+00 1.055647392505342674e+00 8.261967156273296586e-01 1.346639109446200244e+00 1.547604795263517019e+00 1.088929579180068608e+00 7.347739638473949064e-01 1.262190197996300833e+00 9.214240521824199615e-01 1.071602800681384471e+00 4.445928404113273502e-01 7.374350783568431877e-01 1.198152514697100823e+00 7.451090050757023242e-01 3.723952006770475109e-01 1.372713870428263094e+00 1.485316891065947775e+00 3.847361976542867934e-01 1.756943377884701007e-01 1.331502491631214147e+00 1.071059740428011997e+00
1.881950898566778330e+00 0.000000000000000000e+00 1.418249677791912244e+00 1.024413609305224515e+00 1.664290109522691630e+00 1.455283896885727790e+00 1.609054779871432084e+00 8.484302018575533566e-01 9.407591391610592435e-01 2.074508113139309717e+00 1.845580195544678670e+00 9.335895210952694923e-01 1.483625218098921783e+00 5.306494125982947896e-01 1.163634694683349791e+00 1.439729655694938826e+00 1.769223703483435273e+00 5.583821858041774222e-01 1.206688579940023098e+00 1.451475965049930261e+00 8.779147511716846042e-01 1.201123267643231074e+00 6.543177081897659786e-01 1.161668671351850479e+00 1.514876146987888861e+00 5.723292660084881023e-01 9.151882730851665926e-01 7.466069486041693182e-01 1.483736008311112631e+00 2.707281123220271479e-01 1.165864459498564765e+00 1.567425853723058760e+00 6.977363698827813154e-01 1.393219766555632511e+00 1.582352571035085420e+00 1.538125998230436275e+00 1.379752222576161147e+00 1.821177974704007552e+00 9.417526313009477734e-01 7.616312812890253525e-01 7.574969348380650169e-01 9.482382178871017198e-01 1.098949155486607987e+00 7.793295999210468894e-01 1.246950479978850446e+00 1.653050708384599554e+00 4.553575941450954123e-01 1.377341691107346833e+00 1.069276557429950980e+00 7.075425857012583863e-01 1.566735780693673030e+00 1.024493638723731337e+00 7.211258954045884906e-01 1.568387589566373697e+00 1.211774295062049811e+00 1.333821318926538657e+00 1.508089828525584153e+00 6.719159666347426230e-01 4.407526677487974553e-01 1.352718339512072765e+00 1.574149635899094068e+00 7.609139833833602484e-01 1.116054445793183358e+00 1.000001291137508019e+00 1.519989060946003168e+00 1.285251024821963961e+00 8.644918215963458552e-01 1.187119424015424585e+00 1.639125055087597094e+00 6.980356237238782846e-01 8.794476952300795958e-01 1.681241879811958606e+00 1.736836581887856834e+00 5.688081693791577909e-01 9.448971726632771073e-01
1.243726591951271665e+00 1.418249677791912244e+00 0.000000000000000000e+00 1.107970327193502857e+00 1.068112299519830222e+00 9.078030428550416531e-01 1.033385603738686820e+00 9.952439286189729284e-01 1.084889918283182819e+00 1.453072472505764878e+00 1.224144554911134053e+00 5.655517558401258471e-01 8.545234141962095853e-01 1.021881272925025064e+00 7.177482639152287236e-01 1.017408707398121948e+00 1.147788062849890434e+00 1.005749964555596732e+00 6.292726491921643017e-01 8.300403244163847560e-01 7.708340595344845836e-01 3.336784107433186097e-01 8.621370060207966812e-01 9.113597848695932369e-01 8.566087636999593080e-01 1.243914685764383687e+00 7.031910937296336206e-01 8.944196452610503334e-01 8.623003676775674586e-01 1.166685257264101772e+00 6.260777950624092369e-01 9.182500657360145313e-01 1.035849941437168908e+00 8.401095087518475335e-01 9.441282644195798657e-01 9.166903575968907703e-01 8.557409351697691235e-01 1.199742334070462491e+00 8.892530586631495204e-01 7.887816612990046217e-01 9.490952966980589212e-01 5.081012594645973879e-01 4.532158313063994193e-01 8.669081129817953757e-01 6.312972733401206460e-01 1.031615067751054049e+00 1.004411412714065532e+00 7.362823285731397993e-01 7.931172952289106126e-01 7.108478132827481533e-01 9.453001400601285242e-01 7.045008518622107863e-01 8.968442859032427217e-01 9.158858927296285035e-01 2.080830689744030126e-01 7.763886989196862043e-01 1.021090337127936509e+00 1.128036819230194165e+00 1.171861759015756066e+00 1.773742372985204485e-01 9.172660517479419573e-01 7.310475477018399948e-01 8.416650309441061628e-01 9.884353642544582152e-01 8.985534203124584396e-01 8.756090031620055170e-01 8.645794123556703736e-01 5.002670858968615297e-01 1.017689414454052033e+00 1.171114106235736196e+00 1.036101837602235953e+00 1.044663329896206028e+00 1.100223557542085562e+00 8.678012708563472843e-01 8.418580418906452811e-01
1.557185380657214235e+00 1.024413609305224515e+00 1.107970327193502857e+00 0.000000000000000000e+00 1.359008721457131585e+00 1.105665776840197623e+00 1.377378894957120181e+00 9.227805454189975665e-01 8.081950466088674290e-01 1.744906891300018525e+00 1.515978973705387922e+00 6.545817641708780998e-01 1.157348427512731259e+00 5.399838460142205587e-01 8.486363617158337869e-01 1.300019864704796024e+00 1.439622481644146301e+00 8.342448428039911379e-01 1.018451131955386169e+00 1.121874743210640180e+00 4.686307280850159906e-01 8.901995235132019735e-01 5.745717249467985344e-01 1.036979115713120070e+00 1.191330405445992113e+00 7.872276418358201688e-01 9.578541891635374839e-01 2.866289419579026165e-01 1.154134786471822771e+00 7.719665377244929738e-01 8.162463394530335981e-01 1.251587908345269451e+00 6.433287252200289297e-01 1.129458182650522335e+00 1.257587053125522658e+00 1.208524776391146194e+00 1.213240421696048621e+00 1.491576752864717470e+00 7.649101398461443102e-01 7.668345931857449838e-01 9.967876501915625687e-01 6.288436830559612778e-01 8.163956118228363756e-01 5.798818110012066152e-01 9.168256087927243447e-01 1.323449486545309473e+00 6.353895133649737348e-01 1.052635192433618139e+00 1.119463714179986136e+00 4.247668562277989168e-01 1.237134558854383393e+00 6.633117621201883862e-01 3.813345439531489744e-01 1.243681090892645225e+00 9.014949444636395359e-01 9.904086159929766930e-01 1.308803469982905643e+00 9.545262891465844390e-01 7.975436697617935833e-01 1.043271517198590459e+00 1.250603894357197099e+00 5.966472780158554867e-01 8.859507344551301733e-01 9.266123151776876066e-01 1.190387839106713752e+00 1.166623021069421950e+00 6.102917700358965192e-01 8.661593410241565927e-01 1.309523833248307012e+00 8.019523703446995722e-01 1.624460547855146597e-01 1.364004860599436597e+00 1.412071063978293850e+00 4.584207235987315388e-01 1.059808076523560461e+00
9.839849367451455331e-01 1.664290109522691630e+00 1.068112299519830222e+00 1.359008721457131585e+00 0.000000000000000000e+00 9.625309022019847838e-01 8.983019892650871974e-01 8.533290606004436674e-01 1.403334324643131348e+00 1.121790256979793954e+00 8.922403978659406709e-01 9.185704749023171356e-01 6.199258312974601504e-01 1.229625746399948705e+00 6.071667063830142874e-01 4.805540611507962412e-01 8.024966697458816300e-01 1.223052783342579719e+00 6.465166999540803427e-01 3.886515950752951198e-01 9.659923357665984867e-01 7.543966862553931341e-01 1.209506705595016163e+00 5.416408012794038385e-01 7.600678626221992751e-01 1.135516621061853471e+00 8.704433186130419164e-01 1.145911983735016015e+00 2.945984852062908388e-01 1.402502277557705401e+00 7.037853249579656412e-01 7.537636244692866860e-01 9.972767867024185939e-01 2.778216805279133950e-01 7.248803020154190868e-01 5.444289499260811516e-01 6.519431453640160967e-01 8.684601185444915661e-01 7.460168928810272382e-01 1.097755349561024829e+00 9.995806355788772191e-01 7.425526855177447816e-01 8.581950211717916943e-01 1.176841437365628407e+00 4.469360926749054719e-01 7.003328522250841237e-01 1.287521601008058125e+00 5.973261733233573567e-01 6.864386482080875318e-01 9.889048567889960895e-01 1.946455023719639577e-01 7.776173683762064304e-01 1.130707726119381640e+00 6.687326012463225000e-01 8.729793697843062361e-01 8.036282800925602654e-01 2.113452604367017651e-01 1.046366436808029210e+00 1.278727544310667374e+00 9.212395174449600210e-01 8.171329819010334505e-01 1.084066266764031505e+00 5.763766013891843398e-01 7.025789581548855800e-01 5.672712047864880702e-01 4.785266814162063009e-01 8.741399293949787541e-01 6.026824942494752868e-01 6.864071989280821073e-01 9.923786481159920791e-01 1.287140231865865347e+00 6.483380560924024705e-01 8.219253438876219509e-01 1.138533673626315634e+00 7.824261698346485217e-01
1.202715393903871055e+00 1.455283896885727790e+00 9.078030428550416531e-01 1.105665776840197623e+00 9.625309022019847838e-01 0.000000000000000000e+00 1.029108085456998500e+00 9.376432712763073107e-01 1.183813398384746973e+00 1.352977998246143398e+00 1.124050080651511907e+00 7.312427746909668791e-01 7.988426928051871601e-01 1.033761608194615933e+00 4.924176614616536107e-01 9.151729012828631049e-01 1.047693588590270730e+00 1.171440983406437431e+00 6.736846556017781484e-01 7.299458501567634983e-01 6.792460349298378164e-01 6.142900991686980339e-01 9.855180113329847780e-01 7.810639823713942942e-01 8.428596850874047197e-01 1.176247177882942641e+00 8.800563089712492015e-01 9.009057283435196739e-01 7.622058934179460898e-01 1.203719476357917761e+00 2.902963969197760452e-01 9.031171879866823904e-01 9.096920712320597513e-01 7.306131615539489532e-01 9.031170663721793668e-01 8.165958833372699566e-01 8.655957033128420797e-01 1.099647859810841677e+00 6.957540099115335774e-01 9.550737837438272315e-01 1.124663257332819244e+00 5.115460269920472092e-01 6.806310164476313540e-01 9.573205111072432549e-01 5.179805876961517397e-01 9.315205934914332353e-01 1.056255402367185958e+00 6.985953287484911733e-01 9.047813131502592254e-01 7.612452667421961694e-01 8.452056658005071554e-01 5.593393974481699615e-01 8.502011254451048439e-01 8.896412272075177041e-01 7.024937318477526560e-01 1.902699011034508225e-01 9.098927042370067442e-01 1.176461520122289883e+00 1.228413957342296081e+00 7.782681370039296054e-01 9.021331739986098164e-01 8.967385665526816929e-01 6.586917620165951837e-01 8.093411895964716107e-01 7.984589460528370708e-01 8.194243580115483372e-01 7.272646349095421847e-01 5.332086547401448939e-01 9.175949401944314410e-01 1.039903450658663964e+00 1.021701779750005645e+00 9.721696925087390806e-01 1.053113085153970507e+00 9.030818845606369827e-01 9.597399052694798316e-01
9.002577325298746214e-01 1.609054779871432084e+00 1.033385603738686820e+00 1.377378894957120181e+00 8.983019892650871974e-01 1.029108085456998500e+00 0.000000000000000000e+00 8.526664191607827847e-01 1.391231148538628171e+00 1.128430737211944868e+00 9.897999991289583299e-01 8.472385271222727665e-01 6.110896148827154040e-01 1.304343231473056530e+00 7.627171957107395928e-01 4.880700940980744473e-01 8.228579403149516303e-01 1.050908159185947488e+00 4.491974091710125294e-01 7.068873316918211636e-01 1.010897748610826374e+00 7.035167265562169980e-01 1.184960084405222158e+00 5.807849337771974207e-01 3.142940621528540479e-01 1.152309926982349353e+00 6.941020719049579846e-01 1.163828213024668434e+00 7.327664389922674548e-01 1.349362362167073170e+00 7.636254567365265977e-01 2.663916371553113338e-01 1.094166932513198631e+00 6.503267225314123268e-01 6.006594049981831551e-01 7.057658359025548167e-01 2.475675047126473238e-01 8.831412900620874140e-01 8.429070386918073865e-01 8.856891367289226880e-01 8.884298752965308354e-01 7.560169339341131778e-01 6.836068461403064234e-01 1.167113179835310488e+00 5.581043549759996392e-01 8.021256234275417896e-01 1.209776409019501564e+00 4.003974699881093224e-01 5.650210100897566923e-01 9.958056367115224461e-01 8.226144683010394587e-01 9.001337203784549601e-01 1.161717252839406189e+00 4.779385833465786826e-01 8.496091285784408420e-01 8.885163615890120381e-01 7.171662598747177153e-01 1.007713658094911757e+00 1.225221934437879856e+00 8.832044328272472544e-01 1.914218881416985263e-01 1.007342851576863207e+00 6.888266744929332219e-01 7.343259088465141637e-01 5.872981676012767327e-01 4.203805682568204083e-01 9.930444803844490353e-01 5.369280514026739670e-01 7.089226088798862291e-01 1.035436978593392787e+00 1.305510405365854609e+00 6.647675590119127564e-01 7.567546981206887402e-01 1.150263229404378640e+00 7.195943271731993773e-01
1.189943310995653203e+00 8.484302018575533566e-01 9.952439286189729284e-01 9.227805454189975665e-01 8.533290606004436674e-01 9.376432712763073107e-01 8.526664191607827847e-01 0.000000000000000000e+00 1.066469874520347361e+00 1.393431998567735919e+00 1.164504080973104649e+00 5.735126102418931504e-01 8.665983897330516994e-01 5.455698649821100199e-01 4.759461106001732222e-01 6.012049839710600363e-01 1.028299982070552510e+00 4.550772003097584006e-01 5.562430686486510290e-01 7.645085025729524419e-01 4.789050799614495979e-01 7.649547638182910836e-01 7.471450104651093937e-01 3.158913112031331294e-01 8.077638310577578418e-01 2.996435078215662906e-01 2.945591893422940255e-01 7.519761416276151689e-01 7.476015967426900000e-01 5.834904229040990264e-01 6.874771325831416924e-01 7.735165674366752953e-01 2.957618254121228141e-01 5.957970287280572874e-01 9.114681479820975207e-01 8.045352912524199596e-01 6.079025215539171079e-01 1.140101860132434197e+00 2.445963038758904029e-01 4.609467310656878980e-01 2.290195313002444666e-01 6.439470872396434453e-01 5.420629514864059306e-01 8.692628467357492728e-01 5.945171871786372186e-01 9.719745938130256446e-01 6.444445095003772384e-01 7.051520173567288330e-01 3.229145770875713750e-01 6.860672414843123068e-01 8.241091420199009310e-01 4.425992858521331508e-01 5.691673668117829266e-01 7.582210946482954572e-01 7.954322425883298964e-01 7.861960909842301559e-01 6.859494361310672916e-01 2.503780179592988153e-01 4.653185738782207315e-01 9.127038166605769831e-01 8.836238124531423654e-01 6.296529445131645586e-01 3.753331017647301704e-01 1.715000441119134966e-01 8.389129463744295911e-01 4.525082326388102372e-01 3.172089981319750618e-01 6.792469634971628478e-01 9.580489405160238503e-01 1.833171205226177547e-01 8.249881383382502431e-01 8.417350957557958591e-01 1.039410487777189696e+00 6.984230314164713294e-01 1.629316834899689759e-01
1.587105689961218813e+00 9.407591391610592435e-01 1.084889918283182819e+00 8.081950466088674290e-01 1.403334324643131348e+00 1.183813398384746973e+00 1.391231148538628171e+00 1.066469874520347361e+00 0.000000000000000000e+00 1.788668156870982573e+00 1.559740239276351303e+00 5.714494079902379120e-01 1.195540533041664188e+00 5.934438806921180642e-01 9.651592079374843314e-01 1.361596241244761751e+00 1.483383747215109683e+00 6.424254310188045602e-01 9.767232876126236141e-01 1.165636008781602451e+00 6.316953442194022106e-01 8.740714927397920109e-01 3.248345668097849526e-01 1.203488037305815661e+00 1.206081837693557368e+00 8.299250247397628177e-01 8.391806648273204550e-01 5.593463673263706637e-01 1.197896052042785486e+00 6.890840566071138040e-01 8.964733423424321446e-01 1.266339340592835150e+00 8.304371844173763506e-01 1.174314441330088332e+00 1.287507362429525681e+00 1.252286041962109575e+00 1.226945782685513908e+00 1.535338018435680185e+00 9.350194868633348033e-01 6.218495978918003875e-01 8.387649562086829658e-01 6.746600624945571223e-01 7.829237299378082326e-01 2.307530016279694118e-01 9.616818674722907856e-01 1.367210752116272410e+00 4.924272527398811383e-01 1.079230907437566334e+00 1.017314223515056959e+00 4.234569739574697289e-01 1.280895824425346552e+00 7.953798151927766735e-01 5.946400452874199827e-01 1.263975167586449233e+00 8.792005980359420825e-01 1.060833543320768735e+00 1.353659728662472084e+00 8.763812279875504707e-01 6.825609591130057385e-01 1.016403680756551298e+00 1.265355326604762576e+00 4.544902057064685863e-01 1.050397643944865012e+00 1.096721662194878100e+00 1.234149104677676689e+00 1.204134203568121286e+00 7.826323913551012090e-01 8.752436682554817216e-01 1.353285098819269949e+00 9.556313824551532221e-01 7.159671581223442383e-01 1.392752604753026313e+00 1.441991373282298206e+00 4.367945129475287458e-01 9.986077376624804547e-01
7.737661631018006858e-01 2.074508113139309717e+00 1.453072472505764878e+00 1.744906891300018525e+00 1.121790256979793954e+00 1.352977998246143398e+00 1.128430737211944868e+00 1.393431998567735919e+00 1.788668156870982573e+00 0.000000000000000000e+00 7.744096941105409471e-01 1.303530647888251570e+00 7.567006431731451155e-01 1.677682683896188465e+00 1.053538289909392800e+00 8.040813533471510288e-01 4.326313566461584270e-01 1.590899120725793203e+00 9.434646131439916594e-01 8.974785857652072263e-01 1.358769408040392035e+00 1.139356859241327902e+00 1.594466878580950597e+00 1.079183454854017787e+00 9.257883807140065979e-01 1.673059274636466753e+00 1.234912176733042877e+00 1.531810153577903399e+00 8.472887152484249729e-01 1.822943692611499689e+00 1.094232421002124145e+00 8.967648450359999579e-01 1.464785204524839957e+00 9.294457418785009306e-01 5.618166038432336196e-01 5.962234146040013005e-01 9.738819560012330623e-01 2.533301384353026653e-01 1.221583828579370978e+00 1.404270665660333872e+00 1.460798546628179873e+00 1.128450855360632277e+00 1.177106306434239746e+00 1.562175269593478744e+00 8.481081838367706682e-01 5.972341437329489189e-01 1.673047633585487359e+00 7.510626860825175832e-01 1.130970831551650679e+00 1.374430889366425435e+00 1.006338492372405247e+00 1.227347535660931577e+00 1.517106437392632623e+00 6.892910356542726324e-01 1.257939542770241337e+00 1.199030844666576945e+00 9.601067633711647398e-01 1.566737924525563930e+00 1.775777799945587709e+00 1.306199690430894789e+00 9.634096897550252780e-01 1.469026439749965940e+00 1.059229372417068271e+00 1.236532024316903344e+00 6.006001682214455739e-01 9.550330345948249144e-01 1.335957834931749133e+00 9.732820097577723484e-01 4.353830580517117910e-01 1.524919349224472809e+00 1.673038401708752287e+00 5.804577894329725485e-01 6.161149656919769901e-01 1.524059706203745312e+00 1.292190853996636246e+00
6.981625917799038072e-01 1.845580195544678670e+00 1.224144554911134053e+00 1.515978973705387922e+00 8.922403978659406709e-01 1.124050080651511907e+00 9.897999991289583299e-01 1.164504080973104649e+00 1.559740239276351303e+00 7.744096941105409471e-01 0.000000000000000000e+00 1.074602730293620523e+00 5.524053062018523530e-01 1.448754766301557195e+00 8.246103723147618636e-01 6.107434112339159560e-01 4.697502000780257037e-01 1.452268382642806888e+00 8.017100759233379836e-01 6.685506681705760679e-01 1.129841490445761210e+00 9.104289416466965212e-01 1.365538960986319772e+00 8.502555372593866290e-01 7.871576426310202823e-01 1.444131357041836150e+00 1.096281438650056561e+00 1.302882235983272352e+00 6.142347365944462734e-01 1.594015775016868197e+00 8.653045034074926534e-01 7.581341069530136423e-01 1.235857286930208909e+00 7.005178242838697722e-01 4.737175319715113408e-01 3.734055808188952996e-01 8.352512179182467467e-01 5.326501724809897809e-01 9.926559109847401530e-01 1.262016619651790128e+00 1.315728987799975158e+00 8.995229377660010073e-01 1.014227276563095304e+00 1.333247351998847474e+00 6.191802662421395098e-01 2.029139457317069573e-01 1.444119715990856312e+00 6.124319479995312676e-01 9.923400934686648078e-01 1.145502971771794387e+00 7.774105747777739772e-01 9.984196180663005293e-01 1.288178519798001576e+00 5.999483470834492405e-01 1.029011625175609623e+00 9.701029270719457864e-01 7.366362173833942428e-01 1.363412278542768696e+00 1.595773386045406639e+00 1.077271772836263075e+00 8.247789516720389624e-01 1.240098522155334893e+00 8.303014548224371127e-01 1.007604106722272075e+00 4.385585130959692157e-01 7.726512925457537095e-01 1.107029917337118086e+00 7.587147496407787850e-01 3.553063712814344965e-01 1.295991431629841539e+00 1.444110484114121684e+00 4.334715767743690384e-01 5.390061122880198674e-01 1.295131788609113821e+00 1.099472011569387897e+00
1.096694406134586686e+00 9.335895210952694923e-01 5.655517558401258471e-01 6.545817641708780998e-01 9.185704749023171356e-01 7.312427746909668791e-01 8.472385271222727665e-01 5.735126102418931504e-01 5.714494079902379120e-01 1.303530647888251570e+00 1.074602730293620523e+00 0.000000000000000000e+00 7.051467478604207528e-01 5.449837236498054072e-01 5.487459001038026418e-01 7.954847216221825335e-01 9.982462382323799011e-01 4.482623795105727948e-01 4.052846645491417488e-01 6.804984997988723361e-01 3.533430441531043020e-01 3.759134604693798454e-01 3.406330413311255412e-01 6.689309174532760416e-01 7.149817406907696959e-01 7.364037581294039514e-01 3.058083978154835791e-01 4.329011376999523653e-01 7.127585430600548166e-01 6.780816449694585524e-01 4.460130701987898294e-01 7.752392435900478107e-01 6.000598707165624157e-01 6.905491465216038183e-01 7.970960786028949974e-01 7.671485329793790164e-01 6.562899465890800199e-01 1.050200509452950071e+00 6.006198890850144023e-01 2.536358429870977926e-01 4.595772319082650492e-01 2.355815024631353616e-01 2.215080062781019932e-01 3.607275801946491778e-01 4.793831103228988755e-01 8.820732431335422952e-01 4.786976079158203334e-01 5.881308104347789945e-01 4.666175476526501775e-01 2.298149079430790720e-01 7.957583154426158822e-01 4.148111078789166184e-01 4.532226921456430913e-01 7.728750705836615609e-01 3.607943709079733385e-01 6.035846461521890971e-01 8.707329734625086637e-01 6.269465014378954315e-01 6.143741739707317961e-01 4.970655183134944366e-01 7.742552296019751257e-01 1.742176431471968157e-01 6.664142437206882486e-01 6.144456922357370843e-01 7.490115956949460196e-01 6.392264455924012712e-01 4.855455328886494337e-01 3.809744395461797661e-01 8.681475898365405008e-01 7.044640803711718080e-01 5.835205501774822778e-01 9.016525077502388630e-01 9.515800894556666334e-01 3.863890502663022697e-01 4.622325806779724600e-01
5.664883424974236359e-01 1.483625218098921783e+00 8.545234141962095853e-01 1.157348427512731259e+00 6.199258312974601504e-01 7.988426928051871601e-01 6.110896148827154040e-01 8.665983897330516994e-01 1.195540533041664188e+00 7.567006431731451155e-01 5.524053062018523530e-01 7.051467478604207528e-01 0.000000000000000000e+00 1.087137666113910273e+00 5.237109642674112608e-01 4.692827428232534959e-01 4.684231220423966668e-01 1.058840798903942115e+00 4.114062913221404605e-01 3.800070633850641255e-01 7.823850872030045922e-01 5.408078009317728307e-01 9.960829785531200020e-01 5.523498460193333459e-01 4.110263914120824702e-01 1.146225665801782867e+00 7.028538549111917888e-01 9.437977455802789573e-01 3.591849007641390590e-01 1.232060797571112198e+00 5.333600640847149243e-01 4.191077645916982952e-01 9.350274728132904611e-01 4.109976646662092947e-01 2.671747499512001633e-01 2.537406191234050645e-01 4.565408336720033211e-01 5.033705047378425057e-01 6.918260968678218159e-01 8.722123438384831173e-01 9.290975087770091401e-01 5.381518360721770922e-01 6.390401026066844237e-01 9.707523903954471400e-01 3.179541296824622831e-01 3.582318009811447101e-01 1.082164738545099647e+00 2.136112746570457688e-01 5.992697937004800579e-01 7.835479943260377222e-01 4.933698764128855996e-01 6.716210589706336220e-01 9.396076882019757104e-01 2.719832602565849244e-01 6.593904844606858218e-01 6.499298827085085994e-01 5.134926383234429403e-01 1.061487080473563882e+00 1.243719478123735733e+00 7.076506321213397177e-01 4.603912320298127470e-01 8.706425397221350115e-01 5.311302546026256399e-01 7.096984154822186808e-01 1.675345522783827368e-01 5.231824100809662204e-01 8.062001032201995265e-01 3.855950776778611644e-01 3.213175851214334355e-01 9.980857403897881452e-01 1.085479937921464799e+00 3.760282528661785806e-01 4.200203182055653461e-01 9.331768111633574891e-01 7.675317072589110667e-01
1.485463346581766375e+00 5.306494125982947896e-01 1.021881272925025064e+00 5.399838460142205587e-01 1.229625746399948705e+00 1.033761608194615933e+00 1.304343231473056530e+00 5.455698649821100199e-01 5.934438806921180642e-01 1.677682683896188465e+00 1.448754766301557195e+00 5.449837236498054072e-01 1.087137666113910273e+00 0.000000000000000000e+00 6.700246754883947276e-01 1.075525523168529896e+00 1.372398274240315352e+00 4.289319150179479179e-01 9.385662380286909912e-01 1.054650535806808787e+00 3.642510632021351280e-01 8.047548627763454476e-01 3.252086512111577732e-01 7.997957744664574431e-01 1.118507742121002124e+00 3.070939637083250906e-01 7.853995064022174510e-01 2.878768015659374790e-01 1.086910579067991600e+00 2.704881971587776435e-01 7.441082272099057704e-01 1.178765245020280350e+00 2.667647234628361952e-01 9.547505725520580855e-01 1.185865019050074132e+00 1.141300568987315467e+00 1.103440302343065005e+00 1.424352545460886743e+00 5.114340959633564276e-01 5.927546440255511140e-01 6.292909925128700177e-01 5.492318285355562990e-01 7.282824236754705804e-01 4.193441326039873407e-01 8.497529134702708209e-01 1.256225279141478746e+00 2.714673798299307994e-01 9.808541391223346562e-01 8.544523655284661512e-01 3.151688157067262797e-01 1.144538761680997885e+00 5.039092768949771095e-01 2.025827135068101192e-01 1.171900037581361742e+00 8.154058901951628524e-01 9.132387051467829586e-01 1.093045336570883208e+00 4.869119886697670929e-01 2.929250487725637009e-01 9.568748635270503122e-01 1.177781231032207776e+00 4.849204185546133195e-01 6.610837546943234555e-01 6.459246183298551491e-01 1.123163631702882581e+00 9.421286795331559327e-01 3.564422307943850288e-01 7.907510191485380702e-01 1.242299625844476285e+00 3.842709599258921083e-01 3.881734341494281204e-01 1.292282826523988515e+00 1.340349029902845990e+00 1.664478857858790739e-01 7.054119753437192442e-01
9.157329696747447123e-01 1.163634694683349791e+00 7.177482639152287236e-01 8.486363617158337869e-01 6.071667063830142874e-01 4.924176614616536107e-01 7.627171957107395928e-01 4.759461106001732222e-01 9.651592079374843314e-01 1.053538289909392800e+00 8.246103723147618636e-01 5.487459001038026418e-01 5.237109642674112608e-01 6.700246754883947276e-01 0.000000000000000000e+00 4.989203529129638270e-01 7.482538802535205757e-01 9.103723555183732552e-01 4.187939794447118058e-01 4.261467888007307026e-01 3.800056336308179628e-01 4.091475206293107569e-01 7.604508293903132765e-01 3.167619341859586046e-01 5.763109538840341939e-01 7.376503648024879123e-01 6.387397781667066843e-01 6.734382015529190024e-01 4.627661850811956024e-01 9.018468627183630071e-01 2.690719052751144313e-01 6.344641524897857154e-01 4.685820489808051881e-01 3.590506603308690758e-01 6.302498990953785407e-01 5.171561750005199132e-01 5.554383361359674920e-01 8.002081514740905233e-01 2.348148102361933831e-01 7.725769091566625502e-01 6.654382315587776819e-01 3.302792217028620581e-01 4.981341418604663396e-01 7.384848922905061785e-01 2.110305198297387219e-01 6.320808851546831919e-01 8.311882204245145678e-01 4.257281614716900142e-01 4.904072581003285913e-01 5.417022339800146025e-01 5.090355696226032123e-01 1.916306662404258510e-01 5.708415022501651670e-01 6.167740599307168781e-01 5.145471064850384302e-01 3.260615139224473658e-01 5.090391781597811693e-01 7.103201457051988577e-01 8.602593988383754331e-01 5.759903518188778104e-01 6.354741234840571851e-01 6.886523863276498014e-01 1.682108865209641924e-01 3.174509955586809484e-01 4.990192377160865833e-01 3.877569575403221891e-01 3.187003888642563343e-01 3.036601844373822967e-01 6.181552318576810645e-01 5.839237988872268970e-01 7.559657889204814962e-01 6.727299841719888152e-01 7.536733768172204639e-01 6.764471755197796199e-01 4.743408275669532270e-01
5.954626205196945632e-01 1.439729655694938826e+00 1.017408707398121948e+00 1.300019864704796024e+00 4.805540611507962412e-01 9.151729012828631049e-01 4.880700940980744473e-01 6.012049839710600363e-01 1.361596241244761751e+00 8.040813533471510288e-01 6.107434112339159560e-01 7.954847216221825335e-01 4.692827428232534959e-01 1.075525523168529896e+00 4.989203529129638270e-01 0.000000000000000000e+00 4.343992382716027612e-01 9.276874991682025895e-01 4.046403640218764752e-01 4.962944581811423728e-01 8.323722521539778096e-01 6.998579933264177377e-01 1.119987761808221682e+00 3.171210656568331232e-01 4.972862320883648657e-01 9.008484917926262714e-01 5.746263747311909365e-01 1.103643244843079296e+00 2.725163722890678319e-01 1.172262747417851747e+00 6.607544136208944874e-01 2.944141742609774903e-01 8.262853146271785798e-01 2.744844080720715285e-01 3.486766940068237730e-01 2.475865699414785404e-01 2.621213455166417905e-01 5.771732059303305018e-01 5.750254208057872241e-01 7.972088840151343447e-01 7.126692677799880693e-01 7.004354587071851546e-01 6.421752591326096438e-01 1.135103353967258588e+00 3.999143737724706882e-01 4.503947339502437086e-01 1.116814752248957987e+00 3.834305641491991268e-01 3.954137147842406441e-01 9.467876299784365735e-01 5.239748637742440707e-01 6.485195574841577937e-01 1.020345070431786461e+00 1.983027162151498879e-01 8.348207083959349184e-01 7.482118474128982566e-01 2.702545890992327782e-01 7.692528098329383113e-01 1.000386712088213281e+00 8.810669347529033191e-01 4.462000999692787295e-01 9.424711211912032427e-01 4.183876468897243517e-01 4.810540945003526914e-01 3.951054318959471567e-01 1.664612599789113689e-01 7.200397061635597229e-01 5.332693181728744847e-01 4.082724521138902940e-01 7.796949164829896084e-01 1.207349291909443956e+00 2.415122241170199746e-01 4.435692465143537544e-01 1.096416446815756229e+00 5.040853376121940954e-01
4.694696255513511329e-01 1.769223703483435273e+00 1.147788062849890434e+00 1.439622481644146301e+00 8.024966697458816300e-01 1.047693588590270730e+00 8.228579403149516303e-01 1.028299982070552510e+00 1.483383747215109683e+00 4.326313566461584270e-01 4.697502000780257037e-01 9.982462382323799011e-01 4.684231220423966668e-01 1.372398274240315352e+00 7.482538802535205757e-01 4.343992382716027612e-01 0.000000000000000000e+00 1.287273364537015796e+00 6.398388569552136973e-01 5.921941761093345580e-01 1.053484998384519145e+00 8.340724495854556775e-01 1.289182468925077929e+00 7.386268504308292071e-01 6.221626245252287468e-01 1.327943489892118301e+00 9.312864205442645815e-01 1.226525743922030287e+00 5.277472897909388783e-01 1.517659282955626576e+00 7.889480113462518096e-01 5.844509863671609740e-01 1.159500794868967510e+00 6.241613322226281513e-01 2.553886718926642874e-01 2.633311436641482817e-01 6.702561998124551002e-01 2.359899162573501075e-01 9.162994189234984210e-01 1.100644909471556465e+00 1.135108439092386234e+00 8.231664457047593864e-01 8.734805502454616732e-01 1.256890859937604965e+00 5.428237741808977779e-01 2.960693481827817441e-01 1.367763223929614691e+00 4.474369298937396766e-01 8.163888316412284407e-01 1.069146479710552322e+00 6.968523451206077857e-01 9.220631260050594635e-01 1.211822027736758400e+00 3.577171096338101486e-01 9.526551331143684465e-01 8.937464350107047206e-01 6.224258954112766862e-01 1.198639773583016988e+00 1.430712599438781929e+00 1.000915280775021898e+00 6.538269050656458914e-01 1.163742030094092605e+00 7.539449627611953808e-01 9.040534730223811488e-01 3.191094276176424382e-01 5.988832074976770947e-01 1.030673425275876465e+00 6.696562535689944973e-01 1.638011955355368199e-01 1.200233568404645901e+00 1.367753992052879397e+00 2.037195593564185003e-01 3.144063775602254918e-01 1.218775296547872200e+00 9.344112249627630762e-01
1.362726116043723179e+00 5.583821858041774222e-01 1.005749964555596732e+00 8.342448428039911379e-01 1.223052783342579719e+00 1.171440983406437431e+00 1.050908159185947488e+00 4.550772003097584006e-01 6.424254310188045602e-01 1.590899120725793203e+00 1.452268382642806888e+00 4.482623795105727948e-01 1.058840798903942115e+00 4.289319150179479179e-01 9.103723555183732552e-01 9.276874991682025895e-01 1.287273364537015796e+00 0.000000000000000000e+00 6.511758313318199987e-01 1.058781676760409241e+00 6.524873013832764856e-01 7.876962071348666550e-01 3.190611519142939612e-01 7.198384791284092588e-01 9.646541798811304469e-01 2.945983439611196131e-01 3.568060872809894479e-01 5.604890503480643993e-01 1.091041720021592498e+00 2.986897680998182869e-01 8.862112789142606584e-01 1.030389951882490829e+00 5.590403185774954764e-01 9.655207514701936722e-01 1.063127788512031158e+00 1.145431709940916143e+00 8.270411227611513816e-01 1.345609673575934861e+00 6.824652496589532769e-01 2.345750202768665804e-01 2.450215242677132865e-01 6.677005834124141170e-01 5.592420230809198589e-01 5.115867977109685993e-01 8.720039433184120226e-01 1.260356420095079422e+00 2.017310978745915362e-01 8.568116578866629141e-01 5.468917600794214184e-01 4.500100226802498105e-01 1.174041492404152898e+00 8.042652430326950874e-01 5.588218348565662241e-01 1.033778189916950030e+00 8.009925796234439455e-01 1.043782854867659315e+00 1.052899474459997764e+00 2.367286945086936600e-01 1.851275129939983222e-01 9.298232909192849505e-01 1.035283452983076558e+00 2.811433991797784859e-01 7.962200522236358990e-01 5.972416768591872760e-01 1.049766551115125068e+00 7.649247481073270238e-01 7.413473689517776632e-01 7.631871421916465170e-01 1.171390992393734676e+00 4.099346209182233025e-01 7.078270044836610930e-01 1.152419523758299036e+00 1.219223081634536854e+00 3.903242802178995552e-01 4.602931068053852104e-01
7.152916084619216353e-01 1.206688579940023098e+00 6.292726491921643017e-01 1.018451131955386169e+00 6.465166999540803427e-01 6.736846556017781484e-01 4.491974091710125294e-01 5.562430686486510290e-01 9.767232876126236141e-01 9.434646131439916594e-01 8.017100759233379836e-01 4.052846645491417488e-01 4.114062913221404605e-01 9.385662380286909912e-01 4.187939794447118058e-01 4.046403640218764752e-01 6.398388569552136973e-01 6.511758313318199987e-01 0.000000000000000000e+00 4.076058454285894639e-01 6.543553780742021875e-01 3.293413903332014225e-01 7.430062218320911960e-01 3.311373274275432599e-01 3.172196722993285700e-01 8.558865764702172640e-01 2.951888873390696166e-01 8.049004500229339776e-01 4.398658886897720555e-01 9.469961622356635189e-01 4.082020268813060793e-01 3.888329593893471436e-01 8.281808673925965536e-01 4.188226532949972936e-01 4.156932809302294474e-01 4.942558786090961997e-01 2.621231136244635551e-01 6.981751659941340948e-01 6.096186851623212055e-01 4.614634969125459008e-01 5.403550806424403108e-01 3.952852302001506057e-01 2.384978055769780836e-01 7.656682194565352928e-01 2.208281119865922459e-01 6.091805887632594230e-01 7.869398126340946265e-01 2.093771503048610372e-01 2.402452805685485471e-01 6.233974223219649335e-01 5.228656610723332321e-01 5.435913498418309953e-01 8.033046944267058231e-01 3.874509092402781962e-01 4.876917400551027404e-01 5.336845995299468459e-01 5.495497605013156539e-01 7.037924528621659626e-01 8.360545105516133946e-01 5.123068280792617557e-01 3.878489454012745141e-01 5.653889890037319121e-01 4.614587179598641509e-01 4.491733549394658076e-01 4.023320435333230805e-01 2.517352490703015366e-01 7.146610316588678513e-01 1.638857329924490736e-01 5.239564848119325768e-01 7.394817775080674283e-01 9.465826423641199305e-01 5.162283464068555539e-01 5.717885740527353100e-01 7.823111485400618959e-01 3.975664044078119908e-01
7.596732655305589166e-01 1.451475965049930261e+00 8.300403244163847560e-01 1.121874743210640180e+00 3.886515950752951198e-01 7.299458501567634983e-01 7.068873316918211636e-01 7.645085025729524419e-01 1.165636008781602451e+00 8.974785857652072263e-01 6.685506681705760679e-01 6.804984997988723361e-01 3.800070633850641255e-01 1.054650535806808787e+00 4.261467888007307026e-01 4.962944581811423728e-01 5.921941761093345580e-01 1.058781676760409241e+00 4.076058454285894639e-01 0.000000000000000000e+00 7.357372599510122457e-01 5.163247111519481125e-01 9.714347304915715853e-01 4.502599588592340329e-01 5.188411428497566869e-01 1.044135778641683387e+00 7.027947327676589140e-01 9.087780054885239434e-01 2.725552590584177648e-01 1.199911544522120010e+00 4.712002729127443557e-01 5.732999679826573658e-01 8.368025800252708590e-01 2.623704088921538502e-01 5.005686308008328034e-01 3.610964708563341730e-01 5.479039986409063312e-01 6.441484473299048386e-01 5.936012040798022138e-01 8.679123891570413862e-01 9.209590181796014630e-01 5.054187072712527096e-01 6.201230460683467838e-01 9.391431215040988434e-01 2.216038625898748837e-01 4.760211810104972296e-01 1.050015485496107681e+00 3.536979734173477663e-01 6.120182915801237744e-01 7.513987412770455343e-01 1.995507880150577118e-01 5.993649111613625902e-01 8.940742893032526117e-01 5.231181170785161871e-01 6.349073946808609925e-01 5.745440594364686904e-01 4.435936524794972247e-01 9.677448194087532318e-01 1.200105926911391396e+00 6.831675423415149995e-01 5.756788958936938094e-01 8.459942916605865948e-01 4.303058764222849053e-01 6.076085283221193123e-01 3.429595335719011207e-01 4.384191979989208732e-01 7.079752104321800354e-01 3.646105191460302097e-01 4.620955277134954353e-01 8.959958532296891098e-01 1.050006253619373942e+00 5.166702800278032415e-01 5.976136726730344462e-01 9.010275581143653012e-01 7.038045524353726545e-01
1.186257788301689153e+00 8.779147511716846042e-01 7.708340595344845836e-01 4.686307280850159906e-01 9.659923357665984867e-01 6.792460349298378164e-01 1.010897748610826374e+00 4.789050799614495979e-01 6.316953442194022106e-01 1.358769408040392035e+00 1.129841490445761210e+00 3.533430441531043020e-01 7.823850872030045922e-01 3.642510632021351280e-01 3.800056336308179628e-01 8.323722521539778096e-01 1.053484998384519145e+00 6.524873013832764856e-01 6.543553780742021875e-01 7.357372599510122457e-01 0.000000000000000000e+00 5.402573317553379662e-01 4.160040052434659241e-01 5.717926930864127844e-01 8.246896929926600395e-01 5.026326195899827320e-01 6.470922693417798799e-01 2.991694282408550176e-01 7.679973032121948373e-01 6.263503306438744644e-01 3.895926539451277093e-01 8.849471958919380432e-01 2.659101764496263898e-01 7.104059026042225389e-01 8.866594607699967989e-01 8.223872931315184820e-01 8.468243432409369165e-01 1.105439269605090091e+00 3.136603046338114487e-01 4.963040179406407737e-01 6.751792874002654488e-01 2.853450458252236865e-01 4.804266772769794636e-01 4.037624218501952300e-01 5.278734832878503314e-01 9.373120032856817607e-01 4.845698089735426262e-01 6.821377231463086055e-01 6.985054351074574397e-01 2.190190202067832104e-01 8.509970755947561249e-01 1.946810340351726731e-01 1.915268825656628038e-01 8.731836216053351363e-01 5.643586768046221502e-01 5.587231318820050641e-01 8.498920655563311222e-01 6.024296707734403400e-01 6.159156627715401955e-01 6.990423072330230747e-01 8.839631819038652472e-01 3.746508092956950531e-01 4.187022997254626344e-01 4.696730731777075674e-01 8.042503558470860403e-01 6.989754085186039578e-01 1.681609137100807949e-01 5.089462355657570214e-01 9.233863499886799664e-01 4.292237443639108085e-01 3.759601552896638665e-01 9.779611023029876060e-01 1.041143471622768768e+00 3.247388489374357645e-01 6.046745206865569155e-01
