0.000000000000000000e+00 5.901453559539191485e-01 4.764201386027606122e-01 4.722190377143390405e-01 3.378355526875573833e-01 3.232801363236665337e-01 2.857678639479957483e-01 2.734703978140859415e-01 3.838637656927673114e-01 2.261699131529649187e-01 2.242398135893484967e-01 3.109475879889784800e-01 1.803481130112443154e-01 1.691861119404259040e-01 5.143153792122860946e-01 2.603197194298578210e-01 4.454712495602020095e-01 1.624784808189284058e-01 5.345829472856372666e-01 1.782506150118831345e-01 3.508527712560745027e-01 1.314146355486595086e-01 3.754242658664329602e-01 4.637978697307458820e-01 2.334807347308778536e-01
5.901453559539191485e-01 0.000000000000000000e+00 4.859783531373474408e-01 4.644543811112461507e-01 8.585501714386429839e-01 3.429649960117123753e-01 6.792894543779655070e-01 6.685825405497465290e-01 2.435067930419978210e-01 5.012469040908951179e-01 5.005521380352661032e-01 2.791977679649405575e-01 6.978839407423660379e-01 4.791451597771563820e-01 1.610139960883811283e-01 3.474970796047887056e-01 1.859896560055044057e-01 5.847754433982239597e-01 1.424513183381988513e-01 6.013224000726571372e-01 3.384558262356749947e-01 5.158214911222122057e-01 3.693868910070428058e-01 1.352472637022163748e-01 3.830203448222700979e-01
4.764201386027606122e-01 4.859783531373474408e-01 0.000000000000000000e+00 4.339570137994268051e-01 8.125022358342489648e-01 3.808623175471635980e-01 5.588886549356569811e-01 5.847547700376410917e-01 2.447880587174846301e-01 3.924523356765086124e-01 4.372323491342771096e-01 3.324969915182975910e-01 6.447122850026029139e-01 5.075511111278644405e-01 3.960581526167710198e-01 2.532696437653588206e-01 3.673377463302907042e-01 4.901203664730800491e-01 4.079622808974624482e-01 4.809216006303487778e-01 3.006574051920513080e-01 4.554830861446207968e-01 1.324363198757080862e-01 3.630663721328981075e-01 3.983675076481379418e-01
4.722190377143390405e-01 4.644543811112461507e-01 4.339570137994268051e-01 0.000000000000000000e+00 8.016608146925476852e-01 4.312186678198902112e-01 5.819777894178665978e-01 5.587415616241551142e-01 3.210275216470413473e-01 4.316531053812384111e-01 4.043606335782241046e-01 2.435748553778814274e-01 6.410047458385723651e-01 4.513376731122982766e-01 3.945045723475623656e-01 3.076602712278575513e-01 3.895878700895010760e-01 4.749344644726322673e-01 4.404514575284426692e-01 5.040107351125578949e-01 1.345643040049155914e-01 4.946838558493507065e-01 3.352894378532438324e-01 3.389181379568854680e-01 3.350150282876050434e-01
3.378355526875573833e-01 8.585501714386429839e-01 8.125022358342489648e-01 8.016608146925476852e-01 0.000000000000000000e+00 5.236177201268379378e-01 6.125269908317494405e-01 6.113059505016433803e-01 7.080441853598287150e-01 4.990712593180436363e-01 5.019917025636601027e-01 6.006079496933985906e-01 1.859045584532111606e-01 3.824776774555015413e-01 8.454034869319032586e-01 5.694019293523280290e-01 6.746021339024856900e-01 5.003140335064858446e-01 8.041998648685296791e-01 5.050097418956366324e-01 6.871822206697404400e-01 3.745843204798099402e-01 6.906356396783770446e-01 7.441218415917800755e-01 4.835331332200817900e-01
3.232801363236665337e-01 3.429649960117123753e-01 3.808623175471635980e-01 4.312186678198902112e-01 5.236177201268379378e-01 0.000000000000000000e+00 4.234462034015900600e-01 4.834875295101620507e-01 2.456716215597340713e-01 2.334829551338473141e-01 3.054265473980126711e-01 2.084286973583270031e-01 3.606218014873510125e-01 1.709047466739330723e-01 3.517052283747055808e-01 1.587051685449059057e-01 1.581830648525546223e-01 3.844196990537948611e-01 2.874292656075671526e-01 3.341285595055130675e-01 3.214476025686346383e-01 2.008551020436896428e-01 2.549315387072237371e-01 2.820659921198293563e-01 1.572843025422012153e-01
2.857678639479957483e-01 6.792894543779655070e-01 5.588886549356569811e-01 5.819777894178665978e-01 6.125269908317494405e-01 4.234462034015900600e-01 0.000000000000000000e+00 4.609328901248861410e-01 4.691914246048080606e-01 2.290801491661476896e-01 3.640560248154606215e-01 4.371570542286428163e-01 4.399777134352991781e-01 3.975063379574311218e-01 6.052752270977377336e-01 3.317923747731766904e-01 5.177459577435433724e-01 3.555666293192460969e-01 6.060556026289558584e-01 1.382885052693365868e-01 4.604584221479935957e-01 2.840851130190917839e-01 4.521628210853284591e-01 5.698533977072870460e-01 3.969168230900723682e-01
2.734703978140859415e-01 6.685825405497465290e-01 5.847547700376410917e-01 5.587415616241551142e-01 6.113059505016433803e-01 4.834875295101620507e-01 4.609328901248861410e-01 0.000000000000000000e+00 4.868243491089967456e-01 3.623044501918511462e-01 2.249490070004555031e-01 3.893847725848059160e-01 4.503448124713592682e-01 3.562828028189345964e-01 6.074462048211602960e-01 3.764905818940796345e-01 5.337339340889242223e-01 1.428528285131755171e-01 6.468337708135920572e-01 3.592552248551070804e-01 4.381343720183688561e-01 3.822795157280416412e-01 4.855757116046673927e-01 5.422350543265732625e-01 3.429038759955878590e-01
3.838637656927673114e-01 2.435067930419978210e-01 2.447880587174846301e-01 3.210275216470413473e-01 7.080441853598287150e-01 2.456716215597340713e-01 4.691914246048080606e-01 4.868243491089967456e-01 0.000000000000000000e+00 3.027551053456594699e-01 3.393019282056328745e-01 2.082114813247107066e-01 5.412167646901240303e-01 4.025891365615547057e-01 1.611795654839228153e-01 1.569715450631902209e-01 1.522935470957128279e-01 3.949262027361610250e-01 1.640390660107792775e-01 3.912243702994996353e-01 1.877279130396658502e-01 3.474090536793439932e-01 1.324098836419661251e-01 1.379268857249767999e-01 2.916891264038701803e-01
2.261699131529649187e-01 5.012469040908951179e-01 3.924523356765086124e-01 4.316531053812384111e-01 4.990712593180436363e-01 2.334829551338473141e-01 2.290801491661476896e-01 3.623044501918511462e-01 3.027551053456594699e-01 0.000000000000000000e+00 2.423849883835110242e-01 2.883862317352263172e-01 3.288132316492119456e-01 2.221711415648085219e-01 4.447447702694589111e-01 1.537498244861062457e-01 3.352184758392509067e-01 2.590180306936945009e-01 4.280130523418856914e-01 1.416462235726302643e-01 3.059961288121480494e-01 1.317422009226540403e-01 2.801312250778024149e-01 4.106491323431121776e-01 2.513767422983148592e-01
2.242398135893484967e-01 5.005521380352661032e-01 4.372323491342771096e-01 4.043606335782241046e-01 5.019917025636601027e-01 3.054265473980126711e-01 3.640560248154606215e-01 2.249490070004555031e-01 3.393019282056328745e-01 2.423849883835110242e-01 0.000000000000000000e+00 2.213543700703254902e-01 3.511493638377019000e-01 1.695395005226967011e-01 4.557871334656740103e-01 2.378642188026380833e-01 3.551321947237361942e-01 1.432611019695102239e-01 4.978966157954172189e-01 2.731118115185333650e-01 2.846521331248810793e-01 3.103011469443187065e-01 3.380532907013035215e-01 3.742046518120928367e-01 1.637941162717917454e-01
3.109475879889784800e-01 2.791977679649405575e-01 3.324969915182975910e-01 2.435748553778814274e-01 6.006079496933985906e-01 2.084286973583270031e-01 4.371570542286428163e-01 3.893847725848059160e-01 2.082114813247107066e-01 2.883862317352263172e-01 2.213543700703254902e-01 0.000000000000000000e+00 4.497656109674401104e-01 2.449066275932385572e-01 2.538879123288617090e-01 1.849390400880592811e-01 1.512188264123439096e-01 3.055776754332832357e-01 2.857485743606121287e-01 3.591899999233345575e-01 1.348765985338863660e-01 3.564305256835488267e-01 2.338294155721145906e-01 1.528502817417673187e-01 1.227003033898342310e-01
1.803481130112443154e-01 6.978839407423660379e-01 6.447122850026029139e-01 6.410047458385723651e-01 1.859045584532111606e-01 3.606218014873510125e-01 4.399777134352991781e-01 4.503448124713592682e-01 5.412167646901240303e-01 3.288132316492119456e-01 3.511493638377019000e-01 4.497656109674401104e-01 0.000000000000000000e+00 2.239473707073385833e-01 6.785760662621987960e-01 4.025745086826232333e-01 5.133669301366780013e-01 3.393528954762017324e-01 6.373724441988253275e-01 3.308045144701785567e-01 5.196384793803073832e-01 2.043262928109782495e-01 5.238082190086722489e-01 5.932795028658213177e-01 3.326907944941235873e-01
1.691861119404259040e-01 4.791451597771563820e-01 5.075511111278644405e-01 4.513376731122982766e-01 3.824776774555015413e-01 1.709047466739330723e-01 3.975063379574311218e-01 3.562828028189345964e-01 4.025891365615547057e-01 2.221711415648085219e-01 1.695395005226967011e-01 2.449066275932385572e-01 2.239473707073385833e-01 0.000000000000000000e+00 4.953983802339660403e-01 2.691343007906257800e-01 2.988595776018969641e-01 2.530942251581939084e-01 4.491521406543258488e-01 2.970848486147069645e-01 3.368590790894905873e-01 1.437450266390593590e-01 3.902973752969947641e-01 3.764684650567263202e-01 1.247734893618084318e-01
5.143153792122860946e-01 1.610139960883811283e-01 3.960581526167710198e-01 3.945045723475623656e-01 8.454034869319032586e-01 3.517052283747055808e-01 6.052752270977377336e-01 6.074462048211602960e-01 1.611795654839228153e-01 4.447447702694589111e-01 4.557871334656740103e-01 2.538879123288617090e-01 6.785760662621987960e-01 4.953983802339660403e-01 0.000000000000000000e+00 3.019776369385713255e-01 2.255713969619844994e-01 5.211767010576637826e-01 1.764829248137871898e-01 5.273081727924292528e-01 2.639640785969090686e-01 4.847683552514184258e-01 2.842304487183951456e-01 1.274250587726331596e-01 3.761590156598042523e-01
2.603197194298578210e-01 3.474970796047887056e-01 2.532696437653588206e-01 3.076602712278575513e-01 5.694019293523280290e-01 1.587051685449059057e-01 3.317923747731766904e-01 3.764905818940796345e-01 1.569715450631902209e-01 1.537498244861062457e-01 2.378642188026380833e-01 1.849390400880592811e-01 4.025745086826232333e-01 2.691343007906257800e-01 3.019776369385713255e-01 0.000000000000000000e+00 1.859535829703668763e-01 2.774227514377123338e-01 2.742632278557793901e-01 2.538253204678682096e-01 1.820032946587671341e-01 2.070976742467860732e-01 1.292580698004835715e-01 2.803419571766983531e-01 2.072633522188636335e-01
4.454712495602020095e-01 1.859896560055044057e-01 3.673377463302907042e-01 3.895878700895010760e-01 6.746021339024856900e-01 1.581830648525546223e-01 5.177459577435433724e-01 5.337339340889242223e-01 1.522935470957128279e-01 3.352184758392509067e-01 3.551321947237361942e-01 1.512188264123439096e-01 5.133669301366780013e-01 2.988595776018969641e-01 2.255713969619844994e-01 1.859535829703668763e-01 0.000000000000000000e+00 4.499268369374015419e-01 1.513852529845790829e-01 4.397789034382350581e-01 2.754487012915922128e-01 3.431105014618480720e-01 2.403188479248667409e-01 1.354479289572988743e-01 2.277645147773738332e-01
1.624784808189284058e-01 5.847754433982239597e-01 4.901203664730800491e-01 4.749344644726322673e-01 5.003140335064858446e-01 3.844196990537948611e-01 3.555666293192460969e-01 1.428528285131755171e-01 3.949262027361610250e-01 2.590180306936945009e-01 1.432611019695102239e-01 3.055776754332832357e-01 3.393528954762017324e-01 2.530942251581939084e-01 5.211767010576637826e-01 2.774227514377123338e-01 4.499268369374015419e-01 0.000000000000000000e+00 5.516859792934918350e-01 2.538889640494670363e-01 3.543272748668462313e-01 2.764889504437437751e-01 3.909413080401064611e-01 4.584279571750505267e-01 2.590967788440651787e-01
5.345829472856372666e-01 1.424513183381988513e-01 4.079622808974624482e-01 4.404514575284426692e-01 8.041998648685296791e-01 2.874292656075671526e-01 6.060556026289558584e-01 6.468337708135920572e-01 1.640390660107792775e-01 4.280130523418856914e-01 4.978966157954172189e-01 2.857485743606121287e-01 6.373724441988253275e-01 4.491521406543258488e-01 1.764829248137871898e-01 2.742632278557793901e-01 1.513852529845790829e-01 5.516859792934918350e-01 0.000000000000000000e+00 5.280885483236474887e-01 3.098487891531967464e-01 4.492540550341719285e-01 2.914692910135089354e-01 1.684779803582135971e-01 3.746203774801947217e-01
1.782506150118831345e-01 6.013224000726571372e-01 4.809216006303487778e-01 5.040107351125578949e-01 5.050097418956366324e-01 3.341285595055130675e-01 1.382885052693365868e-01 3.592552248551070804e-01 3.912243702994996353e-01 1.416462235726302643e-01 2.731118115185333650e-01 3.591899999233345575e-01 3.308045144701785567e-01 2.970848486147069645e-01 5.273081727924292528e-01 2.538253204678682096e-01 4.397789034382350581e-01 2.538889640494670363e-01 5.280885483236474887e-01 0.000000000000000000e+00 3.824913678426851704e-01 1.760476462620979565e-01 3.741957667800199783e-01 4.918863434019786762e-01 3.157517119020205043e-01
3.508527712560745027e-01 3.384558262356749947e-01 3.006574051920513080e-01 1.345643040049155914e-01 6.871822206697404400e-01 3.214476025686346383e-01 4.604584221479935957e-01 4.381343720183688561e-01 1.877279130396658502e-01 3.059961288121480494e-01 2.846521331248810793e-01 1.348765985338863660e-01 5.196384793803073832e-01 3.368590790894905873e-01 2.639640785969090686e-01 1.820032946587671341e-01 2.754487012915922128e-01 3.543272748668462313e-01 3.098487891531967464e-01 3.824913678426851704e-01 0.000000000000000000e+00 3.690268792802602893e-01 2.019898292458682798e-01 2.129195830813142010e-01 2.252439630363494705e-01
1.314146355486595086e-01 5.158214911222122057e-01 4.554830861446207968e-01 4.946838558493507065e-01 3.745843204798099402e-01 2.008551020436896428e-01 2.840851130190917839e-01 3.822795157280416412e-01 3.474090536793439932e-01 1.317422009226540403e-01 3.103011469443187065e-01 3.564305256835488267e-01 2.043262928109782495e-01 1.437450266390593590e-01 4.847683552514184258e-01 2.070976742467860732e-01 3.431105014618480720e-01 2.764889504437437751e-01 4.492540550341719285e-01 1.760476462620979565e-01 3.690268792802602893e-01 0.000000000000000000e+00 3.300005079978923228e-01 4.736798828112245285e-01 2.685185160008677352e-01
3.754242658664329602e-01 3.693868910070428058e-01 1.324363198757080862e-01 3.352894378532438324e-01 6.906356396783770446e-01 2.549315387072237371e-01 4.521628210853284591e-01 4.855757116046673927e-01 1.324098836419661251e-01 2.801312250778024149e-01 3.380532907013035215e-01 2.338294155721145906e-01 5.238082190086722489e-01 3.902973752969947641e-01 2.842304487183951456e-01 1.292580698004835715e-01 2.403188479248667409e-01 3.909413080401064611e-01 2.914692910135089354e-01 3.741957667800199783e-01 2.019898292458682798e-01 3.300005079978923228e-01 0.000000000000000000e+00 2.541344522782848503e-01 2.991884492151643538e-01
4.637978697307458820e-01 1.352472637022163748e-01 3.630663721328981075e-01 3.389181379568854680e-01 7.441218415917800755e-01 2.820659921198293563e-01 5.698533977072870460e-01 5.422350543265732625e-01 1.379268857249767999e-01 4.106491323431121776e-01 3.742046518120928367e-01 1.528502817417673187e-01 5.932795028658213177e-01 3.764684650567263202e-01 1.274250587726331596e-01 2.803419571766983531e-01 1.354479289572988743e-01 4.584279571750505267e-01 1.684779803582135971e-01 4.918863434019786762e-01 2.129195830813142010e-01 4.736798828112245285e-01 2.541344522782848503e-01 0.000000000000000000e+00 2.605887083716978969e-01
2.334807347308778536e-01 3.830203448222700979e-01 3.983675076481379418e-01 3.350150282876050434e-01 4.835331332200817900e-01 1.572843025422012153e-01 3.969168230900723682e-01 3.429038759955878590e-01 2.916891264038701803e-01 2.513767422983148592e-01 1.637941162717917454e-01 1.227003033898342310e-01 3.326907944941235873e-01 1.247734893618084318e-01 3.761590156598042523e-01 2.072633522188636335e-01 2.277645147773738332e-01 2.590967788440651787e-01 3.746203774801947217e-01 3.157517119020205043e-01 2.252439630363494705e-01 2.685185160008677352e-01 2.991884492151643538e-01 2.605887083716978969e-01 0.000000000000000000e+00
