0.000000000000000000e+00 2.126155924097010086e+01 1.469673320906214542e+01 1.432091933548791829e+01 1.327340587792169124e+01 8.032994108413403112e+00 7.867450874218176793e+00 1.876284848869300248e+01 7.425061089049677321e+00 1.639219510641426680e+01 8.412780854916450224e+00 1.588081895897430407e+01 1.343678630611125335e+01 1.673843306419615828e+01 8.855050280925212292e+00 1.221463839430677645e+01 5.085210883224036138e+00 4.408724211428197925e+00 1.718654299152710863e+01 1.017452041474895630e+01 1.076458475682235516e+01 1.921189911355154933e+01 1.064131751519421876e+01 4.397511055690568327e+00 1.812042429977673308e+01 1.564909146962389030e+01 1.190481812605817069e+01 1.004475488848722264e+01 1.119397615835679005e+01 6.519616265243062259e+00 7.637688561797803644e+00 1.897116691528552934e+01 1.636769145777089207e+01 1.289327032978786214e+01 4.398866831177789649e+00 1.393540820054285412e+01 3.366089034629818233e+00 1.480443165802207695e+01 1.613622009641007793e+01 1.040451801491157013e+01 7.652334304458745962e+00 1.104440556929839268e+01 1.869493601772674651e+01 1.297722057525239947e+01 7.565368996796822287e+00 1.700058215426089347e+01 1.388768481491036155e+01 2.487647165734664156e+00 2.728798964091958545e+00 7.797623079467536300e+00 5.466292737930996459e+00 8.265878165801000321e+00 1.335987258304777647e+01 9.693007351493205803e+00 1.102329340776893574e+01 1.946959706120127009e+01 1.536913383960405177e+01 1.021087187976031530e+01 5.404893471726286869e+00 6.306522835907803604e+00 1.230118659194821618e+01 1.827332591979562793e+01 9.309234795657312489e+00 2.173607718870487648e+00 1.487269693444334528e+01 1.208343825931386029e+01 9.400395976016525879e+00 8.838211586372718642e+00 1.267518198033956622e+01 1.853599096614769692e+01 5.651357662929648029e+00 9.649714037353943397e+00 1.020821589932854501e+01 1.189112759898650040e+01 1.180848615705584237e+01 6.252594632513803319e+00 1.956538386527234152e+01 1.974052383678376899e+01 1.858026489384554480e+01 1.568804336863138360e+01 1.571264306923668386e+01 1.315513077985981205e+01 1.664669008492848334e+01 1.349074530529567895e+01 7.749830076082341535e+00 1.218256621325446964e+01 1.315367423743130182e+01 5.753368591802738408e+00 1.350910907557828544e+01 1.118776277743194036e+01 1.678140779366513158e+01 1.513741826228017828e+01 1.167289143661719031e+01 7.233305716728139600e+00 1.617874268407372540e+01 1.114778398995745867e+01 4.064604564975366152e+00 1.510080145191220247e+01 1.783518159198851549e+01 4.726408808675486739e+00
2.126155924097010086e+01 0.000000000000000000e+00 1.476454026183689905e+01 1.441089713121773386e+01 1.105025285283786296e+01 1.759910847850177618e+01 1.887495762244681785e+01 7.661008937650561457e+00 1.410579562677966159e+01 7.228328422501875572e+00 1.288310831415644664e+01 5.495945373254435218e+00 1.037664418402162880e+01 5.373895240075236224e+00 1.465036787511616012e+01 9.584581888883032974e+00 1.757560325464394424e+01 1.725185980681321496e+01 1.153873826449945739e+01 1.485818514771972154e+01 1.415734481096517605e+01 3.888280832855510294e+00 1.764070877112027347e+01 1.898299812610989079e+01 3.682176033605247589e+00 1.080811435224615202e+01 1.588265181014402927e+01 1.233834289108508386e+01 1.191238236778553805e+01 1.595459983516611757e+01 1.539503935195688378e+01 3.177467627620868651e+00 5.297260700221751328e+00 8.500095421403228713e+00 1.708688484089657678e+01 1.228485486807481308e+01 1.984682892146261324e+01 6.908262507572374922e+00 8.739378983930667033e+00 1.207576791335830357e+01 1.694456133874027515e+01 1.165104975934677611e+01 2.575214336272347637e+00 1.038066664074570333e+01 1.545144003269597199e+01 4.516571826618174690e+00 8.855724625950644580e+00 1.960468132457640422e+01 1.883513685120810166e+01 1.409212560760531296e+01 1.862537121555106978e+01 1.380377522078561547e+01 1.231577574518795792e+01 1.200892871669573481e+01 1.312592092986458781e+01 2.299786284236706724e+00 1.342395662792236699e+01 1.682908011128792225e+01 1.619952452105460239e+01 1.498052326595632699e+01 1.517335513944069447e+01 1.009285365055895589e+01 1.318366586077297065e+01 1.908795152209961898e+01 7.300073565942124532e+00 1.046308903537387991e+01 1.583453982132606797e+01 1.792013612487863128e+01 1.371776490245277635e+01 5.693081366810996968e+00 1.705323198383310412e+01 1.364174720858692424e+01 1.637490027047747887e+01 1.195691873618187628e+01 1.001686041823369244e+01 1.806397232685561605e+01 2.002541170479718691e+00 1.870365781858926546e+00 4.626058433049029972e+00 1.035005125988615760e+01 8.988688265870903749e+00 1.504940691309653467e+01 5.434909751748476125e+00 1.065251333394389377e+01 1.665765544664489894e+01 1.213644809697054150e+01 8.420848091904408861e+00 1.631972897452719806e+01 8.779369051199500618e+00 1.091646496558957402e+01 7.056247705984763918e+00 1.271711086003645086e+01 1.322667168456476006e+01 1.424583371330299109e+01 5.101346020263006764e+00 1.495287756633771359e+01 1.827457403547482784e+01 6.503742864188239103e+00 4.076338478529009990e+00 1.666030859674134845e+01
1.469673320906214542e+01 1.476454026183689905e+01 0.000000000000000000e+00 2.087898642929692983e+01 1.152981547858450817e+01 7.855268682607414732e+00 1.920465368586089028e+01 7.695372265155980607e+00 1.332964680192234574e+01 1.922481573843863600e+01 7.474192529319961587e+00 9.861405231697935037e+00 5.795434733342061939e+00 1.464163678929088164e+01 1.163578736445015238e+01 1.508029911223672492e+01 1.485673947977722165e+01 1.033156942742683349e+01 4.645471202816142231e+00 1.699611856294581358e+01 4.028612261255066329e+00 1.104682995210106711e+01 1.986040689429216854e+01 1.111464145708816886e+01 1.728783533371543157e+01 1.988039630806831681e+01 3.615113166616003237e+00 9.209631111949791560e+00 1.706749323095794679e+01 1.008512045197324980e+01 7.152445619823638800e+00 1.295175318800915676e+01 9.590994766737923172e+00 8.383754053081934998e+00 1.184478171481840292e+01 2.960834754152933179e+00 1.652219396337035207e+01 1.738880223112927581e+01 6.202943918092194586e+00 1.366911743674119073e+01 1.653198176334229430e+01 6.092845961623178930e+00 1.229421868182871691e+01 1.394695493422980981e+01 1.450962034439268322e+01 1.587702642395213104e+01 1.736898945488748325e+01 1.269464649528443445e+01 1.440263766716827654e+01 1.227176871318093276e+01 1.709520950103362935e+01 9.364152373870394896e+00 1.873195927567864416e+01 1.467386037881790095e+01 1.144759604106589990e+01 1.485230703803353336e+01 2.455669844652249800e+00 5.784527985323840049e+00 1.127568684563877177e+01 8.524936717870483349e+00 1.912278474014507168e+01 5.902271356323624651e+00 1.552405062551612147e+01 1.252312549019165466e+01 7.661663072992063839e+00 9.752503162777751200e+00 5.756788621651699245e+00 1.896808130703420758e+01 2.344982575463572694e+00 9.296814480978381923e+00 9.366433016641620313e+00 5.568169139518006183e+00 1.806349535942503692e+01 1.214557913062821370e+01 7.355297338571538113e+00 9.276660909804620658e+00 1.284420418224133975e+01 1.655125483294816746e+01 1.279980495964149512e+01 4.532308050770375907e+00 1.926228575829179945e+01 1.799695318126544485e+00 1.758475806759573601e+01 1.794414343542129231e+01 7.572019299320357000e+00 4.496190640558176632e+00 1.570014133457550720e+01 1.310075047997455400e+01 9.651128232339113211e+00 1.546747732735424030e+01 7.799634474309467436e+00 2.019266419153271030e+01 1.814782777686559712e+01 8.861729255118943271e+00 1.015932895679735282e+01 3.817579394731978493e+00 1.119397388752899936e+01 1.627926840157483568e+01 1.071071355840714290e+01 1.018602908237274463e+01
1.432091933548791829e+01 1.441089713121773386e+01 2.087898642929692983e+01 0.000000000000000000e+00 1.104861321628281523e+01 1.761708831570756217e+01 7.678992424286604113e+00 1.937610559657221643e+01 7.791612765961049902e+00 7.231934039881740439e+00 1.374754775800793993e+01 1.554150954735564305e+01 1.547551196218388192e+01 1.051759506516249942e+01 1.020904515414524738e+01 6.277618299943140023e+00 9.326867734166867763e+00 1.291421200975584860e+01 1.949645026523148772e+01 4.216548382525838079e+00 1.697545167913976982e+01 1.735088922883650753e+01 3.879131462786412854e+00 1.635072550008448999e+01 1.081862726540000708e+01 3.615980232429889529e+00 1.943985564231918417e+01 1.233644606050801507e+01 4.190708696743732808e+00 1.110992092194116765e+01 1.426121787635593563e+01 1.296834162325909645e+01 1.644130739591343371e+01 1.362695422790837085e+01 1.028794418322107518e+01 1.792045898368779078e+01 1.195764018021272257e+01 8.099487257675530572e+00 1.751928989984313390e+01 8.169285116129502811e+00 6.709377063630896920e+00 1.492925149302951127e+01 1.508650114109867424e+01 9.091876466184942274e+00 6.868846869997342175e+00 1.007870013715444912e+01 5.686904443219455096e+00 1.441431982581298854e+01 1.168484896728018718e+01 8.865439890319457561e+00 9.249255337622026119e+00 1.199616022687755468e+01 2.331318930808190082e+00 6.562936079236129316e+00 1.026883762027875413e+01 1.248137122050185788e+01 2.015230888279262800e+01 1.864323631638717416e+01 9.649600372174001350e+00 1.238266341350906607e+01 2.158590790983351937e+00 1.967743287383650141e+01 5.631586538761469640e+00 1.236782299529263263e+01 1.567903601934258617e+01 1.151884518053189410e+01 1.662652973288339453e+01 5.803210997596889520e+00 1.873306659493142234e+01 1.781898834896233552e+01 1.481957856813230734e+01 1.566412631815413903e+01 4.370231857314612611e+00 9.134882031995301688e+00 1.358604295029328135e+01 1.674086846743571044e+01 1.596224238642254356e+01 1.266808933700489526e+01 1.235942689481188594e+01 1.753929113393395767e+01 5.424327221235836660e+00 1.974440544470471437e+01 8.985603140882853168e+00 4.005949157187942866e+00 1.586670717501540295e+01 1.644737902321558920e+01 7.526719056245795514e+00 8.676569322106058024e+00 1.306370757671662197e+01 5.582647319164238731e+00 1.759562700201293950e+01 1.694611636498021046e+00 2.995274057958301039e+00 1.238071009924174426e+01 1.576845383002488532e+01 1.785117615140809022e+01 1.479155190418271815e+01 8.879963452878548935e+00 1.624489696097516855e+01 1.123514048266908993e+01
1.327340587792169124e+01 1.105025285283786296e+01 1.152981547858450817e+01 1.104861321628281523e+01 0.000000000000000000e+00 1.231645857176831171e+01 1.459866480947164114e+01 8.880123435002408527e+00 7.602755896833809146e+00 8.609857525459670313e+00 6.324678246357634315e+00 5.669512570842059063e+00 5.836731670628538815e+00 8.174767888364018020e+00 4.808749433064137158e+00 4.873492177470249764e+00 1.209247230206744739e+01 9.870732546486163272e+00 9.411618476232108677e+00 1.053286098672202975e+01 9.497033735788964037e+00 9.329174059860946500e+00 1.400932078732839692e+01 1.279320556723324920e+01 9.556759123944596368e+00 9.156022708884147931e+00 1.217569301184641972e+01 3.669729850129367588e+00 7.601630366065478484e+00 6.779811916378064574e+00 9.394895483431126237e+00 8.759860527153277232e+00 6.473443355308365454e+00 3.245362136357725635e+00 1.006033806415109666e+01 8.710513376235583749e+00 1.394530642397906739e+01 6.240766482189943787e+00 6.994193246921071250e+00 4.117590439233528521e+00 1.232840319051547873e+01 5.981618578908032724e+00 8.483629629594503285e+00 2.538999814418754220e+00 1.023710637998996376e+01 8.436916978428758540e+00 6.547975121635241536e+00 1.193417681562389632e+01 1.236300391479779925e+01 6.493010695435149415e+00 1.364967334131784860e+01 5.282902414640915367e+00 8.717294285474618931e+00 6.213797208484635348e+00 2.427030114663989213e+00 1.085125921763009416e+01 1.059164445123447074e+01 1.248555603629819366e+01 8.798479939692239071e+00 7.724351658724908809e+00 1.150764530587943568e+01 9.168235883085422699e+00 8.065825063284234986e+00 1.109979815905120937e+01 4.985365987967454338e+00 2.019783402703804853e+00 1.086759497105304106e+01 1.385542301455939729e+01 9.959027126556598830e+00 8.653265912457110076e+00 1.078857156520226823e+01 7.955791610563992755e+00 1.239377022869387446e+01 1.913731184287508880e+00 4.518547980723295332e+00 1.225856135097695443e+01 9.562071149204031784e+00 1.117685866095161096e+01 8.607912298785612037e+00 7.451202476141513209e+00 8.372652807972569278e+00 1.151513796180956462e+01 8.596744756486916827e+00 7.411552296541795926e+00 1.094855105987214827e+01 7.497192261947504655e+00 4.501616684388421774e+00 1.026478302440065882e+01 2.270883801638362343e+00 5.913642667253850682e+00 6.898682739974543843e+00 9.689616922608950134e+00 9.345423699685262875e+00 6.395992723624205567e+00 5.967436295941480395e+00 1.081875377174867658e+01 1.156073624085284024e+01 6.537136276080065755e+00 7.942744033248901658e+00 8.558557748287391576e+00
8.032994108413403112e+00 1.759910847850177618e+01 7.855268682607414732e+00 1.761708831570756217e+01 1.231645857176831171e+01 0.000000000000000000e+00 1.445258201367376394e+01 1.262913043285660208e+01 1.013413013590057865e+01 1.939082600403431655e+01 6.406231557047283864e+00 1.257442742654096435e+01 7.302131207815754088e+00 1.735465898413391272e+01 1.097968652563449510e+01 1.489878715067686699e+01 1.026104597003879171e+01 4.831891261700835827e+00 1.099451141342930960e+01 1.360312819348513536e+01 4.095927529241586207e+00 1.388453042030591433e+01 1.629660557845380708e+01 3.904009974848669628e+00 2.010148178396846674e+01 1.885563083450296062e+01 4.250804082481605128e+00 9.354705463605895943e+00 1.432512483134212111e+01 7.759381385028118139e+00 3.500928124443624334e+00 1.566477538285218785e+01 1.240378088604035867e+01 1.004738073387183839e+01 7.765334627150094704e+00 7.743132202439871214e+00 1.057165993421753036e+01 1.748858041439217104e+01 9.945149772753188344e+00 1.300455532345660714e+01 1.292026145161810291e+01 6.451110870312071199e+00 1.512481223971253641e+01 1.439860338497951275e+01 1.095607060478002026e+01 1.859004861879516213e+01 1.687900300250041852e+01 5.670727036271633992e+00 8.296082660287853017e+00 1.037998785491763165e+01 1.202295550524498680e+01 8.899415373122785411e+00 1.659161225051770572e+01 1.240207639834410180e+01 1.164519395334979635e+01 1.766595348828656853e+01 9.119782034182785324e+00 2.194548562029672745e+00 7.997862353933576252e+00 5.598732194938804696e+00 1.572979437068439523e+01 1.208129434169781469e+01 1.224527003033246686e+01 6.373437139869318813e+00 1.039356000022189086e+01 1.043913953581425602e+01 2.150528702269121073e+00 1.532617869603603644e+01 6.049479785385138975e+00 1.240358635146865041e+01 2.895687195810157544e+00 4.491084034456955365e+00 1.449969404358670033e+01 1.255082168375017915e+01 8.348639268013021919e+00 1.897703036459008175e+00 1.567877239890621865e+01 1.938184839083199762e+01 1.551282715448452620e+01 9.496011790533577468e+00 1.886458310843029906e+01 6.077726619740990266e+00 1.943667612576975756e+01 1.668400612546268391e+01 1.792124030676010893e+00 5.993938560713154118e+00 1.583782299380139946e+01 9.468145549569811692e+00 1.168474849053264641e+01 1.392327652081626788e+01 1.070528072938023456e+01 1.836935724019399530e+01 1.490288019589381818e+01 7.240684028851611664e+00 1.287235115164038390e+01 4.154659998289067957e+00 4.042443007966143753e+00 1.778495020828228945e+01 1.354516843178209662e+01 6.381947833038477569e+00
7.867450874218176793e+00 1.887495762244681785e+01 1.920465368586089028e+01 7.678992424286604113e+00 1.459866480947164114e+01 1.445258201367376394e+01 0.000000000000000000e+00 2.307811443448440514e+01 7.457085411908832562e+00 1.169733739599541522e+01 1.282869599202388144e+01 1.991432443638045768e+01 1.785270144321868813e+01 1.489040995418729096e+01 1.187284193046917835e+01 1.048546596913696938e+01 4.491326606769561636e+00 9.801481738766844032e+00 2.160245812863454162e+01 4.074861392736000454e+00 1.527250523362110179e+01 2.181494972006560218e+01 3.905644240588177496e+00 1.211077562920913309e+01 1.528268775662909107e+01 9.393288119727033703e+00 1.713887591858699722e+01 1.434443558520085915e+01 7.374477870710471450e+00 1.047786562711294245e+01 1.223324066613269245e+01 1.739992755918109779e+01 2.067143435479035674e+01 1.712450387797707307e+01 7.419655919062987159e+00 1.835132333765028534e+01 4.605787257745047825e+00 1.251748846283473071e+01 2.055213523351750382e+01 1.076013578729183351e+01 2.769742753628205989e+00 1.546032070640582212e+01 1.955056163232776711e+01 1.317878754054910573e+01 5.211355348890784001e+00 1.454140904823656655e+01 1.010661700559890441e+01 9.741907566341611258e+00 6.164838858158885770e+00 9.505587718073631009e+00 2.433193326865189299e+00 1.246831236120230813e+01 7.076675937379252268e+00 8.591374077016832089e+00 1.315008384278487874e+01 1.694543171173093299e+01 1.978504897671147944e+01 1.596229840291855062e+01 8.334806886676394910e+00 1.069267034935996996e+01 5.793456882847793921e+00 2.268924105690305026e+01 6.532839746187403485e+00 8.176405748011909225e+00 1.918008275678615604e+01 1.500164309648480554e+01 1.445253210489019047e+01 1.984997227790899155e+00 1.713774974358797465e+01 2.228304884019141952e+01 1.165415569207106650e+01 1.407133242098348802e+01 3.720759662549303126e+00 1.273235218623536547e+01 1.621982348523825124e+01 1.318048146359002182e+01 2.042630287765162223e+01 1.713214982823398103e+01 1.673224178383668459e+01 2.010395850573881305e+01 9.890377770452671413e+00 1.780135457640969676e+01 1.344966363211193361e+01 8.365199353652458925e+00 1.304806973726292263e+01 1.659848135036190442e+01 1.189953394527058350e+01 6.136921139947262738e+00 1.658477538371924354e+01 9.017669511378576530e+00 2.109667373945652002e+01 8.600898645142365240e+00 5.716867259568791937e+00 1.150374289705352204e+01 2.018931370884784826e+01 1.590309501144547788e+01 1.099249139605158199e+01 1.325277834190333692e+01 2.070895745220425610e+01 9.036620622483818366e+00
1.876284848869300248e+01 7.661008937650561457e+00 7.695372265155980607e+00 1.937610559657221643e+01 8.880123435002408527e+00 1.262913043285660208e+01 2.307811443448440514e+01 0.000000000000000000e+00 1.608220552184656071e+01 1.270697387353523489e+01 1.038439756187934471e+01 5.651505697049650223e+00 5.355962835374516118e+00 9.737678290916766954e+00 1.305101745484475018e+01 1.344552418223824120e+01 1.885441074625818914e+01 1.472454161172887410e+01 4.358383381785674970e+00 1.901231061173478665e+01 8.557256277579687875e+00 3.897525922379913688e+00 2.248877041234114316e+01 1.553926382993402378e+01 1.048899255987210566e+01 1.577764108021350964e+01 9.187726394673008556e+00 9.888309308517186480e+00 1.609654167287217774e+01 1.345588908288901564e+01 1.160940144108869099e+01 6.582273305413267828e+00 3.081295624419247314e+00 5.954331602510881893e+00 1.584745914561106872e+01 5.281287743638445775e+00 2.052540589303471563e+01 1.154292028584232810e+01 2.728000329084359965e+00 1.259704006424628631e+01 2.049284958160923864e+01 7.928278738478008236e+00 5.339262515781248553e+00 1.117932021361660944e+01 1.847048816265962401e+01 9.342645663054144123e+00 1.377332617523715363e+01 1.710597057229930229e+01 1.841912422572849550e+01 1.461928281337378444e+01 2.106639699075780214e+01 1.130506446850851354e+01 1.725224342906213337e+01 1.469324683349739047e+01 1.080686769540364800e+01 8.049643669585544004e+00 6.267637665895225751e+00 1.090264566500869670e+01 1.523418430551721769e+01 1.248181251367922329e+01 1.998709493089218725e+01 2.465404262826328630e+00 1.654527468829699188e+01 1.658924076982252771e+01 3.899300091001493218e+00 8.122962780226250956e+00 1.054868770910361775e+01 2.233487263957214708e+01 7.127310073452257200e+00 1.983886388925864885e+00 1.379105538948747522e+01 9.297832785100910158e+00 2.087321985370661181e+01 1.046789063642591167e+01 6.958813037360401133e+00 1.384581980477836716e+01 5.735481671300053819e+00 9.531374719509488003e+00 8.442160233421931892e+00 3.447410442424084120e+00 1.403837727086723497e+01 8.040731238813968673e+00 1.101064241537752331e+01 1.557011488323040282e+01 1.215004286260755961e+01 6.643322371882068644e+00 1.303237974016303014e+01 1.706161829824149834e+01 6.609239633364047961e+00 1.439309229226661202e+01 2.002905866478313257e+00 1.768231932539093876e+01 1.784846145508300097e+01 1.174712296102587850e+01 4.564717783189045086e+00 8.799484603228938440e+00 1.561859626037487025e+01 1.105500811323758192e+01 3.722532949735619656e+00 1.416159784446424297e+01
7.425061089049677321e+00 1.410579562677966159e+01 1.332964680192234574e+01 7.791612765961049902e+00 7.602755896833809146e+00 1.013413013590057865e+01 7.457085411908832562e+00 1.608220552184656071e+01 0.000000000000000000e+00 9.442960265917596629e+00 6.437051675553458807e+00 1.297394753060039108e+01 1.148993054400864722e+01 9.360897059979226498e+00 4.788735134159296969e+00 4.837102390089853543e+00 4.572938382695686421e+00 5.432656501504572688e+00 1.528365216501483026e+01 4.127873165736271055e+00 9.333842229335525431e+00 1.653125614670509691e+01 7.511174367523839379e+00 9.095230110361328002e+00 1.074288829555980129e+01 8.930105961786855673e+00 1.195665551935291226e+01 7.618701657617369172e+00 4.398341612260623812e+00 3.376366925051703660e+00 6.778017753389676159e+00 1.214567362595141731e+01 1.367552544215251586e+01 1.012859496533924286e+01 3.026194257871887672e+00 1.205570936135071491e+01 6.432207608593514259e+00 7.426895653805152264e+00 1.400616784921665214e+01 3.764226874654005961e+00 4.978883587360733998e+00 8.918332357523457432e+00 1.469097590745171367e+01 6.182878627911278180e+00 2.761832222727895303e+00 9.623046150043965241e+00 6.951995308603051704e+00 7.323677710131816454e+00 4.856131771202618630e+00 2.448944000498142426e+00 6.219478275759977137e+00 5.359026379043557498e+00 6.674349309761216986e+00 2.316349571392583240e+00 6.154174930147053857e+00 1.209206105698433831e+01 1.365071928143739477e+01 1.116003619342092179e+01 2.166174269588502455e+00 4.899021418669308403e+00 6.250837460422236092e+00 1.616431082321001966e+01 2.317234140414313970e+00 5.271151546130521837e+00 1.218417384414833293e+01 8.005734183846977103e+00 9.143329609917143941e+00 6.965492246425735168e+00 1.101939246941034867e+01 1.585534799930125516e+01 7.338023059881033205e+00 7.937002725709400686e+00 5.617368509374383478e+00 5.736443273597534365e+00 9.540437687959858692e+00 9.259312959184430980e+00 1.565287182091274154e+01 1.236298783256682299e+01 1.120272888962861302e+01 1.378515254211909813e+01 8.937799889348786664e+00 1.226120532173845490e+01 9.476946822943721926e+00 6.758481252746578072e+00 8.383507052049139929e+00 1.030129671728425933e+01 5.776287908075728339e+00 2.753475566066506453e+00 9.588866471081416876e+00 3.946253399563969921e+00 1.410076482681868626e+01 8.458311003207391821e+00 4.989144884589404860e+00 4.903910193988449073e+00 1.327187125569981951e+01 1.036797602844182542e+01 7.474215914732736721e+00 7.723265447695276897e+00 1.514482612009305029e+01 3.752182302862101082e+00
1.639219510641426680e+01 7.228328422501875572e+00 1.922481573843863600e+01 7.231934039881740439e+00 8.609857525459670313e+00 1.939082600403431655e+01 1.169733739599541522e+01 1.270697387353523489e+01 9.442960265917596629e+00 0.000000000000000000e+00 1.396733769747904752e+01 9.367925725401830661e+00 1.409312705127860355e+01 5.193081116597036306e+00 1.006101308801155803e+01 4.681547209370319429e+00 1.134371380680470587e+01 1.468794969808260475e+01 1.610312967265415907e+01 7.681406606548784488e+00 1.713969318691037813e+01 1.016832052012064658e+01 1.046174567978427916e+01 1.835052330693933698e+01 3.636058556684151455e+00 3.629151260910163934e+00 1.988220066867588187e+01 1.118485508131364092e+01 5.212933736975071675e+00 1.225233455585634523e+01 1.603495556468267580e+01 6.320701426252893107e+00 9.782949576300529415e+00 1.177579811436566004e+01 1.228055681853627590e+01 1.661503872307348217e+01 1.417063853719521482e+01 2.778892305946268237e+00 1.338679436138619927e+01 7.487114186088377643e+00 9.770457268085003477e+00 1.362427803002944415e+01 8.041591317921637838e+00 6.070857711040917870e+00 8.867249674326409092e+00 3.364328210481095649e+00 2.641227395251559251e+00 1.642136559443351729e+01 1.369189473590071238e+01 9.502770820500709092e+00 1.159149728045594507e+01 1.243233807100654964e+01 5.136812653851968058e+00 7.234053896263201722e+00 9.292231865362845511e+00 5.333763727944129229e+00 1.794780084640050077e+01 2.012821548741959887e+01 1.142333806050074152e+01 1.415623330674124247e+01 7.994392048104699278e+00 1.489111085953696190e+01 7.233401223996247076e+00 1.437486876391316493e+01 1.160718546206519086e+01 1.003142512003080178e+01 1.840026742121016667e+01 1.074117303354264408e+01 1.762657048405797156e+01 1.099219787144379801e+01 1.659331625645904396e+01 1.559845106168540774e+01 9.195937179141482787e+00 7.449089483659507849e+00 1.226330405460064377e+01 1.851460615576245061e+01 8.779673677706686163e+00 5.485520628289037859e+00 6.631213655008812324e+00 1.476546878682774455e+01 1.808058069530686707e+00 1.936795553728718033e+01 1.796879326099767304e+00 3.492076094380271112e+00 1.764044486334214312e+01 1.514240556021552031e+01 4.111039162199626951e+00 1.068335342542708588e+01 1.064093829129348734e+01 5.575044068594742441e+00 1.174479333200451947e+01 5.538147768700458329e+00 6.050584987446066876e+00 1.316115428802944010e+01 9.146333878789393523e+00 1.846141322287008890e+01 1.672950911131077234e+01 4.581380772472432916e+00 9.358883059009247773e+00 1.300887817099584076e+01
8.412780854916450224e+00 1.288310831415644664e+01 7.474192529319961587e+00 1.374754775800793993e+01 6.324678246357634315e+00 6.406231557047283864e+00 1.282869599202388144e+01 1.038439756187934471e+01 6.437051675553458807e+00 1.396733769747904752e+01 0.000000000000000000e+00 7.502368032160633859e+00 5.235638760105265632e+00 1.228259958975357691e+01 5.025282862508269055e+00 9.473885176085586224e+00 8.508920921406641469e+00 4.403081420759559883e+00 8.990525473611342022e+00 1.015678294591889497e+01 3.963807764746459572e+00 1.083344818673787913e+01 1.347578488770756167e+01 6.546444014386548105e+00 1.509364554418315585e+01 1.427425253983475528e+01 7.306401763712105257e+00 3.343063409833236133e+00 9.780086322963441603e+00 3.391137289254389398e+00 3.148133930584420703e+00 1.059271598847185913e+01 7.989240530957232522e+00 4.514819402974197260e+00 5.501969320759527271e+00 5.739390682627086626e+00 1.017991606818316974e+01 1.181602955769521657e+01 7.940202578494306884e+00 7.736787242585812407e+00 1.014735975675769453e+01 2.768595018158181542e+00 1.031648509091308519e+01 8.406823059568836243e+00 8.124998337808085225e+00 1.351798922441483164e+01 1.176398263536050059e+01 6.755902938522750922e+00 8.069056591951939694e+00 4.969437888930129610e+00 1.072090716590627224e+01 2.564920569260145111e+00 1.210492177769420152e+01 7.386453470823395762e+00 5.641989816984624539e+00 1.268411467894867606e+01 7.427654770003198514e+00 7.128185491787009553e+00 4.888694480665678910e+00 2.136322688827685390e+00 1.222996801715285997e+01 1.007730840187984533e+01 8.119690324181664920e+00 6.239173136045962131e+00 6.494246007629681294e+00 4.447359210403586616e+00 5.094226236949276121e+00 1.258345930044961847e+01 5.135083603642303984e+00 1.015754003933404448e+01 4.542092398958961219e+00 2.112227336893151453e+00 1.167887335284044070e+01 6.559041358339505301e+00 3.430035230242175270e+00 6.037899961877368327e+00 1.118693293845866066e+01 1.457310052910972153e+01 1.044076776010419394e+01 7.492025850715611668e+00 1.365727893876481680e+01 6.959160306372294436e+00 1.395422492850628693e+01 1.218905372067956350e+01 4.785292797201478265e+00 3.986548695338698156e+00 1.010738258100616882e+01 6.716128473389956888e+00 5.693202762108530379e+00 9.068325050979924029e+00 8.402956866851473805e+00 1.395832517396183547e+01 1.076081049790973232e+01 1.660206724062738948e+00 7.800291757260053416e+00 5.586396860976518219e+00 5.391465721318398074e+00 1.211239935158534387e+01 9.456730665174857720e+00 3.816108019612707292e+00
1.588081895897430407e+01 5.495945373254435218e+00 9.861405231697935037e+00 1.554150954735564305e+01 5.669512570842059063e+00 1.257442742654096435e+01 1.991432443638045768e+01 5.651505697049650223e+00 1.297394753060039108e+01 9.367925725401830661e+00 7.502368032160633859e+00 0.000000000000000000e+00 5.353000796129391503e+00 5.023914482193144515e+00 1.014928779200056042e+01 9.863597804275739733e+00 1.597238121653947296e+01 1.187111952481741461e+01 6.825154175230442988e+00 1.587912851968916073e+01 9.151575399922810661e+00 5.870465498210337252e+00 1.877131486702418783e+01 1.373243780350708576e+01 7.654902309417423112e+00 1.222433959603249320e+01 1.092553069753449613e+01 6.957602609089275525e+00 1.277891440764159725e+01 1.057385955317031190e+01 1.025705967665650142e+01 3.111666345064660888e+00 3.074397915870791920e+00 3.119355139407425703e+00 1.296542961589235787e+01 7.341389467423664605e+00 1.764337636331599768e+01 7.681764627969883463e+00 4.295813765791966610e+00 9.488782073000114892e+00 1.761082005189053135e+01 6.588619910031100702e+00 3.184447094792643540e+00 7.968709349456259083e+00 1.558845863294092204e+01 6.024916314815040863e+00 1.001089239285563437e+01 1.422394104258060032e+01 1.553709469600979354e+01 1.173725328365508425e+01 1.818436746103908419e+01 8.423034938789809800e+00 1.340725516066031631e+01 1.158498884225122083e+01 7.745180647868779467e+00 5.246068091418601753e+00 8.596211067114117199e+00 1.183375467000032799e+01 1.235215477579850862e+01 9.599782983960514215e+00 1.630260651734671029e+01 6.378522245006125857e+00 1.343701669705082047e+01 1.370721124010381686e+01 2.286881376067991578e+00 5.082348753378070683e+00 1.081759076471775494e+01 1.902067535256691144e+01 8.755396168992538364e+00 5.424648174504346443e+00 1.174552648896593254e+01 8.607746404807581797e+00 1.748687455757612241e+01 7.335605830399501315e+00 4.745071407272966724e+00 1.300590403308556198e+01 5.195739232767188298e+00 7.155020727001870640e+00 3.182082652543759771e+00 5.402058280087049802e+00 1.062751244634136150e+01 1.011062804307195684e+01 7.738938450172584638e+00 1.154913131029593920e+01 1.162365464286556005e+01 7.125041513453482800e+00 8.699864007297115620e+00 1.417958876852279104e+01 3.398628769203696276e+00 1.128483430102044061e+01 3.670065002021780209e+00 1.384771695594037411e+01 1.422790288177934670e+01 8.865093431307178307e+00 1.687655478905813133e+00 9.967406499985605350e+00 1.289383375347903460e+01 6.661546094477096780e+00 4.172895899850372459e+00 1.127956831474553567e+01
1.343678630611125335e+01 1.037664418402162880e+01 5.795434733342061939e+00 1.547551196218388192e+01 5.836731670628538815e+00 7.302131207815754088e+00 1.785270144321868813e+01 5.355962835374516118e+00 1.148993054400864722e+01 1.409312705127860355e+01 5.235638760105265632e+00 5.353000796129391503e+00 0.000000000000000000e+00 1.013323235372233810e+01 8.047415799982344353e+00 9.648357341838568857e+00 1.353292637260145170e+01 9.368714824055631496e+00 4.114477320197412524e+00 1.472385877023255496e+01 4.010922155125335564e+00 6.662066125825763407e+00 1.820031857083892390e+01 1.019126433411048183e+01 1.287901748948830871e+01 1.444830757188122305e+01 6.397329014798460278e+00 4.933242504284780061e+00 1.184772981113369106e+01 8.449842910470287904e+00 6.261401945265140156e+00 8.443348752440615002e+00 5.181316591560207740e+00 3.052990917992184361e+00 1.052597477195433484e+01 2.947855853087737898e+00 1.520392151937797465e+01 1.185308419609663488e+01 2.778602556244934352e+00 8.308588222744059948e+00 1.517136520795251187e+01 2.647555143025741575e+00 7.902347945232386373e+00 8.189103448333513668e+00 1.314900378900289901e+01 1.136862198838358751e+01 1.193690071870039304e+01 1.176948028203657337e+01 1.309306204314674815e+01 9.614413337785405744e+00 1.574491261710107537e+01 6.300194992920135739e+00 1.330009327090131777e+01 1.040479499199516411e+01 6.405129491325828539e+00 1.044348919380641760e+01 4.877897469616518045e+00 6.875951426703180047e+00 9.912699931860485592e+00 7.160328140022494736e+00 1.569864308938997510e+01 4.928361033214203601e+00 1.225682284679476375e+01 1.126317858724077325e+01 3.172133369810321124e+00 4.067224751985392572e+00 5.524332372309929795e+00 1.760746475164441804e+01 4.174227815868755798e+00 5.129105312829214114e+00 8.443055893663933276e+00 3.948041595489948374e+00 1.658476801220439611e+01 6.644510237373790318e+00 2.036189794335366177e+00 8.518820579737514720e+00 8.456308104426069505e+00 1.215938409635184492e+01 8.291400524072951583e+00 2.366650529472245967e+00 1.383019702210470925e+01 5.757239675962745551e+00 1.307635363202719603e+01 1.251205469923419322e+01 6.823043637566708952e+00 1.928622822367955347e+00 1.012565248968832599e+01 1.174013392458476979e+01 4.668927510890751087e+00 1.010694811335711130e+01 3.482655562261683713e+00 1.476057545534561122e+01 1.359859407787185859e+01 6.742253485437499805e+00 5.650924521228815500e+00 5.135938591157778177e+00 1.027059676455130699e+01 1.177086396600629570e+01 6.322704137301943028e+00 8.840113470807514418e+00
1.673843306419615828e+01 5.373895240075236224e+00 1.464163678929088164e+01 1.051759506516249942e+01 8.174767888364018020e+00 1.735465898413391272e+01 1.489040995418729096e+01 9.737678290916766954e+00 9.360897059979226498e+00 5.193081116597036306e+00 1.228259958975357691e+01 5.023914482193144515e+00 1.013323235372233810e+01 0.000000000000000000e+00 9.905469308315721477e+00 4.839683322082598771e+00 1.329220304987675760e+01 1.473115667425833664e+01 1.160538573282338604e+01 1.085521403749601355e+01 1.393180695751576081e+01 8.041476257743260803e+00 1.374740038483104954e+01 1.839373028311507596e+01 5.043794390062221744e+00 7.201403317074718480e+00 1.570576225512743562e+01 1.099967726338434915e+01 7.754999925448452736e+00 1.209679077616050868e+01 1.503729123424943559e+01 3.162829959304374050e+00 6.663807640298393231e+00 7.899586697000366087e+00 1.234198627409613813e+01 1.212162102501660854e+01 1.535076177947635756e+01 2.850487629590834349e+00 9.099324390925826123e+00 7.330869346557871147e+00 1.284104576551077592e+01 1.136885146762404375e+01 5.751377198228858845e+00 5.635768073945263801e+00 1.128166062684841364e+01 2.488224910139838375e+00 4.986977910662489855e+00 1.662227482055885730e+01 1.409023828440766479e+01 9.347227040804872544e+00 1.448977525612652606e+01 1.227679429131070954e+01 8.383340678467172680e+00 7.264030149895300603e+00 9.124467265364396340e+00 3.153376016226222767e+00 1.337644262470706380e+01 1.661398622759326216e+01 1.145462595425416730e+01 1.417775661694219203e+01 1.127869203515357199e+01 1.119255904717018701e+01 8.939993678248177034e+00 1.458378977359171813e+01 7.067112933660934182e+00 9.725658956678133293e+00 1.559782232231070864e+01 1.399676087037377492e+01 1.353562772658547786e+01 8.461383899992878099e+00 1.652575804655887382e+01 1.338797796240051952e+01 1.246296007538298767e+01 7.212020169381435863e+00 9.525302964865900890e+00 1.778613559067849792e+01 6.797534125449542053e+00 4.617511490483781955e+00 1.841831829649385188e+00 1.018228983767999196e+01 5.967739598978288207e+00 1.489085960066490699e+01 4.404414535410898779e+00 6.525216828102796462e+00 1.640388620045849066e+01 1.190527307104642674e+01 3.675949525103971549e+00 1.177792535622854864e+01 8.178860326796636215e+00 6.384313376091916403e+00 8.487385294802786362e+00 8.823802473747232256e+00 9.203988399586201297e+00 1.300561050833360532e+01 5.754453571880310037e+00 1.474763805757853952e+01 1.677271608748649712e+01 1.637631612283952709e+00 6.902782874007901803e+00 1.304063398752776770e+01
8.855050280925212292e+00 1.465036787511616012e+01 1.163578736445015238e+01 1.020904515414524738e+01 4.808749433064137158e+00 1.097968652563449510e+01 1.187284193046917835e+01 1.305101745484475018e+01 4.788735134159296969e+00 1.006101308801155803e+01 5.025282862508269055e+00 1.014928779200056042e+01 8.047415799982344353e+00 9.905469308315721477e+00 0.000000000000000000e+00 5.381674638426347634e+00 8.725700491480445464e+00 6.436156130910394069e+00 1.184360590581417760e+01 7.805010768602585358e+00 8.646870491793674063e+00 1.350006807970328460e+01 1.135030380185803800e+01 1.011829330872607180e+01 1.128746054389629450e+01 1.020159427740553504e+01 1.163927053296457004e+01 3.330511363400443070e+00 6.088499668334555359e+00 3.239760959473619195e+00 7.567835521899029416e+00 1.269024587428791762e+01 1.065586042392264154e+01 7.181439295939601841e+00 5.898266688358797083e+00 9.359543160905339221e+00 1.045612811949947485e+01 7.971467902141649020e+00 1.077038565022335170e+01 2.724177178286983469e+00 9.586816598238682374e+00 5.740758124282374197e+00 1.296340485075300819e+01 5.170437052154717605e+00 7.323317717137088678e+00 1.016761839838046377e+01 7.809923788902699116e+00 8.352517731511499122e+00 8.458792473800061273e+00 2.385829134248201200e+00 1.078140358628236761e+01 2.472168085067112386e+00 8.352525320735798786e+00 3.789851735861970550e+00 2.490546524491651592e+00 1.263663330532083506e+01 1.148575171940804651e+01 1.170560611245032945e+01 4.393320921324701089e+00 5.430340791794993294e+00 9.016916690917135213e+00 1.291820772381149851e+01 5.354529611060689476e+00 6.681442562054723311e+00 9.160865900595091205e+00 5.110818763949802168e+00 9.913290560667672224e+00 1.114893085580198751e+01 9.360169990873593804e+00 1.282415993229944462e+01 8.299860962578357260e+00 6.871021354990439534e+00 9.696569179812827954e+00 3.240325828200520508e+00 6.096655123207581184e+00 1.025908210016716993e+01 1.385355283142406790e+01 1.290756008090331797e+01 1.174730113796510267e+01 1.034510628291844903e+01 9.717689074889586109e+00 1.123348924460053055e+01 1.004790031903880276e+01 8.077105403290739005e+00 9.191657753986774537e+00 7.502053874959939250e+00 6.315597413546355732e+00 6.749084364946433823e+00 6.794860007311746664e+00 4.854048245792174754e+00 1.106957675981687572e+01 1.015136562156903643e+01 7.407672979609139396e+00 4.053112545264446531e+00 1.044721151709997997e+01 1.009567434408837272e+01 8.490450570982368106e+00 8.267837696031772765e+00 1.212335055814026319e+01 4.720492496956249617e+00
1.221463839430677645e+01 9.584581888883032974e+00 1.508029911223672492e+01 6.277618299943140023e+00 4.873492177470249764e+00 1.489878715067686699e+01 1.048546596913696938e+01 1.344552418223824120e+01 4.837102390089853543e+00 4.681547209370319429e+00 9.473885176085586224e+00 9.863597804275739733e+00 9.648357341838568857e+00 4.839683322082598771e+00 5.381674638426347634e+00 0.000000000000000000e+00 8.641823303614037499e+00 1.020736200436895835e+01 1.358771012608134043e+01 6.441032539059158957e+00 1.264624066551691151e+01 1.245894756060474862e+01 9.491683279644453464e+00 1.386993561322571011e+01 6.052462469905865561e+00 4.866651308652917507e+00 1.538874814728241347e+01 6.576761996190473525e+00 3.268260262372947089e+00 7.572996106271131289e+00 1.154267476816596805e+01 7.624459888054794021e+00 1.103884410254419279e+01 7.499923820427028431e+00 7.818191604206765177e+00 1.212203299929426237e+01 1.063036043231911698e+01 2.736469828151212091e+00 1.144013638862518256e+01 2.807775736503168140e+00 8.384395263577161472e+00 9.130825508635984633e+00 1.016976216955509038e+01 3.030266930580384876e+00 6.743283619976933707e+00 5.101832412147341955e+00 2.430457910261459187e+00 1.209848015066947724e+01 9.525030144375264740e+00 4.823432370915500478e+00 1.001479200010613546e+01 7.752999621421334808e+00 4.012725389789369324e+00 2.569487578062027655e+00 4.612159388167932583e+00 7.570847319087713245e+00 1.435305046694771214e+01 1.563476296602613758e+01 6.930831284364796119e+00 9.653961947052813741e+00 6.997445042246882352e+00 1.360186983505878011e+01 4.443433594696704070e+00 1.005999510370233985e+01 9.547492504540015190e+00 5.592122153739109258e+00 1.390798662469342872e+01 9.639308409510606523e+00 1.313311796266449960e+01 1.288073548328545748e+01 1.210356834441065033e+01 1.110499854029194289e+01 8.123892399433261247e+00 3.016091516496683500e+00 7.786784534448373485e+00 1.403401846204881309e+01 1.113165808301611115e+01 7.841774094670199702e+00 6.681515151731984403e+00 1.162468062363982213e+01 4.338223196248346625e+00 1.487450301589371193e+01 4.668434440397562391e+00 2.866224999124419082e+00 1.314816406682543004e+01 1.064895303882205191e+01 1.794129131578335423e+00 6.980527906328958032e+00 6.911099430575106339e+00 1.809912033069443371e+00 1.146408348721036852e+01 5.113889272977486300e+00 4.780344872226589104e+00 8.481815838444230593e+00 1.023306295980202130e+01 1.396796070147662050e+01 1.224892141759711706e+01 3.202051709798646062e+00 1.132116784533413245e+01 8.516839317638392970e+00
