0.000000000000000000e+00 1.092847838956951145e+00 1.014598834349793144e+00 8.950614613535460284e-01 6.895441340985392076e-01 6.390792245140293204e-01 5.675084677255580745e-01 5.231859111555987596e-01 4.428219291006418867e-01 3.888123941262253136e-01 3.465882207162526152e-01 7.986550268343984849e-01 7.061110298365419480e-01 9.247174932540336290e-01 2.792649546004803418e-01 6.384850593746713709e-01 2.432204513841805249e-01 4.989227342983343361e-01 7.497812015106316563e-01 4.175888052370193004e-01 3.939799331566695706e-01 4.216458733702866946e-01 4.934969150701931095e-01 2.036330616473971400e-01 2.089714832208452167e-01 2.076194841279039305e-01 7.769400405693768219e-01 5.972776218413889948e-01 8.835806931950553889e-01 9.115320147120743455e-01 1.668976793030377270e-01 7.178064682110393280e-01 3.753900392954763743e-01 9.306409079099846604e-01 2.689520915431746206e-01 6.103839818972399689e-01 6.225979910892448510e-01 7.843642919561294446e-01 3.845265106605530447e-01 6.516623380504020790e-01 6.959376566173547385e-01 2.665915560238583115e-01 4.183719691558585585e-01 5.045816550750013008e-01 1.415039659188564447e-01 1.410578870851605104e-01 3.828283047749683754e-01 5.228079953791919809e-01 9.137291349772601601e-01 5.520771922140712551e-01 2.614106365688276257e-01 9.469857672470761711e-01 5.740663090115876166e-01 5.179865472288507355e-01 2.744943662871831003e-01 7.791038927244775536e-01 3.931330406831438640e-01 3.403826620198380781e-01 3.253206085622457611e-01 3.290677044560345044e-01 1.186496320000218763e-01 4.018258218276147264e-01 1.119737914111320065e-01 6.683627646230936303e-01 3.252438976656972791e-01 3.710899650240236380e-01 2.825669088595547107e-01 4.739269145126784322e-01 5.126913028398907279e-01 7.000562285715740130e-01 6.925349054783810354e-01 5.989520100306708894e-01 4.327097594537862024e-01 1.072284901937590879e-01 2.502920915681460801e-01
1.092847838956951145e+00 0.000000000000000000e+00 9.145482307638301833e-01 8.449529273755125303e-01 1.288112600525600948e+00 1.382505823645378662e+00 5.759525209755458341e-01 7.631503394111625038e-01 1.532370542899103460e+00 9.783113610376491520e-01 9.416354529260806405e-01 3.174816043666742194e-01 6.637222226504344569e-01 8.116805815400059965e-01 9.545416067936719484e-01 5.946930827429868227e-01 1.323023741095643135e+00 7.351144077740987548e-01 7.392965083764052592e-01 1.181065552548529185e+00 7.189967791769653616e-01 7.842536726549595993e-01 1.101291293909969271e+00 8.918591846217698293e-01 9.927920191103216663e-01 1.070274776157499774e+00 5.047614728355643843e-01 5.041429914333154239e-01 7.755992860308940084e-01 8.011423788927132250e-01 1.024209634797439650e+00 4.398582309974491955e-01 7.329999085500191747e-01 1.639387193502800932e-01 1.358621616605170335e+00 6.666927571666669827e-01 7.474639363562414207e-01 6.886422221222571194e-01 8.641068224719825608e-01 5.823748040220311228e-01 6.289753033043078423e-01 1.066212518822678534e+00 8.421764098166495405e-01 6.992402871397490616e-01 1.218735212109856914e+00 1.053759223134323575e+00 9.232426383823335581e-01 6.977865031074108604e-01 8.591201987071560575e-01 5.890271305271443936e-01 8.484864673864707107e-01 8.413355501040035156e-01 1.171941619607791862e+00 1.259126833091172015e+00 9.834066079893701851e-01 7.689272657241613684e-01 1.023705254475779647e+00 1.429931275818299818e+00 8.393380691651080028e-01 8.840254997598189224e-01 9.879791452122694828e-01 8.339539945913940766e-01 1.109179713522986832e+00 4.831786851858492771e-01 8.351479425907616383e-01 1.087752994428582642e+00 9.851033984784025588e-01 6.250463970405517600e-01 7.372413772803843024e-01 3.961402022923111166e-01 6.932492201078077620e-01 5.021387338529925692e-01 7.821177403608257084e-01 9.973905046077549130e-01 9.320916767006248715e-01
1.014598834349793144e+00 9.145482307638301833e-01 0.000000000000000000e+00 8.508249758368654492e-01 1.198212536605950174e+00 1.242302898256938848e+00 5.534502694783313137e-01 6.266413148128546773e-01 1.426811570921414196e+00 8.329898099378065801e-01 8.952522230578661144e-01 6.285769665161204944e-01 3.087061905681238727e-01 8.007955787067220221e-01 7.376808072345990563e-01 6.392896631259885609e-01 1.233513463390323306e+00 5.327288558823898290e-01 7.004161585397354894e-01 1.046736007019814174e+00 7.824191963600747313e-01 6.974286142751286999e-01 1.011391229990319163e+00 9.101252351310775701e-01 8.795216895114192912e-01 8.939471960300252595e-01 4.728848093551129561e-01 6.637328251312712979e-01 1.758728223132236257e-01 7.805692747170394075e-01 1.004112183505502243e+00 4.931110879603800567e-01 7.449005086395603659e-01 7.510011088465788909e-01 1.249604234034136896e+00 4.621457641097415081e-01 7.336842405251513544e-01 6.925042695855043728e-01 6.902075267362171029e-01 4.195804360320897763e-01 5.508935532967208504e-01 9.365594437918565163e-01 6.113206012509124765e-01 7.577054077555962497e-01 1.110395420008698064e+00 8.833534199393062725e-01 8.294532198490961461e-01 5.671582041200262658e-01 8.368608393799179535e-01 7.019194754686535198e-01 8.266751526182128940e-01 8.340743228979611290e-01 1.082041555688142198e+00 1.118923907702731757e+00 7.864177515427858145e-01 7.843667177877715613e-01 9.274933811634354930e-01 1.330029535380966133e+00 7.854944585482154240e-01 7.621005352833392088e-01 9.150517105179619692e-01 6.153813852532523665e-01 9.959093839240846791e-01 5.856339030596311446e-01 7.225240212330873435e-01 9.473971717707974083e-01 8.888915251660585159e-01 6.616009797248422197e-01 5.038987796142471165e-01 6.003715078923596016e-01 7.229814911203933381e-01 5.586338320551136327e-01 6.857209725902122521e-01 9.972752877728715548e-01 9.119942254086875755e-01
8.950614613535460284e-01 8.449529273755125303e-01 8.508249758368654492e-01 0.000000000000000000e+00 1.223736081486320515e+00 1.387181992034003608e+00 6.509942554418881588e-01 4.566807275413780065e-01 1.326404281661030193e+00 9.653809963173191067e-01 8.417563220249627554e-01 5.315733270217469775e-01 5.555438412661296566e-01 2.943836312980953052e-01 6.944704877896699102e-01 2.868063261165546551e-01 1.121701105115588737e+00 6.845780774065240992e-01 2.313573072958301502e-01 1.196433155060953268e+00 5.155773712797292463e-01 8.190476429773203559e-01 1.045448132315071055e+00 7.412816442574031717e-01 1.008919982706392604e+00 9.399045926513368565e-01 4.148791610036607902e-01 4.803299831478364812e-01 7.023101412619285888e-01 1.683915160454044768e-01 8.997421609149989230e-01 5.701053032410380306e-01 6.626779460498699592e-01 6.902639311698022251e-01 1.149196944773753559e+00 4.816081045400275595e-01 3.042136482919203244e-01 1.718501406696365807e-01 8.344975430401383454e-01 5.808194469587306674e-01 3.283906049086631751e-01 1.077106177118620778e+00 5.922077447292172225e-01 3.947649266095794029e-01 1.009988130748314505e+00 8.229631494545537329e-01 8.773917261488429764e-01 7.072290662805528205e-01 1.573115554959848839e-01 4.069629482515151331e-01 6.384812306390708070e-01 2.303018342741948721e-01 1.108943262045394063e+00 1.263502278401146928e+00 8.363846746335751314e-01 1.243015910923409295e-01 9.748366363484368691e-01 1.229445537909404473e+00 7.533422787618567762e-01 9.030506532945824505e-01 7.764118293535242632e-01 6.912340310842798319e-01 9.918400294099739556e-01 3.742894246095337385e-01 5.822306233082179538e-01 1.085848773176178339e+00 9.300961516458079448e-01 5.810252584353879923e-01 5.994745214076747652e-01 5.005759524957974493e-01 2.034871178965717009e-01 5.714636531493494376e-01 4.977962251212205702e-01 8.432083981030183972e-01 8.157512054946743918e-01
6.895441340985392076e-01 1.288112600525600948e+00 1.198212536605950174e+00 1.223736081486320515e+00 0.000000000000000000e+00 9.497610859111427217e-01 7.121600795500542258e-01 9.181827658946691839e-01 1.098991693103538170e+00 6.044851729792217743e-01 3.863577767334494539e-01 1.029315235729373779e+00 9.445556479359515922e-01 1.248709270330720100e+00 7.706894095580227866e-01 9.671596795074449693e-01 9.065689622045768337e-01 7.378614701999919312e-01 1.134449681598506787e+00 7.408900773336142276e-01 7.081587102065906025e-01 5.101003387642135678e-01 2.008724194833994559e-01 5.858902263844355529e-01 5.014433740165264997e-01 7.006363246509715870e-01 9.162368488280268064e-01 8.488370916446097425e-01 1.062754769122465692e+00 1.246950597729839627e+00 5.292861544121953976e-01 8.631464718476042908e-01 5.906153038374190034e-01 1.124355259265362950e+00 9.228334128852010432e-01 9.408314430664885819e-01 9.895014690565816506e-01 1.113038912088903265e+00 6.427936050574134530e-01 7.860955347486664468e-01 1.071861951637766319e+00 6.076198364862008816e-01 8.476031796417221598e-01 8.461892361202448809e-01 7.929054951374252536e-01 7.991150452909823176e-01 3.741190437880081987e-01 6.536865300657338507e-01 1.277296883543061590e+00 8.495740509162057474e-01 6.409801296570584173e-01 1.275612678093964725e+00 1.281780931620276065e-01 8.263820953569358529e-01 7.097363885394533112e-01 1.119419831181421188e+00 3.118099714843446946e-01 1.001770326055021920e+00 4.799656693921579009e-01 4.967834440808278629e-01 6.866198993107872628e-01 7.873486707446992749e-01 6.190961136274910626e-01 9.492511936385125138e-01 7.363997596595474038e-01 6.670141080111807730e-01 4.090278396105593850e-01 7.057378523678332627e-01 8.462154605767415738e-01 9.235574547698872649e-01 1.024360567327418092e+00 8.001672725213286874e-01 8.181412040500715133e-01 6.239900581403191593e-01 4.841120008771427341e-01
6.390792245140293204e-01 1.382505823645378662e+00 1.242302898256938848e+00 1.387181992034003608e+00 9.497610859111427217e-01 0.000000000000000000e+00 8.305274475558410696e-01 9.546127488614097878e-01 1.034642444330734268e+00 4.226849640427109422e-01 6.902490163659499300e-01 1.110823129470881909e+00 9.613896423022207927e-01 1.345594532305866009e+00 7.016425205171943347e-01 1.143162409406622171e+00 8.423787384098009312e-01 7.278403358978873250e-01 1.190326193292580159e+00 2.309049711422195839e-01 9.055343108852164091e-01 6.203330629682866082e-01 7.583890405770206122e-01 8.006884512897625150e-01 5.008858608803616885e-01 5.070766032390552347e-01 9.817580468635793700e-01 9.991182462911946116e-01 1.109857857554976679e+00 1.331514905895232248e+00 6.623475791919979372e-01 9.472090427407242608e-01 7.813952889166857485e-01 1.218748482385141774e+00 8.578433632553209565e-01 9.264910752005253158e-01 1.097862881531610046e+00 1.236814741437063381e+00 5.771619116494525192e-01 8.264863374618015568e-01 1.089304714335218582e+00 3.732688931013902200e-01 8.185372353836632975e-01 9.942070175595552062e-01 7.227384021573859396e-01 6.477652624697878281e-01 5.956231340636259919e-01 6.896050694693247607e-01 1.355600995509671503e+00 1.040354035995472826e+00 8.339431338304649222e-01 1.378873276497105893e+00 8.335901049933355234e-01 1.236797136328572355e-01 5.798921920795007123e-01 1.268729255209031903e+00 6.693680060247652053e-01 9.375801022602461288e-01 6.677694034030886572e-01 5.000785928915222334e-01 7.457220467217979820e-01 7.231398650727668409e-01 5.271054331028973694e-01 1.094507140568097503e+00 8.167608159688762859e-01 3.013871349315908055e-01 6.030848161577126998e-01 8.965178374471002298e-01 8.135466352436788728e-01 1.028790324571010162e+00 1.185715165791076942e+00 9.209161909706872207e-01 9.076332752416191862e-01 7.141820909454623667e-01 7.051545717949059267e-01
5.675084677255580745e-01 5.759525209755458341e-01 5.534502694783313137e-01 6.509942554418881588e-01 7.121600795500542258e-01 8.305274475558410696e-01 0.000000000000000000e+00 4.630066870978488680e-01 1.006032770763536810e+00 4.332205751973909891e-01 3.769395111803545140e-01 3.195102632215214289e-01 3.104965736925999198e-01 6.076512920011192254e-01 4.599638375210576835e-01 3.726282936721184158e-01 8.005676318779545442e-01 2.394758577979344549e-01 5.282836659234688703e-01 6.290871764589915927e-01 2.301679870466641353e-01 2.140527234895898967e-01 5.253387729344236590e-01 3.658324129651232548e-01 4.267271136390313191e-01 5.445026164122089840e-01 2.438148065588326419e-01 1.833838716485999831e-01 4.179925019948473319e-01 5.952287835604257449e-01 4.719907149805467328e-01 1.693401281268943626e-01 1.949557048167566697e-01 4.121951797153082797e-01 8.313098973182450058e-01 3.565356214031419335e-01 4.742351796115343299e-01 4.988715011323163750e-01 3.495676513035959054e-01 1.520364605053149132e-01 3.994399093685724322e-01 5.141240292469505535e-01 3.695108441255888221e-01 3.607388050603418939e-01 6.962791028921683223e-01 5.563672798895874516e-01 3.472901174067878349e-01 1.712097076374197169e-01 6.532066033748684664e-01 2.600228057031145346e-01 3.404818755301800004e-01 6.409300361923583322e-01 5.959890986322470274e-01 7.071484570016343119e-01 4.720775461439932208e-01 5.718217178900170117e-01 4.477527335002339237e-01 9.061853179099215172e-01 2.638926822034715625e-01 3.320471236702808859e-01 4.698368788985916589e-01 3.499483146219007357e-01 5.434511993592128221e-01 2.799762543875956022e-01 3.413023878634921515e-01 5.357746183390446060e-01 4.091508775028568912e-01 1.081507102465108366e-01 2.969348413489162342e-01 2.147332023294034609e-01 4.676102397957279111e-01 1.051818163280926754e-01 3.706547572916097932e-01 4.602799775317991116e-01 3.798727568837322321e-01
5.231859111555987596e-01 7.631503394111625038e-01 6.266413148128546773e-01 4.566807275413780065e-01 9.181827658946691839e-01 9.546127488614097878e-01 4.630066870978488680e-01 0.000000000000000000e+00 9.488637367738897987e-01 5.328117531447245092e-01 5.362030064333118684e-01 4.486568376320947404e-01 3.245561200764529586e-01 4.422408514225169562e-01 2.789062288075854767e-01 2.741396967154042241e-01 7.460301843965347901e-01 2.640084720270787222e-01 2.360447873022080145e-01 7.687927690890029586e-01 2.429420603593440142e-01 5.122160039867913461e-01 7.398948167234201678e-01 4.115523722760927039e-01 6.537460029356922941e-01 5.227227046164134583e-01 2.933077391502658116e-01 3.875841696746111786e-01 4.794471908398683646e-01 3.920761078503561814e-01 5.812444568225082486e-01 4.549263750245647886e-01 4.004031169230308218e-01 6.039761239325185382e-01 7.716563998866122764e-01 1.644955507031130026e-01 1.708103591407620636e-01 3.394731386315270605e-01 3.910517103486023660e-01 3.211796709928520510e-01 1.799516007308254728e-01 6.445369339460265135e-01 1.445940745054650478e-01 1.490210512518099217e-01 6.324475858611737777e-01 4.210874409318094425e-01 5.718384105571923115e-01 3.989471629486788240e-01 4.046942256905509683e-01 2.672094122320411436e-01 2.999648725806348670e-01 4.778305871107326741e-01 8.033899464537433976e-01 8.309330352285524413e-01 4.068787253184889541e-01 3.436325024770179870e-01 6.692833207567859821e-01 8.520817012334422902e-01 4.477889631702061113e-01 5.336312271659121587e-01 4.140593513912586565e-01 2.454567610613061501e-01 6.029531669973026142e-01 3.158050042610084929e-01 1.979770336551486543e-01 6.532795300035839636e-01 6.245428360541571688e-01 3.649593371594972990e-01 1.665626821676769453e-01 4.290453691175079576e-01 2.997796937372335657e-01 4.259362719948579512e-01 1.057028885441255173e-01 4.962448749182756247e-01 5.101978899030235048e-01
4.428219291006418867e-01 1.532370542899103460e+00 1.426811570921414196e+00 1.326404281661030193e+00 1.098991693103538170e+00 1.034642444330734268e+00 1.006032770763536810e+00 9.488637367738897987e-01 0.000000000000000000e+00 7.842982300385294980e-01 7.851125237542312396e-01 1.237775876553744769e+00 1.122263406387941531e+00 1.359316811274982939e+00 6.953330092458188672e-01 1.073084377395621125e+00 2.423906844796111515e-01 9.085270981388808842e-01 1.175459027128922473e+00 8.131520250537245253e-01 8.313364767788524734e-01 8.239378156167438405e-01 9.066343896896483789e-01 6.440820207162916144e-01 6.112634254673022793e-01 6.058610069869135861e-01 1.202616057302149821e+00 1.036398471560734835e+00 1.295793429766676441e+00 1.337209840330365607e+00 6.054219823410165180e-01 1.157329172153191976e+00 8.158389983643706822e-01 1.370163611852136754e+00 1.791742585087734985e-01 1.026536358448639552e+00 1.048617191362068102e+00 1.218963609977079088e+00 7.850682316299960606e-01 1.061266701890948516e+00 1.117835946631511979e+00 6.621547758405635919e-01 8.359011189964328237e-01 9.334293071865817915e-01 3.268548553717151028e-01 5.510090318173390678e-01 7.856392534119507332e-01 9.249040184106731566e-01 1.339406960595550755e+00 9.894337358362542689e-01 6.987671801910104730e-01 1.381585085268026258e+00 9.828207121857313044e-01 9.135497670455556829e-01 6.731906030412715403e-01 1.207951544836058266e+00 8.081288128023403905e-01 1.181366983829493789e-01 7.638449116002244965e-01 7.311637274875157910e-01 5.551541454482310511e-01 8.114301856681614966e-01 5.076748564293857013e-01 1.105719308245276755e+00 7.508867031187410612e-01 7.666531848407286409e-01 6.998985059797226960e-01 9.143758735815725736e-01 9.288436793912904221e-01 1.139578932513725995e+00 1.124937455418103749e+00 1.038474713972823205e+00 8.583875850720772416e-01 5.457527932317378649e-01 6.888163946061248710e-01
3.888123941262253136e-01 9.783113610376491520e-01 8.329898099378065801e-01 9.653809963173191067e-01 6.044851729792217743e-01 4.226849640427109422e-01 4.332205751973909891e-01 5.328117531447245092e-01 7.842982300385294980e-01 0.000000000000000000e+00 3.472165517721832462e-01 7.017429179317957733e-01 5.405750210915218901e-01 9.358352042551643102e-01 2.802785893163423636e-01 7.213614136899373364e-01 5.923148306476366809e-01 3.070257146871885334e-01 7.684712815021299548e-01 2.363087645384580604e-01 5.109449120743739803e-01 2.254021805391907274e-01 4.131131276450993317e-01 4.177863001418591349e-01 1.992266947730124971e-01 1.986985540115485949e-01 5.726778353244926789e-01 6.020052707546956761e-01 7.007776460158894327e-01 9.107002846845329014e-01 3.802799304217637788e-01 5.417356854440534830e-01 3.984931377687823684e-01 8.145540197774115976e-01 6.074991489631159647e-01 5.056764539898265243e-01 6.760618858149248789e-01 8.277345298979763566e-01 1.553069998590020651e-01 4.174061259227148102e-01 6.684900931245199018e-01 1.469605735545815861e-01 3.967362396669779079e-01 5.724060218428701496e-01 4.723941878651812809e-01 3.088542708017422145e-01 2.379179419491158909e-01 2.805248579302382916e-01 9.347863742989723779e-01 6.444402324277609395e-01 4.149048057055519378e-01 9.693352239741646059e-01 4.883141920614142428e-01 2.993059734885040735e-01 1.830882170115400165e-01 8.469282594923466245e-01 3.240920930928439803e-01 6.875161944980816564e-01 2.848672522551852770e-01 1.165567280678804774e-01 4.062799073715936959e-01 3.012849532823161924e-01 2.798313747033235321e-01 6.854269290290109229e-01 3.949598202521910628e-01 1.213533361586921350e-01 2.671779039805904366e-01 5.136156862991969607e-01 3.927320140329800813e-01 6.285250375097857223e-01 7.639141700743923291e-01 5.238032154341882851e-01 4.858322795249339077e-01 4.630121002430342969e-01 3.890113422401275112e-01
3.465882207162526152e-01 9.416354529260806405e-01 8.952522230578661144e-01 8.417563220249627554e-01 3.863577767334494539e-01 6.902490163659499300e-01 3.769395111803545140e-01 5.362030064333118684e-01 7.851125237542312396e-01 3.472165517721832462e-01 0.000000000000000000e+00 6.728876281952257399e-01 6.415953343878680881e-01 8.667295108693623407e-01 3.887096500966654711e-01 5.851799200460878758e-01 5.898086721004333066e-01 4.650242712185703731e-01 7.524699221371494717e-01 4.765540418919423371e-01 3.261789507452333980e-01 2.168167392588577769e-01 2.126367020154180665e-01 1.995324496509860157e-01 2.218244244768954876e-01 4.210173751113405749e-01 6.024618925713757234e-01 4.668573321832524825e-01 7.597944555743821882e-01 8.649708382684808683e-01 1.925624328893366932e-01 5.420824903686551899e-01 2.086355443760614936e-01 7.776967335758006028e-01 6.103896503089393244e-01 6.559383015098377845e-01 6.075217095952244462e-01 7.310591526275459495e-01 3.739001025034596193e-01 4.831352212005831093e-01 7.108973733858722222e-01 3.432838010445287691e-01 4.656234201803649553e-01 4.642094766588876764e-01 4.829415246846212040e-01 4.127572685575330302e-01 1.383219358152383283e-01 3.699944945631895576e-01 8.953171240817036081e-01 4.675942914548485430e-01 2.590003701957011017e-01 8.936329186326060769e-01 2.715649572925232236e-01 5.668700258117432833e-01 4.528049417659977260e-01 7.374400717200640942e-01 1.386465350195730251e-01 6.852650709006160579e-01 1.181149915604258333e-01 2.434039510146092655e-01 3.002621225773379199e-01 4.927851020747210375e-01 3.316664663052903417e-01 5.672714341771550872e-01 3.544200001981901993e-01 4.075020384659880923e-01 1.161405898616336141e-01 3.237580929064760027e-01 5.730883978826840641e-01 5.543848608749748497e-01 6.423808078660609988e-01 4.394967190730881823e-01 4.361614445887142533e-01 2.518248725874217553e-01 1.022938047445406395e-01
7.986550268343984849e-01 3.174816043666742194e-01 6.285769665161204944e-01 5.315733270217469775e-01 1.029315235729373779e+00 1.110823129470881909e+00 3.195102632215214289e-01 4.486568376320947404e-01 1.237775876553744769e+00 7.017429179317957733e-01 6.728876281952257399e-01 0.000000000000000000e+00 3.659619727103750608e-01 4.983009811862404437e-01 6.457669426216875452e-01 2.813134823892213809e-01 1.028429074750284000e+00 4.549804333376476495e-01 4.248030065973374403e-01 9.119375355256437166e-01 4.129639673353560081e-01 5.192148969651602108e-01 8.424939291137433228e-01 6.082324594581718369e-01 7.236640020874360868e-01 7.904232564739502864e-01 1.902679710564967042e-01 2.129835958625073966e-01 4.896280217831843751e-01 4.866488771136459612e-01 7.554618100665845271e-01 1.667417140867517578e-01 4.642520838191642185e-01 1.634185924601863349e-01 1.064026950259810977e+00 3.521992553875993304e-01 4.340843360024757569e-01 3.752626217684915111e-01 5.842553027884329619e-01 3.022408295855799620e-01 3.144818015252402454e-01 7.970845017997927329e-01 5.454439756134022987e-01 3.858606867859835088e-01 9.241405457644976673e-01 7.477264112927137774e-01 6.607568158048365836e-01 4.221896205467436380e-01 5.446266969280882941e-01 2.782966706037883764e-01 5.455332639231981195e-01 5.279559497502380738e-01 9.131442548115665803e-01 9.874441389166754846e-01 7.035550883058205862e-01 4.555476653703958712e-01 7.587969771191759305e-01 1.135336609472940239e+00 5.799227424433249789e-01 6.148974827369331209e-01 6.900365973823340271e-01 5.538200201549430268e-01 8.400516965001009195e-01 1.697990848320837243e-01 5.263732784187771241e-01 8.159174029847409138e-01 7.201951211217989535e-01 3.513500328343589496e-01 4.565901739565529360e-01 1.185027673202507792e-01 3.798696197540422648e-01 2.418929495688092457e-01 4.694106470583354063e-01 7.137637794441573647e-01 6.633438519697697489e-01
7.061110298365419480e-01 6.637222226504344569e-01 3.087061905681238727e-01 5.555438412661296566e-01 9.445556479359515922e-01 9.613896423022207927e-01 3.104965736925999198e-01 3.245561200764529586e-01 1.122263406387941531e+00 5.405750210915218901e-01 6.415953343878680881e-01 3.659619727103750608e-01 0.000000000000000000e+00 5.055144441359862295e-01 4.291930027213478605e-01 3.440085285552528238e-01 9.250256588770721100e-01 2.384364282892603160e-01 4.047469374488659732e-01 7.706195299289753109e-01 4.842822832199573657e-01 4.437717256051307846e-01 7.574655748277512313e-01 6.369089384189797753e-01 6.066183737702073309e-01 5.918004243668415487e-01 1.882203601045646379e-01 3.891664346771801508e-01 1.776880494133861177e-01 4.852881401463038924e-01 7.549024573098265245e-01 2.475780394337005474e-01 4.965588272164959682e-01 5.001751007331830534e-01 9.450560695006638978e-01 1.600605693733399004e-01 4.356413442986403761e-01 3.972231350147685802e-01 3.959150991430874789e-01 1.584601131872849511e-01 2.552243322058514452e-01 6.636561280506443339e-01 3.026144106827886038e-01 4.624242731848602905e-01 8.058472554752253991e-01 5.748656154260550766e-01 5.757963311790981198e-01 3.010503952713391440e-01 5.415797048091821608e-01 4.072137821942019009e-01 5.181873481049615870e-01 5.387931883272251143e-01 8.283846670181443939e-01 8.380106517480137018e-01 4.830866656577200158e-01 4.890855832170358797e-01 6.733923807452936172e-01 1.025481370847493912e+00 5.318375698782173977e-01 4.891972195421270819e-01 6.065639060047108844e-01 3.113938294699120091e-01 6.972160401999291102e-01 2.909282097851794147e-01 4.138178306649633043e-01 6.619283572502139279e-01 6.347905247479165292e-01 4.186472839391107703e-01 1.951925890461232438e-01 3.548384593656800923e-01 4.277003565496574899e-01 3.172182208532389192e-01 3.770147820220882129e-01 6.985161201500679207e-01 6.621204180235082948e-01
9.247174932540336290e-01 8.116805815400059965e-01 8.007955787067220221e-01 2.943836312980953052e-01 1.248709270330720100e+00 1.345594532305866009e+00 6.076512920011192254e-01 4.422408514225169562e-01 1.359316811274982939e+00 9.358352042551643102e-01 8.667295108693623407e-01 4.983009811862404437e-01 5.055144441359862295e-01 0.000000000000000000e+00 7.050283203187825976e-01 2.879198157007568093e-01 1.151357137016076004e+00 6.331287231318343256e-01 2.557753776234499843e-01 1.147358507589732568e+00 5.451479983806852836e-01 7.699729955060995445e-01 1.070421321159470640e+00 7.708522713583595420e-01 9.637169865846830774e-01 9.400082910083832344e-01 3.673594953653394612e-01 4.585383540660620261e-01 6.522807441317852728e-01 1.783182310215591371e-01 9.247153497593983973e-01 5.269343625933413655e-01 6.656369882794033188e-01 6.569915853342958023e-01 1.182109474387705639e+00 4.301587502653376749e-01 3.901769709121418184e-01 1.634490112666716344e-01 7.862881604218027176e-01 5.317447994875100781e-01 2.720955092158546806e-01 1.034832128750049263e+00 5.637806447831985590e-01 4.308349228018397148e-01 1.042900660362266807e+00 8.501991569198702470e-01 9.023649149932425617e-01 6.581544188093323422e-01 2.809693691638979196e-01 4.066782412006160752e-01 6.681372625395578524e-01 1.264829093507520708e-01 1.133916450889793426e+00 1.222215541751658696e+00 8.214219718013683336e-01 2.803236802608950473e-01 9.998098251928364544e-01 1.259101569809891519e+00 7.783154676062563615e-01 8.539760058233615281e-01 8.060678612540118637e-01 6.409035825213327264e-01 1.024752559023926146e+00 3.468203786469216121e-01 6.200905716356088782e-01 1.050688805819724791e+00 9.550693404902075301e-01 5.807405513844887679e-01 5.480251671329849916e-01 4.683597920252645652e-01 2.723502179638891962e-01 5.397537919880046609e-01 5.337866608497436882e-01 8.728644300035057757e-01 8.407243943390737551e-01
2.792649546004803418e-01 9.545416067936719484e-01 7.376808072345990563e-01 6.944704877896699102e-01 7.706894095580227866e-01 7.016425205171943347e-01 4.599638375210576835e-01 2.789062288075854767e-01 6.953330092458188672e-01 2.802785893163423636e-01 3.887096500966654711e-01 6.457669426216875452e-01 4.291930027213478605e-01 7.050283203187825976e-01 0.000000000000000000e+00 4.504509051622882509e-01 4.980952617349493905e-01 2.380768491870912662e-01 5.149510161097934358e-01 5.162596052606208685e-01 2.357972238607106974e-01 3.088589896457069606e-01 5.924014603867735484e-01 2.439112861558650758e-01 4.099713693254948832e-01 2.535458901599901282e-01 5.095456536355562616e-01 4.511509126570847350e-01 6.066626660798611903e-01 6.709823366579413806e-01 3.942072212250252727e-01 5.304490074649312881e-01 2.951092856550260879e-01 7.930209287901934800e-01 5.181256723585412338e-01 3.334659547820459369e-01 4.051513772872759045e-01 5.893913267795298783e-01 1.517756264011050071e-01 3.808107957076395933e-01 4.391779350884123523e-01 3.858920045784036135e-01 1.428307153298389309e-01 3.014955133152212308e-01 3.789168583331025686e-01 1.456726127047073271e-01 4.144980871752366736e-01 3.161289769392183202e-01 6.836004544981365560e-01 3.735297239001119651e-01 1.385840609424143777e-01 7.406180560069982599e-01 6.558965901170970003e-01 5.779628068843372102e-01 1.419141868439049436e-01 5.760177509646974281e-01 5.109562681137151952e-01 5.985509737053711365e-01 3.002956068335597140e-01 2.898565935557148032e-01 1.899937906291453427e-01 1.292316051382764452e-01 3.363362328793389477e-01 4.898152963091343959e-01 1.240493117245420884e-01 4.003742352465751719e-01 4.599406763133356835e-01 3.518131272745468330e-01 2.357732757246966127e-01 5.607416471679577130e-01 4.930036615467431327e-01 4.700288450153062847e-01 2.149217709972849333e-01 2.851469492882631740e-01 3.622234867729081098e-01
6.384850593746713709e-01 5.946930827429868227e-01 6.392896631259885609e-01 2.868063261165546551e-01 9.671596795074449693e-01 1.143162409406622171e+00 3.726282936721184158e-01 2.741396967154042241e-01 1.073084377395621125e+00 7.213614136899373364e-01 5.851799200460878758e-01 2.813134823892213809e-01 3.440085285552528238e-01 2.879198157007568093e-01 4.504509051622882509e-01 0.000000000000000000e+00 8.651247031367138574e-01 4.874785275391600448e-01 2.324571429277101364e-01 9.573424296342155637e-01 2.590009693008542557e-01 5.711536656795813682e-01 7.888717303361959532e-01 4.847052422785283476e-01 7.523435807275178355e-01 6.958850100239551972e-01 1.929738545170522901e-01 1.956914738993051905e-01 4.907748285510520336e-01 2.861611430998763916e-01 6.431657589361243765e-01 3.287598782909573192e-01 3.967183330851453693e-01 4.400040865372764620e-01 8.958770405083430477e-01 2.845085546726632275e-01 1.645462756609313293e-01 1.581719968965281387e-01 5.904779604127565751e-01 3.589141404721223338e-01 1.599862635892231599e-01 8.330865944912392296e-01 3.688159971133693760e-01 1.489553918470670479e-01 7.566682264829045490e-01 5.706092850439494768e-01 6.208153241699682079e-01 4.853237597939446535e-01 3.444686990290146689e-01 1.377595860063581812e-01 3.819048286601956499e-01 3.148232234640009342e-01 8.523668600665191830e-01 1.019482695773765046e+00 5.923650920061932501e-01 2.082154364463653096e-01 7.182602343695618785e-01 9.728691359305301489e-01 4.967658767829820077e-01 6.650764009702868629e-01 5.198354273746496057e-01 4.720437674209150836e-01 7.385201251445641102e-01 1.117506309309185958e-01 3.382110406808361280e-01 8.418291905487967908e-01 6.735197496669329542e-01 3.118218961902309849e-01 4.023749715403107663e-01 2.386641160932937988e-01 1.153448254800388678e-01 2.990151069597505873e-01 2.539556304718185165e-01 5.866319961241432956e-01 5.591748035157994012e-01
2.432204513841805249e-01 1.323023741095643135e+00 1.233513463390323306e+00 1.121701105115588737e+00 9.065689622045768337e-01 8.423787384098009312e-01 8.005676318779545442e-01 7.460301843965347901e-01 2.423906844796111515e-01 5.923148306476366809e-01 5.898086721004333066e-01 1.028429074750284000e+00 9.250256588770721100e-01 1.151357137016076004e+00 4.980952617349493905e-01 8.651247031367138574e-01 0.000000000000000000e+00 7.157638093962074288e-01 9.726254747515675758e-01 6.208883191327907447e-01 6.219896749753922593e-01 6.315150847177820603e-01 7.142116587906865988e-01 4.347352189128314559e-01 4.188406945683406657e-01 4.138776075960207135e-01 1.004949782388099511e+00 8.270516697572743992e-01 1.102495322235585329e+00 1.134376287953010154e+00 4.101181306872183074e-01 9.479823703497310960e-01 6.064921965609108012e-01 1.160816810048676206e+00 1.613305382890958262e-01 8.292986109377701309e-01 8.457836389847129821e-01 1.011003935718172153e+00 5.930848322391033545e-01 8.685034131482752828e-01 9.187819298582905470e-01 4.698910699196298668e-01 6.386633714855631805e-01 7.291472686350840560e-01 1.425911608486314375e-01 3.578989621830336865e-01 5.932165225129890640e-01 7.324812875117112654e-01 1.136573408218195746e+00 7.800869340327934998e-01 4.894203783875500924e-01 1.173625411009119546e+00 7.903979812867691912e-01 7.212860611246221243e-01 4.812072036503787786e-01 1.003669506284560420e+00 6.157060819033788324e-01 1.255759168623058197e-01 5.676542667995054803e-01 5.387409965885542329e-01 3.452892757620644737e-01 6.186668969254881523e-01 3.152733053069036173e-01 8.963725064418163191e-01 5.480531507413862746e-01 5.743894789197950823e-01 5.074757750807610268e-01 7.050290717781125815e-01 7.316059318804207789e-01 9.302321307102655590e-01 9.191745492404234108e-01 8.291279121693625465e-01 6.555540326947224550e-01 3.504489415779395989e-01 4.935125429523266605e-01
4.989227342983343361e-01 7.351144077740987548e-01 5.327288558823898290e-01 6.845780774065240992e-01 7.378614701999919312e-01 7.278403358978873250e-01 2.394758577979344549e-01 2.640084720270787222e-01 9.085270981388808842e-01 3.070257146871885334e-01 4.650242712185703731e-01 4.549804333376476495e-01 2.384364282892603160e-01 6.331287231318343256e-01 2.380768491870912662e-01 4.874785275391600448e-01 7.157638093962074288e-01 0.000000000000000000e+00 4.806758723901397024e-01 5.370702235246419542e-01 3.404768255253536324e-01 2.482075319597126517e-01 5.464894248658697107e-01 4.599109375400305399e-01 3.956422238083256437e-01 3.612183401476351530e-01 3.163165187426902336e-01 4.228597294465344381e-01 4.014146990752531785e-01 6.116974422772577524e-01 5.614944145949266607e-01 3.023778155093594933e-01 3.739280339739874948e-01 5.714440806541974949e-01 7.313197612516032509e-01 2.029699728664967062e-01 4.348188311678408691e-01 5.262573711551631339e-01 1.574786708538271074e-01 1.527396037520677152e-01 3.719317212029397135e-01 4.329804908403154240e-01 1.650598463978860120e-01 3.866318154756331893e-01 5.921109472261647522e-01 3.679790709859811493e-01 3.659580498449335750e-01 1.349386909216001018e-01 6.430138204960903492e-01 4.644880186038279346e-01 3.411893472260124627e-01 6.666287428508347324e-01 6.216904892821847328e-01 6.044613453436804562e-01 2.568839652751064295e-01 5.962919837774164344e-01 4.624162307834120966e-01 8.117450625984332646e-01 3.655902506800659535e-01 2.761665681505116043e-01 4.266192150704011810e-01 1.120705673384039813e-01 4.695999619749074427e-01 4.290656124472084776e-01 2.420244098949654588e-01 4.283790508458806823e-01 4.238143747860350641e-01 3.476265680444453054e-01 1.083539903767497259e-01 4.010000259988368287e-01 5.636029043170669439e-01 3.302835878163171701e-01 2.844636327288475597e-01 5.215181192711186853e-01 4.935884040038815979e-01
7.497812015106316563e-01 7.392965083764052592e-01 7.004161585397354894e-01 2.313573072958301502e-01 1.134449681598506787e+00 1.190326193292580159e+00 5.282836659234688703e-01 2.360447873022080145e-01 1.175459027128922473e+00 7.684712815021299548e-01 7.524699221371494717e-01 4.248030065973374403e-01 4.047469374488659732e-01 2.557753776234499843e-01 5.149510161097934358e-01 2.324571429277101364e-01 9.726254747515675758e-01 4.806758723901397024e-01 0.000000000000000000e+00 9.995870400903068553e-01 4.405924698400001116e-01 6.906053694284494116e-01 9.561617324272576601e-01 6.278192879799299186e-01 8.754755700941996288e-01 7.587674919186216949e-01 2.885437336223189431e-01 3.922848617129240933e-01 5.519013239647987401e-01 1.710420677527970112e-01 7.975113725263456299e-01 4.526659836363399192e-01 6.067956854911945586e-01 5.833828535166873941e-01 9.982516902416449511e-01 3.101477961914607118e-01 1.590780424592242170e-01 1.650328834910979314e-01 6.199954874194919530e-01 4.523771734098598341e-01 1.495226052430145280e-01 8.805817212482346390e-01 3.798155506425555106e-01 2.990634797962648528e-01 8.590428762162064524e-01 6.571322282340174015e-01 7.881053262610296928e-01 5.787867927316820982e-01 1.696873968753127571e-01 3.512155684275693468e-01 5.162317882844722483e-01 2.799308564534896404e-01 1.019656862157580779e+00 1.066947202738373512e+00 6.429235126206971351e-01 1.219908513798936001e-01 8.855502364606235854e-01 1.078676991588474632e+00 6.640558788740434926e-01 7.553607943244196044e-01 6.381695250252263918e-01 4.671863282198134293e-01 8.368591758282512005e-01 2.856221281672244872e-01 4.245723240101814122e-01 8.889390583609894092e-01 8.408097517579946611e-01 5.252778786114421505e-01 3.882922493261841690e-01 3.988624930237239519e-01 1.533165756399476054e-01 4.718165955705967973e-01 3.174477953088836180e-01 7.165288933903586344e-01 7.264648056068611082e-01
4.175888052370193004e-01 1.181065552548529185e+00 1.046736007019814174e+00 1.196433155060953268e+00 7.408900773336142276e-01 2.309049711422195839e-01 6.290871764589915927e-01 7.687927690890029586e-01 8.131520250537245253e-01 2.363087645384580604e-01 4.765540418919423371e-01 9.119375355256437166e-01 7.706195299289753109e-01 1.147358507589732568e+00 5.162596052606208685e-01 9.573424296342155637e-01 6.208883191327907447e-01 5.370702235246419542e-01 9.995870400903068553e-01 0.000000000000000000e+00 7.003784976326105083e-01 4.187707984068500533e-01 5.486356996067647263e-01 5.955326380371567252e-01 2.813590776069199717e-01 2.931434270907368189e-01 7.835220221474462621e-01 7.976779751943449126e-01 9.142909663178513391e-01 1.134935999149039754e+00 4.404688902515973559e-01 7.457687716438746728e-01 5.762394756640798477e-01 1.017308211288292075e+00 6.363529439783108810e-01 7.357209628272799451e-01 9.120429017592033283e-01 1.038578716720929940e+00 3.880610665104741730e-01 6.309194462246769941e-01 8.985346019619731006e-01 1.509972492131609612e-01 6.327172556112564683e-01 8.083870377871484880e-01 5.012479828803757531e-01 4.338320863214694123e-01 3.904673208110201466e-01 4.907428454662124406e-01 1.164830883136426243e+00 8.351982227428669248e-01 6.331999170830779899e-01 1.180637251780972452e+00 6.247190964158070292e-01 1.259816537587669372e-01 3.896614274298744740e-01 1.082909275436624741e+00 4.559499979199508890e-01 7.160896829832359423e-01 4.626135901504828118e-01 2.986383217946727564e-01 5.242316274447882396e-01 5.372659692265947529e-01 3.056150138258873494e-01 8.942703579333403097e-01 6.309408361964694567e-01 1.207605960985012189e-01 3.893898416837051069e-01 6.913620241944943290e-01 6.227765228704333911e-01 8.273500534741606849e-01 9.998951860186707785e-01 7.194759198738375217e-01 7.218132954692123571e-01 4.926916716684518471e-01 4.856277885214643208e-01
3.939799331566695706e-01 7.189967791769653616e-01 7.824191963600747313e-01 5.155773712797292463e-01 7.081587102065906025e-01 9.055343108852164091e-01 2.301679870466641353e-01 2.429420603593440142e-01 8.313364767788524734e-01 5.109449120743739803e-01 3.261789507452333980e-01 4.129639673353560081e-01 4.842822832199573657e-01 5.451479983806852836e-01 2.357972238607106974e-01 2.590009693008542557e-01 6.219896749753922593e-01 3.404768255253536324e-01 4.405924698400001116e-01 7.003784976326105083e-01 0.000000000000000000e+00 3.405455130505459227e-01 5.298707610353416975e-01 2.257042729776740919e-01 4.933426114266632467e-01 4.706994398111098432e-01 3.829601074127075289e-01 2.153536887963740654e-01 6.469614288765905830e-01 5.433893257798045884e-01 3.841647896352699543e-01 3.530860793349641091e-01 1.662032156511944470e-01 5.572237049294824773e-01 6.564604706573194948e-01 3.641461080110947046e-01 2.848412229800719175e-01 4.048802018823124405e-01 3.800614587971934411e-01 3.822044475519790208e-01 4.115739686546703857e-01 5.813226334896256509e-01 1.842705931277624221e-01 1.415289900437352588e-01 5.172516566318811071e-01 3.347624439573578803e-01 3.618143548691137856e-01 3.778877119274761665e-01 5.691381733364699880e-01 1.606485606626437690e-01 1.325692965878420004e-01 5.675016771732591669e-01 5.933658907656647052e-01 7.821553203310095403e-01 3.739086452955932005e-01 4.112611209748305297e-01 4.592592650687076783e-01 7.288972096980488313e-01 2.377649074821276132e-01 4.060754316694323851e-01 2.787407926040754713e-01 2.654608122376332924e-01 4.947442645514258941e-01 2.769341330716662553e-01 1.171357742031450544e-01 6.112054041798493653e-01 4.145187803660786430e-01 1.220172768001532709e-01 2.904752140244015735e-01 3.249444233072469324e-01 3.162018571208273787e-01 2.342316211545956706e-01 1.404867702449456579e-01 3.306510668066118819e-01 3.001738342149451455e-01
