0.000000000000000000e+00 5.936801809847638278e-01 5.811518183155442996e-01 5.210342305055549739e-01 5.089610002335877015e-01 4.200357343704666513e-01 4.087640410261311197e-01 3.536548578088538064e-01 3.089003467797194480e-01 2.998943919763122912e-01 2.438088788592124023e-01 2.143251441422631409e-01 2.545518527480800097e-01 3.562013985045598408e-01 4.308996202040858980e-01 4.070087082261214517e-01 1.865921240984799445e-01 3.509833213498506077e-01 1.838384370050938910e-01 3.933419235721684060e-01 5.502696259673250934e-01 5.154901870222093896e-01 1.516396805267333781e-01 1.616827126304385964e-01 1.427378469352144075e-01 3.196394058926352311e-01 1.566412703293943998e-01 3.220485556859692955e-01 2.167843380574535073e-01 3.940623929078616583e-01 1.912453808272688849e-01 3.182591853377244595e-01 4.020610122555500210e-01 3.777196030667664961e-01 2.692377325797229992e-01 2.414267740730435263e-01 4.586383644361154421e-01 2.457203770051508418e-01 5.267159004105247400e-01 5.014928370056300766e-01 2.391762820937881340e-01 3.694992555262082146e-01 1.022691400791303634e-01 2.556795113978019840e-01 3.185072041540290000e-01 2.669907607550957573e-01 3.069951790118249368e-01 4.366569541498401263e-01 2.392659699090478598e-01 3.305167095750112249e-01 4.876370812022030599e-01 2.686209918224788384e-01 3.240201654098666673e-01 2.324364559557215160e-01 4.560451219904513298e-01 3.485051689694905752e-01 8.700359034653326606e-02 8.802305206095767387e-02 2.798996176752813758e-01 1.655938566317322058e-01 1.027555529619072344e-01 3.605006129998703512e-01 5.620592997596194351e-01 2.389806322104747194e-01 2.318200947689106339e-01 3.769413979885525290e-01 5.233741908800717546e-01 3.905713216111582065e-01 4.918124257684263756e-01 2.759198624044240655e-01 3.221045676053516660e-01 4.702681484047829819e-01 4.527916152389674931e-01 4.636953032275203390e-01 2.602901645265763841e-01
5.936801809847638278e-01 0.000000000000000000e+00 1.013507834996185686e+00 1.004179552523329910e+00 1.076431292993949684e+00 6.930169869627629264e-01 7.654302720389256631e-01 6.759947476921237541e-01 3.716069128141745725e-01 8.559883120969689063e-01 4.940057686527991598e-01 5.886221656565960858e-01 7.580984482239304656e-01 8.134662865237357599e-01 8.331960856834483842e-01 2.028425061147844655e-01 5.150637888551958810e-01 9.135607919997590365e-01 6.315300030073615067e-01 8.048983057036325217e-01 9.172573120869821350e-01 9.657634774882746242e-01 4.756074862729670061e-01 4.465761427273705619e-01 7.296721774098592350e-01 6.329699703175266645e-01 6.214439818134056548e-01 5.606420307870207953e-01 4.651959974644622742e-01 8.913262047965817558e-01 5.011479174572761597e-01 7.378492004538169668e-01 8.669195151207373939e-01 9.477851951415244836e-01 7.676184254075412161e-01 8.088970668334050096e-01 8.155459395477705486e-01 3.825318337352046072e-01 9.289817899626529041e-01 1.047029503931271865e-01 5.609979366233006637e-01 8.619341484172778900e-01 5.442324962418159107e-01 5.086203222937502044e-01 8.718309042411191978e-01 6.417904111832780645e-01 7.530764796561103536e-01 1.001578673430386868e+00 4.333689594963516800e-01 2.683956568867939541e-01 8.983707200248757241e-01 5.452349177462775254e-01 6.806863964226611552e-01 7.237066811229132535e-01 9.269502846392967399e-01 6.364849370096631320e-01 6.212843330048336554e-01 5.168338393934392982e-01 5.972332339224932785e-01 4.865043295921676059e-01 5.460511059255227506e-01 8.625823519335421574e-01 9.594811758077916863e-01 6.869285598434365925e-01 5.099195185845462053e-01 7.439290841082094596e-01 9.670942040857783972e-01 7.447066558263830682e-01 8.631289267760858808e-01 4.378626983451043841e-01 8.926751321387852434e-01 9.626959568227921871e-01 8.899884651232853328e-01 1.033760895302278549e+00 6.478770946123733054e-01
5.811518183155442996e-01 1.013507834996185686e+00 0.000000000000000000e+00 5.762140618139238724e-01 5.208705486124929340e-01 9.723056662637917791e-01 8.985761013421521559e-01 3.696828009615771293e-01 6.556515115924937964e-01 2.895967196781025210e-01 7.625941688100287275e-01 6.839981301454968188e-01 3.265999655674645674e-01 4.291824089367697326e-01 2.033228903464352200e-01 8.324196178702700788e-01 5.122568566336808127e-01 3.842210419523320319e-01 4.633514439357563353e-01 2.501291125795913062e-01 1.594066847883761628e-01 1.561332835694484167e-01 6.917887509102643717e-01 6.163043516242703301e-01 4.418126873059025628e-01 8.217087388994709363e-01 4.313373193783083814e-01 8.737487546318218889e-01 7.293334695188122829e-01 4.603678885228372764e-01 5.677829227872573936e-01 2.985425586702038503e-01 1.839772310868074134e-01 4.132547718574828832e-01 3.862682934042424576e-01 3.731541637414978463e-01 2.203083542680756846e-01 7.196745494541099131e-01 1.054229718644407593e-01 9.213204910170519346e-01 4.662604877833679828e-01 2.654481006242375152e-01 6.008376802646541170e-01 6.673429215968417205e-01 2.838183055691476109e-01 3.926200907626626324e-01 3.565559131061049047e-01 4.604249012123292073e-01 5.844174838047755394e-01 7.480811482841300819e-01 1.305733161520786501e-01 7.531106265086665585e-01 8.153031073107488425e-01 4.280418715993086765e-01 5.237626014812321040e-01 9.007751008628157585e-01 5.289549060596739904e-01 6.194545355097109685e-01 4.296004103947846930e-01 7.052020939178827996e-01 5.259876875673580310e-01 4.101462840073549221e-01 8.812483851252631006e-02 3.489979574972281173e-01 7.873106485137176813e-01 2.695787508879758931e-01 8.145594336361122734e-02 2.916677246372460508e-01 1.523339834519944758e-01 6.808202449097443543e-01 3.364769518030267803e-01 5.339860649851900787e-01 1.393022024579093354e-01 4.807250789272333180e-01 4.088301463727430640e-01
5.210342305055549739e-01 1.004179552523329910e+00 5.762140618139238724e-01 0.000000000000000000e+00 6.207106568522114953e-01 9.091666580483894755e-01 8.258584569797314812e-01 4.152249273170905419e-01 6.325726397091554487e-01 3.259185045996605412e-01 7.539201927084057120e-01 6.112804857830762550e-01 5.301874008218846468e-01 2.218904610101138930e-01 5.491423218318793875e-01 8.258892198570318977e-01 5.486416609770361497e-01 5.107436353194382272e-01 3.862493501800103313e-01 3.577556198521329445e-01 5.325203200704681228e-01 5.189971009180415207e-01 6.128485189898739138e-01 6.779221295151501847e-01 3.870683603222459523e-01 7.489910945370503725e-01 5.336829464487556907e-01 7.993194833305075075e-01 6.503932375984218250e-01 1.319046598105453882e-01 5.143803198207882454e-01 5.521624289021630494e-01 4.348619423565375786e-01 4.876408515138280775e-01 2.554975440316856194e-01 4.205341270782308460e-01 4.573469729902965297e-01 6.930483105446362257e-01 5.761698146247523633e-01 9.119922085441963810e-01 4.456994190334033767e-01 3.107659611896864127e-01 5.118320445790401907e-01 6.135915359252930301e-01 4.243879890150328293e-01 4.869030021764211846e-01 3.164775466809854332e-01 5.731421082518320942e-01 5.850483869824251171e-01 7.357838956365361227e-01 4.671336065250106806e-01 6.867931776893784201e-01 7.425854629483281677e-01 3.270594650402149917e-01 9.670079543785824183e-02 8.464331185022793136e-01 4.409109850119497520e-01 6.090572825665127032e-01 4.505984464953924351e-01 6.819505573712679736e-01 5.979660144926389753e-01 1.689306379932448421e-01 5.492578504643220727e-01 5.299436434476375579e-01 7.083704165933274455e-01 5.057803317199349724e-01 5.255509642869654607e-01 4.210309789954898574e-01 5.384354544769311968e-01 6.287798369804835641e-01 4.132471168434845854e-01 8.151659384662682251e-02 5.058582585144314470e-01 5.704919460669319875e-01 3.563024579109565493e-01
5.089610002335877015e-01 1.076431292993949684e+00 5.208705486124929340e-01 6.207106568522114953e-01 0.000000000000000000e+00 9.225804072348808837e-01 9.055684323860450080e-01 5.596164624014839939e-01 7.567315943704350234e-01 3.048002180477559775e-01 7.463535517236267181e-01 7.058249166492291948e-01 3.673277282565928226e-01 4.961031687755800834e-01 4.383583555137272603e-01 8.897598202353071972e-01 6.111028075811908433e-01 1.911926585517468580e-01 5.190583138432383059e-01 4.533197745522410949e-01 5.205168334755694293e-01 4.584131757172798527e-01 6.552712492011094625e-01 6.391324665724051890e-01 3.773779615785864960e-01 8.164437972525488973e-01 4.684342832061868522e-01 8.272919439329066149e-01 7.135887294173672846e-01 4.937388192545184018e-01 6.359519224171392704e-01 4.253828927011394367e-01 3.368933175256854096e-01 1.330698053383835844e-01 3.820572063610171432e-01 2.675342261605442862e-01 4.707887979708027526e-01 7.368326527266390036e-01 4.861601686203218531e-01 9.842439490148160441e-01 5.900909541177968842e-01 3.876236341802863361e-01 5.887310236087306414e-01 7.197448078134980332e-01 2.557544447154019851e-01 5.048898595070663298e-01 4.953311579991395153e-01 1.033272156320635682e-01 6.886006091917883376e-01 8.132678215841970815e-01 4.400691971644695721e-01 7.654253831823926157e-01 8.208245567697807221e-01 4.421799753711464498e-01 5.564786807763082432e-01 8.510498418339050852e-01 4.962585248825625572e-01 5.814012011717168971e-01 5.884150757027157841e-01 6.671487595798888393e-01 5.395118709459254536e-01 4.577997271137917434e-01 5.098885813430895642e-01 4.358037770313148429e-01 7.370634830158477868e-01 4.581795328442323512e-01 4.630929211770203890e-01 5.145354071039401900e-01 5.118170107634981703e-01 7.415901068870288659e-01 2.099899395587172257e-01 5.703740017734271195e-01 4.087101250564919019e-01 7.675245983247765136e-02 5.006939929953502233e-01
4.200357343704666513e-01 6.930169869627629264e-01 9.723056662637917791e-01 9.091666580483894755e-01 9.225804072348808837e-01 0.000000000000000000e+00 6.417292701417187661e-01 7.038663266534899154e-01 4.117845736226004028e-01 7.056778510450878450e-01 2.165960740200339185e-01 4.472903732578507041e-01 6.457057006963271562e-01 7.246759796067654413e-01 8.131059487259113538e-01 4.995308235105394012e-01 5.169540060615190891e-01 7.646027283511437345e-01 5.291398954263493160e-01 7.379777773891887938e-01 9.196500480315926707e-01 9.102045534450829978e-01 2.963181390585157837e-01 3.610761795203200619e-01 5.597604779844036482e-01 5.220042995815906695e-01 5.416632822830940164e-01 1.323749561757420479e-01 3.935834934412295039e-01 7.821948204506963265e-01 4.829746955937892494e-01 7.004655138595499153e-01 7.966186987187526825e-01 7.933416740092619213e-01 6.573701601225576674e-01 6.550461810743366531e-01 8.154501994914093999e-01 3.104851532275582637e-01 9.109465094407277475e-01 5.965924066172451079e-01 5.629856556907806286e-01 7.673297270811376691e-01 4.009018802855169872e-01 4.911295542881100595e-01 7.321266111553220712e-01 6.213387285821323491e-01 6.642861727391400350e-01 8.502763611511332531e-01 4.671536348446020392e-01 4.262804852360286278e-01 8.685361928195020065e-01 4.671318147931048381e-01 5.569853945254542582e-01 6.102159144472509844e-01 8.381599777223264214e-01 8.789744330204893319e-02 4.779537170485348430e-01 3.583871227171476215e-01 6.191924934172170492e-01 2.803004287493716107e-01 4.604718448626249350e-01 7.486330405427050749e-01 9.517743421862698838e-01 6.240026441641741695e-01 2.007962414550624464e-01 7.487081393442042154e-01 9.145280388283189010e-01 7.345569012990567082e-01 8.635791671240778955e-01 4.224818406200961385e-01 7.382316110065226811e-01 8.584005759476174280e-01 8.400193287871232650e-01 8.793173741700157642e-01 5.942719884292209098e-01
4.087640410261311197e-01 7.654302720389256631e-01 8.985761013421521559e-01 8.258584569797314812e-01 9.055684323860450080e-01 6.417292701417187661e-01 0.000000000000000000e+00 5.990543168881218294e-01 4.209781038558605415e-01 6.555852437018895307e-01 4.859515858237549724e-01 2.145779711966555037e-01 6.600994884804050056e-01 6.351451909801375528e-01 7.906422393688947725e-01 5.758183378876132741e-01 5.268083576289366299e-01 7.550030457509248061e-01 4.396091067997212609e-01 6.484469887625610163e-01 8.301192594049648932e-01 8.438636622193358416e-01 3.454111310832029269e-01 4.884456129254828860e-01 5.302994201021840048e-01 1.536821028623553131e-01 5.654053113555256305e-01 5.213754243234804964e-01 3.031735893130447779e-01 6.992800425301854972e-01 3.564642123791880723e-01 7.138871726756002012e-01 7.702502145674197109e-01 7.741159968278316095e-01 5.744553822020467271e-01 6.419990297226724207e-01 7.259194108647817334e-01 4.070510009772981275e-01 8.848286207581952389e-01 6.732429280597921339e-01 4.579866473830777607e-01 6.846462451567085772e-01 3.323285928622574104e-01 2.856060139388518215e-01 7.240548398863538848e-01 6.265666200886248483e-01 5.747553841125122576e-01 8.372292097994690208e-01 4.552986588619827857e-01 4.970346151521318201e-01 7.790054041928743400e-01 2.379396554606444392e-01 8.942174671833587329e-02 5.206851258206230959e-01 7.486291890956985329e-01 5.789957305956086042e-01 4.111599995672446384e-01 4.287981136912482616e-01 5.425922422700517611e-01 4.228171242722932877e-01 4.952346949278313981e-01 6.657182626221941346e-01 8.622435535596421063e-01 6.477446732366057836e-01 4.409330286866563475e-01 6.994043385216305309e-01 8.479130038151937443e-01 6.450261126724289307e-01 8.126851807290712548e-01 3.446316526889721121e-01 7.087623522101742513e-01 7.754857980271065987e-01 8.451188907449131982e-01 8.600916969885853414e-01 5.047411998025930213e-01
3.536548578088538064e-01 6.759947476921237541e-01 3.696828009615771293e-01 4.152249273170905419e-01 5.596164624014839939e-01 7.038663266534899154e-01 5.990543168881218294e-01 0.000000000000000000e+00 3.127443886682648722e-01 2.945249580810728185e-01 4.890949939281522552e-01 3.898955732781703154e-01 2.105615661260982208e-01 2.140879169950890282e-01 2.027625187185826128e-01 4.961089610433977448e-01 1.887506787697321442e-01 3.860888273711397534e-01 1.798342400189149037e-01 1.621909546161899862e-01 2.632318129539610863e-01 3.198520596633223634e-01 4.075481875949742427e-01 3.428051767423938023e-01 2.547858304960924913e-01 5.113729364075672024e-01 2.053636189328365558e-01 5.832928939527767254e-01 4.271993984440988212e-01 3.023715795903424985e-01 2.425901045089336738e-01 1.448399285504615719e-01 2.686371427730326333e-01 4.265466570631005760e-01 1.786638002013018756e-01 3.133243012494094093e-01 1.516142822057715001e-01 4.124348497258957802e-01 2.919506429357416888e-01 5.838074037129901139e-01 1.410676695050442353e-01 2.237236732536515837e-01 3.165971169493638215e-01 3.421501033185180285e-01 3.062056291322269308e-01 9.729984216454259927e-02 1.379535675343273038e-01 4.791802308063515259e-01 2.455657842076084951e-01 4.082171790749286600e-01 2.394133490090823990e-01 4.279178082303429775e-01 5.158086978105732578e-01 1.467664700171113779e-01 3.322140255157359778e-01 6.364313510968361287e-01 2.738406130293037366e-01 3.625326193697464006e-01 8.651219141403433677e-02 4.344724956749332345e-01 2.536312413529845378e-01 2.736277267273028446e-01 3.080381002559929304e-01 1.424400898799099147e-01 5.030700851984275523e-01 1.065263606991767448e-01 3.212538629269287571e-01 8.112268386762763739e-02 2.195499918558992958e-01 3.556274266314207178e-01 3.577492199111432236e-01 3.737413316165529298e-01 2.670663649304301779e-01 5.111069584927709908e-01 1.125990483297437394e-01
3.089003467797194480e-01 3.716069128141745725e-01 6.556515115924937964e-01 6.325726397091554487e-01 7.567315943704350234e-01 4.117845736226004028e-01 4.209781038558605415e-01 3.127443886682648722e-01 0.000000000000000000e+00 4.996979876483276239e-01 2.208383124731796987e-01 2.503601710273323233e-01 4.525546317434127608e-01 4.418593737095614649e-01 4.895018512080767104e-01 1.943093763052499423e-01 1.917215908762247289e-01 6.109366180528545964e-01 2.599230901931869897e-01 4.332913928894581157e-01 5.673398182346542917e-01 6.010735388653504208e-01 1.842063181995729770e-01 1.588522022921269317e-01 3.973271469682319035e-01 2.839984752231521914e-01 3.159001653328880055e-01 2.833911426022815427e-01 1.328075182975061996e-01 5.197192919824075164e-01 1.295410046431015871e-01 4.104602681806747699e-01 5.475314288171952981e-01 6.238581019652131854e-01 3.960115125933668101e-01 4.979326020246023776e-01 4.539930412045612429e-01 1.108866124594230645e-01 5.852875554872810637e-01 2.794195688350408213e-01 1.893910238091260634e-01 4.903272356031035395e-01 2.173927675072687693e-01 1.435708697419986746e-01 5.528656830378773090e-01 3.184482132043069957e-01 3.814695668419359476e-01 6.931627821013989221e-01 9.397731467328376831e-02 1.032112559273806185e-01 5.267638072107011515e-01 1.958304430823818443e-01 3.394243976571794663e-01 3.520997683087387919e-01 5.553433718251223894e-01 3.538092116267463894e-01 2.753792773671198124e-01 2.436885733312408875e-01 2.391653377751264964e-01 2.178861304274102295e-01 2.430660529191465691e-01 4.909754391193678069e-01 6.100019565774691399e-01 3.801817715536098263e-01 2.270279500843239706e-01 4.002348496328380079e-01 6.049884140655351628e-01 3.730997430122084402e-01 5.164317647179167414e-01 8.315828364180818943e-02 5.564742471454052763e-01 5.910890440086180586e-01 5.538056974199242477e-01 7.084184033948836001e-01 2.762701817981988439e-01
2.998943919763122912e-01 8.559883120969689063e-01 2.895967196781025210e-01 3.259185045996605412e-01 3.048002180477559775e-01 7.056778510450878450e-01 6.555852437018895307e-01 2.945249580810728185e-01 4.996979876483276239e-01 0.000000000000000000e+00 5.386265183772619425e-01 4.537053739635564797e-01 2.115286083521000782e-01 2.023755562175452993e-01 2.364185252893060141e-01 6.653066855472319352e-01 4.279416917410183152e-01 1.848251307197777138e-01 2.616611412100265932e-01 1.667408257534121474e-01 2.674845493754126058e-01 2.222871654064710600e-01 4.141155528974802547e-01 4.559474431808538952e-01 1.584930107681906397e-01 5.664606085683936421e-01 2.867720871665299098e-01 5.958306763272058770e-01 4.636055407332120293e-01 1.989466670019672256e-01 3.789183156950317599e-01 2.262439243025025915e-01 1.182612912038580044e-01 1.784516222014122799e-01 1.169657020406057735e-01 1.147640954981527794e-01 2.028453160119983723e-01 4.965393486369166776e-01 2.686770757795523545e-01 7.638009681178353771e-01 3.249994497973857088e-01 1.010446853814573331e-01 3.374481046947311880e-01 4.627112010913905227e-01 9.846948441537235752e-02 3.153762507756654454e-01 1.978379714202495310e-01 2.524135076284597656e-01 4.643484177464074492e-01 5.875926552101751188e-01 1.905100640750135577e-01 5.154421944982372494e-01 5.708413680856250227e-01 1.826523803738926699e-01 2.751322567169081079e-01 6.427514525796501621e-01 2.447886900225516860e-01 3.879174440372700206e-01 3.298984772593747117e-01 4.622868354769521515e-01 3.578496749062686222e-01 1.630075748612405673e-01 2.681806268316058728e-01 2.591922974588501960e-01 5.048816095900257039e-01 2.583367272505168177e-01 2.377666599576431783e-01 2.279564583051112425e-01 2.799192914245896557e-01 4.845565001649215220e-01 9.807256865024183146e-02 2.772827258446802778e-01 1.968337619347708678e-01 2.501641205098284471e-01 2.356024886749388814e-01
2.438088788592124023e-01 4.940057686527991598e-01 7.625941688100287275e-01 7.539201927084057120e-01 7.463535517236267181e-01 2.165960740200339185e-01 4.859515858237549724e-01 4.890949939281522552e-01 2.208383124731796987e-01 5.386265183772619425e-01 0.000000000000000000e+00 2.970613311406328783e-01 4.606076222518259988e-01 5.694295142667816778e-01 5.983195863913497448e-01 3.005196052005758567e-01 3.021676437269575910e-01 5.862837524871058470e-01 3.738934300863654969e-01 5.827313120492050302e-01 7.072500049884152817e-01 7.045146221427073252e-01 1.510604885018262955e-01 1.462898171857585639e-01 3.850657159115509764e-01 3.584157355703480041e-01 3.469737774074040937e-01 1.393695731560768980e-01 2.141555158715116591e-01 6.269483551107125630e-01 3.201740509067079188e-01 4.856791515249882507e-01 6.030692041754381894e-01 6.171148184980077556e-01 5.021236947825740149e-01 4.788193255630826539e-01 6.141808479912377328e-01 1.122792535955671051e-01 6.961601471061662494e-01 3.975811883072813968e-01 3.928697291233085864e-01 6.082313819271577549e-01 2.456554149455332792e-01 3.117015767183921593e-01 5.470396844815212933e-01 4.065523662475706845e-01 5.090397073991563826e-01 6.740495056398790874e-01 2.555669247744644101e-01 2.336249535950285505e-01 7.019799147945486872e-01 3.003501921350050230e-01 4.012077102074904644e-01 4.549694491072672209e-01 6.829135123823425468e-01 1.507809117968619550e-01 3.201729263236093859e-01 1.677530523095793202e-01 4.044061310826553846e-01 8.389020619332911155e-02 2.475504531231796090e-01 5.933865752027213114e-01 7.485710608001491240e-01 4.135962113128008877e-01 8.192268881617104093e-02 5.339217770096426063e-01 7.067186348982432698e-01 5.631175333229009317e-01 6.487928047895163974e-01 2.430538630503782938e-01 5.620047554952685154e-01 7.031541106076336645e-01 6.296128959357500943e-01 7.030905186587615985e-01 4.390255230892372573e-01
2.143251441422631409e-01 5.886221656565960858e-01 6.839981301454968188e-01 6.112804857830762550e-01 7.058249166492291948e-01 4.472903732578507041e-01 2.145779711966555037e-01 3.898955732781703154e-01 2.503601710273323233e-01 4.537053739635564797e-01 2.970613311406328783e-01 0.000000000000000000e+00 4.616116833312711165e-01 4.205672197834822157e-01 5.814834957589429809e-01 3.979405391068588926e-01 3.176496140189851158e-01 5.560058294115366451e-01 2.250311356030658405e-01 4.338690175659055126e-01 6.155412882083096671e-01 6.292856910226805045e-01 1.509722341993349481e-01 2.940067160416148240e-01 3.313022037627958438e-01 1.377106087539742285e-01 3.709664144716575684e-01 3.374431985399685696e-01 1.371681602229153918e-01 4.847020713335298825e-01 1.486306477380593127e-01 5.047284290656486316e-01 5.699356634435872593e-01 5.743724810910156853e-01 3.598774110053912234e-01 4.430018133832844263e-01 5.113414396681261742e-01 2.291732021965437183e-01 6.756698771482437804e-01 4.964348216774623346e-01 2.488279037731261079e-01 4.700682739600531290e-01 1.177506216656020316e-01 1.164887886322305832e-01 5.255670347372201068e-01 4.174078764786733897e-01 3.601774129158567539e-01 6.382319934600809708e-01 2.474650942208539428e-01 3.202265087698021317e-01 5.644274329962187808e-01 9.476854059893505267e-02 1.313049771652521069e-01 3.061071546239676477e-01 5.340512178990431957e-01 3.845568337117407642e-01 2.097533077126779721e-01 2.343592168073801441e-01 3.334334986601003026e-01 2.283782273884251701e-01 3.007957980439633916e-01 4.511402914255385754e-01 6.476655823629867692e-01 4.533057763527378325e-01 2.464941318027883133e-01 4.902455949116790168e-01 6.333350326185381851e-01 4.304481414757733715e-01 6.035264371191193522e-01 1.797644585286633512e-01 5.090188364733584381e-01 5.609078268304511505e-01 6.305409195482576390e-01 6.603481812517695282e-01 2.901632286059375732e-01
2.545518527480800097e-01 7.580984482239304656e-01 3.265999655674645674e-01 5.301874008218846468e-01 3.673277282565928226e-01 6.457057006963271562e-01 6.600994884804050056e-01 2.105615661260982208e-01 4.525546317434127608e-01 2.115286083521000782e-01 4.606076222518259988e-01 4.616116833312711165e-01 0.000000000000000000e+00 3.730125377997658420e-01 2.022051073235503482e-01 5.719536068271330320e-01 2.644526442499253727e-01 1.824591693298427131e-01 3.203925517445820881e-01 2.934428122564837760e-01 3.382171387419037889e-01 2.644988527487559526e-01 4.009886070312311257e-01 3.384762825075361414e-01 1.440164389380407806e-01 5.709748533469091170e-01 1.366544664105247830e-01 5.509678516250792191e-01 4.681197855117274487e-01 4.032155632241914422e-01 4.156633246020830508e-01 1.203949278432649983e-01 1.509129980224255541e-01 2.694417952183110199e-01 2.792883013344547583e-01 1.330844729534640114e-01 2.736252352757976847e-01 4.363887646878425453e-01 2.756898060547172680e-01 6.659111042447969364e-01 3.194148798286664537e-01 2.387478390083324076e-01 3.443446708896694131e-01 4.917737283797772863e-01 1.212958854850315765e-01 1.520471710640536323e-01 3.420536551761979571e-01 2.783379724424731583e-01 3.585773170701290757e-01 4.935464082021671084e-01 2.577695024308039318e-01 5.199564392767527243e-01 5.753556128641404976e-01 2.520357994170219218e-01 4.659554247459812282e-01 5.741751352953513576e-01 2.616864310003447214e-01 2.928545699422466786e-01 2.360215488826265529e-01 3.786021283504185653e-01 2.324712412533487260e-01 3.672764710834648394e-01 3.275888866094238683e-01 8.404753247336901878e-02 4.607393907080205575e-01 2.029929108529877069e-01 2.688223381319918559e-01 2.774739730288385831e-01 2.792191829380576418e-01 5.181768030711275674e-01 2.005107724667178903e-01 4.798507457431004930e-01 1.982397624908874556e-01 3.305855163723927514e-01 3.054069733639962481e-01
3.562013985045598408e-01 8.134662865237357599e-01 4.291824089367697326e-01 2.218904610101138930e-01 4.961031687755800834e-01 7.246759796067654413e-01 6.351451909801375528e-01 2.140879169950890282e-01 4.418593737095614649e-01 2.023755562175452993e-01 5.694295142667816778e-01 4.205672197834822157e-01 3.730125377997658420e-01 0.000000000000000000e+00 3.876572898000932854e-01 6.351759538574377473e-01 3.579283949774420548e-01 3.872006869373230686e-01 1.955360841804163752e-01 1.790532963571785929e-01 3.705935960019605124e-01 3.744699698139535848e-01 4.283578405482498241e-01 5.090582159837631071e-01 2.289960988617249227e-01 5.582778285374564442e-01 3.756106849882349108e-01 6.148288048888834734e-01 4.659025591567976798e-01 1.322689527913050445e-01 3.236670538211941506e-01 3.589278455455505723e-01 2.930331393338485579e-01 3.630333634371965545e-01 1.140459624145629541e-01 2.959266390015993231e-01 2.763570853476890465e-01 5.085576321030121916e-01 4.343410116020633427e-01 7.212789425446022307e-01 2.549861530338093929e-01 1.689371581669973088e-01 3.374067699026393474e-01 4.228782699256989352e-01 3.001689521825910978e-01 2.961897361768272008e-01 9.687063789285359217e-02 4.485346201752006823e-01 3.943351209828311332e-01 5.450706296369419723e-01 3.101054448293673049e-01 4.960799116897844918e-01 5.518721969487343504e-01 1.463283827833608275e-01 1.251896655722556650e-01 6.619424400606552794e-01 2.760781530109544524e-01 4.442244505655174036e-01 2.598851804957984513e-01 4.974598789296437729e-01 4.343757650015002691e-01 9.430263163031267493e-02 3.933435941961350713e-01 3.559141598938714290e-01 5.238797381517030782e-01 3.044203698714477158e-01 3.785193114098113765e-01 2.100218157322691626e-01 3.714292730391131059e-01 4.380665709808895802e-01 2.896530272399115424e-01 1.933745231533298414e-01 3.640294554917425929e-01 4.468978564633588890e-01 1.655891919113625932e-01
4.308996202040858980e-01 8.331960856834483842e-01 2.033228903464352200e-01 5.491423218318793875e-01 4.383583555137272603e-01 8.131059487259113538e-01 7.906422393688947725e-01 2.027625187185826128e-01 4.895018512080767104e-01 2.364185252893060141e-01 5.983195863913497448e-01 5.814834957589429809e-01 2.022051073235503482e-01 3.876572898000932854e-01 0.000000000000000000e+00 6.521078685575329992e-01 3.298204791446257000e-01 2.907252208512310365e-01 3.818108542239290193e-01 2.223308927518762856e-01 1.593423380377855803e-01 1.778386493672427793e-01 5.712045384926892622e-01 4.520297692055911254e-01 3.460217742149435116e-01 6.989818358662982511e-01 2.742583498746914428e-01 7.094741722131430173e-01 6.039568609839105484e-01 4.290822510238254672e-01 4.341780269897064226e-01 1.252239015356809981e-01 1.200687158458138282e-01 3.307425787587171540e-01 3.533842273299118153e-01 2.906419706427322280e-01 1.187045524750449665e-01 5.553999670354309304e-01 1.075910719451934061e-01 7.410087417043148550e-01 3.326555919858169563e-01 2.383763606421930581e-01 5.083720379724714356e-01 5.292119763747107353e-01 1.935584392552361921e-01 2.038527313212192826e-01 2.995895951314831440e-01 3.701650348984177885e-01 4.041057344920384042e-01 5.677693989713928913e-01 1.726010472821818409e-01 6.149796812865357953e-01 7.073966202913460899e-01 3.487430842221254657e-01 4.966908614991878967e-01 7.443910667568095496e-01 4.636917662772473414e-01 4.630705014037049816e-01 2.503365134329502695e-01 5.436970881381305576e-01 3.628558338161819719e-01 3.830745440253104928e-01 1.747435647736615139e-01 2.031464910895517673e-01 6.309553221694790270e-01 9.819862244958837971e-02 1.671838235007898910e-01 1.843024744456490116e-01 8.176393397736279878e-02 5.362976230768901065e-01 2.539647587042610510e-01 5.069143250031455938e-01 7.946406430629830708e-02 3.982128858284675887e-01 3.142006880884412046e-01
4.070087082261214517e-01 2.028425061147844655e-01 8.324196178702700788e-01 8.258892198570318977e-01 8.897598202353071972e-01 4.995308235105394012e-01 5.758183378876132741e-01 4.961089610433977448e-01 1.943093763052499423e-01 6.653066855472319352e-01 3.005196052005758567e-01 3.979405391068588926e-01 5.719536068271330320e-01 6.351759538574377473e-01 6.521078685575329992e-01 0.000000000000000000e+00 3.336891796372905006e-01 7.268893192411166604e-01 4.520298948256168958e-01 6.266079730373343981e-01 7.361690949610667500e-01 7.796186360914770797e-01 2.821034051718024349e-01 2.599046699687281858e-01 5.389905508601222639e-01 4.475126314883939860e-01 4.352991404166082212e-01 3.671558673347974366e-01 2.780940896756893821e-01 7.130358721302837433e-01 3.216478092755315488e-01 5.517435916194683987e-01 6.807746737239398493e-01 7.611137223828821075e-01 5.893280927412430925e-01 6.222255940747627445e-01 6.344577224218551637e-01 1.890456702829812763e-01 7.478935728367375191e-01 1.041780423155472396e-01 3.827076039570023180e-01 6.836438157509798774e-01 3.535508696920787175e-01 3.261339590331913119e-01 6.856860628443216532e-01 4.575363952534111656e-01 5.747861469898122300e-01 8.149072006717444916e-01 2.522807423704362395e-01 9.152764372021673922e-02 7.200803873585777115e-01 3.597775789171447358e-01 4.910744622713487662e-01 5.442065729411685870e-01 7.486599519729985053e-01 4.429987735574396623e-01 4.306027064550965733e-01 3.301623666347969221e-01 4.161450167965778935e-01 2.960451882509683719e-01 3.599062645287252060e-01 6.842920192672441448e-01 7.783929586818763013e-01 5.007837184466391589e-01 3.164154374833815231e-01 5.628408669822941857e-01 7.809493626889808526e-01 5.656158510120108396e-01 6.820407096501704958e-01 2.553763350845454916e-01 7.060036593801428673e-01 7.844056241564941745e-01 7.038436237264877882e-01 8.470894225436359504e-01 4.695867619460751263e-01
1.865921240984799445e-01 5.150637888551958810e-01 5.122568566336808127e-01 5.486416609770361497e-01 6.111028075811908433e-01 5.169540060615190891e-01 5.268083576289366299e-01 1.887506787697321442e-01 1.917215908762247289e-01 4.279416917410183152e-01 3.021676437269575910e-01 3.176496140189851158e-01 2.644526442499253727e-01 3.579283949774420548e-01 3.298204791446257000e-01 3.336891796372905006e-01 0.000000000000000000e+00 4.374236374064603972e-01 2.209810492478759547e-01 3.403465887283755875e-01 4.169452660272043865e-01 4.550505961243910269e-01 3.028872257429970904e-01 1.558778265411990827e-01 2.845151955818581713e-01 4.265847822612247042e-01 1.426685243750039911e-01 4.105674808438626866e-01 3.240166190897991738e-01 4.357883132502880508e-01 1.703441452497484465e-01 2.238310373286706012e-01 3.562066337568539631e-01 4.827949882034138773e-01 3.120805338612474000e-01 3.435685814206466682e-01 3.157635501683548895e-01 2.326785187260487497e-01 4.256061834238300534e-01 4.228764448760621297e-01 1.113113532094369695e-01 3.973824314420209558e-01 2.445381562325135427e-01 2.568149227696372994e-01 3.615408879775360296e-01 1.267266223280822668e-01 2.975385881098165375e-01 5.330713089301785113e-01 9.821055832362943216e-02 2.496371021431403325e-01 4.035626169716658440e-01 3.425826276814621929e-01 4.435627385513881138e-01 2.801832036770569023e-01 4.714123930930030348e-01 4.495040008956415756e-01 2.735957144450132383e-01 1.915447193979976093e-01 1.022384873556977936e-01 2.525691670947177170e-01 8.383657113657271009e-02 4.070444603872483413e-01 4.591691297480138267e-01 1.888569764932684081e-01 3.571769611719355364e-01 2.436170380484318776e-01 4.563813227218949109e-01 2.666921300132896744e-01 3.628168807163082432e-01 2.620164513429192876e-01 4.280562198123291084e-01 5.071580652764985375e-01 3.792755837594018464e-01 5.687706883641676647e-01 1.999526698310837014e-01
3.509833213498506077e-01 9.135607919997590365e-01 3.842210419523320319e-01 5.107436353194382272e-01 1.911926585517468580e-01 7.646027283511437345e-01 7.550030457509248061e-01 3.860888273711397534e-01 6.109366180528545964e-01 1.848251307197777138e-01 5.862837524871058470e-01 5.560058294115366451e-01 1.824591693298427131e-01 3.872006869373230686e-01 2.907252208512310365e-01 7.268893192411166604e-01 4.374236374064603972e-01 0.000000000000000000e+00 3.777273805406473062e-01 3.207178458389554621e-01 3.838673268154086382e-01 3.217636690571189506e-01 5.025590578148340093e-01 4.762619655782149297e-01 2.250621842130308969e-01 6.658784106174289175e-01 3.027362723206096784e-01 6.693142650491693546e-01 5.630233427822471937e-01 3.837717977217449672e-01 4.901569460995587879e-01 2.562059473350273842e-01 2.002438108655246463e-01 1.175078656679459377e-01 2.764227586365367584e-01 1.130040160282523021e-01 3.341392913106417950e-01 5.739621517324486888e-01 3.495106619601608955e-01 8.213734480206255073e-01 4.706633984991691610e-01 2.550217054670006478e-01 4.389119363710381472e-01 5.739498314959176062e-01 1.004027363831845043e-01 3.275744323090951093e-01 3.761088025743438146e-01 9.660188369135924713e-02 5.239792071246514027e-01 6.503973205900065446e-01 3.034196905043088366e-01 6.148599965472723028e-01 6.702591701346602981e-01 3.036106852785521726e-01 4.508442330518277474e-01 6.930721629501679359e-01 3.464882566368807093e-01 4.185307001775265823e-01 4.115488101276681410e-01 5.042782585856984134e-01 3.748904688787884076e-01 3.478327055810184198e-01 3.732390746829287176e-01 2.528757794429961625e-01 5.790858041321107486e-01 3.024031985227497166e-01 3.264434145168592649e-01 3.819334783906545572e-01 3.677392964657383301e-01 5.957951305694484390e-01 1.136026819876330002e-01 4.621078565644580194e-01 2.720606183963310554e-01 1.600775708926070184e-01 3.812664373767223891e-01
1.838384370050938910e-01 6.315300030073615067e-01 4.633514439357563353e-01 3.862493501800103313e-01 5.190583138432383059e-01 5.291398954263493160e-01 4.396091067997212609e-01 1.798342400189149037e-01 2.599230901931869897e-01 2.616611412100265932e-01 3.738934300863654969e-01 2.250311356030658405e-01 3.203925517445820881e-01 1.955360841804163752e-01 3.818108542239290193e-01 4.520298948256168958e-01 2.209810492478759547e-01 3.777273805406473062e-01 0.000000000000000000e+00 2.132223313561651401e-01 3.948946019985691835e-01 4.086390048129401875e-01 2.328217563678334212e-01 3.394105896105107378e-01 1.781241109521304877e-01 3.627417443570400968e-01 2.609115496143452617e-01 4.192927207084670704e-01 2.703664749763812769e-01 2.733960024532623989e-01 1.341201941068881631e-01 3.151100501171092416e-01 3.557521455902233898e-01 3.861848214380163014e-01 1.496882230642217204e-01 2.647233645123950319e-01 2.906947534583859127e-01 3.130215479225957886e-01 4.659264664724594995e-01 5.393426590282278665e-01 1.096696960384389574e-01 2.609346405046877315e-01 1.418706857222230555e-01 2.273421857452826156e-01 3.434753735305368094e-01 2.277894975301340275e-01 1.351462773127908856e-01 4.591584095377412300e-01 2.400702508843115257e-01 3.631343461205676082e-01 3.437807467864785194e-01 3.005438275093680889e-01 3.563361127683180030e-01 1.140629218704377890e-01 3.090200822959772720e-01 4.664063558802393206e-01 9.793959120657905193e-02 2.657509290410298153e-01 1.447937245923144045e-01 3.019237947492274809e-01 2.865939899670010838e-01 2.446521495902226895e-01 4.270188961532462857e-01 3.102589945543957062e-01 3.283436539712867308e-01 2.852618893751401874e-01 4.126883464087980347e-01 2.098014552660329990e-01 3.868962427798511294e-01 2.447816027097808600e-01 3.188009666182085033e-01 3.447657544794727746e-01 4.098942333385175996e-01 4.707451228676867161e-01 7.645172752148249318e-02
3.933419235721684060e-01 8.048983057036325217e-01 2.501291125795913062e-01 3.577556198521329445e-01 4.533197745522410949e-01 7.379777773891887938e-01 6.484469887625610163e-01 1.621909546161899862e-01 4.332913928894581157e-01 1.667408257534121474e-01 5.827313120492050302e-01 4.338690175659055126e-01 2.934428122564837760e-01 1.790532963571785929e-01 2.223308927518762856e-01 6.266079730373343981e-01 3.403465887283755875e-01 3.207178458389554621e-01 2.132223313561651401e-01 0.000000000000000000e+00 1.962861115498548970e-01 1.954166734567751584e-01 4.416596383306731211e-01 4.925636261299490837e-01 2.853215446861949167e-01 5.715796263198797966e-01 3.575783964813393223e-01 6.281306026713068258e-01 4.792043569392210323e-01 2.720843599766192833e-01 3.258169359650597285e-01 2.329168124393808104e-01 1.425298142340582774e-01 3.312133699445631851e-01 2.006409534842867326e-01 2.815049212515648991e-01 1.103895727332034477e-01 5.218594298854355440e-01 2.603906530794187768e-01 7.127109617244989925e-01 2.439003690803320523e-01 1.068688674475174877e-01 3.507085676850626998e-01 4.253769347746441110e-01 2.203151094557709300e-01 2.588596112384854986e-01 1.064268005265136541e-01 3.969217050989525819e-01 3.857671401627278396e-01 5.365026488168387342e-01 1.310521484721887120e-01 5.093817094722078442e-01 5.651739947311577028e-01 1.779127590197175091e-01 2.906698150716470197e-01 6.752442378430786318e-01 3.063383332256351399e-01 4.764800617917991366e-01 2.423033742467320117e-01 5.107616767120670698e-01 4.151910104269274648e-01 1.888249818588881856e-01 2.142902978389565338e-01 2.946548674284126812e-01 5.371815359341265417e-01 1.503123658242062066e-01 1.994660150526328390e-01 8.858785230118562670e-02 1.982435487126609219e-01 4.402164531247552137e-01 2.544355498901070267e-01 3.315252013573146694e-01 1.966719019823523484e-01 3.986836770143136199e-01 1.587010337931518966e-01
5.502696259673250934e-01 9.172573120869821350e-01 1.594066847883761628e-01 5.325203200704681228e-01 5.205168334755694293e-01 9.196500480315926707e-01 8.301192594049648932e-01 2.632318129539610863e-01 5.673398182346542917e-01 2.674845493754126058e-01 7.072500049884152817e-01 6.155412882083096671e-01 3.382171387419037889e-01 3.705935960019605124e-01 1.593423380377855803e-01 7.361690949610667500e-01 4.169452660272043865e-01 3.838673268154086382e-01 3.948946019985691835e-01 1.962861115498548970e-01 0.000000000000000000e+00 1.781919387592603155e-01 6.233319089730771090e-01 5.609601878026565513e-01 4.232101852944804010e-01 7.532518969622837846e-01 3.936283556379306936e-01 8.098028733137107027e-01 6.608766275816250202e-01 4.228611885491154188e-01 4.853613696276553591e-01 2.404373116666211341e-01 1.873041407194781238e-01 4.129010567205592119e-01 3.487615934305206000e-01 3.728004486045742305e-01 1.146578218330029098e-01 6.491305460538168148e-01 1.288642617920408295e-01 8.250699681078486059e-01 3.838389346237658373e-01 2.279414006505154910e-01 5.323808383274668543e-01 5.849213684372397415e-01 2.834645904322239396e-01 3.045749777279397330e-01 2.905301210813334145e-01 4.600711860754056470e-01 4.856742677456450941e-01 6.518306253749266421e-01 9.134461282242326008e-02 6.706890733490645795e-01 7.468462653735615797e-01 3.604522703091229130e-01 4.772059995511007124e-01 8.545863621570990443e-01 4.886608779971611805e-01 5.806876304300089275e-01 3.304783939963104600e-01 6.526275067351958725e-01 4.717862524132473423e-01 3.635896820772233640e-01 9.007801107040261379e-02 3.305737591707979539e-01 7.188538065765305296e-01 1.733282279787725366e-01 1.562911292326218671e-01 1.942400752224458793e-01 8.064691452954733664e-02 5.983986917501422642e-01 3.361232366661031090e-01 4.964793650114683321e-01 2.026468121127101008e-01 4.803713637903096467e-01 3.379075081448832396e-01
