0.000000000000000000e+00 5.861528251516830990e-01 4.635878128633476591e-01 4.582987986474817421e-01 3.644380956910612257e-01 3.457826052019581931e-01 2.783876616852161145e-01 2.522964920697538527e-01 3.734857634210316246e-01 2.299225856663144330e-01 3.003055739821418046e-01 2.026644031630150944e-01 1.997400760110304430e-01 1.809566757206263476e-01 5.242389398435872705e-01 4.518073607379582413e-01 2.566642468548483436e-01 1.547448511338429811e-01 1.796143927118760419e-01 5.190328097742891167e-01 3.296473876206142961e-01 1.380264803718385669e-01 3.634978215533026802e-01 1.226545610734549457e-01 3.659490916903332947e-01 2.530158045922776822e-01 4.501434625059523853e-01 2.455015034569954513e-01 1.102728010949201171e-01 2.253138917967371924e-01 3.179702380205524648e-01 1.113504325447440824e-01 1.037700571785248327e-01 5.374650494264491263e-01 9.523193463365581257e-02 3.687870448424513392e-01 3.196497652470759454e-01 1.724428788922018618e-01 3.834779228214709179e-01 2.026132708432364371e-01 4.536564955843394586e-01 2.493802493368084128e-01 5.261471601504952300e-01 2.958634094955649996e-01 3.835862112902579946e-01 3.785825892937990100e-01 5.290697040737019075e-01 2.684594808562200119e-01 1.956850383111509717e-01 1.813368800210310161e-01
5.861528251516830990e-01 0.000000000000000000e+00 4.863613378794998665e-01 4.645318904492717338e-01 9.008213946129749461e-01 3.533367555261606729e-01 6.788414852538159350e-01 6.566935666686559703e-01 2.519505959355615721e-01 4.976561764372111618e-01 2.862873391104977516e-01 4.939908111557840820e-01 7.195527920549841250e-01 4.636206189190353877e-01 1.664905980782040995e-01 1.536276998965229457e-01 3.587937397732542388e-01 5.328335709093152683e-01 5.943101548698485059e-01 1.412386150243100380e-01 3.242896649944313481e-01 5.601803303717536320e-01 3.665128645485420389e-01 4.683503366903442044e-01 2.541621973369179721e-01 4.218861266497078710e-01 1.360093626457306304e-01 7.824534493472552477e-01 6.426598155410128133e-01 3.879918399859493827e-01 3.134022318432158616e-01 5.864304899346174382e-01 5.243939359677791678e-01 1.023886571862900469e-01 5.486727894311878018e-01 2.298274762185427422e-01 2.768609807287761293e-01 5.346593400062323864e-01 3.964946284076881211e-01 3.835395543084466063e-01 1.764343134960596471e-01 4.447453216543013621e-01 8.826075826574705796e-02 3.385343551553472996e-01 4.191388865397321362e-01 2.308505958510334022e-01 8.985003019712907435e-02 3.864790921215238706e-01 6.000821129100528672e-01 5.073513475010268392e-01
4.635878128633476591e-01 4.863613378794998665e-01 0.000000000000000000e+00 4.286595638618372894e-01 8.076480310476177316e-01 3.816534489648940598e-01 5.453150198719244335e-01 5.535614114651274953e-01 2.447453148112690990e-01 3.742805182520049789e-01 3.304436030939733593e-01 4.092201388565296916e-01 6.319150409476829156e-01 4.610457320122841041e-01 4.105165596833563191e-01 3.958224888608644632e-01 2.341145462045791381e-01 4.494834092941735748e-01 4.607836894879571710e-01 4.018711559396091482e-01 2.862122066739811177e-01 4.530148020364777595e-01 1.330462384474859205e-01 3.409332517898928105e-01 3.033547321950694209e-01 3.684732296647329486e-01 3.503519752337692084e-01 6.887114388135515686e-01 5.377659203385931619e-01 3.596421381915439475e-01 4.115591729655587172e-01 4.607981435825136418e-01 4.628914138575342396e-01 4.193262411671273004e-01 5.103476201774490573e-01 3.036917484251608346e-01 2.145084096348523761e-01 4.034614497742792794e-01 3.589987200606981621e-01 2.791776698834575465e-01 3.336621684507325991e-01 4.499592894864150039e-01 4.150914181128164127e-01 2.965947193702913598e-01 8.293904777055986777e-02 4.104628328454995034e-01 4.231794659089689326e-01 4.605298109172589194e-01 4.969499577065245588e-01 4.042188878026385379e-01
4.582987986474817421e-01 4.645318904492717338e-01 4.286595638618372894e-01 0.000000000000000000e+00 8.039947951197818909e-01 4.298784061898125453e-01 5.662293866283175658e-01 5.351777447330977600e-01 3.179171743394705874e-01 4.082621757875812274e-01 2.415639412252731377e-01 3.812448288889626613e-01 6.383390892746944045e-01 4.081026070482785539e-01 4.108738511090257450e-01 3.685293005106308195e-01 2.827497883277890200e-01 4.887141965620466766e-01 4.792808231265823782e-01 4.307297420812316591e-01 1.429352359696664243e-01 4.386645084361956992e-01 3.164242081893547942e-01 3.433438002565656899e-01 3.894921490333001501e-01 4.120868867092452037e-01 3.285225278035412422e-01 6.850582028857159500e-01 5.341126844107572103e-01 3.012992837264369950e-01 3.287233443628645446e-01 4.650257087214982876e-01 4.239375939601287002e-01 4.368171203776473610e-01 4.685868413402550225e-01 2.380927528484367839e-01 2.387458014111737414e-01 4.299859760910014206e-01 8.913076973928939217e-02 2.556855278042452495e-01 3.556673808483798993e-01 4.623154336131866660e-01 4.324857853716425060e-01 3.765675931870581805e-01 3.538386383975818394e-01 3.243721078127881352e-01 4.140048479632618683e-01 3.966933004259142748e-01 4.785662909744949345e-01 4.434496750705117507e-01
3.644380956910612257e-01 9.008213946129749461e-01 8.076480310476177316e-01 8.039947951197818909e-01 0.000000000000000000e+00 5.829500430487385421e-01 6.163199955280709297e-01 6.090809469164576440e-01 7.175459816053016970e-01 5.257579012805394525e-01 6.262283848753510407e-01 5.406051675364830222e-01 2.206691890752470186e-01 4.517789869374532752e-01 8.694624285897281091e-01 7.594068833333212920e-01 6.007244650391182494e-01 3.922208659482758208e-01 5.175467265547306628e-01 8.363920066196938174e-01 6.752144145948925091e-01 4.952518087841528138e-01 7.075580397375725861e-01 4.667147792577246990e-01 6.675106147068401441e-01 5.048088609889220812e-01 7.851562713565195528e-01 1.189365922340657883e-01 3.144660351955778643e-01 5.211382344079057427e-01 5.977034875947480064e-01 4.213263390333095715e-01 4.284623884074487132e-01 8.644910704993491457e-01 3.536261118250766389e-01 7.143540718167294967e-01 6.637099834313459068e-01 5.124487684405559795e-01 7.291739192937710667e-01 5.483092673155363084e-01 7.968979461214648063e-01 4.865476871835885952e-01 8.390660277210236773e-01 5.831384568884105946e-01 7.276464294745277339e-01 6.802551235869306323e-01 8.622156555775152276e-01 5.378342571089641533e-01 5.524694931578546520e-01 4.474346225312599290e-01
3.457826052019581931e-01 3.533367555261606729e-01 3.816534489648940598e-01 4.298784061898125453e-01 5.829500430487385421e-01 0.000000000000000000e+00 4.169941140673155133e-01 4.509182069720524266e-01 2.473733989814626277e-01 2.307831236145010123e-01 2.103456780984778729e-01 3.074583272669824119e-01 3.845350985064977523e-01 1.779289949524273662e-01 3.518588069116355133e-01 2.062224017140157073e-01 1.788765344538719715e-01 2.047201470851514604e-01 3.324627836833482508e-01 2.926777039100328937e-01 3.206070587114198123e-01 3.503715975434026908e-01 2.710556892845135124e-01 2.339895304252634922e-01 1.204338319159642262e-01 1.149393629319998694e-01 3.059657677916773344e-01 4.645820977830188436e-01 3.115592280003020575e-01 1.761645937937996453e-01 1.072784652202631306e-01 2.844168074274540103e-01 2.823349403797498214e-01 3.210077232840946038e-01 2.603208575241047762e-01 2.820842286183279923e-01 2.717465184263195832e-01 2.728119688197321313e-01 3.451268151925303562e-01 2.134683658017388908e-01 2.667470801197263097e-01 1.060010537608089276e-01 2.723623351294839900e-01 8.505872959460286653e-02 3.007747761483189897e-01 1.577499273022821558e-01 3.591320676805540013e-01 9.042618981683370194e-02 3.943067532134494346e-01 2.054267593781907431e-01
2.783876616852161145e-01 6.788414852538159350e-01 5.453150198719244335e-01 5.662293866283175658e-01 6.163199955280709297e-01 4.169941140673155133e-01 0.000000000000000000e+00 4.309636407900495625e-01 4.577685740504457423e-01 2.295738544321972718e-01 4.178786826771748175e-01 3.409684199429582896e-01 4.274063661103327805e-01 4.167991006247337982e-01 6.157069345956869277e-01 5.563497576158581426e-01 3.324397909322224787e-01 3.121652366133025880e-01 1.385876371583978361e-01 5.898819366561200983e-01 4.372644808585132159e-01 3.245792779560635610e-01 4.452250285618792880e-01 2.229839182465582215e-01 4.367982185721645538e-01 3.243565622145653804e-01 5.504822121078624120e-01 4.973834032940049887e-01 3.265250385972806590e-01 3.428870004917700665e-01 4.487998457538658892e-01 2.086301737831179060e-01 3.576815947957539543e-01 6.179810005357757596e-01 3.615772525130879766e-01 4.713165849933514395e-01 4.096354312930877151e-01 1.542397972052050870e-01 4.914085108023068527e-01 3.105438588240723718e-01 5.396319715893099778e-01 4.049929082689024962e-01 5.969962870323264337e-01 3.611611555706512600e-01 4.653134182988346024e-01 4.961556979888318009e-01 6.244176822462107479e-01 4.538986150607581260e-01 3.743521870314466260e-01 2.477395756274303751e-01
2.522964920697538527e-01 6.566935666686559703e-01 5.535614114651274953e-01 5.351777447330977600e-01 6.090809469164576440e-01 4.509182069720524266e-01 4.309636407900495625e-01 0.000000000000000000e+00 4.627230296090799611e-01 3.439209624504088736e-01 3.704062275581582742e-01 2.035771375560722074e-01 4.485673747770357878e-01 3.579530272515609735e-01 6.077588216293006163e-01 5.219080143139747108e-01 3.466643844173963318e-01 3.859161216891163204e-01 3.389368328030816224e-01 6.090329473368371049e-01 4.116819850448877327e-01 1.345154902762610294e-01 4.534714201550824608e-01 2.264163679950789709e-01 4.559492292528813384e-01 3.681486103738871307e-01 5.308085565778500881e-01 4.901443546823917030e-01 3.443409699130987600e-01 2.951846012722302848e-01 4.013273906348494569e-01 2.985187696117634348e-01 2.548226003967563602e-01 6.258944400320517465e-01 3.185736421479453684e-01 4.508216422667246648e-01 4.080791558526783991e-01 3.071352615803538133e-01 4.603568689070869913e-01 2.877311060365070339e-01 5.428937617723879061e-01 4.312051160506297220e-01 6.001046912943129863e-01 3.921399188684770998e-01 4.735598098920377752e-01 4.486832428698154795e-01 6.092376262931992192e-01 4.061962158412182888e-01 7.968413893246831248e-02 3.751927187786450735e-01
3.734857634210316246e-01 2.519505959355615721e-01 2.447453148112690990e-01 3.179171743394705874e-01 7.175459816053016970e-01 2.473733989814626277e-01 4.577685740504457423e-01 4.627230296090799611e-01 0.000000000000000000e+00 2.867340724305262323e-01 2.082599813691926038e-01 3.134154586414083510e-01 5.385230377154545112e-01 3.617987445528677015e-01 1.670303145944400658e-01 1.529247316745973584e-01 1.493567679359602551e-01 3.518038165697858766e-01 3.732372436664784798e-01 1.571258411283400214e-01 1.754698171516143879e-01 3.621764201804302807e-01 1.209181235016727612e-01 2.508312023475767760e-01 1.301459450839313192e-01 2.541542336520586920e-01 1.257127860308667466e-01 5.986093893712357561e-01 4.476638708962771274e-01 2.549954212310261981e-01 2.796455746229008499e-01 3.724374184671350174e-01 3.670867336424127880e-01 1.748792682372704854e-01 4.142293714068033261e-01 1.206378818113460760e-01 9.163727925532107188e-02 3.159150039528004217e-01 2.482563305383314600e-01 1.831890425174337034e-01 8.921519552087586735e-02 3.313723967057253250e-01 1.703461033015473691e-01 1.779804871398089627e-01 1.798399656317985207e-01 2.214893197946907200e-01 1.910912124227135134e-01 3.273673735191271472e-01 4.061115758504770246e-01 3.166724419811597357e-01
2.299225856663144330e-01 4.976561764372111618e-01 3.742805182520049789e-01 4.082621757875812274e-01 5.257579012805394525e-01 2.307831236145010123e-01 2.295738544321972718e-01 3.439209624504088736e-01 2.867340724305262323e-01 0.000000000000000000e+00 2.666987394110579279e-01 2.202712446422687154e-01 3.236378812917655168e-01 2.598675468060055449e-01 4.428718155729399197e-01 3.751644487992536470e-01 1.560291409958328712e-01 1.502165153388555774e-01 1.423546767990574169e-01 4.086966278395157692e-01 2.768009854858787255e-01 2.375365996164230942e-01 2.741905269419598890e-01 1.187461100378431472e-01 2.556129097555600582e-01 1.198957217966047095e-01 3.844263359051335316e-01 4.073899560148196430e-01 2.467449047777942606e-01 1.963486297966334226e-01 3.017108994347060813e-01 1.292125098549848083e-01 2.783445972152542858e-01 4.367956917191713195e-01 2.407089355994760926e-01 3.077844126628916377e-01 2.438313198882083033e-01 9.046098608543338970e-02 3.334412999615704032e-01 1.525766479833359224e-01 3.622500236891706415e-01 2.038752398263488363e-01 4.158109782157219936e-01 1.759354432454154071e-01 2.942789166789152588e-01 3.453917640728976224e-01 4.583618060434819785e-01 2.626968557204209520e-01 2.873095086918059926e-01 7.832327874927941247e-02
3.003055739821418046e-01 2.862873391104977516e-01 3.304436030939733593e-01 2.415639412252731377e-01 6.262283848753510407e-01 2.103456780984778729e-01 4.178786826771748175e-01 3.704062275581582742e-01 2.082599813691926038e-01 2.666987394110579279e-01 0.000000000000000000e+00 2.077034720452863303e-01 4.456200514197720119e-01 2.105354603550502191e-01 2.730506412594807530e-01 1.562089326959428259e-01 1.623643440626646173e-01 3.439267897955815001e-01 3.309301191754395188e-01 2.928955441815697114e-01 1.350071003808276382e-01 2.738929912612559914e-01 2.182082474214907808e-01 1.948947644306164018e-01 1.882363098411392599e-01 2.716072852928721471e-01 1.604023290196916474e-01 5.078604396096312312e-01 3.776521173733718428e-01 1.077693195726903141e-01 1.064683577591307717e-01 3.085651416841126982e-01 2.423669927482692832e-01 3.052161152571689073e-01 2.740797796935637298e-01 9.246627538686998105e-02 1.540204421809390489e-01 2.884225397144781766e-01 1.553691472357754955e-01 1.188447420362781087e-01 2.294574090042647285e-01 2.521013653245648967e-01 2.316889536270633487e-01 2.418867684337856483e-01 2.521908210116013405e-01 8.298416125178352531e-02 2.388313987350408618e-01 1.842095604743468895e-01 3.137947737995551711e-01 3.018862386939884512e-01
2.026644031630150944e-01 4.939908111557840820e-01 4.092201388565296916e-01 3.812448288889626613e-01 5.406051675364830222e-01 3.074583272669824119e-01 3.409684199429582896e-01 2.035771375560722074e-01 3.134154586414083510e-01 2.202712446422687154e-01 2.077034720452863303e-01 0.000000000000000000e+00 3.633538635586522902e-01 1.933786625901650624e-01 4.538259057851650180e-01 3.592052588011026559e-01 2.097648701487780376e-01 2.779449675188826463e-01 2.540198564412231574e-01 4.669357701659432314e-01 2.577490692007523565e-01 1.340472669005422779e-01 3.091301475464846016e-01 1.179845016963999849e-01 3.222714687063619188e-01 2.346338225146026857e-01 3.681058010649780887e-01 4.222372222707633238e-01 2.932971261705515365e-01 1.312937334731827110e-01 2.380585291028810002e-01 2.284774454175833025e-01 1.164864736006944179e-01 4.758447386259178069e-01 1.994791744461583693e-01 2.955712645489892432e-01 2.580294544465445150e-01 2.162634733150658184e-01 3.025677199148413821e-01 1.339156542186865639e-01 3.932283029968610677e-01 2.641271136464668490e-01 4.374019357814411535e-01 2.584621583219578467e-01 3.292185372834399160e-01 2.859804873569434247e-01 4.465348707803270534e-01 2.423053480421707984e-01 1.382655167144911934e-01 2.584907199870681849e-01
1.997400760110304430e-01 7.195527920549841250e-01 6.319150409476829156e-01 6.383390892746944045e-01 2.206691890752470186e-01 3.845350985064977523e-01 4.274063661103327805e-01 4.485673747770357878e-01 5.385230377154545112e-01 3.236378812917655168e-01 4.456200514197720119e-01 3.633538635586522902e-01 0.000000000000000000e+00 2.681347483685113664e-01 6.753997180164598158e-01 5.783713575047777500e-01 4.114593180009581408e-01 1.901008459595020239e-01 3.253419830584178829e-01 6.342719866309199928e-01 5.095587087498049117e-01 3.347382366447310686e-01 5.318250496376379921e-01 3.010590734126373791e-01 4.653905947180660974e-01 3.026888410001480900e-01 6.045479379009405241e-01 1.113093837416097714e-01 1.184978784284357045e-01 3.405299009523268805e-01 4.156176474958795941e-01 2.192063190445356913e-01 2.512110844296181478e-01 6.623710505105754320e-01 1.715402717262083931e-01 5.356107958712242878e-01 4.980542775862582539e-01 3.297795446728627455e-01 5.588400992167974479e-01 3.826535614704490440e-01 5.947779261326906486e-01 2.904993252415412619e-01 6.369460077322497416e-01 3.810184368996366588e-01 5.519134393745931400e-01 4.981692834880621645e-01 6.816073221219364209e-01 3.485910300604849188e-01 3.919559210184329068e-01 2.453146025424861043e-01
1.809566757206263476e-01 4.636206189190353877e-01 4.610457320122841041e-01 4.081026070482785539e-01 4.517789869374532752e-01 1.779289949524273662e-01 4.167991006247337982e-01 3.579530272515609735e-01 3.617987445528677015e-01 2.598675468060055449e-01 2.105354603550502191e-01 1.933786625901650624e-01 2.681347483685113664e-01 0.000000000000000000e+00 4.805240290901420241e-01 3.129720970847175709e-01 2.639792307347348932e-01 1.493107528727534994e-01 3.298505371229984995e-01 4.352604870432528750e-01 2.908735972027394201e-01 2.511636732034306374e-01 3.603057784027519084e-01 1.938151823781753824e-01 2.879250099949670072e-01 1.648694339774271489e-01 3.619283949001346756e-01 3.334110416717335212e-01 2.019206455478060880e-01 1.068033233218415312e-01 1.502183870758193873e-01 2.513725023670038139e-01 1.300791139732591084e-01 4.697340121969481586e-01 9.815287511237655305e-02 3.005262048065024394e-01 3.017986617496439261e-01 2.920941539968412437e-01 3.256379408237994322e-01 1.857412473744409209e-01 4.172012934350936009e-01 8.580731368675566240e-02 3.930862940649051396e-01 2.391992232526720386e-01 3.810441304391943840e-01 2.327700230680019300e-01 4.389877791211304059e-01 8.750280513559366424e-02 2.875945412374031895e-01 2.135789735200830652e-01
5.242389398435872705e-01 1.664905980782040995e-01 4.105165596833563191e-01 4.108738511090257450e-01 8.694624285897281091e-01 3.518588069116355133e-01 6.157069345956869277e-01 6.077588216293006163e-01 1.670303145944400658e-01 4.428718155729399197e-01 2.730506412594807530e-01 4.538259057851650180e-01 6.753997180164598158e-01 4.805240290901420241e-01 0.000000000000000000e+00 2.054438414156840587e-01 3.019687045003646153e-01 4.886804968707912922e-01 5.311756042117197207e-01 1.618620457861119910e-01 2.684264939211694623e-01 5.089275584709026523e-01 2.876394914161729544e-01 4.037860308906061069e-01 2.366984789664346167e-01 3.826254887714505837e-01 1.185956341900072097e-01 7.505258363556621681e-01 5.985067415024887261e-01 3.808199608321709562e-01 3.436441942410247141e-01 5.256417178491794573e-01 5.011005829667589673e-01 1.013458433167569311e-01 5.471304209530444274e-01 1.883781235101695817e-01 2.070402975560002856e-01 4.738985625686474856e-01 3.481247077944308876e-01 3.216256690003507224e-01 8.511172679190918966e-02 4.530920352168363308e-01 1.774207948345910280e-01 3.018275296406474073e-01 3.446801190679330551e-01 2.696091756083284774e-01 8.319081094231550733e-02 4.221644878749554741e-01 5.511473678706972912e-01 4.631982734625027520e-01
4.518073607379582413e-01 1.536276998965229457e-01 3.958224888608644632e-01 3.685293005106308195e-01 7.594068833333212920e-01 2.062224017140157073e-01 5.563497576158581426e-01 5.219080143139747108e-01 1.529247316745973584e-01 3.751644487992536470e-01 1.562089326959428259e-01 3.592052588011026559e-01 5.783713575047777500e-01 3.129720970847175709e-01 2.054438414156840587e-01 0.000000000000000000e+00 2.363020121352967240e-01 3.982229126160909405e-01 4.718184272318908801e-01 1.383913082319341292e-01 2.297777675627833971e-01 4.253947780170724280e-01 2.652991610166158254e-01 3.463965511864328106e-01 1.195515390436935887e-01 2.872754683564835987e-01 1.121921428324419434e-01 6.410389380676013715e-01 5.080491572477885409e-01 2.465773287062954511e-01 1.627537100088981836e-01 4.518198316413931104e-01 3.829794246881251807e-01 1.638612783674553985e-01 4.068310857785694123e-01 1.304365476621940356e-01 1.959456525995887377e-01 4.121676123682748161e-01 2.968410327153222505e-01 2.707625381422769650e-01 1.203321146237748274e-01 2.932553272603829475e-01 8.603370193175728653e-02 2.039236968621230273e-01 3.322435301537459695e-01 8.152986192171805813e-02 1.558577998860120883e-01 2.346023903556545553e-01 4.652965605553716077e-01 3.727406892078025114e-01
2.566642468548483436e-01 3.587937397732542388e-01 2.341145462045791381e-01 2.827497883277890200e-01 6.007244650391182494e-01 1.788765344538719715e-01 3.324397909322224787e-01 3.466643844173963318e-01 1.493567679359602551e-01 1.560291409958328712e-01 1.623643440626646173e-01 2.097648701487780376e-01 4.114593180009581408e-01 2.639792307347348932e-01 3.019687045003646153e-01 2.363020121352967240e-01 0.000000000000000000e+00 2.280622730155913991e-01 2.479084605482552717e-01 2.698341911755587352e-01 1.475799727264306138e-01 2.461177749887466515e-01 1.258792464491448326e-01 1.340096857813933839e-01 1.167504730916031352e-01 1.467975364730209620e-01 2.470490314105675822e-01 4.817878728050523085e-01 3.308423543300937908e-01 1.696376888753703682e-01 2.398048571264097817e-01 2.479229146428117148e-01 2.658249125799850288e-01 2.979332550552142855e-01 3.132811188998998464e-01 1.782512894081576260e-01 1.064540153936423122e-01 1.882576456846391244e-01 2.079289125017781403e-01 8.539319862866696920e-02 2.213469126165953649e-01 2.307770545027651166e-01 2.769485415517651261e-01 9.381780485926910496e-02 1.532358733880039292e-01 2.244989504434874994e-01 3.209845015489160014e-01 2.577528964062369421e-01 2.900529306587934508e-01 1.837631648559137632e-01
1.547448511338429811e-01 5.328335709093152683e-01 4.494834092941735748e-01 4.887141965620466766e-01 3.922208659482758208e-01 2.047201470851514604e-01 3.121652366133025880e-01 3.859161216891163204e-01 3.518038165697858766e-01 1.502165153388555774e-01 3.439267897955815001e-01 2.779449675188826463e-01 1.901008459595020239e-01 1.493107528727534994e-01 4.886804968707912922e-01 3.982229126160909405e-01 2.280622730155913991e-01 0.000000000000000000e+00 2.039627418754507704e-01 4.475527654852512471e-01 3.537751272305514338e-01 2.720869835568116013e-01 3.461282671941240396e-01 2.089233011426810394e-01 2.786713735723973517e-01 1.159696198544793305e-01 4.596292269473021275e-01 2.738529206825561779e-01 1.134096033316109864e-01 2.388366393281363131e-01 2.984689025475591451e-01 1.052705635990749955e-01 1.833745329990947304e-01 4.756518293649068529e-01 9.584994841516802921e-02 3.844464439122783905e-01 3.190342109303768714e-01 2.160668685972057801e-01 4.138933207360358524e-01 2.330286687578013993e-01 4.080587049870219585e-01 1.304049635729897239e-01 4.502267865865809959e-01 1.942992157539679410e-01 3.694818077210838547e-01 3.541747893194870378e-01 5.335646970856505744e-01 2.199486089136284406e-01 3.293046679305134394e-01 8.155007708181860604e-02
1.796143927118760419e-01 5.943101548698485059e-01 4.607836894879571710e-01 4.792808231265823782e-01 5.175467265547306628e-01 3.324627836833482508e-01 1.385876371583978361e-01 3.389368328030816224e-01 3.732372436664784798e-01 1.423546767990574169e-01 3.309301191754395188e-01 2.540198564412231574e-01 3.253419830584178829e-01 3.298505371229984995e-01 5.311756042117197207e-01 4.718184272318908801e-01 2.479084605482552717e-01 2.039627418754507704e-01 0.000000000000000000e+00 5.053506062721528913e-01 3.503159173567779172e-01 2.325524699690958985e-01 3.606936981779121365e-01 1.360353547448231726e-01 3.522668881881972358e-01 2.227709992353728852e-01 4.659508817238952050e-01 3.986101343206648884e-01 2.244606555453658725e-01 2.559384369900349343e-01 3.618512822521305905e-01 1.065657907312032859e-01 2.605067599065592487e-01 5.334496701518086637e-01 2.628039835397478208e-01 3.867852546093841770e-01 3.251041009091204526e-01 8.942466459574008319e-02 4.044599473005715540e-01 2.235952953223372952e-01 4.551006412053426042e-01 3.026046130607875084e-01 5.124649566483592267e-01 2.766298251866841085e-01 3.807820879148674509e-01 4.092071344870965022e-01 5.398863518622436519e-01 3.655721331591891832e-01 2.823253790444788525e-01 1.453512804193153596e-01
5.190328097742891167e-01 1.412386150243100380e-01 4.018711559396091482e-01 4.307297420812316591e-01 8.363920066196938174e-01 2.926777039100328937e-01 5.898819366561200983e-01 6.090329473368371049e-01 1.571258411283400214e-01 4.086966278395157692e-01 2.928955441815697114e-01 4.669357701659432314e-01 6.342719866309199928e-01 4.352604870432528750e-01 1.618620457861119910e-01 1.383913082319341292e-01 2.698341911755587352e-01 4.475527654852512471e-01 5.053506062721528913e-01 0.000000000000000000e+00 2.882823848933752098e-01 5.084863379081872026e-01 2.756487133213207374e-01 3.963782487008338795e-01 1.777483314592381569e-01 3.382137580193502746e-01 1.985983216830731479e-01 7.180240613539741190e-01 5.573790101169489031e-01 3.763202403100322502e-01 2.850420999674334599e-01 5.011496845105534170e-01 5.127223362918621463e-01 1.052852444090989076e-01 5.291194757371049384e-01 2.131748178634983171e-01 2.089063157193987719e-01 4.456997914085368828e-01 3.679805987666365796e-01 3.331351534049825647e-01 8.562497470826065105e-02 3.939109322152338222e-01 9.693263837919149917e-02 2.548619865249895922e-01 3.369658067601385976e-01 2.146376341935012089e-01 1.571771161876046874e-01 3.568907803141898039e-01 5.524214935782342240e-01 4.220705420769628180e-01
3.296473876206142961e-01 3.242896649944313481e-01 2.862122066739811177e-01 1.429352359696664243e-01 6.752144145948925091e-01 3.206070587114198123e-01 4.372644808585132159e-01 4.116819850448877327e-01 1.754698171516143879e-01 2.768009854858787255e-01 1.350071003808276382e-01 2.577490692007523565e-01 5.095587087498049117e-01 2.908735972027394201e-01 2.684264939211694623e-01 2.297777675627833971e-01 1.475799727264306138e-01 3.537751272305514338e-01 3.503159173567779172e-01 2.882823848933752098e-01 0.000000000000000000e+00 3.128507218864899908e-01 1.739768510014985670e-01 2.143788944867611457e-01 2.516707554632618971e-01 2.769170711078867142e-01 1.882803023487007732e-01 5.562778223608265682e-01 4.053323038858679395e-01 1.840702738808978334e-01 2.194519968844717284e-01 3.362453281966088503e-01 3.025096479618699097e-01 2.943697631897910783e-01 3.486616005371152571e-01 1.001603886544609884e-01 9.629844422331747256e-02 2.985247857892989187e-01 8.648682390117781726e-02 1.270341167773778035e-01 2.132200236605236165e-01 3.450864237676475876e-01 2.924766512003805774e-01 2.391849782012047121e-01 2.113912812097256400e-01 2.071213282450028170e-01 2.718746284948906355e-01 2.874219529475215973e-01 3.550705312862847407e-01 3.085106057390163969e-01
1.380264803718385669e-01 5.601803303717536320e-01 4.530148020364777595e-01 4.386645084361956992e-01 4.952518087841528138e-01 3.503715975434026908e-01 3.245792779560635610e-01 1.345154902762610294e-01 3.621764201804302807e-01 2.375365996164230942e-01 2.738929912612559914e-01 1.340472669005422779e-01 3.347382366447310686e-01 2.511636732034306374e-01 5.089275584709026523e-01 4.253947780170724280e-01 2.461177749887466515e-01 2.720869835568116013e-01 2.325524699690958985e-01 5.084863379081872026e-01 3.128507218864899908e-01 0.000000000000000000e+00 3.529248107264327805e-01 1.202603926258860034e-01 3.554026198242316026e-01 2.659084158445572665e-01 4.333467967718281910e-01 3.763152165500869839e-01 2.305118317807940409e-01 1.986713649753281685e-01 3.048141543379471741e-01 1.921344067777777109e-01 1.367121540382490452e-01 5.253478306034019552e-01 2.026377946484715087e-01 3.519903791083271449e-01 3.075325464240287188e-01 2.007508987463681449e-01 3.638436326101848750e-01 1.877862912116116112e-01 4.423471523437380037e-01 3.346918797537273282e-01 5.035914549974109811e-01 2.915933094398274750e-01 3.730132004633880949e-01 3.521700065729130857e-01 5.127243899962969920e-01 3.096829795443162281e-01 7.851819308517207774e-02 2.688083559446593496e-01
3.634978215533026802e-01 3.665128645485420389e-01 1.330462384474859205e-01 3.164242081893547942e-01 7.075580397375725861e-01 2.710556892845135124e-01 4.452250285618792880e-01 4.534714201550824608e-01 1.209181235016727612e-01 2.741905269419598890e-01 2.182082474214907808e-01 3.091301475464846016e-01 5.318250496376379921e-01 3.603057784027519084e-01 2.876394914161729544e-01 2.652991610166158254e-01 1.258792464491448326e-01 3.461282671941240396e-01 3.606936981779121365e-01 2.756487133213207374e-01 1.739768510014985670e-01 3.529248107264327805e-01 0.000000000000000000e+00 2.408432604798477206e-01 1.766063908314447484e-01 2.584576582328467209e-01 2.312535725169820588e-01 5.886214475035065341e-01 4.376759290285481274e-01 2.535024550809103494e-01 2.993238172930762220e-01 3.607081522724686629e-01 3.628014225474891497e-01 2.957973917389433716e-01 4.102576288674040228e-01 1.914563927526782838e-01 1.016924083112777516e-01 3.033714584642341894e-01 2.467633643882156391e-01 1.790876785734124288e-01 2.101333190225486425e-01 3.393888692558268971e-01 2.888689754945280574e-01 1.859969596899106459e-01 8.351117815973502223e-02 2.881584895196597218e-01 3.020872929723968370e-01 3.499320512368784275e-01 3.968599663964795798e-01 3.041288964925934479e-01
1.226545610734549457e-01 4.683503366903442044e-01 3.409332517898928105e-01 3.433438002565656899e-01 4.667147792577246990e-01 2.339895304252634922e-01 2.229839182465582215e-01 2.264163679950789709e-01 2.508312023475767760e-01 1.187461100378431472e-01 1.948947644306164018e-01 1.179845016963999849e-01 3.010590734126373791e-01 1.938151823781753824e-01 4.037860308906061069e-01 3.463965511864328106e-01 1.340096857813933839e-01 2.089233011426810394e-01 1.360353547448231726e-01 3.963782487008338795e-01 2.143788944867611457e-01 1.202603926258860034e-01 2.408432604798477206e-01 0.000000000000000000e+00 2.432945306168783073e-01 1.461569200598142604e-01 3.323409740446137683e-01 3.477781870236589246e-01 1.968326685487003791e-01 1.199030822452117617e-01 2.258159275073075567e-01 1.269092473392215425e-01 1.775839488642935449e-01 4.148104883529942222e-01 2.111305158033106311e-01 2.515310617629323287e-01 1.969952041736209580e-01 9.827897161866583353e-02 2.685229244305548102e-01 8.765827245232044040e-02 3.310019345108843880e-01 2.301364380895583872e-01 4.034925990770402149e-01 1.781565719285992944e-01 2.609316502168030349e-01 2.731717797422735239e-01 4.094462355575495538e-01 2.309146968141998213e-01 1.698049142364760344e-01 1.589449245217987028e-01
3.659490916903332947e-01 2.541621973369179721e-01 3.033547321950694209e-01 3.894921490333001501e-01 6.675106147068401441e-01 1.204338319159642262e-01 4.367982185721645538e-01 4.559492292528813384e-01 1.301459450839313192e-01 2.556129097555600582e-01 1.882363098411392599e-01 3.222714687063619188e-01 4.653905947180660974e-01 2.879250099949670072e-01 2.366984789664346167e-01 1.195515390436935887e-01 1.167504730916031352e-01 2.786713735723973517e-01 3.522668881881972358e-01 1.777483314592381569e-01 2.516707554632618971e-01 3.554026198242316026e-01 1.766063908314447484e-01 2.432945306168783073e-01 0.000000000000000000e+00 1.677239293127900377e-01 2.290516493059979175e-01 5.491426694411203346e-01 3.884976182040948967e-01 2.527650877537591101e-01 1.497500455547870479e-01 3.322682925976995216e-01 3.783315111375689654e-01 2.058473953388937072e-01 3.717293990672124182e-01 2.292227376370933600e-01 1.933993103821880777e-01 2.926160733245812273e-01 3.146712732072892149e-01 1.991682475511576400e-01 1.515867521745254409e-01 2.201528479221316059e-01 1.715554130141835887e-01 8.437215781842943851e-02 2.272412777928138339e-01 1.115520986882149457e-01 2.681899722121257046e-01 2.004222048593732874e-01 3.993377754942784019e-01 2.531891501641089226e-01
2.530158045922776822e-01 4.218861266497078710e-01 3.684732296647329486e-01 4.120868867092452037e-01 5.048088609889220812e-01 1.149393629319998694e-01 3.243565622145653804e-01 3.681486103738871307e-01 2.541542336520586920e-01 1.198957217966047095e-01 2.716072852928721471e-01 2.346338225146026857e-01 3.026888410001480900e-01 1.648694339774271489e-01 3.826254887714505837e-01 2.872754683564835987e-01 1.467975364730209620e-01 1.159696198544793305e-01 2.227709992353728852e-01 3.382137580193502746e-01 2.769170711078867142e-01 2.659084158445572665e-01 2.584576582328467209e-01 1.461569200598142604e-01 1.677239293127900377e-01 0.000000000000000000e+00 3.720656642915854961e-01 3.864409157232022718e-01 2.257958644861768338e-01 2.019360992582992231e-01 2.213214275577470580e-01 1.695665388797815420e-01 2.902470025734284476e-01 3.663128218990058804e-01 2.118195682696473459e-01 3.075883877896137819e-01 2.421761548077122350e-01 1.788610327037317149e-01 3.372660108832343795e-01 1.574851938651501138e-01 3.020036968876813055e-01 8.397951802974412683e-02 3.392793423269736541e-01 8.335177149436064081e-02 2.875945568481578785e-01 2.660305928014862764e-01 4.316414342832011752e-01 1.428011339238162980e-01 3.115371566152842497e-01 9.048739644619090139e-02
4.501434625059523853e-01 1.360093626457306304e-01 3.503519752337692084e-01 3.285225278035412422e-01 7.851562713565195528e-01 3.059657677916773344e-01 5.504822121078624120e-01 5.308085565778500881e-01 1.257127860308667466e-01 3.844263359051335316e-01 1.604023290196916474e-01 3.681058010649780887e-01 6.045479379009405241e-01 3.619283949001346756e-01 1.185956341900072097e-01 1.121921428324419434e-01 2.470490314105675822e-01 4.596292269473021275e-01 4.659508817238952050e-01 1.985983216830731479e-01 1.882803023487007732e-01 4.333467967718281910e-01 2.312535725169820588e-01 3.323409740446137683e-01 2.290516493059979175e-01 3.720656642915854961e-01 0.000000000000000000e+00 6.667883260907998544e-01 5.258283787712060287e-01 2.667398760039286776e-01 2.250485600510174489e-01 4.567414030819468840e-01 4.027693217679610416e-01 1.583953473820710056e-01 4.330076661747323530e-01 9.381811357281215347e-02 1.408516180830455267e-01 4.086738400808228588e-01 2.604852657619575740e-01 2.475301916627160315e-01 1.181904998945746410e-01 3.865350688034373539e-01 1.320643494732232914e-01 2.912677051607824308e-01 2.831295238940014780e-01 1.510135414183212954e-01 8.548232015972069553e-02 3.035688536849482366e-01 4.741971028192469295e-01 4.143647054557670906e-01
2.455015034569954513e-01 7.824534493472552477e-01 6.887114388135515686e-01 6.850582028857159500e-01 1.189365922340657883e-01 4.645820977830188436e-01 4.973834032940049887e-01 4.901443546823917030e-01 5.986093893712357561e-01 4.073899560148196430e-01 5.078604396096312312e-01 4.222372222707633238e-01 1.113093837416097714e-01 3.334110416717335212e-01 7.505258363556621681e-01 6.410389380676013715e-01 4.817878728050523085e-01 2.738529206825561779e-01 3.986101343206648884e-01 7.180240613539741190e-01 5.562778223608265682e-01 3.763152165500869839e-01 5.886214475035065341e-01 3.477781870236589246e-01 5.491426694411203346e-01 3.864409157232022718e-01 6.667883260907998544e-01 0.000000000000000000e+00 1.991178858301090038e-01 4.027702891421860443e-01 4.793355423290283079e-01 3.029583937675898175e-01 3.100944431417290703e-01 7.461231252336295583e-01 2.352581665593569960e-01 5.954174795826635558e-01 5.447733911972799659e-01 3.935121762064902606e-01 6.102373270597051258e-01 4.293726750814705895e-01 6.785300008557451079e-01 3.681797419178688413e-01 7.206980824553039788e-01 4.647705116226908961e-01 6.087098372404616820e-01 5.618871783212108229e-01 7.438477103117955291e-01 4.194663118432443438e-01 4.335329009237888220e-01 3.290666772655402861e-01
1.102728010949201171e-01 6.426598155410128133e-01 5.377659203385931619e-01 5.341126844107572103e-01 3.144660351955778643e-01 3.115592280003020575e-01 3.265250385972806590e-01 3.443409699130987600e-01 4.476638708962771274e-01 2.467449047777942606e-01 3.776521173733718428e-01 2.932971261705515365e-01 1.184978784284357045e-01 2.019206455478060880e-01 5.985067415024887261e-01 5.080491572477885409e-01 3.308423543300937908e-01 1.134096033316109864e-01 2.244606555453658725e-01 5.573790101169489031e-01 4.053323038858679395e-01 2.305118317807940409e-01 4.376759290285481274e-01 1.968326685487003791e-01 3.884976182040948967e-01 2.257958644861768338e-01 5.258283787712060287e-01 1.991178858301090038e-01 0.000000000000000000e+00 2.743157981316216576e-01 3.494035446751743157e-01 1.279232904905128199e-01 1.849969816089129249e-01 5.854780739966043424e-01 1.053261689055031008e-01 4.444719611077049826e-01 3.938278727223213926e-01 2.288982171598108184e-01 4.592918085847464971e-01 2.784271566065120718e-01 5.178849496187195589e-01 2.195606191600883161e-01 5.600530312182784298e-01 3.041254603856654581e-01 4.577643187655034418e-01 4.319551806673568861e-01 6.044945364247354957e-01 2.811192122455485332e-01 2.877295161544958790e-01 1.684216260285148203e-01
2.253138917967371924e-01 3.879918399859493827e-01 3.596421381915439475e-01 3.012992837264369950e-01 5.211382344079057427e-01 1.761645937937996453e-01 3.428870004917700665e-01 2.951846012722302848e-01 2.549954212310261981e-01 1.963486297966334226e-01 1.077693195726903141e-01 1.312937334731827110e-01 3.405299009523268805e-01 1.068033233218415312e-01 3.808199608321709562e-01 2.465773287062954511e-01 1.696376888753703682e-01 2.388366393281363131e-01 2.559384369900349343e-01 3.763202403100322502e-01 1.840702738808978334e-01 1.986713649753281685e-01 2.535024550809103494e-01 1.199030822452117617e-01 2.527650877537591101e-01 2.019360992582992231e-01 2.667398760039286776e-01 4.027702891421860443e-01 2.743157981316216576e-01 0.000000000000000000e+00 1.067647956296982614e-01 2.335734594987080581e-01 1.404456152451111772e-01 4.058321394035062646e-01 1.689896292261185429e-01 1.975834247846226244e-01 1.949953384278024782e-01 2.169189828065968273e-01 2.188346175019579010e-01 8.777544687731846096e-02 3.301941869781190309e-01 1.610161498867496987e-01 3.298718049847415013e-01 2.196350274005151593e-01 2.796405366184541719e-01 1.681894013212803518e-01 3.437992602249243523e-01 1.110116145689880318e-01 2.385731475136274315e-01 2.322150526594155273e-01
3.179702380205524648e-01 3.134022318432158616e-01 4.115591729655587172e-01 3.287233443628645446e-01 5.977034875947480064e-01 1.072784652202631306e-01 4.487998457538658892e-01 4.013273906348494569e-01 2.796455746229008499e-01 3.017108994347060813e-01 1.064683577591307717e-01 2.380585291028810002e-01 4.156176474958795941e-01 1.502183870758193873e-01 3.436441942410247141e-01 1.627537100088981836e-01 2.398048571264097817e-01 2.984689025475591451e-01 3.618512822521305905e-01 2.850420999674334599e-01 2.194519968844717284e-01 3.048141543379471741e-01 2.993238172930762220e-01 2.258159275073075567e-01 1.497500455547870479e-01 2.213214275577470580e-01 2.250485600510174489e-01 4.793355423290283079e-01 3.494035446751743157e-01 1.067647956296982614e-01 0.000000000000000000e+00 3.394863047608038809e-01 2.430633676634020857e-01 3.195156251211287990e-01 2.440773757696712010e-01 1.869491712758138413e-01 2.351360120525244901e-01 3.228318280686925945e-01 2.439717533655823001e-01 1.559414076554619388e-01 2.669829063592742413e-01 1.731053168049077329e-01 2.428679069890856135e-01 1.523518844304919406e-01 3.333063908831867539e-01 8.255163599218252879e-02 2.959161345666476151e-01 7.852029363393073225e-02 3.447159368762463538e-01 3.118088240039379455e-01
1.113504325447440824e-01 5.864304899346174382e-01 4.607981435825136418e-01 4.650257087214982876e-01 4.213263390333095715e-01 2.844168074274540103e-01 2.086301737831179060e-01 2.985187696117634348e-01 3.724374184671350174e-01 1.292125098549848083e-01 3.085651416841126982e-01 2.284774454175833025e-01 2.192063190445356913e-01 2.513725023670038139e-01 5.256417178491794573e-01 4.518198316413931104e-01 2.479229146428117148e-01 1.052705635990749955e-01 1.065657907312032859e-01 5.011496845105534170e-01 3.362453281966088503e-01 1.921344067777777109e-01 3.607081522724686629e-01 1.269092473392215425e-01 3.322682925976995216e-01 1.695665388797815420e-01 4.567414030819468840e-01 3.029583937675898175e-01 1.279232904905128199e-01 2.335734594987080581e-01 3.394863047608038809e-01 0.000000000000000000e+00 1.955451071603535596e-01 5.292487483902089673e-01 1.628971767245535607e-01 3.753849854184457824e-01 3.186014202931792272e-01 1.125318057670212091e-01 3.902048328954874634e-01 2.093401809172529826e-01 4.526081506304426849e-01 2.289785518669891495e-01 5.038237056118831658e-01 2.478961347792701386e-01 3.807965420094239772e-01 3.868421569957699035e-01 5.333885085145732008e-01 3.072171193978171511e-01 2.419073158531605816e-01 8.453980694402234153e-02
