0.000000000000000000e+00 1.854549201022813509e+00 1.218620216473383033e+00 1.540100403485297642e+00 1.031858212680415443e+00 8.847942471444396606e-01 1.157641326576729357e+00 1.546174148043792940e+00 7.770704897779378006e-01 7.866680270995450863e-01 6.981324386023347595e-01 1.437277202889034822e+00 1.373502468453429604e+00 8.716875003612163386e-01 5.199067418920991779e-01 9.888808305133045540e-01 5.579706745822902159e-01 4.964583294231487143e-01 6.824741376273891769e-01 1.368576385376746529e+00 1.270713375817729585e+00 1.156659937248019743e+00 7.414910585567158208e-01 8.357626537817388623e-01 1.563668439180499581e+00 9.092155825086257748e-01 9.349717236994958824e-01 7.237730877212582570e-01 1.144973251374227008e+00 9.192284799304973886e-01 6.844786371432426408e-01 1.088872854511313104e+00 2.690743657713310366e-01 1.284116829590848496e+00 4.896288809345554216e-01 5.145711501095059370e-01 6.678655054148751047e-01 1.202591015076992953e+00 1.317517406735261520e+00 7.193276977339272404e-01 8.786267530899017908e-01 5.488037674010751710e-01 7.890093719970688868e-01 1.370007407958210965e+00 1.512928493465379942e+00 7.158752732360403881e-01 6.148557593125596465e-01 1.359490514349149359e+00 1.066148074704002413e+00 7.795375124205370376e-01 1.048328110355343012e+00 1.525524971152652398e+00 1.406244377865899065e+00 3.998668592783770626e-01 8.641875954918492031e-01 1.241664782067448236e+00 1.098784769288760010e+00 8.711583921061026858e-01 1.254444177333696064e+00 1.101290092177928948e+00 7.608509155764793253e-01 1.281347049173921837e+00 1.175895061396283969e+00 9.842705033693025518e-01 9.357818459275411005e-01 1.419070860711886484e+00 9.771068051836796498e-01 1.355475514286787142e+00 8.234833768506628626e-01 7.386593353860331224e-01 9.875941593607001634e-01 5.443580705391348751e-01 1.422215216518723624e+00 4.431618091814324978e-01 9.431579730983448151e-01 1.073159738659960283e+00 9.846372123921288688e-01 1.225051881966027434e+00 6.854038090110801118e-01 6.791202325528330475e-01 3.838462081250175184e-01 1.360409332690520667e+00 7.086698432293078165e-01 1.550960014942414977e+00 8.169299883024276898e-01 1.329750754016469250e+00 6.835864337633402732e-01 5.537535086823105468e-01 4.037469604309280036e-01 1.712827900475288656e+00 1.501544388649641348e+00 6.479793977050020137e-01 1.422659359626543552e-01 1.013782886093574032e+00 9.283986376723011302e-01 5.817689844670973498e-01 1.014187227215786802e+00 1.415275610045443555e+00 1.431666797032673966e+00 9.857244643670812767e-01
1.854549201022813509e+00 0.000000000000000000e+00 1.406251045048617643e+00 1.023740714819658226e+00 9.838665686805786459e-01 1.574631721838518628e+00 1.424970876212446891e+00 9.821626578708528843e-01 2.045509516448429821e+00 1.603869016415695681e+00 1.819161960488538288e+00 6.065486966169019167e-01 5.919826720130113573e-01 1.192736487704689541e+00 1.558241846880660253e+00 9.380735585875672466e-01 1.458852528868641807e+00 1.758297255309668961e+00 1.251752250861433380e+00 6.816705581660972291e-01 6.838288085596183619e-01 8.931553183693196063e-01 1.406167826679087129e+00 1.448316678749554720e+00 3.173267231398749222e-01 1.248355794482074010e+00 1.096027534048418683e+00 1.484380372816880067e+00 8.872519066121709042e-01 1.180919491742112415e+00 1.468574379318773993e+00 8.721573280882617407e-01 1.589624430613837847e+00 7.925990586955757866e-01 1.509935907451831927e+00 1.458258203630879102e+00 1.426015309802185493e+00 7.648090148384233400e-01 7.830127538827732492e-01 1.460190261366083542e+00 1.087001882243857409e+00 1.818599810764201186e+00 1.448512460603710306e+00 5.115076007833787575e-01 5.067308633005894736e-01 1.354648925337032406e+00 1.257515382309134733e+00 8.526363353112247356e-01 1.011232023043702410e+00 1.089760621746385993e+00 1.279450949420007255e+00 5.687703194597711898e-01 5.691951160249496544e-01 1.667136856779305454e+00 1.089987210830739128e+00 7.814565307149807794e-01 7.595724398276111344e-01 1.589079996641876935e+00 8.077225906117094789e-01 9.946314322031851729e-01 1.294974464563270589e+00 7.534605285316040568e-01 8.743518821465599000e-01 1.247148363382863501e+00 1.579674525739722668e+00 8.114730147728984599e-01 1.078523761251492852e+00 6.009961084582458035e-01 1.586840843884193220e+00 1.415233345847273450e+00 9.198842046130858430e-01 1.659541659077803599e+00 8.846210834914609578e-01 1.510364910682516548e+00 1.098631308213300573e+00 1.267850875433924829e+00 1.113809311390443479e+00 7.103883375155752855e-01 1.485493638945697636e+00 1.548072870723959715e+00 1.627082912248821289e+00 6.613764360966329914e-01 1.356317876499588015e+00 4.561441450038705714e-01 1.193861586531030472e+00 7.200645016008700994e-01 1.952502659876649282e+00 1.497005686984113071e+00 1.536304606664395056e+00 1.489958085892778838e-01 4.396604669214181915e-01 1.449093311482022806e+00 1.726308573586419426e+00 9.736178561425572475e-01 1.198590971349790202e+00 1.480691231687465637e+00 9.241382137396910723e-01 8.953407971710960478e-01 6.546965218679887677e-01 1.065312517082944721e+00
1.218620216473383033e+00 1.406251045048617643e+00 0.000000000000000000e+00 1.073020667319911858e+00 9.809165910981935133e-01 8.985337891528532017e-01 8.663168770150529996e-01 1.120094247067608961e+00 1.369411583762765394e+00 9.777286975008211423e-01 1.143064027802872973e+00 9.405326181536521890e-01 1.031780697272011382e+00 5.205248082853578540e-01 9.649355947071559525e-01 6.008815608424430410e-01 8.187905696471585726e-01 1.082199322624003868e+00 6.874478984910940005e-01 1.176314542718096545e+00 8.072527357640576495e-01 7.504917694974726494e-01 7.300698939934213705e-01 8.055207655763836350e-01 1.115370283206303936e+00 6.812137059625523738e-01 3.102771164789850933e-01 1.008644337489045251e+00 6.130880030197545238e-01 8.040288287992275462e-01 8.424340604038986768e-01 8.655687626632025955e-01 9.536954460644074816e-01 8.646453615031678419e-01 8.338379747661667230e-01 8.299784725050375345e-01 7.499173771165202895e-01 1.085190364783598760e+00 9.818484251527149764e-01 8.577831388826773207e-01 7.184797290900554190e-01 1.142501878078537425e+00 7.711049921653345685e-01 9.242189810661427529e-01 1.222741508215272388e+00 8.338294149107440267e-01 6.125627934680974995e-01 8.855721249399327588e-01 5.733620748061282191e-01 4.844450277514839587e-01 1.992642664954084042e-01 1.132344762137130534e+00 9.475911522456457181e-01 9.910389240936403610e-01 8.125667927649233846e-01 8.426432769529018652e-01 6.583997409650349519e-01 1.032538031433164027e+00 7.828059680085912575e-01 8.155418074405622608e-01 6.444838303854063533e-01 7.697091927058671290e-01 9.838453295001718946e-01 6.891007123841493831e-01 8.969081110112049338e-01 9.894051282645002221e-01 6.952867503329234200e-01 1.110675497230019682e+00 9.107429111985281267e-01 7.391354131616081347e-01 4.883820474191556960e-01 9.834437263921393946e-01 9.587545764650517999e-01 8.342669779968511223e-01 6.012071356526564880e-01 1.698397857981212844e-01 4.198689104054789678e-01 9.877826935497674432e-01 9.011689869553000110e-01 9.219325518090850657e-01 9.509849795631567515e-01 9.237315448672831497e-01 8.291026321810259780e-01 1.096166872730581332e+00 8.338386167641429481e-01 9.230600449828314513e-01 1.276404727190984856e+00 9.733292687580964442e-01 9.011654003371774024e-01 1.264529744501093456e+00 1.063885910371671795e+00 8.229529925671479340e-01 1.090379589036989172e+00 7.313631926031369801e-01 3.380647328334652202e-01 8.045932990018002107e-01 8.827718634440376855e-01 9.889457861724219034e-01 1.050426237691874709e+00 8.963115282216476132e-01
1.540100403485297642e+00 1.023740714819658226e+00 1.073020667319911858e+00 0.000000000000000000e+00 1.035857291179600015e+00 1.253930748769550130e+00 1.120488477119773840e+00 8.020255364509527585e-01 1.724808543379462211e+00 1.289760601774195603e+00 1.498460987419570456e+00 6.136001668666584141e-01 7.375811991271130630e-01 8.729845302550350850e-01 1.320332554323852214e+00 6.407592479157075971e-01 1.144403731331124607e+00 1.437596282240700019e+00 9.976728120832752955e-01 9.744522409584807088e-01 3.525281440775960284e-01 7.716655302353315760e-01 1.085466853610117965e+00 1.167605154750009033e+00 7.280614395707210029e-01 9.506358943617643220e-01 7.627971563197133431e-01 1.319873723997576853e+00 5.002777838519041342e-01 1.054304990135218389e+00 1.154465964677274137e+00 7.579118847465345921e-01 1.275175633076321757e+00 5.534485138055592612e-01 1.189234934382863429e+00 1.144149788989379024e+00 1.105314336733216773e+00 9.164112183982784376e-01 8.533728170174557093e-01 1.169411131999215758e+00 8.501438200617772445e-01 1.497898837695234908e+00 1.127811487534740920e+00 5.573713528995057898e-01 8.429702462019644793e-01 1.194151512728529818e+00 9.416780398827317988e-01 2.009004051767623311e-01 6.965796667288813859e-01 7.770989498189299072e-01 9.489950320671286521e-01 7.845707832278010496e-01 4.931780628863886018e-01 1.346435883710337622e+00 9.863882759915532095e-01 6.067996511580854291e-01 4.585437777578736385e-01 1.344025261863118326e+00 6.061282312404175920e-01 9.411178632062697780e-01 1.010533797653625276e+00 3.918231035620676761e-01 1.029429627511822654e+00 9.426659642901915603e-01 1.258270123091256520e+00 6.596657596382777822e-01 8.924816099612765674e-01 8.671873283443587432e-01 1.266139870815225166e+00 1.094532372778304508e+00 5.859850033714215645e-01 1.338840686008834657e+00 1.601712711853418569e-01 1.189663937613547606e+00 8.002591467389748026e-01 9.346204977052193774e-01 7.735954032349734444e-01 7.626534144914350888e-01 1.259536001813479134e+00 1.233964456082460082e+00 1.306381939179852347e+00 5.811364399832171790e-01 1.140332018689556248e+00 6.656669644122105156e-01 1.143942134020255130e+00 7.069916551138748506e-01 1.631801686807680341e+00 1.285361173031470683e+00 1.222196192022894978e+00 8.814846722998359585e-01 6.970382822050349425e-01 1.134984896840522728e+00 1.411859776048902448e+00 7.592332989547494471e-01 8.687866922795155489e-01 1.159990258618496695e+00 9.020164174329406981e-01 6.708770755557651455e-01 7.652230963803906549e-01 1.072112409990675586e+00
1.031858212680415443e+00 9.838665686805786459e-01 9.809165910981935133e-01 1.035857291179600015e+00 0.000000000000000000e+00 8.683042655166567370e-01 8.022635741727773828e-01 9.166507361493504424e-01 1.262784910638982350e+00 7.554984210076767237e-01 1.118702940818225411e+00 6.204424966677694053e-01 5.361580513245765012e-01 5.132613695660735997e-01 6.024932488637436689e-01 4.511573266297721485e-01 7.263031468651333089e-01 9.832727122746035553e-01 3.657337512303951432e-01 3.695864923409978298e-01 7.540746911857745260e-01 3.622962375169000437e-01 7.146844727871087821e-01 5.528257474323087228e-01 7.024257528494445291e-01 4.989867554548380602e-01 6.747348923382510133e-01 5.157553204150513437e-01 6.505502802163156684e-01 2.745356454567557947e-01 6.283476941230250468e-01 2.940223421693305972e-01 7.674137020288054334e-01 6.476937119772314677e-01 8.219375419336197863e-01 6.246747760392690196e-01 7.095290950754645776e-01 2.349351536213190594e-01 3.428312756672899364e-01 5.428504781819936120e-01 2.841793634293577342e-01 1.024145788376807920e+00 6.864642649898271554e-01 7.401469486777824125e-01 5.020758857148305276e-01 3.951153001721643965e-01 5.606176318288199623e-01 8.637127235726177465e-01 4.750059760643294271e-01 5.008336370149290007e-01 8.175494372389374709e-01 5.498663965195601522e-01 8.170412064685336206e-01 7.923967328346614991e-01 1.860125038922584018e-01 4.653801659134606528e-01 6.006686133524284932e-01 6.310724493792280176e-01 5.410688577113891284e-01 1.881764856344657899e-01 4.613620523443864307e-01 7.611020628407163535e-01 1.769051683605350200e-01 6.331864060712839581e-01 7.260536338699703496e-01 8.197033757593356063e-01 3.312990835974396475e-01 4.027769746512700477e-01 7.018139257208689807e-01 7.269178176044930328e-01 6.049148307783116518e-01 9.657367280761012251e-01 9.104003772575307574e-01 6.979637267819441826e-01 4.830884712524839975e-01 8.362311479948386639e-01 5.842707560605781003e-01 3.767355984536329139e-01 5.661432807351786112e-01 6.392263164430781464e-01 8.542315521408797574e-01 6.349958546062932641e-01 4.025250444409199657e-01 7.267238220464845577e-01 2.162034303723181505e-01 4.588476031382556775e-01 1.171344330816200152e+00 5.241864186153027960e-01 6.682242643562287254e-01 8.387026059624106411e-01 6.215020309051084713e-01 6.146231952275462707e-01 9.036175852440220257e-01 2.882543283485700103e-01 6.975617464743827378e-01 7.128603198722800460e-01 1.405136574881333533e-01 7.869345285985058780e-01 4.820890493567172030e-01 1.343235100547780225e-01
8.847942471444396606e-01 1.574631721838518628e+00 8.985337891528532017e-01 1.253930748769550130e+00 8.683042655166567370e-01 0.000000000000000000e+00 9.140683407173865183e-01 1.270647085920637798e+00 1.020092430153792140e+00 7.863074415677901996e-01 7.932344496025686142e-01 1.101380428563906166e+00 1.164583947552940923e+00 5.357907260360884605e-01 5.118524771959871433e-01 7.204406179807992805e-01 5.258797769197908201e-01 7.259804789571198125e-01 5.379078097973839512e-01 1.137337989650881065e+00 9.845437211019822943e-01 8.207631629228914205e-01 3.326390815303295612e-01 3.176058419108565567e-01 1.283750959996205587e+00 6.862336417790314558e-01 6.206498713700049352e-01 7.032191748782300467e-01 8.434567799746397476e-01 6.216073631841855240e-01 6.530366089130716922e-01 9.165607044119906677e-01 6.330432578484629369e-01 1.010088261079520766e+00 4.835719444800142819e-01 6.105500070322847916e-01 2.628690154313297334e-01 1.057620788337049422e+00 1.015075842241230930e+00 6.712291288473034578e-01 6.956632014063242053e-01 7.931827244695645041e-01 2.142549676408081472e-01 1.090089928773916750e+00 1.342532762150688175e+00 5.137917740187338822e-01 3.682587986873960273e-01 1.073320859633402957e+00 7.302513003788745349e-01 5.111886972553105757e-01 7.176027129215004630e-01 1.238993907013404616e+00 1.126326898681603517e+00 6.265191360814266197e-01 7.195304809677703917e-01 9.757802288011844238e-01 8.188672901044652397e-01 8.480241893909008510e-01 9.185474030085682973e-01 8.131327942699903000e-01 4.249541412513516692e-01 9.825327787379566358e-01 9.446566656704185050e-01 7.374574646018100532e-01 1.757039168027007270e-01 1.140778064578904738e+00 6.412100308585521047e-01 1.201555630344152803e+00 2.218362252638387544e-01 1.645911186839059959e-01 6.860776879611129031e-01 6.341245727831662515e-01 1.136045561802976112e+00 4.849478243878784789e-01 6.810773290547020853e-01 7.510177858228545000e-01 6.487404380670013238e-01 1.060141260387488238e+00 3.617327768840518099e-01 7.274306461012690628e-01 6.016658259541839415e-01 1.089602492575056925e+00 6.520456393627250824e-01 1.251768478764112791e+00 6.525418479414187845e-01 9.938539796913412605e-01 9.270855735820113797e-01 6.263931439510384003e-01 6.381752656374617416e-01 1.432910421290993996e+00 1.229756858079445569e+00 6.315317366341171024e-01 7.483684157098788869e-01 8.257159674112766190e-01 5.946594740929449507e-01 3.847301527939204768e-01 8.552787274539688234e-01 1.139748547922288413e+00 1.095770022707546865e+00 7.537126239314635434e-01
1.157641326576729357e+00 1.424970876212446891e+00 8.663168770150529996e-01 1.120488477119773840e+00 8.022635741727773828e-01 9.140683407173865183e-01 0.000000000000000000e+00 1.085332486817523812e+00 1.384946135327298045e+00 8.960687027204002897e-01 1.158598579367405179e+00 1.052407963051872342e+00 9.484930420892638825e-01 6.604684109622761534e-01 9.768529319724414961e-01 5.066141867663597198e-01 7.951160757912932864e-01 1.097733874188536296e+00 5.885012242879328337e-01 1.149777682795295020e+00 8.474251042550382529e-01 9.299972853211749824e-01 7.456044455579545760e-01 8.301152839624009738e-01 1.134090114370133628e+00 3.049807475111486199e-01 5.687805956727642887e-01 9.156589230763959586e-01 7.430992869354929864e-01 8.647377304526059349e-01 7.594759791507063040e-01 7.259717988696192670e-01 8.931968159251192363e-01 8.185531512874736348e-01 8.493725263306998174e-01 7.504578899355831556e-01 7.654519286810537171e-01 9.260792621887455889e-01 1.128564085105884240e+00 7.695926118816563966e-01 5.221571531993580706e-01 1.149928902273122056e+00 7.879490794825777522e-01 9.385199056662976158e-01 1.154795262658516952e+00 8.407677884927605705e-01 5.956719052654297908e-01 9.398785879836265567e-01 7.350161544667402902e-01 4.028796434620762756e-01 7.147483341864752093e-01 1.244220107035350464e+00 9.768247579944774328e-01 1.006492584168504623e+00 6.668995085180168259e-01 7.596893233375076049e-01 6.671730286596820880e-01 9.409447592276687367e-01 9.217036855342798374e-01 9.873971037443540766e-01 6.776576416162487515e-01 8.659797430864774048e-01 9.570963588148323486e-01 1.778780252150025665e-01 9.191111446185896705e-01 9.724978686168578301e-01 8.291252788135573537e-01 1.027387842047272626e+00 9.262774627630608881e-01 7.546699647261414512e-01 5.806378713872534236e-01 9.989782779566726001e-01 1.002603290153200266e+00 8.237468406782583186e-01 3.573472926906567371e-01 7.246045993965318788e-01 6.700129818638957957e-01 8.834322151764888442e-01 9.196735937613150780e-01 8.402725570286636581e-01 9.665195311276900680e-01 8.803028200831557459e-01 7.365413359691331818e-01 1.121540395070993679e+00 7.320627170233021674e-01 1.064602678720363516e+00 1.291939278755517728e+00 8.916692739776758136e-01 8.285042929690991098e-01 1.283249575664922260e+00 1.077938264070366525e+00 7.412929977867271925e-01 1.029400699140336162e+00 6.074877908065806631e-01 6.160615431577717294e-01 8.201278505663334162e-01 7.130353807567267888e-01 9.546233484103920919e-01 1.167456516037331804e+00 8.576425163219957293e-01
1.546174148043792940e+00 9.821626578708528843e-01 1.120094247067608961e+00 8.020255364509527585e-01 9.166507361493504424e-01 1.270647085920637798e+00 1.085332486817523812e+00 0.000000000000000000e+00 1.741524880530548547e+00 1.285379151840291723e+00 1.515177324570657014e+00 7.847868871164276339e-01 5.400350759482468455e-01 9.598258429740124109e-01 1.337048891474940326e+00 5.808959886932327787e-01 1.152926497552890339e+00 1.454312619391787686e+00 9.766894522098173992e-01 8.795844174331715060e-01 5.040135486835486400e-01 9.063434458303123442e-01 1.102183190761205855e+00 1.186460362994441020e+00 6.926566471506465650e-01 8.950647657229801046e-01 8.098707360674110012e-01 1.300772300093235190e+00 6.221831355137519282e-01 1.169372340014154465e+00 1.150084514743369812e+00 6.319645495843957406e-01 1.281249377634817499e+00 2.705719685902331917e-01 1.205951271533951097e+00 1.139768339055474256e+00 1.122030673884304885e+00 7.813765005986560430e-01 1.002085573203337354e+00 1.162259852868110954e+00 7.602957681190526396e-01 1.514615174846321466e+00 1.144527824685829032e+00 4.716273705237089553e-01 7.328368399905306196e-01 1.198608086927620331e+00 9.524616352516178663e-01 6.334977733731643745e-01 8.131861376473379366e-01 7.674142632760835303e-01 9.895434361674139145e-01 8.647528534034727432e-01 5.802758766164346493e-01 1.363152220861424846e+00 8.709020105734862627e-01 4.695309867762901268e-01 4.619293309849303308e-01 1.336872137258219739e+00 7.538947441517489523e-01 1.075795778801249547e+00 1.031334396963577982e+00 6.006140386555538502e-01 9.591013833034723879e-01 9.076798697539883998e-01 1.275689889821841172e+00 1.721867541701002646e-01 1.021258232352389328e+00 6.995256821334553399e-01 1.282856207966312612e+00 1.111248709929392842e+00 6.360694560725453917e-01 1.355557023159922325e+00 6.713441888262221546e-01 1.202259720682242072e+00 7.475515124732169392e-01 9.816940774529171465e-01 8.299945628499028061e-01 6.199408611029471050e-01 1.276252338964566579e+00 1.229583006148555313e+00 1.323098276330941125e+00 3.741869519889484130e-01 1.133178894084657218e+00 7.020449070916197076e-01 1.035330947273820357e+00 8.562405631419984786e-01 1.648518023958768453e+00 1.280979723097566803e+00 1.217814742088989988e+00 8.401396573103006027e-01 5.849247632473211223e-01 1.130603446906618181e+00 1.417933520607399300e+00 6.477672588890702743e-01 9.086834580971957509e-01 1.176706595769584363e+00 7.805888075721730823e-01 1.377769166339689877e-01 9.216112665871605270e-01 1.044138735299069864e+00
7.770704897779378006e-01 2.045509516448429821e+00 1.369411583762765394e+00 1.724808543379462211e+00 1.262784910638982350e+00 1.020092430153792140e+00 1.384946135327298045e+00 1.741524880530548547e+00 0.000000000000000000e+00 1.018110787299765452e+00 7.718546961458779831e-01 1.572575385898386635e+00 1.604429166411995622e+00 1.006985683370568818e+00 7.278831509202918770e-01 1.191318412590710363e+00 7.598303588438178879e-01 3.901913895773752583e-01 9.134008355859558614e-01 1.591987770250329781e+00 1.455421515711894376e+00 1.291958120257372000e+00 8.767892415660683003e-01 9.831469391948544079e-01 1.754628754606115892e+00 1.140142280467192126e+00 1.091527665979916462e+00 9.503287270683342669e-01 1.314334574584550941e+00 1.094336560774604505e+00 9.154053351018093254e-01 1.319799552469879123e+00 5.527711464081924708e-01 1.480966055689431737e+00 5.679410814523088158e-01 7.509371945670557658e-01 7.993517534508555178e-01 1.433517713035559638e+00 1.486270799575710955e+00 9.502543956924939250e-01 1.109553451048468808e+00 2.386391222621740416e-01 9.243075550064213664e-01 1.560967723383827277e+00 1.743855191423946405e+00 9.278230214749046967e-01 8.009605195950640910e-01 1.544198654243313928e+00 1.201446257713354893e+00 9.820664918652215469e-01 1.188480507531411989e+00 1.710188864347884863e+00 1.597204693291515376e+00 5.667657897076765483e-01 1.095114293450415888e+00 1.446658023411096394e+00 1.289745084714376100e+00 1.099657902369897799e+00 1.389742360343048322e+00 1.284327751604470436e+00 8.961490985858316938e-01 1.453410573347867718e+00 1.399306446269867221e+00 1.208335259211721135e+00 1.071080028936893358e+00 1.611655859188815931e+00 1.112404988193031796e+00 1.586402212245353827e+00 9.440316562137929246e-01 8.739575183953856019e-01 1.156955482571023985e+00 6.205905683696156805e-01 1.606923356412888193e+00 6.049101139010674144e-01 1.151955123664612834e+00 1.221895580432766248e+00 1.119935395401480793e+00 1.455978579924594341e+00 8.261839479435316713e-01 9.121823844771446144e-01 4.184266041996079766e-01 1.560480287184967452e+00 9.395965411878745011e-01 1.722963436098592593e+00 1.047856686260994374e+00 1.465048937025821507e+00 1.505739826931612457e-01 7.803091480293865567e-01 6.326708774723787121e-01 1.903788215900904968e+00 1.700634652689356541e+00 8.794221579052223792e-01 6.437092879753696373e-01 1.244709584052140272e+00 1.065854431427424753e+00 6.740227226940943561e-01 1.245113925174353486e+00 1.610626342532199162e+00 1.566964980042026223e+00 1.209135849240665195e+00
7.866680270995450863e-01 1.603869016415695681e+00 9.777286975008211423e-01 1.289760601774195603e+00 7.554984210076767237e-01 7.863074415677901996e-01 8.960687027204002897e-01 1.285379151840291723e+00 1.018110787299765452e+00 0.000000000000000000e+00 8.766274312888279185e-01 1.218226490353000235e+00 1.111043155934232862e+00 6.549658458836419284e-01 4.976291045085991516e-01 7.273082066569754867e-01 5.109409714081014631e-01 7.364343092060503526e-01 4.200148251081929351e-01 1.088849147226341740e+00 1.020373574106628212e+00 9.567637566653061088e-01 6.191682876014894532e-01 6.888003606475677776e-01 1.312988254573381974e+00 6.467562699894299216e-01 6.940802047269343245e-01 2.885604331572938497e-01 9.008590650245630327e-01 6.513553674425325291e-01 2.738538936629940079e-01 8.264135419921171399e-01 5.227395786895889795e-01 1.022544205734519318e+00 6.215790286730510372e-01 2.751049304884845559e-01 6.334548492422306110e-01 9.401317025577972109e-01 1.044874637224251890e+00 2.415521288456478066e-01 6.161674405707060487e-01 7.794716650375919098e-01 6.625277094416600621e-01 1.119327223351092915e+00 1.250469180946184311e+00 4.817857198193216117e-01 4.183829647141709129e-01 1.109150712638048208e+00 8.594638121688829013e-01 5.179648885642077483e-01 8.135865089314974208e-01 1.252882201641643212e+00 1.155564193258780126e+00 6.169196459686745460e-01 6.017282829726531279e-01 9.792054695482520499e-01 8.474206928457043153e-01 1.790361073499761313e-01 1.050715139940121556e+00 8.286473226669200942e-01 5.859784296379660917e-01 1.031798270387605632e+00 8.961678232458791804e-01 7.226978795129733735e-01 7.998033264417534483e-01 1.166350975738325024e+00 7.783177755189369940e-01 1.093016201767591511e+00 7.698089493414567164e-01 6.269090655765451325e-01 7.427347611383521286e-01 7.210626047368843272e-01 1.171875414807622029e+00 4.532896034427274512e-01 6.815853492420157478e-01 8.322682196873986138e-01 7.548928779230830166e-01 9.625925694468314697e-01 6.044606075932527078e-01 1.546597182007569404e-01 6.095574288016634146e-01 1.098836708834190823e+00 3.850452850670598171e-01 1.300279830335296039e+00 5.392949906353586842e-01 1.129854573433755949e+00 9.266702074769830322e-01 3.540770498609439598e-01 4.180317573247063212e-01 1.462147715868170161e+00 1.239085076130445273e+00 1.595606010013999043e-01 6.584050371498998411e-01 7.513235735743777344e-01 6.968558782993896639e-01 6.369834377273487780e-01 7.517279146965906156e-01 1.154610399245805663e+00 1.178695315694037848e+00 7.112930237760258789e-01
6.981324386023347595e-01 1.819161960488538288e+00 1.143064027802872973e+00 1.498460987419570456e+00 1.118702940818225411e+00 7.932344496025686142e-01 1.158598579367405179e+00 1.515177324570657014e+00 7.718546961458779831e-01 8.766274312888279185e-01 0.000000000000000000e+00 1.346227829938494880e+00 1.409114186202961028e+00 7.806381274106767298e-01 5.222402427516300571e-01 9.649708566308182744e-01 5.637768791501519550e-01 4.809589123203394379e-01 7.719174795750183282e-01 1.390316880919653997e+00 1.229073959752002398e+00 1.065610564297480023e+00 6.504416856061763230e-01 7.583425670140562236e-01 1.528281198646223693e+00 9.307638804290512269e-01 8.651801100200245953e-01 8.121493171006954892e-01 1.087987018624659408e+00 8.679890048147121950e-01 7.739219790908717922e-01 1.161090943062009551e+00 4.672178722200640011e-01 1.254618499729540204e+00 3.106201598625292770e-01 6.094538385561183436e-01 5.709602643929697630e-01 1.292034357024622215e+00 1.259923243615818755e+00 8.087710396815563918e-01 9.401934400563431993e-01 5.582969375840883819e-01 6.979599990465293891e-01 1.334620167423935078e+00 1.595511653419461551e+00 7.282938668380575242e-01 5.782690564462967808e-01 1.317851098283422173e+00 9.750987017534628043e-01 7.557189359053295696e-01 9.621329515715201230e-01 1.483841308387992663e+00 1.370857137331622955e+00 3.998039586286821212e-01 9.536309374394783545e-01 1.220310467451204195e+00 1.063397528754484789e+00 9.677811142934309441e-01 1.163394804383156567e+00 1.057980195644578236e+00 6.698015426259397165e-01 1.227063017387976185e+00 1.197635556939191437e+00 9.819877032518293802e-01 8.447324729770014917e-01 1.385308303228923954e+00 8.860574322331399300e-01 1.444918856234416626e+00 7.227248481430841309e-01 6.476099624354935136e-01 9.306079266111323411e-01 1.718662231629093928e-01 1.380575800452996438e+00 4.506336518328892260e-01 9.256075677047210792e-01 9.955480244728744932e-01 8.935878394415891490e-01 1.304671499037507232e+00 6.070795906831317756e-01 7.706990284662070811e-01 3.650000223779423791e-01 1.334132731225075474e+00 7.981131851769369678e-01 1.496615880138701060e+00 9.024995104459075934e-01 1.238701381065929530e+00 6.770064512206617202e-01 6.485236564305010276e-01 5.582307727443686085e-01 1.677440659941012990e+00 1.474287096729464341e+00 7.379388018942848460e-01 5.634519428857047707e-01 1.070246206061295613e+00 8.395068754675328870e-01 4.499844911886676235e-01 1.099808966103987817e+00 1.384278786572307629e+00 1.340617424082134690e+00 1.006691515200236697e+00
1.437277202889034822e+00 6.065486966169019167e-01 9.405326181536521890e-01 6.136001668666584141e-01 6.204424966677694053e-01 1.101380428563906166e+00 1.052407963051872342e+00 7.847868871164276339e-01 1.572575385898386635e+00 1.218226490353000235e+00 1.346227829938494880e+00 0.000000000000000000e+00 5.333702884318359816e-01 5.861877910877878461e-01 1.027939753744848028e+00 5.726963509369674687e-01 1.051390474894841276e+00 1.285363124759625553e+00 9.261387006620800388e-01 3.662977489010038057e-01 3.658547587301875792e-01 3.356761330591572778e-01 9.299259927452573349e-01 8.745072702795128050e-01 3.054988870414669933e-01 8.825729973830249708e-01 6.395426891283240156e-01 1.044604722393077667e+00 3.320202781721230956e-01 6.737455888577428276e-01 1.082931853256078325e+00 7.095887411331749384e-01 1.185526213593057987e+00 5.474040818199904512e-01 1.037001776901788075e+00 1.072615677568183656e+00 9.530811792521415304e-01 5.689683451229488043e-01 2.866938547033203721e-01 1.086576127618910093e+00 7.820809230830376713e-01 1.345665680214159332e+00 9.276867803311464877e-01 3.569495661331567593e-01 3.548575787279502070e-01 8.380904093792108656e-01 8.534443174778733043e-01 4.126997616898959720e-01 4.147290424480751803e-01 7.056357742622745288e-01 8.235526952773265519e-01 1.918121439834785946e-01 2.048396452410181090e-01 1.194202726229262268e+00 7.982939251896684629e-01 5.584765075447257754e-01 3.922074820059665012e-01 1.166777952018068998e+00 2.069880621762002770e-01 4.891744744872285056e-01 7.089282727121807293e-01 2.225368449326677323e-01 4.744440223274707380e-01 8.745854502222897287e-01 1.016437863693937294e+00 6.147020736865612678e-01 5.172161506617901638e-01 4.798913384508754487e-01 1.044325265252614265e+00 9.419820525726608773e-01 4.807619603921895468e-01 1.186607528527761302e+00 5.350091335679371118e-01 1.037430780132472474e+00 7.321786326710723047e-01 8.049270840828830487e-01 5.701211661829391764e-01 6.364090768801615727e-01 9.300040662628465959e-01 1.162430344661264270e+00 1.154148781698778325e+00 4.900765134452514937e-01 9.382305470797608349e-01 1.579751314080688196e-01 7.937733364275567638e-01 1.625853162907078819e-01 1.479568529326606097e+00 1.029767130989932555e+00 1.148907679413460503e+00 4.635997525091686833e-01 3.857817718348262037e-01 1.063450785419327360e+00 1.300851371454473826e+00 7.098615153792550148e-01 6.972011676024195692e-01 1.007757101137421119e+00 6.960692638906591512e-01 6.687444654979665115e-01 1.725172846423419226e-01 6.122548304184718404e-01
1.373502468453429604e+00 5.919826720130113573e-01 1.031780697272011382e+00 7.375811991271130630e-01 5.361580513245765012e-01 1.164583947552940923e+00 9.484930420892638825e-01 5.400350759482468455e-01 1.604429166411995622e+00 1.111043155934232862e+00 1.409114186202961028e+00 5.333702884318359816e-01 0.000000000000000000e+00 8.724500394810857928e-01 1.087438429857164657e+00 4.481838773871095194e-01 1.045631682626847692e+00 1.328867754924245359e+00 6.987909706348625072e-01 3.539574079041322707e-01 3.976586374677949509e-01 7.424293662694056994e-01 9.961200523935087592e-01 1.048884583997800712e+00 3.133552653804166921e-01 7.193841866757204606e-01 7.215571862718130891e-01 9.880952705880371445e-01 5.541805596610434037e-01 8.101788667026589286e-01 9.714266357247782757e-01 2.869546928593935675e-01 1.109057957801819594e+00 2.985613531083446959e-01 1.099888133166254445e+00 9.663190318122826250e-01 1.015967535516608011e+00 3.030388479561451631e-01 5.630534889494237527e-01 9.177917935518230541e-01 5.102097371520140090e-01 1.365790044149822524e+00 1.038464686318132379e+00 2.097114390533431350e-01 2.148544360910733253e-01 8.858434121581404419e-01 8.461875121009839740e-01 5.729346467284536226e-01 7.404888126010383820e-01 6.534866476649094924e-01 9.012298863718154474e-01 3.969184377720020307e-01 3.924629049670315117e-01 1.222353726045205313e+00 5.534176197697722177e-01 1.894738587019696718e-01 3.758450410017069032e-01 1.067965296758489391e+00 6.929893681956356133e-01 6.614763756029973241e-01 9.281732484518029347e-01 5.230186490773093277e-01 4.822472264407009490e-01 7.708404250257289148e-01 1.169626751454144520e+00 3.953974743438150585e-01 8.403018598505440639e-01 1.745996693842870595e-01 1.176793069598615959e+00 1.005185571561695523e+00 5.481710477295560491e-01 1.249493884792226117e+00 5.955358380647374217e-01 1.039607982554958010e+00 5.966063875842662068e-01 8.933805276573186793e-01 7.420961545069132415e-01 1.618819548457608171e-01 1.059087088861326187e+00 1.055247010242496897e+00 1.195875807913893585e+00 1.792994230212563989e-01 8.294984846869797313e-01 3.895272385070438492e-01 7.170278407526954334e-01 6.585866177878160199e-01 1.512988586589213647e+00 1.006931033020467936e+00 1.044365434845798690e+00 4.489632999479438169e-01 1.598360508308135919e-01 9.562674510005600981e-01 1.245261841017035298e+00 3.816351841295462233e-01 8.203699083015979499e-01 1.070643457401887710e+00 4.203829593292001676e-01 4.416891295171059828e-01 5.368764255191512680e-01 6.593628170866147054e-01
8.716875003612163386e-01 1.192736487704689541e+00 5.205248082853578540e-01 8.729845302550350850e-01 5.132613695660735997e-01 5.357907260360884605e-01 6.604684109622761534e-01 9.598258429740124109e-01 1.006985683370568818e+00 6.549658458836419284e-01 7.806381274106767298e-01 5.861877910877878461e-01 8.724500394810857928e-01 0.000000000000000000e+00 5.188008890798510020e-01 4.449099272046141418e-01 4.851282962752693217e-01 7.197734222318074027e-01 3.688870752775373907e-01 7.244475799629281898e-01 6.413113311695090024e-01 3.342020862909161893e-01 3.643362902174395179e-01 3.560925923984933905e-01 8.902208330851669738e-01 4.587541807281962924e-01 2.929384477932727715e-01 5.600179011774752968e-01 3.727067464031310617e-01 2.883966451766403760e-01 5.198270264946828201e-01 6.895693149460954130e-01 6.199365110652399480e-01 7.043769574095705144e-01 4.714120743739707575e-01 4.978668612882084510e-01 3.874914767243241576e-01 7.039168535074470379e-01 5.461986610675347853e-01 5.353625983310672520e-01 4.895869167827701096e-01 7.800759776863411821e-01 3.645531727362134600e-01 7.602803043564055896e-01 9.307441347997185144e-01 3.476194326543998181e-01 2.789005200962085262e-01 6.832486812057448899e-01 2.044979662852409730e-01 2.575887675001999333e-01 3.457430844938587655e-01 7.641830235316465769e-01 6.917637282508756202e-01 6.286130237014443400e-01 5.230400646205499715e-01 6.833126191619763867e-01 4.983890347763696438e-01 6.948909822040986173e-01 3.973311301907901938e-01 3.479478495021272044e-01 1.845309870957180243e-01 5.500605142773259404e-01 5.317662559824655188e-01 4.838575348466999104e-01 4.690276745440513650e-01 8.291367241709030056e-01 1.858768223873225600e-01 8.701445842821610155e-01 5.286584705560160025e-01 3.763923500448432824e-01 3.379257586637899879e-01 6.210178259999428185e-01 7.928131718705027087e-01 4.718410776046550459e-01 4.228937278278058209e-01 4.094948922775604183e-01 1.568758570677519226e-01 8.284520357588419648e-01 4.193583778913155813e-01 5.989340755636033409e-01 5.885590791709605085e-01 7.611475007528829551e-01 4.663435772657904543e-01 7.391004635798273936e-01 3.988069329228346449e-01 5.072929030593655852e-01 9.139788267987878356e-01 5.419282050566152087e-01 5.690537891203483190e-01 1.049091650388981778e+00 8.999472336619350754e-01 5.001901409499686091e-01 7.352616689266554539e-01 5.553637448860293535e-01 1.904434118003990317e-01 4.421673986096039122e-01 6.523003411138889041e-01 8.286773820788247980e-01 6.266742217424643435e-01 3.843517210245525062e-01
5.199067418920991779e-01 1.558241846880660253e+00 9.649355947071559525e-01 1.320332554323852214e+00 6.024932488637436689e-01 5.118524771959871433e-01 9.768529319724414961e-01 1.337048891474940326e+00 7.278831509202918770e-01 4.976291045085991516e-01 5.222402427516300571e-01 1.027939753744848028e+00 1.087438429857164657e+00 5.188008890798510020e-01 0.000000000000000000e+00 7.868424235351019203e-01 3.926121196268780866e-01 3.885697056492969925e-01 4.432728047609582056e-01 8.772125915406995267e-01 1.050945526656284379e+00 7.064518799020990114e-01 4.723132525104596358e-01 3.161517629797340190e-01 1.240915123740784942e+00 7.284271879043375808e-01 6.870516769243076860e-01 2.961988588304960146e-01 8.747650858035558308e-01 4.012813473765307615e-01 4.995230753305638927e-01 8.015637222780782611e-01 3.038645460596441361e-01 1.076490066633823517e+00 2.618027701723557588e-01 2.559034431312006141e-01 2.507821409717075900e-01 8.129313174665069308e-01 8.080935384388768794e-01 4.724741067869829836e-01 6.568236471632513673e-01 5.086962323363038996e-01 4.914010811353113350e-01 1.156491734328218834e+00 1.082299970562965674e+00 2.076139697828759401e-01 4.055646928432429799e-01 1.139722665187705042e+00 6.893463052017342330e-01 5.775905028096128824e-01 7.840045184758032137e-01 1.019111623791308041e+00 1.180973774292059408e+00 1.933270534569961341e-01 5.369522310315681946e-01 9.853193706167165944e-01 8.852690956587678794e-01 4.713532819286379016e-01 8.470699585200528459e-01 5.932505110478938359e-01 3.574557614284839535e-01 1.048934584292258831e+00 6.845312675602369668e-01 8.034821087650143578e-01 4.819481753667597679e-01 1.207179870133207267e+00 5.189207948387360991e-01 9.789119006977186066e-01 3.256699842624882768e-01 4.132403880090270709e-01 7.524794935154154318e-01 3.841677603410180719e-01 1.202447367357279084e+00 3.019329953028419000e-01 7.474791346090045030e-01 8.174195913771572508e-01 6.694862389669821168e-01 9.285804788171171387e-01 1.721462278650700561e-01 3.551457855534104757e-01 3.269848052428622198e-01 1.156004298129359009e+00 3.201394854312235028e-01 1.154539264577798319e+00 3.862898184914254629e-01 8.795426966705488514e-01 6.266006681346739660e-01 1.506754735343068252e-01 1.496043386129339847e-01 1.409517992751955662e+00 1.192319342185694131e+00 4.115988923933143195e-01 3.893723661764555422e-01 7.532682933157487382e-01 6.613784423718160888e-01 1.697806563545423975e-01 6.798724824364895669e-01 1.206150353476590942e+00 9.243800689903931556e-01 4.935706326238519237e-01
9.888808305133045540e-01 9.380735585875672466e-01 6.008815608424430410e-01 6.407592479157075971e-01 4.511573266297721485e-01 7.204406179807992805e-01 5.066141867663597198e-01 5.808959886932327787e-01 1.191318412590710363e+00 7.273082066569754867e-01 9.649708566308182744e-01 5.726963509369674687e-01 4.481838773871095194e-01 4.449099272046141418e-01 7.868424235351019203e-01 0.000000000000000000e+00 6.014883530547063817e-01 9.041061514519492803e-01 4.317191063128387185e-01 6.855153053954072817e-01 3.620060082389539580e-01 5.370011986827668560e-01 5.519767228213673382e-01 6.364875612258137361e-01 6.471927967452539843e-01 3.141687770297477145e-01 2.906044443634578922e-01 7.546496542093605875e-01 2.893466822102991332e-01 6.711100077160184751e-01 5.920135695600531323e-01 2.729346687893757228e-01 7.244363198616943222e-01 3.119389645211138040e-01 6.557448035941125797e-01 5.816973938721582416e-01 5.718242059444663683e-01 4.886254300294830544e-01 7.140349665922904876e-01 6.041889076847948292e-01 2.123577857560156046e-01 9.644087069064830597e-01 5.943213567459907365e-01 4.502915255813141338e-01 6.544860979563628112e-01 6.653957316599603544e-01 4.020441825288423310e-01 4.601493587795599249e-01 3.706271207911884802e-01 2.093433180927677939e-01 4.672988863799693582e-01 7.645084949204459246e-01 4.899274403695971780e-01 8.129457529215858846e-01 3.736094768141300926e-01 2.590464570679998912e-01 1.822154701578335423e-01 7.788011920749036143e-01 4.641892129391406718e-01 6.393338122642380217e-01 4.840299188796613472e-01 3.862681309715725875e-01 5.623049226606329221e-01 3.289615697028250851e-01 7.254834218820026548e-01 4.702123404141992924e-01 5.741704200389102786e-01 5.270786773451178187e-01 7.326497400264739834e-01 5.610422419895542134e-01 1.633500018906185458e-01 8.053505552200853623e-01 5.178605093545699534e-01 6.466766274660870062e-01 1.666555237799842437e-01 4.621097311423950083e-01 3.375636793733636232e-01 3.937231684615692395e-01 7.260458710247280623e-01 6.715120609652394101e-01 7.728918083911028303e-01 3.745140400979813378e-01 5.751079489013409818e-01 6.346430774461133684e-01 5.321713771686050753e-01 5.954915280140624656e-01 1.098311556018929824e+00 7.229087779142506776e-01 6.597437969056740847e-01 7.963522580400425044e-01 5.867231868311761911e-01 5.725325017233022784e-01 8.606402030769112477e-01 1.645908152065691799e-01 3.840100234074558805e-01 6.265001278297461784e-01 3.356068339937913758e-01 4.507153962352182797e-01 6.877449039224264871e-01 5.643524846181087185e-01
