0.000000000000000000e+00 1.033301745757134515e+00 9.662645529563316238e-01 1.002775281284487230e+00 6.842574668418444084e-01 6.735842409561214605e-01 6.025885853269629111e-01 4.729419998989307650e-01 4.577958496665319177e-01 4.011228687145267924e-01 6.325304143448580163e-01 3.560034279069507757e-01 3.095498620033813597e-01 7.264259111466945251e-01 7.372388996161111097e-01 8.058745335924896169e-01 4.896476417425307259e-01 2.415136779893298224e-01 2.428262844092674844e-01 4.894787212397438969e-01 2.322840017343429930e-01 6.995418421285322097e-01 4.853834381904223449e-01 6.921771555445330737e-01 2.057741325014160738e-01 3.812734636038028202e-01 4.912501282808127701e-01 4.744494834923811966e-01 6.344619770514798862e-01 7.937350713576227790e-01 1.976920935456624728e-01 8.296559241000126539e-01 7.138164652163051516e-01 4.516058888385865444e-01 2.840658275563727186e-01 1.549706389410388518e-01 8.218719321973841918e-01 8.825046223178438787e-01 2.575098984754080611e-01 6.154142370935460349e-01 3.463832287664221354e-01 1.383736285357298756e-01 5.882363727560482314e-01 6.493031240387209246e-01 6.772758750285405860e-01 3.515444744747868722e-01 3.575552219311649016e-01 3.252670426476066967e-01 7.431867636804604382e-01 9.321830965217013931e-01 2.956389267807763011e-01 1.198223224689727862e-01 3.934893793847534793e-01 5.827301183147025609e-01 5.691293611181723611e-01 5.159192680457199698e-01 5.709205967242747537e-01 1.202613039006074358e-01 3.453557307765827145e-01 5.751950141402845107e-01 4.245390807050671844e-01 8.540886760285072432e-01 1.390876599327708352e-01 1.107509538701605400e-01 7.135029984156250338e-01 3.812770101723730876e-01 2.580091558022615805e-01 3.683636350909363921e-01 8.030243171065811758e-01 5.668006924294788362e-01 5.887375995281161067e-01 4.578578613468711755e-01 2.560180364778512629e-01 7.169947714816709006e-01 3.562467865534512668e-01 2.065846465640029661e-01 3.214891179023774415e-01 9.636710867655849944e-01 3.329780378885657255e-01 6.709202930180203639e-01 4.735349109113191068e-01 1.066793061657302505e-01 4.202992757886512276e-01 7.052965663133662355e-01 9.282816995544344030e-01 1.015055856157911496e-01 6.927298471537733926e-01 7.438709720421889937e-01 6.796823264275594356e-01 5.983434231828027583e-01 4.856661019573445537e-01 2.037122155124745371e-01 5.976864823786248726e-01 8.031074405976454944e-01 2.691491334535328628e-01 3.713797108885893428e-01 4.322611604349086978e-01 5.963783451440789474e-01 8.242735193207734179e-01 5.909298987174811391e-01
1.033301745757134515e+00 0.000000000000000000e+00 1.013265948986903808e+00 8.338889602403458667e-01 1.203631213927934374e+00 1.231216089154618221e+00 5.540071397432184686e-01 6.513936853162998197e-01 1.458028515586363483e+00 8.323548479234504915e-01 7.904864238899141915e-01 9.472013267989498608e-01 7.482183380601586942e-01 5.435840678182831676e-01 2.960628461410231838e-01 9.450812189469539604e-01 5.725183601217427309e-01 1.235972404152793080e+00 8.657796397820798351e-01 6.807255734420961657e-01 8.198137312012111488e-01 7.311171115003138876e-01 1.025357558389067059e+00 5.923179075553413053e-01 9.460191507300413916e-01 7.164252049553520019e-01 1.060452240203360930e+00 7.335105264036013706e-01 4.713729134250776442e-01 9.141962633256600634e-01 9.602532315413803143e-01 6.695585406485742297e-01 4.291188541963180114e-01 5.827035957750454909e-01 1.287118624376515585e+00 8.895552680612520691e-01 8.596701570949760729e-01 1.587510488321522140e-01 8.575352868641983317e-01 5.944998900784885798e-01 9.102048526335581036e-01 1.149566351273122677e+00 4.508577354355872147e-01 5.961214967056652769e-01 8.734316577869315479e-01 6.872404792112676297e-01 7.542196005748026399e-01 8.330933314531843159e-01 7.725182597888029523e-01 9.647597048204999970e-01 8.318117161431870521e-01 9.828229075163628092e-01 7.616461716398017501e-01 7.096591694939039519e-01 5.335158688671627347e-01 5.761440730208341465e-01 1.085965156101002416e+00 9.340942971154049257e-01 1.340933357994446240e+00 7.043963122749666850e-01 6.793889032342972367e-01 9.546781175116021423e-01 9.537383012844862229e-01 1.099069097605075429e+00 6.611776781360586552e-01 9.567354265114209610e-01 7.774493229869449129e-01 7.463520008395733152e-01 9.893483124586380795e-01 1.122242508780757042e+00 4.741166895662501379e-01 6.346879025329964508e-01 8.608833487123752626e-01 5.027687368811214474e-01 8.394733738658033406e-01 9.092760491542827284e-01 7.435008570998884458e-01 1.014858240744637985e-01 7.849195479003379106e-01 5.242660431139030131e-01 6.319879226104502257e-01 9.932618991304972278e-01 9.474686143977227859e-01 3.594158637940276235e-01 7.677869854437472386e-01 1.024963849055955167e+00 5.011584089857706870e-01 8.455953485273197678e-01 3.729285134180475025e-01 8.000150425482573935e-01 7.763104648882143133e-01 8.667316044706190326e-01 6.699214462468533471e-01 6.205254548652793245e-01 9.287028771041477837e-01 1.373700972734043235e+00 6.744033459396779895e-01 1.163063461771743690e+00 8.741688833471147335e-01 5.968079924653036938e-01
9.662645529563316238e-01 1.013265948986903808e+00 0.000000000000000000e+00 1.005958444724405210e+00 1.389410716677028867e+00 1.377239123179013980e+00 5.525994140984957781e-01 7.983574290534607432e-01 1.415127772487104085e+00 9.958102492266300843e-01 3.496798610477092062e-01 1.060889143764454978e+00 6.657704146760297093e-01 6.925527770931804161e-01 7.614553018585278332e-01 2.444250041758986303e-01 7.774240461255821355e-01 1.191280982236001096e+00 8.181676050374002696e-01 5.712013429946010135e-01 8.714392050994133054e-01 3.081580950469964275e-01 1.216427996544809265e+00 4.756444503816475433e-01 1.070419631489126333e+00 9.574089857982596152e-01 1.212378211290118912e+00 4.968645728258731520e-01 7.317809863771406187e-01 1.830705048039228955e-01 1.018472219162527281e+00 8.615095742540569423e-01 5.988141415220996633e-01 6.366979289709078227e-01 1.244217881277256632e+00 8.112939140152929385e-01 1.560867225345559661e-01 8.578121055104758197e-01 1.050476869183575523e+00 6.038193947466058420e-01 1.112963739638513694e+00 1.104291278778831709e+00 6.738570175425142583e-01 4.233535443265806775e-01 3.024625748066394615e-01 7.717280922741924787e-01 6.728405021144971965e-01 9.224700458372615541e-01 2.700544737856716004e-01 1.231984017736621473e-01 9.750208471300532143e-01 8.872559176320652385e-01 5.767390740872364585e-01 4.020746610624698070e-01 7.193011925494527947e-01 8.503236953829004241e-01 1.271744658850096910e+00 9.412072719674162702e-01 1.298032614895187509e+00 4.566329732500282179e-01 8.876496953998702644e-01 1.320220509147416454e-01 1.094800332263307974e+00 1.048851633302147812e+00 3.715204676312000576e-01 1.114416760758794922e+00 7.562411902305983258e-01 8.026575499277834869e-01 2.409417278399396678e-01 1.268369357680276588e+00 7.618220327359606081e-01 5.549594135533182371e-01 7.327107373780773480e-01 5.979457221103933184e-01 1.001335654565983280e+00 9.188168146837979444e-01 8.634152561441787999e-01 9.562971302137105445e-01 9.959840839871247908e-01 7.474508120767501262e-01 6.880929394230453910e-01 1.035661255317617213e+00 1.126226260877216223e+00 6.889444453181651218e-01 9.534368304599487587e-01 1.007961823370789656e+00 5.174447019990500163e-01 2.223935809141426856e-01 6.752879626486646414e-01 3.751918995708282134e-01 5.009687029301708172e-01 9.573952502941662779e-01 5.453266017301188207e-01 7.894240507071300650e-01 1.059931198391053098e+00 1.330800229634783838e+00 8.898014937488816223e-01 1.309630057966729044e+00 1.466253032469228001e-01 4.897667609762100249e-01
1.002775281284487230e+00 8.338889602403458667e-01 1.005958444724405210e+00 0.000000000000000000e+00 1.220040014773071446e+00 1.190493122285368521e+00 6.630959653546463217e-01 5.568460799126276894e-01 1.452599360313883592e+00 8.579637355318746605e-01 7.236805768502764247e-01 8.960222985379846516e-01 7.942882056188932394e-01 3.138312171587039900e-01 5.694883041472686980e-01 9.759138718683133540e-01 6.330513540920585935e-01 1.235118932343655107e+00 7.659096910812318582e-01 5.646480846703537670e-01 8.941180976996112584e-01 7.661446384876894333e-01 1.037576318215513771e+00 5.303139943427577219e-01 9.602094134982994689e-01 6.975836991163725243e-01 1.021063148930824616e+00 7.453008730042393060e-01 4.546675264731456223e-01 8.774831677092377324e-01 8.860173108848676815e-01 1.826360871049290957e-01 4.982900276807125661e-01 6.719082458644044520e-01 1.278869338203724171e+00 8.812125446752754332e-01 8.607328862615423182e-01 6.757292714481537566e-01 8.347661658954744768e-01 4.482963426032434140e-01 9.206606557948651126e-01 1.136191089115814457e+00 5.638462627199289923e-01 6.466571306432397082e-01 8.621314809706810411e-01 7.676399056504161766e-01 6.518214361663638989e-01 7.685405727165792733e-01 7.388968233269389563e-01 9.535749697899442712e-01 8.607914309800913655e-01 8.829529588155147213e-01 6.697197798188105899e-01 7.655481070153251633e-01 4.351328923005312044e-01 5.621194705450237583e-01 1.102373956946139932e+00 1.009332076302073666e+00 1.339807367942692951e+00 6.149956511833045703e-01 7.082294249173578526e-01 9.603560187512087953e-01 9.397657335206974771e-01 1.102430758765759355e+00 6.374553397621524065e-01 9.182043993660304881e-01 8.640290953662523865e-01 6.497703904271912023e-01 9.406063223213757540e-01 1.081519541911506899e+00 5.407165719037629881e-01 7.276690975102392267e-01 7.584851843039365216e-01 4.242027586866672917e-01 8.000842825932678037e-01 8.276212648435926633e-01 7.962159482103704500e-01 7.769947972252205792e-01 7.908133503936257691e-01 3.347210280281167072e-01 5.303835624183330655e-01 1.010960396203270495e+00 9.641768460025623710e-01 4.744730964463187983e-01 9.668919870451064824e-02 9.389071334743376296e-01 5.817947052645884298e-01 8.752958721264422204e-01 5.481233535299406823e-01 8.212402141519922205e-01 6.573735519135792682e-01 9.222446924854615924e-01 5.376020814524224978e-01 2.171004239521011348e-01 9.006221946276095069e-01 1.366183221535940850e+00 6.232243176787130023e-01 1.122884057073084252e+00 8.595572229463046554e-01 6.901651082760852374e-01
6.842574668418444084e-01 1.203631213927934374e+00 1.389410716677028867e+00 1.220040014773071446e+00 0.000000000000000000e+00 9.160573539949504740e-01 9.070186106500197631e-01 7.360966188350392958e-01 1.083210689288240935e+00 3.972972603219101506e-01 1.091548216133080951e+00 6.372941867540979910e-01 7.578176033634645981e-01 9.524062869012015486e-01 9.114758115879046940e-01 1.242321857226936332e+00 6.490630373644882267e-01 8.641437264136663243e-01 7.224154933873365714e-01 9.307757312482725087e-01 6.066761132549300939e-01 1.107542015544323633e+00 2.097273055133156150e-01 1.052112431814688831e+00 4.977322445056959199e-01 5.380022711985601447e-01 7.422240635263062103e-01 9.214502092399786681e-01 7.743556363917958318e-01 1.249560851848542375e+00 6.244174284701877742e-01 1.050892546609550227e+00 9.148860198868025151e-01 7.699966153240120903e-01 9.094806671780818474e-01 7.699288269491595393e-01 1.236582167559767020e+00 1.049290796511926027e+00 4.965088541949891354e-01 9.573743053952012971e-01 3.378742380754224950e-01 7.688636914740621942e-01 8.162508714629661544e-01 1.028106503619899526e+00 1.122825373960340656e+00 6.239488083382965788e-01 8.117060121833605812e-01 6.240741401124970666e-01 1.202204565468683262e+00 1.362540518522793676e+00 4.742970006831674912e-01 7.876781348102209757e-01 8.778479591937679016e-01 9.891100611149198363e-01 8.354632925673455279e-01 6.579205442280474658e-01 1.179518946982908989e-01 6.464236627440352878e-01 9.690012756411142680e-01 1.050727904781636690e+00 5.314446574570800275e-01 1.281879876148292574e+00 5.644817950917044858e-01 7.323537165214327738e-01 1.127996912609451785e+00 6.323552293267299396e-01 6.719159867683121012e-01 6.980245136609682932e-01 1.250615880073458142e+00 8.072844022679277476e-01 7.324580863576624079e-01 8.397372968397116555e-01 8.048291437497505640e-01 9.333568048919997917e-01 5.636190495525706945e-01 7.280982316116924036e-01 5.412949734089784748e-01 1.134060367344478237e+00 4.292266643794451220e-01 8.970554812495357133e-01 8.515271803208721568e-01 5.919237813224511591e-01 2.752262359261974378e-01 8.587003940493753706e-01 1.149120991404723569e+00 6.766515606874181632e-01 9.755528478761648081e-01 1.167017135762886237e+00 8.917966429240435922e-01 1.034149885134200586e+00 9.582252260299682911e-01 5.661420302634008195e-01 1.005271200451290703e+00 1.014561617020023787e+00 5.749875278675273815e-01 9.965390870368254772e-01 6.323714363548005313e-01 8.448352850946894144e-01 1.283291321108996019e+00 9.528034873595565557e-01
6.735842409561214605e-01 1.231216089154618221e+00 1.377239123179013980e+00 1.190493122285368521e+00 9.160573539949504740e-01 0.000000000000000000e+00 9.825887482894405389e-01 6.548353035969127767e-01 1.083312970819142018e+00 6.114830317661755776e-01 1.037548625057025609e+00 3.448667003721357927e-01 8.186977747844838005e-01 9.256608292511145919e-01 9.427659866180295722e-01 1.251574248015533408e+00 7.190591010201301536e-01 8.652478254477460329e-01 6.077851235667637297e-01 8.234683401294295990e-01 7.515333258113610082e-01 1.155462712029131644e+00 7.304312462369108028e-01 1.034034927320261366e+00 5.815657425401601355e-01 5.186172199598639843e-01 1.926860598631185972e-01 9.267584915219965191e-01 7.736147251395435465e-01 1.207002053746669024e+00 5.014551694331133014e-01 1.015810798724808173e+00 9.312890883839719525e-01 8.770953441196904787e-01 9.095829487089827081e-01 7.687224936656026353e-01 1.261308389334047986e+00 1.076359637548380377e+00 4.366377757625164446e-01 8.855174730814414641e-01 5.960403287332978195e-01 7.689659730049627218e-01 8.773838984907250671e-01 1.110621800710447582e+00 1.115601028799536820e+00 7.310475371339750783e-01 7.043986210645173385e-01 4.682633748812240482e-01 1.141245828238238058e+00 1.340669498638169754e+00 6.690202570585646047e-01 6.685121275805865348e-01 8.118381878943844443e-01 1.041162691580026056e+00 7.720741684022726092e-01 6.550720161337837411e-01 7.983912961680188491e-01 7.386820682111813197e-01 9.701053746751937545e-01 9.571629607635588899e-01 6.089415074635818881e-01 1.295456662295785932e+00 5.413781913859733175e-01 7.334578155555123713e-01 1.094735546577656482e+00 2.940848305300284848e-01 7.810270265410705903e-01 5.943392961903934957e-01 1.235792241983788564e+00 1.097803145013931114e-01 7.819251274776602978e-01 9.365715734365579470e-01 6.935813026640538226e-01 9.167231655776904020e-01 3.917427152888147135e-01 5.603451221932103099e-01 6.528913123934720897e-01 1.161645242571161862e+00 5.243691996331064642e-01 8.570751676428158827e-01 7.442197892020290251e-01 6.323167252451311615e-01 6.688859998358096526e-01 8.751034625465448080e-01 1.114436574179229922e+00 5.921473382119483153e-01 1.026026948351511647e+00 1.198261301820180647e+00 9.317149112192963933e-01 1.051835215280851443e+00 8.806761763949673139e-01 7.026661538241653071e-01 9.171042274866655353e-01 9.863486001290351357e-01 4.146233413971241455e-01 9.968968320411993878e-01 5.672688046066555190e-01 9.097619119648767128e-02 1.232759921437242445e+00 1.039211487906823050e+00
6.025885853269629111e-01 5.540071397432184686e-01 5.525994140984957781e-01 6.630959653546463217e-01 9.070186106500197631e-01 9.825887482894405389e-01 0.000000000000000000e+00 4.760975345473756337e-01 1.041523489912399958e+00 5.188745436185806525e-01 3.562528100348254512e-01 7.103118842165058178e-01 3.009557749031414042e-01 3.583830340967687489e-01 2.793428834236941771e-01 4.323103293681010428e-01 2.635296472693104963e-01 8.194673784788298887e-01 5.016529261426729835e-01 3.672051740888367388e-01 4.371713684602065442e-01 2.529395169472091198e-01 7.332259113502432868e-01 2.185681754035022628e-01 6.191162087873582909e-01 4.774167854791570020e-01 8.093199265768495909e-01 2.025987233323633119e-01 2.937912056732342458e-01 4.823591716067850421e-01 7.044168459261681559e-01 4.998135229274689451e-01 1.648374270690031451e-01 1.701831785988409673e-01 8.706135987025527267e-01 4.500411369557942853e-01 3.979968594808732663e-01 4.001896591823804750e-01 5.910892463071459879e-01 3.411955933881180014e-01 6.274642927216050881e-01 7.330613255991598187e-01 1.495940657714840416e-01 1.523200139003251519e-01 3.476850184774972763e-01 3.195085647292628117e-01 3.904833473749684258e-01 6.095604736978198490e-01 3.486801408262556468e-01 5.127054762829429402e-01 5.119891425179903255e-01 5.420637589125947287e-01 2.756526370295829254e-01 1.672019792046491593e-01 3.756531080894331964e-01 3.723914890927326748e-01 7.893525528230878052e-01 5.400867602051134808e-01 9.244283323204834923e-01 3.176613066942794994e-01 3.811480271767184180e-01 4.582302395229780889e-01 6.822365991756511594e-01 6.784646004308521050e-01 2.417298610673257464e-01 7.017591989006765063e-01 3.539789508475431612e-01 5.195489868058491556e-01 4.782661912125760750e-01 8.738157965624178125e-01 2.354504473322300562e-01 1.494725187873832406e-01 4.045908449827667064e-01 2.534026566684724480e-01 6.002402890855498274e-01 6.023245997847268551e-01 4.049585128829405467e-01 4.959618023172075452e-01 5.029540047828220395e-01 3.580519286783615529e-01 4.483100839849447627e-01 6.330606056061477416e-01 6.468689753459260228e-01 2.397968659139073366e-01 5.980419677226422870e-01 6.627696646513193679e-01 9.737675027682970996e-02 3.433674991375715302e-01 1.842684666861874598e-01 2.625210981702973401e-01 2.860833489688954234e-01 5.171562839376754317e-01 3.545075659445247607e-01 4.477211859595140453e-01 6.652491584874252739e-01 9.571959470600793773e-01 4.809002767672195811e-01 9.119311481452330170e-01 4.301068720627758135e-01 8.822515505377580280e-02
4.729419998989307650e-01 6.513936853162998197e-01 7.983574290534607432e-01 5.568460799126276894e-01 7.360966188350392958e-01 6.548353035969127767e-01 4.760975345473756337e-01 0.000000000000000000e+00 9.168053847223152086e-01 3.875384020382410810e-01 4.523069124643042116e-01 3.429063863085886066e-01 3.033059691647836953e-01 2.974835326171209049e-01 3.652291397626304947e-01 6.973545244297524315e-01 2.416274653502675507e-01 6.993249567520858356e-01 2.301157154896632806e-01 2.271560860588590636e-01 4.714423179784929530e-01 6.192069541192499749e-01 5.536329222774820646e-01 3.833763099743182634e-01 4.555494150582549140e-01 2.020903027992948520e-01 4.893916625073571058e-01 3.926462196775556968e-01 1.823063288741413046e-01 6.308448460164566285e-01 3.313243628335010849e-01 3.822397505939369999e-01 3.353420002320020576e-01 4.018878532098111855e-01 7.430753626121557875e-01 3.747886385612343441e-01 6.744909597375966515e-01 4.934803956734608588e-01 3.205450954732860236e-01 2.386817938038592046e-01 4.354790901517103241e-01 6.024123408376649280e-01 3.423100245133995911e-01 5.048976131691269575e-01 5.607226235850826246e-01 3.650917473937098645e-01 1.514233420820574882e-01 2.116944928039514451e-01 5.449335741676671896e-01 7.563574790877447551e-01 4.188950596003175320e-01 3.544668260802293913e-01 2.740855570316826362e-01 5.070504197355851783e-01 1.309296507908951634e-01 1.208236963314931883e-01 6.184305610081073379e-01 5.262306025178400404e-01 8.040133923511244562e-01 3.608507066929884655e-01 2.715280769313019871e-01 7.388117492601635750e-01 4.351057350806525337e-01 5.675349468598522851e-01 4.889736087036515855e-01 3.914302119760332821e-01 3.971298513438780708e-01 1.088962943028334573e-01 6.648635609487308917e-01 5.458617232230512650e-01 2.457693082275496654e-01 4.024593015921172356e-01 2.580870902196300554e-01 3.008309946165630966e-01 2.754708505768824756e-01 2.775141061566439582e-01 3.728003045606040899e-01 5.821359715980730654e-01 3.068699544555938963e-01 2.235041195119445434e-01 1.260020750057384009e-01 5.036438686209363524e-01 4.802334500645307758e-01 2.922242206716255120e-01 4.808655260483585825e-01 3.932019060583161196e-01 4.304156783785837437e-01 6.519980922404187140e-01 3.541780643638973158e-01 5.036714625751026464e-01 3.137289673955553360e-01 4.890317153301748654e-01 2.844872445841239439e-01 3.556912670915698405e-01 3.456835936554985556e-01 8.303892459443725782e-01 1.037251824802386257e-01 5.872262383846280631e-01 6.523216544863131849e-01 5.272946175174115790e-01
4.577958496665319177e-01 1.458028515586363483e+00 1.415127772487104085e+00 1.452599360313883592e+00 1.083210689288240935e+00 1.083312970819142018e+00 1.041523489912399958e+00 9.168053847223152086e-01 0.000000000000000000e+00 7.980023971263723315e-01 1.085168432428262664e+00 7.661772134558164637e-01 7.534420202985093740e-01 1.178928481705271869e+00 1.161965669445340188e+00 1.256232002446934892e+00 9.143744115717595822e-01 2.414497731612255116e-01 6.866896692326518448e-01 9.427645325722167069e-01 6.479544729632841227e-01 1.148405061659304005e+00 8.839852681377933230e-01 1.149312290399828740e+00 6.005247684707510913e-01 7.838793531718530883e-01 9.009788581438333832e-01 9.248069523468260833e-01 1.037067866619530321e+00 1.245677433098355102e+00 6.282419972248391993e-01 1.279480003129409793e+00 1.148688131838153659e+00 8.864775554604349406e-01 1.757961603288204222e-01 6.053281077954838496e-01 1.270735151728156431e+00 1.307231392147073290e+00 6.602600788242558583e-01 1.068252266055675248e+00 7.453364512128188846e-01 3.215579220737355137e-01 1.019432808029197002e+00 1.091686815942862543e+00 1.127633343882985528e+00 7.762712443040158394e-01 8.103932508932933931e-01 7.659989858303137833e-01 1.195824781763865419e+00 1.384821114605105929e+00 7.054381494700218136e-01 5.726603514311016108e-01 8.511448925647751018e-01 1.031505147861643490e+00 1.018953440147569056e+00 9.185251576137707374e-01 9.698738191706715028e-01 5.300605265898531426e-01 1.174952998519329245e-01 1.032850527320306355e+00 8.375160495774063296e-01 1.304446144882952519e+00 5.449742624754412290e-01 3.844216141755230076e-01 1.170849350876771666e+00 7.910057400353937007e-01 6.928808224241100877e-01 8.122270199143204472e-01 1.253483818679151041e+00 9.765294222924993939e-01 1.013464369357344852e+00 8.967927659323080558e-01 7.088993678468322734e-01 1.169733171759830714e+00 7.641053643755759683e-01 6.504480313873872710e-01 7.384134149378296375e-01 1.388397856594814295e+00 7.355839274566160491e-01 1.120744372047417281e+00 9.251693511344534215e-01 5.014299421350654207e-01 8.171788042004968222e-01 1.130023336142595314e+00 1.378105778583831098e+00 5.422375287984981806e-01 1.127601513775622122e+00 1.192734191572961233e+00 1.107939702144445482e+00 1.047587401147511699e+00 9.433216151373662317e-01 6.135114382017202717e-01 1.050972293711097461e+00 1.252931519627042523e+00 6.817999381792843039e-01 8.999785366455720359e-02 8.682481081688555591e-01 1.006107075007099505e+00 1.276911537404177954e+00 1.033313590621622868e+00
4.011228687145267924e-01 8.323548479234504915e-01 9.958102492266300843e-01 8.579637355318746605e-01 3.972972603219101506e-01 6.114830317661755776e-01 5.188745436185806525e-01 3.875384020382410810e-01 7.980023971263723315e-01 0.000000000000000000e+00 6.979477486826822785e-01 3.357702144535272271e-01 3.642171359130658148e-01 5.851741547154408751e-01 5.401994455834209230e-01 8.487213897765377713e-01 2.640668769342873756e-01 5.785000507533375469e-01 3.805721317035711815e-01 5.889323695645074519e-01 2.268051427593992253e-01 7.139415480939246272e-01 2.247512594472567959e-01 6.808360658102047269e-01 2.070639522767044050e-01 1.934724813779850339e-01 4.382142100535843521e-01 5.278497417895799959e-01 4.032962090587293713e-01 8.559603843981439253e-01 3.372024751731328984e-01 6.888162673683538850e-01 5.436096538823187441e-01 3.763961478736133071e-01 6.242723750162130214e-01 3.776914637612763803e-01 8.429817001093684592e-01 6.780144305074419231e-01 1.962266776712713601e-01 5.995022940145730006e-01 1.463663097428389570e-01 4.836595816559540739e-01 4.281068044315271548e-01 6.380589963638276796e-01 7.292249065099417615e-01 2.303483408878978789e-01 4.698626504995951914e-01 2.831182621884038575e-01 8.086040980182848115e-01 9.689400510723948923e-01 1.201288398743088209e-01 4.874672385175839451e-01 4.842474917433693404e-01 5.955095936645211641e-01 4.768457210485237407e-01 2.968877613531786808e-01 2.796312024949785813e-01 3.033485548822667521e-01 6.833575999807851575e-01 6.571274373312380179e-01 1.541705829122957394e-01 8.882794086978941239e-01 2.772668417946494990e-01 4.467100408611037743e-01 7.379494053533798281e-01 3.286218299459085501e-01 2.763393603985266900e-01 3.534947238403929881e-01 8.570154126230598024e-01 5.027100800391526292e-01 3.611817203531784704e-01 4.461368293893129833e-01 4.323532272151330846e-01 5.620804388875160207e-01 2.395133773104700103e-01 3.862548699279270137e-01 1.451823386878799693e-01 7.627840013399941332e-01 9.994297374469512940e-02 5.352747449134234170e-01 5.096838186371069890e-01 3.016019548689221064e-01 1.317592649856634546e-01 4.874240280448915996e-01 7.870447121635270049e-01 3.894366073903632874e-01 5.874087808447258086e-01 7.734166683124875652e-01 5.068004824938427966e-01 6.405494176838020248e-01 5.646247585795697299e-01 2.111020618652550140e-01 6.559884202895974736e-01 6.498794370634467521e-01 2.734635555669566731e-01 7.111588747279596889e-01 2.838132195580023720e-01 5.408254316219679447e-01 8.896908536585977911e-01 5.627559801034849318e-01
6.325304143448580163e-01 7.904864238899141915e-01 3.496798610477092062e-01 7.236805768502764247e-01 1.091548216133080951e+00 1.037548625057025609e+00 3.562528100348254512e-01 4.523069124643042116e-01 1.085168432428262664e+00 6.979477486826822785e-01 0.000000000000000000e+00 7.211986456424664960e-01 3.522567317841788226e-01 4.098493596915727122e-01 5.386757767615383274e-01 2.766727721549327446e-01 5.448140395238941780e-01 8.613216421771597853e-01 4.784771069154108991e-01 2.251508264054451203e-01 5.588621261468723622e-01 2.112634074589276045e-01 9.185654960008612369e-01 2.074883465276708694e-01 7.670505512741188081e-01 6.177184876762702448e-01 8.726877131681303190e-01 1.863964388984785392e-01 4.822830140518970521e-01 1.852071702542302245e-01 6.787817210405380219e-01 5.767192039931631209e-01 3.722620334736714276e-01 3.924603305109860552e-01 9.142585412184154325e-01 4.798403246327789251e-01 2.321925543773679934e-01 6.350325804134863139e-01 7.107863710615869302e-01 2.893363593038760784e-01 8.151012390945656660e-01 7.709040428805877809e-01 4.607220216995636664e-01 2.442789518641084179e-01 1.416523220264840344e-01 4.892184063705611319e-01 3.331500039925079371e-01 5.827795477152721837e-01 1.248114488486062601e-01 3.115536636814898452e-01 6.771583465861056306e-01 5.518358337709101669e-01 2.427365279307277801e-01 1.931797049207869266e-01 3.710334182047114182e-01 5.491425990401206381e-01 9.738821583061488818e-01 6.202690352429396370e-01 9.680732748363465312e-01 1.200238130415593740e-01 6.088575464081149580e-01 2.961817243590607052e-01 7.566192190554179575e-01 7.188922932433066126e-01 1.414278056486329982e-01 7.747262626368066618e-01 4.484173007762574104e-01 4.629670518057942274e-01 2.323389523342437868e-01 9.286788595582882166e-01 5.374685670290290096e-01 2.967147904271450476e-01 3.954864693970491230e-01 3.336512200415016061e-01 6.616451564439937982e-01 5.791263165618085740e-01 5.655527556002308831e-01 7.335176051167210387e-01 6.981215834431769851e-01 4.495507728930585034e-01 3.420424228338889705e-01 7.085251272031803937e-01 8.283637603332680843e-01 4.430448326536586268e-01 6.721845833885405908e-01 6.725417395096346951e-01 3.131473072039091532e-01 2.329705644864484559e-01 4.525143611585809023e-01 9.755963730171586523e-02 1.597216319828069220e-01 6.459501399901134144e-01 2.092784559941296141e-01 5.076423504606444315e-01 7.202407002690641713e-01 1.000840889575942194e+00 5.437509771597249797e-01 9.699395598447407840e-01 2.036440864805620921e-01 3.076652808235710301e-01
3.560034279069507757e-01 9.472013267989498608e-01 1.060889143764454978e+00 8.960222985379846516e-01 6.372941867540979910e-01 3.448667003721357927e-01 7.103118842165058178e-01 3.429063863085886066e-01 7.661772134558164637e-01 3.357702144535272271e-01 7.211986456424664960e-01 0.000000000000000000e+00 4.979484667838830481e-01 6.317587230990551195e-01 6.587512242623614345e-01 9.308249400149327668e-01 4.467822369471955435e-01 5.481120680844208115e-01 2.787218747709685474e-01 5.071183607148705974e-01 4.806858879141928664e-01 8.347134040285307810e-01 4.515536392788284670e-01 7.236075216908691710e-01 2.825825401403391224e-01 2.387382718419857053e-01 1.893803119390171374e-01 6.060091835213957667e-01 4.853304941720616439e-01 8.906520743321096889e-01 1.748787179390847712e-01 7.213399749774245251e-01 6.452833013985790345e-01 6.062479062225221149e-01 5.924471913456572647e-01 4.300223990357502912e-01 9.449584099194892062e-01 7.923448751927119060e-01 1.525252968540451726e-01 5.719401718773911014e-01 3.169658183525202455e-01 4.518302156416376669e-01 6.051070344177901239e-01 7.898724927098467186e-01 7.948517207989358457e-01 4.602000992368069365e-01 3.880486416499584479e-01 1.397870460658281189e-01 8.248958488236788344e-01 1.024319519223610975e+00 3.743289628876432240e-01 3.274710388017839646e-01 4.910888798937836919e-01 7.204133835794253038e-01 4.738360370994837423e-01 3.732573206558725265e-01 5.196281289271660331e-01 4.234976164519314024e-01 6.529696173118683111e-01 6.408129813489998883e-01 3.380940695664136353e-01 9.747073542951854019e-01 2.325894672526809537e-01 4.163220581921870389e-01 7.783855671630974804e-01 1.106935380535068042e-01 5.101795886439025596e-01 2.779893167758346051e-01 9.158937062443663901e-01 2.390697442860976185e-01 5.096482634047256877e-01 6.158222654359573056e-01 3.728319946634531812e-01 6.228980874724939776e-01 1.100715951309561014e-01 2.216450275633579936e-01 3.820438744963039479e-01 8.776304802154933915e-01 2.537587569557234746e-01 5.626043438954321241e-01 4.278698097874701345e-01 3.280511995940643688e-01 3.901228325949570030e-01 5.910887001908766702e-01 8.199657504318460521e-01 2.692236947589439766e-01 7.400211613661186183e-01 8.775119938195798941e-01 6.477001488636281445e-01 7.310859072802508019e-01 5.643261969804083122e-01 4.036829514243442940e-01 6.007542480721065337e-01 6.924464939769756633e-01 9.169969794411962638e-02 6.797610746778738333e-01 2.727979808592715938e-01 2.754051659264014629e-01 9.164099420226833326e-01 7.406575813612517045e-01
3.095498620033813597e-01 7.482183380601586942e-01 6.657704146760297093e-01 7.942882056188932394e-01 7.578176033634645981e-01 8.186977747844838005e-01 3.009557749031414042e-01 3.033059691647836953e-01 7.534420202985093740e-01 3.642171359130658148e-01 3.522567317841788226e-01 4.979484667838830481e-01 0.000000000000000000e+00 5.137484782857960619e-01 4.572649038004815703e-01 5.101438618401932246e-01 2.481934407916344121e-01 5.295952300474063845e-01 2.339420095890911433e-01 2.497171772033748571e-01 2.184000044863393386e-01 3.971150070604440030e-01 5.848348832312446621e-01 4.284185618369829029e-01 4.265884296135855069e-01 3.734449329550532104e-01 6.544678199099207561e-01 1.821587248910765677e-01 4.206075937454122338e-01 5.102693674996405804e-01 4.363712481009571764e-01 6.258698610722970290e-01 4.255446210802513174e-01 1.655147422851128147e-01 5.825321290886621428e-01 1.570024136322127339e-01 5.194450971292962072e-01 6.042832472631869400e-01 4.669996674760039101e-01 3.891626127823349379e-01 4.813706263249493134e-01 4.469926866506755969e-01 3.021452262025744462e-01 3.453014020905382786e-01 3.835338896114383056e-01 1.575062493358872773e-01 1.518826270827261793e-01 3.581614207180548459e-01 4.629130811197814110e-01 6.454034480923225292e-01 3.434277338164890003e-01 2.515734781900037520e-01 1.339058975650996575e-01 2.787283963665200259e-01 3.689852204256347523e-01 3.689972098104088438e-01 6.401515455365326401e-01 2.798069135824065579e-01 6.363468627065930194e-01 3.114364204327346175e-01 2.751269336384984388e-01 5.582395741472937489e-01 4.433539302776489666e-01 3.871658811135533229e-01 4.379376502326879361e-01 5.565063693785969878e-01 1.130664763782572024e-01 2.688975122034931164e-01 5.113243957245562354e-01 7.104589663000786537e-01 3.266584298489340621e-01 1.552670382115919623e-01 1.261588131663511081e-01 4.956316309550192201e-01 4.434252631857842353e-01 3.342790019595158202e-01 2.318221428306144749e-01 6.831413152068500638e-01 3.643909706735605214e-01 4.674834624089121426e-01 2.736675708170942523e-01 3.714171405479196331e-01 4.946331475636517316e-01 4.280873357634963350e-01 7.246129492328425847e-01 3.722793839287283357e-01 3.918037446874516050e-01 4.433768337618870792e-01 3.935911798740856504e-01 2.999300311783474893e-01 2.189337416810663295e-01 3.054880183295803353e-01 3.408971575670868281e-01 5.947821283521341762e-01 4.917787454503489974e-01 6.691144774461887934e-01 3.588208403055440643e-01 7.510887095721990869e-01 5.439998367600941132e-01 2.869281767692984930e-01
7.264259111466945251e-01 5.435840678182831676e-01 6.925527770931804161e-01 3.138312171587039900e-01 9.524062869012015486e-01 9.256608292511145919e-01 3.583830340967687489e-01 2.974835326171209049e-01 1.178928481705271869e+00 5.851741547154408751e-01 4.098493596915727122e-01 6.317587230990551195e-01 5.137484782857960619e-01 0.000000000000000000e+00 2.801354057271813747e-01 6.625082042370884494e-01 3.599772659754572612e-01 9.614480537350424960e-01 4.926799428127163760e-01 2.784757817687657511e-01 6.210440095830098706e-01 4.527389708564648063e-01 7.699425903436446506e-01 2.169083267115330393e-01 6.940432448673319321e-01 4.299499712445032373e-01 7.548969802998571899e-01 4.530669192282926749e-01 1.818779456567115038e-01 5.640775000780131609e-01 6.253002932033502326e-01 1.689567971608765540e-01 1.974756968324292983e-01 3.926238694675838192e-01 1.005198459595112448e+00 6.034111552587358984e-01 5.473272186303175246e-01 3.854243790260908353e-01 5.685999972645070510e-01 1.407002037461393962e-01 6.530269279229957702e-01 8.598417189780209746e-01 2.824469419705840645e-01 3.332514630120151367e-01 5.487258133394563586e-01 4.892865757566997043e-01 3.740200467498244752e-01 5.050697589931720799e-01 4.254911556957143848e-01 6.401693021587194776e-01 5.877173428634899777e-01 6.066035886777216835e-01 3.891800524857135235e-01 4.521424393841005918e-01 1.757703450050242255e-01 2.944857426731542493e-01 8.347402290742695907e-01 7.361403936608368337e-01 1.066136489334081228e+00 3.024304011858465202e-01 4.351553368007565203e-01 6.469503511199840018e-01 6.735995648897294963e-01 8.246293693492194876e-01 3.240496721309278350e-01 6.520382307350625073e-01 5.856757654725358586e-01 3.852384212491572479e-01 6.272006546901509605e-01 8.166872488772530803e-01 2.662108381731647100e-01 4.470288363741174442e-01 4.806837948873969868e-01 1.109927173261470029e-01 5.339181139623002670e-01 5.598293917420431587e-01 5.231418600937689511e-01 4.866899048031577135e-01 5.231796225217565377e-01 9.989589128237175153e-02 2.537591305708184475e-01 7.447942275723029582e-01 6.965431181306931396e-01 1.841682040242555163e-01 2.623352236969680451e-01 6.696887130652918740e-01 2.706616496453531640e-01 5.618902044952173158e-01 2.528813857468758530e-01 5.074089969932886746e-01 3.614036164264137763e-01 6.491706043688602046e-01 2.250368314549641979e-01 9.779299076907163601e-02 6.344560259966419702e-01 1.092512342927329572e+00 3.589607422397835812e-01 8.575082018682406160e-01 5.461515553150801949e-01 3.790320526568499160e-01
7.372388996161111097e-01 2.960628461410231838e-01 7.614553018585278332e-01 5.694883041472686980e-01 9.114758115879046940e-01 9.427659866180295722e-01 2.793428834236941771e-01 3.652291397626304947e-01 1.161965669445340188e+00 5.401994455834209230e-01 5.386757767615383274e-01 6.587512242623614345e-01 4.572649038004815703e-01 2.801354057271813747e-01 0.000000000000000000e+00 6.868045426244367979e-01 2.774193957857350457e-01 9.399095580117701187e-01 5.947681688171362335e-01 4.113157522277185452e-01 5.237508850601876320e-01 4.772529323972154458e-01 7.333173854094511279e-01 3.349363187725882818e-01 6.509201863940342614e-01 4.279751024187639086e-01 7.720021376667721702e-01 4.435573145513146964e-01 1.829228108884892179e-01 6.623856161972844214e-01 6.718031290047919990e-01 4.051578845554966168e-01 1.779403422665118140e-01 2.917501615153687555e-01 9.910557782354929568e-01 5.986018338015753892e-01 6.078595099665999868e-01 1.511888744796494877e-01 5.654951138845824010e-01 3.310512279873866759e-01 6.181646796539421729e-01 8.535035051321000488e-01 1.609045235833009846e-01 3.422573176025671127e-01 6.086930074478048569e-01 3.911776330702442794e-01 4.848097793604250194e-01 5.446432289165961116e-01 5.207076126604273103e-01 7.129490576921239109e-01 5.367127518071798109e-01 7.004105381673028097e-01 4.706927373801247372e-01 4.409185699813696901e-01 2.641060476527852252e-01 2.876939704842459422e-01 7.938097537609727361e-01 6.380314509743814089e-01 1.044870511853423611e+00 4.504586034880581069e-01 3.872335008942680012e-01 7.022748962095392011e-01 6.616981283048704032e-01 8.030062514640523563e-01 4.093670310076831242e-01 6.682853239748326457e-01 4.857051315662169744e-01 4.619629565628827761e-01 7.375376653302626595e-01 8.337924062441680606e-01 1.790177252302423971e-01 3.442708197493499767e-01 5.770988558425746984e-01 2.393200747900196546e-01 5.510232713292151363e-01 6.208259466176944130e-01 4.484018927638808716e-01 2.269944317238958842e-01 4.928793749207223684e-01 2.561381603699118270e-01 3.625781013960725496e-01 6.981629347944900976e-01 6.553132120576931063e-01 1.049698269382064175e-01 5.033863293506698477e-01 7.365137465193667410e-01 2.472942298826725782e-01 5.911464052902679622e-01 1.006694578154803815e-01 5.295424613465198327e-01 5.069006436738366927e-01 5.716326401346119024e-01 4.064727841557513877e-01 3.570767927741773651e-01 6.366627041245318530e-01 1.077638126593019940e+00 3.859532434030900072e-01 8.746133592351555963e-01 6.223582362187393135e-01 3.275390615853974174e-01
8.058745335924896169e-01 9.450812189469539604e-01 2.444250041758986303e-01 9.759138718683133540e-01 1.242321857226936332e+00 1.251574248015533408e+00 4.323103293681010428e-01 6.973545244297524315e-01 1.256232002446934892e+00 8.487213897765377713e-01 2.766727721549327446e-01 9.308249400149327668e-01 5.101438618401932246e-01 6.625082042370884494e-01 6.868045426244367979e-01 0.000000000000000000e+00 6.478657260059824674e-01 1.032385212195831681e+00 6.824335294578240951e-01 4.800699353770968014e-01 7.232193702682921943e-01 2.139641074466404336e-01 1.069339137094716508e+00 4.586743411944793625e-01 9.233307720390339091e-01 8.356845606016317651e-01 1.087344293140970253e+00 3.320629110447614329e-01 6.809568291610818003e-01 1.806606581530737221e-01 8.851974492413191564e-01 8.292950725761332187e-01 5.377343137774155402e-01 5.071396088513083766e-01 1.085322111237087217e+00 6.509038946514508206e-01 1.788138567897294695e-01 7.896273754705264158e-01 9.287524439869481174e-01 5.623896719019283452e-01 9.658748801884213808e-01 9.439012594149894797e-01 5.545940677711939104e-01 3.489597222412887945e-01 1.372521038145362304e-01 6.246392328241001657e-01 5.544747831783226610e-01 7.910378939491045092e-01 2.789365339065622562e-01 2.784102940519344593e-01 8.279319876799611233e-01 7.356790481879629251e-01 4.397360601211487974e-01 2.725163409428703609e-01 6.289370302786082556e-01 7.686694950247567881e-01 1.124655799400004375e+00 7.899507754225999490e-01 1.139136844855017872e+00 3.930771256396116131e-01 7.472691921803590320e-01 1.217549090414419555e-01 9.383043360918158493e-01 8.899558632619785081e-01 3.520371730677464561e-01 9.893828426096468176e-01 6.057057139310472182e-01 6.842918309916090625e-01 1.503747510928642728e-01 1.143335439531127928e+00 6.352442792473582678e-01 4.129092192997260158e-01 5.868091002535802403e-01 5.591816087657732748e-01 8.763017364168338430e-01 7.831052030998778557e-01 7.163263966940867089e-01 8.881124001737610296e-01 8.488952245370325889e-01 6.966266548606914188e-01 5.870900347993369683e-01 8.795886972218519562e-01 9.791374014271237991e-01 6.239236033682029614e-01 9.233922576038567920e-01 8.563849539266873423e-01 4.439228099611833844e-01 1.039960924548293808e-01 5.917301258869300806e-01 2.102765528436696396e-01 3.875287060798214833e-01 8.103063908440740759e-01 4.822699876729471535e-01 7.593794778510380983e-01 9.284990465028966078e-01 1.171904459594613979e+00 7.732456225297771324e-01 1.183965182803248473e+00 2.591753507583662852e-01 3.734904207697169465e-01
