0.000000000000000000e+00 5.936801809847638278e-01 5.811518183155442996e-01 5.210342305055549739e-01 5.089610002335877015e-01 4.200357343704666513e-01 4.087640410261311197e-01 3.536548578088538064e-01 3.089003467797194480e-01 2.998943919763122912e-01 2.438088788592124023e-01 2.143251441422631409e-01 2.545518527480800097e-01 3.562013985045598408e-01 4.308996202040858980e-01 4.070087082261214517e-01 1.865921240984799445e-01 3.509833213498506077e-01 1.838384370050938910e-01 3.933419235721684060e-01 5.502696259673250934e-01 5.154901870222093896e-01 1.516396805267333781e-01 1.616827126304385964e-01 1.427378469352144075e-01
5.936801809847638278e-01 0.000000000000000000e+00 1.013507834996185686e+00 1.004179552523329910e+00 1.076431292993949684e+00 6.930169869627629264e-01 7.654302720389256631e-01 6.759947476921237541e-01 3.716069128141745725e-01 8.559883120969689063e-01 4.940057686527991598e-01 5.886221656565960858e-01 7.580984482239304656e-01 8.134662865237357599e-01 8.331960856834483842e-01 2.028425061147844655e-01 5.150637888551958810e-01 9.135607919997590365e-01 6.315300030073615067e-01 8.048983057036325217e-01 9.172573120869821350e-01 9.657634774882746242e-01 4.756074862729670061e-01 4.465761427273705619e-01 7.296721774098592350e-01
5.811518183155442996e-01 1.013507834996185686e+00 0.000000000000000000e+00 5.762140618139238724e-01 5.208705486124929340e-01 9.723056662637917791e-01 8.985761013421521559e-01 3.696828009615771293e-01 6.556515115924937964e-01 2.895967196781025210e-01 7.625941688100287275e-01 6.839981301454968188e-01 3.265999655674645674e-01 4.291824089367697326e-01 2.033228903464352200e-01 8.324196178702700788e-01 5.122568566336808127e-01 3.842210419523320319e-01 4.633514439357563353e-01 2.501291125795913062e-01 1.594066847883761628e-01 1.561332835694484167e-01 6.917887509102643717e-01 6.163043516242703301e-01 4.418126873059025628e-01
5.210342305055549739e-01 1.004179552523329910e+00 5.762140618139238724e-01 0.000000000000000000e+00 6.207106568522114953e-01 9.091666580483894755e-01 8.258584569797314812e-01 4.152249273170905419e-01 6.325726397091554487e-01 3.259185045996605412e-01 7.539201927084057120e-01 6.112804857830762550e-01 5.301874008218846468e-01 2.218904610101138930e-01 5.491423218318793875e-01 8.258892198570318977e-01 5.486416609770361497e-01 5.107436353194382272e-01 3.862493501800103313e-01 3.577556198521329445e-01 5.325203200704681228e-01 5.189971009180415207e-01 6.128485189898739138e-01 6.779221295151501847e-01 3.870683603222459523e-01
5.089610002335877015e-01 1.076431292993949684e+00 5.208705486124929340e-01 6.207106568522114953e-01 0.000000000000000000e+00 9.225804072348808837e-01 9.055684323860450080e-01 5.596164624014839939e-01 7.567315943704350234e-01 3.048002180477559775e-01 7.463535517236267181e-01 7.058249166492291948e-01 3.673277282565928226e-01 4.961031687755800834e-01 4.383583555137272603e-01 8.897598202353071972e-01 6.111028075811908433e-01 1.911926585517468580e-01 5.190583138432383059e-01 4.533197745522410949e-01 5.205168334755694293e-01 4.584131757172798527e-01 6.552712492011094625e-01 6.391324665724051890e-01 3.773779615785864960e-01
4.200357343704666513e-01 6.930169869627629264e-01 9.723056662637917791e-01 9.091666580483894755e-01 9.225804072348808837e-01 0.000000000000000000e+00 6.417292701417187661e-01 7.038663266534899154e-01 4.117845736226004028e-01 7.056778510450878450e-01 2.165960740200339185e-01 4.472903732578507041e-01 6.457057006963271562e-01 7.246759796067654413e-01 8.131059487259113538e-01 4.995308235105394012e-01 5.169540060615190891e-01 7.646027283511437345e-01 5.291398954263493160e-01 7.379777773891887938e-01 9.196500480315926707e-01 9.102045534450829978e-01 2.963181390585157837e-01 3.610761795203200619e-01 5.597604779844036482e-01
4.087640410261311197e-01 7.654302720389256631e-01 8.985761013421521559e-01 8.258584569797314812e-01 9.055684323860450080e-01 6.417292701417187661e-01 0.000000000000000000e+00 5.990543168881218294e-01 4.209781038558605415e-01 6.555852437018895307e-01 4.859515858237549724e-01 2.145779711966555037e-01 6.600994884804050056e-01 6.351451909801375528e-01 7.906422393688947725e-01 5.758183378876132741e-01 5.268083576289366299e-01 7.550030457509248061e-01 4.396091067997212609e-01 6.484469887625610163e-01 8.301192594049648932e-01 8.438636622193358416e-01 3.454111310832029269e-01 4.884456129254828860e-01 5.302994201021840048e-01
3.536548578088538064e-01 6.759947476921237541e-01 3.696828009615771293e-01 4.152249273170905419e-01 5.596164624014839939e-01 7.038663266534899154e-01 5.990543168881218294e-01 0.000000000000000000e+00 3.127443886682648722e-01 2.945249580810728185e-01 4.890949939281522552e-01 3.898955732781703154e-01 2.105615661260982208e-01 2.140879169950890282e-01 2.027625187185826128e-01 4.961089610433977448e-01 1.887506787697321442e-01 3.860888273711397534e-01 1.798342400189149037e-01 1.621909546161899862e-01 2.632318129539610863e-01 3.198520596633223634e-01 4.075481875949742427e-01 3.428051767423938023e-01 2.547858304960924913e-01
3.089003467797194480e-01 3.716069128141745725e-01 6.556515115924937964e-01 6.325726397091554487e-01 7.567315943704350234e-01 4.117845736226004028e-01 4.209781038558605415e-01 3.127443886682648722e-01 0.000000000000000000e+00 4.996979876483276239e-01 2.208383124731796987e-01 2.503601710273323233e-01 4.525546317434127608e-01 4.418593737095614649e-01 4.895018512080767104e-01 1.943093763052499423e-01 1.917215908762247289e-01 6.109366180528545964e-01 2.599230901931869897e-01 4.332913928894581157e-01 5.673398182346542917e-01 6.010735388653504208e-01 1.842063181995729770e-01 1.588522022921269317e-01 3.973271469682319035e-01
2.998943919763122912e-01 8.559883120969689063e-01 2.895967196781025210e-01 3.259185045996605412e-01 3.048002180477559775e-01 7.056778510450878450e-01 6.555852437018895307e-01 2.945249580810728185e-01 4.996979876483276239e-01 0.000000000000000000e+00 5.386265183772619425e-01 4.537053739635564797e-01 2.115286083521000782e-01 2.023755562175452993e-01 2.364185252893060141e-01 6.653066855472319352e-01 4.279416917410183152e-01 1.848251307197777138e-01 2.616611412100265932e-01 1.667408257534121474e-01 2.674845493754126058e-01 2.222871654064710600e-01 4.141155528974802547e-01 4.559474431808538952e-01 1.584930107681906397e-01
2.438088788592124023e-01 4.940057686527991598e-01 7.625941688100287275e-01 7.539201927084057120e-01 7.463535517236267181e-01 2.165960740200339185e-01 4.859515858237549724e-01 4.890949939281522552e-01 2.208383124731796987e-01 5.386265183772619425e-01 0.000000000000000000e+00 2.970613311406328783e-01 4.606076222518259988e-01 5.694295142667816778e-01 5.983195863913497448e-01 3.005196052005758567e-01 3.021676437269575910e-01 5.862837524871058470e-01 3.738934300863654969e-01 5.827313120492050302e-01 7.072500049884152817e-01 7.045146221427073252e-01 1.510604885018262955e-01 1.462898171857585639e-01 3.850657159115509764e-01
2.143251441422631409e-01 5.886221656565960858e-01 6.839981301454968188e-01 6.112804857830762550e-01 7.058249166492291948e-01 4.472903732578507041e-01 2.145779711966555037e-01 3.898955732781703154e-01 2.503601710273323233e-01 4.537053739635564797e-01 2.970613311406328783e-01 0.000000000000000000e+00 4.616116833312711165e-01 4.205672197834822157e-01 5.814834957589429809e-01 3.979405391068588926e-01 3.176496140189851158e-01 5.560058294115366451e-01 2.250311356030658405e-01 4.338690175659055126e-01 6.155412882083096671e-01 6.292856910226805045e-01 1.509722341993349481e-01 2.940067160416148240e-01 3.313022037627958438e-01
2.545518527480800097e-01 7.580984482239304656e-01 3.265999655674645674e-01 5.301874008218846468e-01 3.673277282565928226e-01 6.457057006963271562e-01 6.600994884804050056e-01 2.105615661260982208e-01 4.525546317434127608e-01 2.115286083521000782e-01 4.606076222518259988e-01 4.616116833312711165e-01 0.000000000000000000e+00 3.730125377997658420e-01 2.022051073235503482e-01 5.719536068271330320e-01 2.644526442499253727e-01 1.824591693298427131e-01 3.203925517445820881e-01 2.934428122564837760e-01 3.382171387419037889e-01 2.644988527487559526e-01 4.009886070312311257e-01 3.384762825075361414e-01 1.440164389380407806e-01
3.562013985045598408e-01 8.134662865237357599e-01 4.291824089367697326e-01 2.218904610101138930e-01 4.961031687755800834e-01 7.246759796067654413e-01 6.351451909801375528e-01 2.140879169950890282e-01 4.418593737095614649e-01 2.023755562175452993e-01 5.694295142667816778e-01 4.205672197834822157e-01 3.730125377997658420e-01 0.000000000000000000e+00 3.876572898000932854e-01 6.351759538574377473e-01 3.579283949774420548e-01 3.872006869373230686e-01 1.955360841804163752e-01 1.790532963571785929e-01 3.705935960019605124e-01 3.744699698139535848e-01 4.283578405482498241e-01 5.090582159837631071e-01 2.289960988617249227e-01
4.308996202040858980e-01 8.331960856834483842e-01 2.033228903464352200e-01 5.491423218318793875e-01 4.383583555137272603e-01 8.131059487259113538e-01 7.906422393688947725e-01 2.027625187185826128e-01 4.895018512080767104e-01 2.364185252893060141e-01 5.983195863913497448e-01 5.814834957589429809e-01 2.022051073235503482e-01 3.876572898000932854e-01 0.000000000000000000e+00 6.521078685575329992e-01 3.298204791446257000e-01 2.907252208512310365e-01 3.818108542239290193e-01 2.223308927518762856e-01 1.593423380377855803e-01 1.778386493672427793e-01 5.712045384926892622e-01 4.520297692055911254e-01 3.460217742149435116e-01
4.070087082261214517e-01 2.028425061147844655e-01 8.324196178702700788e-01 8.258892198570318977e-01 8.897598202353071972e-01 4.995308235105394012e-01 5.758183378876132741e-01 4.961089610433977448e-01 1.943093763052499423e-01 6.653066855472319352e-01 3.005196052005758567e-01 3.979405391068588926e-01 5.719536068271330320e-01 6.351759538574377473e-01 6.521078685575329992e-01 0.000000000000000000e+00 3.336891796372905006e-01 7.268893192411166604e-01 4.520298948256168958e-01 6.266079730373343981e-01 7.361690949610667500e-01 7.796186360914770797e-01 2.821034051718024349e-01 2.599046699687281858e-01 5.389905508601222639e-01
1.865921240984799445e-01 5.150637888551958810e-01 5.122568566336808127e-01 5.486416609770361497e-01 6.111028075811908433e-01 5.169540060615190891e-01 5.268083576289366299e-01 1.887506787697321442e-01 1.917215908762247289e-01 4.279416917410183152e-01 3.021676437269575910e-01 3.176496140189851158e-01 2.644526442499253727e-01 3.579283949774420548e-01 3.298204791446257000e-01 3.336891796372905006e-01 0.000000000000000000e+00 4.374236374064603972e-01 2.209810492478759547e-01 3.403465887283755875e-01 4.169452660272043865e-01 4.550505961243910269e-01 3.028872257429970904e-01 1.558778265411990827e-01 2.845151955818581713e-01
3.509833213498506077e-01 9.135607919997590365e-01 3.842210419523320319e-01 5.107436353194382272e-01 1.911926585517468580e-01 7.646027283511437345e-01 7.550030457509248061e-01 3.860888273711397534e-01 6.109366180528545964e-01 1.848251307197777138e-01 5.862837524871058470e-01 5.560058294115366451e-01 1.824591693298427131e-01 3.872006869373230686e-01 2.907252208512310365e-01 7.268893192411166604e-01 4.374236374064603972e-01 0.000000000000000000e+00 3.777273805406473062e-01 3.207178458389554621e-01 3.838673268154086382e-01 3.217636690571189506e-01 5.025590578148340093e-01 4.762619655782149297e-01 2.250621842130308969e-01
1.838384370050938910e-01 6.315300030073615067e-01 4.633514439357563353e-01 3.862493501800103313e-01 5.190583138432383059e-01 5.291398954263493160e-01 4.396091067997212609e-01 1.798342400189149037e-01 2.599230901931869897e-01 2.616611412100265932e-01 3.738934300863654969e-01 2.250311356030658405e-01 3.203925517445820881e-01 1.955360841804163752e-01 3.818108542239290193e-01 4.520298948256168958e-01 2.209810492478759547e-01 3.777273805406473062e-01 0.000000000000000000e+00 2.132223313561651401e-01 3.948946019985691835e-01 4.086390048129401875e-01 2.328217563678334212e-01 3.394105896105107378e-01 1.781241109521304877e-01
3.933419235721684060e-01 8.048983057036325217e-01 2.501291125795913062e-01 3.577556198521329445e-01 4.533197745522410949e-01 7.379777773891887938e-01 6.484469887625610163e-01 1.621909546161899862e-01 4.332913928894581157e-01 1.667408257534121474e-01 5.827313120492050302e-01 4.338690175659055126e-01 2.934428122564837760e-01 1.790532963571785929e-01 2.223308927518762856e-01 6.266079730373343981e-01 3.403465887283755875e-01 3.207178458389554621e-01 2.132223313561651401e-01 0.000000000000000000e+00 1.962861115498548970e-01 1.954166734567751584e-01 4.416596383306731211e-01 4.925636261299490837e-01 2.853215446861949167e-01
5.502696259673250934e-01 9.172573120869821350e-01 1.594066847883761628e-01 5.325203200704681228e-01 5.205168334755694293e-01 9.196500480315926707e-01 8.301192594049648932e-01 2.632318129539610863e-01 5.673398182346542917e-01 2.674845493754126058e-01 7.072500049884152817e-01 6.155412882083096671e-01 3.382171387419037889e-01 3.705935960019605124e-01 1.593423380377855803e-01 7.361690949610667500e-01 4.169452660272043865e-01 3.838673268154086382e-01 3.948946019985691835e-01 1.962861115498548970e-01 0.000000000000000000e+00 1.781919387592603155e-01 6.233319089730771090e-01 5.609601878026565513e-01 4.232101852944804010e-01
5.154901870222093896e-01 9.657634774882746242e-01 1.561332835694484167e-01 5.189971009180415207e-01 4.584131757172798527e-01 9.102045534450829978e-01 8.438636622193358416e-01 3.198520596633223634e-01 6.010735388653504208e-01 2.222871654064710600e-01 7.045146221427073252e-01 6.292856910226805045e-01 2.644988527487559526e-01 3.744699698139535848e-01 1.778386493672427793e-01 7.796186360914770797e-01 4.550505961243910269e-01 3.217636690571189506e-01 4.086390048129401875e-01 1.954166734567751584e-01 1.781919387592603155e-01 0.000000000000000000e+00 6.353067819300787233e-01 5.582248049569487058e-01 3.740888058140878214e-01
1.516396805267333781e-01 4.756074862729670061e-01 6.917887509102643717e-01 6.128485189898739138e-01 6.552712492011094625e-01 2.963181390585157837e-01 3.454111310832029269e-01 4.075481875949742427e-01 1.842063181995729770e-01 4.141155528974802547e-01 1.510604885018262955e-01 1.509722341993349481e-01 4.009886070312311257e-01 4.283578405482498241e-01 5.712045384926892622e-01 2.821034051718024349e-01 3.028872257429970904e-01 5.025590578148340093e-01 2.328217563678334212e-01 4.416596383306731211e-01 6.233319089730771090e-01 6.353067819300787233e-01 0.000000000000000000e+00 1.581033188351173846e-01 2.778932876225230220e-01
1.616827126304385964e-01 4.465761427273705619e-01 6.163043516242703301e-01 6.779221295151501847e-01 6.391324665724051890e-01 3.610761795203200619e-01 4.884456129254828860e-01 3.428051767423938023e-01 1.588522022921269317e-01 4.559474431808538952e-01 1.462898171857585639e-01 2.940067160416148240e-01 3.384762825075361414e-01 5.090582159837631071e-01 4.520297692055911254e-01 2.599046699687281858e-01 1.558778265411990827e-01 4.762619655782149297e-01 3.394105896105107378e-01 4.925636261299490837e-01 5.609601878026565513e-01 5.582248049569487058e-01 1.581033188351173846e-01 0.000000000000000000e+00 2.974544324126631722e-01
1.427378469352144075e-01 7.296721774098592350e-01 4.418126873059025628e-01 3.870683603222459523e-01 3.773779615785864960e-01 5.597604779844036482e-01 5.302994201021840048e-01 2.547858304960924913e-01 3.973271469682319035e-01 1.584930107681906397e-01 3.850657159115509764e-01 3.313022037627958438e-01 1.440164389380407806e-01 2.289960988617249227e-01 3.460217742149435116e-01 5.389905508601222639e-01 2.845151955818581713e-01 2.250621842130308969e-01 1.781241109521304877e-01 2.853215446861949167e-01 4.232101852944804010e-01 3.740888058140878214e-01 2.778932876225230220e-01 2.974544324126631722e-01 0.000000000000000000e+00
