0.000000000000000000e+00 6.428529548342024613e-01 6.005664754328838839e-01 5.492498834729534485e-01 3.272273690150604986e-01 3.237308994831252784e-01 2.639840932557412922e-01 2.370783426931056814e-01 4.951495238304209345e-01 2.173648543659965904e-01 1.769189580386061889e-01 1.769713832838286649e-01 3.756773880762487861e-01 1.658160852710818534e-01 4.847735519202908683e-01 1.508663423060467301e-01 3.816674984902257983e-01 2.382282111984773687e-01 5.128921887144286540e-01 5.895020457877518938e-01 1.294680724819392559e-01 4.991856489873987557e-01 2.562917079410000354e-01 4.802194835190637390e-01 1.188796372654214034e-01 4.042415295678034592e-01 3.869107481803522042e-01 2.252357675574538365e-01 1.094011315048778882e-01 2.246119414315055351e-01 3.649763966947479621e-01 1.407441527814206339e-01 3.949906139956808060e-01 5.169521240221820468e-01 9.134058549828891205e-02 4.489237834919594938e-01 9.042862188442428450e-02 5.577218985220523395e-01 8.911820421544833226e-02 9.918844776719533407e-02 3.005949403516350316e-01 1.903582509126062750e-01 3.034586489682741250e-01 4.408622980166840288e-01 5.416074821268005435e-01 4.639516566811316967e-01 2.132511323526656843e-01 1.417907722176659779e-01 3.080520370526134699e-01 5.494018965770539609e-01 1.097518997400131480e-01 2.241904778628617811e-01 1.609360683593045738e-01 3.853312362666525548e-01 3.891158987127992241e-01 2.212893552416019816e-01 5.313385945419981660e-01 4.495193838165421063e-01 1.067564514570171624e-01 4.440524257829496779e-01 3.401826470378609968e-01 7.957180381025073801e-02 7.676439705308932271e-02 1.790533062336913117e-01 4.175005652760886421e-01 6.543833697454830289e-02 5.248341176030347777e-01 5.105543499741234115e-01 1.422933431738716836e-01 3.189118296642614592e-01 5.850253366822346646e-01 2.622565278007915057e-01 9.105002420043195599e-02 2.667914984560425529e-01 1.487137881438251041e-01 2.622597459557326482e-01 5.060364211580851146e-01 5.159248492986634460e-01 3.828621523055235620e-01 1.246912239157929869e-01 4.355249881764259312e-01 3.578816013177456012e-01 1.562629085059553946e-01 5.660542942908758368e-01 4.300693045886940236e-01 4.713026589541077782e-01 4.480164144360089806e-01 4.519028237189400832e-01 2.079028991020251127e-01 2.372403324043945716e-01 3.373355598308909742e-01 1.730801252143343016e-01 6.153397751253838338e-02 4.524899102286674690e-01 5.620791468109177513e-01 2.899587303961038698e-01 5.271061817007355321e-02 4.951389798519308938e-01 5.670089159433537862e-01 1.305751961015338414e-01
6.428529548342024613e-01 0.000000000000000000e+00 4.660822882334689221e-01 4.378844757203855242e-01 3.247664389743217805e-01 8.927748978778236033e-01 5.007964147819237155e-01 7.942332902351026958e-01 2.868108018643156232e-01 7.641886726037349087e-01 5.025141495000992053e-01 5.787431479806419699e-01 3.263633713489744737e-01 7.327895558165039569e-01 1.641652920226372159e-01 5.183675633621582790e-01 3.605605820737004530e-01 4.270378248715471781e-01 4.302299882898263927e-01 3.875900629497474603e-01 6.931300157771902448e-01 3.629665768121503322e-01 3.924265862016285134e-01 3.211714608726906062e-01 6.342741457330776100e-01 2.561663255491289926e-01 3.968841406659799897e-01 4.226432762270518895e-01 6.146905576169685581e-01 7.956431110336584789e-01 2.778765581394544437e-01 5.238455402582677944e-01 2.572121134323663294e-01 3.961558625382463061e-01 6.141159725030930217e-01 2.130157223449747061e-01 5.536685618829272348e-01 9.162561120781727297e-02 6.643952579998840813e-01 5.751862685022463006e-01 4.167706901674622100e-01 5.594582964737977449e-01 4.234030060750878510e-01 3.117507603505525471e-01 3.550487406877746999e-01 3.622439063497807643e-01 4.390082812522876354e-01 7.190463347133263516e-01 3.506229808957466720e-01 3.914651861602760352e-01 5.828595386611079565e-01 4.933544618376018986e-01 7.223810583400466223e-01 2.707023345159922378e-01 2.619618579867771802e-01 4.721879057361568766e-01 3.905408238359941997e-01 3.322940161542510817e-01 6.381558053606271042e-01 3.659379443185911684e-01 4.320769094562694201e-01 6.481504164775956367e-01 5.917051288348730287e-01 4.681905670460438373e-01 2.883224652961058898e-01 6.621356060957336309e-01 3.243531060749653694e-01 1.603926037690560913e-01 6.360637988437913837e-01 3.298064644783670896e-01 6.296888649035478625e-02 8.313005261954897751e-01 6.721825936458381001e-01 4.878692913233267370e-01 4.991652556406805386e-01 3.892041174100985823e-01 3.836085483049094247e-01 4.206575771825574739e-01 3.021750626390950489e-01 5.607538227166435352e-01 3.590035246419239212e-01 3.826336151222537452e-01 5.546019005173109528e-01 3.881050709101305229e-01 2.200641803054029233e-01 2.703848477016158602e-01 2.085161464866097658e-01 2.402244334103783296e-01 7.836610988550615220e-01 4.087902326338945236e-01 3.672389961824678029e-01 7.426459377048889587e-01 5.891634108153293026e-01 3.285301303006812335e-01 4.245195075610319058e-01 3.563119485499961492e-01 6.571870477828609669e-01 3.438806260106716528e-01 4.042759956816203148e-01 6.044788927187811911e-01
6.005664754328838839e-01 4.660822882334689221e-01 0.000000000000000000e+00 4.460966792421115490e-01 3.401756757424495570e-01 8.734438006236754370e-01 3.827791616430513688e-01 7.203162220675530802e-01 2.370430637820276076e-01 7.411065589817114052e-01 4.917845599122755429e-01 4.945443968592196926e-01 3.737225826196224898e-01 7.039823108172053034e-01 3.597982560564589316e-01 5.253980677001878208e-01 2.391519450114021061e-01 3.623382642344069038e-01 3.678861384760693798e-01 3.709633581798869595e-01 6.165800883981987779e-01 1.217935608411943732e-01 4.606036138337895047e-01 3.470537642194603811e-01 6.123413356865733403e-01 2.463532078215877330e-01 2.898235404677195759e-01 4.339292818807286012e-01 5.454463749869937761e-01 7.825670719780122297e-01 3.626960230097056592e-01 4.613978270783661850e-01 3.286200694867013050e-01 3.409206264714095824e-01 5.451356140192590294e-01 2.912623865520164168e-01 5.611391294811475250e-01 3.744566770256517185e-01 6.652172519331066569e-01 5.382736346755310208e-01 3.856636649165637309e-01 4.532918322054074745e-01 3.242297831974713107e-01 1.674332941903783067e-01 3.223057111601266844e-01 3.698287161031234005e-01 4.197800029342505512e-01 6.871273424280978093e-01 2.979816485980602003e-01 3.953606030012912220e-01 5.656833350589629550e-01 4.057885431199241832e-01 6.516748838080521633e-01 2.909017759056967689e-01 3.830014120462243987e-01 4.514150832547869641e-01 7.681449765701622856e-02 2.156451865860998518e-01 5.539570542392047159e-01 2.993681367269236948e-01 3.102594391725183032e-01 6.126303281217980734e-01 5.899298887359422094e-01 5.062224942617814527e-01 3.343453017795940396e-01 6.233592499233986395e-01 3.166926851520106001e-01 3.121332570679577478e-01 5.577195740582772121e-01 4.020551185734870248e-01 4.214069846188879809e-01 8.119694289413414978e-01 6.079948903469185595e-01 3.808142070718328887e-01 5.010109826912857445e-01 3.662493665533895770e-01 4.116084512369304060e-01 3.878276063756893044e-01 2.244602192818301867e-01 4.883775743805225389e-01 1.739098448158526433e-01 3.538589752785525899e-01 5.010364593419431856e-01 3.491595616483704201e-01 3.548446320386568487e-01 2.912872987742015640e-01 3.146714957181455108e-01 2.307927213941511901e-01 7.589522057111769415e-01 4.399506905863129202e-01 2.661976095583957758e-01 7.258278905295985073e-01 5.390324979203456879e-01 2.441029867631174799e-01 5.272968492399803669e-02 3.943366926998437827e-01 6.007851937562267430e-01 2.946159075718855491e-01 3.638305655546906214e-01 5.163923713393711035e-01
5.492498834729534485e-01 4.378844757203855242e-01 4.460966792421115490e-01 0.000000000000000000e+00 3.424036701566645635e-01 7.737305065651456371e-01 3.351491068218387936e-01 7.239057520763919618e-01 2.229318357806998052e-01 7.169140316051955120e-01 4.722093973054327098e-01 4.964937188921358380e-01 1.739130861602964928e-01 6.094267529720670540e-01 3.058362452568325618e-01 3.984024878119272750e-01 3.212275023386184647e-01 4.432437562377178897e-01 1.414153866842904617e-01 1.386006809453056432e-01 5.984698346462471452e-01 3.364339204468032030e-01 2.935550397937568001e-01 1.204079390197328320e-01 5.980796920789317461e-01 3.036600581628958184e-01 2.259853222719934163e-01 3.794287592655397057e-01 4.709747424363240342e-01 6.804995033271108440e-01 2.480446872148390769e-01 5.136150310365944494e-01 3.519817508642581472e-01 1.290431274472947365e-01 5.838144965871393532e-01 2.283088191738218420e-01 4.640435749472378579e-01 3.477711670896992402e-01 5.521184788905129093e-01 5.647191146928892680e-01 2.583633848024566304e-01 4.142974829208626031e-01 3.678696424544293797e-01 3.088380340160600812e-01 1.953842338742053930e-01 8.600882810666923839e-02 4.440009366310086469e-01 6.486749344005223739e-01 3.909887662285792542e-01 7.719148390024714590e-02 5.170306684860842550e-01 4.303416536785515389e-01 6.592968189159247316e-01 3.447534011525714148e-01 3.102272718191708134e-01 3.344220304314276526e-01 3.790909200689610015e-01 2.578849634588064599e-01 5.243315059772193365e-01 1.483625453462825150e-01 2.947649210560970290e-01 5.193588706305839464e-01 4.749371384939647944e-01 3.707934415010655793e-01 1.527704608415141885e-01 5.791050004553303099e-01 1.428283879930618838e-01 2.890604011194116141e-01 5.699817457448418390e-01 2.390872138325378371e-01 3.909212421763744727e-01 7.122561348828119199e-01 5.996081066577689800e-01 3.706875277010961978e-01 4.294468188498692940e-01 4.184074110972107463e-01 5.865606366685059692e-02 6.706398545260902622e-02 3.263902784776580579e-01 5.307445905677316000e-01 3.191109257844569336e-01 2.016095493470870248e-01 4.168360252125815069e-01 1.827034518763027138e-01 2.609922187663862858e-01 1.731741247358097313e-01 3.078216061551469207e-01 2.507947664841075341e-01 6.643966478660388031e-01 3.360232395938800853e-01 3.596221029482317144e-01 6.237603218786968995e-01 5.832661346293173121e-01 2.044166712762053861e-01 4.035303039068281472e-01 3.072386335221872211e-01 5.505685297577304071e-01 1.738539166331498631e-01 1.153252038092368453e-01 4.747490312408369495e-01
3.272273690150604986e-01 3.247664389743217805e-01 3.401756757424495570e-01 3.424036701566645635e-01 0.000000000000000000e+00 5.909257874021539569e-01 2.448076456216097818e-01 4.866669688245824910e-01 2.210555461630018814e-01 4.442120377262867570e-01 1.791845642532944871e-01 3.064149483162004750e-01 1.740919550584557607e-01 4.322388964670861866e-01 1.669549609270098711e-01 2.346731470586053969e-01 1.443792569075392218e-01 1.424497583227057884e-01 3.192991037585269920e-01 3.407291366039182368e-01 4.031185974662414018e-01 2.488736752516245432e-01 1.204279380913398784e-01 2.427102699614913650e-01 3.142975108556296249e-01 1.286167268556026033e-01 2.470275344501216552e-01 1.114318800606781679e-01 3.390004069806971665e-01 4.918068293505342692e-01 1.011439973051351526e-01 2.215225936351001845e-01 9.531256322641412648e-02 3.304496586243468315e-01 3.000083276304895685e-01 1.922834442812316191e-01 2.386417276610975358e-01 2.438003129046332207e-01 3.602787473931774453e-01 2.582290167013291948e-01 1.752630400392463095e-01 2.897894588375335978e-01 1.606557973935007766e-01 1.754282499624330582e-01 3.058963442245785092e-01 2.603329714385371196e-01 1.230930932683819840e-01 3.998528278307464379e-01 7.790385789858783605e-02 3.198511309955725523e-01 2.606198833806189219e-01 2.216643729912691763e-01 4.117107176462995732e-01 9.757964096144290667e-02 7.593486446766821441e-02 2.143720294691634498e-01 2.659045464877473064e-01 2.166769474942445428e-01 3.658276056961856093e-01 2.644486764564788484e-01 1.782479356660180980e-01 3.625714467878937697e-01 2.958624503690813756e-01 1.717728248977669070e-01 1.940578085377532014e-01 3.414839313262884035e-01 2.852124589590399051e-01 1.913632117419338807e-01 3.463467234211258239e-01 1.039189875705894966e-01 2.646183473192173508e-01 5.294514157198202398e-01 3.571401493009934702e-01 2.224023067429615474e-01 1.785135808712353667e-01 8.536003376727396841e-02 2.881277427411884640e-01 3.183416910609231376e-01 1.180504484024137157e-01 2.717250512181525468e-01 1.874123857151386852e-01 1.894661312838724354e-01 2.894464430770083974e-01 3.331720440293448049e-01 1.368235595573394081e-01 2.262868347753104470e-01 1.322282960297299081e-01 1.778088460515211133e-01 4.831104395056436962e-01 1.063839217739658560e-01 1.133907537738834542e-01 4.402750131333630912e-01 2.741209664704845062e-01 2.520421545616405301e-01 3.066837253692624166e-01 5.416101695739414246e-02 3.421446034380162260e-01 2.826740308436005988e-01 3.493429688008345413e-01 3.321506930543397518e-01
3.237308994831252784e-01 8.927748978778236033e-01 8.734438006236754370e-01 7.737305065651456371e-01 5.909257874021539569e-01 0.000000000000000000e+00 4.920854372198217308e-01 5.380167004085824045e-01 7.227676772364001190e-01 5.347283956755248813e-01 4.549510541480821790e-01 4.358413757294820057e-01 6.037122530984084801e-01 1.790289759811529158e-01 7.352829772197865266e-01 3.776044197249877610e-01 6.342918556122731921e-01 5.606070450739590871e-01 7.363990175824191020e-01 8.182959760658156112e-01 4.174259685637795592e-01 7.580772903149597397e-01 5.003483116761948679e-01 7.226771348021289176e-01 4.345972890701789160e-01 7.018642403353573256e-01 6.054326173474003925e-01 4.889341859445473504e-01 3.342547801799650720e-01 1.057205015992646047e-01 6.152610303659898916e-01 4.630886038367533208e-01 6.685600767061689043e-01 7.382291442550484861e-01 4.038718543007394080e-01 6.934669759393340405e-01 3.524351039099128946e-01 8.068580400040934464e-01 2.397988191039314154e-01 4.229193472503205431e-01 5.218719605845014708e-01 4.235447959589132005e-01 5.636554607696759867e-01 7.227552481716523758e-01 7.628845023596668717e-01 6.890892850460500485e-01 5.268057887663285532e-01 4.594435056693008668e-01 6.306594998189223311e-01 7.874527974405135522e-01 4.118814943887056934e-01 4.868795214950045191e-01 4.643065623388027974e-01 6.708271544411975595e-01 6.421389656119906864e-01 4.425663754744683653e-01 8.082246933047378956e-01 6.717628808260797113e-01 3.760439076941797243e-01 6.653294460158161172e-01 5.688555826511090263e-01 2.676691630417271650e-01 3.010697690429504081e-01 4.252835943494491788e-01 6.615571690112835856e-01 3.833385932027801313e-01 7.688907213382297767e-01 7.550975424214980691e-01 4.332399970906377629e-01 5.629684333994562362e-01 8.358621734598981057e-01 6.147437168233381433e-02 3.963014757335972527e-01 5.004624710707767932e-01 4.124122065309186458e-01 5.686245055298947415e-01 7.376419777403961930e-01 7.394316781666540050e-01 6.846918737057119397e-01 4.470356749711256739e-01 7.027267737269053960e-01 5.791586215506120405e-01 3.732364372840870081e-01 7.873313145237421651e-01 6.803539382599359531e-01 7.153592626893027218e-01 7.128844287539770619e-01 7.398051952003298348e-01 1.310397049404034009e-01 4.880771691820580127e-01 6.231369876654593298e-01 1.518429616914848679e-01 3.839206271580699603e-01 6.699555939785472036e-01 8.287185482338690345e-01 5.407955671737673109e-01 3.445612519422018849e-01 7.164160000847972221e-01 7.882859361762202255e-01 3.846736518655953230e-01
2.639840932557412922e-01 5.007964147819237155e-01 3.827791616430513688e-01 3.351491068218387936e-01 2.448076456216097818e-01 4.920854372198217308e-01 0.000000000000000000e+00 3.985876759532739344e-01 2.402462178687861105e-01 4.783576942545975652e-01 2.728282442934939489e-01 1.731686227548302204e-01 1.842833504125888366e-01 3.231955390625190772e-01 3.507640341212310831e-01 1.451219836342894365e-01 1.436272166316491794e-01 1.415398039489575710e-01 2.746962087051594836e-01 3.457656278308604558e-01 2.731517585231292289e-01 2.674126513343355049e-01 1.414118697147039305e-01 3.053596941151515698e-01 3.761830005865526294e-01 2.458164501711369576e-01 1.247440656007567511e-01 2.048203233595878303e-01 1.646596032323076331e-01 4.012087085741586900e-01 2.452295103560916401e-01 2.026237525986512300e-01 2.526105080170183426e-01 2.691074101401578211e-01 2.649484176109344613e-01 3.075251191445650956e-01 2.384861326763955403e-01 4.118936060688808687e-01 2.838588885292531172e-01 2.913796572757147985e-01 9.151748729712311237e-02 8.897940679774474226e-02 8.600504157734853439e-02 2.320906091910282520e-01 2.903541541247118274e-01 2.514804114029897675e-01 2.148365510334966644e-01 4.035809572838428561e-01 1.669037877230220013e-01 3.525274312653670084e-01 3.023984720447810970e-01 1.193503752406082641e-01 3.339787427928067043e-01 2.344972072579126765e-01 3.038155633266918509e-01 7.319672012916052239e-02 3.175600543241141049e-01 1.855352905608008141e-01 1.990134298541013924e-01 1.996392720180016900e-01 7.819094367048499972e-02 2.318435563671119026e-01 2.076092654611692567e-01 1.566565840081024785e-01 2.512084386412216652e-01 3.286028162021304433e-01 3.067331824253621830e-01 3.453832948473323783e-01 2.452495804490529840e-01 1.835475264053228750e-01 4.421547830579986016e-01 4.306110655374880691e-01 2.742900305346509526e-01 5.969624926315293678e-02 2.238511888488406154e-01 1.758037200648702725e-01 3.043523834698286801e-01 2.966209085059329786e-01 2.013441546376029678e-01 2.145716451558545568e-01 2.120621347462812167e-01 1.335395574747517689e-01 1.188489999357347643e-01 3.148009662887872318e-01 3.079234601117331604e-01 2.993958789572185863e-01 2.922802682953140607e-01 2.774755213334488269e-01 3.781654339564908818e-01 1.657106604418805140e-01 1.335574185994560237e-01 3.444695271257448010e-01 2.751480516443321478e-01 1.885058169729261768e-01 3.380539092532449108e-01 2.076188712375380274e-01 2.312488803700043782e-01 2.438856518498421222e-01 3.165000084043844697e-01 1.494309551177191164e-01
2.370783426931056814e-01 7.942332902351026958e-01 7.203162220675530802e-01 7.239057520763919618e-01 4.866669688245824910e-01 5.380167004085824045e-01 3.985876759532739344e-01 0.000000000000000000e+00 6.265548510976425289e-01 4.331419628302868863e-01 3.399190621707403048e-01 2.393353289620770152e-01 5.651057018654565001e-01 3.616995200622625806e-01 6.417203645239445420e-01 3.560264189415908165e-01 4.914049510870650561e-01 3.671954653635554067e-01 6.670457677034588029e-01 7.393252290154442852e-01 1.278590487695058231e-01 6.189353956220672304e-01 4.851400094336705826e-01 6.861820455680190944e-01 3.281366347286473473e-01 5.393511779871925649e-01 5.202249577144615333e-01 4.313402799911767449e-01 2.639210498660893855e-01 4.364453909150399769e-01 5.721962806185009187e-01 2.771500687493196891e-01 5.426526713789970868e-01 6.645883022538626728e-01 1.866586411940928114e-01 6.499262213482811523e-01 3.248707325275491109e-01 7.075580562308324550e-01 3.068470892126474725e-01 2.784185793669304854e-01 4.740975193469343374e-01 3.122572599695184192e-01 4.117178946029148578e-01 5.649407643471812124e-01 6.833765814127422678e-01 6.402370566575429356e-01 3.647961941858682833e-01 3.615871316715998929e-01 4.455328912808715902e-01 7.412840765199201210e-01 3.406696904003617132e-01 3.224812082728972795e-01 7.614227433380109378e-02 5.254535376606261909e-01 5.555290314422777209e-01 3.997095690333133944e-01 6.532553948754432627e-01 5.589121494935079815e-01 2.000149858486789944e-01 5.945009761698895057e-01 4.583994316698425386e-01 2.703475373668552950e-01 3.005376091678074180e-01 4.123232650932216470e-01 6.320307900940892454e-01 2.869708198994815884e-01 6.934121907485665259e-01 6.476921670140095566e-01 1.671885461159599018e-01 5.434046009291572110e-01 7.355916585111775818e-01 4.765423287262487428e-01 1.460283184926737254e-01 3.648637426354468527e-01 3.849988793174113355e-01 4.138048077889351362e-01 6.931090287243818482e-01 6.862133552499146694e-01 5.118888994475103704e-01 2.338047333942520067e-01 5.551190236188483507e-01 5.222962027293049925e-01 3.190728951125776924e-01 7.083605674733709501e-01 6.151659967204208268e-01 6.601568504224269995e-01 5.857171437484928189e-01 5.856268080720827829e-01 4.092436012338546147e-01 4.710624943703465850e-01 4.556856549989393157e-01 3.924882220763586393e-01 2.256294761241935398e-01 5.803777417626058144e-01 6.818288934455865036e-01 4.932662677359052061e-01 1.946089955425753526e-01 6.387878305134740975e-01 7.119809005180893768e-01 2.491567208355547625e-01
4.951495238304209345e-01 2.868108018643156232e-01 2.370430637820276076e-01 2.229318357806998052e-01 2.210555461630018814e-01 7.227676772364001190e-01 2.402462178687861105e-01 6.265548510976425289e-01 0.000000000000000000e+00 6.257137499865744745e-01 3.726644303328277563e-01 3.916866582146815157e-01 1.670569255573931822e-01 5.543906906699007653e-01 1.755552978615033677e-01 3.541842862073326104e-01 1.455965912636247583e-01 2.593593857340868447e-01 1.447212950146577748e-01 1.367017525466070194e-01 5.094860802280413159e-01 1.273803049867192894e-01 2.635808025068001048e-01 1.194179893534536852e-01 4.969485266914366872e-01 1.119362920770481801e-01 1.192749984307868577e-01 3.148091523012808146e-01 3.975960800446364796e-01 6.306316248644847633e-01 1.616015852197572877e-01 3.561671011208074611e-01 1.990074361229031974e-01 1.143223773277812216e-01 4.464375333656323552e-01 9.340464666649761494e-02 4.302015287843450886e-01 1.951851906564983086e-01 5.043403057760730279e-01 4.266242989757024762e-01 2.061714288511633242e-01 3.205985783321882998e-01 2.167100547149809764e-01 9.247470832937443319e-02 8.526264737809907679e-02 1.466638726417119065e-01 3.006598733548028202e-01 5.752115930950996159e-01 1.871397663389743615e-01 1.619333927140666485e-01 4.502905260638261908e-01 3.059467410449985270e-01 5.547026192025864555e-01 1.716737780623413256e-01 2.104126753144795470e-01 2.802013017619318647e-01 1.679400039478085027e-01 7.269958048957991803e-02 4.353477515590135072e-01 7.912714245427553139e-02 1.731534777184882690e-01 4.630387079744934797e-01 4.271589653795245800e-01 3.405152175777351187e-01 1.166314675649666455e-01 5.171949553694480395e-01 8.326547486478594329e-02 1.358979542659844719e-01 4.612394032019359047e-01 2.009606807835386533e-01 2.446889176542820232e-01 6.612933055540665128e-01 5.092968096932922739e-01 2.666891667528839549e-01 3.818908531118379579e-01 2.471292369739418182e-01 1.838857023194367946e-01 1.637952072519756885e-01 1.164439693029762773e-01 3.930401048037435729e-01 1.146327944931103821e-01 1.605897105690814730e-01 3.500247738989932800e-01 1.121164978663428541e-01 1.546308304969862546e-01 6.365152390819495132e-02 1.439011320282942430e-01 6.240610562520229609e-02 6.093605855638726254e-01 2.892419325183563927e-01 1.796736244406218763e-01 5.738924434160709298e-01 4.338017719627869639e-01 5.330561720453307756e-02 1.944766884467442891e-01 2.413992307106574697e-01 4.680919398830074574e-01 6.204714080020659606e-02 1.282874226378325766e-01 3.836991174661519843e-01
2.173648543659965904e-01 7.641886726037349087e-01 7.411065589817114052e-01 7.169140316051955120e-01 4.442120377262867570e-01 5.347283956755248813e-01 4.783576942545975652e-01 4.331419628302868863e-01 6.257137499865744745e-01 0.000000000000000000e+00 2.658293986933255026e-01 3.478949633962561960e-01 5.436545516069476447e-01 3.768135814634814285e-01 6.063771945564229160e-01 3.397947363708053170e-01 5.361177393365901267e-01 3.850921217634056259e-01 6.840188734802182813e-01 7.453873404274907744e-01 3.353917951754626925e-01 6.443292119294544706e-01 4.233589918114386008e-01 6.472867673895023044e-01 1.299145268706571876e-01 5.333502545239439119e-01 5.793991137549562298e-01 3.630583398023350949e-01 3.237747325037341750e-01 4.356094376239051935e-01 5.174563725626277755e-01 2.895365028468216972e-01 5.132564386760494202e-01 6.946929271572198639e-01 2.784759909406485656e-01 6.064300192182446869e-01 2.616671539882421960e-01 6.832225465340462378e-01 3.003020688016076467e-01 2.058427860251469677e-01 4.930833059262391127e-01 4.029166204852398514e-01 4.580450629391206729e-01 5.768304025220619691e-01 7.105545480481511023e-01 6.337939936696049825e-01 3.296455357944754194e-01 7.864584139058117263e-02 4.431249103836510383e-01 7.164691804474924153e-01 2.060873998045879285e-01 3.787768918337083845e-01 3.569996884964857786e-01 5.075187336864723786e-01 5.093010059633084063e-01 4.137777208162060627e-01 6.673066990473759397e-01 6.052393178297139631e-01 3.126801741505406129e-01 6.252940198990012410e-01 5.183090193511856736e-01 2.969366581762473700e-01 2.747341379973287090e-01 3.514196744403916273e-01 5.845678491465270410e-01 1.523043886512326361e-01 6.902524325515773107e-01 6.307437942630009786e-01 3.295489112763448913e-01 4.859791135346999691e-01 7.040405809486303124e-01 4.732540239931911641e-01 2.900347042675998077e-01 4.321973507690795580e-01 2.955148615047548666e-01 3.805718821069038471e-01 6.731037050285236800e-01 6.870515340644530733e-01 5.188302568109011137e-01 2.908300209605310105e-01 5.816809566282415966e-01 5.427078540800517326e-01 3.680513892668426101e-01 7.378302478529173980e-01 5.708698294564208409e-01 6.383699428245462881e-01 5.682497369785992625e-01 5.824670498750935677e-01 4.252677534680217586e-01 3.928227636832452574e-01 4.866835883167071608e-01 3.840776214067339045e-01 2.248364986451968084e-01 6.334906777708493308e-01 7.065369062183389781e-01 4.354929267512482327e-01 2.586343408635969898e-01 6.731081735002538702e-01 7.447497190783917143e-01 3.427668131694867615e-01
1.769189580386061889e-01 5.025141495000992053e-01 4.917845599122755429e-01 4.722093973054327098e-01 1.791845642532944871e-01 4.549510541480821790e-01 2.728282442934939489e-01 3.399190621707403048e-01 3.726644303328277563e-01 2.658293986933255026e-01 0.000000000000000000e+00 1.814232117602767314e-01 3.020748796339592368e-01 2.962641632130143532e-01 3.447026714527872682e-01 1.463840319780321253e-01 2.941877061421401263e-01 1.597313673707972115e-01 4.444107141330254640e-01 4.920277670283517146e-01 2.563706908123991046e-01 3.998690902509523526e-01 1.837508324642458113e-01 3.827452047596635043e-01 1.360200985932992768e-01 2.802256110254284782e-01 3.581921676923150444e-01 1.068488755028169646e-01 2.267537948485049970e-01 3.558320960964624358e-01 2.516269738693021618e-01 1.018743599642945863e-01 2.528852626902658440e-01 4.550847678100271576e-01 1.532604209766473269e-01 3.406006205249192398e-01 1.025159502381693122e-01 4.215480234304107010e-01 2.241529699702492495e-01 9.355260254180668145e-02 2.677076856733211496e-01 2.426397460943086615e-01 2.487324219230734601e-01 3.270371341322589331e-01 4.575052283944043841e-01 3.895361673408424541e-01 8.294825873594183219e-02 2.211313876403985801e-01 1.986647887051491701e-01 4.550717462187067186e-01 8.143531912732443478e-02 1.812211461389772738e-01 2.649628109924573316e-01 2.491885251312688510e-01 2.434716072699827927e-01 1.996315241643334959e-01 4.175134306575732368e-01 3.664853967288452807e-01 2.376959521125045771e-01 3.856858605518084238e-01 3.078420919221676044e-01 2.305493693581083248e-01 1.691015835252474009e-01 1.161716602853915536e-01 3.285562999611983392e-01 1.734824659481760123e-01 4.273598388436345985e-01 3.691109222677112500e-01 2.023266706565257367e-01 2.345184666328036516e-01 4.423660578449947756e-01 3.934766824657484618e-01 2.103922426471510621e-01 2.346416050743484472e-01 5.892729222082377510e-02 1.320511157761722065e-01 4.226262341646336296e-01 4.474433747172603670e-01 2.680147668184227339e-01 1.386964687941995844e-01 3.372208349497395896e-01 3.030996947328589708e-01 1.964815092948158370e-01 4.847809281991706798e-01 3.050404307630952827e-01 3.727116153173999358e-01 3.078785609928154643e-01 3.294177302213469050e-01 3.471357062515718073e-01 1.460644840565947511e-01 2.549485238569652035e-01 3.043002798792912578e-01 1.273730598166422368e-01 4.036510387314663495e-01 4.582926095390882915e-01 1.696635280579225635e-01 1.953966967841739288e-01 4.335000141530608864e-01 5.009518529706603607e-01 2.392632491953442797e-01
1.769713832838286649e-01 5.787431479806419699e-01 4.945443968592196926e-01 4.964937188921358380e-01 3.064149483162004750e-01 4.358413757294820057e-01 1.731686227548302204e-01 2.393353289620770152e-01 3.916866582146815157e-01 3.478949633962561960e-01 1.814232117602767314e-01 0.000000000000000000e+00 3.431863327884505654e-01 2.595241953831620152e-01 4.287107673199492264e-01 1.797159227515570667e-01 2.588730657207773400e-01 1.639846798564629504e-01 4.349353397265089405e-01 5.016577042406866749e-01 1.301058783297721622e-01 3.914034095879999620e-01 2.789680379156985190e-01 4.642626764910132708e-01 2.411841169380100347e-01 3.237631833698550454e-01 2.825574329397037010e-01 2.654388582862604595e-01 1.123823294102904019e-01 3.452358458679456454e-01 3.894068800450050105e-01 9.952629884698137308e-02 3.305572412157364304e-01 4.269207774791048404e-01 9.411965037420244595e-02 4.310022014948219349e-01 2.363995873889753463e-01 4.919700616134949911e-01 2.199111531285510290e-01 1.519056194510725044e-01 2.521781502699286803e-01 8.662652939592954682e-02 1.749766034997005670e-01 3.395566880722857284e-01 4.457090566379845464e-01 4.155425774947837936e-01 1.885608675280402990e-01 2.875253493121637249e-01 2.380920814004670594e-01 5.138720433356641637e-01 2.196910980676745340e-01 8.964246324588490134e-02 1.752004925677451419e-01 3.124439404566308198e-01 3.818787106660234687e-01 1.816998890022739899e-01 4.278713186005481117e-01 3.221708583902935796e-01 7.603729917939004712e-02 3.598784030393512579e-01 2.207319068950847063e-01 1.681722126877547852e-01 1.803832667114027566e-01 2.303527416621267698e-01 4.101114210170834218e-01 2.141718788679849994e-01 4.620880849386349021e-01 4.297345190277704341e-01 7.438619622731337810e-02 3.277248960942363287e-01 5.201015162567167449e-01 3.743670040471481220e-01 1.446599557861202312e-01 1.271962178606890481e-01 2.403505039811004995e-01 2.292970736262394948e-01 4.701272889647820641e-01 4.568600395272824910e-01 2.874548154565922387e-01 5.732022541628791629e-02 3.275516902521601881e-01 2.993144629697052084e-01 1.254670468335263300e-01 4.706930426986132843e-01 4.225525125288420725e-01 4.412328305689676156e-01 3.702270014940321485e-01 3.667027882186236210e-01 3.113519073410457305e-01 2.983233878563097408e-01 2.303015787240439427e-01 2.919716285055665161e-01 1.230584647510594709e-01 3.427102169878477600e-01 4.553667400725270320e-01 3.273648460309888653e-01 1.243954236865395385e-01 4.011203057387162652e-01 4.743133757433316000e-01 5.784003743506749978e-02
3.756773880762487861e-01 3.263633713489744737e-01 3.737225826196224898e-01 1.739130861602964928e-01 1.740919550584557607e-01 6.037122530984084801e-01 1.842833504125888366e-01 5.651057018654565001e-01 1.670569255573931822e-01 5.436545516069476447e-01 3.020748796339592368e-01 3.431863327884505654e-01 0.000000000000000000e+00 4.408671788506089984e-01 1.926727720841280023e-01 2.261078333734208023e-01 2.151438180807158651e-01 3.113175630435369157e-01 1.489662720081248171e-01 2.389526370151894286e-01 4.383628311548865564e-01 2.585782868632757747e-01 1.202955597955091688e-01 1.210763437025627054e-01 4.248202120806842674e-01 2.205755347502842967e-01 1.093394825156416977e-01 2.092942415940662604e-01 3.068664796334514833e-01 5.103224743738878910e-01 1.053111031450749274e-01 3.633425057942612502e-01 2.258607226762855413e-01 1.623242480352662387e-01 4.360802478582901376e-01 1.242192734792813558e-01 2.901773151219235736e-01 2.404465134752445388e-01 3.798238244520065754e-01 3.924041387382160018e-01 9.942631333007063976e-02 2.565598033925210464e-01 2.308663768482924483e-01 2.367472946357381813e-01 1.971688212381119687e-01 9.013944206265714354e-02 2.738664189595350629e-01 4.754154544022749507e-01 2.512576557513016007e-01 1.848626323854482834e-01 3.437711884878366653e-01 2.920409049563929549e-01 4.981165595240666932e-01 2.500966542800217574e-01 1.777854716592268680e-01 1.699836039246357955e-01 3.106977145926341222e-01 1.694007286317268102e-01 3.650907160167772836e-01 9.632326586739818619e-02 1.628387278619161382e-01 3.549204441237923668e-01 3.026424840554581830e-01 1.970522011496627091e-01 6.692508822863282858e-02 4.058455204570825536e-01 1.755992868324701695e-01 1.886860158926491338e-01 4.128299770438292327e-01 7.312117076007719485e-02 2.777577690036699409e-01 5.422378814160747629e-01 4.363122280013845278e-01 2.323867789789376692e-01 2.561873388516215932e-01 2.500956959990019435e-01 1.360177458629550640e-01 1.481481616850431615e-01 2.457719648747794805e-01 3.894982910742050275e-01 2.364432722723709690e-01 5.627024377327918825e-02 2.523975987057898718e-01 2.130139893963321485e-01 1.397156260062969446e-01 1.220678281835430173e-01 2.084113894654755217e-01 1.655385521168423746e-01 4.945984540756463987e-01 1.658887219224065568e-01 2.276959097540507959e-01 4.535832929254740575e-01 4.131316169578438391e-01 1.306798996044988836e-01 3.299043480435557840e-01 1.389269184239783905e-01 3.861301032509387721e-01 1.407394943782999674e-01 2.106994924328951801e-01 3.170113517124954483e-01
1.658160852710818534e-01 7.327895558165039569e-01 7.039823108172053034e-01 6.094267529720670540e-01 4.322388964670861866e-01 1.790289759811529158e-01 3.231955390625190772e-01 3.616995200622625806e-01 5.543906906699007653e-01 3.768135814634814285e-01 2.962641632130143532e-01 2.595241953831620152e-01 4.408671788506089984e-01 0.000000000000000000e+00 5.752976351584671022e-01 2.176190776636681146e-01 4.648303658058030585e-01 3.849045577592626888e-01 5.694052753398154421e-01 6.508785069422228231e-01 2.411087882174595409e-01 5.886158005084892730e-01 3.403629696148752215e-01 5.599241117668005696e-01 2.766824748581354076e-01 5.431773494002896108e-01 4.365620968342208696e-01 3.302472950094795801e-01 1.595808271587056126e-01 1.046303984688889827e-01 4.552756883046702452e-01 2.973104932897033259e-01 5.098731857711010784e-01 5.708116751314560311e-01 2.301779993566694660e-01 5.334816338780145051e-01 1.937482129748450688e-01 6.468726979427738000e-01 9.022524988806671087e-02 2.585129760111596342e-01 3.555944080045968514e-01 2.524671300721832989e-01 3.913186820880035777e-01 5.532937583651821312e-01 5.954670332360746388e-01 5.248609892070232874e-01 3.681188978312606164e-01 3.015286914572573029e-01 4.590119593032668255e-01 6.235619704275108255e-01 2.539666801766621851e-01 3.105623411486845842e-01 2.882761442548754660e-01 5.121402635061299558e-01 4.821536235506710399e-01 2.762888228945638014e-01 6.387632034982678730e-01 5.028923603128999664e-01 1.997267273478597338e-01 4.979119768922236622e-01 3.993940928446388372e-01 9.135198269540721616e-02 1.410844269816307617e-01 2.652982522881294214e-01 4.998428358313317665e-01 2.254237789907366507e-01 6.071763881582779021e-01 5.951122003601784227e-01 2.569228167443178279e-01 4.029830913381366453e-01 6.758768313985784593e-01 1.175546042988191153e-01 2.214250359974942461e-01 3.299930394485269813e-01 2.537253155958508199e-01 4.099376145948269157e-01 5.737511507273934663e-01 5.745775002183922675e-01 5.083746933593918937e-01 2.810407173545476645e-01 5.332652839204349293e-01 4.128810689707074211e-01 2.043659167709073465e-01 6.199138454001499321e-01 5.203685961986163067e-01 5.536449295093508471e-01 5.528990866926574155e-01 5.798198531390101884e-01 5.496989489397177686e-02 3.280918271207382553e-01 4.512214566268435978e-01 5.404283876561605943e-02 2.181425166110199931e-01 5.010850734653675698e-01 6.592570584273984569e-01 3.808102251124476090e-01 1.685308338582746090e-01 5.489985309612049891e-01 6.208684670526277705e-01 2.083564715192753602e-01
4.847735519202908683e-01 1.641652920226372159e-01 3.597982560564589316e-01 3.058362452568325618e-01 1.669549609270098711e-01 7.352829772197865266e-01 3.507640341212310831e-01 6.417203645239445420e-01 1.755552978615033677e-01 6.063771945564229160e-01 3.447026714527872682e-01 4.287107673199492264e-01 1.926727720841280023e-01 5.752976351584671022e-01 0.000000000000000000e+00 3.697943656467542195e-01 2.311169452615309539e-01 2.770054442108544901e-01 3.035392604644853720e-01 2.735965414376893556e-01 5.412201259547668730e-01 2.576980264869181969e-01 2.388350982466223293e-01 1.941048426882364120e-01 4.764626676857656173e-01 1.251668389030222706e-01 2.925034708758685875e-01 2.613862631090535515e-01 4.702905875236887967e-01 6.377884997480011142e-01 1.200219468537967044e-01 3.703329585633879928e-01 1.023622874271037791e-01 2.849003585354341617e-01 4.586387568959983674e-01 9.274349056270043967e-02 3.943449300358665699e-01 9.015751494309785785e-02 5.065406467142267166e-01 4.182874540867622670e-01 2.723707200741821710e-01 4.094259158131049459e-01 2.733706254143951075e-01 2.041936949140010227e-01 2.437932366849625554e-01 2.301956758862276908e-01 2.817235225338907134e-01 5.612348566660141369e-01 1.961874732430728685e-01 2.652390956384853005e-01 4.232755499419530998e-01 3.433220811769091552e-01 5.698681326288885796e-01 1.162668268633184343e-01 1.036094586730729739e-01 3.277879356428768376e-01 2.829837583994426753e-01 2.279133463641396240e-01 4.881234246999342496e-01 2.546824403157789130e-01 2.820637974139097448e-01 4.996427463343031117e-01 4.366843366328441167e-01 3.103359557603861396e-01 1.562742348325529274e-01 5.008785929777352930e-01 2.096961698459664791e-01 6.368550858887465915e-02 4.841539090213680119e-01 1.790778210954635519e-01 1.030348357887395788e-01 6.738086055374529204e-01 5.157705785665022136e-01 3.378369106626339380e-01 3.379082425226823116e-01 2.343542914048359627e-01 2.515603178413565733e-01 2.886093467190044004e-01 1.835897658047284386e-01 4.092071626752628033e-01 2.519475850057791844e-01 2.489430158574071905e-01 4.102019304240309694e-01 2.768495669073182675e-01 5.589888828276570049e-02 1.546432812487699149e-01 6.552142329968478618e-02 1.364343106683996998e-01 6.261691781970246673e-01 2.475332195158962134e-01 2.172066155217750871e-01 5.851540170468517710e-01 4.327513957359932495e-01 2.241494605105698035e-01 3.192509572357997150e-01 1.950549354319978668e-01 5.007750327035250804e-01 2.326251220078594806e-01 2.930204916788080594e-01 4.544465120580883921e-01
1.508663423060467301e-01 5.183675633621582790e-01 5.253980677001878208e-01 3.984024878119272750e-01 2.346731470586053969e-01 3.776044197249877610e-01 1.451219836342894365e-01 3.560264189415908165e-01 3.541842862073326104e-01 3.397947363708053170e-01 1.463840319780321253e-01 1.797159227515570667e-01 2.261078333734208023e-01 2.176190776636681146e-01 3.697943656467542195e-01 0.000000000000000000e+00 2.887492002659386436e-01 2.401231423746493787e-01 3.620258464083819794e-01 4.497125850367479361e-01 2.321713444493699041e-01 4.074202430940188635e-01 1.309592674001319457e-01 3.450727150771409346e-01 2.336343334988601750e-01 3.520305375861738639e-01 2.396043773841508850e-01 1.314971092670563502e-01 1.061729368301439491e-01 2.842146410004670609e-01 2.497724187929575568e-01 2.385540975276832787e-01 3.187263739569853316e-01 3.696457532259807000e-01 2.341216185925866777e-01 3.190596414236691603e-01 9.551453624972167100e-02 4.324507054884285662e-01 1.537159910785856898e-01 2.313059558812455285e-01 1.532885695554337679e-01 9.994733113020518034e-02 2.278048056164108104e-01 3.772125928253175497e-01 3.943011113305991966e-01 3.131042610201054122e-01 1.807744118018161650e-01 2.661641799186508783e-01 2.840427417184800962e-01 4.104003771567294456e-01 1.595094327873357587e-01 1.676198921938266695e-01 2.844498055077083198e-01 3.209934516920141534e-01 2.823510217145722700e-01 7.398298444540071794e-02 4.626820379584035692e-01 3.097528811140877192e-01 1.709261401107183831e-01 2.967460549867483866e-01 2.233129273047744501e-01 1.361184552681989068e-01 7.653465068203738064e-02 6.549565045203074864e-02 2.845894819849114632e-01 1.934047425985689905e-01 3.919230343118576543e-01 3.806902079058331889e-01 2.314452400984024494e-01 1.935793891233933139e-01 4.697619610168539683e-01 3.161300480426538773e-01 2.226454739850261544e-01 1.663173446302827485e-01 8.745673975720837101e-02 2.187908027807111411e-01 3.613287487917531404e-01 3.650585069926166604e-01 3.414642591329848931e-01 2.328858188118889949e-01 3.571841183805707365e-01 2.104172048934742356e-01 5.625551842439178996e-02 4.187479234946746565e-01 3.148653266869036460e-01 3.383915756629305993e-01 3.530964848565587566e-01 3.653978606846647326e-01 2.684906207022255686e-01 1.282892252846395686e-01 2.786794022337454879e-01 2.274754595520531719e-01 2.123416710120575035e-01 3.060076760822137976e-01 4.796355304462320279e-01 1.810076232763488668e-01 1.715813418449103622e-01 3.478326090557294914e-01 4.197025451471524948e-01 1.368941435079550351e-01
