0.000000000000000000e+00 2.137332877492573857e+01 1.533931946733072849e+01 1.476092351470408381e+01 1.100786627206438872e+01 2.069445626752798262e+01 8.017903944630630164e+00 7.854809459489084489e+00 1.788950596030535323e+01 7.087083437222434945e+00 8.531487679235725707e+00 1.441503419568728894e+01 1.628315740078653917e+01 1.295132307704855457e+01 1.657209786624416026e+01 4.465150270787455966e+00 1.037356614272850308e+01 1.023617636110512485e+01 4.561130834859476124e+00 1.451485859937418788e+01 1.154014322826706085e+01 1.994647985615863206e+01 1.877143468906427515e+01 1.829053492375453160e+01 1.661420213456248263e+01 7.282928280597677606e+00 1.199935257033730984e+01 4.721944463464036623e+00 1.079214116474068952e+01 1.164307028993140669e+01 3.915563863515686638e+00 1.768929461413510751e+01 1.284332020382188766e+01 7.590609969663896450e+00 7.358040952087888442e+00 1.506907461413437233e+01 5.098426841428112866e+00 9.368386837042972815e+00 1.612183040489962238e+01 1.859142979698076559e+01 1.398981740539340812e+01 1.073016893648291514e+01 1.537507969567639954e+01 1.395459468013686966e+01 1.747071221420513254e+01 1.912114585844364356e+01 6.174164696885155124e+00 2.663085933397521643e+00 9.673792701441458419e+00 2.314128133478392968e+00
2.137332877492573857e+01 0.000000000000000000e+00 1.544065248763570430e+01 1.489845058613628481e+01 1.179952208343870801e+01 8.095382125936415818e+00 1.352961910320476235e+01 1.902237741347810029e+01 7.547668030373605674e+00 1.987766652685343161e+01 1.309381839909274703e+01 9.941427846537488122e+00 5.662578048557107557e+00 1.018936129957398151e+01 4.944574651962204470e+00 1.739108898469322995e+01 1.682448993621039790e+01 1.249474439769615408e+01 1.776249873291031278e+01 9.238661522643388579e+00 1.676463241604233545e+01 4.669749938137409018e+00 4.063321059272627878e+00 1.150970092831666491e+01 1.117094217104337694e+01 1.555693796135265394e+01 1.350704254288759110e+01 1.985705376428231972e+01 1.359420901475277255e+01 9.828017729214524323e+00 2.071063473074441319e+01 7.922242815774620084e+00 9.477245812553132254e+00 1.663259672746626094e+01 1.607393657085532723e+01 1.271730815024478112e+01 1.630211400615720407e+01 1.271835608521895367e+01 6.218732624308464629e+00 2.789318555569629599e+00 7.613394633592132976e+00 1.095166785898422823e+01 8.880689489885819299e+00 1.242470936450621721e+01 4.904408493586625006e+00 2.557000190134731454e+00 1.540506194785805327e+01 1.873745491418780063e+01 1.516044176873550242e+01 1.977472492807070381e+01
1.533931946733072849e+01 1.544065248763570430e+01 0.000000000000000000e+00 2.057753052096823154e+01 1.105517093581847732e+01 7.993383525602063777e+00 1.427080181411377602e+01 8.063398047273025782e+00 1.905641975592132908e+01 1.944061050496096854e+01 7.603884047345894182e+00 5.975992111255380657e+00 1.402763826937217040e+01 1.553359539895467556e+01 1.052852263264940902e+01 1.099999417654875522e+01 1.897111687047256723e+01 1.359696430424878244e+01 1.519240104037646155e+01 1.207461872963824767e+01 4.029891174516275321e+00 1.176361909078297430e+01 1.766170261484139203e+01 3.936923078181667535e+00 1.935697393287532719e+01 1.087401918879704077e+01 4.064990375653960264e+00 1.166002196054144413e+01 1.738087242630781404e+01 7.567836604078173046e+00 1.758637819234357735e+01 7.528220672835558958e+00 1.252858576648593392e+01 1.595289723481086952e+01 7.981278515242840044e+00 2.962270360709692962e+00 1.247412250617468921e+01 8.950806971658742839e+00 1.632524037004118256e+01 1.382927083252290146e+01 9.472460271795698716e+00 1.580767413627908446e+01 1.665823440035986280e+01 1.816668001606171856e+01 1.159844856996905627e+01 1.289857047845487870e+01 9.884898760731363865e+00 1.347166377786156133e+01 5.668337017399932343e+00 1.332385019229069378e+01
1.476092351470408381e+01 1.489845058613628481e+01 2.057753052096823154e+01 0.000000000000000000e+00 1.109983635203848173e+01 1.996556820755868245e+01 7.950346102632668277e+00 1.836383926010265455e+01 7.493019906433887378e+00 8.642558136634352906e+00 1.435625257752662876e+01 1.507151822757885462e+01 1.001937072454897937e+01 5.061253439980263558e+00 1.477974842584864845e+01 1.383263805210438591e+01 4.429951133260630947e+00 8.636690235218479117e+00 1.054335867706178931e+01 1.100390249436729562e+01 1.912028657886729022e+01 1.856193135766030977e+01 1.136952488838167774e+01 1.890137554890545246e+01 3.727686860191561369e+00 1.078907245010030103e+01 1.742867494065199452e+01 1.730939705328663436e+01 4.427037039985605382e+00 1.348497596179391955e+01 1.178877648612058948e+01 1.718097665957156295e+01 8.201939927760221849e+00 7.472866004810299501e+00 1.555479540033492292e+01 1.803009324953732317e+01 1.061831263305722040e+01 1.298019839240657447e+01 8.792448201018613574e+00 1.212535645779877669e+01 1.324448739372158812e+01 5.949715891006911228e+00 6.170028794301759767e+00 2.592091510357871886e+00 1.258433912303729940e+01 1.596634088879083890e+01 1.255293076669652308e+01 1.276879181918475048e+01 1.653749885373780870e+01 1.534465432638825177e+01
1.100786627206438872e+01 1.179952208343870801e+01 1.105517093581847732e+01 1.109983635203848173e+01 0.000000000000000000e+00 1.183907659008363744e+01 7.880255779314747855e+00 1.190487920412330780e+01 1.025430631216884692e+01 1.455992208408401289e+01 6.084542306539353795e+00 5.924716100658987905e+00 7.391577544641308783e+00 6.228589801244378776e+00 6.900531930536940806e+00 7.908698357703791260e+00 1.239127103409417963e+01 4.258555671111569296e+00 1.045191497531064151e+01 4.104820838118297566e+00 1.043420759347378990e+01 1.063715992658167409e+01 1.018617819060773577e+01 9.813610872440232669e+00 1.007800145622536903e+01 4.159518234089182087e+00 7.145214619982204418e+00 1.156395292057150215e+01 9.018429806990118536e+00 3.493558823909687749e+00 1.318499816252207602e+01 8.637103338083699455e+00 3.246617947710927155e+00 1.052747555637546739e+01 8.855794714300389003e+00 8.610400098481504116e+00 7.512953940301003719e+00 3.160569387639762695e+00 7.595227034857516379e+00 9.699849940835521878e+00 4.204270693819927907e+00 6.413736591432795286e+00 7.506764600546034671e+00 8.878368204050676837e+00 7.799146278497914864e+00 9.449579922736422333e+00 5.985538737373175877e+00 9.052175267649056778e+00 8.286862784270248028e+00 9.962085876191558498e+00
2.069445626752798262e+01 8.095382125936415818e+00 7.993383525602063777e+00 1.996556820755868245e+01 1.183907659008363744e+01 0.000000000000000000e+00 1.834180831122714039e+01 1.352862924423810753e+01 1.394861299193181381e+01 2.473369263572394772e+01 1.279753678129927508e+01 6.370453776507366328e+00 1.042045873259890776e+01 1.504538740844448341e+01 5.185819781710033105e+00 1.636318311967553285e+01 2.168051604508092112e+01 1.519794005054524177e+01 2.051141930956990223e+01 9.285763311602529768e+00 9.608437677912661457e+00 3.945396471339509326e+00 1.167675754060404181e+01 4.068731618726498134e+00 1.625924492620648465e+01 1.574421695411899513e+01 8.695288557460544965e+00 1.712525315750651700e+01 1.845023512362327267e+01 9.840036646228826456e+00 2.293877317706715502e+01 3.298967626576326584e+00 1.248291717880936602e+01 2.124671625226216776e+01 1.333641531544010128e+01 5.694445532447843128e+00 1.778372787962454993e+01 1.273883752732804275e+01 1.127480239226932746e+01 8.661480601974110627e+00 7.650688345035455917e+00 1.580769396785473901e+01 1.381860063453748566e+01 1.739970188196252110e+01 7.743568579543567587e+00 5.949640323946828957e+00 1.517871777818266921e+01 1.882207964218900997e+01 1.103388264547884390e+01 1.873387325500024048e+01
8.017903944630630164e+00 1.352961910320476235e+01 1.427080181411377602e+01 7.950346102632668277e+00 7.880255779314747855e+00 1.834180831122714039e+01 0.000000000000000000e+00 1.041976524207578159e+01 1.050866362275192500e+01 7.029007695388319377e+00 6.799431138479544501e+00 1.260840791990950827e+01 8.439447729065562953e+00 5.438145250572904210e+00 1.319982543036523381e+01 6.033072544554676675e+00 4.712644368339943490e+00 4.239158134444592108e+00 4.236593558379183833e+00 9.095307626787775490e+00 1.118817153788899965e+01 1.706467673706914212e+01 1.096832356306562595e+01 1.646486201085899381e+01 9.268812665019819264e+00 3.725322702706943989e+00 1.085777571305153977e+01 9.567387721244571708e+00 3.572037604863326887e+00 9.672972006091271169e+00 7.186645505320826466e+00 1.527906721559040726e+01 5.864503891020259374e+00 3.108607502042694648e+00 7.610721382308055283e+00 1.395412268104926490e+01 2.946689175862093890e+00 6.817618752964477835e+00 8.371078559180553214e+00 1.074772012525977338e+01 1.085132141265740202e+01 2.751984267448437382e+00 7.973761322743213142e+00 6.591104813903551296e+00 1.100441612755387766e+01 1.446908626819966770e+01 4.602584664063856579e+00 5.382030083892687777e+00 8.645746017868489730e+00 7.664449120938536808e+00
7.854809459489084489e+00 1.902237741347810029e+01 8.063398047273025782e+00 1.836383926010265455e+01 1.190487920412330780e+01 1.352862924423810753e+01 1.041976524207578159e+01 0.000000000000000000e+00 2.092842886482770126e+01 1.301151448407316202e+01 6.071717559737474623e+00 9.241293143435724389e+00 1.745119130794041240e+01 1.585791049264868313e+01 1.412338726057632421e+01 4.612535399596324304e+00 1.445652760542859561e+01 1.236005603831272381e+01 8.905857280750634430e+00 1.478262513815977641e+01 4.121031923803719188e+00 1.574833733065667474e+01 2.112619044488853604e+01 1.111521816988770617e+01 1.968857790709560973e+01 8.714459498504774970e+00 5.627357310153569436e+00 3.596623913268416128e+00 1.398591351001222094e+01 9.406929884539350084e+00 1.041426720045074994e+01 1.123357193100529017e+01 1.473460496554204369e+01 1.131213291832584567e+01 3.263032791088570139e+00 7.868663159974629728e+00 7.805212403453731795e+00 8.967302879045423225e+00 1.871110061110750422e+01 1.725282387109114879e+01 1.236669857894678870e+01 1.317165546168991064e+01 1.839352656481899118e+01 1.701087005597933199e+01 1.502200160853730182e+01 1.666299142477569006e+01 5.958558990931001276e+00 6.487452278210461110e+00 3.928689074943858994e+00 5.618888318054708009e+00
1.788950596030535323e+01 7.547668030373605674e+00 1.905641975592132908e+01 7.493019906433887378e+00 1.025430631216884692e+01 1.394861299193181381e+01 1.050866362275192500e+01 2.092842886482770126e+01 0.000000000000000000e+00 1.277631488812579086e+01 1.532222023182351478e+01 1.336450575191314627e+01 5.666062070635142334e+00 5.330032930864366136e+00 8.823553022114445810e+00 1.653387947955600623e+01 9.703152691412393338e+00 9.841827180569687528e+00 1.335243100740009048e+01 7.236660769961082984e+00 1.960261549811485793e+01 1.145601958683061916e+01 3.942659741883960400e+00 1.557202220210554167e+01 3.765511491340983952e+00 1.289172042182182842e+01 1.602318817058749900e+01 2.005383171306002765e+01 7.108178720709013909e+00 1.205950964726373975e+01 1.522627195356890084e+01 1.203440780750664985e+01 7.177242486006703892e+00 1.033364893375450322e+01 1.811938500505998917e+01 1.617490353125625191e+01 1.335061575689864455e+01 1.297457746041154181e+01 2.795489145139820053e+00 5.311130740613692502e+00 9.934182338553966929e+00 7.794005593950131150e+00 2.754347932851011205e+00 5.019594326165170983e+00 7.687586662154931361e+00 8.782244722001669501e+00 1.511124828681578158e+01 1.557786414952305343e+01 1.751907109419274988e+01 1.814559401859998999e+01
7.087083437222434945e+00 1.987766652685343161e+01 1.944061050496096854e+01 8.642558136634352906e+00 1.455992208408401289e+01 2.473369263572394772e+01 7.029007695388319377e+00 1.301151448407316202e+01 1.277631488812579086e+01 0.000000000000000000e+00 1.219726926994789906e+01 1.847386204318278402e+01 1.478749515271424286e+01 9.701829887532110064e+00 1.954787285401392083e+01 8.793014568254273300e+00 4.280154186237643543e+00 1.124041573103114011e+01 4.251937151540328585e+00 1.576613368411172900e+01 1.567679065235397395e+01 2.341272416071782558e+01 1.647895730565252848e+01 2.235920685275714348e+01 1.057747171455187285e+01 1.060290909907030432e+01 1.607194769244583199e+01 1.113228151374341302e+01 6.379049946163843465e+00 1.530885188064358005e+01 3.422184520263791718e+00 2.175401171684051604e+01 1.277557977008354584e+01 4.180339838361358140e+00 1.147613747444454901e+01 1.915144674517926759e+01 7.046968143783013616e+00 1.299006282878680807e+01 1.369780976538907602e+01 1.709576754890845507e+01 1.764314249459688710e+01 9.110540034985547209e+00 1.113462874444424244e+01 7.974883171647164204e+00 1.735246355120256112e+01 2.081713369184834406e+01 9.795840688628992154e+00 6.524062205862700026e+00 1.379024831717833166e+01 8.688729777752230987e+00
8.531487679235725707e+00 1.309381839909274703e+01 7.603884047345894182e+00 1.435625257752662876e+01 6.084542306539353795e+00 1.279753678129927508e+01 6.799431138479544501e+00 6.071717559737474623e+00 1.532222023182351478e+01 1.219726926994789906e+01 0.000000000000000000e+00 6.439605291883697014e+00 1.152263229355506446e+01 1.141658414811039712e+01 8.194828246190990484e+00 4.450097819645237429e+00 1.145415792778368491e+01 7.157331354941143253e+00 8.045296017060211469e+00 8.740475274598978217e+00 5.056550213082850576e+00 1.173084975917804762e+01 1.519763143050318810e+01 1.040450548713508461e+01 1.543980825253111533e+01 3.692210574457211791e+00 4.133196119451564954e+00 6.855321831705586177e+00 9.992876721938168671e+00 3.364780020978554997e+00 1.071299244907455517e+01 9.676862950202782088e+00 8.680655210692711066e+00 8.533460082027357174e+00 3.072204638278599464e+00 7.236787899234815136e+00 5.159688931542198098e+00 2.926694191874797291e+00 1.265715085625818226e+01 1.132426485670580973e+01 6.325810438953895165e+00 8.876846419948364542e+00 1.281095961810856565e+01 1.278209475828970199e+01 9.093442594151955660e+00 1.074387623839046668e+01 2.465461607947854628e+00 6.580565048008333306e+00 2.450572608532033847e+00 6.833733763022699748e+00
1.441503419568728894e+01 9.941427846537488122e+00 5.975992111255380657e+00 1.507151822757885462e+01 5.924716100658987905e+00 6.370453776507366328e+00 1.260840791990950827e+01 9.241293143435724389e+00 1.336450575191314627e+01 1.847386204318278402e+01 6.439605291883697014e+00 0.000000000000000000e+00 8.370241740999807334e+00 1.001768096232094329e+01 5.042437693635724472e+00 1.008742981626144974e+01 1.655841919688645802e+01 9.429431349103090554e+00 1.422904753846789738e+01 6.129460237207066342e+00 7.071464428064778041e+00 6.688295893832894023e+00 1.204524087794791853e+01 4.144408416869908685e+00 1.382935813948791726e+01 9.380811757196912737e+00 3.654946061549442238e+00 1.103021943236160674e+01 1.314043385280894505e+01 3.672893856050791328e+00 1.665642354591021146e+01 3.281672228494811883e+00 7.000969973098524868e+00 1.494007242241138833e+01 7.056993243599400500e+00 3.068772228689206294e+00 1.149740316910750160e+01 6.475235142550834766e+00 1.066784384166881594e+01 8.171874304150541946e+00 3.512347839479536660e+00 1.048099207949988987e+01 1.113000127267382133e+01 1.263906422267430862e+01 5.941052041596697642e+00 7.549110789425485635e+00 8.872073948331886228e+00 1.253973001103208595e+01 5.421700205731212918e+00 1.245880973426702631e+01
1.628315740078653917e+01 5.662578048557107557e+00 1.402763826937217040e+01 1.001937072454897937e+01 7.391577544641308783e+00 1.042045873259890776e+01 8.439447729065562953e+00 1.745119130794041240e+01 5.666062070635142334e+00 1.478749515271424286e+01 1.152263229355506446e+01 8.370241740999807334e+00 0.000000000000000000e+00 5.099189925434783000e+00 5.235012952084854732e+00 1.429832600071059368e+01 1.173431856207120028e+01 7.404573023556943134e+00 1.267232735877110805e+01 4.194737339401159559e+00 1.519344631050465111e+01 9.177208178220142898e+00 5.511765236014790403e+00 1.089672501505307345e+01 6.676867573369892561e+00 1.046676658721344566e+01 1.193585643734990853e+01 1.783264117740048249e+01 8.504037640613573146e+00 8.256831623676839982e+00 1.562046335660519070e+01 7.376378099687546097e+00 4.387074438413931965e+00 1.154242535332706332e+01 1.450275046531765000e+01 1.114612204470710033e+01 1.121194263201800467e+01 1.011114476987105348e+01 2.974975927756212890e+00 2.896680178056054267e+00 6.042208528054450412e+00 5.861496484845027055e+00 3.951652279191047779e+00 7.453504398952821575e+00 2.680899312272178481e+00 6.581617709350675582e+00 1.286777519769251654e+01 1.364728354004860300e+01 1.358925566319782519e+01 1.592970257709444937e+01
1.295132307704855457e+01 1.018936129957398151e+01 1.553359539895467556e+01 5.061253439980263558e+00 6.228589801244378776e+00 1.504538740844448341e+01 5.438145250572904210e+00 1.585791049264868313e+01 5.330032930864366136e+00 9.701829887532110064e+00 1.141658414811039712e+01 1.001768096232094329e+01 5.099189925434783000e+00 0.000000000000000000e+00 9.859567626734456525e+00 1.147121779512758089e+01 6.643780002832899712e+00 4.665029435858246920e+00 8.414248124143302476e+00 6.078593965931356813e+00 1.596217849218864693e+01 1.372441893343835062e+01 6.783759977687882525e+00 1.384477747231264289e+01 4.377337469451481056e+00 7.727222999514752999e+00 1.239193670884013976e+01 1.500553297181747503e+01 3.418372375431441679e+00 8.447574909935626764e+00 1.077558621181792908e+01 1.225849002505743002e+01 3.156916877732042437e+00 6.534219259204843588e+00 1.304886663288095683e+01 1.297763646546097327e+01 8.330671903322219407e+00 9.046911762378620381e+00 3.995979877856961959e+00 7.407462321628998758e+00 8.203606458293275949e+00 2.699883684714081689e+00 2.674855771192693243e+00 2.661308266127877076e+00 7.664158323923099481e+00 1.112882846456888686e+01 1.004072991463676168e+01 1.063968126626624944e+01 1.386612158522867411e+01 1.310259437151143835e+01
1.657209786624416026e+01 4.944574651962204470e+00 1.052852263264940902e+01 1.477974842584864845e+01 6.900531930536940806e+00 5.185819781710033105e+00 1.319982543036523381e+01 1.412338726057632421e+01 8.823553022114445810e+00 1.954787285401392083e+01 8.194828246190990484e+00 5.042437693635724472e+00 5.235012952084854732e+00 9.859567626734456525e+00 0.000000000000000000e+00 1.249209883179146097e+01 1.649469626337086936e+01 1.025184810868433516e+01 1.608590620406864602e+01 4.339671369741624041e+00 1.183849959306263777e+01 3.983903118208065308e+00 7.161762960258627686e+00 6.748469179991098521e+00 1.107494555289863847e+01 1.087437801511244650e+01 8.608052389985820341e+00 1.495806361138054719e+01 1.326441534191325111e+01 4.929027576312754455e+00 1.875360263608299149e+01 3.211050675153051870e+00 7.536825236948457629e+00 1.630280305462674306e+01 1.117494641795356003e+01 7.797969795831177997e+00 1.320029911855062821e+01 7.819365932317179357e+00 6.108197574870764868e+00 3.530735172709794423e+00 2.714404480690365329e+00 1.062187418614469969e+01 8.633716879854105741e+00 1.221388210025249954e+01 2.558122799029517225e+00 2.550825779728965514e+00 1.050607179495628429e+01 1.462117523501677319e+01 1.026145161583373877e+01 1.487573477516891529e+01
4.465150270787455966e+00 1.739108898469322995e+01 1.099999417654875522e+01 1.383263805210438591e+01 7.908698357703791260e+00 1.636318311967553285e+01 6.033072544554676675e+00 4.612535399596324304e+00 1.653387947955600623e+01 8.793014568254273300e+00 4.450097819645237429e+00 1.008742981626144974e+01 1.429832600071059368e+01 1.147121779512758089e+01 1.249209883179146097e+01 0.000000000000000000e+00 9.870396034041576172e+00 8.179526691597926558e+00 4.541077416713944714e+00 1.188602384719047578e+01 7.134427001542047897e+00 1.564020555772237842e+01 1.700139610762030529e+01 1.395926177590206585e+01 1.526473423691537512e+01 4.645497132312804922e+00 7.668079422484845864e+00 3.682036401289967120e+00 9.479285439613237330e+00 7.563071255478703847e+00 6.823139398270204659e+00 1.335802146628265774e+01 1.080465229191186438e+01 6.726238544217721937e+00 3.030436572662049244e+00 1.073706816432422961e+01 3.214325419047179277e+00 5.739563151955899833e+00 1.440415110373523255e+01 1.562153544230627844e+01 9.918306223567089575e+00 8.785025686696057434e+00 1.400683386729789426e+01 1.260176012116312627e+01 1.339071317975243325e+01 1.504114682399094249e+01 2.545341011798084807e+00 2.741312653359007534e+00 5.340394515835356515e+00 2.383635943377461430e+00
1.037356614272850308e+01 1.682448993621039790e+01 1.897111687047256723e+01 4.429951133260630947e+00 1.239127103409417963e+01 2.168051604508092112e+01 4.712644368339943490e+00 1.445652760542859561e+01 9.703152691412393338e+00 4.280154186237643543e+00 1.145415792778368491e+01 1.655841919688645802e+01 1.173431856207120028e+01 6.643780002832899712e+00 1.649469626337086936e+01 9.870396034041576172e+00 0.000000000000000000e+00 8.561331727416108706e+00 6.218265263029896239e+00 1.271295709346869174e+01 1.571983366919566727e+01 2.035954757007477411e+01 1.341892725818478915e+01 2.041487328783594535e+01 6.304141804280002148e+00 8.271176954310142548e+00 1.551253628465505052e+01 1.329676140161296871e+01 3.448228288782618556e+00 1.420884051173508666e+01 7.426372535723880119e+00 1.889336031018402906e+01 9.767164063913645222e+00 3.164927295476706259e+00 1.183514510321546886e+01 1.860653972739295625e+01 6.726661516082968362e+00 1.135348725860828978e+01 1.063949585300038692e+01 1.404259095826541603e+01 1.480133268963434290e+01 6.100548195008998142e+00 8.074598696976504897e+00 4.788076610572370662e+00 1.429928696055951853e+01 1.776395710120530680e+01 9.200064829684674095e+00 8.489562405596455363e+00 1.335400322554713171e+01 1.112952936673021753e+01
1.023617636110512485e+01 1.249474439769615408e+01 1.359696430424878244e+01 8.636690235218479117e+00 4.258555671111569296e+00 1.519794005054524177e+01 4.239158134444592108e+00 1.236005603831272381e+01 9.841827180569687528e+00 1.124041573103114011e+01 7.157331354941143253e+00 9.429431349103090554e+00 7.404573023556943134e+00 4.665029435858246920e+00 1.025184810868433516e+01 8.179526691597926558e+00 8.561331727416108706e+00 0.000000000000000000e+00 8.231154771323209829e+00 5.946820706816641433e+00 1.198725598439978590e+01 1.399602338704327842e+01 1.017025438201174659e+01 1.329616475300992207e+01 8.763332274604849204e+00 3.658177472959884380e+00 9.533302406239343441e+00 1.171384186828782603e+01 5.116024956535571988e+00 7.245535574308124005e+00 1.124221846416397064e+01 1.211594286012213928e+01 3.219143456899297373e+00 7.168811903280642994e+00 9.540068047519978833e+00 1.200089735714716355e+01 5.630861621760042901e+00 4.646157332590041378e+00 7.574597286465162504e+00 9.712845419751159781e+00 7.682624154808340933e+00 2.783324101051056765e+00 7.252152672376447562e+00 6.551602935777589565e+00 9.969541422045267609e+00 1.280089610088381846e+01 6.467659618510869457e+00 7.968808123846637059e+00 9.474563946397989156e+00 9.810903267981789355e+00
4.561130834859476124e+00 1.776249873291031278e+01 1.519240104037646155e+01 1.054335867706178931e+01 1.045191497531064151e+01 2.051141930956990223e+01 4.236593558379183833e+00 8.905857280750634430e+00 1.335243100740009048e+01 4.251937151540328585e+00 8.045296017060211469e+00 1.422904753846789738e+01 1.267232735877110805e+01 8.414248124143302476e+00 1.608590620406864602e+01 4.541077416713944714e+00 6.218265263029896239e+00 8.231154771323209829e+00 0.000000000000000000e+00 1.331425866516888945e+01 1.142485350081363649e+01 1.968824048055074982e+01 1.447382967348620220e+01 1.811099738817262761e+01 1.207712718165721810e+01 6.663814373377588751e+00 1.182373822786132855e+01 7.566442438131040227e+00 6.255066211835426770e+00 1.115687862775588712e+01 3.299518854724563077e+00 1.750625765617703422e+01 1.008345492940136801e+01 3.125633490446382723e+00 7.224200322904220428e+00 1.490323728059476061e+01 3.048032064142119690e+00 8.847123627958897174e+00 1.168430258813706324e+01 1.498059975496532203e+01 1.349328400514229109e+01 6.810830873926080109e+00 1.083800474277112968e+01 9.417519727231612237e+00 1.523729575725942631e+01 1.863495419626813288e+01 5.652901487801086589e+00 2.418405002540172433e+00 9.539952072257792182e+00 5.124281461430737039e+00
1.451485859937418788e+01 9.238661522643388579e+00 1.207461872963824767e+01 1.100390249436729562e+01 4.104820838118297566e+00 9.285763311602529768e+00 9.095307626787775490e+00 1.478262513815977641e+01 7.236660769961082984e+00 1.576613368411172900e+01 8.740475274598978217e+00 6.129460237207066342e+00 4.194737339401159559e+00 6.078593965931356813e+00 4.339671369741624041e+00 1.188602384719047578e+01 1.271295709346869174e+01 5.946820706816641433e+00 1.331425866516888945e+01 0.000000000000000000e+00 1.299987254817125759e+01 8.083846648100566412e+00 7.145877935571490980e+00 9.528642572750728235e+00 7.938870115519722326e+00 7.263619353144769697e+00 9.346294381315802369e+00 1.551417624555491237e+01 9.482676172011064608e+00 5.375695253620420999e+00 1.627097841834574155e+01 6.223022215965788639e+00 3.236416494369986463e+00 1.219649284196846573e+01 1.181108653540367115e+01 9.191514870461555020e+00 1.082982821429966158e+01 6.688451556307889234e+00 4.564521258940366089e+00 6.503009735595376206e+00 2.712869511697022062e+00 6.767142707166783566e+00 5.193447531684737051e+00 8.437538754320668133e+00 5.238285717702597211e+00 6.888719361941106456e+00 9.882673696465708701e+00 1.255725584687795759e+01 1.092552624567967712e+01 1.386803068186766019e+01
1.154014322826706085e+01 1.676463241604233545e+01 4.029891174516275321e+00 1.912028657886729022e+01 1.043420759347378990e+01 9.608437677912661457e+00 1.118817153788899965e+01 4.121031923803719188e+00 1.960261549811485793e+01 1.567679065235397395e+01 5.056550213082850576e+00 7.071464428064778041e+00 1.519344631050465111e+01 1.596217849218864693e+01 1.183849959306263777e+01 7.134427001542047897e+00 1.571983366919566727e+01 1.198725598439978590e+01 1.142485350081363649e+01 1.299987254817125759e+01 0.000000000000000000e+00 1.330956570530313421e+01 1.886844544745276409e+01 7.184747238292066740e+00 1.979009138280104452e+01 8.747010522198820581e+00 3.685150515032427965e+00 7.717655837072133096e+00 1.474161732695813321e+01 7.626264447077085507e+00 1.380389142914085632e+01 8.869005983638009738e+00 1.296170321641164946e+01 1.258103485232268426e+01 4.201548025290630761e+00 4.058130405327691648e+00 8.993172153112695355e+00 7.489199226163929524e+00 1.693754612254952718e+01 1.499507887365538394e+01 1.056832031641369340e+01 1.389435337679345928e+01 1.709200762382750227e+01 1.774156302615696745e+01 1.276425661110153520e+01 1.428760578521596791e+01 6.663738931185765324e+00 9.690186520920020641e+00 2.630815780458450881e+00 9.438511631298139193e+00
1.994647985615863206e+01 4.669749938137409018e+00 1.176361909078297430e+01 1.856193135766030977e+01 1.063715992658167409e+01 3.945396471339509326e+00 1.706467673706914212e+01 1.574833733065667474e+01 1.145601958683061916e+01 2.341272416071782558e+01 1.173084975917804762e+01 6.688295893832894023e+00 9.177208178220142898e+00 1.372441893343835062e+01 3.983903118208065308e+00 1.564020555772237842e+01 2.035954757007477411e+01 1.399602338704327842e+01 1.968824048055074982e+01 8.083846648100566412e+00 1.330956570530313421e+01 0.000000000000000000e+00 8.282611880594553000e+00 7.838967183907401548e+00 1.483442294256740013e+01 1.458723220717602409e+01 1.022820213371419307e+01 1.702220083761979197e+01 1.712926664861715409e+01 8.638119982726857771e+00 2.215852048226502902e+01 4.532020290369343840e+00 1.128100051530740267e+01 2.016765436133065492e+01 1.318785734879491045e+01 9.278254228316038521e+00 1.686645220742562401e+01 1.153692086382607940e+01 9.776004576540342939e+00 6.563147775845806997e+00 6.448771681533492561e+00 1.448672549284859912e+01 1.244636607455684540e+01 1.604950005669878621e+01 6.541651916041603343e+00 2.738873022733298690e+00 1.417222488383128187e+01 1.803206597599769623e+01 1.206030610814955573e+01 1.801720506029608160e+01
1.877143468906427515e+01 4.063321059272627878e+00 1.766170261484139203e+01 1.136952488838167774e+01 1.018617819060773577e+01 1.167675754060404181e+01 1.096832356306562595e+01 2.112619044488853604e+01 3.942659741883960400e+00 1.647895730565252848e+01 1.519763143050318810e+01 1.204524087794791853e+01 5.511765236014790403e+00 6.783759977687882525e+00 7.161762960258627686e+00 1.700139610762030529e+01 1.341892725818478915e+01 1.017025438201174659e+01 1.447382967348620220e+01 7.145877935571490980e+00 1.886844544745276409e+01 8.282611880594553000e+00 0.000000000000000000e+00 1.384446660320045375e+01 7.642016473288773426e+00 1.323244794566825711e+01 1.561085557429801973e+01 2.053571128431020298e+01 1.019549979355186231e+01 1.193183076062495651e+01 1.742099702567992736e+01 1.028590361890197968e+01 7.179910612946816428e+00 1.331134667732525578e+01 1.817774960226576297e+01 1.482112118165520975e+01 1.390442691218972904e+01 1.290574541583748847e+01 2.815595641161229512e+00 3.901639923684248945e+00 9.717207665002565165e+00 8.228873005598337897e+00 5.397360414323994604e+00 8.896099308112962234e+00 6.782861933785612862e+00 5.746307297680774973e+00 1.557090822712948430e+01 1.633976782022032026e+01 1.726425480014594527e+01 1.863277268400416276e+01
1.829053492375453160e+01 1.150970092831666491e+01 3.936923078181667535e+00 1.890137554890545246e+01 9.813610872440232669e+00 4.068731618726498134e+00 1.646486201085899381e+01 1.111521816988770617e+01 1.557202220210554167e+01 2.235920685275714348e+01 1.040450548713508461e+01 4.144408416869908685e+00 1.089672501505307345e+01 1.384477747231264289e+01 6.748469179991098521e+00 1.395926177590206585e+01 2.041487328783594535e+01 1.329616475300992207e+01 1.811099738817262761e+01 9.528642572750728235e+00 7.184747238292066740e+00 7.838967183907401548e+00 1.384446660320045375e+01 0.000000000000000000e+00 1.740995504015937456e+01 1.346460450210992121e+01 6.291182353417214657e+00 1.471184208315611563e+01 1.699688794375842349e+01 7.752564614821660705e+00 2.053759364876736626e+01 3.592586009270323011e+00 1.074667529590369597e+01 1.884670379146073671e+01 1.093249397166663250e+01 3.272119289752550841e+00 1.538330595822726110e+01 1.060431274098542964e+01 1.285638702159283220e+01 1.027755333867247067e+01 6.978366081453724057e+00 1.433438854205451207e+01 1.466851125894719310e+01 1.638531833326959131e+01 8.467535315649961092e+00 8.970266860162066536e+00 1.277870531738122750e+01 1.642165772079173891e+01 8.629776441435508261e+00 1.632995191122677880e+01
1.661420213456248263e+01 1.117094217104337694e+01 1.935697393287532719e+01 3.727686860191561369e+00 1.007800145622536903e+01 1.625924492620648465e+01 9.268812665019819264e+00 1.968857790709560973e+01 3.765511491340983952e+00 1.057747171455187285e+01 1.543980825253111533e+01 1.382935813948791726e+01 6.676867573369892561e+00 4.377337469451481056e+00 1.107494555289863847e+01 1.526473423691537512e+01 6.304141804280002148e+00 8.763332274604849204e+00 1.207712718165721810e+01 7.938870115519722326e+00 1.979009138280104452e+01 1.483442294256740013e+01 7.642016473288773426e+00 1.740995504015937456e+01 0.000000000000000000e+00 1.175044710393546943e+01 1.621890736468177252e+01 1.878348701286680367e+01 5.831453166760958595e+00 1.227436711217315057e+01 1.372369006403810587e+01 1.401323672930912956e+01 6.831682285563336343e+00 9.056923379806450569e+00 1.687953404732788343e+01 1.679206489994561124e+01 1.207748050410858376e+01 1.289456185309691172e+01 5.064939785925711924e+00 8.397848042705872373e+00 1.063743531425586752e+01 6.595082035402059617e+00 2.745983902804760124e+00 2.690575960814970635e+00 9.105244465169594292e+00 1.223883247369793104e+01 1.387139732908367407e+01 1.430256032378017750e+01 1.770589423945134655e+01 1.687256513660361179e+01
7.282928280597677606e+00 1.555693796135265394e+01 1.087401918879704077e+01 1.078907245010030103e+01 4.159518234089182087e+00 1.574421695411899513e+01 3.725322702706943989e+00 8.714459498504774970e+00 1.289172042182182842e+01 1.060290909907030432e+01 3.692210574457211791e+00 9.380811757196912737e+00 1.046676658721344566e+01 7.727222999514752999e+00 1.087437801511244650e+01 4.645497132312804922e+00 8.271176954310142548e+00 3.658177472959884380e+00 6.663814373377588751e+00 7.263619353144769697e+00 8.747010522198820581e+00 1.458723220717602409e+01 1.323244794566825711e+01 1.346460450210992121e+01 1.175044710393546943e+01 0.000000000000000000e+00 7.241359330344908862e+00 8.265192792721826720e+00 6.512411242909950104e+00 5.949112224449161879e+00 9.460060171055349798e+00 1.258717561867804946e+01 6.195048805988000673e+00 6.432403138327210890e+00 5.894471507712037095e+00 1.033586137188179066e+01 3.662982596853032291e+00 3.093758971322365880e+00 1.063679085012167036e+01 1.277503898340765964e+01 8.174277250664284011e+00 5.192751372495638229e+00 1.031434623603295542e+01 9.097999710836974785e+00 1.177299236307341523e+01 1.342342600731192093e+01 2.822063078702926386e+00 5.326150959252288430e+00 6.141032917648001188e+00 6.604411328722885166e+00
1.199935257033730984e+01 1.350704254288759110e+01 4.064990375653960264e+00 1.742867494065199452e+01 7.145214619982204418e+00 8.695288557460544965e+00 1.085777571305153977e+01 5.627357310153569436e+00 1.602318817058749900e+01 1.607194769244583199e+01 4.133196119451564954e+00 3.654946061549442238e+00 1.193585643734990853e+01 1.239193670884013976e+01 8.608052389985820341e+00 7.668079422484845864e+00 1.551253628465505052e+01 9.533302406239343441e+00 1.182373822786132855e+01 9.346294381315802369e+00 3.685150515032427965e+00 1.022820213371419307e+01 1.561085557429801973e+01 6.291182353417214657e+00 1.621890736468177252e+01 7.241359330344908862e+00 0.000000000000000000e+00 8.520620196458112972e+00 1.345606445173634924e+01 4.000012095726033223e+00 1.424641129535015160e+01 5.696181843344851892e+00 9.390519198292377467e+00 1.256478334579624345e+01 4.641311618249414295e+00 3.103658445886491979e+00 9.096046797915967375e+00 4.887145073649299398e+00 1.335811879502216648e+01 1.173748900050064137e+01 6.923967286290723777e+00 1.174481339301250493e+01 1.352016783216631879e+01 1.502861344786815678e+01 9.506666737946794399e+00 1.112485061354272808e+01 6.496784871716742238e+00 1.013169688086813913e+01 2.338594088018294492e+00 1.003876955780956237e+01
4.721944463464036623e+00 1.985705376428231972e+01 1.166002196054144413e+01 1.730939705328663436e+01 1.156395292057150215e+01 1.712525315750651700e+01 9.567387721244571708e+00 3.596623913268416128e+00 2.005383171306002765e+01 1.113228151374341302e+01 6.855321831705586177e+00 1.103021943236160674e+01 1.783264117740048249e+01 1.500553297181747503e+01 1.495806361138054719e+01 3.682036401289967120e+00 1.329676140161296871e+01 1.171384186828782603e+01 7.566442438131040227e+00 1.551417624555491237e+01 7.717655837072133096e+00 1.702220083761979197e+01 2.053571128431020298e+01 1.471184208315611563e+01 1.878348701286680367e+01 8.265192792721826720e+00 8.520620196458112972e+00 0.000000000000000000e+00 1.298725223924870953e+01 1.021805527317236084e+01 7.987246864758455800e+00 1.421680203980296753e+01 1.433896746860175497e+01 1.015194995186370086e+01 3.988032887698738094e+00 1.146528707324303653e+01 6.708049778367966454e+00 9.421599553245870950e+00 1.793846628042513203e+01 1.808750022189536821e+01 1.317908569114770145e+01 1.231934086338595691e+01 1.753539899202255015e+01 1.612162617468724335e+01 1.585667795934152124e+01 1.750711160358003227e+01 6.227377413088054148e+00 5.208419850285401331e+00 6.247143952674583112e+00 2.443551735991183804e+00
1.079214116474068952e+01 1.359420901475277255e+01 1.738087242630781404e+01 4.427037039985605382e+00 9.018429806990118536e+00 1.845023512362327267e+01 3.572037604863326887e+00 1.398591351001222094e+01 7.108178720709013909e+00 6.379049946163843465e+00 9.992876721938168671e+00 1.314043385280894505e+01 8.504037640613573146e+00 3.418372375431441679e+00 1.326441534191325111e+01 9.479285439613237330e+00 3.448228288782618556e+00 5.116024956535571988e+00 6.255066211835426770e+00 9.482676172011064608e+00 1.474161732695813321e+01 1.712926664861715409e+01 1.019549979355186231e+01 1.699688794375842349e+01 5.831453166760958595e+00 6.512411242909950104e+00 1.345606445173634924e+01 1.298725223924870953e+01 0.000000000000000000e+00 1.153305375693899215e+01 8.214044327519477662e+00 1.566307938872639660e+01 6.396529823919697932e+00 3.225470213045491530e+00 1.117686965024449108e+01 1.609824995799479197e+01 6.279702078844755064e+00 8.935115247414362472e+00 7.414352253288400973e+00 1.081231003680778535e+01 1.138334734555683525e+01 2.772841965049142932e+00 4.851171232343570949e+00 3.173249385435301662e+00 1.106900603910188607e+01 1.453367617974767967e+01 8.174622268927183910e+00 8.480499353958379061e+00 1.215024642339375660e+01 1.105150409208870776e+01
1.164307028993140669e+01 9.828017729214524323e+00 7.567836604078173046e+00 1.348497596179391955e+01 3.493558823909687749e+00 9.840036646228826456e+00 9.672972006091271169e+00 9.406929884539350084e+00 1.205950964726373975e+01 1.530885188064358005e+01 3.364780020978554997e+00 3.672893856050791328e+00 8.256831623676839982e+00 8.447574909935626764e+00 4.929027576312754455e+00 7.563071255478703847e+00 1.420884051173508666e+01 7.245535574308124005e+00 1.115687862775588712e+01 5.375695253620420999e+00 7.626264447077085507e+00 8.638119982726857771e+00 1.193183076062495651e+01 7.752564614821660705e+00 1.227436711217315057e+01 5.949112224449161879e+00 4.000012095726033223e+00 1.021805527317236084e+01 1.153305375693899215e+01 0.000000000000000000e+00 1.382457505977023615e+01 6.638063394228890246e+00 5.445978945783757297e+00 1.164504269272303816e+01 6.435391281783247486e+00 5.201396578145061511e+00 8.271271542237876417e+00 2.898800881099217630e+00 9.392287450653604708e+00 8.058464186827572817e+00 2.961030417975341056e+00 8.883392621703150027e+00 9.575627579657691513e+00 1.108407319535954372e+01 5.827641924273725849e+00 7.478075568512235982e+00 5.577044218643536055e+00 9.692147658704010738e+00 5.549830992059264112e+00 9.946707198856163501e+00
3.915563863515686638e+00 2.071063473074441319e+01 1.758637819234357735e+01 1.178877648612058948e+01 1.318499816252207602e+01 2.293877317706715502e+01 7.186645505320826466e+00 1.041426720045074994e+01 1.522627195356890084e+01 3.422184520263791718e+00 1.071299244907455517e+01 1.665642354591021146e+01 1.562046335660519070e+01 1.077558621181792908e+01 1.875360263608299149e+01 6.823139398270204659e+00 7.426372535723880119e+00 1.124221846416397064e+01 3.299518854724563077e+00 1.627097841834574155e+01 1.380389142914085632e+01 2.215852048226502902e+01 1.742099702567992736e+01 2.053759364876736626e+01 1.372369006403810587e+01 9.460060171055349798e+00 1.424641129535015160e+01 7.987246864758455800e+00 8.214044327519477662e+00 1.382457505977023615e+01 0.000000000000000000e+00 1.993361152367427280e+01 1.304017468257821299e+01 5.011397880684467232e+00 9.605099677100735533e+00 1.731613333914721764e+01 6.230311199533487887e+00 1.154551872750064589e+01 1.463146994033079906e+01 1.792873575279941534e+01 1.616895467464835434e+01 9.758966871760165418e+00 1.289812309200800833e+01 1.111207432701593945e+01 1.818543175509352139e+01 2.130265062828247480e+01 8.351296587342828204e+00 4.172653594370449248e+00 1.192085142645430906e+01 5.543695128767271996e+00
1.768929461413510751e+01 7.922242815774620084e+00 7.528220672835558958e+00 1.718097665957156295e+01 8.637103338083699455e+00 3.298967626576326584e+00 1.527906721559040726e+01 1.123357193100529017e+01 1.203440780750664985e+01 2.175401171684051604e+01 9.676862950202782088e+00 3.281672228494811883e+00 7.376378099687546097e+00 1.225849002505743002e+01 3.211050675153051870e+00 1.335802146628265774e+01 1.889336031018402906e+01 1.211594286012213928e+01 1.750625765617703422e+01 6.223022215965788639e+00 8.869005983638009738e+00 4.532020290369343840e+00 1.028590361890197968e+01 3.592586009270323011e+00 1.401323672930912956e+01 1.258717561867804946e+01 5.696181843344851892e+00 1.421680203980296753e+01 1.566307938872639660e+01 6.638063394228890246e+00 1.993361152367427280e+01 0.000000000000000000e+00 9.420176083172622228e+00 1.818623654893549713e+01 1.033125366204722972e+01 4.829577727673257215e+00 1.477755284276523540e+01 9.536864275328106544e+00 9.319248250023816738e+00 6.739036675821525435e+00 4.448715093035522372e+00 1.294991958428223455e+01 1.129159342238449248e+01 1.461461291952493013e+01 4.947188400284432852e+00 5.437961823032385844e+00 1.211823807485600568e+01 1.581691798879614907e+01 8.033981424915930702e+00 1.572871160160737602e+01
