0.000000000000000000e+00 1.033301745757134515e+00 9.662645529563316238e-01 1.002775281284487230e+00 6.842574668418444084e-01 6.735842409561214605e-01 6.025885853269629111e-01 4.729419998989307650e-01 4.577958496665319177e-01 4.011228687145267924e-01 6.325304143448580163e-01 3.560034279069507757e-01 3.095498620033813597e-01 7.264259111466945251e-01 7.372388996161111097e-01 8.058745335924896169e-01 4.896476417425307259e-01 2.415136779893298224e-01 2.428262844092674844e-01 4.894787212397438969e-01 2.322840017343429930e-01 6.995418421285322097e-01 4.853834381904223449e-01 6.921771555445330737e-01 2.057741325014160738e-01 3.812734636038028202e-01 4.912501282808127701e-01 4.744494834923811966e-01 6.344619770514798862e-01 7.937350713576227790e-01 1.976920935456624728e-01 8.296559241000126539e-01 7.138164652163051516e-01 4.516058888385865444e-01 2.840658275563727186e-01 1.549706389410388518e-01 8.218719321973841918e-01 8.825046223178438787e-01 2.575098984754080611e-01 6.154142370935460349e-01 3.463832287664221354e-01 1.383736285357298756e-01 5.882363727560482314e-01 6.493031240387209246e-01 6.772758750285405860e-01 3.515444744747868722e-01 3.575552219311649016e-01 3.252670426476066967e-01 7.431867636804604382e-01 9.321830965217013931e-01
1.033301745757134515e+00 0.000000000000000000e+00 1.013265948986903808e+00 8.338889602403458667e-01 1.203631213927934374e+00 1.231216089154618221e+00 5.540071397432184686e-01 6.513936853162998197e-01 1.458028515586363483e+00 8.323548479234504915e-01 7.904864238899141915e-01 9.472013267989498608e-01 7.482183380601586942e-01 5.435840678182831676e-01 2.960628461410231838e-01 9.450812189469539604e-01 5.725183601217427309e-01 1.235972404152793080e+00 8.657796397820798351e-01 6.807255734420961657e-01 8.198137312012111488e-01 7.311171115003138876e-01 1.025357558389067059e+00 5.923179075553413053e-01 9.460191507300413916e-01 7.164252049553520019e-01 1.060452240203360930e+00 7.335105264036013706e-01 4.713729134250776442e-01 9.141962633256600634e-01 9.602532315413803143e-01 6.695585406485742297e-01 4.291188541963180114e-01 5.827035957750454909e-01 1.287118624376515585e+00 8.895552680612520691e-01 8.596701570949760729e-01 1.587510488321522140e-01 8.575352868641983317e-01 5.944998900784885798e-01 9.102048526335581036e-01 1.149566351273122677e+00 4.508577354355872147e-01 5.961214967056652769e-01 8.734316577869315479e-01 6.872404792112676297e-01 7.542196005748026399e-01 8.330933314531843159e-01 7.725182597888029523e-01 9.647597048204999970e-01
9.662645529563316238e-01 1.013265948986903808e+00 0.000000000000000000e+00 1.005958444724405210e+00 1.389410716677028867e+00 1.377239123179013980e+00 5.525994140984957781e-01 7.983574290534607432e-01 1.415127772487104085e+00 9.958102492266300843e-01 3.496798610477092062e-01 1.060889143764454978e+00 6.657704146760297093e-01 6.925527770931804161e-01 7.614553018585278332e-01 2.444250041758986303e-01 7.774240461255821355e-01 1.191280982236001096e+00 8.181676050374002696e-01 5.712013429946010135e-01 8.714392050994133054e-01 3.081580950469964275e-01 1.216427996544809265e+00 4.756444503816475433e-01 1.070419631489126333e+00 9.574089857982596152e-01 1.212378211290118912e+00 4.968645728258731520e-01 7.317809863771406187e-01 1.830705048039228955e-01 1.018472219162527281e+00 8.615095742540569423e-01 5.988141415220996633e-01 6.366979289709078227e-01 1.244217881277256632e+00 8.112939140152929385e-01 1.560867225345559661e-01 8.578121055104758197e-01 1.050476869183575523e+00 6.038193947466058420e-01 1.112963739638513694e+00 1.104291278778831709e+00 6.738570175425142583e-01 4.233535443265806775e-01 3.024625748066394615e-01 7.717280922741924787e-01 6.728405021144971965e-01 9.224700458372615541e-01 2.700544737856716004e-01 1.231984017736621473e-01
1.002775281284487230e+00 8.338889602403458667e-01 1.005958444724405210e+00 0.000000000000000000e+00 1.220040014773071446e+00 1.190493122285368521e+00 6.630959653546463217e-01 5.568460799126276894e-01 1.452599360313883592e+00 8.579637355318746605e-01 7.236805768502764247e-01 8.960222985379846516e-01 7.942882056188932394e-01 3.138312171587039900e-01 5.694883041472686980e-01 9.759138718683133540e-01 6.330513540920585935e-01 1.235118932343655107e+00 7.659096910812318582e-01 5.646480846703537670e-01 8.941180976996112584e-01 7.661446384876894333e-01 1.037576318215513771e+00 5.303139943427577219e-01 9.602094134982994689e-01 6.975836991163725243e-01 1.021063148930824616e+00 7.453008730042393060e-01 4.546675264731456223e-01 8.774831677092377324e-01 8.860173108848676815e-01 1.826360871049290957e-01 4.982900276807125661e-01 6.719082458644044520e-01 1.278869338203724171e+00 8.812125446752754332e-01 8.607328862615423182e-01 6.757292714481537566e-01 8.347661658954744768e-01 4.482963426032434140e-01 9.206606557948651126e-01 1.136191089115814457e+00 5.638462627199289923e-01 6.466571306432397082e-01 8.621314809706810411e-01 7.676399056504161766e-01 6.518214361663638989e-01 7.685405727165792733e-01 7.388968233269389563e-01 9.535749697899442712e-01
6.842574668418444084e-01 1.203631213927934374e+00 1.389410716677028867e+00 1.220040014773071446e+00 0.000000000000000000e+00 9.160573539949504740e-01 9.070186106500197631e-01 7.360966188350392958e-01 1.083210689288240935e+00 3.972972603219101506e-01 1.091548216133080951e+00 6.372941867540979910e-01 7.578176033634645981e-01 9.524062869012015486e-01 9.114758115879046940e-01 1.242321857226936332e+00 6.490630373644882267e-01 8.641437264136663243e-01 7.224154933873365714e-01 9.307757312482725087e-01 6.066761132549300939e-01 1.107542015544323633e+00 2.097273055133156150e-01 1.052112431814688831e+00 4.977322445056959199e-01 5.380022711985601447e-01 7.422240635263062103e-01 9.214502092399786681e-01 7.743556363917958318e-01 1.249560851848542375e+00 6.244174284701877742e-01 1.050892546609550227e+00 9.148860198868025151e-01 7.699966153240120903e-01 9.094806671780818474e-01 7.699288269491595393e-01 1.236582167559767020e+00 1.049290796511926027e+00 4.965088541949891354e-01 9.573743053952012971e-01 3.378742380754224950e-01 7.688636914740621942e-01 8.162508714629661544e-01 1.028106503619899526e+00 1.122825373960340656e+00 6.239488083382965788e-01 8.117060121833605812e-01 6.240741401124970666e-01 1.202204565468683262e+00 1.362540518522793676e+00
6.735842409561214605e-01 1.231216089154618221e+00 1.377239123179013980e+00 1.190493122285368521e+00 9.160573539949504740e-01 0.000000000000000000e+00 9.825887482894405389e-01 6.548353035969127767e-01 1.083312970819142018e+00 6.114830317661755776e-01 1.037548625057025609e+00 3.448667003721357927e-01 8.186977747844838005e-01 9.256608292511145919e-01 9.427659866180295722e-01 1.251574248015533408e+00 7.190591010201301536e-01 8.652478254477460329e-01 6.077851235667637297e-01 8.234683401294295990e-01 7.515333258113610082e-01 1.155462712029131644e+00 7.304312462369108028e-01 1.034034927320261366e+00 5.815657425401601355e-01 5.186172199598639843e-01 1.926860598631185972e-01 9.267584915219965191e-01 7.736147251395435465e-01 1.207002053746669024e+00 5.014551694331133014e-01 1.015810798724808173e+00 9.312890883839719525e-01 8.770953441196904787e-01 9.095829487089827081e-01 7.687224936656026353e-01 1.261308389334047986e+00 1.076359637548380377e+00 4.366377757625164446e-01 8.855174730814414641e-01 5.960403287332978195e-01 7.689659730049627218e-01 8.773838984907250671e-01 1.110621800710447582e+00 1.115601028799536820e+00 7.310475371339750783e-01 7.043986210645173385e-01 4.682633748812240482e-01 1.141245828238238058e+00 1.340669498638169754e+00
6.025885853269629111e-01 5.540071397432184686e-01 5.525994140984957781e-01 6.630959653546463217e-01 9.070186106500197631e-01 9.825887482894405389e-01 0.000000000000000000e+00 4.760975345473756337e-01 1.041523489912399958e+00 5.188745436185806525e-01 3.562528100348254512e-01 7.103118842165058178e-01 3.009557749031414042e-01 3.583830340967687489e-01 2.793428834236941771e-01 4.323103293681010428e-01 2.635296472693104963e-01 8.194673784788298887e-01 5.016529261426729835e-01 3.672051740888367388e-01 4.371713684602065442e-01 2.529395169472091198e-01 7.332259113502432868e-01 2.185681754035022628e-01 6.191162087873582909e-01 4.774167854791570020e-01 8.093199265768495909e-01 2.025987233323633119e-01 2.937912056732342458e-01 4.823591716067850421e-01 7.044168459261681559e-01 4.998135229274689451e-01 1.648374270690031451e-01 1.701831785988409673e-01 8.706135987025527267e-01 4.500411369557942853e-01 3.979968594808732663e-01 4.001896591823804750e-01 5.910892463071459879e-01 3.411955933881180014e-01 6.274642927216050881e-01 7.330613255991598187e-01 1.495940657714840416e-01 1.523200139003251519e-01 3.476850184774972763e-01 3.195085647292628117e-01 3.904833473749684258e-01 6.095604736978198490e-01 3.486801408262556468e-01 5.127054762829429402e-01
4.729419998989307650e-01 6.513936853162998197e-01 7.983574290534607432e-01 5.568460799126276894e-01 7.360966188350392958e-01 6.548353035969127767e-01 4.760975345473756337e-01 0.000000000000000000e+00 9.168053847223152086e-01 3.875384020382410810e-01 4.523069124643042116e-01 3.429063863085886066e-01 3.033059691647836953e-01 2.974835326171209049e-01 3.652291397626304947e-01 6.973545244297524315e-01 2.416274653502675507e-01 6.993249567520858356e-01 2.301157154896632806e-01 2.271560860588590636e-01 4.714423179784929530e-01 6.192069541192499749e-01 5.536329222774820646e-01 3.833763099743182634e-01 4.555494150582549140e-01 2.020903027992948520e-01 4.893916625073571058e-01 3.926462196775556968e-01 1.823063288741413046e-01 6.308448460164566285e-01 3.313243628335010849e-01 3.822397505939369999e-01 3.353420002320020576e-01 4.018878532098111855e-01 7.430753626121557875e-01 3.747886385612343441e-01 6.744909597375966515e-01 4.934803956734608588e-01 3.205450954732860236e-01 2.386817938038592046e-01 4.354790901517103241e-01 6.024123408376649280e-01 3.423100245133995911e-01 5.048976131691269575e-01 5.607226235850826246e-01 3.650917473937098645e-01 1.514233420820574882e-01 2.116944928039514451e-01 5.449335741676671896e-01 7.563574790877447551e-01
4.577958496665319177e-01 1.458028515586363483e+00 1.415127772487104085e+00 1.452599360313883592e+00 1.083210689288240935e+00 1.083312970819142018e+00 1.041523489912399958e+00 9.168053847223152086e-01 0.000000000000000000e+00 7.980023971263723315e-01 1.085168432428262664e+00 7.661772134558164637e-01 7.534420202985093740e-01 1.178928481705271869e+00 1.161965669445340188e+00 1.256232002446934892e+00 9.143744115717595822e-01 2.414497731612255116e-01 6.866896692326518448e-01 9.427645325722167069e-01 6.479544729632841227e-01 1.148405061659304005e+00 8.839852681377933230e-01 1.149312290399828740e+00 6.005247684707510913e-01 7.838793531718530883e-01 9.009788581438333832e-01 9.248069523468260833e-01 1.037067866619530321e+00 1.245677433098355102e+00 6.282419972248391993e-01 1.279480003129409793e+00 1.148688131838153659e+00 8.864775554604349406e-01 1.757961603288204222e-01 6.053281077954838496e-01 1.270735151728156431e+00 1.307231392147073290e+00 6.602600788242558583e-01 1.068252266055675248e+00 7.453364512128188846e-01 3.215579220737355137e-01 1.019432808029197002e+00 1.091686815942862543e+00 1.127633343882985528e+00 7.762712443040158394e-01 8.103932508932933931e-01 7.659989858303137833e-01 1.195824781763865419e+00 1.384821114605105929e+00
4.011228687145267924e-01 8.323548479234504915e-01 9.958102492266300843e-01 8.579637355318746605e-01 3.972972603219101506e-01 6.114830317661755776e-01 5.188745436185806525e-01 3.875384020382410810e-01 7.980023971263723315e-01 0.000000000000000000e+00 6.979477486826822785e-01 3.357702144535272271e-01 3.642171359130658148e-01 5.851741547154408751e-01 5.401994455834209230e-01 8.487213897765377713e-01 2.640668769342873756e-01 5.785000507533375469e-01 3.805721317035711815e-01 5.889323695645074519e-01 2.268051427593992253e-01 7.139415480939246272e-01 2.247512594472567959e-01 6.808360658102047269e-01 2.070639522767044050e-01 1.934724813779850339e-01 4.382142100535843521e-01 5.278497417895799959e-01 4.032962090587293713e-01 8.559603843981439253e-01 3.372024751731328984e-01 6.888162673683538850e-01 5.436096538823187441e-01 3.763961478736133071e-01 6.242723750162130214e-01 3.776914637612763803e-01 8.429817001093684592e-01 6.780144305074419231e-01 1.962266776712713601e-01 5.995022940145730006e-01 1.463663097428389570e-01 4.836595816559540739e-01 4.281068044315271548e-01 6.380589963638276796e-01 7.292249065099417615e-01 2.303483408878978789e-01 4.698626504995951914e-01 2.831182621884038575e-01 8.086040980182848115e-01 9.689400510723948923e-01
6.325304143448580163e-01 7.904864238899141915e-01 3.496798610477092062e-01 7.236805768502764247e-01 1.091548216133080951e+00 1.037548625057025609e+00 3.562528100348254512e-01 4.523069124643042116e-01 1.085168432428262664e+00 6.979477486826822785e-01 0.000000000000000000e+00 7.211986456424664960e-01 3.522567317841788226e-01 4.098493596915727122e-01 5.386757767615383274e-01 2.766727721549327446e-01 5.448140395238941780e-01 8.613216421771597853e-01 4.784771069154108991e-01 2.251508264054451203e-01 5.588621261468723622e-01 2.112634074589276045e-01 9.185654960008612369e-01 2.074883465276708694e-01 7.670505512741188081e-01 6.177184876762702448e-01 8.726877131681303190e-01 1.863964388984785392e-01 4.822830140518970521e-01 1.852071702542302245e-01 6.787817210405380219e-01 5.767192039931631209e-01 3.722620334736714276e-01 3.924603305109860552e-01 9.142585412184154325e-01 4.798403246327789251e-01 2.321925543773679934e-01 6.350325804134863139e-01 7.107863710615869302e-01 2.893363593038760784e-01 8.151012390945656660e-01 7.709040428805877809e-01 4.607220216995636664e-01 2.442789518641084179e-01 1.416523220264840344e-01 4.892184063705611319e-01 3.331500039925079371e-01 5.827795477152721837e-01 1.248114488486062601e-01 3.115536636814898452e-01
3.560034279069507757e-01 9.472013267989498608e-01 1.060889143764454978e+00 8.960222985379846516e-01 6.372941867540979910e-01 3.448667003721357927e-01 7.103118842165058178e-01 3.429063863085886066e-01 7.661772134558164637e-01 3.357702144535272271e-01 7.211986456424664960e-01 0.000000000000000000e+00 4.979484667838830481e-01 6.317587230990551195e-01 6.587512242623614345e-01 9.308249400149327668e-01 4.467822369471955435e-01 5.481120680844208115e-01 2.787218747709685474e-01 5.071183607148705974e-01 4.806858879141928664e-01 8.347134040285307810e-01 4.515536392788284670e-01 7.236075216908691710e-01 2.825825401403391224e-01 2.387382718419857053e-01 1.893803119390171374e-01 6.060091835213957667e-01 4.853304941720616439e-01 8.906520743321096889e-01 1.748787179390847712e-01 7.213399749774245251e-01 6.452833013985790345e-01 6.062479062225221149e-01 5.924471913456572647e-01 4.300223990357502912e-01 9.449584099194892062e-01 7.923448751927119060e-01 1.525252968540451726e-01 5.719401718773911014e-01 3.169658183525202455e-01 4.518302156416376669e-01 6.051070344177901239e-01 7.898724927098467186e-01 7.948517207989358457e-01 4.602000992368069365e-01 3.880486416499584479e-01 1.397870460658281189e-01 8.248958488236788344e-01 1.024319519223610975e+00
3.095498620033813597e-01 7.482183380601586942e-01 6.657704146760297093e-01 7.942882056188932394e-01 7.578176033634645981e-01 8.186977747844838005e-01 3.009557749031414042e-01 3.033059691647836953e-01 7.534420202985093740e-01 3.642171359130658148e-01 3.522567317841788226e-01 4.979484667838830481e-01 0.000000000000000000e+00 5.137484782857960619e-01 4.572649038004815703e-01 5.101438618401932246e-01 2.481934407916344121e-01 5.295952300474063845e-01 2.339420095890911433e-01 2.497171772033748571e-01 2.184000044863393386e-01 3.971150070604440030e-01 5.848348832312446621e-01 4.284185618369829029e-01 4.265884296135855069e-01 3.734449329550532104e-01 6.544678199099207561e-01 1.821587248910765677e-01 4.206075937454122338e-01 5.102693674996405804e-01 4.363712481009571764e-01 6.258698610722970290e-01 4.255446210802513174e-01 1.655147422851128147e-01 5.825321290886621428e-01 1.570024136322127339e-01 5.194450971292962072e-01 6.042832472631869400e-01 4.669996674760039101e-01 3.891626127823349379e-01 4.813706263249493134e-01 4.469926866506755969e-01 3.021452262025744462e-01 3.453014020905382786e-01 3.835338896114383056e-01 1.575062493358872773e-01 1.518826270827261793e-01 3.581614207180548459e-01 4.629130811197814110e-01 6.454034480923225292e-01
7.264259111466945251e-01 5.435840678182831676e-01 6.925527770931804161e-01 3.138312171587039900e-01 9.524062869012015486e-01 9.256608292511145919e-01 3.583830340967687489e-01 2.974835326171209049e-01 1.178928481705271869e+00 5.851741547154408751e-01 4.098493596915727122e-01 6.317587230990551195e-01 5.137484782857960619e-01 0.000000000000000000e+00 2.801354057271813747e-01 6.625082042370884494e-01 3.599772659754572612e-01 9.614480537350424960e-01 4.926799428127163760e-01 2.784757817687657511e-01 6.210440095830098706e-01 4.527389708564648063e-01 7.699425903436446506e-01 2.169083267115330393e-01 6.940432448673319321e-01 4.299499712445032373e-01 7.548969802998571899e-01 4.530669192282926749e-01 1.818779456567115038e-01 5.640775000780131609e-01 6.253002932033502326e-01 1.689567971608765540e-01 1.974756968324292983e-01 3.926238694675838192e-01 1.005198459595112448e+00 6.034111552587358984e-01 5.473272186303175246e-01 3.854243790260908353e-01 5.685999972645070510e-01 1.407002037461393962e-01 6.530269279229957702e-01 8.598417189780209746e-01 2.824469419705840645e-01 3.332514630120151367e-01 5.487258133394563586e-01 4.892865757566997043e-01 3.740200467498244752e-01 5.050697589931720799e-01 4.254911556957143848e-01 6.401693021587194776e-01
7.372388996161111097e-01 2.960628461410231838e-01 7.614553018585278332e-01 5.694883041472686980e-01 9.114758115879046940e-01 9.427659866180295722e-01 2.793428834236941771e-01 3.652291397626304947e-01 1.161965669445340188e+00 5.401994455834209230e-01 5.386757767615383274e-01 6.587512242623614345e-01 4.572649038004815703e-01 2.801354057271813747e-01 0.000000000000000000e+00 6.868045426244367979e-01 2.774193957857350457e-01 9.399095580117701187e-01 5.947681688171362335e-01 4.113157522277185452e-01 5.237508850601876320e-01 4.772529323972154458e-01 7.333173854094511279e-01 3.349363187725882818e-01 6.509201863940342614e-01 4.279751024187639086e-01 7.720021376667721702e-01 4.435573145513146964e-01 1.829228108884892179e-01 6.623856161972844214e-01 6.718031290047919990e-01 4.051578845554966168e-01 1.779403422665118140e-01 2.917501615153687555e-01 9.910557782354929568e-01 5.986018338015753892e-01 6.078595099665999868e-01 1.511888744796494877e-01 5.654951138845824010e-01 3.310512279873866759e-01 6.181646796539421729e-01 8.535035051321000488e-01 1.609045235833009846e-01 3.422573176025671127e-01 6.086930074478048569e-01 3.911776330702442794e-01 4.848097793604250194e-01 5.446432289165961116e-01 5.207076126604273103e-01 7.129490576921239109e-01
8.058745335924896169e-01 9.450812189469539604e-01 2.444250041758986303e-01 9.759138718683133540e-01 1.242321857226936332e+00 1.251574248015533408e+00 4.323103293681010428e-01 6.973545244297524315e-01 1.256232002446934892e+00 8.487213897765377713e-01 2.766727721549327446e-01 9.308249400149327668e-01 5.101438618401932246e-01 6.625082042370884494e-01 6.868045426244367979e-01 0.000000000000000000e+00 6.478657260059824674e-01 1.032385212195831681e+00 6.824335294578240951e-01 4.800699353770968014e-01 7.232193702682921943e-01 2.139641074466404336e-01 1.069339137094716508e+00 4.586743411944793625e-01 9.233307720390339091e-01 8.356845606016317651e-01 1.087344293140970253e+00 3.320629110447614329e-01 6.809568291610818003e-01 1.806606581530737221e-01 8.851974492413191564e-01 8.292950725761332187e-01 5.377343137774155402e-01 5.071396088513083766e-01 1.085322111237087217e+00 6.509038946514508206e-01 1.788138567897294695e-01 7.896273754705264158e-01 9.287524439869481174e-01 5.623896719019283452e-01 9.658748801884213808e-01 9.439012594149894797e-01 5.545940677711939104e-01 3.489597222412887945e-01 1.372521038145362304e-01 6.246392328241001657e-01 5.544747831783226610e-01 7.910378939491045092e-01 2.789365339065622562e-01 2.784102940519344593e-01
4.896476417425307259e-01 5.725183601217427309e-01 7.774240461255821355e-01 6.330513540920585935e-01 6.490630373644882267e-01 7.190591010201301536e-01 2.635296472693104963e-01 2.416274653502675507e-01 9.143744115717595822e-01 2.640668769342873756e-01 5.448140395238941780e-01 4.467822369471955435e-01 2.481934407916344121e-01 3.599772659754572612e-01 2.774193957857350457e-01 6.478657260059824674e-01 0.000000000000000000e+00 6.923183001381895130e-01 4.247345520233990479e-01 4.418850930158630952e-01 2.722703606766281870e-01 4.848667487801263110e-01 4.736128743758002968e-01 4.379123855203368998e-01 3.777347107604530629e-01 2.138871382098463947e-01 5.457902793075392056e-01 3.667448087923441125e-01 1.940306066598655732e-01 6.798155115455939423e-01 4.786425852848242846e-01 4.681743695399630534e-01 2.986864275920396161e-01 1.617879128501708563e-01 7.434645203619123510e-01 3.687546578449728552e-01 6.228214915079594016e-01 4.204152030848999355e-01 3.275595990378356581e-01 3.990086994866166026e-01 3.647096622467315141e-01 6.059122472585194430e-01 1.677358538956661427e-01 3.954554031470359221e-01 5.451413584163065096e-01 1.381031672677438538e-01 3.930508074323250112e-01 3.460308264285092972e-01 5.892055600838979057e-01 7.446327081158599093e-01
2.415136779893298224e-01 1.235972404152793080e+00 1.191280982236001096e+00 1.235118932343655107e+00 8.641437264136663243e-01 8.652478254477460329e-01 8.194673784788298887e-01 6.993249567520858356e-01 2.414497731612255116e-01 5.785000507533375469e-01 8.613216421771597853e-01 5.481120680844208115e-01 5.295952300474063845e-01 9.614480537350424960e-01 9.399095580117701187e-01 1.032385212195831681e+00 6.923183001381895130e-01 0.000000000000000000e+00 4.692092412624227493e-01 7.264823608950142786e-01 4.258983615297139425e-01 9.245582714082011266e-01 6.644829217647584274e-01 9.259858784734517068e-01 3.791277991008795145e-01 5.653408431884540120e-01 6.829137127724371759e-01 7.009601620957232049e-01 8.185293566361309114e-01 1.021830642847252335e+00 4.107615692546099928e-01 1.061999575159180198e+00 9.266320204045835895e-01 6.644214440268648714e-01 1.605197765822244382e-01 3.814813175443808047e-01 1.046888361477053442e+00 1.085175280713502888e+00 4.418406336155229486e-01 8.510367472584396964e-01 5.262694883382440514e-01 1.451453342249502954e-01 7.973766965956269326e-01 8.688852445748688202e-01 9.037865536318826498e-01 5.542151328704457702e-01 5.941110792160912979e-01 5.485185578600846323e-01 9.719779915127623182e-01 1.160974324354003162e+00
2.428262844092674844e-01 8.657796397820798351e-01 8.181676050374002696e-01 7.659096910812318582e-01 7.224154933873365714e-01 6.077851235667637297e-01 5.016529261426729835e-01 2.301157154896632806e-01 6.866896692326518448e-01 3.805721317035711815e-01 4.784771069154108991e-01 2.787218747709685474e-01 2.339420095890911433e-01 4.926799428127163760e-01 5.947681688171362335e-01 6.824335294578240951e-01 4.247345520233990479e-01 4.692092412624227493e-01 0.000000000000000000e+00 2.837374655267831947e-01 3.302187941691450135e-01 5.811397029153084759e-01 5.399517968297794512e-01 5.153317429865488242e-01 3.940470858314144564e-01 2.111402611337433455e-01 4.457183998186129426e-01 3.524354824081734061e-01 4.118453579286470156e-01 6.479305356050539810e-01 2.116572362684985831e-01 5.927903338967572822e-01 5.476939496890720349e-01 3.931318907499459780e-01 5.129596471224924237e-01 1.693014587049977981e-01 7.022368711924336093e-01 7.076375015505397270e-01 2.883458482730546502e-01 3.879277747612684957e-01 4.109419790373576853e-01 3.722966253480018972e-01 5.260449853458122327e-01 5.362987915966241914e-01 5.507622339332464145e-01 3.492745933131184422e-01 1.504216522023103242e-01 1.395217486855397371e-01 5.837620726758768752e-01 7.815979804965557109e-01
4.894787212397438969e-01 6.807255734420961657e-01 5.712013429946010135e-01 5.646480846703537670e-01 9.307757312482725087e-01 8.234683401294295990e-01 3.672051740888367388e-01 2.271560860588590636e-01 9.427645325722167069e-01 5.889323695645074519e-01 2.251508264054451203e-01 5.071183607148705974e-01 2.497171772033748571e-01 2.784757817687657511e-01 4.113157522277185452e-01 4.800699353770968014e-01 4.418850930158630952e-01 7.264823608950142786e-01 2.837374655267831947e-01 0.000000000000000000e+00 4.496949363291452562e-01 4.037172202690121336e-01 7.483120346907154996e-01 2.315942774597655740e-01 6.375216825599007153e-01 4.001652751494682581e-01 6.586074282405345315e-01 1.825027334921253130e-01 2.665807099925432411e-01 4.057974669370836840e-01 4.797160317728632051e-01 4.003222812136738584e-01 3.539224289899696729e-01 3.156582961686320021e-01 7.690345104620571748e-01 3.474604381013835508e-01 4.473348736787376989e-01 5.225834352105559466e-01 4.967060861339909206e-01 1.449801474432140802e-01 6.193022168982940112e-01 6.233423114414143873e-01 4.036254599001155019e-01 3.457901307837238924e-01 3.434380345324271055e-01 3.934678652928206288e-01 1.333158133244728982e-01 3.727465801403547219e-01 3.177774881088081815e-01 5.292013930288856915e-01
2.322840017343429930e-01 8.198137312012111488e-01 8.714392050994133054e-01 8.941180976996112584e-01 6.066761132549300939e-01 7.515333258113610082e-01 4.371713684602065442e-01 4.714423179784929530e-01 6.479544729632841227e-01 2.268051427593992253e-01 5.588621261468723622e-01 4.806858879141928664e-01 2.184000044863393386e-01 6.210440095830098706e-01 5.237508850601876320e-01 7.232193702682921943e-01 2.722703606766281870e-01 4.258983615297139425e-01 3.302187941691450135e-01 4.496949363291452562e-01 0.000000000000000000e+00 5.895705039667078484e-01 4.347529927525385918e-01 6.343090925982608486e-01 2.171215508369766511e-01 2.789663511883410107e-01 5.782645040987700602e-01 3.958329502204003258e-01 4.550973502674182103e-01 7.193711268169644679e-01 3.880629571842539316e-01 7.292411131475156072e-01 5.188067939322138500e-01 2.669881898613656324e-01 4.766613884258303901e-01 1.632527136942292234e-01 7.186106559821516804e-01 6.690166077619204010e-01 3.525330374782069121e-01 5.891403719081053092e-01 3.175823085035199278e-01 3.387414754770102787e-01 3.847061384162469566e-01 5.179588572025785043e-01 5.972081149407620915e-01 1.341671934088843055e-01 3.460561189417636907e-01 3.867334772919412411e-01 6.695184754824748952e-01 8.445690069451781135e-01
6.995418421285322097e-01 7.311171115003138876e-01 3.081580950469964275e-01 7.661446384876894333e-01 1.107542015544323633e+00 1.155462712029131644e+00 2.529395169472091198e-01 6.192069541192499749e-01 1.148405061659304005e+00 7.139415480939246272e-01 2.112634074589276045e-01 8.347134040285307810e-01 3.971150070604440030e-01 4.527389708564648063e-01 4.772529323972154458e-01 2.139641074466404336e-01 4.848667487801263110e-01 9.245582714082011266e-01 5.811397029153084759e-01 4.037172202690121336e-01 5.895705039667078484e-01 0.000000000000000000e+00 9.345592954121034746e-01 2.510681863380588852e-01 7.885509303564204320e-01 6.987538869899727612e-01 9.912327571545683780e-01 2.334885804190837966e-01 4.669927217144415610e-01 2.394270442584545133e-01 7.839036226988035372e-01 6.153309651294929239e-01 3.237702063307751899e-01 3.480782830005179074e-01 9.774951704494569960e-01 5.445712031874929693e-01 1.520713725124404614e-01 5.756632680238862321e-01 8.089712685599074193e-01 3.883031448140923381e-01 8.310950385058080148e-01 8.375685679510318504e-01 3.787338934761965148e-01 1.349956147946483886e-01 1.445189041094068205e-01 4.898593911414869662e-01 4.699270981026332228e-01 6.949263579627026344e-01 1.317306996277850528e-01 2.642183806872417384e-01
4.853834381904223449e-01 1.025357558389067059e+00 1.216427996544809265e+00 1.037576318215513771e+00 2.097273055133156150e-01 7.304312462369108028e-01 7.332259113502432868e-01 5.536329222774820646e-01 8.839852681377933230e-01 2.247512594472567959e-01 9.185654960008612369e-01 4.515536392788284670e-01 5.848348832312446621e-01 7.699425903436446506e-01 7.333173854094511279e-01 1.069339137094716508e+00 4.736128743758002968e-01 6.644829217647584274e-01 5.399517968297794512e-01 7.483120346907154996e-01 4.347529927525385918e-01 9.345592954121034746e-01 0.000000000000000000e+00 8.717609960088144039e-01 2.953220747319177386e-01 3.555385746410028025e-01 5.565979557682663170e-01 7.484674891077588432e-01 5.930418662122516338e-01 1.076578131716322995e+00 4.315250415664945161e-01 8.684288500519927734e-01 7.347167045494520377e-01 5.970138951917921544e-01 7.102552460276337909e-01 5.939958136855441051e-01 1.063599447427547195e+00 8.710171409730584902e-01 3.044278767413753362e-01 7.749106088376443990e-01 1.396519421105872072e-01 5.696424526673751210e-01 6.413487282714664950e-01 8.543138043201232712e-01 9.498426538281206088e-01 4.509660882060768650e-01 6.292423156258034611e-01 4.416104435549399465e-01 1.029221845336463659e+00 1.189557798390573629e+00
6.921771555445330737e-01 5.923179075553413053e-01 4.756444503816475433e-01 5.303139943427577219e-01 1.052112431814688831e+00 1.034034927320261366e+00 2.185681754035022628e-01 3.833763099743182634e-01 1.149312290399828740e+00 6.808360658102047269e-01 2.074883465276708694e-01 7.236075216908691710e-01 4.284185618369829029e-01 2.169083267115330393e-01 3.349363187725882818e-01 4.586743411944793625e-01 4.379123855203368998e-01 9.259858784734517068e-01 5.153317429865488242e-01 2.315942774597655740e-01 6.343090925982608486e-01 2.510681863380588852e-01 8.717609960088144039e-01 0.000000000000000000e+00 8.020790882275136147e-01 5.389023838153158552e-01 8.685912862307055837e-01 2.793162408065166802e-01 2.818056581286378370e-01 3.534847817602466136e-01 6.986911069684551556e-01 3.858651238724095656e-01 1.720617407380177488e-01 3.686728399388293775e-01 9.755822682896688747e-01 5.446054710908889707e-01 3.326417833007283553e-01 4.368640640789136498e-01 6.820514260466301604e-01 1.516673498134779863e-01 7.566082902533052268e-01 8.298900692690260872e-01 2.818022073534569016e-01 1.377979750653033075e-01 3.404177199789920616e-01 5.155916835790504971e-01 3.649100907842384722e-01 5.892357411163532399e-01 2.100181916084351841e-01 4.232609754471864383e-01
2.057741325014160738e-01 9.460191507300413916e-01 1.070419631489126333e+00 9.602094134982994689e-01 4.977322445056959199e-01 5.815657425401601355e-01 6.191162087873582909e-01 4.555494150582549140e-01 6.005247684707510913e-01 2.070639522767044050e-01 7.670505512741188081e-01 2.825825401403391224e-01 4.265884296135855069e-01 6.940432448673319321e-01 6.509201863940342614e-01 9.233307720390339091e-01 3.777347107604530629e-01 3.791277991008795145e-01 3.940470858314144564e-01 6.375216825599007153e-01 2.171215508369766511e-01 7.885509303564204320e-01 2.953220747319177386e-01 8.020790882275136147e-01 0.000000000000000000e+00 2.674554775810140672e-01 4.015958666519294784e-01 6.024591240520762447e-01 5.202734300988756111e-01 9.275595519442110248e-01 1.955021448235459980e-01 7.906316407848257288e-01 6.664093831934476686e-01 4.614053435285881966e-01 4.268971003746260262e-01 3.216287653680376946e-01 9.175910823718642639e-01 7.939159936931992068e-01 1.464144491440449725e-01 6.768271016184174149e-01 1.601989132507154745e-01 2.883108454428433554e-01 5.315903239395618485e-01 7.155764787923113435e-01 8.038342887724378993e-01 3.120964367091322300e-01 5.184519634949884548e-01 3.284588234362344483e-01 8.777069006097211190e-01 1.043549433334890697e+00
3.812734636038028202e-01 7.164252049553520019e-01 9.574089857982596152e-01 6.975836991163725243e-01 5.380022711985601447e-01 5.186172199598639843e-01 4.774167854791570020e-01 2.020903027992948520e-01 7.838793531718530883e-01 1.934724813779850339e-01 6.177184876762702448e-01 2.387382718419857053e-01 3.734449329550532104e-01 4.299499712445032373e-01 4.279751024187639086e-01 8.356845606016317651e-01 2.138871382098463947e-01 5.653408431884540120e-01 2.111402611337433455e-01 4.001652751494682581e-01 2.789663511883410107e-01 6.987538869899727612e-01 3.555385746410028025e-01 5.389023838153158552e-01 2.674554775810140672e-01 0.000000000000000000e+00 3.470961326824571480e-01 5.108688041080948761e-01 2.588238409402777163e-01 7.871719163659134377e-01 2.678001817451965416e-01 5.284362309528516377e-01 4.164982041847062333e-01 3.756750510600172510e-01 6.101493310616936672e-01 3.694177833676752787e-01 8.367086297178057963e-01 5.615687533491144912e-01 1.440840503227505398e-01 4.208589844343306741e-01 2.386229122203542830e-01 4.695323553576740139e-01 3.722119356804411971e-01 6.035157307345287991e-01 6.997113413856349551e-01 2.384925142798701714e-01 2.845684836837620857e-01 1.324365355388536503e-01 7.179427632582762175e-01 9.208393612574149456e-01
4.912501282808127701e-01 1.060452240203360930e+00 1.212378211290118912e+00 1.021063148930824616e+00 7.422240635263062103e-01 1.926860598631185972e-01 8.093199265768495909e-01 4.893916625073571058e-01 9.009788581438333832e-01 4.382142100535843521e-01 8.726877131681303190e-01 1.893803119390171374e-01 6.544678199099207561e-01 7.548969802998571899e-01 7.720021376667721702e-01 1.087344293140970253e+00 5.457902793075392056e-01 6.829137127724371759e-01 4.457183998186129426e-01 6.586074282405345315e-01 5.782645040987700602e-01 9.912327571545683780e-01 5.565979557682663170e-01 8.685912862307055837e-01 4.015958666519294784e-01 3.470961326824571480e-01 0.000000000000000000e+00 7.625285366474334747e-01 6.028508761882860334e-01 1.042141141857773512e+00 3.230089092598102951e-01 8.479347257897096313e-01 7.605252394327146614e-01 7.038265224070994197e-01 7.272488360336739621e-01 6.102270556602993334e-01 1.096447477445152918e+00 9.055957885971227528e-01 2.609699134628263306e-01 7.200738319918855712e-01 4.222070382646530562e-01 5.866318603296540868e-01 7.041150767781341191e-01 9.412456824545750722e-01 9.513710739249734427e-01 5.577787154213841303e-01 5.395377091756223820e-01 3.065555003297089631e-01 9.763849163493425465e-01 1.175808586749274243e+00
4.744494834923811966e-01 7.335105264036013706e-01 4.968645728258731520e-01 7.453008730042393060e-01 9.214502092399786681e-01 9.267584915219965191e-01 2.025987233323633119e-01 3.926462196775556968e-01 9.248069523468260833e-01 5.278497417895799959e-01 1.863964388984785392e-01 6.060091835213957667e-01 1.821587248910765677e-01 4.530669192282926749e-01 4.435573145513146964e-01 3.320629110447614329e-01 3.667448087923441125e-01 7.009601620957232049e-01 3.524354824081734061e-01 1.825027334921253130e-01 3.958329502204003258e-01 2.334885804190837966e-01 7.484674891077588432e-01 2.793162408065166802e-01 6.024591240520762447e-01 5.108688041080948761e-01 7.625285366474334747e-01 0.000000000000000000e+00 4.194041637289359081e-01 3.308628194479752427e-01 5.551994021916686339e-01 5.813902409969859963e-01 3.645725119836077388e-01 2.075802049473314537e-01 7.538970611369788521e-01 3.194788445513424557e-01 3.558186704879358064e-01 5.921819552038063428e-01 6.039366874934116725e-01 3.161779821529080992e-01 6.450032322014633834e-01 6.124762093148811148e-01 2.826527909680136563e-01 1.947802052416008345e-01 2.041273415597729957e-01 3.090933886887373139e-01 2.412228775954982640e-01 4.662221374555675646e-01 2.993069062424379978e-01 4.817770214509623505e-01
6.344619770514798862e-01 4.713729134250776442e-01 7.317809863771406187e-01 4.546675264731456223e-01 7.743556363917958318e-01 7.736147251395435465e-01 2.937912056732342458e-01 1.823063288741413046e-01 1.037067866619530321e+00 4.032962090587293713e-01 4.822830140518970521e-01 4.853304941720616439e-01 4.206075937454122338e-01 1.818779456567115038e-01 1.829228108884892179e-01 6.809568291610818003e-01 1.940306066598655732e-01 8.185293566361309114e-01 4.118453579286470156e-01 2.665807099925432411e-01 4.550973502674182103e-01 4.669927217144415610e-01 5.930418662122516338e-01 2.818056581286378370e-01 5.202734300988756111e-01 2.588238409402777163e-01 6.028508761882860334e-01 4.194041637289359081e-01 0.000000000000000000e+00 6.207927190784671145e-01 4.978917743252422312e-01 2.855200583096245137e-01 1.660801956184458916e-01 2.550928514602993635e-01 8.633378445093708997e-01 5.559380876196783339e-01 5.805455323975914350e-01 3.165164618188397450e-01 4.029078912630282283e-01 2.124567051709784771e-01 4.768974325675746639e-01 7.227208688053510244e-01 1.600036956392583143e-01 3.454222692040245235e-01 5.978007133528983053e-01 3.294320275938460996e-01 3.265469791107670217e-01 3.712224988262962100e-01 4.766647895877725860e-01 6.796648280470649617e-01
7.937350713576227790e-01 9.141962633256600634e-01 1.830705048039228955e-01 8.774831677092377324e-01 1.249560851848542375e+00 1.207002053746669024e+00 4.823591716067850421e-01 6.308448460164566285e-01 1.245677433098355102e+00 8.559603843981439253e-01 1.852071702542302245e-01 8.906520743321096889e-01 5.102693674996405804e-01 5.640775000780131609e-01 6.623856161972844214e-01 1.806606581530737221e-01 6.798155115455939423e-01 1.021830642847252335e+00 6.479305356050539810e-01 4.057974669370836840e-01 7.193711268169644679e-01 2.394270442584545133e-01 1.076578131716322995e+00 3.534847817602466136e-01 9.275595519442110248e-01 7.871719163659134377e-01 1.042141141857773512e+00 3.308628194479752427e-01 6.207927190784671145e-01 0.000000000000000000e+00 8.482351497301812149e-01 7.330342972388894651e-01 4.984827753855701760e-01 5.339585559157813410e-01 1.074767541888507871e+00 6.403493253028712529e-01 1.668463480493406481e-01 7.587424198492321858e-01 8.802397997512301231e-01 4.634965891319905440e-01 9.731138748100273128e-01 9.321086998933527656e-01 5.828024290629105764e-01 3.452645212759660187e-01 1.348318423359242402e-01 6.354717396571870625e-01 5.026034326821511300e-01 7.522329764049153766e-01 1.463453071790357662e-01 1.705125810093443273e-01
1.976920935456624728e-01 9.602532315413803143e-01 1.018472219162527281e+00 8.860173108848676815e-01 6.244174284701877742e-01 5.014551694331133014e-01 7.044168459261681559e-01 3.313243628335010849e-01 6.282419972248391993e-01 3.372024751731328984e-01 6.787817210405380219e-01 1.748787179390847712e-01 4.363712481009571764e-01 6.253002932033502326e-01 6.718031290047919990e-01 8.851974492413191564e-01 4.786425852848242846e-01 4.107615692546099928e-01 2.116572362684985831e-01 4.797160317728632051e-01 3.880629571842539316e-01 7.839036226988035372e-01 4.315250415664945161e-01 6.986911069684551556e-01 1.955021448235459980e-01 2.678001817451965416e-01 3.230089092598102951e-01 5.551994021916686339e-01 4.978917743252422312e-01 8.482351497301812149e-01 0.000000000000000000e+00 7.114109815661767700e-01 6.578445815517596218e-01 5.955611292618119279e-01 4.545119751146797227e-01 3.090697983680725791e-01 9.025414853175607321e-01 8.053967799351425816e-01 1.681303531393825434e-01 5.490806514169364050e-01 2.935352874971283166e-01 3.138949994106600139e-01 6.367808285805043322e-01 7.390627113801196968e-01 7.510668480583736484e-01 4.828704053163110910e-01 3.484631141686367339e-01 1.452054317077641765e-01 7.840666868010039980e-01 9.819025946216827228e-01
8.296559241000126539e-01 6.695585406485742297e-01 8.615095742540569423e-01 1.826360871049290957e-01 1.050892546609550227e+00 1.015810798724808173e+00 4.998135229274689451e-01 3.822397505939369999e-01 1.279480003129409793e+00 6.888162673683538850e-01 5.767192039931631209e-01 7.213399749774245251e-01 6.258698610722970290e-01 1.689567971608765540e-01 4.051578845554966168e-01 8.292950725761332187e-01 4.681743695399630534e-01 1.061999575159180198e+00 5.927903338967572822e-01 4.003222812136738584e-01 7.292411131475156072e-01 6.153309651294929239e-01 8.684288500519927734e-01 3.858651238724095656e-01 7.906316407848257288e-01 5.284362309528516377e-01 8.479347257897096313e-01 5.813902409969859963e-01 2.855200583096245137e-01 7.330342972388894651e-01 7.114109815661767700e-01 0.000000000000000000e+00 3.354197686211161655e-01 5.070312613123089118e-01 1.105749981019250372e+00 7.106214031983917323e-01 7.162840157911941619e-01 5.113988518563817864e-01 6.651883931820010698e-01 2.960127422055771063e-01 7.515131876313442261e-01 9.630717319313393254e-01 3.995158431281569111e-01 4.937605126190758309e-01 7.175228788948614378e-01 6.027629210983206365e-01 4.812302946894803646e-01 5.939342433978883617e-01 5.944479528565910220e-01 8.091260993195961149e-01
