0.000000000000000000e+00 5.861528251516830990e-01 4.635878128633476591e-01 4.582987986474817421e-01 3.644380956910612257e-01 3.457826052019581931e-01 2.783876616852161145e-01 2.522964920697538527e-01 3.734857634210316246e-01 2.299225856663144330e-01 3.003055739821418046e-01 2.026644031630150944e-01 1.997400760110304430e-01 1.809566757206263476e-01 5.242389398435872705e-01 4.518073607379582413e-01 2.566642468548483436e-01 1.547448511338429811e-01 1.796143927118760419e-01 5.190328097742891167e-01 3.296473876206142961e-01 1.380264803718385669e-01 3.634978215533026802e-01 1.226545610734549457e-01 3.659490916903332947e-01 2.530158045922776822e-01 4.501434625059523853e-01 2.455015034569954513e-01 1.102728010949201171e-01 2.253138917967371924e-01 3.179702380205524648e-01 1.113504325447440824e-01 1.037700571785248327e-01 5.374650494264491263e-01 9.523193463365581257e-02 3.687870448424513392e-01 3.196497652470759454e-01 1.724428788922018618e-01 3.834779228214709179e-01 2.026132708432364371e-01 4.536564955843394586e-01 2.493802493368084128e-01 5.261471601504952300e-01 2.958634094955649996e-01 3.835862112902579946e-01 3.785825892937990100e-01 5.290697040737019075e-01 2.684594808562200119e-01 1.956850383111509717e-01 1.813368800210310161e-01 3.317786007335492560e-01 3.126656141904037289e-01 2.070160194725521874e-01 8.161521561344868558e-02 3.923716249869484973e-01 3.099203256567685805e-01 4.989506337630978394e-01 2.103460668680270373e-01 1.819427133934603535e-01 1.728697150269536964e-01 4.210814989951711662e-01 3.156120382486468090e-01 1.633517772909904020e-01 1.364680250212890467e-01 1.477113902467902806e-01 1.358487240986168132e-01 9.505624392402178824e-02 5.099140423348332840e-01 6.489650303397795361e-02 3.816570387001834153e-01 2.543456796168976908e-01 1.741444597194540533e-01 2.700202384116258680e-01 1.412590799241878747e-01 2.270048582195542397e-01 3.947557931107385509e-01 4.269853780885143890e-01 1.596535880169872856e-01 8.068601359841272302e-02 4.710115327903979243e-01 4.029598050254643571e-01 3.347188461051914810e-01 2.487537501131740214e-01 2.993181002881035724e-01 5.193997402141304898e-01 1.936532774701827941e-01 3.313480493901213020e-01 2.000973317066978840e-01 2.247055788514039643e-01 1.207667081795540109e-01 5.651594216863007475e-02 2.610855388166418711e-01 4.500843408172662818e-01 5.021168960124704483e-01 4.230539131278047704e-01 4.827978898038836064e-01 3.231227492887311370e-01 1.566132516188475932e-01 3.114368401434328137e-01 3.390922500641945225e-01
5.861528251516830990e-01 0.000000000000000000e+00 4.863613378794998665e-01 4.645318904492717338e-01 9.008213946129749461e-01 3.533367555261606729e-01 6.788414852538159350e-01 6.566935666686559703e-01 2.519505959355615721e-01 4.976561764372111618e-01 2.862873391104977516e-01 4.939908111557840820e-01 7.195527920549841250e-01 4.636206189190353877e-01 1.664905980782040995e-01 1.536276998965229457e-01 3.587937397732542388e-01 5.328335709093152683e-01 5.943101548698485059e-01 1.412386150243100380e-01 3.242896649944313481e-01 5.601803303717536320e-01 3.665128645485420389e-01 4.683503366903442044e-01 2.541621973369179721e-01 4.218861266497078710e-01 1.360093626457306304e-01 7.824534493472552477e-01 6.426598155410128133e-01 3.879918399859493827e-01 3.134022318432158616e-01 5.864304899346174382e-01 5.243939359677791678e-01 1.023886571862900469e-01 5.486727894311878018e-01 2.298274762185427422e-01 2.768609807287761293e-01 5.346593400062323864e-01 3.964946284076881211e-01 3.835395543084466063e-01 1.764343134960596471e-01 4.447453216543013621e-01 8.826075826574705796e-02 3.385343551553472996e-01 4.191388865397321362e-01 2.308505958510334022e-01 8.985003019712907435e-02 3.864790921215238706e-01 6.000821129100528672e-01 5.073513475010268392e-01 2.960887715484299965e-01 8.509300879693759700e-01 6.062264324393925596e-01 5.452398942259593095e-01 2.740722762901882104e-01 3.577412798350428913e-01 1.811898112293504615e-01 4.112193331736034851e-01 4.523020774235104180e-01 5.144880491766131714e-01 1.869108593768131765e-01 3.335245172115486323e-01 5.676174197819089384e-01 6.779111818185341587e-01 5.465142215049523244e-01 5.057722753823438167e-01 5.786297015910335517e-01 7.831237327751218447e-02 5.410128383416880071e-01 2.049358743924560855e-01 7.827273876265985475e-01 4.707019208361701290e-01 3.199333621831545460e-01 4.684529672885103802e-01 4.754934489130623332e-01 1.988861700189320236e-01 2.089564862559669667e-01 4.420386792240227347e-01 6.249492620373431340e-01 1.289665584889077565e-01 4.083826189030897447e-01 3.079959416429606800e-01 3.435968710629784817e-01 3.944983616172947349e-01 1.020409021677577549e-01 7.291105189368736195e-01 2.548047757615617970e-01 4.179089183526622509e-01 4.638627405312268914e-01 5.246967470529521060e-01 5.895698645268304672e-01 3.569207112427182360e-01 1.388278311780184460e-01 1.504222090745961082e-01 4.421443172882619232e-01 1.312300577598538021e-01 3.499047773707352205e-01 4.947099779698181377e-01 2.986964474799686520e-01 2.868367949924138238e-01
4.635878128633476591e-01 4.863613378794998665e-01 0.000000000000000000e+00 4.286595638618372894e-01 8.076480310476177316e-01 3.816534489648940598e-01 5.453150198719244335e-01 5.535614114651274953e-01 2.447453148112690990e-01 3.742805182520049789e-01 3.304436030939733593e-01 4.092201388565296916e-01 6.319150409476829156e-01 4.610457320122841041e-01 4.105165596833563191e-01 3.958224888608644632e-01 2.341145462045791381e-01 4.494834092941735748e-01 4.607836894879571710e-01 4.018711559396091482e-01 2.862122066739811177e-01 4.530148020364777595e-01 1.330462384474859205e-01 3.409332517898928105e-01 3.033547321950694209e-01 3.684732296647329486e-01 3.503519752337692084e-01 6.887114388135515686e-01 5.377659203385931619e-01 3.596421381915439475e-01 4.115591729655587172e-01 4.607981435825136418e-01 4.628914138575342396e-01 4.193262411671273004e-01 5.103476201774490573e-01 3.036917484251608346e-01 2.145084096348523761e-01 4.034614497742792794e-01 3.589987200606981621e-01 2.791776698834575465e-01 3.336621684507325991e-01 4.499592894864150039e-01 4.150914181128164127e-01 2.965947193702913598e-01 8.293904777055986777e-02 4.104628328454995034e-01 4.231794659089689326e-01 4.605298109172589194e-01 4.969499577065245588e-01 4.042188878026385379e-01 2.315098936653138262e-01 7.558755495469600127e-01 4.726999670575010026e-01 4.376587350675195665e-01 3.614151683759231903e-01 1.569396699731329670e-01 3.864056902071676403e-01 2.996665845571818143e-01 3.837022446733260872e-01 4.815301452269656335e-01 3.189632693596587965e-01 3.152466835731326245e-01 4.452745791981737589e-01 5.796779603778453582e-01 4.660655008258954290e-01 4.102627837980304393e-01 4.900853051872052224e-01 4.251588064266174638e-01 4.126070812872469351e-01 3.680922482037225496e-01 6.955161791917287006e-01 3.395040306042170219e-01 2.465655860879020778e-01 4.301277980347713581e-01 4.377527618447030755e-01 2.885825290211719851e-01 3.643910185932504597e-01 3.511827039484789470e-01 5.278764977419634352e-01 3.622052681903860649e-01 3.703051605826396253e-01 1.880041571020819313e-01 3.063726865482567785e-01 3.804621722018952656e-01 4.022380863794506323e-01 6.368632128267389669e-01 2.590587976800524661e-01 4.218595212089703561e-01 3.505095051295942232e-01 3.911702816710609931e-01 4.654980434484868312e-01 3.980422754919295536e-01 3.757499820922949318e-01 3.850439373517168806e-01 5.713904592825049672e-02 3.668612567519475287e-01 1.775644390489794222e-01 4.243933535672055890e-01 2.548882818635141434e-01 3.066289250427073898e-01
4.582987986474817421e-01 4.645318904492717338e-01 4.286595638618372894e-01 0.000000000000000000e+00 8.039947951197818909e-01 4.298784061898125453e-01 5.662293866283175658e-01 5.351777447330977600e-01 3.179171743394705874e-01 4.082621757875812274e-01 2.415639412252731377e-01 3.812448288889626613e-01 6.383390892746944045e-01 4.081026070482785539e-01 4.108738511090257450e-01 3.685293005106308195e-01 2.827497883277890200e-01 4.887141965620466766e-01 4.792808231265823782e-01 4.307297420812316591e-01 1.429352359696664243e-01 4.386645084361956992e-01 3.164242081893547942e-01 3.433438002565656899e-01 3.894921490333001501e-01 4.120868867092452037e-01 3.285225278035412422e-01 6.850582028857159500e-01 5.341126844107572103e-01 3.012992837264369950e-01 3.287233443628645446e-01 4.650257087214982876e-01 4.239375939601287002e-01 4.368171203776473610e-01 4.685868413402550225e-01 2.380927528484367839e-01 2.387458014111737414e-01 4.299859760910014206e-01 8.913076973928939217e-02 2.556855278042452495e-01 3.556673808483798993e-01 4.623154336131866660e-01 4.324857853716425060e-01 3.765675931870581805e-01 3.538386383975818394e-01 3.243721078127881352e-01 4.140048479632618683e-01 3.966933004259142748e-01 4.785662909744949345e-01 4.434496750705117507e-01 3.445021576262122798e-01 7.522223136191243942e-01 4.948577444156536109e-01 4.237240722904014878e-01 3.664412934015083279e-01 2.861920442819007593e-01 3.870557059294703617e-01 3.391281180949179963e-01 3.457692053095498541e-01 4.753742779472233115e-01 3.665518961449589219e-01 1.724880613401999496e-01 4.707735335839529633e-01 5.760247244500095176e-01 4.383243218914101846e-01 3.842564534467858284e-01 5.118644411606810829e-01 4.009961353515225091e-01 4.132877813355087526e-01 2.951402853942581839e-01 6.939023790456182450e-01 3.660285569209391632e-01 1.904231163572802643e-01 3.883670191975774344e-01 4.770674060259528781e-01 2.813907043761769700e-01 3.844044121021964466e-01 3.232073939809119167e-01 5.242232618141275946e-01 3.576464440558365099e-01 6.388453933100214643e-02 2.836650802387331582e-01 2.431736524448305237e-01 4.427053495721059440e-01 4.310966725210730877e-01 6.332099768989033484e-01 2.162969607291285734e-01 3.644346548532842456e-01 3.897402923974673250e-01 4.027855562822823532e-01 4.618448075206511017e-01 3.179659035388163191e-01 3.460735292658374540e-01 3.944418676450135997e-01 3.850231889216916836e-01 3.957198428935699286e-01 3.258466423075583873e-01 3.865200783562757203e-01 3.360770370436558796e-01 2.064762173994246219e-01
3.644380956910612257e-01 9.008213946129749461e-01 8.076480310476177316e-01 8.039947951197818909e-01 0.000000000000000000e+00 5.829500430487385421e-01 6.163199955280709297e-01 6.090809469164576440e-01 7.175459816053016970e-01 5.257579012805394525e-01 6.262283848753510407e-01 5.406051675364830222e-01 2.206691890752470186e-01 4.517789869374532752e-01 8.694624285897281091e-01 7.594068833333212920e-01 6.007244650391182494e-01 3.922208659482758208e-01 5.175467265547306628e-01 8.363920066196938174e-01 6.752144145948925091e-01 4.952518087841528138e-01 7.075580397375725861e-01 4.667147792577246990e-01 6.675106147068401441e-01 5.048088609889220812e-01 7.851562713565195528e-01 1.189365922340657883e-01 3.144660351955778643e-01 5.211382344079057427e-01 5.977034875947480064e-01 4.213263390333095715e-01 4.284623884074487132e-01 8.644910704993491457e-01 3.536261118250766389e-01 7.143540718167294967e-01 6.637099834313459068e-01 5.124487684405559795e-01 7.291739192937710667e-01 5.483092673155363084e-01 7.968979461214648063e-01 4.865476871835885952e-01 8.390660277210236773e-01 5.831384568884105946e-01 7.276464294745277339e-01 6.802551235869306323e-01 8.622156555775152276e-01 5.378342571089641533e-01 5.524694931578546520e-01 4.474346225312599290e-01 6.692948466783442685e-01 8.340295638062641959e-02 5.449483533154068082e-01 4.376292400595462317e-01 6.544469290589817190e-01 6.539805438410386529e-01 8.430108519473680229e-01 5.397466479014721985e-01 4.881043305582354885e-01 4.141081428853842783e-01 7.384406958405761445e-01 6.618746022755410685e-01 4.945039516726845163e-01 2.279700706697722068e-01 5.050947339605947883e-01 4.912214241095120282e-01 3.563227059482836356e-01 8.241425238551688404e-01 4.049023925823321268e-01 6.998013333927939339e-01 1.684320280573161632e-01 5.182046779037238204e-01 6.157162348839260169e-01 4.323684273244647325e-01 4.602548323408950925e-01 7.400627361707968754e-01 7.179436455810384032e-01 5.110863060767182331e-01 2.883814396858944695e-01 8.162350215365389294e-01 7.486558014977645614e-01 6.787790642894614423e-01 5.843387478723043316e-01 5.357575378166706814e-01 8.367589370595353016e-01 1.717108756761012989e-01 6.769150763643995150e-01 4.909159489388527642e-01 4.835255558068625725e-01 4.629219072943551727e-01 3.813589862519595752e-01 5.519041560487968345e-01 7.643128223376020047e-01 8.461771141967403542e-01 7.671141313120748428e-01 8.001570866492885292e-01 6.671829674730012094e-01 4.806957017252163067e-01 6.281308008702173318e-01 6.749330007048790492e-01
3.457826052019581931e-01 3.533367555261606729e-01 3.816534489648940598e-01 4.298784061898125453e-01 5.829500430487385421e-01 0.000000000000000000e+00 4.169941140673155133e-01 4.509182069720524266e-01 2.473733989814626277e-01 2.307831236145010123e-01 2.103456780984778729e-01 3.074583272669824119e-01 3.845350985064977523e-01 1.779289949524273662e-01 3.518588069116355133e-01 2.062224017140157073e-01 1.788765344538719715e-01 2.047201470851514604e-01 3.324627836833482508e-01 2.926777039100328937e-01 3.206070587114198123e-01 3.503715975434026908e-01 2.710556892845135124e-01 2.339895304252634922e-01 1.204338319159642262e-01 1.149393629319998694e-01 3.059657677916773344e-01 4.645820977830188436e-01 3.115592280003020575e-01 1.761645937937996453e-01 1.072784652202631306e-01 2.844168074274540103e-01 2.823349403797498214e-01 3.210077232840946038e-01 2.603208575241047762e-01 2.820842286183279923e-01 2.717465184263195832e-01 2.728119688197321313e-01 3.451268151925303562e-01 2.134683658017388908e-01 2.667470801197263097e-01 1.060010537608089276e-01 2.723623351294839900e-01 8.505872959460286653e-02 3.007747761483189897e-01 1.577499273022821558e-01 3.591320676805540013e-01 9.042618981683370194e-02 3.943067532134494346e-01 2.054267593781907431e-01 1.901639909017776575e-01 5.322105493223618922e-01 3.443790612528921380e-01 3.345695685999012792e-01 8.329146634344797295e-02 2.291189494422395112e-01 3.399960245945537474e-01 1.440482192021537156e-01 2.488367844099886872e-01 1.731664494228298823e-01 1.949573486253212973e-01 2.700214580729257130e-01 2.836571383099150689e-01 3.600398302542978657e-01 3.521095784063403844e-01 3.129517641568572706e-01 2.642366597985257859e-01 2.973091465616233275e-01 2.982545671302878065e-01 2.199627480405099145e-01 4.481362367505435929e-01 2.088545496496699849e-01 2.670248349463470450e-01 2.173955235762715654e-01 1.264002861543765954e-01 2.881879333779710506e-01 1.443802692701938450e-01 2.555061953352209536e-01 3.117616426638902816e-01 3.422707353102981687e-01 3.810512925417647856e-01 2.419525971328890801e-01 2.135829635552718986e-01 5.730353403505565602e-02 2.932755898442805376e-01 4.112391673726372154e-01 3.022541557439961668e-01 1.651333691616812815e-01 1.718378163096423716e-01 2.628493758664519619e-01 3.180100099781040246e-01 1.197859600941480751e-01 2.518434598927387635e-01 3.226618887746159903e-01 3.323255708315411838e-01 2.458142810052191818e-01 2.120420562998843739e-01 3.003053348712060311e-01 1.350254535494515296e-01 2.687911063941825218e-01
2.783876616852161145e-01 6.788414852538159350e-01 5.453150198719244335e-01 5.662293866283175658e-01 6.163199955280709297e-01 4.169941140673155133e-01 0.000000000000000000e+00 4.309636407900495625e-01 4.577685740504457423e-01 2.295738544321972718e-01 4.178786826771748175e-01 3.409684199429582896e-01 4.274063661103327805e-01 4.167991006247337982e-01 6.157069345956869277e-01 5.563497576158581426e-01 3.324397909322224787e-01 3.121652366133025880e-01 1.385876371583978361e-01 5.898819366561200983e-01 4.372644808585132159e-01 3.245792779560635610e-01 4.452250285618792880e-01 2.229839182465582215e-01 4.367982185721645538e-01 3.243565622145653804e-01 5.504822121078624120e-01 4.973834032940049887e-01 3.265250385972806590e-01 3.428870004917700665e-01 4.487998457538658892e-01 2.086301737831179060e-01 3.576815947957539543e-01 6.179810005357757596e-01 3.615772525130879766e-01 4.713165849933514395e-01 4.096354312930877151e-01 1.542397972052050870e-01 4.914085108023068527e-01 3.105438588240723718e-01 5.396319715893099778e-01 4.049929082689024962e-01 5.969962870323264337e-01 3.611611555706512600e-01 4.653134182988346024e-01 4.961556979888318009e-01 6.244176822462107479e-01 4.538986150607581260e-01 3.743521870314466260e-01 2.477395756274303751e-01 4.026277276153806262e-01 5.645475140274134329e-01 7.515188454666257845e-02 3.050035866561176534e-01 4.662318468872351795e-01 3.916475326653451883e-01 5.889899550293846708e-01 2.756438129431132977e-01 3.348118990905540326e-01 3.865052134471119172e-01 4.919306258770024809e-01 4.275109330862583157e-01 1.669838681993397189e-01 3.883499248582988339e-01 3.376299767454811751e-01 3.079491006882617565e-01 2.736338068681438140e-01 6.249075304859246227e-01 2.139857470935882244e-01 4.992301473952164281e-01 4.910075043543785656e-01 2.160928989841361392e-01 3.779508263924620248e-01 3.849853355112112241e-01 3.576920527699969932e-01 4.896081346957700253e-01 4.978345049703455927e-01 2.835237500287811629e-01 3.365484622224167444e-01 5.634434845276279358e-01 5.108903930063003473e-01 4.164460531137681998e-01 3.663268588082070343e-01 3.804886004615276041e-01 5.902488670959615824e-01 4.455351773071926091e-01 4.333310841592016849e-01 3.845892205785398366e-01 2.818748548354267358e-01 1.804069004069338844e-01 2.437001088462044385e-01 3.992656341914217477e-01 5.676574495122992392e-01 5.902343122640475448e-01 5.047811201363813227e-01 5.536470166857146991e-01 3.988982933661053276e-01 3.691375388584568484e-01 3.822859670252641284e-01 4.552722701937483851e-01
2.522964920697538527e-01 6.566935666686559703e-01 5.535614114651274953e-01 5.351777447330977600e-01 6.090809469164576440e-01 4.509182069720524266e-01 4.309636407900495625e-01 0.000000000000000000e+00 4.627230296090799611e-01 3.439209624504088736e-01 3.704062275581582742e-01 2.035771375560722074e-01 4.485673747770357878e-01 3.579530272515609735e-01 6.077588216293006163e-01 5.219080143139747108e-01 3.466643844173963318e-01 3.859161216891163204e-01 3.389368328030816224e-01 6.090329473368371049e-01 4.116819850448877327e-01 1.345154902762610294e-01 4.534714201550824608e-01 2.264163679950789709e-01 4.559492292528813384e-01 3.681486103738871307e-01 5.308085565778500881e-01 4.901443546823917030e-01 3.443409699130987600e-01 2.951846012722302848e-01 4.013273906348494569e-01 2.985187696117634348e-01 2.548226003967563602e-01 6.258944400320517465e-01 3.185736421479453684e-01 4.508216422667246648e-01 4.080791558526783991e-01 3.071352615803538133e-01 4.603568689070869913e-01 2.877311060365070339e-01 5.428937617723879061e-01 4.312051160506297220e-01 6.001046912943129863e-01 3.921399188684770998e-01 4.735598098920377752e-01 4.486832428698154795e-01 6.092376262931992192e-01 4.061962158412182888e-01 7.968413893246831248e-02 3.751927187786450735e-01 4.217787382960973552e-01 5.573084654158000362e-01 3.595919985773854965e-01 1.904671183443941429e-01 4.709286809952016317e-01 3.998939242585483611e-01 5.839406764497452329e-01 3.095679058478501000e-01 2.577038603107776882e-01 3.938583815880561390e-01 5.110816365577193210e-01 3.867435904974901306e-01 3.226742173821959270e-01 3.811108762466853261e-01 1.500923574303650587e-01 1.509212912863121536e-01 3.262275144792950998e-01 5.800146959108497535e-01 2.363492314964348029e-01 4.517576922761998293e-01 4.989885308422940535e-01 2.877228516004765035e-01 3.486556784619141425e-01 2.946119008536552952e-01 4.239096753733814227e-01 4.782756748964516191e-01 5.046839755585449394e-01 2.260077955394038385e-01 3.293094136108032366e-01 5.545314145761111035e-01 4.798387511110804859e-01 4.246924447069713171e-01 3.188544036891902689e-01 4.144687812833358631e-01 6.093998777766787001e-01 4.382961286955791014e-01 4.133826468143945720e-01 3.333243372907269686e-01 3.350804078791432827e-01 2.505567403831154283e-01 2.770308728833124623e-01 3.515632349718819105e-01 5.201849943932829179e-01 5.905462866180728465e-01 5.130275117295844955e-01 5.727980273664315947e-01 4.131228868512791808e-01 2.097448502214676047e-01 4.014369777059808575e-01 4.102238023130376776e-01
3.734857634210316246e-01 2.519505959355615721e-01 2.447453148112690990e-01 3.179171743394705874e-01 7.175459816053016970e-01 2.473733989814626277e-01 4.577685740504457423e-01 4.627230296090799611e-01 0.000000000000000000e+00 2.867340724305262323e-01 2.082599813691926038e-01 3.134154586414083510e-01 5.385230377154545112e-01 3.617987445528677015e-01 1.670303145944400658e-01 1.529247316745973584e-01 1.493567679359602551e-01 3.518038165697858766e-01 3.732372436664784798e-01 1.571258411283400214e-01 1.754698171516143879e-01 3.621764201804302807e-01 1.209181235016727612e-01 2.508312023475767760e-01 1.301459450839313192e-01 2.541542336520586920e-01 1.257127860308667466e-01 5.986093893712357561e-01 4.476638708962771274e-01 2.549954212310261981e-01 2.796455746229008499e-01 3.724374184671350174e-01 3.670867336424127880e-01 1.748792682372704854e-01 4.142293714068033261e-01 1.206378818113460760e-01 9.163727925532107188e-02 3.159150039528004217e-01 2.482563305383314600e-01 1.831890425174337034e-01 8.921519552087586735e-02 3.313723967057253250e-01 1.703461033015473691e-01 1.779804871398089627e-01 1.798399656317985207e-01 2.214893197946907200e-01 1.910912124227135134e-01 3.273673735191271472e-01 4.061115758504770246e-01 3.166724419811597357e-01 7.683311970356017373e-02 6.657735001046440892e-01 3.851535212360223670e-01 3.468203532114719212e-01 2.053982330758906127e-01 1.214440903122150500e-01 1.460179436584199686e-01 2.118386952387285860e-01 2.878975644582048021e-01 3.815891385606833830e-01 7.792630157557753345e-02 1.992502462505745253e-01 3.577281333766951232e-01 4.895759109355293792e-01 3.752271189698478948e-01 3.163096191729168338e-01 3.975999472515041044e-01 2.021714517686501456e-01 3.225050318449307896e-01 1.655933810239282322e-01 6.021241759595005183e-01 2.519575847827383308e-01 1.358231965655352924e-01 3.340095492641256825e-01 3.282494468884583627e-01 6.444289041216268166e-02 1.622641203841491686e-01 2.553780237333576064e-01 4.377744482996474007e-01 1.301170147041306735e-01 2.595627710602728677e-01 5.945650342095430696e-02 2.017259695877389458e-01 2.618479399714130351e-01 1.574927715681814777e-01 5.467611633844230434e-01 1.020273375520839437e-01 3.181307923578733377e-01 2.629630593081154766e-01 3.036238358495821910e-01 3.753959940061708522e-01 2.900593426191438451e-01 1.563624990608678822e-01 1.413379008740288656e-01 1.971156905281206961e-01 1.221159419406783464e-01 1.145576015923743946e-01 3.285886733520842484e-01 1.254677007269725530e-01 1.563018282644871026e-01
2.299225856663144330e-01 4.976561764372111618e-01 3.742805182520049789e-01 4.082621757875812274e-01 5.257579012805394525e-01 2.307831236145010123e-01 2.295738544321972718e-01 3.439209624504088736e-01 2.867340724305262323e-01 0.000000000000000000e+00 2.666987394110579279e-01 2.202712446422687154e-01 3.236378812917655168e-01 2.598675468060055449e-01 4.428718155729399197e-01 3.751644487992536470e-01 1.560291409958328712e-01 1.502165153388555774e-01 1.423546767990574169e-01 4.086966278395157692e-01 2.768009854858787255e-01 2.375365996164230942e-01 2.741905269419598890e-01 1.187461100378431472e-01 2.556129097555600582e-01 1.198957217966047095e-01 3.844263359051335316e-01 4.073899560148196430e-01 2.467449047777942606e-01 1.963486297966334226e-01 3.017108994347060813e-01 1.292125098549848083e-01 2.783445972152542858e-01 4.367956917191713195e-01 2.407089355994760926e-01 3.077844126628916377e-01 2.438313198882083033e-01 9.046098608543338970e-02 3.334412999615704032e-01 1.525766479833359224e-01 3.622500236891706415e-01 2.038752398263488363e-01 4.158109782157219936e-01 1.759354432454154071e-01 2.942789166789152588e-01 3.453917640728976224e-01 4.583618060434819785e-01 2.626968557204209520e-01 2.873095086918059926e-01 7.832327874927941247e-02 2.214424187987761028e-01 4.713133321076296012e-01 1.618255808541780028e-01 2.179609083164772698e-01 2.810061345619992990e-01 2.198599096587633139e-01 4.229340788266559015e-01 9.242309131912924969e-02 1.991554280310461889e-01 1.979064867420931018e-01 3.107453170603979298e-01 2.695437222455216442e-01 7.430087139889614278e-02 3.062605250906501597e-01 2.505872984058407638e-01 2.067720966733737897e-01 1.756007156289590421e-01 4.531346190074925229e-01 1.728948434653586608e-01 3.471176383971048551e-01 3.872390195358113574e-01 6.313983048463067682e-02 2.199836155517253533e-01 2.458162329252504830e-01 1.690933260649781500e-01 3.235522584930411449e-01 3.164347956610062962e-01 1.622338097342179708e-01 2.643487530370944305e-01 3.973876083248990554e-01 3.529231821655638424e-01 2.454115514938487452e-01 2.111478536580283782e-01 1.796277582651234772e-01 4.090635582793573644e-01 3.540470256044380704e-01 2.688311062231007464e-01 2.440582349215091873e-01 7.452959535545451708e-02 1.250038616782483958e-01 1.875181115444276847e-01 2.527272634962850484e-01 4.068924052267414160e-01 4.171794018525287195e-01 3.337466185164620902e-01 3.724617078691103700e-01 2.224876434297157202e-01 2.381318964658998283e-01 2.011006582086596051e-01 2.973050593530118246e-01
3.003055739821418046e-01 2.862873391104977516e-01 3.304436030939733593e-01 2.415639412252731377e-01 6.262283848753510407e-01 2.103456780984778729e-01 4.178786826771748175e-01 3.704062275581582742e-01 2.082599813691926038e-01 2.666987394110579279e-01 0.000000000000000000e+00 2.077034720452863303e-01 4.456200514197720119e-01 2.105354603550502191e-01 2.730506412594807530e-01 1.562089326959428259e-01 1.623643440626646173e-01 3.439267897955815001e-01 3.309301191754395188e-01 2.928955441815697114e-01 1.350071003808276382e-01 2.738929912612559914e-01 2.182082474214907808e-01 1.948947644306164018e-01 1.882363098411392599e-01 2.716072852928721471e-01 1.604023290196916474e-01 5.078604396096312312e-01 3.776521173733718428e-01 1.077693195726903141e-01 1.064683577591307717e-01 3.085651416841126982e-01 2.423669927482692832e-01 3.052161152571689073e-01 2.740797796935637298e-01 9.246627538686998105e-02 1.540204421809390489e-01 2.884225397144781766e-01 1.553691472357754955e-01 1.188447420362781087e-01 2.294574090042647285e-01 2.521013653245648967e-01 2.316889536270633487e-01 2.418867684337856483e-01 2.521908210116013405e-01 8.298416125178352531e-02 2.388313987350408618e-01 1.842095604743468895e-01 3.137947737995551711e-01 3.018862386939884512e-01 2.338163896195544489e-01 5.763370782317519536e-01 3.465070404645107516e-01 2.589525551154617244e-01 1.368160771172017010e-01 1.785249353781119819e-01 2.563834282591049840e-01 2.040212750736878911e-01 1.660147383130125831e-01 2.789650833596808988e-01 2.246132600723580175e-01 7.175387480166345311e-02 3.224228296328099375e-01 4.033181720809103088e-01 2.602268823944548504e-01 2.194849362718460373e-01 3.554038741232954934e-01 2.096084683526915626e-01 2.568272142981231632e-01 8.135146471804168000e-02 5.081343778889744200e-01 2.244651205444158637e-01 8.475420324781350601e-02 1.938599575508861417e-01 3.013096810960775307e-01 1.542634344271500701e-01 1.430164655411917674e-01 1.557513401135248998e-01 3.503562522997190065e-01 2.176144462298690851e-01 1.940761654529016278e-01 1.854491194708691448e-01 5.730953195248075782e-02 2.672786579296443921e-01 2.998908486339271207e-01 4.545175091992494365e-01 1.244985240953667138e-01 1.553966795751120511e-01 2.481768560209440533e-01 2.541720524052250574e-01 3.053842404832655677e-01 1.054821635872488367e-01 1.497787668351245605e-01 2.666621921573252840e-01 2.868072281538276425e-01 2.412716865302763913e-01 2.134660443511761652e-01 2.084226388593203583e-01 2.201229945891871320e-01 6.325912027044466868e-02
2.026644031630150944e-01 4.939908111557840820e-01 4.092201388565296916e-01 3.812448288889626613e-01 5.406051675364830222e-01 3.074583272669824119e-01 3.409684199429582896e-01 2.035771375560722074e-01 3.134154586414083510e-01 2.202712446422687154e-01 2.077034720452863303e-01 0.000000000000000000e+00 3.633538635586522902e-01 1.933786625901650624e-01 4.538259057851650180e-01 3.592052588011026559e-01 2.097648701487780376e-01 2.779449675188826463e-01 2.540198564412231574e-01 4.669357701659432314e-01 2.577490692007523565e-01 1.340472669005422779e-01 3.091301475464846016e-01 1.179845016963999849e-01 3.222714687063619188e-01 2.346338225146026857e-01 3.681058010649780887e-01 4.222372222707633238e-01 2.932971261705515365e-01 1.312937334731827110e-01 2.380585291028810002e-01 2.284774454175833025e-01 1.164864736006944179e-01 4.758447386259178069e-01 1.994791744461583693e-01 2.955712645489892432e-01 2.580294544465445150e-01 2.162634733150658184e-01 3.025677199148413821e-01 1.339156542186865639e-01 3.932283029968610677e-01 2.641271136464668490e-01 4.374019357814411535e-01 2.584621583219578467e-01 3.292185372834399160e-01 2.859804873569434247e-01 4.465348707803270534e-01 2.423053480421707984e-01 1.382655167144911934e-01 2.584907199870681849e-01 2.881009777495780466e-01 4.907138608928841572e-01 2.695967777302942792e-01 1.326347309940734687e-01 3.082259254823295769e-01 2.555526516499505019e-01 4.300077606056096902e-01 1.758901453013307636e-01 8.104571841740357274e-02 2.306569313607995386e-01 3.774038760111999014e-01 2.274623627952368499e-01 2.455125668985935483e-01 3.176949547420423459e-01 6.951384778935855435e-02 6.681567906439828120e-02 2.736531662926821595e-01 4.173119403979779207e-01 1.767395180315938230e-01 2.890549367633279965e-01 4.246254813035324482e-01 1.730448305963898370e-01 1.947227626177788218e-01 1.343096596036771895e-01 2.841528833311924296e-01 3.243427590523162429e-01 3.419812200456729956e-01 6.000708683016180850e-02 2.647330349608510436e-01 4.005984987319756718e-01 3.259058352669452763e-01 2.791633645406709219e-01 1.561516481763184916e-01 2.807910207368164990e-01 4.673027006057848265e-01 3.688942918603816956e-01 2.594497309702594179e-01 1.662463348865644008e-01 2.048082535135772597e-01 1.740843561386956895e-01 2.236335326526522338e-01 1.876723671728343090e-01 3.574822388804109186e-01 4.373939223211527616e-01 3.686862391209868028e-01 4.319258709782816119e-01 2.746100084990665269e-01 6.320204250871952478e-02 2.677592171594614934e-01 2.509425746107844524e-01
1.997400760110304430e-01 7.195527920549841250e-01 6.319150409476829156e-01 6.383390892746944045e-01 2.206691890752470186e-01 3.845350985064977523e-01 4.274063661103327805e-01 4.485673747770357878e-01 5.385230377154545112e-01 3.236378812917655168e-01 4.456200514197720119e-01 3.633538635586522902e-01 0.000000000000000000e+00 2.681347483685113664e-01 6.753997180164598158e-01 5.783713575047777500e-01 4.114593180009581408e-01 1.901008459595020239e-01 3.253419830584178829e-01 6.342719866309199928e-01 5.095587087498049117e-01 3.347382366447310686e-01 5.318250496376379921e-01 3.010590734126373791e-01 4.653905947180660974e-01 3.026888410001480900e-01 6.045479379009405241e-01 1.113093837416097714e-01 1.184978784284357045e-01 3.405299009523268805e-01 4.156176474958795941e-01 2.192063190445356913e-01 2.512110844296181478e-01 6.623710505105754320e-01 1.715402717262083931e-01 5.356107958712242878e-01 4.980542775862582539e-01 3.297795446728627455e-01 5.588400992167974479e-01 3.826535614704490440e-01 5.947779261326906486e-01 2.904993252415412619e-01 6.369460077322497416e-01 3.810184368996366588e-01 5.519134393745931400e-01 4.981692834880621645e-01 6.816073221219364209e-01 3.485910300604849188e-01 3.919559210184329068e-01 2.453146025424861043e-01 4.671748266895702217e-01 1.486302099207356120e-01 3.560347238976687145e-01 2.615442127069012024e-01 4.602050243153656406e-01 4.774944323544413338e-01 6.615380283051971455e-01 3.376266279126983183e-01 3.087387058269788764e-01 2.201701971858917029e-01 5.363206758518020978e-01 4.837347420971926937e-01 2.923839316839106917e-01 6.919876942495586936e-02 3.311598731615734703e-01 3.307078519700903940e-01 1.542026859595098109e-01 6.435341903995898116e-01 2.382331195285925518e-01 5.191929999372147941e-01 6.360113824404586835e-02 3.498300421534972782e-01 4.500605290388384194e-01 2.517600938688859813e-01 2.581348123521212123e-01 5.744070303257092780e-01 5.202632939948165225e-01 3.454306002316308577e-01 1.192930796879131811e-01 6.505793156914509989e-01 5.830000956526770750e-01 5.030460741895266263e-01 4.037304144167253583e-01 3.336375178278966347e-01 6.346389170707611438e-01 6.451260751084574030e-02 5.112593705193119176e-01 3.088301088399844629e-01 2.814055358180887478e-01 2.853764525584751022e-01 1.956917922454627645e-01 3.698183159499284223e-01 5.837044888820227539e-01 6.497073042960486156e-01 5.913811412121399158e-01 5.980370666605144825e-01 4.733134788888950784e-01 3.013300769939597501e-01 4.260107808814433406e-01 4.943246672493000760e-01
1.809566757206263476e-01 4.636206189190353877e-01 4.610457320122841041e-01 4.081026070482785539e-01 4.517789869374532752e-01 1.779289949524273662e-01 4.167991006247337982e-01 3.579530272515609735e-01 3.617987445528677015e-01 2.598675468060055449e-01 2.105354603550502191e-01 1.933786625901650624e-01 2.681347483685113664e-01 0.000000000000000000e+00 4.805240290901420241e-01 3.129720970847175709e-01 2.639792307347348932e-01 1.493107528727534994e-01 3.298505371229984995e-01 4.352604870432528750e-01 2.908735972027394201e-01 2.511636732034306374e-01 3.603057784027519084e-01 1.938151823781753824e-01 2.879250099949670072e-01 1.648694339774271489e-01 3.619283949001346756e-01 3.334110416717335212e-01 2.019206455478060880e-01 1.068033233218415312e-01 1.502183870758193873e-01 2.513725023670038139e-01 1.300791139732591084e-01 4.697340121969481586e-01 9.815287511237655305e-02 3.005262048065024394e-01 3.017986617496439261e-01 2.920941539968412437e-01 3.256379408237994322e-01 1.857412473744409209e-01 4.172012934350936009e-01 8.580731368675566240e-02 3.930862940649051396e-01 2.391992232526720386e-01 3.810441304391943840e-01 2.327700230680019300e-01 4.389877791211304059e-01 8.750280513559366424e-02 2.875945412374031895e-01 2.135789735200830652e-01 3.423153383355348467e-01 4.018876802938543547e-01 3.454274584120697322e-01 1.913507667035350690e-01 2.188908000218067751e-01 3.073782448057049699e-01 4.651062188749557347e-01 2.301045058872876470e-01 1.146632799177429163e-01 7.245064511098406324e-02 3.547963638706814193e-01 2.505325837041948445e-01 2.920247544454517841e-01 2.288687741430125711e-01 2.078606698211959702e-01 2.146129260506088599e-01 1.863688692819779336e-01 3.916147395031422396e-01 2.412739023963022533e-01 2.731663103284295846e-01 3.317358866125572070e-01 2.333471007426643207e-01 2.340720574288520650e-01 6.513969716978085245e-02 9.077422074102738103e-02 3.623233638467825979e-01 2.704585450621098119e-01 1.475490451478383980e-01 1.769177600622889590e-01 4.202059605479210314e-01 3.576415867900135104e-01 3.275466504521302724e-01 1.700038367862400090e-01 1.593786415637091780e-01 4.422557914956102842e-01 2.800681112613519486e-01 3.005795749508149428e-01 5.697833471471142747e-02 1.990471439463040171e-01 2.527592783155757639e-01 2.249754574014257713e-01 1.117786400102862843e-01 3.335933505442175151e-01 4.731161020899832259e-01 4.205118322767412153e-01 3.877461905784460594e-01 3.288243690850234380e-01 1.482081770300934798e-01 2.959312211314364949e-01 2.605980896188145879e-01
5.242389398435872705e-01 1.664905980782040995e-01 4.105165596833563191e-01 4.108738511090257450e-01 8.694624285897281091e-01 3.518588069116355133e-01 6.157069345956869277e-01 6.077588216293006163e-01 1.670303145944400658e-01 4.428718155729399197e-01 2.730506412594807530e-01 4.538259057851650180e-01 6.753997180164598158e-01 4.805240290901420241e-01 0.000000000000000000e+00 2.054438414156840587e-01 3.019687045003646153e-01 4.886804968707912922e-01 5.311756042117197207e-01 1.618620457861119910e-01 2.684264939211694623e-01 5.089275584709026523e-01 2.876394914161729544e-01 4.037860308906061069e-01 2.366984789664346167e-01 3.826254887714505837e-01 1.185956341900072097e-01 7.505258363556621681e-01 5.985067415024887261e-01 3.808199608321709562e-01 3.436441942410247141e-01 5.256417178491794573e-01 5.011005829667589673e-01 1.013458433167569311e-01 5.471304209530444274e-01 1.883781235101695817e-01 2.070402975560002856e-01 4.738985625686474856e-01 3.481247077944308876e-01 3.216256690003507224e-01 8.511172679190918966e-02 4.530920352168363308e-01 1.774207948345910280e-01 3.018275296406474073e-01 3.446801190679330551e-01 2.696091756083284774e-01 8.319081094231550733e-02 4.221644878749554741e-01 5.511473678706972912e-01 4.631982734625027520e-01 2.316331445674781608e-01 8.176899470890703903e-01 5.430918817812637744e-01 4.939871223251083854e-01 2.996333394283252627e-01 2.862842437483495983e-01 7.415010145033479327e-02 3.564349723093320210e-01 4.222531571051474364e-01 5.164744871213636790e-01 1.569014582863142160e-01 2.900813596649930992e-01 5.128330589176373078e-01 6.414923579199557357e-01 5.148082736870075449e-01 4.568375303429882406e-01 5.344766275525094645e-01 1.398810663541620314e-01 4.757093312269752294e-01 2.101174076607528751e-01 7.390008562605059339e-01 4.099411433985852282e-01 2.613311069907182649e-01 4.669105988103667837e-01 4.555494593165364536e-01 1.294831467328486641e-01 2.364844626629352686e-01 3.957884708771142734e-01 5.896908952840737017e-01 6.083423741911654636e-02 3.525194478298280254e-01 2.264868180153943589e-01 3.278359170131857070e-01 3.821840364848315685e-01 1.477665119959154227e-01 6.986776103688494555e-01 1.949282310006384689e-01 4.278141080824786613e-01 4.097385792717369579e-01 4.570608953071690350e-01 5.273124409905971532e-01 3.715050779788960922e-01 1.711594043738142445e-01 5.666142839299982692e-02 3.638370584426208754e-01 1.451969352500171728e-01 2.812322399490896352e-01 4.630040301518731916e-01 2.497197443804363703e-01 2.459562835653707480e-01
4.518073607379582413e-01 1.536276998965229457e-01 3.958224888608644632e-01 3.685293005106308195e-01 7.594068833333212920e-01 2.062224017140157073e-01 5.563497576158581426e-01 5.219080143139747108e-01 1.529247316745973584e-01 3.751644487992536470e-01 1.562089326959428259e-01 3.592052588011026559e-01 5.783713575047777500e-01 3.129720970847175709e-01 2.054438414156840587e-01 0.000000000000000000e+00 2.363020121352967240e-01 3.982229126160909405e-01 4.718184272318908801e-01 1.383913082319341292e-01 2.297777675627833971e-01 4.253947780170724280e-01 2.652991610166158254e-01 3.463965511864328106e-01 1.195515390436935887e-01 2.872754683564835987e-01 1.121921428324419434e-01 6.410389380676013715e-01 5.080491572477885409e-01 2.465773287062954511e-01 1.627537100088981836e-01 4.518198316413931104e-01 3.829794246881251807e-01 1.638612783674553985e-01 4.068310857785694123e-01 1.304365476621940356e-01 1.959456525995887377e-01 4.121676123682748161e-01 2.968410327153222505e-01 2.707625381422769650e-01 1.203321146237748274e-01 2.932553272603829475e-01 8.603370193175728653e-02 2.039236968621230273e-01 3.322435301537459695e-01 8.152986192171805813e-02 1.558577998860120883e-01 2.346023903556545553e-01 4.652965605553716077e-01 3.727406892078025114e-01 1.841390076631246597e-01 7.095155766897220939e-01 4.837347048014347672e-01 4.104543418712781611e-01 1.229309353705677066e-01 2.743688219868123945e-01 1.935810590986022650e-01 2.887276055356459148e-01 3.175165250688288809e-01 3.621621397669882447e-01 7.743802716851214130e-02 2.129134813728413289e-01 4.451256921439511460e-01 5.364966705388805046e-01 4.117286691502712315e-01 3.709867230276625016e-01 4.440190432978092239e-01 9.403487876708141457e-02 4.083290010539395998e-01 8.052300406624042506e-02 6.409183534692576290e-01 3.482101931982126142e-01 2.291449322922902154e-01 3.270384560088563375e-01 3.251701187133336779e-01 1.303274899221991967e-01 6.682034943279051287e-02 3.072531268693411977e-01 4.835347507576893133e-01 1.694846890796598560e-01 3.138707214714420157e-01 2.078183317587826706e-01 2.088703575652693101e-01 2.534461255997105256e-01 1.453866126842915663e-01 5.876960076572196323e-01 1.673087453248481293e-01 2.705564764390560595e-01 3.356332708672066234e-01 4.022050194149946467e-01 4.568860272390820043e-01 2.095682693291121557e-01 5.772313953987379120e-02 1.762469232786645357e-01 3.460540166767785419e-01 8.506275383433364867e-02 2.393001986267122572e-01 3.599244256151367116e-01 1.746119119681652787e-01 1.662257591537065204e-01
