0.000000000000000000e+00 5.191955409975682612e-01 4.294009452286619011e-01 4.154433525537025718e-01 3.404838510512384619e-01 3.325073089156952988e-01 2.673731869223696656e-01 3.158786320122065616e-01 2.086571922723209349e-01 3.296441585181381639e-01 1.924091619354761917e-01 2.018131201588871937e-01 4.227448630340896463e-01 1.657629353510877146e-01 4.484927974631263137e-01 1.551277359506996467e-01 1.513821083334362383e-01 2.886514902166344432e-01 1.317720538077276904e-01 3.400366773583290425e-01 2.591605633286177546e-01 3.328087792575743498e-01 1.102392160850264730e-01 4.135514181871155492e-01 4.130241156829435045e-01 2.911947027045566627e-01 2.263057273938008374e-01 2.307498694678567774e-01 1.111484629619214903e-01 2.423700795431179278e-01 1.009636385902181327e-01 9.869075839652753646e-02 3.544002952628628189e-01 1.764880034118370966e-01 9.329806068537628561e-02 1.166966209982564368e-01 4.596687920186579568e-01 1.729178233989816793e-01 2.740922229404098021e-01 3.731600112556561211e-01 2.589580308911310635e-01 4.468364975086723256e-01 8.412520551559113380e-02 3.945141570232167938e-01 4.860782777930787724e-01 3.434982592639497789e-01 4.847354614911659754e-01 4.802626842408773689e-01 1.911388903617105006e-01 3.365427587633075257e-01 2.677054953316307939e-01 4.395128492305850898e-01 1.041573128602925336e-01 3.222319976599346547e-01 9.017114112886231991e-02 1.492503835340528717e-01 2.830041468966313367e-01 1.672189462835642626e-01 2.798406622682051426e-01 8.323153667405272516e-02 2.409361581925407725e-01 3.746446311870746948e-01 3.698684342123552682e-01 1.345731568083353702e-01 6.611907873467579022e-02 2.544509949530895931e-01 1.710358435745399919e-01 2.911161283119849119e-01 3.054121687698752030e-01 3.840953152174753082e-01 3.479671511598974032e-01 7.692690197129445351e-02 3.570291619665737493e-01 3.481087137144543986e-01 2.762939461432828425e-01
5.191955409975682612e-01 0.000000000000000000e+00 4.283128118195118628e-01 4.236232201172696055e-01 3.393020890648064114e-01 8.491105801350379290e-01 6.939505918762201020e-01 2.499686636725772237e-01 6.752126625013673555e-01 2.266250641875363070e-01 4.311306970011328232e-01 4.309253798233605992e-01 1.662002707829426940e-01 6.805640582356174972e-01 1.604277484690976863e-01 4.113340655247557653e-01 5.484848295298696552e-01 3.231863073446569201e-01 5.280379926463839579e-01 3.096364714453418987e-01 3.051491706307550844e-01 3.361944541919452689e-01 5.375081035247881722e-01 1.114088229770159311e-01 1.100035210352423021e-01 2.281214879513829286e-01 4.091175141518983427e-01 7.445591593827557420e-01 4.504943552425429432e-01 3.418722245930109205e-01 5.015760633942262237e-01 5.216225411983088645e-01 2.195584008125708864e-01 6.182314658475969171e-01 6.025399328609908345e-01 6.044999634018393131e-01 9.357182087064191967e-02 3.467932545850312409e-01 4.237962417335011667e-01 2.290378538191411018e-01 3.329715993617357594e-01 8.916337130095387808e-02 4.596464440674106755e-01 2.616997030403562796e-01 8.328993685259922231e-02 3.361960267932310731e-01 8.020020191941999721e-02 7.931903650974302111e-02 4.960160111983527575e-01 1.865801482743278117e-01 3.252105652235725008e-01 1.347555427847920706e-01 4.873330159785324023e-01 2.861638417886819830e-01 6.022729196256949580e-01 4.928418165458907096e-01 2.597606988570139164e-01 4.281222464999994703e-01 3.800465537354925649e-01 5.198790439585182499e-01 6.863730927067279719e-01 1.861712388592822731e-01 3.566160106009141351e-01 5.019327311118585433e-01 5.645266631258446521e-01 2.725729897243476807e-01 4.510123033819896099e-01 2.829981185567687074e-01 2.881511855801002220e-01 1.761199661730183941e-01 1.712283898376708580e-01 5.500462215782115916e-01 3.767005407747850976e-01 3.352996497853638624e-01 7.932099820836168158e-01
4.294009452286619011e-01 4.283128118195118628e-01 0.000000000000000000e+00 4.354813666551604623e-01 3.517985053293688491e-01 7.593159843661315689e-01 6.026230455898701210e-01 3.586169876143948110e-01 5.856718918592745959e-01 2.064381622226355573e-01 3.269534174293908246e-01 4.158321645044300574e-01 3.657156391150109820e-01 5.907694624667113592e-01 3.603436786834870453e-01 3.425250142418913568e-01 4.535634690884219888e-01 3.093522332824549248e-01 4.350610433666328158e-01 3.996181602371539077e-01 2.170466750470982364e-01 1.115314730131645865e-01 4.540829681642140070e-01 3.686216928709976082e-01 3.188453219392679006e-01 2.490680435480718269e-01 3.559196735699368674e-01 6.547645636138492709e-01 3.591668089561927957e-01 3.212851380558374159e-01 4.382055740599282156e-01 4.214491224288205995e-01 2.922022227752755219e-01 5.269039195612467141e-01 5.105157387320528040e-01 5.149591927597464425e-01 3.806775949203841658e-01 2.570462783808299401e-01 4.090422001354533932e-01 4.086068297882695655e-01 2.819398571220695371e-01 3.933029879068112855e-01 3.718634152007286309e-01 3.470843428896042138e-01 4.361005037504747661e-01 3.499838913503449667e-01 3.942653257629924468e-01 3.817875175371568397e-01 4.304134189659689080e-01 3.131911469953878591e-01 3.024617978722159428e-01 3.666972501571096332e-01 4.161200940913957758e-01 1.955671332003295348e-01 5.124783238567889310e-01 3.959710474822782933e-01 2.880640754557326488e-01 3.648336633102021165e-01 4.181231526692912870e-01 4.285514976721680469e-01 5.942448411402122543e-01 3.794231477095402205e-01 7.174728111986047874e-02 4.642094490370733406e-01 4.955200239633376080e-01 1.920382319479958244e-01 3.596696615536166264e-01 3.465713170497132789e-01 2.837968322211462113e-01 2.648169740832745922e-01 2.689041449033870990e-01 4.498728028087234931e-01 3.750066967119465300e-01 4.053532411157527715e-01 7.034153863147103447e-01
4.154433525537025718e-01 4.236232201172696055e-01 4.354813666551604623e-01 0.000000000000000000e+00 3.943255630794830768e-01 7.467400890299790150e-01 6.066104006238852708e-01 2.340577207183645592e-01 5.705248069534792910e-01 3.186362982722131254e-01 3.558177749640856757e-01 3.728268366724556415e-01 3.377549016221927380e-01 5.781935671305586943e-01 3.711913240897567468e-01 3.044577490718545221e-01 4.670938953600100585e-01 1.347659697171969539e-01 4.711216438905816428e-01 3.283572150220053776e-01 2.933404787039436412e-01 3.400039209584674871e-01 4.306317870718868734e-01 3.139030138158156458e-01 3.397296595308688105e-01 2.233843558488974868e-01 3.919899272329927520e-01 6.421886682776968280e-01 3.651297931883910053e-01 2.754154217916701120e-01 3.992082974734784684e-01 4.503696328650295677e-01 3.897357151795253771e-01 5.248238630501349533e-01 5.001694417559320316e-01 4.998121078539511375e-01 3.827845173903682285e-01 2.542195845906792262e-01 4.253194134522987890e-01 3.183038682794483987e-01 3.191399337544079673e-01 3.513926513381764316e-01 3.543476251704174018e-01 3.842763636650698422e-01 3.873818289037445073e-01 8.789009531093414096e-02 4.093916603447759206e-01 3.799393385845067916e-01 4.350187364406397084e-01 2.372571314097320361e-01 2.123251370582914244e-01 3.594338955609095998e-01 3.804566995256311035e-01 3.407892301291357007e-01 4.999024285206362106e-01 4.155420722533250122e-01 1.664362193441574767e-01 3.252774293048596999e-01 3.722534364051239830e-01 4.242952487358976343e-01 5.892720178308387124e-01 2.794319004957835917e-01 3.695376669845255591e-01 4.246532150317309240e-01 4.685558273725820566e-01 2.434431347071645546e-01 3.957302620775654534e-01 2.743072574872688629e-01 3.407754462412058150e-01 3.530019927623653242e-01 2.813748219445273979e-01 4.773347141419014839e-01 6.085817812329630261e-02 3.841883297864903124e-01 6.908394909785576798e-01
3.404838510512384619e-01 3.393020890648064114e-01 3.517985053293688491e-01 3.943255630794830768e-01 0.000000000000000000e+00 5.858860303030402061e-01 4.990242201346456463e-01 2.405979203050470083e-01 5.126112752872579170e-01 2.091691080845754502e-01 1.986195449173306926e-01 1.914808364884951208e-01 3.290350657579470539e-01 4.068613845090934267e-01 1.874028702743826547e-01 2.767692729426216025e-01 3.585482014023639308e-01 2.675337007424149482e-01 2.303087797440493134e-01 1.250172205259501290e-01 1.456959252443596198e-01 2.506421767861761185e-01 3.849676098360588217e-01 2.935314769869568075e-01 2.378882171167838455e-01 2.488457905833912076e-01 1.141781236574376385e-01 4.892469289209819272e-01 2.744358564105372489e-01 2.007612733536039973e-01 2.962910557168292325e-01 2.677254521227057094e-01 1.223637106288121001e-01 4.079647097222246499e-01 3.215430498546800742e-01 4.418985761877296525e-01 3.191888874329114056e-01 1.877213727951592692e-01 1.006468332949982392e-01 1.745067269383482056e-01 9.662748081815111800e-02 3.690124513129351413e-01 2.988027986287117854e-01 9.409252662474625051e-02 3.752069576433386677e-01 3.212257301969390078e-01 3.158260581798609801e-01 2.652797785238446560e-01 1.757343538801300065e-01 3.069938985114067376e-01 2.415789313760063062e-01 3.203408656763080953e-01 3.494684455052966543e-01 1.774295849080409493e-01 3.640381016731180086e-01 2.827100274757993748e-01 2.593059143023268009e-01 2.652867475126831631e-01 1.116903524966312705e-01 3.410045013885446008e-01 4.718698047047562016e-01 2.344463918051459816e-01 2.936755112538418366e-01 2.463796438263147481e-01 2.931838094721416765e-01 1.918727273698505320e-01 1.793853099903383597e-01 1.845601492142071864e-01 7.249452041179152428e-02 1.790389485390689872e-01 2.540631683401279872e-01 2.711592404891963182e-01 3.359113724923543653e-01 6.078042181933404620e-02 5.284464663210828306e-01
3.325073089156952988e-01 8.491105801350379290e-01 7.593159843661315689e-01 7.467400890299790150e-01 5.858860303030402061e-01 0.000000000000000000e+00 5.666082237835001756e-01 6.271865332901908063e-01 5.228156392976445188e-01 6.595591976556078873e-01 4.609091199975196007e-01 4.581097050077020949e-01 7.538643121642032430e-01 1.805550912043058231e-01 7.605727768801270328e-01 4.787960773766274936e-01 4.467824536304934036e-01 6.199482266929108309e-01 3.663982691580365825e-01 6.011337568465897618e-01 5.890756024660874779e-01 6.627238183950440176e-01 4.181697638988636778e-01 7.448481546633920480e-01 7.429391548204133944e-01 6.211240424019239814e-01 4.782445689449714710e-01 1.060403952636981700e-01 4.274475184359358138e-01 5.259312894899781377e-01 3.706456575376740337e-01 3.807804104415261626e-01 6.681554033182204311e-01 4.757230402729675234e-01 2.643429804483600765e-01 4.305205738449776054e-01 7.895981317160248869e-01 5.028328625364514304e-01 5.167873068401001024e-01 6.767701189829370412e-01 5.434441913033561944e-01 7.779559466387859779e-01 4.166325144312864048e-01 6.764246971737181147e-01 8.173750142693551046e-01 6.747949957402260557e-01 8.146505006286355322e-01 8.102089329499975179e-01 4.332566737998484463e-01 6.678394952395839690e-01 5.990022318079072372e-01 7.694421889279522420e-01 4.085583552256993323e-01 6.521470367974044891e-01 2.468376605093426657e-01 4.425411964317969571e-01 6.143008833729076690e-01 4.483820639271969277e-01 5.396841282362473402e-01 3.985822769277886368e-01 5.401711950536711715e-01 6.796535519051323249e-01 6.997834733498248250e-01 3.815468179381485414e-01 3.082368621728137081e-01 5.843660340905594275e-01 4.275399803875942761e-01 5.881826194078154657e-01 5.936925026289083807e-01 6.978612641246392245e-01 6.778821902973671820e-01 3.229859351206680329e-01 6.883258984428503036e-01 6.018540935609163478e-01 5.964402013367975375e-02
2.673731869223696656e-01 6.939505918762201020e-01 6.026230455898701210e-01 6.066104006238852708e-01 4.990242201346456463e-01 5.666082237835001756e-01 0.000000000000000000e+00 5.091162531947572845e-01 4.635953351583314563e-01 5.042330637337810728e-01 3.146960187066770165e-01 4.623782616018614622e-01 6.061300934341360414e-01 3.884486653752816099e-01 6.151996779803772242e-01 3.633592279431825944e-01 1.562909595721569400e-01 4.798185382868173643e-01 3.225258121431875402e-01 5.375695822863070239e-01 4.282471698338212174e-01 5.060308796187825697e-01 3.547817591125739800e-01 6.029528994772075379e-01 5.877791665615955674e-01 4.720221512860603430e-01 3.848460964772079662e-01 4.729795239476319857e-01 2.434562366336772143e-01 4.378085795236379973e-01 3.645153496835782381e-01 2.312987680119399925e-01 5.211071757801135629e-01 9.534711095085551813e-02 3.104245400006550026e-01 3.772326754654071190e-01 6.363479185977772845e-01 3.572294385921004900e-01 4.690500191477524061e-01 5.676351006477181604e-01 4.181691846399974710e-01 6.331869080421687057e-01 3.158588400869713486e-01 5.612210375404674823e-01 6.754797590831707055e-01 5.346653073341325335e-01 6.594905123698179272e-01 6.574082248890663616e-01 4.009724660882501013e-01 5.277098068334904468e-01 4.588725434018136595e-01 6.175927472557811715e-01 3.715304997826621158e-01 4.923098919571600729e-01 3.306932841905714238e-01 2.306055361482082511e-01 4.741711949668142023e-01 4.208416025421373718e-01 5.344106521263860543e-01 1.878045124221136286e-01 6.783439417411070427e-02 5.678822523696254176e-01 5.430905345735633771e-01 3.877500890000801226e-01 3.178954034242685855e-01 4.290399001687326686e-01 3.196389101443072867e-01 4.863367756784630624e-01 4.712461111384889656e-01 5.508021957347259967e-01 5.227222020385494661e-01 2.689451448262558664e-01 5.481962100367565593e-01 5.598046419539797203e-01 5.073457347057751532e-01
3.158786320122065616e-01 2.499686636725772237e-01 3.586169876143948110e-01 2.340577207183645592e-01 2.405979203050470083e-01 6.271865332901908063e-01 5.091162531947572845e-01 0.000000000000000000e+00 4.639564310517974577e-01 2.064188321106351642e-01 2.640271065240484827e-01 2.035242568089196680e-01 1.821378408902100954e-01 4.604421597255832221e-01 1.651460865232735609e-01 1.852204791578318521e-01 3.753032269199728099e-01 1.402474272604333216e-01 3.312180806383046017e-01 1.251767682586209518e-01 2.045095009066272840e-01 2.631395419177018913e-01 3.148622688118742907e-01 1.401632136790261218e-01 1.920175784587553058e-01 1.335224667035007362e-01 3.013434134535208364e-01 5.265875318330024424e-01 2.733391247483537567e-01 1.018038648899080717e-01 2.627485266101757255e-01 3.585789644249923747e-01 2.120963684634587232e-01 4.273297156210068004e-01 3.849574388371062028e-01 3.990401821890333656e-01 2.350724363182547794e-01 1.624289161506419776e-01 2.403239334687339579e-01 9.155727688133460940e-02 2.303089559570915268e-01 1.820170237016599524e-01 2.515760296787404870e-01 1.648295947399891770e-01 2.137272724590520978e-01 1.513560624072999017e-01 2.616795792726623882e-01 1.987489279200451708e-01 2.726395760532930868e-01 7.983804271330952051e-02 8.043476155412836170e-02 2.038168348289270404e-01 2.622711541643013011e-01 2.639248510883700494e-01 3.992839561384505243e-01 3.237514038132877081e-01 7.125297056672894036e-02 1.852010669676057153e-01 1.691939328612959981e-01 3.268011013067695369e-01 4.917778704017104485e-01 6.770452733545499757e-02 2.926732879437599077e-01 2.673285036918754964e-01 3.258884056516204719e-01 1.665787556663989588e-01 3.048319601368993381e-01 6.894610780096070701e-02 2.519444684438893467e-01 2.077929926856472431e-01 1.431261369001232409e-01 3.778438841925291780e-01 1.893244400434443975e-01 1.810078830231059144e-01 5.709731705177784056e-01
2.086571922723209349e-01 6.752126625013673555e-01 5.856718918592745959e-01 5.705248069534792910e-01 5.126112752872579170e-01 5.228156392976445188e-01 4.635953351583314563e-01 4.639564310517974577e-01 0.000000000000000000e+00 4.859151051487511919e-01 3.602928371001353214e-01 3.716116595882630880e-01 5.778263174338662544e-01 3.560712657330369346e-01 6.043319911610052220e-01 2.787359518939655501e-01 3.481037044100123157e-01 4.437329446164114954e-01 3.097425344246457768e-01 4.833858012501590085e-01 4.154315099592307825e-01 4.890797258881873222e-01 1.490941622399230837e-01 5.686328725868923240e-01 5.692950623135563104e-01 4.470911745499847600e-01 4.311731230698633843e-01 4.210581998498059697e-01 2.799089273649180698e-01 3.822464578623177567e-01 2.600365353567302695e-01 3.021758554991888501e-01 5.106712418934756803e-01 3.755241216935775728e-01 2.849392821529577735e-01 9.250467328591389926e-02 6.155652638640857210e-01 3.290759191891858282e-01 4.440102004357072141e-01 5.205293332638154524e-01 4.209691023354072414e-01 6.019179519084489893e-01 2.185920504389263774e-01 5.507851036538294887e-01 6.411597321928554916e-01 4.985797136637267202e-01 6.410064081217787813e-01 6.353441386406540881e-01 3.632992165711659838e-01 4.916242131630846335e-01 4.197328797613860130e-01 5.954093210760127430e-01 2.179252196078557968e-01 4.785029442905476826e-01 2.837922648794575231e-01 3.449258037598408877e-01 4.380856012964084445e-01 3.181611006029447242e-01 4.443179887866723354e-01 2.757908227362178555e-01 4.399722764742812209e-01 5.227224302266655354e-01 5.261393808429679630e-01 3.044911343036327822e-01 2.399136582976696686e-01 4.107219415837026211e-01 3.759032392506024833e-01 4.376891552451404599e-01 4.616831154004881754e-01 5.403662618480880031e-01 5.042380977905103201e-01 2.782382599359113917e-01 5.121106163663506905e-01 5.125860402329214249e-01 4.666022765252320625e-01
3.296441585181381639e-01 2.266250641875363070e-01 2.064381622226355573e-01 3.186362982722131254e-01 2.091691080845754502e-01 6.595591976556078873e-01 5.042330637337810728e-01 2.064188321106351642e-01 4.859151051487511919e-01 0.000000000000000000e+00 2.329831851019627253e-01 3.092143352016500368e-01 1.689888561886590812e-01 4.910126757561875110e-01 1.689183490016558653e-01 2.388009159753424759e-01 3.551734872323329406e-01 1.925071648995076434e-01 3.410908110392047998e-01 2.699973718216401863e-01 1.244859596604498964e-01 1.147804051361677874e-01 3.517227442161231510e-01 1.765773805504084748e-01 1.171575743072922615e-01 1.122182074464588980e-01 2.539077239668238728e-01 5.550077769033258113e-01 2.607768271001038030e-01 2.118029203208645350e-01 3.335514643769664223e-01 3.274788901013924169e-01 1.079080467643760699e-01 4.285139377051577769e-01 4.129885503815609593e-01 4.152024060492227608e-01 1.759713284606652939e-01 1.572418721056012270e-01 2.887738325284774366e-01 2.269006782524692623e-01 1.733579649909144371e-01 2.002434677164028343e-01 2.719087229133559935e-01 1.879651955352550918e-01 2.431218359500988968e-01 2.331388229673976298e-01 1.925775781310167245e-01 1.805627254587011676e-01 3.364431866385408920e-01 1.270237751222219325e-01 1.856167294892686614e-01 1.619909836973907336e-01 3.137598701433048642e-01 8.047912146799671151e-02 4.127215371462650828e-01 2.995304742483539950e-01 1.712190070727853675e-01 2.601795536272403231e-01 3.086409349343183783e-01 3.301615158160790542e-01 4.958548592841231506e-01 1.890170871805851582e-01 1.347413610040379128e-01 3.595553393541115472e-01 3.957632372528139819e-01 7.519316356504851528e-02 2.656994292261886104e-01 2.297262486667659143e-01 1.411674349763529235e-01 7.339164440144353707e-02 7.367012515896072256e-02 3.559025704812952551e-01 2.581616283289991931e-01 2.522329876823692918e-01 6.036585996041865521e-01
1.924091619354761917e-01 4.311306970011328232e-01 3.269534174293908246e-01 3.558177749640856757e-01 1.986195449173306926e-01 4.609091199975196007e-01 3.146960187066770165e-01 2.640271065240484827e-01 3.602928371001353214e-01 2.329831851019627253e-01 0.000000000000000000e+00 2.235261586914327747e-01 3.482512361241960619e-01 2.803540287932138608e-01 3.209769498400727450e-01 1.691392685131827278e-01 1.607334654507076577e-01 2.290259126270176304e-01 1.346235071387266446e-01 2.934510471539324983e-01 1.454141656954473782e-01 2.303612514583032178e-01 2.422121543820278111e-01 3.473216512585134974e-01 3.217468391334196709e-01 2.141432939761201970e-01 1.065006254673713793e-01 3.662699998664827317e-01 1.038550482750830312e-01 2.035338267909703180e-01 2.458777254875323948e-01 9.835936343010796834e-02 2.268844476398091670e-01 2.304398227701794366e-01 1.985661208001809619e-01 2.862698753490151016e-01 3.751358920893052562e-01 1.015981903734065189e-01 1.891966517984044749e-01 3.225459539770094142e-01 1.072892111524551273e-01 3.753080507322285597e-01 1.551357339058984930e-01 2.600834452404384711e-01 4.181055665758921513e-01 2.838726816743328829e-01 3.966706174947306485e-01 3.725409173330093693e-01 1.574336449956235950e-01 2.734411934986972770e-01 2.080799177420139812e-01 3.594078086556424800e-01 2.184345965520579080e-01 2.129448758518149853e-01 2.333815224003685795e-01 8.409048255846868214e-02 2.233356531792622390e-01 2.013191128461022938e-01 2.632531058290388803e-01 1.640400675949814646e-01 2.943385733503507407e-01 3.227931056989166714e-01 2.674209064130841362e-01 1.874819760734236507e-01 1.907349334732142687e-01 1.585577072767852258e-01 6.690859832236721594e-02 2.419668843231488897e-01 1.674893630249320309e-01 2.565794675944215730e-01 2.615101755300774378e-01 1.379231848768516233e-01 2.974035843769570198e-01 2.593999667366647666e-01 4.019391106052033757e-01
2.018131201588871937e-01 4.309253798233605992e-01 4.158321645044300574e-01 3.728268366724556415e-01 1.914808364884951208e-01 4.581097050077020949e-01 4.623782616018614622e-01 2.035242568089196680e-01 3.716116595882630880e-01 3.092143352016500368e-01 2.235261586914327747e-01 0.000000000000000000e+00 3.775794180586513615e-01 2.913653314430944552e-01 3.055330913820576977e-01 1.558508328421525646e-01 3.396927601761713933e-01 2.397498935897965089e-01 1.398524494586739775e-01 1.450251411641906574e-01 2.524829716585790251e-01 3.192399985333425061e-01 2.445570146439856596e-01 3.210268375634414695e-01 3.797144966984333792e-01 2.555489216177632694e-01 1.199578708799848570e-01 3.575107035505137310e-01 2.603591034371391388e-01 1.072045843954371191e-01 1.138751511256991394e-01 2.477269596966790721e-01 3.023474581473321043e-01 3.713187511894404658e-01 2.158806105546173526e-01 2.817540979379672961e-01 4.227693545579327972e-01 1.664391711439872912e-01 9.089409845303167423e-02 2.288673128076511021e-01 2.076543001506410135e-01 3.751633473648151029e-01 2.312006855701117525e-01 2.237415908670958298e-01 3.980623204234828849e-01 3.008817433827027377e-01 4.493764975123404892e-01 3.730648982267862901e-01 8.080987506077677573e-02 2.833622995222292440e-01 1.823862291781881972e-01 3.992584119973682233e-01 1.750244111231997191e-01 3.146069203080999466e-01 2.302071278559615908e-01 2.905387373553307562e-01 2.403876310153844065e-01 8.610025074884891660e-02 8.157442322854521755e-02 2.831654312876388246e-01 4.352238461719720175e-01 2.447541409640783538e-01 3.562996534881234245e-01 7.950814428795044408e-02 1.498728428348883313e-01 2.340211716366014938e-01 1.722510506213837389e-01 1.479272612665918085e-01 2.409241994517830610e-01 3.563552706298256378e-01 3.161109987580275060e-01 1.993228950777865272e-01 3.144126460853269300e-01 1.498424746747945013e-01 4.018963422352895831e-01
4.227448630340896463e-01 1.662002707829426940e-01 3.657156391150109820e-01 3.377549016221927380e-01 3.290350657579470539e-01 7.538643121642032430e-01 6.061300934341360414e-01 1.821378408902100954e-01 5.778263174338662544e-01 1.689888561886590812e-01 3.482512361241960619e-01 3.775794180586513615e-01 0.000000000000000000e+00 5.853177902647830333e-01 2.084647873998979883e-01 3.141517648978704447e-01 4.617749656113663836e-01 2.295682747051460137e-01 4.600781361983833917e-01 2.762076538785652180e-01 2.657408459955872826e-01 2.758579425141693409e-01 4.403258028979028516e-01 1.100750325765928461e-01 1.114520723145896175e-01 1.341079421480758649e-01 3.809367664016874988e-01 6.493128914119210560e-01 3.626738568004587715e-01 2.800678815945339961e-01 4.089023132994945020e-01 4.428030940251400094e-01 2.123041417570558087e-01 5.304109674055128565e-01 5.072936648901565926e-01 5.071136183343383230e-01 1.036705139992385311e-01 2.535181532497836066e-01 4.143790947184655682e-01 2.133716567764667726e-01 3.077681034063919352e-01 8.769975168468792381e-02 3.616491356508043653e-01 2.892988873679386286e-01 1.543922169542207012e-01 2.503277082981542057e-01 1.615528169193441443e-01 1.915325429009407665e-01 4.447127522666554644e-01 1.022997981769005749e-01 2.488410218524522155e-01 7.586674835770486347e-02 3.901507153516470816e-01 2.431777430209465796e-01 5.070266516548608271e-01 4.083544873023384203e-01 1.738923803619371045e-01 3.349714451308756780e-01 3.432490941110276639e-01 4.310152732280608245e-01 5.959920423230018471e-01 1.462487821668805033e-01 2.969501094757161508e-01 4.343472308577469021e-01 4.782498431985979237e-01 1.937278760544525191e-01 3.846867543853672022e-01 2.322115159810360374e-01 2.684265379995413037e-01 1.499961172188779279e-01 9.922182101863473436e-02 4.748898956404739580e-01 2.868467518778243797e-01 3.217591781989071476e-01 6.979637141127820188e-01
1.657629353510877146e-01 6.805640582356174972e-01 5.907694624667113592e-01 5.781935671305586943e-01 4.068613845090934267e-01 1.805550912043058231e-01 3.884486653752816099e-01 4.604421597255832221e-01 3.560712657330369346e-01 4.910126757561875110e-01 2.803540287932138608e-01 2.913653314430944552e-01 5.853177902647830333e-01 0.000000000000000000e+00 5.816928143141779639e-01 3.120517038120198539e-01 2.686228952222750599e-01 4.514017047934903992e-01 1.882549134024625037e-01 4.343893832819820111e-01 4.095942568065605305e-01 4.941772964956236414e-01 2.514253903342559826e-01 5.763016327639716163e-01 5.743926329209929627e-01 4.525775205025037717e-01 2.982746396401340094e-01 1.065330706219127510e-01 2.492879600277172758e-01 3.591869159253705535e-01 2.039012839730664217e-01 2.026208520333076801e-01 4.876003121139144691e-01 2.975634818647491242e-01 9.622668058008425340e-02 2.637762002803700767e-01 6.210516098166048993e-01 3.342863406370309987e-01 3.482221038122387258e-01 5.100257454183295680e-01 3.628891000990503435e-01 6.094094247393658792e-01 2.498881408666788484e-01 4.974000513797713352e-01 6.488284923699346729e-01 5.062484738408057350e-01 6.461039787292151004e-01 6.332676226589216695e-01 2.635679262574501247e-01 4.992929733401637038e-01 4.304557099084866945e-01 6.008956670285321433e-01 2.418139816610917758e-01 4.782951051475096693e-01 9.000927124551304226e-02 2.643816380235785024e-01 4.457543614734872373e-01 2.816376903625893990e-01 3.729397546716396450e-01 2.204227185195701266e-01 3.620116366454527723e-01 5.129091783405249627e-01 5.312369514504045043e-01 2.148024443735409850e-01 1.414924886082061239e-01 4.158195121911389958e-01 2.469848891832884807e-01 4.214382458432078815e-01 4.131374114246024187e-01 5.173061729203334291e-01 5.093356683979467503e-01 1.424308439163622375e-01 5.197793765434297608e-01 4.351097199963087636e-01 1.215850818119894872e-01
4.484927974631263137e-01 1.604277484690976863e-01 3.603436786834870453e-01 3.711913240897567468e-01 1.874028702743826547e-01 7.605727768801270328e-01 6.151996779803772242e-01 1.651460865232735609e-01 6.043319911610052220e-01 1.689183490016558653e-01 3.209769498400727450e-01 3.055330913820576977e-01 2.084647873998979883e-01 5.816928143141779639e-01 0.000000000000000000e+00 3.255960392670398940e-01 4.599100512089293602e-01 2.719520714348188095e-01 4.150117045882628641e-01 1.677844094387393181e-01 1.945401308986264843e-01 2.635851525514795735e-01 4.552378289210823326e-01 1.153896588086818636e-01 1.096229734565988545e-01 1.994202991600027008e-01 2.934619567915069949e-01 6.599737754229387798e-01 3.717434413466998988e-01 2.378646940288437761e-01 3.963240495099384364e-01 4.108491308697197475e-01 9.672241193650206459e-02 5.394805519517538173e-01 4.993858883646080660e-01 5.340510449942110771e-01 1.991415853069234410e-01 2.786591386960065031e-01 2.638290727461469753e-01 8.906710676842566343e-02 2.221981890331466980e-01 1.970593492226213050e-01 3.909552674351932100e-01 1.012719545712585933e-01 1.926441463045780178e-01 2.837641307657182699e-01 1.742074857219590989e-01 8.110871195935466516e-02 3.492128435339177384e-01 1.452958070240155941e-01 2.289371146860689488e-01 2.027944892072313654e-01 4.026467142735093430e-01 1.944172370812176087e-01 5.315701760912535656e-01 3.944961502041559043e-01 2.073288028295011409e-01 3.245965301058403862e-01 2.280737402643310541e-01 4.411281300626750390e-01 6.005914232607196812e-01 9.744155918781859105e-02 2.886468774648892621e-01 3.850412356700081973e-01 4.549754479590671363e-01 2.352140838154267166e-01 3.379860153238684051e-01 1.755014808903239687e-01 1.731119789416791233e-01 9.552670460021231436e-02 1.367347466299842773e-01 4.392728112496224746e-01 3.242686447472721833e-01 1.770391058331305112e-01 7.032778961261675343e-01
1.551277359506996467e-01 4.113340655247557653e-01 3.425250142418913568e-01 3.044577490718545221e-01 2.767692729426216025e-01 4.787960773766274936e-01 3.633592279431825944e-01 1.852204791578318521e-01 2.787359518939655501e-01 2.388009159753424759e-01 1.691392685131827278e-01 1.558508328421525646e-01 3.141517648978704447e-01 3.120517038120198539e-01 3.255960392670398940e-01 0.000000000000000000e+00 2.391750854345849886e-01 1.773760998811834133e-01 2.060691228781089401e-01 2.101395044204533435e-01 1.777564836874568899e-01 2.459328482708038888e-01 1.296417896540424386e-01 3.025658147052674996e-01 3.113454090978322042e-01 1.871798340171621777e-01 2.318145904115279654e-01 3.781970759194391851e-01 1.283303868144060333e-01 1.056353223526415586e-01 1.106873013133952283e-01 2.231556395958299854e-01 2.736145366432052861e-01 2.815726903694319994e-01 2.365669829235427790e-01 2.200409106634841627e-01 3.544002669573316777e-01 8.904790014746233329e-02 2.403402289391541602e-01 2.417933813698500689e-01 1.907417880366587548e-01 3.366163221869125644e-01 8.823795437577211520e-02 2.796747184321640711e-01 3.750926743112307227e-01 2.325126557821017015e-01 3.810074099117393698e-01 3.692770807590293747e-01 1.989398519680276867e-01 2.255571552814595870e-01 1.465054865167075837e-01 3.328455991743846099e-01 7.823454288368481002e-02 2.402549933994183595e-01 2.410946041957741093e-01 1.993573283117006933e-01 1.720185434147833425e-01 7.095095790450070550e-02 2.015741652368119030e-01 1.810440760551947081e-01 3.460208451501357030e-01 2.439864783327001241e-01 2.829925032255846684e-01 1.551535805021282688e-01 1.791601235190480035e-01 1.636077524102939329e-01 2.203251707996040920e-01 1.589532033511749376e-01 2.246542677048857795e-01 3.033095565978176089e-01 2.477419111574263866e-01 2.218319483360315370e-01 2.460435584847258106e-01 2.456161738869115096e-01 4.225827146042150928e-01
1.513821083334362383e-01 5.484848295298696552e-01 4.535634690884219888e-01 4.670938953600100585e-01 3.585482014023639308e-01 4.467824536304934036e-01 1.562909595721569400e-01 3.753032269199728099e-01 3.481037044100123157e-01 3.551734872323329406e-01 1.607334654507076577e-01 3.396927601761713933e-01 4.617749656113663836e-01 2.686228952222750599e-01 4.599100512089293602e-01 2.391750854345849886e-01 0.000000000000000000e+00 3.403020330229419854e-01 1.998403107174975268e-01 4.047271675498568255e-01 2.761851941651632947e-01 3.569713031173345485e-01 2.391796915733699902e-01 4.585977716544378802e-01 4.423134042152450096e-01 3.276670234632905188e-01 2.551481294303005742e-01 3.531651393876658052e-01 1.135571568868046499e-01 3.126847802491250494e-01 2.485242710946449218e-01 1.054243229129553511e-01 3.658175490086658099e-01 9.568181535365191670e-02 1.905987698476484526e-01 2.617410447170878673e-01 4.908821562514266712e-01 2.128743107693308323e-01 3.393520521008450697e-01 4.338220743729337969e-01 2.619207205842127295e-01 4.888317802193990480e-01 1.916746975783737705e-01 4.059314107690197293e-01 5.311246312604013253e-01 3.951488020702572657e-01 5.140247500234674805e-01 5.114740187018661510e-01 2.782869646625601434e-01 3.847173138946215487e-01 3.193560381379383362e-01 4.732376194330115138e-01 2.555394211937287996e-01 3.404928185594819356e-01 2.108788996306054098e-01 7.664298289223897553e-02 3.346117735751866218e-01 2.966574600335398215e-01 4.092868528518731619e-01 7.231288167379437692e-02 1.411297027821927785e-01 4.340692260948410541e-01 3.940309580721153560e-01 2.670276623609493249e-01 1.980810188643025160e-01 2.799803236672845363e-01 1.899409430973998947e-01 3.532430047190731615e-01 3.159564843670409906e-01 3.955125689632782437e-01 3.772564396921989083e-01 1.480292334500325213e-01 4.086797047728813470e-01 4.193286232216980047e-01 3.875199645527686587e-01
2.886514902166344432e-01 3.231863073446569201e-01 3.093522332824549248e-01 1.347659697171969539e-01 2.675337007424149482e-01 6.199482266929108309e-01 4.798185382868173643e-01 1.402474272604333216e-01 4.437329446164114954e-01 1.925071648995076434e-01 2.290259126270176304e-01 2.397498935897965089e-01 2.295682747051460137e-01 4.514017047934903992e-01 2.719520714348188095e-01 1.773760998811834133e-01 3.403020330229419854e-01 0.000000000000000000e+00 3.443297815535134587e-01 1.935912453048083681e-01 1.665486163668755404e-01 2.138747875857620329e-01 3.035766438781367094e-01 2.142897597792078335e-01 2.276721646513888697e-01 1.090509019049578365e-01 2.651980648959245124e-01 5.153968059406286439e-01 2.383379308513229322e-01 1.418359173442014232e-01 2.699110909454360274e-01 3.235777705279614946e-01 2.629438528424571930e-01 3.980320007130668247e-01 3.733775794188639585e-01 3.730202455168831754e-01 2.707270225108883155e-01 1.274277222536111531e-01 2.922424703696396286e-01 2.150317372132486970e-01 1.923480714173397832e-01 2.499649995129498703e-01 2.275557628333492732e-01 2.582963295488153732e-01 2.869449161311317664e-01 8.103140116033977214e-02 2.973341654652960631e-01 2.803260845478990348e-01 3.019417933579805480e-01 1.366061590703291639e-01 7.755916734109444266e-02 2.491723547279411921e-01 2.533750503349599392e-01 2.146600967564302187e-01 3.731105661835681375e-01 2.887502099162568281e-01 7.463988527345519208e-02 1.927587119669513238e-01 2.376084099074834421e-01 2.975033863988295058e-01 4.624801554937704728e-01 1.815714583210332744e-01 2.434085336118200771e-01 2.921344976938225479e-01 3.392586208445395601e-01 1.173140013344591004e-01 2.689383997404972138e-01 1.395412877700718535e-01 2.139835839041376309e-01 2.409444978828853001e-01 1.693173270650474294e-01 3.505428518048335218e-01 7.768994791852916471e-02 2.494223600692933029e-01 5.640476286414894957e-01
1.317720538077276904e-01 5.280379926463839579e-01 4.350610433666328158e-01 4.711216438905816428e-01 2.303087797440493134e-01 3.663982691580365825e-01 3.225258121431875402e-01 3.312180806383046017e-01 3.097425344246457768e-01 3.410908110392047998e-01 1.346235071387266446e-01 1.398524494586739775e-01 4.600781361983833917e-01 1.882549134024625037e-01 4.150117045882628641e-01 2.060691228781089401e-01 1.998403107174975268e-01 3.443297815535134587e-01 0.000000000000000000e+00 2.837950019503015509e-01 2.523516534481077822e-01 3.384688773955453200e-01 2.043815769848245090e-01 4.523784940226628914e-01 4.180344716111417114e-01 3.259701940503075268e-01 1.259010207789746649e-01 2.697591677759783590e-01 1.983308948505152769e-01 2.299628368380919330e-01 1.150445671832322214e-01 1.078745102380050946e-01 3.209192023879993694e-01 2.314663017307665716e-01 1.020552887096765615e-01 2.198849727743500126e-01 4.856365845353906030e-01 2.204059539347765218e-01 1.608273889384294331e-01 3.657189019831841859e-01 2.011776002133801866e-01 4.871349508064160005e-01 2.137998536406686134e-01 3.159334469273213375e-01 5.294139768827044179e-01 3.980314641471446313e-01 4.976958502893827907e-01 4.685011926836439300e-01 7.844665394506267209e-02 3.862140915772602767e-01 3.047968559326411642e-01 4.712347087298298653e-01 1.860683819184512644e-01 3.210525017890570321e-01 1.459872600941252152e-01 1.654103342016446099e-01 3.361116482525323135e-01 1.624894905692882974e-01 2.133292209022928376e-01 1.609602755168763333e-01 2.953713967132981510e-01 3.761057974232996926e-01 3.755285323503262385e-01 6.718735164345185362e-02 6.982887612697603885e-02 2.690297416386471796e-01 7.908245425506502113e-02 2.792789177258132582e-01 2.453253119439277041e-01 3.546235725522959847e-01 3.721172972655892863e-01 6.086993122433893844e-02 4.127074533034528203e-01 2.562022217814148295e-01 3.098399952144520464e-01
3.400366773583290425e-01 3.096364714453418987e-01 3.996181602371539077e-01 3.283572150220053776e-01 1.250172205259501290e-01 6.011337568465897618e-01 5.375695822863070239e-01 1.251767682586209518e-01 4.833858012501590085e-01 2.699973718216401863e-01 2.934510471539324983e-01 1.450251411641906574e-01 2.762076538785652180e-01 4.343893832819820111e-01 1.677844094387393181e-01 2.101395044204533435e-01 4.047271675498568255e-01 1.935912453048083681e-01 2.837950019503015509e-01 0.000000000000000000e+00 2.193582530158425803e-01 3.030259942660663564e-01 3.342916390102359525e-01 2.014699716336680879e-01 2.715389603251824324e-01 2.295842722031232186e-01 2.334293122293138456e-01 5.005347553894012869e-01 3.022996087701244061e-01 1.075547055515428257e-01 2.467280369191952039e-01 3.822734862144553936e-01 1.650921310421518129e-01 4.557830447125566509e-01 3.589046623935049918e-01 4.154556939736410159e-01 3.380139175827512887e-01 1.918528567805260210e-01 1.445222350786430354e-01 8.771356647517025706e-02 2.105913820702362549e-01 2.700601582010625501e-01 2.779998270477973543e-01 8.648626376191549670e-02 2.838943262770341480e-01 2.476081824817865096e-01 3.401944810881861181e-01 2.416219347351772628e-01 2.168878908177565568e-01 1.964452044818583154e-01 1.249673947921873113e-01 2.978866478172821353e-01 2.777203011637970342e-01 2.446563712001554869e-01 3.732311796948492577e-01 3.531753444431716682e-01 1.675050906412155483e-01 1.815222117109871469e-01 7.046578104800865772e-02 3.552544303983192764e-01 5.202311994932603545e-01 1.299588717116846315e-01 3.346775749138148348e-01 2.245332854521411015e-01 2.928968946737759427e-01 2.085830426364539136e-01 2.939333440820880994e-01 6.485254370570747717e-02 1.566934056389305274e-01 2.273431432387314211e-01 2.506076778071139599e-01 3.432654475694140728e-01 2.702133127810127378e-01 6.423679870661606894e-02 5.449203940741773611e-01
2.591605633286177546e-01 3.051491706307550844e-01 2.170466750470982364e-01 2.933404787039436412e-01 1.456959252443596198e-01 5.890756024660874779e-01 4.282471698338212174e-01 2.045095009066272840e-01 4.154315099592307825e-01 1.244859596604498964e-01 1.454141656954473782e-01 2.524829716585790251e-01 2.657408459955872826e-01 4.095942568065605305e-01 1.945401308986264843e-01 1.777564836874568899e-01 2.761851941651632947e-01 1.665486163668755404e-01 2.523516534481077822e-01 2.193582530158425803e-01 0.000000000000000000e+00 1.170551104033611400e-01 2.877878445080315761e-01 2.668097444140622998e-01 1.951456495955127546e-01 1.374488687746374949e-01 1.732102836514118616e-01 4.845241817138053464e-01 1.847909332001438087e-01 1.579359452099864114e-01 2.735903721205221739e-01 2.387397325102955381e-01 1.004476286983628786e-01 3.525280438051978105e-01 3.278063488135276593e-01 3.447188108597024070e-01 2.701282169503570474e-01 8.913263593482617653e-02 2.249005719466252440e-01 2.168522357113569499e-01 9.779822893324141564e-02 2.930749713082504426e-01 2.016230333006845399e-01 1.409817628045949844e-01 3.358724871519140343e-01 2.202406458213995999e-01 2.730505557936015459e-01 2.461040983915631919e-01 2.477040290474439299e-01 2.013909373066728459e-01 1.467341274721792599e-01 2.710879578965166847e-01 2.513515635369611978e-01 7.219414980004064397e-02 3.422379419567446734e-01 2.158498714403406238e-01 1.583208299267873376e-01 2.014844704643511397e-01 2.482659149090208628e-01 2.541756219161190322e-01 4.168665662169536157e-01 2.604533919764354111e-01 1.589236809715712240e-01 2.975336493861480136e-01 3.169406230563700522e-01 7.207013310959556329e-02 1.769602716350915927e-01 1.852490509551080744e-01 7.769425213613705139e-02 1.299782780565147400e-01 1.732948526427940394e-01 2.671634128901983485e-01 2.349262881168149297e-01 1.992506610307436532e-01 5.311793386185499344e-01
