0.000000000000000000e+00 5.634506470999895988e-01 5.537034439444822320e-01 4.982541689929918527e-01 4.509749442158341171e-01 3.640034417330832994e-01 3.383283642170665240e-01 3.186224524920372447e-01 3.192804476576322492e-01 2.887926167632404173e-01 2.546234392285784409e-01 2.191620456435797448e-01 2.171700994400429241e-01 3.171064798955483544e-01 3.595826710827071393e-01 3.712904858749901948e-01 1.935746752192256948e-01 2.650768086679351487e-01 1.811893008810065986e-01 4.485585694344050300e-01 1.587255987021256864e-01 1.638756951580309651e-01 2.969998664605669192e-01 3.459084766237536801e-01 2.192702490416724992e-01 1.833898288234436791e-01 2.008829967629406632e-01 3.608290902015064416e-01 3.027227184712840691e-01 4.906048013203943015e-01 1.685451359579627217e-01 5.269684083042507350e-01 1.261034939883504125e-01 4.818666276972983775e-01 1.886776690056693462e-01 5.009574821685639501e-01 3.018007190081739566e-01 2.244318414577446130e-01 2.534139300584779542e-01 2.467889075794678366e-01 2.965983444786041701e-01 2.305331062725411995e-01 3.761812658413098975e-01 3.863787848185207263e-01 4.612422665538296052e-01 2.364701347850767521e-01 1.203152311403628272e-01 3.917274469379417035e-01 1.168911590459446592e-01 2.521186227024344029e-01 3.327607795663089507e-01 4.002087207330812801e-01 4.243188408463242078e-01 9.747845394583809497e-02 4.548437143631522961e-01 2.499201158519194499e-01 2.463860124853801681e-01 3.778249453592334994e-01 2.738566040952760128e-01 1.357374119940078228e-01 4.315508978220115588e-01 2.741238565633714597e-01 4.891791947740110613e-01 1.136696444086411906e-01 2.355653751807674501e-01 2.397411049741979272e-01 1.931956760464325351e-01 2.148844551416844162e-01 1.085139325362237395e-01 2.020670829182972250e-01 4.988972569234057519e-01 2.517561094248365605e-01 8.062000316230101549e-02 3.299748698796418078e-01 2.265203524113658662e-01 2.127930609618717550e-01 3.915471817207936134e-01 4.811215754319193016e-01 2.669361743465925585e-01 4.269056437909054535e-01 2.770542289686370729e-01 2.153198134406514030e-01 3.337839518723743071e-01 1.984173626039744953e-01 3.198753088068955197e-01 2.859164970985270671e-01 1.193767604224480472e-01 9.448976828637163650e-02 5.003948603001483475e-01 3.018442921704710402e-01 3.196942590628606973e-01 5.371181563234455059e-01 1.842705885485283468e-01 4.368803118101756144e-01 7.969013960329082713e-02 6.928280901188002550e-02 1.704822677933683917e-01 2.138083002059529003e-01 1.607679080738046162e-01 1.857342231929879350e-01
5.634506470999895988e-01 0.000000000000000000e+00 9.977825446942257814e-01 5.858398413878581623e-01 5.787893912169828070e-01 9.035841658043890501e-01 8.936000303822810853e-01 3.355650960620891188e-01 2.920594514697121835e-01 6.196083942539458711e-01 4.444399792952875572e-01 7.034552523717700900e-01 6.975281472218308743e-01 4.415326157316320499e-01 8.064119328007353094e-01 1.995772536470378777e-01 4.770614816485476140e-01 8.042188193799845175e-01 3.943973402027635689e-01 1.774547338369323879e-01 4.966977910907455773e-01 7.155352539470616335e-01 4.496083811222456039e-01 4.591506614525286967e-01 7.745419152068867552e-01 4.449160561796552393e-01 7.404637208342456089e-01 3.223313659080592752e-01 3.151425526306849689e-01 1.322443850681794819e-01 5.859128947784641994e-01 1.217080242219427400e-01 6.526040716988101842e-01 1.232552178872128035e-01 5.996628381053205059e-01 1.209896100800034041e-01 2.724858795571020176e-01 3.585497693542740727e-01 7.229728734316189787e-01 5.139671850107020434e-01 8.361790685499097542e-01 3.800368949972334209e-01 2.590247467364011902e-01 2.001923347686218324e-01 9.040156841624065187e-01 7.917418009502911191e-01 4.798450405189554346e-01 4.368675502484207218e-01 6.564718831172500213e-01 3.776112634832562431e-01 4.492532739799869335e-01 5.443963912638385416e-01 1.567165399016839933e-01 4.778997310750146554e-01 5.634495194308783983e-01 4.299185100594775100e-01 7.005315463606741622e-01 5.308354649093657285e-01 3.805822069287781995e-01 6.910090781592221898e-01 5.072509065954304841e-01 2.893267905366179726e-01 9.353479788512647497e-02 5.147336611506527770e-01 6.556621646420315308e-01 6.677894994554977037e-01 4.010555832648440289e-01 7.544651792129899448e-01 5.806687411632487361e-01 7.295157890814567558e-01 8.999097762234020692e-02 4.338045530120632765e-01 5.753262927814540850e-01 4.626149936603912716e-01 5.606586271952093137e-01 7.680647271270860665e-01 2.384947183125620263e-01 1.107469965738901441e-01 6.546549453742498414e-01 1.450432298423771638e-01 8.323258951338514677e-01 6.680751319507916008e-01 2.429975163484549283e-01 4.266969667459333815e-01 3.707092449383009303e-01 3.937826231082837136e-01 6.710363192114786601e-01 4.712288339321384356e-01 7.036494337951224032e-02 8.414250162417762358e-01 3.063190442084768317e-01 6.801414670564512321e-02 7.065128492293157869e-01 1.327950578158213768e-01 5.225706207900238098e-01 6.245544751770945036e-01 7.257539339585827864e-01 4.409539405819445368e-01 6.633275638005267094e-01 4.971715651450990259e-01
5.537034439444822320e-01 9.977825446942257814e-01 0.000000000000000000e+00 9.962755176785222933e-01 1.000736194840067261e+00 7.302901482683483714e-01 7.399949993362464618e-01 6.841071951283748120e-01 8.208552051215675105e-01 3.892461367968849673e-01 8.066462152090297932e-01 5.439775387773888582e-01 6.001504057146126447e-01 8.136446282056618573e-01 2.025571791388402210e-01 8.477138497356694335e-01 5.428695536077213779e-01 6.072149831370161621e-01 6.871855954300546410e-01 8.706506404382032827e-01 5.910222068531937323e-01 4.230625423983615518e-01 8.467611170847998414e-01 8.439298253092838431e-01 5.906653418818583745e-01 6.838390040689349414e-01 4.760465067639634840e-01 8.285763865948465590e-01 8.254372576619225521e-01 9.806769517614581932e-01 4.568941944801347410e-01 9.490205091594805520e-01 5.649478330775251633e-01 9.280077387366069130e-01 4.940056436804718398e-01 9.910296326096280639e-01 7.510964947619791499e-01 7.481253017794023963e-01 3.004375991459909967e-01 4.946295551736893947e-01 6.628850510138689645e-01 6.425619961568760363e-01 7.800582809524754246e-01 9.055142048729579729e-01 1.046383032778228361e-01 6.422286913589939639e-01 5.885789167425397039e-01 8.917783429030965436e-01 5.306230532527644872e-01 7.336866322249211425e-01 8.704034457250821033e-01 9.499699713573142024e-01 8.478034084686750793e-01 6.495012299262895583e-01 9.528650630486824591e-01 5.897537811309864209e-01 5.387749579872068706e-01 9.275861959834663661e-01 7.743057793407671641e-01 5.114894558276835701e-01 9.295722465075417773e-01 7.671923437293357573e-01 9.767663559961928810e-01 6.116909930941712981e-01 3.756633008825728814e-01 4.217672654804544008e-01 7.468320944884387913e-01 5.811711616769493771e-01 5.719984298998641581e-01 4.848337158907736200e-01 9.581143966527955191e-01 8.015173600490693717e-01 5.306086729010393022e-01 8.279962185651719153e-01 4.515985174816968262e-01 5.742593629486152373e-01 8.508874630438075792e-01 9.711937258729831379e-01 5.175865653616277262e-01 9.169777942319692343e-01 6.828127855425540904e-01 4.608463125295156337e-01 8.813132749392115217e-01 6.724213590701817456e-01 8.199262047720501378e-01 8.326104537260362592e-01 4.509379855452879671e-01 6.290694652838819678e-01 9.274176013147135134e-01 6.681309987057360011e-01 7.417863300666589499e-01 1.027190306764509620e+00 3.694328553959537742e-01 9.168800005637581796e-01 5.600767046916546033e-01 5.015906561084960691e-01 5.762408243672855201e-01 6.338077138740737526e-01 5.603966019668178422e-01 5.589574824035173917e-01
4.982541689929918527e-01 5.858398413878581623e-01 9.962755176785222933e-01 0.000000000000000000e+00 6.518170846502403526e-01 7.869450268916314828e-01 8.007052998778994013e-01 4.404841245872853639e-01 3.218111008876118895e-01 6.440179910428671661e-01 5.093117642063287320e-01 6.984268412161358519e-01 6.005481019463462244e-01 2.745428261729868091e-01 8.021547448167475336e-01 5.091486445995193622e-01 6.031543804534459374e-01 6.880183938264831101e-01 5.070654218236249067e-01 4.292605432240371721e-01 4.538099881274710312e-01 6.064477688920713039e-01 5.002242488072525806e-01 1.549816169069610228e-01 6.816471847025051822e-01 3.164412043435475552e-01 6.238245819214887078e-01 2.796320103027349901e-01 4.512066768389023652e-01 5.412675043866729263e-01 6.573194301931469807e-01 5.456211804746431415e-01 5.998588384540173291e-01 6.029027043782998474e-01 5.343898083590045145e-01 5.817035779074205548e-01 5.023482775587099214e-01 3.706175053817444831e-01 6.959860037925181819e-01 5.658066121330553866e-01 7.195399296371521869e-01 5.450083043024326335e-01 4.136556237337219444e-01 4.116990819542948321e-01 9.038143402878699995e-01 6.988470704459094351e-01 5.630873401995303285e-01 1.709094806902907437e-01 5.398327442044924540e-01 3.383890720015943487e-01 5.445670812095665392e-01 6.025074429334689174e-01 5.069207367223632632e-01 4.165142593864945009e-01 9.666259170672565626e-02 4.884749288364871878e-01 6.585249146863519920e-01 5.819249076596690884e-01 2.603604906994298473e-01 5.981143476548405058e-01 8.807557375390072385e-02 5.443082011773231477e-01 5.864423486121110862e-01 3.866973104903609904e-01 6.934378316624842942e-01 6.275990750083613179e-01 4.886927006223041325e-01 6.378260403002323775e-01 4.836886958877638087e-01 6.532822388085917087e-01 4.958488637655178444e-01 4.680152229130628005e-01 5.788741721552931319e-01 2.125079909138688494e-01 6.510844276920439988e-01 6.751699966227043825e-01 3.554440691621703063e-01 5.498005953923924549e-01 6.126483136999280044e-01 4.792824483164099814e-01 7.394311646294697837e-01 6.858108373562895599e-01 4.170112879989185117e-01 3.822356667264167895e-01 2.151305964495569822e-01 4.768632809906916958e-01 5.619488341564882194e-01 4.920495763928382504e-01 5.842942900526925110e-01 7.247858773290191126e-01 3.499304861556904456e-01 5.658558811252780707e-01 6.268426622825685746e-01 5.534583325363949813e-01 5.584660039077041782e-01 5.316597446727125975e-01 6.328592034542011024e-01 4.168790446630526447e-01 6.548557913735247871e-01 4.931766982317198900e-01
4.509749442158341171e-01 5.787893912169828070e-01 1.000736194840067261e+00 6.518170846502403526e-01 0.000000000000000000e+00 8.057142313626208807e-01 7.876611540886713225e-01 4.869349952507901480e-01 3.640196104105732355e-01 6.926218602355320719e-01 2.746298717468316775e-01 6.435638515158708106e-01 6.512190474232999460e-01 5.073124953015223371e-01 8.066154219782922796e-01 4.021989984797533779e-01 5.331519718395216767e-01 7.067875982974723970e-01 3.535701041938277833e-01 4.835344947371008617e-01 5.293487881442483500e-01 6.109084460536160499e-01 1.571023314768369428e-01 4.994713922810019024e-01 6.686030389132773255e-01 3.819883574689161287e-01 6.425937863924779947e-01 4.786069089734909521e-01 2.636468385862978936e-01 5.066941667278602734e-01 5.605583322818262770e-01 5.834387119739723460e-01 5.770114127017088590e-01 5.208872658504281050e-01 5.951684915943538101e-01 5.239441693971828018e-01 3.989584413418187370e-01 2.853342564782201385e-01 7.004466809540627059e-01 6.458849673620693510e-01 7.383091341081415848e-01 4.439014983208053877e-01 5.185307281430756587e-01 3.940353644191385007e-01 9.082750174494148565e-01 6.858029246566816894e-01 4.326259346955924623e-01 5.376330904213628692e-01 5.586019486754818519e-01 4.845459071461089562e-01 1.734195861857048826e-01 1.011670153957447416e-01 5.029017400860508191e-01 3.534964902699960776e-01 6.080473408395203894e-01 5.799618095921547090e-01 6.880968021149173053e-01 9.518730522009609396e-02 3.914565939508103387e-01 5.850702018656125381e-01 5.820913970297870721e-01 3.291831401007505042e-01 5.133892802377549858e-01 4.403944933881356327e-01 6.439263122252304461e-01 6.867738558697830120e-01 3.166927051291635320e-01 6.565952447712217754e-01 5.376870764032950500e-01 6.513998727899021901e-01 5.115089616018140273e-01 2.239301946917458541e-01 5.101314940617366345e-01 4.835377855368900302e-01 6.048169374448230107e-01 6.621258508334764148e-01 4.664932676830618741e-01 5.041082626605380979e-01 6.734269969352768559e-01 4.389344959292749149e-01 7.263870188402418160e-01 6.254662615993421548e-01 3.384894759593545799e-01 4.700116177921606075e-01 4.657809522903166299e-01 1.850067681086991489e-01 5.664095113180330765e-01 4.060340352124212071e-01 5.482086775653064459e-01 7.435550818000083995e-01 5.469370394036031646e-01 5.497298610018539478e-01 6.313033394441134316e-01 4.677888244149387975e-01 4.573758220703063593e-01 5.186155988834848518e-01 6.198150576649731347e-01 5.432374385543075057e-01 5.981327650808094809e-01 5.890949435079044783e-01
3.640034417330832994e-01 9.035841658043890501e-01 7.302901482683483714e-01 7.869450268916314828e-01 8.057142313626208807e-01 0.000000000000000000e+00 5.875339599492104270e-01 5.875935527495436128e-01 6.115247143346765890e-01 4.148553650046350461e-01 6.128931912975804641e-01 4.648540666613000250e-01 2.396962859105224164e-01 6.057973377941875404e-01 5.361693754065732787e-01 7.335055124299587614e-01 5.460690023040943863e-01 1.907385358275535681e-01 5.441100545129826660e-01 7.372494273330445491e-01 4.357363630390144182e-01 3.506132335318408177e-01 6.517391536073533498e-01 6.345993345223929216e-01 4.545120643053528475e-01 4.745085132820437979e-01 2.598741751091005470e-01 6.495199481001456832e-01 6.649377450262523581e-01 8.492001468830843169e-01 4.888153904663027349e-01 8.501758999870401290e-01 4.022775191009646534e-01 8.440816542522668886e-01 3.446949688175269255e-01 8.631725087235326832e-01 6.647214726401502460e-01 5.531033383019559047e-01 4.300006343823440380e-01 4.239955547607872077e-01 1.056263929082331965e-01 5.934538599045171559e-01 6.648721237399493056e-01 7.104922413955117033e-01 6.378289708776959666e-01 4.856757305172205719e-01 4.843186728734460988e-01 6.824478521162056222e-01 2.505725730638615478e-01 5.408094806010734779e-01 6.875000667130954923e-01 7.549480078798680438e-01 7.675319120604240375e-01 4.557482060148400071e-01 7.435345722617918707e-01 4.932401387521552216e-01 2.297550685147529970e-01 7.325642325060202076e-01 5.649752885538761316e-01 3.645415731000047899e-01 7.202417557206510779e-01 6.363388831183395267e-01 8.513942213289795724e-01 4.023605023072802656e-01 4.274524622523100392e-01 3.333534078886744023e-01 5.554107026014004633e-01 1.611256422789279774e-01 3.414418757247146274e-01 4.077662868789303507e-01 8.238142096262071057e-01 6.064953965716228801e-01 4.231933329679345990e-01 6.186657277782809938e-01 4.731935707167336247e-01 4.415972220678685556e-01 6.802380396194329659e-01 8.433366019868877572e-01 2.685037034373828901e-01 7.751325581681365318e-01 5.262598247007808094e-01 4.299763019960590738e-01 6.862913114617652521e-01 4.871082205026135981e-01 6.105957139851592164e-01 6.406557842453134421e-01 2.793521627230604043e-01 4.574105219183477455e-01 8.516977340714388944e-01 6.926892779548128598e-02 6.083851169614998833e-01 8.770134949428280979e-01 3.608572928723945417e-01 7.990953383651440145e-01 4.402174239685481272e-01 3.309377514581162139e-01 4.196878635255122392e-01 4.996984677170226430e-01 4.682381898759123695e-01 4.259870836665337057e-01
3.383283642170665240e-01 8.936000303822810853e-01 7.399949993362464618e-01 8.007052998778994013e-01 7.876611540886713225e-01 5.875339599492104270e-01 0.000000000000000000e+00 6.210735833769444048e-01 6.252849873209445075e-01 4.663478025050324383e-01 5.926780975288380438e-01 2.352996372875088837e-01 4.449113223480331558e-01 6.195576107804555699e-01 5.436598979650060226e-01 7.095518245895812148e-01 4.849033720540107395e-01 4.827061486713810079e-01 5.195176650980731781e-01 7.510097003193121346e-01 4.568647357368800788e-01 3.195376030225791641e-01 6.336860763334041247e-01 6.483596075086608401e-01 1.599128621983283982e-01 4.882687862683118274e-01 4.131813951367980797e-01 6.632802210864137127e-01 6.409840571858751446e-01 8.288661400349851549e-01 3.642674980651833816e-01 8.639361729733076034e-01 2.936576405973791437e-01 8.201279664118894530e-01 4.532123122675898452e-01 8.392188208831550256e-01 6.401290832252404250e-01 5.350502610280069016e-01 4.401866253963645503e-01 5.139525030189129318e-01 5.201288626947311311e-01 5.570310356564684984e-01 6.786323967262170020e-01 6.969972043887830981e-01 6.458928348580049716e-01 1.042730271780018952e-01 4.586435953574293234e-01 6.962081251024734296e-01 3.549290749800392830e-01 5.545697535873413964e-01 6.694469894391462672e-01 7.368949306059184856e-01 7.626472050633907873e-01 4.355331122460976978e-01 7.572948452480594561e-01 5.476674284761149369e-01 4.640153524888260272e-01 7.145111552320707604e-01 5.787355615401442721e-01 2.340121016778552998e-01 7.340020287069187743e-01 6.123851952779622021e-01 8.274405334886020258e-01 4.161207752935482951e-01 3.832122062353355285e-01 4.395658566065495099e-01 5.314570147610233608e-01 4.384149733578116548e-01 3.795711033828121916e-01 2.661352738605753943e-01 8.241022149658827622e-01 5.884423192976737660e-01 3.645169637418939623e-01 6.324260007645489123e-01 4.374658578888081517e-01 1.849776644311438845e-01 6.939983126057007734e-01 8.193829141465102106e-01 5.079740680457365265e-01 7.570794808941873066e-01 7.404182761599834017e-02 2.958035967979721348e-01 6.682382341878159160e-01 5.008684934888815166e-01 6.243559869714271349e-01 6.226027069713643280e-01 3.192015120547995743e-01 4.328181325034381466e-01 8.387232245172149270e-01 5.253748103865982788e-01 6.221453899477678018e-01 8.669166150234502988e-01 3.716329552611707943e-01 7.751416505247664679e-01 4.094962416823290652e-01 2.690455552051865262e-01 1.975366483835750975e-01 5.162594310908599216e-01 2.968638490718507050e-01 4.834815358171833943e-01
3.186224524920372447e-01 3.355650960620891188e-01 6.841071951283748120e-01 4.404841245872853639e-01 4.869349952507901480e-01 5.875935527495436128e-01 6.210735833769444048e-01 0.000000000000000000e+00 3.262581038179225845e-01 2.972731752846077269e-01 3.128595900178104960e-01 4.336340249202235153e-01 3.784668931319370988e-01 2.128458834810757760e-01 4.979640042566847447e-01 2.041141874038100434e-01 1.889282109581364444e-01 4.686537233178952877e-01 1.715031929697273250e-01 1.994789680570049073e-01 1.707800900790068244e-01 4.268160523911162518e-01 3.691877866321697232e-01 2.906298711522501965e-01 5.020154682015504077e-01 1.965093754734139053e-01 4.076235870803454064e-01 1.917924128770796544e-01 2.734325878355343686e-01 3.367272886511289975e-01 3.160916673269175137e-01 2.796125840584868238e-01 4.185253708161680297e-01 2.673699060789697102e-01 2.640977420432311096e-01 3.430205932546204761e-01 1.140336090047518458e-01 3.258868398816655021e-01 3.984833283756019084e-01 1.894776399546853896e-01 5.134935226115707740e-01 1.102156675456868185e-01 1.056892969673512706e-01 2.968897533482390827e-01 5.911980125677457343e-01 5.192153539449546606e-01 2.210601831353081193e-01 2.757629102920967079e-01 3.592133958594423970e-01 1.134095709753552284e-01 3.449826009282909722e-01 4.624737849200427076e-01 1.810343306715621048e-01 2.727787343540092890e-01 3.995651088916488125e-01 9.435341399738830792e-02 3.649664502985848213e-01 4.333138977193934926e-01 2.335301408926243605e-01 4.184826311538857868e-01 3.524085508333846262e-01 1.811487103263418885e-01 3.161285233385554561e-01 2.160399678932578560e-01 3.687831330780410588e-01 3.340406106205941472e-01 2.332190210187049528e-01 4.460053634395937938e-01 2.699607772495075664e-01 4.596945616299101256e-01 2.869427242715970605e-01 3.429208612349309293e-01 3.412569503472415722e-01 2.537023322199608022e-01 2.589012054950827757e-01 4.955382801217497191e-01 2.064146665367139200e-01 3.231846865179757722e-01 3.190898493121607782e-01 2.759603895597707579e-01 5.597994481285148982e-01 3.982539044992449151e-01 2.896777976873901594e-01 1.240328144960306939e-01 2.442883214527045155e-01 3.019282271420909991e-01 3.823171176555334450e-01 2.388657427764376839e-01 2.652001526825769062e-01 5.379955463115849712e-01 1.050023563488920730e-01 3.698469351974746910e-01 3.820233041732986057e-01 2.562421679061208657e-01 2.728391945537720353e-01 3.520280281717579340e-01 4.532274869532462169e-01 1.083645222854966450e-01 4.199842093097899687e-01 1.616064690830098238e-01
3.192804476576322492e-01 2.920594514697121835e-01 8.208552051215675105e-01 3.218111008876118895e-01 3.640196104105732355e-01 6.115247143346765890e-01 6.252849873209445075e-01 3.262581038179225845e-01 0.000000000000000000e+00 5.026621893496378002e-01 2.551449429563102389e-01 5.230065286591811802e-01 4.570295303953559318e-01 2.109386412988074611e-01 6.267344322597926398e-01 1.980247305978511951e-01 4.657758318896972893e-01 5.125980812695283273e-01 2.966878401295231504e-01 1.698631604666114570e-01 3.215555371218634662e-01 4.310274563351163546e-01 2.203205606052219823e-01 1.781436199489068728e-01 5.062268721455505105e-01 1.528566047099431391e-01 4.484042693645338695e-01 1.433861677927826539e-01 1.351330050357337220e-01 2.385946713731432189e-01 4.695265931121669345e-01 2.761211031419218420e-01 4.244385258970624908e-01 3.057965731698624734e-01 3.930340066657753151e-01 2.739519289009678671e-01 2.937763722398192279e-01 1.108617116106745543e-01 5.205656912355635102e-01 4.480151429658062456e-01 5.441196170801972931e-01 3.655320959412833859e-01 2.235904489679761131e-01 1.039474329478422832e-01 7.283940277309152167e-01 5.234267578889547634e-01 3.617522607554432557e-01 1.921383121537363903e-01 3.644124316475378933e-01 2.239672980153566140e-01 2.603618069237017552e-01 3.207181496775348695e-01 2.587358481701549917e-01 2.218160053020759026e-01 2.824424779272566299e-01 3.736087745226465695e-01 4.939072850869734577e-01 3.074931347549453298e-01 9.521538977668496384e-02 4.226940350978858341e-01 2.472439345472486338e-01 2.282345293741545322e-01 2.786906996056583985e-01 2.358544764996639009e-01 5.180175191055295114e-01 4.862432733151318964e-01 2.349279404773541580e-01 4.624057277432777058e-01 3.423328941945348314e-01 4.778619262516369259e-01 2.137003841021600514e-01 2.030845544206374420e-01 3.961081898857768402e-01 1.816079521567693922e-01 5.230237711826960512e-01 4.997496840657497663e-01 1.312725265023536037e-01 2.494334948752656989e-01 4.712925120066985274e-01 1.715307993099572659e-01 5.640108520725150010e-01 5.103905247993348882e-01 1.048120124585700530e-01 2.408798650331876456e-01 1.217787122823408980e-01 1.890658067510248286e-01 3.865285215995334922e-01 2.973513223084197077e-01 3.205637249832802294e-01 5.493655647720643298e-01 2.300797262183665592e-01 2.654887806081512869e-01 4.514223497256137918e-01 2.457066835299424323e-01 3.663644020041836868e-01 3.562394321157579813e-01 4.574388908972463752e-01 3.020128903492119155e-01 4.780739138924700038e-01 3.730434810526284672e-01
2.887926167632404173e-01 6.196083942539458711e-01 3.892461367968849673e-01 6.440179910428671661e-01 6.926218602355320719e-01 4.148553650046350461e-01 4.663478025050324383e-01 2.972731752846077269e-01 5.026621893496378002e-01 0.000000000000000000e+00 5.066980400180521871e-01 2.409589093017585060e-01 2.273542392525512712e-01 4.340328404595116263e-01 2.006908289720770178e-01 4.865778696211674470e-01 1.852618150849836554e-01 2.829521481000772942e-01 3.500022418776245758e-01 4.841264024010010769e-01 2.182260403911323032e-01 1.586328551632420203e-01 5.508215965229490418e-01 4.916722986736287160e-01 3.262356546467388707e-01 3.498055846396946333e-01 1.614460631090314235e-01 4.420521485576442422e-01 5.006065911354935505e-01 6.191909708684864011e-01 1.320635279537058226e-01 5.675144302369694582e-01 2.582454311530331115e-01 5.498335882963268917e-01 1.212094772184102998e-01 6.254842754719782683e-01 3.904492044826821107e-01 4.521857812175517632e-01 1.079011269526461841e-01 1.077955353299223373e-01 3.441306699035943661e-01 2.891394753720678557e-01 3.932242611087083395e-01 5.673557185733909547e-01 2.963369542362560005e-01 3.620747753270305846e-01 2.637482502161108133e-01 5.174628605984492591e-01 2.356325249413262490e-01 3.540748444787708560e-01 5.455727791986531017e-01 6.540304507954634028e-01 4.689361768500450167e-01 3.648590563627018279e-01 6.006075364130272209e-01 2.029197612872194190e-01 1.956035975906083857e-01 6.316466754216154555e-01 4.309429964653770928e-01 2.470597685925640385e-01 5.773147198718866502e-01 4.299057738520896121e-01 5.985922055559128596e-01 2.700609469838871624e-01 9.518064256665691170e-02 9.124250296522261328e-02 4.239389747052855206e-01 2.657363784132362183e-01 1.992355768854112696e-01 2.111135118979599601e-01 5.715901586155931469e-01 5.055778394872185721e-01 2.180717294320494992e-01 4.748892891983966247e-01 9.369660139577785929e-02 3.098296757134957891e-01 4.643632250066053735e-01 6.056483687353334533e-01 1.497269966041843148e-01 5.584240717771281615e-01 4.183830983074347531e-01 1.705442057070602757e-01 5.519703865103010587e-01 2.996251926081200945e-01 4.676686781363951217e-01 5.077797871996073686e-01 1.803933159891336346e-01 3.042387987574530772e-01 5.492434508744334920e-01 3.526962154420228424e-01 3.552620920294566886e-01 6.544943695414709994e-01 1.045220282147120427e-01 5.387058501234783803e-01 2.352460381652256571e-01 2.366798289272542266e-01 3.087406455974485708e-01 2.472834758368715191e-01 2.538424320323262040e-01 1.724332443663151027e-01
2.546234392285784409e-01 4.444399792952875572e-01 8.066462152090297932e-01 5.093117642063287320e-01 2.746298717468316775e-01 6.128931912975804641e-01 5.926780975288380438e-01 3.128595900178104960e-01 2.551449429563102389e-01 5.066980400180521871e-01 0.000000000000000000e+00 4.576400312983908703e-01 4.583980073582598624e-01 3.623460799692460599e-01 6.125254423472550336e-01 2.611236337737400381e-01 3.472281516220417918e-01 5.139665582324323134e-01 1.676462839763478985e-01 3.693622513182415190e-01 3.485004531134232031e-01 4.168184664225788594e-01 1.712293355960556041e-01 3.569660718370905039e-01 4.736199823534440467e-01 2.169732992274489014e-01 4.497727463274378001e-01 3.651068270856575593e-01 1.329553314668004971e-01 3.723447548061649681e-01 3.746345120643463367e-01 4.404398351225932706e-01 3.806599077144532384e-01 3.734256627828256292e-01 4.075935826853553379e-01 3.884346741013999793e-01 2.288139556785401818e-01 1.572571027380559594e-01 5.063567013230259040e-01 4.599611471445897992e-01 5.454880940431011682e-01 2.698260930878257358e-01 3.444553229100958958e-01 2.798631210002791581e-01 7.141850378183776105e-01 4.908198680968482441e-01 2.467021144781126329e-01 3.951277699774514152e-01 3.657809086104418239e-01 3.203846336069850476e-01 1.012102855611268226e-01 2.561478396977897032e-01 3.490733470579176490e-01 1.571449852827403737e-01 4.655420203956089353e-01 4.058864043591749460e-01 4.952757620498773328e-01 1.843903616385129673e-01 2.489512735068990235e-01 3.900871453057793703e-01 4.395860765858756181e-01 1.639570044621212197e-01 3.766563867068470350e-01 2.629681754149598150e-01 4.580024920077505057e-01 4.926838762387458215e-01 8.518773452462960472e-02 4.637742047061815809e-01 3.448660363382548555e-01 4.564168162300686893e-01 3.771595496801187219e-01 8.086570570346235387e-02 3.242076738442568606e-01 3.410324650929786316e-01 4.188931172273430148e-01 4.671427942736433025e-01 3.529931857952285368e-01 3.685987673647553309e-01 4.858520880262785502e-01 3.045850840075796095e-01 5.314039622804086482e-01 4.395424413818621590e-01 2.243172325404952094e-01 3.030730913506046731e-01 3.232756318464052314e-01 9.938032247039590983e-02 3.723195316869958860e-01 2.201102149949412112e-01 3.979333953953132497e-01 5.507340417349682049e-01 3.728616341706235127e-01 4.153804490801585869e-01 4.372133598130762966e-01 3.267134597089253467e-01 2.714520018528264744e-01 3.236325423236515175e-01 4.248320011051399114e-01 3.762989121127515157e-01 4.103121844207857083e-01 4.046501368726739267e-01
2.191620456435797448e-01 7.034552523717700900e-01 5.439775387773888582e-01 6.984268412161358519e-01 6.435638515158708106e-01 4.648540666613000250e-01 2.352996372875088837e-01 4.336340249202235153e-01 5.230065286591811802e-01 2.409589093017585060e-01 4.576400312983908703e-01 0.000000000000000000e+00 3.330631102145962252e-01 5.172791521186920205e-01 3.480977338468185245e-01 5.165984890105889127e-01 2.512906937720791323e-01 3.490065405548210542e-01 3.242293488980847460e-01 6.022853521754558681e-01 3.545862770751166404e-01 1.602043497799142124e-01 5.066776284293645904e-01 5.460811488468975128e-01 1.537816133345930869e-01 3.859903276065483890e-01 2.794817870202381815e-01 5.610017624246500523e-01 4.515485824158322892e-01 6.359128044559927417e-01 1.307311405423928208e-01 6.588189603635288272e-01 1.194690805484154572e-01 6.227353014885942395e-01 3.413641001341529702e-01 6.462654853041627234e-01 4.346207118774800815e-01 4.327718023662435187e-01 2.498489452579641390e-01 2.803398247369815466e-01 3.974489694068208401e-01 3.234183573745367246e-01 5.155477031470037108e-01 5.732575735761524793e-01 4.502106782455691514e-01 1.310266101095070301e-01 2.388441332735268541e-01 5.939296664407102133e-01 2.430808628466023524e-01 4.522912949255780690e-01 4.965147704789917293e-01 6.098864827018789514e-01 5.571388337156305548e-01 3.120262694672581438e-01 6.550163865862960177e-01 3.703118657511692002e-01 3.303157443722661846e-01 5.848460672700942498e-01 4.764571028783809448e-01 1.126491890232784593e-01 6.317235700451554470e-01 4.194318596989700665e-01 6.344871979096097236e-01 3.138423166317848567e-01 1.683142378948160323e-01 2.961224187806377750e-01 3.748809659856242593e-01 3.157350800699012527e-01 2.772926447210488088e-01 8.202308505201891253e-02 6.442052600590044698e-01 4.614338713936341207e-01 1.385420424812787432e-01 5.301475421027854740e-01 2.038531796068766555e-01 9.124045390198759486e-02 5.917198539439372240e-01 6.264295785675179085e-01 3.892020001583830768e-01 5.722136469265040049e-01 1.882463932252085026e-01 8.438049819727931611e-02 5.283939570085615101e-01 3.985900348271182447e-01 5.220775283096638075e-01 4.587217784799461073e-01 1.855019039382397039e-01 2.375298163034496868e-01 6.332148531694546945e-01 4.026949170986878213e-01 5.198669312860044744e-01 6.824261594590439461e-01 2.193071691959322389e-01 5.821883149457743878e-01 1.931682496056553178e-01 1.667670965434231156e-01 6.778173629569005099e-02 4.139809724290966497e-01 7.147064422203977530e-02 3.611366256268409014e-01
2.171700994400429241e-01 6.975281472218308743e-01 6.001504057146126447e-01 6.005481019463462244e-01 6.512190474232999460e-01 2.396962859105224164e-01 4.449113223480331558e-01 3.784668931319370988e-01 4.570295303953559318e-01 2.273542392525512712e-01 4.583980073582598624e-01 3.330631102145962252e-01 0.000000000000000000e+00 4.128642678973750146e-01 4.149955893773733528e-01 5.790103284906378267e-01 3.454576627571547265e-01 1.698618487291444490e-01 3.922908105138100399e-01 5.209723873063282218e-01 2.162308678005230578e-01 2.328763079270136649e-01 4.972439696680326926e-01 4.482024095771078298e-01 3.227211078586491588e-01 3.063356955431736361e-01 1.572260738451706219e-01 4.396154252374031013e-01 5.104425610869315344e-01 6.578833809040940395e-01 3.344411832235171800e-01 6.338988599603239127e-01 2.596548814997873822e-01 6.428218032584226416e-01 1.180706720710749391e-01 7.008012058178569870e-01 4.911739024806651144e-01 3.986081543626354695e-01 3.092982121168358356e-01 2.253745522298075954e-01 1.722911886560432315e-01 4.209464658152282102e-01 4.483631780375594844e-01 5.559970574561908796e-01 5.072412231539837890e-01 3.430530929160433562e-01 3.374853305804056958e-01 4.960509271709204193e-01 1.021587155015870052e-01 3.329062719166342998e-01 5.330048827737747796e-01 6.004528239405471091e-01 5.510229663580342718e-01 3.012530220755195720e-01 5.571376473165062793e-01 2.841134791345487631e-01 9.533958941133405252e-02 5.780690485666991618e-01 3.874731073688561511e-01 2.327506166533009346e-01 5.338448307753657085e-01 4.818436991790189250e-01 6.945954164704924994e-01 2.265910578873661929e-01 3.164443001280212719e-01 1.928624008271750123e-01 4.009155186620800282e-01 8.460064808127440439e-02 1.208999819425974065e-01 2.797107778435342085e-01 6.075371695994910004e-01 4.520002126323022784e-01 2.796976232557945585e-01 4.322688028329959020e-01 2.745725681857538736e-01 3.098062656211648114e-01 4.639609995927169162e-01 6.664164719098132350e-01 8.615463989595534278e-02 6.032300955815955712e-01 3.836371870996035383e-01 3.122393763912320597e-01 5.317961275224444284e-01 2.745939692050105019e-01 4.241987890398741801e-01 4.861606003059927850e-01 1.687897493873321275e-01 3.055912779191751194e-01 6.351887883690491288e-01 1.796986170640756109e-01 3.921080769347839445e-01 6.824717576426989618e-01 2.498491307481055801e-01 6.347090610380579090e-01 2.959039397859060117e-01 1.883151138569388872e-01 2.770652259243349680e-01 2.771652767326601152e-01 3.256155522747350983e-01 2.168604240489272195e-01
3.171064798955483544e-01 4.415326157316320499e-01 8.136446282056618573e-01 2.745428261729868091e-01 5.073124953015223371e-01 6.057973377941875404e-01 6.195576107804555699e-01 2.128458834810757760e-01 2.109386412988074611e-01 4.340328404595116263e-01 3.623460799692460599e-01 5.172791521186920205e-01 4.128642678973750146e-01 0.000000000000000000e+00 6.210070557193035912e-01 3.711563822530037360e-01 3.730247004130330946e-01 5.068707047290393897e-01 3.379141202675114974e-01 2.650809691274150781e-01 2.236803080870584381e-01 4.253000797946274170e-01 3.533374175462550837e-01 1.569856552432395136e-01 5.004994956050614618e-01 1.472899027874341460e-01 4.426768928240449319e-01 1.380289142535097990e-01 3.129529887587447212e-01 4.018878494138948265e-01 4.814819091884459112e-01 3.843494265234544960e-01 4.187111493565734421e-01 4.196537360348259749e-01 3.312202790597378321e-01 4.448056743276579406e-01 2.944633300389567498e-01 2.278622326146771682e-01 5.148383146950743505e-01 3.356769320926426547e-01 5.383922405397082445e-01 3.148786242620199571e-01 2.204041710864631243e-01 2.880362927652809768e-01 7.207354456450327795e-01 5.176993813484656037e-01 3.872498191948293700e-01 1.084076900000334048e-01 3.586850551070488446e-01 1.013836411832488293e-01 3.976802499485689313e-01 4.565462718187694446e-01 3.259269207378423516e-01 2.406767383817938200e-01 2.599512905183975486e-01 2.583452487960746780e-01 4.553553853870851431e-01 4.350380763986712584e-01 1.176052179323623936e-01 4.169666585573967299e-01 1.907801034229176518e-01 3.664372543853662845e-01 4.586548648357457458e-01 2.055496213929174643e-01 5.122901425650405738e-01 4.244295457090945245e-01 3.195413990661907788e-01 4.566783512027886571e-01 2.960048618387929320e-01 4.721345497111479328e-01 3.515416381092918430e-01 3.211283916520653592e-01 3.977264830578493560e-01 7.723815227131444749e-02 4.209547476516312670e-01 4.940223075252606066e-01 2.079654681025177310e-01 4.104209404196142441e-01 4.094787844006609889e-01 3.472345640913965248e-01 5.582834755320258413e-01 5.046631482588458395e-01 2.933484988099046564e-01 1.523716056446268730e-01 9.357236510699569465e-02 3.341080082236243531e-01 3.808011450590444436e-01 3.162120553881376250e-01 4.082818200703560163e-01 5.436381882315752812e-01 1.587289493146125108e-01 4.264762261524998599e-01 4.456949731851247987e-01 4.230570986297919611e-01 3.826284829030031642e-01 3.505120555752689326e-01 4.517115143567573265e-01 1.867493646226400517e-01 4.737081022760810112e-01 2.630470181913073802e-01
3.595826710827071393e-01 8.064119328007353094e-01 2.025571791388402210e-01 8.021547448167475336e-01 8.066154219782922796e-01 5.361693754065732787e-01 5.436598979650060226e-01 4.979640042566847447e-01 6.267344322597926398e-01 2.006908289720770178e-01 6.125254423472550336e-01 3.480977338468185245e-01 4.149955893773733528e-01 6.210070557193035912e-01 0.000000000000000000e+00 6.542318815346155336e-01 3.504143418600786930e-01 4.180667563789689511e-01 4.937036272290010741e-01 6.848172313730781502e-01 4.058673905159544404e-01 2.267274410271210572e-01 6.526403442230249707e-01 6.498090524475089724e-01 3.943302405106178798e-01 4.897182312071599597e-01 2.857841496057900721e-01 6.427429775297213155e-01 6.319552894608688742e-01 7.871949835604044043e-01 2.634122262790811742e-01 7.576498972659895248e-01 3.711925046516728610e-01 7.366371268431164410e-01 3.088508273432324369e-01 7.975476644085741640e-01 5.586412830143363539e-01 5.540045289176276366e-01 1.103545150345002918e-01 3.084863643019993273e-01 4.687642781520940938e-01 4.490800279558225250e-01 5.939150900807853573e-01 7.113934320111831022e-01 1.030810480547153934e-01 4.458935899877534692e-01 3.950969485414860816e-01 6.976575700413215619e-01 3.365022803909894500e-01 5.485318158876817396e-01 6.769214775240282034e-01 7.558491984955392207e-01 6.564327965751846072e-01 4.553804570645145766e-01 7.587442901869075884e-01 4.036105902592964645e-01 3.531667817915260521e-01 7.334654231216913844e-01 5.801850064789924044e-01 3.151543544564430754e-01 7.354514736457667956e-01 5.737103755282821904e-01 7.851554769292863334e-01 4.175702202323963164e-01 1.819079724567204126e-01 2.361590892847738044e-01 5.527113216266640316e-01 3.870503888151743399e-01 3.778776570380892319e-01 2.871454924568178635e-01 7.722809875876704977e-01 6.073965871872945010e-01 3.368533444751868888e-01 6.338754457033969336e-01 2.602279055882062986e-01 3.757809303392501410e-01 6.650540539786824468e-01 7.777117576719292380e-01 3.324317490243882678e-01 7.234958260309154454e-01 4.864776841713137068e-01 2.637172356495392500e-01 6.871925020774366510e-01 4.872665427329423427e-01 6.258054319102752672e-01 6.391284855249825814e-01 2.568172126835129854e-01 4.355874970828284565e-01 7.360469894212229303e-01 4.740102258439610194e-01 5.559529210015335954e-01 8.337083385634556087e-01 1.753120825341788480e-01 7.255093886702677075e-01 3.665947364906009809e-01 3.074698832467209764e-01 3.799057229960450810e-01 4.479743048089485646e-01 3.666412735409654289e-01 3.731240733383921482e-01
3.712904858749901948e-01 1.995772536470378777e-01 8.477138497356694335e-01 5.091486445995193622e-01 4.021989984797533779e-01 7.335055124299587614e-01 7.095518245895812148e-01 2.041141874038100434e-01 1.980247305978511951e-01 4.865778696211674470e-01 2.611236337737400381e-01 5.165984890105889127e-01 5.790103284906378267e-01 3.711563822530037360e-01 6.542318815346155336e-01 0.000000000000000000e+00 3.165734791858841324e-01 6.345788793648102777e-01 2.022371789777642759e-01 1.668101143150018673e-01 3.748942774828168956e-01 5.350991555305455449e-01 2.844517898611331197e-01 3.723559351250758653e-01 5.904937094141872178e-01 3.277569971043307051e-01 5.703850674598157644e-01 2.547322242902463341e-01 1.385521598934555398e-01 1.351631035366436528e-01 4.038375691983107640e-01 1.885161188128329224e-01 4.604439104738110577e-01 1.186882673706748381e-01 4.682119294470410975e-01 1.455157843848134402e-01 1.117243629348836781e-01 2.219268460887504624e-01 5.614809247205226894e-01 3.809366603779236748e-01 6.661004151754794655e-01 2.111851609229359328e-01 1.507522111665405840e-01 1.112391013737291240e-01 7.539469892038498378e-01 6.076935951575915817e-01 2.898610778062608584e-01 3.643776480213578028e-01 4.863932297428197327e-01 2.718564174507414610e-01 2.726628812427574489e-01 3.777377881490058820e-01 1.038534746492902894e-01 2.857395698500154735e-01 4.766547931034256225e-01 2.984676014011983236e-01 5.690806377023948093e-01 3.542450721721365769e-01 2.818360109414810855e-01 5.069608723665224304e-01 4.305597098070917395e-01 9.716662931161881844e-02 1.309235953946706332e-01 4.006488270203166779e-01 4.807771232235911740e-01 5.347589748227190576e-01 2.088954220398447359e-01 5.843865258385596562e-01 4.654783574706327642e-01 5.474404635013033760e-01 1.463878175777855728e-01 2.752953654332325750e-01 3.831661315564547921e-01 3.739172025275607769e-01 4.066280348992258875e-01 5.840165213343863071e-01 2.033725946463553758e-01 1.256798776481685975e-01 5.232040367159707106e-01 7.439620444528532994e-02 6.482776893411517083e-01 4.859998063706381655e-01 9.321271813928114214e-02 3.122880123005545849e-01 2.940180481499622966e-01 2.171922303710542845e-01 4.906002207949626270e-01 2.790686727071392537e-01 1.460096790855529847e-01 6.713463628673462802e-01 2.164077190400607309e-01 1.846087169778253545e-01 5.460304159601730989e-01 7.340844821378814111e-02 3.304104595650245724e-01 4.405062693843946331e-01 5.417057281658830270e-01 3.124787096893066884e-01 4.711674025755274720e-01 3.657206564868198950e-01
