0.000000000000000000e+00 5.861528251516830990e-01 4.635878128633476591e-01 4.582987986474817421e-01 3.644380956910612257e-01 3.457826052019581931e-01 2.783876616852161145e-01 2.522964920697538527e-01 3.734857634210316246e-01 2.299225856663144330e-01 3.003055739821418046e-01 2.026644031630150944e-01 1.997400760110304430e-01 1.809566757206263476e-01 5.242389398435872705e-01 4.518073607379582413e-01 2.566642468548483436e-01 1.547448511338429811e-01 1.796143927118760419e-01 5.190328097742891167e-01 3.296473876206142961e-01 1.380264803718385669e-01 3.634978215533026802e-01 1.226545610734549457e-01 3.659490916903332947e-01 2.530158045922776822e-01 4.501434625059523853e-01 2.455015034569954513e-01 1.102728010949201171e-01 2.253138917967371924e-01 3.179702380205524648e-01 1.113504325447440824e-01 1.037700571785248327e-01 5.374650494264491263e-01 9.523193463365581257e-02 3.687870448424513392e-01 3.196497652470759454e-01 1.724428788922018618e-01 3.834779228214709179e-01 2.026132708432364371e-01 4.536564955843394586e-01 2.493802493368084128e-01 5.261471601504952300e-01 2.958634094955649996e-01 3.835862112902579946e-01 3.785825892937990100e-01 5.290697040737019075e-01 2.684594808562200119e-01 1.956850383111509717e-01 1.813368800210310161e-01 3.317786007335492560e-01 3.126656141904037289e-01 2.070160194725521874e-01 8.161521561344868558e-02 3.923716249869484973e-01 3.099203256567685805e-01 4.989506337630978394e-01 2.103460668680270373e-01 1.819427133934603535e-01 1.728697150269536964e-01 4.210814989951711662e-01 3.156120382486468090e-01 1.633517772909904020e-01 1.364680250212890467e-01 1.477113902467902806e-01 1.358487240986168132e-01 9.505624392402178824e-02 5.099140423348332840e-01 6.489650303397795361e-02 3.816570387001834153e-01 2.543456796168976908e-01 1.741444597194540533e-01 2.700202384116258680e-01 1.412590799241878747e-01 2.270048582195542397e-01
5.861528251516830990e-01 0.000000000000000000e+00 4.863613378794998665e-01 4.645318904492717338e-01 9.008213946129749461e-01 3.533367555261606729e-01 6.788414852538159350e-01 6.566935666686559703e-01 2.519505959355615721e-01 4.976561764372111618e-01 2.862873391104977516e-01 4.939908111557840820e-01 7.195527920549841250e-01 4.636206189190353877e-01 1.664905980782040995e-01 1.536276998965229457e-01 3.587937397732542388e-01 5.328335709093152683e-01 5.943101548698485059e-01 1.412386150243100380e-01 3.242896649944313481e-01 5.601803303717536320e-01 3.665128645485420389e-01 4.683503366903442044e-01 2.541621973369179721e-01 4.218861266497078710e-01 1.360093626457306304e-01 7.824534493472552477e-01 6.426598155410128133e-01 3.879918399859493827e-01 3.134022318432158616e-01 5.864304899346174382e-01 5.243939359677791678e-01 1.023886571862900469e-01 5.486727894311878018e-01 2.298274762185427422e-01 2.768609807287761293e-01 5.346593400062323864e-01 3.964946284076881211e-01 3.835395543084466063e-01 1.764343134960596471e-01 4.447453216543013621e-01 8.826075826574705796e-02 3.385343551553472996e-01 4.191388865397321362e-01 2.308505958510334022e-01 8.985003019712907435e-02 3.864790921215238706e-01 6.000821129100528672e-01 5.073513475010268392e-01 2.960887715484299965e-01 8.509300879693759700e-01 6.062264324393925596e-01 5.452398942259593095e-01 2.740722762901882104e-01 3.577412798350428913e-01 1.811898112293504615e-01 4.112193331736034851e-01 4.523020774235104180e-01 5.144880491766131714e-01 1.869108593768131765e-01 3.335245172115486323e-01 5.676174197819089384e-01 6.779111818185341587e-01 5.465142215049523244e-01 5.057722753823438167e-01 5.786297015910335517e-01 7.831237327751218447e-02 5.410128383416880071e-01 2.049358743924560855e-01 7.827273876265985475e-01 4.707019208361701290e-01 3.199333621831545460e-01 4.684529672885103802e-01 4.754934489130623332e-01
4.635878128633476591e-01 4.863613378794998665e-01 0.000000000000000000e+00 4.286595638618372894e-01 8.076480310476177316e-01 3.816534489648940598e-01 5.453150198719244335e-01 5.535614114651274953e-01 2.447453148112690990e-01 3.742805182520049789e-01 3.304436030939733593e-01 4.092201388565296916e-01 6.319150409476829156e-01 4.610457320122841041e-01 4.105165596833563191e-01 3.958224888608644632e-01 2.341145462045791381e-01 4.494834092941735748e-01 4.607836894879571710e-01 4.018711559396091482e-01 2.862122066739811177e-01 4.530148020364777595e-01 1.330462384474859205e-01 3.409332517898928105e-01 3.033547321950694209e-01 3.684732296647329486e-01 3.503519752337692084e-01 6.887114388135515686e-01 5.377659203385931619e-01 3.596421381915439475e-01 4.115591729655587172e-01 4.607981435825136418e-01 4.628914138575342396e-01 4.193262411671273004e-01 5.103476201774490573e-01 3.036917484251608346e-01 2.145084096348523761e-01 4.034614497742792794e-01 3.589987200606981621e-01 2.791776698834575465e-01 3.336621684507325991e-01 4.499592894864150039e-01 4.150914181128164127e-01 2.965947193702913598e-01 8.293904777055986777e-02 4.104628328454995034e-01 4.231794659089689326e-01 4.605298109172589194e-01 4.969499577065245588e-01 4.042188878026385379e-01 2.315098936653138262e-01 7.558755495469600127e-01 4.726999670575010026e-01 4.376587350675195665e-01 3.614151683759231903e-01 1.569396699731329670e-01 3.864056902071676403e-01 2.996665845571818143e-01 3.837022446733260872e-01 4.815301452269656335e-01 3.189632693596587965e-01 3.152466835731326245e-01 4.452745791981737589e-01 5.796779603778453582e-01 4.660655008258954290e-01 4.102627837980304393e-01 4.900853051872052224e-01 4.251588064266174638e-01 4.126070812872469351e-01 3.680922482037225496e-01 6.955161791917287006e-01 3.395040306042170219e-01 2.465655860879020778e-01 4.301277980347713581e-01 4.377527618447030755e-01
4.582987986474817421e-01 4.645318904492717338e-01 4.286595638618372894e-01 0.000000000000000000e+00 8.039947951197818909e-01 4.298784061898125453e-01 5.662293866283175658e-01 5.351777447330977600e-01 3.179171743394705874e-01 4.082621757875812274e-01 2.415639412252731377e-01 3.812448288889626613e-01 6.383390892746944045e-01 4.081026070482785539e-01 4.108738511090257450e-01 3.685293005106308195e-01 2.827497883277890200e-01 4.887141965620466766e-01 4.792808231265823782e-01 4.307297420812316591e-01 1.429352359696664243e-01 4.386645084361956992e-01 3.164242081893547942e-01 3.433438002565656899e-01 3.894921490333001501e-01 4.120868867092452037e-01 3.285225278035412422e-01 6.850582028857159500e-01 5.341126844107572103e-01 3.012992837264369950e-01 3.287233443628645446e-01 4.650257087214982876e-01 4.239375939601287002e-01 4.368171203776473610e-01 4.685868413402550225e-01 2.380927528484367839e-01 2.387458014111737414e-01 4.299859760910014206e-01 8.913076973928939217e-02 2.556855278042452495e-01 3.556673808483798993e-01 4.623154336131866660e-01 4.324857853716425060e-01 3.765675931870581805e-01 3.538386383975818394e-01 3.243721078127881352e-01 4.140048479632618683e-01 3.966933004259142748e-01 4.785662909744949345e-01 4.434496750705117507e-01 3.445021576262122798e-01 7.522223136191243942e-01 4.948577444156536109e-01 4.237240722904014878e-01 3.664412934015083279e-01 2.861920442819007593e-01 3.870557059294703617e-01 3.391281180949179963e-01 3.457692053095498541e-01 4.753742779472233115e-01 3.665518961449589219e-01 1.724880613401999496e-01 4.707735335839529633e-01 5.760247244500095176e-01 4.383243218914101846e-01 3.842564534467858284e-01 5.118644411606810829e-01 4.009961353515225091e-01 4.132877813355087526e-01 2.951402853942581839e-01 6.939023790456182450e-01 3.660285569209391632e-01 1.904231163572802643e-01 3.883670191975774344e-01 4.770674060259528781e-01
3.644380956910612257e-01 9.008213946129749461e-01 8.076480310476177316e-01 8.039947951197818909e-01 0.000000000000000000e+00 5.829500430487385421e-01 6.163199955280709297e-01 6.090809469164576440e-01 7.175459816053016970e-01 5.257579012805394525e-01 6.262283848753510407e-01 5.406051675364830222e-01 2.206691890752470186e-01 4.517789869374532752e-01 8.694624285897281091e-01 7.594068833333212920e-01 6.007244650391182494e-01 3.922208659482758208e-01 5.175467265547306628e-01 8.363920066196938174e-01 6.752144145948925091e-01 4.952518087841528138e-01 7.075580397375725861e-01 4.667147792577246990e-01 6.675106147068401441e-01 5.048088609889220812e-01 7.851562713565195528e-01 1.189365922340657883e-01 3.144660351955778643e-01 5.211382344079057427e-01 5.977034875947480064e-01 4.213263390333095715e-01 4.284623884074487132e-01 8.644910704993491457e-01 3.536261118250766389e-01 7.143540718167294967e-01 6.637099834313459068e-01 5.124487684405559795e-01 7.291739192937710667e-01 5.483092673155363084e-01 7.968979461214648063e-01 4.865476871835885952e-01 8.390660277210236773e-01 5.831384568884105946e-01 7.276464294745277339e-01 6.802551235869306323e-01 8.622156555775152276e-01 5.378342571089641533e-01 5.524694931578546520e-01 4.474346225312599290e-01 6.692948466783442685e-01 8.340295638062641959e-02 5.449483533154068082e-01 4.376292400595462317e-01 6.544469290589817190e-01 6.539805438410386529e-01 8.430108519473680229e-01 5.397466479014721985e-01 4.881043305582354885e-01 4.141081428853842783e-01 7.384406958405761445e-01 6.618746022755410685e-01 4.945039516726845163e-01 2.279700706697722068e-01 5.050947339605947883e-01 4.912214241095120282e-01 3.563227059482836356e-01 8.241425238551688404e-01 4.049023925823321268e-01 6.998013333927939339e-01 1.684320280573161632e-01 5.182046779037238204e-01 6.157162348839260169e-01 4.323684273244647325e-01 4.602548323408950925e-01
3.457826052019581931e-01 3.533367555261606729e-01 3.816534489648940598e-01 4.298784061898125453e-01 5.829500430487385421e-01 0.000000000000000000e+00 4.169941140673155133e-01 4.509182069720524266e-01 2.473733989814626277e-01 2.307831236145010123e-01 2.103456780984778729e-01 3.074583272669824119e-01 3.845350985064977523e-01 1.779289949524273662e-01 3.518588069116355133e-01 2.062224017140157073e-01 1.788765344538719715e-01 2.047201470851514604e-01 3.324627836833482508e-01 2.926777039100328937e-01 3.206070587114198123e-01 3.503715975434026908e-01 2.710556892845135124e-01 2.339895304252634922e-01 1.204338319159642262e-01 1.149393629319998694e-01 3.059657677916773344e-01 4.645820977830188436e-01 3.115592280003020575e-01 1.761645937937996453e-01 1.072784652202631306e-01 2.844168074274540103e-01 2.823349403797498214e-01 3.210077232840946038e-01 2.603208575241047762e-01 2.820842286183279923e-01 2.717465184263195832e-01 2.728119688197321313e-01 3.451268151925303562e-01 2.134683658017388908e-01 2.667470801197263097e-01 1.060010537608089276e-01 2.723623351294839900e-01 8.505872959460286653e-02 3.007747761483189897e-01 1.577499273022821558e-01 3.591320676805540013e-01 9.042618981683370194e-02 3.943067532134494346e-01 2.054267593781907431e-01 1.901639909017776575e-01 5.322105493223618922e-01 3.443790612528921380e-01 3.345695685999012792e-01 8.329146634344797295e-02 2.291189494422395112e-01 3.399960245945537474e-01 1.440482192021537156e-01 2.488367844099886872e-01 1.731664494228298823e-01 1.949573486253212973e-01 2.700214580729257130e-01 2.836571383099150689e-01 3.600398302542978657e-01 3.521095784063403844e-01 3.129517641568572706e-01 2.642366597985257859e-01 2.973091465616233275e-01 2.982545671302878065e-01 2.199627480405099145e-01 4.481362367505435929e-01 2.088545496496699849e-01 2.670248349463470450e-01 2.173955235762715654e-01 1.264002861543765954e-01
2.783876616852161145e-01 6.788414852538159350e-01 5.453150198719244335e-01 5.662293866283175658e-01 6.163199955280709297e-01 4.169941140673155133e-01 0.000000000000000000e+00 4.309636407900495625e-01 4.577685740504457423e-01 2.295738544321972718e-01 4.178786826771748175e-01 3.409684199429582896e-01 4.274063661103327805e-01 4.167991006247337982e-01 6.157069345956869277e-01 5.563497576158581426e-01 3.324397909322224787e-01 3.121652366133025880e-01 1.385876371583978361e-01 5.898819366561200983e-01 4.372644808585132159e-01 3.245792779560635610e-01 4.452250285618792880e-01 2.229839182465582215e-01 4.367982185721645538e-01 3.243565622145653804e-01 5.504822121078624120e-01 4.973834032940049887e-01 3.265250385972806590e-01 3.428870004917700665e-01 4.487998457538658892e-01 2.086301737831179060e-01 3.576815947957539543e-01 6.179810005357757596e-01 3.615772525130879766e-01 4.713165849933514395e-01 4.096354312930877151e-01 1.542397972052050870e-01 4.914085108023068527e-01 3.105438588240723718e-01 5.396319715893099778e-01 4.049929082689024962e-01 5.969962870323264337e-01 3.611611555706512600e-01 4.653134182988346024e-01 4.961556979888318009e-01 6.244176822462107479e-01 4.538986150607581260e-01 3.743521870314466260e-01 2.477395756274303751e-01 4.026277276153806262e-01 5.645475140274134329e-01 7.515188454666257845e-02 3.050035866561176534e-01 4.662318468872351795e-01 3.916475326653451883e-01 5.889899550293846708e-01 2.756438129431132977e-01 3.348118990905540326e-01 3.865052134471119172e-01 4.919306258770024809e-01 4.275109330862583157e-01 1.669838681993397189e-01 3.883499248582988339e-01 3.376299767454811751e-01 3.079491006882617565e-01 2.736338068681438140e-01 6.249075304859246227e-01 2.139857470935882244e-01 4.992301473952164281e-01 4.910075043543785656e-01 2.160928989841361392e-01 3.779508263924620248e-01 3.849853355112112241e-01 3.576920527699969932e-01
2.522964920697538527e-01 6.566935666686559703e-01 5.535614114651274953e-01 5.351777447330977600e-01 6.090809469164576440e-01 4.509182069720524266e-01 4.309636407900495625e-01 0.000000000000000000e+00 4.627230296090799611e-01 3.439209624504088736e-01 3.704062275581582742e-01 2.035771375560722074e-01 4.485673747770357878e-01 3.579530272515609735e-01 6.077588216293006163e-01 5.219080143139747108e-01 3.466643844173963318e-01 3.859161216891163204e-01 3.389368328030816224e-01 6.090329473368371049e-01 4.116819850448877327e-01 1.345154902762610294e-01 4.534714201550824608e-01 2.264163679950789709e-01 4.559492292528813384e-01 3.681486103738871307e-01 5.308085565778500881e-01 4.901443546823917030e-01 3.443409699130987600e-01 2.951846012722302848e-01 4.013273906348494569e-01 2.985187696117634348e-01 2.548226003967563602e-01 6.258944400320517465e-01 3.185736421479453684e-01 4.508216422667246648e-01 4.080791558526783991e-01 3.071352615803538133e-01 4.603568689070869913e-01 2.877311060365070339e-01 5.428937617723879061e-01 4.312051160506297220e-01 6.001046912943129863e-01 3.921399188684770998e-01 4.735598098920377752e-01 4.486832428698154795e-01 6.092376262931992192e-01 4.061962158412182888e-01 7.968413893246831248e-02 3.751927187786450735e-01 4.217787382960973552e-01 5.573084654158000362e-01 3.595919985773854965e-01 1.904671183443941429e-01 4.709286809952016317e-01 3.998939242585483611e-01 5.839406764497452329e-01 3.095679058478501000e-01 2.577038603107776882e-01 3.938583815880561390e-01 5.110816365577193210e-01 3.867435904974901306e-01 3.226742173821959270e-01 3.811108762466853261e-01 1.500923574303650587e-01 1.509212912863121536e-01 3.262275144792950998e-01 5.800146959108497535e-01 2.363492314964348029e-01 4.517576922761998293e-01 4.989885308422940535e-01 2.877228516004765035e-01 3.486556784619141425e-01 2.946119008536552952e-01 4.239096753733814227e-01
3.734857634210316246e-01 2.519505959355615721e-01 2.447453148112690990e-01 3.179171743394705874e-01 7.175459816053016970e-01 2.473733989814626277e-01 4.577685740504457423e-01 4.627230296090799611e-01 0.000000000000000000e+00 2.867340724305262323e-01 2.082599813691926038e-01 3.134154586414083510e-01 5.385230377154545112e-01 3.617987445528677015e-01 1.670303145944400658e-01 1.529247316745973584e-01 1.493567679359602551e-01 3.518038165697858766e-01 3.732372436664784798e-01 1.571258411283400214e-01 1.754698171516143879e-01 3.621764201804302807e-01 1.209181235016727612e-01 2.508312023475767760e-01 1.301459450839313192e-01 2.541542336520586920e-01 1.257127860308667466e-01 5.986093893712357561e-01 4.476638708962771274e-01 2.549954212310261981e-01 2.796455746229008499e-01 3.724374184671350174e-01 3.670867336424127880e-01 1.748792682372704854e-01 4.142293714068033261e-01 1.206378818113460760e-01 9.163727925532107188e-02 3.159150039528004217e-01 2.482563305383314600e-01 1.831890425174337034e-01 8.921519552087586735e-02 3.313723967057253250e-01 1.703461033015473691e-01 1.779804871398089627e-01 1.798399656317985207e-01 2.214893197946907200e-01 1.910912124227135134e-01 3.273673735191271472e-01 4.061115758504770246e-01 3.166724419811597357e-01 7.683311970356017373e-02 6.657735001046440892e-01 3.851535212360223670e-01 3.468203532114719212e-01 2.053982330758906127e-01 1.214440903122150500e-01 1.460179436584199686e-01 2.118386952387285860e-01 2.878975644582048021e-01 3.815891385606833830e-01 7.792630157557753345e-02 1.992502462505745253e-01 3.577281333766951232e-01 4.895759109355293792e-01 3.752271189698478948e-01 3.163096191729168338e-01 3.975999472515041044e-01 2.021714517686501456e-01 3.225050318449307896e-01 1.655933810239282322e-01 6.021241759595005183e-01 2.519575847827383308e-01 1.358231965655352924e-01 3.340095492641256825e-01 3.282494468884583627e-01
2.299225856663144330e-01 4.976561764372111618e-01 3.742805182520049789e-01 4.082621757875812274e-01 5.257579012805394525e-01 2.307831236145010123e-01 2.295738544321972718e-01 3.439209624504088736e-01 2.867340724305262323e-01 0.000000000000000000e+00 2.666987394110579279e-01 2.202712446422687154e-01 3.236378812917655168e-01 2.598675468060055449e-01 4.428718155729399197e-01 3.751644487992536470e-01 1.560291409958328712e-01 1.502165153388555774e-01 1.423546767990574169e-01 4.086966278395157692e-01 2.768009854858787255e-01 2.375365996164230942e-01 2.741905269419598890e-01 1.187461100378431472e-01 2.556129097555600582e-01 1.198957217966047095e-01 3.844263359051335316e-01 4.073899560148196430e-01 2.467449047777942606e-01 1.963486297966334226e-01 3.017108994347060813e-01 1.292125098549848083e-01 2.783445972152542858e-01 4.367956917191713195e-01 2.407089355994760926e-01 3.077844126628916377e-01 2.438313198882083033e-01 9.046098608543338970e-02 3.334412999615704032e-01 1.525766479833359224e-01 3.622500236891706415e-01 2.038752398263488363e-01 4.158109782157219936e-01 1.759354432454154071e-01 2.942789166789152588e-01 3.453917640728976224e-01 4.583618060434819785e-01 2.626968557204209520e-01 2.873095086918059926e-01 7.832327874927941247e-02 2.214424187987761028e-01 4.713133321076296012e-01 1.618255808541780028e-01 2.179609083164772698e-01 2.810061345619992990e-01 2.198599096587633139e-01 4.229340788266559015e-01 9.242309131912924969e-02 1.991554280310461889e-01 1.979064867420931018e-01 3.107453170603979298e-01 2.695437222455216442e-01 7.430087139889614278e-02 3.062605250906501597e-01 2.505872984058407638e-01 2.067720966733737897e-01 1.756007156289590421e-01 4.531346190074925229e-01 1.728948434653586608e-01 3.471176383971048551e-01 3.872390195358113574e-01 6.313983048463067682e-02 2.199836155517253533e-01 2.458162329252504830e-01 1.690933260649781500e-01
3.003055739821418046e-01 2.862873391104977516e-01 3.304436030939733593e-01 2.415639412252731377e-01 6.262283848753510407e-01 2.103456780984778729e-01 4.178786826771748175e-01 3.704062275581582742e-01 2.082599813691926038e-01 2.666987394110579279e-01 0.000000000000000000e+00 2.077034720452863303e-01 4.456200514197720119e-01 2.105354603550502191e-01 2.730506412594807530e-01 1.562089326959428259e-01 1.623643440626646173e-01 3.439267897955815001e-01 3.309301191754395188e-01 2.928955441815697114e-01 1.350071003808276382e-01 2.738929912612559914e-01 2.182082474214907808e-01 1.948947644306164018e-01 1.882363098411392599e-01 2.716072852928721471e-01 1.604023290196916474e-01 5.078604396096312312e-01 3.776521173733718428e-01 1.077693195726903141e-01 1.064683577591307717e-01 3.085651416841126982e-01 2.423669927482692832e-01 3.052161152571689073e-01 2.740797796935637298e-01 9.246627538686998105e-02 1.540204421809390489e-01 2.884225397144781766e-01 1.553691472357754955e-01 1.188447420362781087e-01 2.294574090042647285e-01 2.521013653245648967e-01 2.316889536270633487e-01 2.418867684337856483e-01 2.521908210116013405e-01 8.298416125178352531e-02 2.388313987350408618e-01 1.842095604743468895e-01 3.137947737995551711e-01 3.018862386939884512e-01 2.338163896195544489e-01 5.763370782317519536e-01 3.465070404645107516e-01 2.589525551154617244e-01 1.368160771172017010e-01 1.785249353781119819e-01 2.563834282591049840e-01 2.040212750736878911e-01 1.660147383130125831e-01 2.789650833596808988e-01 2.246132600723580175e-01 7.175387480166345311e-02 3.224228296328099375e-01 4.033181720809103088e-01 2.602268823944548504e-01 2.194849362718460373e-01 3.554038741232954934e-01 2.096084683526915626e-01 2.568272142981231632e-01 8.135146471804168000e-02 5.081343778889744200e-01 2.244651205444158637e-01 8.475420324781350601e-02 1.938599575508861417e-01 3.013096810960775307e-01
2.026644031630150944e-01 4.939908111557840820e-01 4.092201388565296916e-01 3.812448288889626613e-01 5.406051675364830222e-01 3.074583272669824119e-01 3.409684199429582896e-01 2.035771375560722074e-01 3.134154586414083510e-01 2.202712446422687154e-01 2.077034720452863303e-01 0.000000000000000000e+00 3.633538635586522902e-01 1.933786625901650624e-01 4.538259057851650180e-01 3.592052588011026559e-01 2.097648701487780376e-01 2.779449675188826463e-01 2.540198564412231574e-01 4.669357701659432314e-01 2.577490692007523565e-01 1.340472669005422779e-01 3.091301475464846016e-01 1.179845016963999849e-01 3.222714687063619188e-01 2.346338225146026857e-01 3.681058010649780887e-01 4.222372222707633238e-01 2.932971261705515365e-01 1.312937334731827110e-01 2.380585291028810002e-01 2.284774454175833025e-01 1.164864736006944179e-01 4.758447386259178069e-01 1.994791744461583693e-01 2.955712645489892432e-01 2.580294544465445150e-01 2.162634733150658184e-01 3.025677199148413821e-01 1.339156542186865639e-01 3.932283029968610677e-01 2.641271136464668490e-01 4.374019357814411535e-01 2.584621583219578467e-01 3.292185372834399160e-01 2.859804873569434247e-01 4.465348707803270534e-01 2.423053480421707984e-01 1.382655167144911934e-01 2.584907199870681849e-01 2.881009777495780466e-01 4.907138608928841572e-01 2.695967777302942792e-01 1.326347309940734687e-01 3.082259254823295769e-01 2.555526516499505019e-01 4.300077606056096902e-01 1.758901453013307636e-01 8.104571841740357274e-02 2.306569313607995386e-01 3.774038760111999014e-01 2.274623627952368499e-01 2.455125668985935483e-01 3.176949547420423459e-01 6.951384778935855435e-02 6.681567906439828120e-02 2.736531662926821595e-01 4.173119403979779207e-01 1.767395180315938230e-01 2.890549367633279965e-01 4.246254813035324482e-01 1.730448305963898370e-01 1.947227626177788218e-01 1.343096596036771895e-01 2.841528833311924296e-01
1.997400760110304430e-01 7.195527920549841250e-01 6.319150409476829156e-01 6.383390892746944045e-01 2.206691890752470186e-01 3.845350985064977523e-01 4.274063661103327805e-01 4.485673747770357878e-01 5.385230377154545112e-01 3.236378812917655168e-01 4.456200514197720119e-01 3.633538635586522902e-01 0.000000000000000000e+00 2.681347483685113664e-01 6.753997180164598158e-01 5.783713575047777500e-01 4.114593180009581408e-01 1.901008459595020239e-01 3.253419830584178829e-01 6.342719866309199928e-01 5.095587087498049117e-01 3.347382366447310686e-01 5.318250496376379921e-01 3.010590734126373791e-01 4.653905947180660974e-01 3.026888410001480900e-01 6.045479379009405241e-01 1.113093837416097714e-01 1.184978784284357045e-01 3.405299009523268805e-01 4.156176474958795941e-01 2.192063190445356913e-01 2.512110844296181478e-01 6.623710505105754320e-01 1.715402717262083931e-01 5.356107958712242878e-01 4.980542775862582539e-01 3.297795446728627455e-01 5.588400992167974479e-01 3.826535614704490440e-01 5.947779261326906486e-01 2.904993252415412619e-01 6.369460077322497416e-01 3.810184368996366588e-01 5.519134393745931400e-01 4.981692834880621645e-01 6.816073221219364209e-01 3.485910300604849188e-01 3.919559210184329068e-01 2.453146025424861043e-01 4.671748266895702217e-01 1.486302099207356120e-01 3.560347238976687145e-01 2.615442127069012024e-01 4.602050243153656406e-01 4.774944323544413338e-01 6.615380283051971455e-01 3.376266279126983183e-01 3.087387058269788764e-01 2.201701971858917029e-01 5.363206758518020978e-01 4.837347420971926937e-01 2.923839316839106917e-01 6.919876942495586936e-02 3.311598731615734703e-01 3.307078519700903940e-01 1.542026859595098109e-01 6.435341903995898116e-01 2.382331195285925518e-01 5.191929999372147941e-01 6.360113824404586835e-02 3.498300421534972782e-01 4.500605290388384194e-01 2.517600938688859813e-01 2.581348123521212123e-01
1.809566757206263476e-01 4.636206189190353877e-01 4.610457320122841041e-01 4.081026070482785539e-01 4.517789869374532752e-01 1.779289949524273662e-01 4.167991006247337982e-01 3.579530272515609735e-01 3.617987445528677015e-01 2.598675468060055449e-01 2.105354603550502191e-01 1.933786625901650624e-01 2.681347483685113664e-01 0.000000000000000000e+00 4.805240290901420241e-01 3.129720970847175709e-01 2.639792307347348932e-01 1.493107528727534994e-01 3.298505371229984995e-01 4.352604870432528750e-01 2.908735972027394201e-01 2.511636732034306374e-01 3.603057784027519084e-01 1.938151823781753824e-01 2.879250099949670072e-01 1.648694339774271489e-01 3.619283949001346756e-01 3.334110416717335212e-01 2.019206455478060880e-01 1.068033233218415312e-01 1.502183870758193873e-01 2.513725023670038139e-01 1.300791139732591084e-01 4.697340121969481586e-01 9.815287511237655305e-02 3.005262048065024394e-01 3.017986617496439261e-01 2.920941539968412437e-01 3.256379408237994322e-01 1.857412473744409209e-01 4.172012934350936009e-01 8.580731368675566240e-02 3.930862940649051396e-01 2.391992232526720386e-01 3.810441304391943840e-01 2.327700230680019300e-01 4.389877791211304059e-01 8.750280513559366424e-02 2.875945412374031895e-01 2.135789735200830652e-01 3.423153383355348467e-01 4.018876802938543547e-01 3.454274584120697322e-01 1.913507667035350690e-01 2.188908000218067751e-01 3.073782448057049699e-01 4.651062188749557347e-01 2.301045058872876470e-01 1.146632799177429163e-01 7.245064511098406324e-02 3.547963638706814193e-01 2.505325837041948445e-01 2.920247544454517841e-01 2.288687741430125711e-01 2.078606698211959702e-01 2.146129260506088599e-01 1.863688692819779336e-01 3.916147395031422396e-01 2.412739023963022533e-01 2.731663103284295846e-01 3.317358866125572070e-01 2.333471007426643207e-01 2.340720574288520650e-01 6.513969716978085245e-02 9.077422074102738103e-02
5.242389398435872705e-01 1.664905980782040995e-01 4.105165596833563191e-01 4.108738511090257450e-01 8.694624285897281091e-01 3.518588069116355133e-01 6.157069345956869277e-01 6.077588216293006163e-01 1.670303145944400658e-01 4.428718155729399197e-01 2.730506412594807530e-01 4.538259057851650180e-01 6.753997180164598158e-01 4.805240290901420241e-01 0.000000000000000000e+00 2.054438414156840587e-01 3.019687045003646153e-01 4.886804968707912922e-01 5.311756042117197207e-01 1.618620457861119910e-01 2.684264939211694623e-01 5.089275584709026523e-01 2.876394914161729544e-01 4.037860308906061069e-01 2.366984789664346167e-01 3.826254887714505837e-01 1.185956341900072097e-01 7.505258363556621681e-01 5.985067415024887261e-01 3.808199608321709562e-01 3.436441942410247141e-01 5.256417178491794573e-01 5.011005829667589673e-01 1.013458433167569311e-01 5.471304209530444274e-01 1.883781235101695817e-01 2.070402975560002856e-01 4.738985625686474856e-01 3.481247077944308876e-01 3.216256690003507224e-01 8.511172679190918966e-02 4.530920352168363308e-01 1.774207948345910280e-01 3.018275296406474073e-01 3.446801190679330551e-01 2.696091756083284774e-01 8.319081094231550733e-02 4.221644878749554741e-01 5.511473678706972912e-01 4.631982734625027520e-01 2.316331445674781608e-01 8.176899470890703903e-01 5.430918817812637744e-01 4.939871223251083854e-01 2.996333394283252627e-01 2.862842437483495983e-01 7.415010145033479327e-02 3.564349723093320210e-01 4.222531571051474364e-01 5.164744871213636790e-01 1.569014582863142160e-01 2.900813596649930992e-01 5.128330589176373078e-01 6.414923579199557357e-01 5.148082736870075449e-01 4.568375303429882406e-01 5.344766275525094645e-01 1.398810663541620314e-01 4.757093312269752294e-01 2.101174076607528751e-01 7.390008562605059339e-01 4.099411433985852282e-01 2.613311069907182649e-01 4.669105988103667837e-01 4.555494593165364536e-01
4.518073607379582413e-01 1.536276998965229457e-01 3.958224888608644632e-01 3.685293005106308195e-01 7.594068833333212920e-01 2.062224017140157073e-01 5.563497576158581426e-01 5.219080143139747108e-01 1.529247316745973584e-01 3.751644487992536470e-01 1.562089326959428259e-01 3.592052588011026559e-01 5.783713575047777500e-01 3.129720970847175709e-01 2.054438414156840587e-01 0.000000000000000000e+00 2.363020121352967240e-01 3.982229126160909405e-01 4.718184272318908801e-01 1.383913082319341292e-01 2.297777675627833971e-01 4.253947780170724280e-01 2.652991610166158254e-01 3.463965511864328106e-01 1.195515390436935887e-01 2.872754683564835987e-01 1.121921428324419434e-01 6.410389380676013715e-01 5.080491572477885409e-01 2.465773287062954511e-01 1.627537100088981836e-01 4.518198316413931104e-01 3.829794246881251807e-01 1.638612783674553985e-01 4.068310857785694123e-01 1.304365476621940356e-01 1.959456525995887377e-01 4.121676123682748161e-01 2.968410327153222505e-01 2.707625381422769650e-01 1.203321146237748274e-01 2.932553272603829475e-01 8.603370193175728653e-02 2.039236968621230273e-01 3.322435301537459695e-01 8.152986192171805813e-02 1.558577998860120883e-01 2.346023903556545553e-01 4.652965605553716077e-01 3.727406892078025114e-01 1.841390076631246597e-01 7.095155766897220939e-01 4.837347048014347672e-01 4.104543418712781611e-01 1.229309353705677066e-01 2.743688219868123945e-01 1.935810590986022650e-01 2.887276055356459148e-01 3.175165250688288809e-01 3.621621397669882447e-01 7.743802716851214130e-02 2.129134813728413289e-01 4.451256921439511460e-01 5.364966705388805046e-01 4.117286691502712315e-01 3.709867230276625016e-01 4.440190432978092239e-01 9.403487876708141457e-02 4.083290010539395998e-01 8.052300406624042506e-02 6.409183534692576290e-01 3.482101931982126142e-01 2.291449322922902154e-01 3.270384560088563375e-01 3.251701187133336779e-01
2.566642468548483436e-01 3.587937397732542388e-01 2.341145462045791381e-01 2.827497883277890200e-01 6.007244650391182494e-01 1.788765344538719715e-01 3.324397909322224787e-01 3.466643844173963318e-01 1.493567679359602551e-01 1.560291409958328712e-01 1.623643440626646173e-01 2.097648701487780376e-01 4.114593180009581408e-01 2.639792307347348932e-01 3.019687045003646153e-01 2.363020121352967240e-01 0.000000000000000000e+00 2.280622730155913991e-01 2.479084605482552717e-01 2.698341911755587352e-01 1.475799727264306138e-01 2.461177749887466515e-01 1.258792464491448326e-01 1.340096857813933839e-01 1.167504730916031352e-01 1.467975364730209620e-01 2.470490314105675822e-01 4.817878728050523085e-01 3.308423543300937908e-01 1.696376888753703682e-01 2.398048571264097817e-01 2.479229146428117148e-01 2.658249125799850288e-01 2.979332550552142855e-01 3.132811188998998464e-01 1.782512894081576260e-01 1.064540153936423122e-01 1.882576456846391244e-01 2.079289125017781403e-01 8.539319862866696920e-02 2.213469126165953649e-01 2.307770545027651166e-01 2.769485415517651261e-01 9.381780485926910496e-02 1.532358733880039292e-01 2.244989504434874994e-01 3.209845015489160014e-01 2.577528964062369421e-01 2.900529306587934508e-01 1.837631648559137632e-01 7.844072364266413411e-02 5.489519835384606417e-01 2.598247381177990478e-01 2.307617080197883752e-01 1.664350471946600130e-01 8.158004668192442299e-02 2.855567743320898688e-01 7.803068807914992355e-02 1.866357433957769874e-01 2.600502905062677117e-01 1.718828803964410068e-01 1.564175174869232299e-01 2.270232019420016789e-01 3.727543943693459316e-01 2.591684737781643211e-01 2.083913338236486334e-01 2.696295822404805032e-01 3.142721823435355999e-01 2.056835152787475363e-01 2.426517891867193133e-01 4.750604562450040369e-01 1.243002265145768809e-01 9.232667197050868635e-02 2.330612967572222305e-01 2.134285005886018549e-01
1.547448511338429811e-01 5.328335709093152683e-01 4.494834092941735748e-01 4.887141965620466766e-01 3.922208659482758208e-01 2.047201470851514604e-01 3.121652366133025880e-01 3.859161216891163204e-01 3.518038165697858766e-01 1.502165153388555774e-01 3.439267897955815001e-01 2.779449675188826463e-01 1.901008459595020239e-01 1.493107528727534994e-01 4.886804968707912922e-01 3.982229126160909405e-01 2.280622730155913991e-01 0.000000000000000000e+00 2.039627418754507704e-01 4.475527654852512471e-01 3.537751272305514338e-01 2.720869835568116013e-01 3.461282671941240396e-01 2.089233011426810394e-01 2.786713735723973517e-01 1.159696198544793305e-01 4.596292269473021275e-01 2.738529206825561779e-01 1.134096033316109864e-01 2.388366393281363131e-01 2.984689025475591451e-01 1.052705635990749955e-01 1.833745329990947304e-01 4.756518293649068529e-01 9.584994841516802921e-02 3.844464439122783905e-01 3.190342109303768714e-01 2.160668685972057801e-01 4.138933207360358524e-01 2.330286687578013993e-01 4.080587049870219585e-01 1.304049635729897239e-01 4.502267865865809959e-01 1.942992157539679410e-01 3.694818077210838547e-01 3.541747893194870378e-01 5.335646970856505744e-01 2.199486089136284406e-01 3.293046679305134394e-01 8.155007708181860604e-02 2.805688709795371993e-01 3.377762967753660250e-01 2.407935944006386053e-01 2.162888898658756054e-01 2.812722442432553094e-01 2.950628007009319376e-01 4.748188071595289550e-01 1.542235051568975612e-01 2.129212182511787954e-01 7.733213686056281122e-02 3.496014547061334632e-01 3.499957430199870934e-01 1.608087376413778191e-01 1.711565927025232581e-01 2.802733123922155345e-01 2.680565988821708712e-01 6.638279778980837875e-02 4.850384246655923270e-01 1.595742439372629939e-01 4.163876100577147965e-01 2.537019842035478923e-01 1.769956953638694985e-01 2.985218264746294925e-01 1.500668322446954139e-01 7.831986093077485112e-02
1.796143927118760419e-01 5.943101548698485059e-01 4.607836894879571710e-01 4.792808231265823782e-01 5.175467265547306628e-01 3.324627836833482508e-01 1.385876371583978361e-01 3.389368328030816224e-01 3.732372436664784798e-01 1.423546767990574169e-01 3.309301191754395188e-01 2.540198564412231574e-01 3.253419830584178829e-01 3.298505371229984995e-01 5.311756042117197207e-01 4.718184272318908801e-01 2.479084605482552717e-01 2.039627418754507704e-01 0.000000000000000000e+00 5.053506062721528913e-01 3.503159173567779172e-01 2.325524699690958985e-01 3.606936981779121365e-01 1.360353547448231726e-01 3.522668881881972358e-01 2.227709992353728852e-01 4.659508817238952050e-01 3.986101343206648884e-01 2.244606555453658725e-01 2.559384369900349343e-01 3.618512822521305905e-01 1.065657907312032859e-01 2.605067599065592487e-01 5.334496701518086637e-01 2.628039835397478208e-01 3.867852546093841770e-01 3.251041009091204526e-01 8.942466459574008319e-02 4.044599473005715540e-01 2.235952953223372952e-01 4.551006412053426042e-01 3.026046130607875084e-01 5.124649566483592267e-01 2.766298251866841085e-01 3.807820879148674509e-01 4.092071344870965022e-01 5.398863518622436519e-01 3.655721331591891832e-01 2.823253790444788525e-01 1.453512804193153596e-01 3.180963972314134192e-01 4.657742450540731660e-01 7.858161694151194476e-02 2.086091192074993605e-01 3.817005165032680281e-01 3.071162022813780368e-01 5.044586246454174638e-01 1.911124825591461462e-01 2.478633355888189005e-01 2.812948787360136649e-01 4.073992954930351629e-01 3.405623695845230170e-01 7.134580152964925537e-02 2.895766558849586225e-01 2.456031687585135681e-01 2.159222927012940940e-01 1.715694238162291385e-01 5.403762001019574157e-01 1.168109122043937687e-01 4.122815838934811294e-01 3.889431213024636680e-01 1.337495150168758196e-01 2.910022628907267261e-01 2.980367720094759254e-01 2.553037575618820609e-01
5.190328097742891167e-01 1.412386150243100380e-01 4.018711559396091482e-01 4.307297420812316591e-01 8.363920066196938174e-01 2.926777039100328937e-01 5.898819366561200983e-01 6.090329473368371049e-01 1.571258411283400214e-01 4.086966278395157692e-01 2.928955441815697114e-01 4.669357701659432314e-01 6.342719866309199928e-01 4.352604870432528750e-01 1.618620457861119910e-01 1.383913082319341292e-01 2.698341911755587352e-01 4.475527654852512471e-01 5.053506062721528913e-01 0.000000000000000000e+00 2.882823848933752098e-01 5.084863379081872026e-01 2.756487133213207374e-01 3.963782487008338795e-01 1.777483314592381569e-01 3.382137580193502746e-01 1.985983216830731479e-01 7.180240613539741190e-01 5.573790101169489031e-01 3.763202403100322502e-01 2.850420999674334599e-01 5.011496845105534170e-01 5.127223362918621463e-01 1.052852444090989076e-01 5.291194757371049384e-01 2.131748178634983171e-01 2.089063157193987719e-01 4.456997914085368828e-01 3.679805987666365796e-01 3.331351534049825647e-01 8.562497470826065105e-02 3.939109322152338222e-01 9.693263837919149917e-02 2.548619865249895922e-01 3.369658067601385976e-01 2.146376341935012089e-01 1.571771161876046874e-01 3.568907803141898039e-01 5.524214935782342240e-01 4.220705420769628180e-01 2.066634825904900830e-01 7.819474374467838551e-01 5.172668838416968340e-01 4.931302709392290096e-01 2.366843972373242067e-01 2.785699314405551408e-01 1.573728479584910189e-01 3.222597845759079260e-01 4.380023848084696469e-01 4.634247362442855955e-01 9.795131077911777007e-02 3.119758717553625660e-01 4.786578711842132128e-01 6.168946304298045247e-01 5.215370366976048722e-01 4.698299306974518808e-01 4.933488961669695305e-01 1.537714237169197640e-01 4.680520781981881706e-01 2.153130680619529114e-01 6.978731248749656668e-01 3.817423722384747364e-01 2.793252683816954129e-01 4.567813676125931366e-01 4.042289762734027070e-01
3.296473876206142961e-01 3.242896649944313481e-01 2.862122066739811177e-01 1.429352359696664243e-01 6.752144145948925091e-01 3.206070587114198123e-01 4.372644808585132159e-01 4.116819850448877327e-01 1.754698171516143879e-01 2.768009854858787255e-01 1.350071003808276382e-01 2.577490692007523565e-01 5.095587087498049117e-01 2.908735972027394201e-01 2.684264939211694623e-01 2.297777675627833971e-01 1.475799727264306138e-01 3.537751272305514338e-01 3.503159173567779172e-01 2.882823848933752098e-01 0.000000000000000000e+00 3.128507218864899908e-01 1.739768510014985670e-01 2.143788944867611457e-01 2.516707554632618971e-01 2.769170711078867142e-01 1.882803023487007732e-01 5.562778223608265682e-01 4.053323038858679395e-01 1.840702738808978334e-01 2.194519968844717284e-01 3.362453281966088503e-01 3.025096479618699097e-01 2.943697631897910783e-01 3.486616005371152571e-01 1.001603886544609884e-01 9.629844422331747256e-02 2.985247857892989187e-01 8.648682390117781726e-02 1.270341167773778035e-01 2.132200236605236165e-01 3.450864237676475876e-01 2.924766512003805774e-01 2.391849782012047121e-01 2.113912812097256400e-01 2.071213282450028170e-01 2.718746284948906355e-01 2.874219529475215973e-01 3.550705312862847407e-01 3.085106057390163969e-01 2.020548004383560248e-01 6.234419330942347903e-01 3.658928386458491500e-01 2.979102857406958349e-01 2.571699459231157059e-01 1.437446870940445875e-01 2.446083487416141344e-01 2.039583024935595901e-01 2.236622221002583510e-01 3.554490371440835461e-01 2.241045389571026392e-01 7.301953363859456370e-02 3.418086278141483358e-01 4.472443439251201358e-01 3.162173386821186538e-01 2.607606937585754681e-01 3.830840606357917011e-01 2.607539098966821234e-01 2.845074008106192598e-01 1.645608884330226618e-01 5.651219985207285301e-01 2.345673666192366613e-01 6.302883879403743672e-02 2.684417783944376135e-01 3.421283366944575799e-01
