0.000000000000000000e+00 2.407541938163647899e+01 1.624066427112483169e+01 1.596554260030477224e+01 1.442165117030202381e+01 8.853716617317752835e+00 2.182589781886219171e+01 8.360966375645947579e+00 1.875464090074186529e+01 8.225247780620529525e+00 9.807829856798825574e+00 1.778558757676098168e+01 1.239608640211201163e+01 1.479593158448644452e+01 1.086589013869625120e+01 5.226540507612920550e+00 5.094960479299583511e+00 1.848445215974294698e+01 1.340767859863931299e+01 1.014852416087452269e+01 2.003546091356711045e+01 1.939324815829583315e+01 2.058232129555419476e+01 1.185988428446179377e+01 1.787537519292173016e+01
2.407541938163647899e+01 0.000000000000000000e+00 1.627674478038076344e+01 1.583328938948848119e+01 1.399429143228597994e+01 2.066733917746452320e+01 8.561440031253818361e+00 2.141661108175314610e+01 8.041561575810421303e+00 1.690307874537658250e+01 1.479748722615097023e+01 6.867647716789368140e+00 1.204204456768493436e+01 1.199177422291064232e+01 1.655324546608288827e+01 1.923619971875293899e+01 1.959873222546310600e+01 6.405423304812321028e+00 1.867881144950196770e+01 1.721798251118337930e+01 4.874094793546710491e+00 1.204952939496751796e+01 4.154161637119133665e+00 1.996737874264965740e+01 1.190194626569100045e+01
1.624066427112483169e+01 1.627674478038076344e+01 0.000000000000000000e+00 2.103465731558688034e+01 1.150983745967258720e+01 9.004126640795774961e+00 8.536869436321264715e+00 2.046091993082348637e+01 1.883148115701104786e+01 1.385733814398083830e+01 6.963651055042795690e+00 9.682601049526084580e+00 1.523972292925821037e+01 5.181983595057513270e+00 1.858686850156752968e+01 1.539516155757050342e+01 1.132353929033679130e+01 1.464617685230956035e+01 4.725245844996174505e+00 1.139317294502183131e+01 1.143773940409296230e+01 4.318405068157371574e+00 1.759920719239043763e+01 2.177321261201097258e+01 2.082177539396846200e+01
1.596554260030477224e+01 1.583328938948848119e+01 2.103465731558688034e+01 0.000000000000000000e+00 1.137350513621267289e+01 1.968615785714759880e+01 2.081857208843238283e+01 8.318984981117777622e+00 8.073351014512528678e+00 1.011469305490011195e+01 1.595357759276306275e+01 1.520963328205595744e+01 5.864645941953568808e+00 1.632981999462035461e+01 5.354730737919249250e+00 1.106601517376671850e+01 1.492505835999186026e+01 1.024232216759494740e+01 2.188809128073460997e+01 1.243969027465953481e+01 1.762725433310863465e+01 2.084606559335446718e+01 1.208765505512150895e+01 4.227720183725865333e+00 4.040916893904409335e+00
1.442165117030202381e+01 1.399429143228597994e+01 1.150983745967258720e+01 1.137350513621267289e+01 0.000000000000000000e+00 1.414291448936993056e+01 1.187353482019115170e+01 1.581043900134151592e+01 9.522714865655688143e+00 7.988130441900646694e+00 7.255045707362266505e+00 7.359037834197200922e+00 5.939367367927459007e+00 6.466211419851470410e+00 1.070862124907383617e+01 1.201331118091440331e+01 1.095953980670601524e+01 8.610027021225574728e+00 1.314651732388530547e+01 4.607893690115473895e+00 9.859900298075670477e+00 1.054183303499589641e+01 1.105760140726320273e+01 1.464205765356219224e+01 9.616273049291311992e+00
8.853716617317752835e+00 2.066733917746452320e+01 9.004126640795774961e+00 1.968615785714759880e+01 1.414291448936993056e+01 0.000000000000000000e+00 1.460656943308755373e+01 1.511520526305233325e+01 2.208529059119953786e+01 1.050331183709220007e+01 6.891985284055048844e+00 1.405188813999908071e+01 1.567471253777752871e+01 8.731685854275605507e+00 1.434807558887965229e+01 9.836384720633661871e+00 4.947816049135787431e+00 1.901546394278254581e+01 4.831417052593557138e+00 1.093161633930283472e+01 1.584123857443061567e+01 1.216803834631901182e+01 2.197456090369365356e+01 1.720762096013209330e+01 2.131751434240331378e+01
2.182589781886219171e+01 8.561440031253818361e+00 8.536869436321264715e+00 2.081857208843238283e+01 1.187353482019115170e+01 1.460656943308755373e+01 0.000000000000000000e+00 2.604615347856083574e+01 1.402904245817485673e+01 1.899295693825070686e+01 1.222730383520466013e+01 7.747943471052840536e+00 1.702732726662883067e+01 7.115519984885947835e+00 2.153852816502680767e+01 2.098039510530786700e+01 1.690877283807414599e+01 1.090253790494061903e+01 1.122088546577107770e+01 1.485978605672364239e+01 4.499952248469212712e+00 4.221373290030914660e+00 1.121365673762613824e+01 2.495266144159356259e+01 1.689388906403000234e+01
8.360966375645947579e+00 2.141661108175314610e+01 2.046091993082348637e+01 8.318984981117777622e+00 1.581043900134151592e+01 1.511520526305233325e+01 2.604615347856083574e+01 0.000000000000000000e+00 1.367013114407484053e+01 9.059304422018145786e+00 1.402527463969590649e+01 2.079295497432062234e+01 1.029422504172331010e+01 1.901618724418510453e+01 5.115619875645431414e+00 5.426814221703951446e+00 1.032533624553658669e+01 1.582564385985961408e+01 1.786800982353554090e+01 1.375435591593233475e+01 2.321057602537330311e+01 2.361350381799448428e+01 1.767908607300405066e+01 4.211717267958990263e+00 1.029241231873126061e+01
1.875464090074186529e+01 8.041561575810421303e+00 1.883148115701104786e+01 8.073351014512528678e+00 9.522714865655688143e+00 2.208529059119953786e+01 1.402904245817485673e+01 1.367013114407484053e+01 0.000000000000000000e+00 1.211059487730817352e+01 1.592388512541492851e+01 9.260099417150076562e+00 6.490705376250333281e+00 1.452730301916207090e+01 8.815842062194571227e+00 1.355877726023419250e+01 1.734428217508526160e+01 4.905607818009822374e+00 2.121501928601595210e+01 1.283540596601543982e+01 1.001181443441922525e+01 1.560361743502143206e+01 4.225359321778488386e+00 1.220762012753458592e+01 4.077688396519093317e+00
8.225247780620529525e+00 1.690307874537658250e+01 1.385733814398083830e+01 1.011469305490011195e+01 7.988130441900646694e+00 1.050331183709220007e+01 1.899295693825070686e+01 9.059304422018145786e+00 1.211059487730817352e+01 0.000000000000000000e+00 7.022732491998434412e+00 1.472180610967042469e+01 5.758956731190899347e+00 1.233769875338927946e+01 5.228471598411946530e+00 5.106262965625306904e+00 5.843801682382785856e+00 1.131211152348305049e+01 1.225207109599554300e+01 4.742327179390994019e+00 1.700090810923565954e+01 1.693461873193179557e+01 1.366642178310132927e+01 8.452071413750021023e+00 1.163728534783113666e+01
9.807829856798825574e+00 1.479748722615097023e+01 6.963651055042795690e+00 1.595357759276306275e+01 7.255045707362266505e+00 6.891985284055048844e+00 1.222730383520466013e+01 1.402527463969590649e+01 1.592388512541492851e+01 7.022732491998434412e+00 0.000000000000000000e+00 8.162233628062194768e+00 1.015864320643439811e+01 5.400386009871663617e+00 1.169957168564108407e+01 8.959516266442951959e+00 4.931253128911685657e+00 1.312580943084566698e+01 6.429287422819316866e+00 4.559955526850090202e+00 1.023525500618960926e+01 1.002535165651442739e+01 1.610470895238011835e+01 1.533652913639204485e+01 1.574169696445824229e+01
1.778558757676098168e+01 6.867647716789368140e+00 9.682601049526084580e+00 1.520963328205595744e+01 7.359037834197200922e+00 1.405188813999908071e+01 7.747943471052840536e+00 2.079295497432062234e+01 9.260099417150076562e+00 1.472180610967042469e+01 8.162233628062194768e+00 0.000000000000000000e+00 1.141838846025241416e+01 5.376323185445217590e+00 1.592958935865036274e+01 1.693295457441216101e+01 1.296347862737432166e+01 4.978601757009384343e+00 1.206403945229910768e+01 1.058272891309460739e+01 4.722605956700346219e+00 7.641814028959776017e+00 8.141175295144090995e+00 1.934372263521713720e+01 1.152397995211544846e+01
1.239608640211201163e+01 1.204204456768493436e+01 1.523972292925821037e+01 5.864645941953568808e+00 5.939367367927459007e+00 1.567471253777752871e+01 1.702732726662883067e+01 1.029422504172331010e+01 6.490705376250333281e+00 5.758956731190899347e+00 1.015864320643439811e+01 1.141838846025241416e+01 0.000000000000000000e+00 1.056968015530770977e+01 5.274954496968070394e+00 7.194155151067998410e+00 1.093438140151725513e+01 6.451077345791402351e+00 1.616671737043063217e+01 6.609919626330057696e+00 1.383600951130508605e+01 1.516660013385022232e+01 8.405379381263660576e+00 8.934687530171032677e+00 6.066233363749026886e+00
1.479593158448644452e+01 1.199177422291064232e+01 5.181983595057513270e+00 1.632981999462035461e+01 6.466211419851470410e+00 8.731685854275605507e+00 7.115519984885947835e+00 1.901618724418510453e+01 1.452730301916207090e+01 1.233769875338927946e+01 5.400386009871663617e+00 5.376323185445217590e+00 1.056968015530770977e+01 0.000000000000000000e+00 1.528187578260295432e+01 1.395042887093212514e+01 9.882204653967397334e+00 1.033989898822869158e+01 6.999202609643241146e+00 8.204527871862220323e+00 7.165673619876752554e+00 4.790228385010506074e+00 1.329899594913979399e+01 1.921531218709130329e+01 1.607638950125759081e+01
1.086589013869625120e+01 1.655324546608288827e+01 1.858686850156752968e+01 5.354730737919249250e+00 1.070862124907383617e+01 1.434807558887965229e+01 2.153852816502680767e+01 5.115619875645431414e+00 8.815842062194571227e+00 5.228471598411946530e+00 1.169957168564108407e+01 1.592958935865036274e+01 5.274954496968070394e+00 1.528187578260295432e+01 0.000000000000000000e+00 5.762336165440141045e+00 9.575187045680140230e+00 1.096227824418935448e+01 1.655000901246665990e+01 9.016115639284034700e+00 1.834721040970304529e+01 1.987879576114546154e+01 1.282284434402431650e+01 4.063864779754791101e+00 7.020734279092581964e+00
5.226540507612920550e+00 1.923619971875293899e+01 1.539516155757050342e+01 1.106601517376671850e+01 1.201331118091440331e+01 9.836384720633661871e+00 2.098039510530786700e+01 5.426814221703951446e+00 1.355877726023419250e+01 5.106262965625306904e+00 8.959516266442951959e+00 1.693295457441216101e+01 7.194155151067998410e+00 1.395042887093212514e+01 5.762336165440141045e+00 0.000000000000000000e+00 4.910955048160371206e+00 1.364523249685939987e+01 1.274661995953802851e+01 9.268596000962267212e+00 1.918665138334747411e+01 1.854774544474151199e+01 1.559953453233165988e+01 7.516097298272538474e+00 1.278253465761037688e+01
5.094960479299583511e+00 1.959873222546310600e+01 1.132353929033679130e+01 1.492505835999186026e+01 1.095953980670601524e+01 4.947816049135787431e+00 1.690877283807414599e+01 1.032533624553658669e+01 1.734428217508526160e+01 5.843801682382785856e+00 4.931253128911685657e+00 1.296347862737432166e+01 1.093438140151725513e+01 9.882204653967397334e+00 9.575187045680140230e+00 4.910955048160371206e+00 0.000000000000000000e+00 1.682402030803492821e+01 8.332757435282490022e+00 6.437008144814904576e+00 1.516650813510130114e+01 1.447612317750779276e+01 1.909626842706556005e+01 1.232417745021749766e+01 1.657650592628901265e+01
1.848445215974294698e+01 6.405423304812321028e+00 1.464617685230956035e+01 1.024232216759494740e+01 8.610027021225574728e+00 1.901546394278254581e+01 1.090253790494061903e+01 1.582564385985961408e+01 4.905607818009822374e+00 1.131211152348305049e+01 1.312580943084566698e+01 4.978601757009384343e+00 6.451077345791402351e+00 1.033989898822869158e+01 1.096227824418935448e+01 1.364523249685939987e+01 1.682402030803492821e+01 0.000000000000000000e+00 1.702761525508257989e+01 1.200908443931250602e+01 7.711220149616869968e+00 1.228958366298057925e+01 5.300946066524327094e+00 1.437641152075612894e+01 6.560262135979085585e+00
1.340767859863931299e+01 1.867881144950196770e+01 4.725245844996174505e+00 2.188809128073460997e+01 1.314651732388530547e+01 4.831417052593557138e+00 1.122088546577107770e+01 1.786800982353554090e+01 2.121501928601595210e+01 1.225207109599554300e+01 6.429287422819316866e+00 1.206403945229910768e+01 1.616671737043063217e+01 6.999202609643241146e+00 1.655000901246665990e+01 1.274661995953802851e+01 8.332757435282490022e+00 1.702761525508257989e+01 0.000000000000000000e+00 1.098924294966940884e+01 1.383980607321416301e+01 8.063533158801643452e+00 1.998671221599367342e+01 1.943091198387191909e+01 2.174977112845447280e+01
1.014852416087452269e+01 1.721798251118337930e+01 1.139317294502183131e+01 1.243969027465953481e+01 4.607893690115473895e+00 1.093161633930283472e+01 1.485978605672364239e+01 1.375435591593233475e+01 1.283540596601543982e+01 4.742327179390994019e+00 4.559955526850090202e+00 1.058272891309460739e+01 6.609919626330057696e+00 8.204527871862220323e+00 9.016115639284034700e+00 9.268596000962267212e+00 6.437008144814904576e+00 1.200908443931250602e+01 1.098924294966940884e+01 0.000000000000000000e+00 1.286773722770859152e+01 1.280144785040472932e+01 1.438598201035772917e+01 1.302100190730237195e+01 1.243506130958608935e+01
2.003546091356711045e+01 4.874094793546710491e+00 1.143773940409296230e+01 1.762725433310863465e+01 9.859900298075670477e+00 1.584123857443061567e+01 4.499952248469212712e+00 2.321057602537330311e+01 1.001181443441922525e+01 1.700090810923565954e+01 1.023525500618960926e+01 4.722605956700346219e+00 1.383600951130508605e+01 7.165673619876752554e+00 1.834721040970304529e+01 1.918665138334747411e+01 1.516650813510130114e+01 7.711220149616869968e+00 1.383980607321416301e+01 1.286773722770859152e+01 0.000000000000000000e+00 7.210524018679711489e+00 7.072056772348753739e+00 2.176134368626981086e+01 1.370257130870625240e+01
1.939324815829583315e+01 1.204952939496751796e+01 4.318405068157371574e+00 2.084606559335446718e+01 1.054183303499589641e+01 1.216803834631901182e+01 4.221373290030914660e+00 2.361350381799448428e+01 1.560361743502143206e+01 1.693461873193179557e+01 1.002535165651442739e+01 7.641814028959776017e+00 1.516660013385022232e+01 4.790228385010506074e+00 1.987879576114546154e+01 1.854774544474151199e+01 1.447612317750779276e+01 1.228958366298057925e+01 8.063533158801643452e+00 1.280144785040472932e+01 7.210524018679711489e+00 0.000000000000000000e+00 1.384105523781487079e+01 2.381223216563382650e+01 1.828799995277381640e+01
2.058232129555419476e+01 4.154161637119133665e+00 1.759920719239043763e+01 1.208765505512150895e+01 1.105760140726320273e+01 2.197456090369365356e+01 1.121365673762613824e+01 1.767908607300405066e+01 4.225359321778488386e+00 1.366642178310132927e+01 1.610470895238011835e+01 8.141175295144090995e+00 8.405379381263660576e+00 1.329899594913979399e+01 1.282284434402431650e+01 1.559953453233165988e+01 1.909626842706556005e+01 5.300946066524327094e+00 1.998671221599367342e+01 1.438598201035772917e+01 7.072056772348753739e+00 1.384105523781487079e+01 0.000000000000000000e+00 1.622192416814356974e+01 8.106624019292176797e+00
1.185988428446179377e+01 1.996737874264965740e+01 2.177321261201097258e+01 4.227720183725865333e+00 1.464205765356219224e+01 1.720762096013209330e+01 2.495266144159356259e+01 4.211717267958990263e+00 1.220762012753458592e+01 8.452071413750021023e+00 1.533652913639204485e+01 1.934372263521713720e+01 8.934687530171032677e+00 1.921531218709130329e+01 4.063864779754791101e+00 7.516097298272538474e+00 1.232417745021749766e+01 1.437641152075612894e+01 1.943091198387191909e+01 1.302100190730237195e+01 2.176134368626981086e+01 2.381223216563382650e+01 1.622192416814356974e+01 0.000000000000000000e+00 8.175529621065706465e+00
1.787537519292173016e+01 1.190194626569100045e+01 2.082177539396846200e+01 4.040916893904409335e+00 9.616273049291311992e+00 2.131751434240331378e+01 1.689388906403000234e+01 1.029241231873126061e+01 4.077688396519093317e+00 1.163728534783113666e+01 1.574169696445824229e+01 1.152397995211544846e+01 6.066233363749026886e+00 1.607638950125759081e+01 7.020734279092581964e+00 1.278253465761037688e+01 1.657650592628901265e+01 6.560262135979085585e+00 2.174977112845447280e+01 1.243506130958608935e+01 1.370257130870625240e+01 1.828799995277381640e+01 8.106624019292176797e+00 8.175529621065706465e+00 0.000000000000000000e+00
