0.000000000000000000e+00 6.003423609674589656e-01 5.760222812137194559e-01 5.468027760294432715e-01 4.830324242654644995e-01 4.166901328720731823e-01 3.807503264942523336e-01 3.588937479927106766e-01 3.065445247709930321e-01 2.850302811191328112e-01 2.650968333875257654e-01 2.358067646314125909e-01 4.346075558386813253e-01 2.255643973265843150e-01 3.748227031828837430e-01 2.300631963809862679e-01 1.875044635099139545e-01 1.770258412255138747e-01 3.154622352818843845e-01 4.555867172676753007e-01 4.439697852512894949e-01 1.552138073082610092e-01 1.455691073240168443e-01 5.461069387992976143e-01 3.343756957882057512e-01 5.057380186609206074e-01 2.343100510802166303e-01 3.025251316887594411e-01 2.587915960410638871e-01 3.247858268446736640e-01 1.320073957309319534e-01 2.595438648157278316e-01 1.194914100752521025e-01 4.411318950658328908e-01 2.986055874323891857e-01 1.193160312042964855e-01 3.500477110387463231e-01 5.228288843428214872e-01 1.779965713818476292e-01 2.258864985813923143e-01 2.361521002022824445e-01 3.656613785736305133e-01 3.886392377560029532e-01 1.731902760162319921e-01 2.790293827978075347e-01 4.149923742734736853e-01 2.717400101562606474e-01 2.177083763318186371e-01 8.757650719879921108e-02 2.068482838237468147e-01
6.003423609674589656e-01 0.000000000000000000e+00 1.035982152217568952e+00 1.053241593645453555e+00 1.055299120539539892e+00 7.186157191425074364e-01 7.238565464586922404e-01 6.999961186654596323e-01 3.033264697963347079e-01 8.597898333051992026e-01 5.264031245668285841e-01 5.080095238881877640e-01 8.612911665792440941e-01 4.999146747696032178e-01 8.733930182325922997e-01 7.529381964035192221e-01 6.946980914840283905e-01 5.753927082803863557e-01 8.877289315559596661e-01 8.723336950706827020e-01 1.564645824707205646e-01 4.597751342662902418e-01 4.740789376848100756e-01 9.344863421354699939e-01 7.976275735474772643e-01 9.835581394950627665e-01 6.293227297835478629e-01 5.852588097237153564e-01 6.026637837135074838e-01 7.420126790007085527e-01 5.447159757996621332e-01 4.090305763512823711e-01 6.372050309650519884e-01 9.538335627133298633e-01 8.618507819792625702e-01 5.702722750702420296e-01 8.432258981411419052e-01 9.544540182281719964e-01 7.640125098404576542e-01 4.010231541161051183e-01 4.167002460192689717e-01 8.881298685636273005e-01 9.609059340300782903e-01 5.255779793861944382e-01 7.889492064163463603e-01 7.897663449256386858e-01 6.147236592536938771e-01 5.245150445887716284e-01 6.575279569092628007e-01 6.677508307208580574e-01
5.760222812137194559e-01 1.035982152217568952e+00 0.000000000000000000e+00 5.389797039959737246e-01 5.576269394037572935e-01 8.999838010957109669e-01 9.337388053622786011e-01 3.619033517424549151e-01 7.340137677039024755e-01 2.932481478315169809e-01 7.216265643558925635e-01 7.903588132937110489e-01 2.072155438089725854e-01 5.389143533683595777e-01 4.097706815828482951e-01 3.459590848327335766e-01 4.456046077095726643e-01 4.754556129465378755e-01 4.636882342221566589e-01 1.664953330672801213e-01 8.844053276608392355e-01 6.284851946197905770e-01 6.566682113419394229e-01 1.383913125521161192e-01 3.105412656351502210e-01 1.489302273806906995e-01 4.402441534203470619e-01 8.036008738481225100e-01 8.206929327982951383e-01 3.208093522127761776e-01 6.814298240972374021e-01 6.658545587501947249e-01 4.687071424816485199e-01 4.322111066161588577e-01 3.707107680864549781e-01 5.211655390863650927e-01 2.259745701749735491e-01 1.076007431856862151e-01 4.005542657627848002e-01 7.371371437057439024e-01 6.192819061982997031e-01 3.111260688000871411e-01 4.806589694670304613e-01 6.247473461222593505e-01 3.704993482005787264e-01 2.614333865052049788e-01 4.248451243718935899e-01 5.150537390368159496e-01 4.971500222566627158e-01 3.928703965154436983e-01
5.468027760294432715e-01 1.053241593645453555e+00 5.389797039959737246e-01 0.000000000000000000e+00 5.777316527936170454e-01 8.585077776596442556e-01 9.134264013347541677e-01 4.557580309069736435e-01 7.590605610206243581e-01 3.080513507220973834e-01 6.834303438447393297e-01 7.463275460528768779e-01 5.132336965944290785e-01 5.718579933938793269e-01 2.066873120982841983e-01 4.658272775179019276e-01 3.658923287089036469e-01 6.089505183200412120e-01 4.541749772507563954e-01 3.939249479049540259e-01 8.977654360228052299e-01 6.818148213829769988e-01 6.126369441011052519e-01 5.326180071435582253e-01 3.321994905379670460e-01 4.933047981345118904e-01 4.463598814477032217e-01 7.598143264864207769e-01 7.900714141967607462e-01 5.535898725252189623e-01 6.758798497121223381e-01 6.561375978077574889e-01 5.060788546806030963e-01 1.174641656498327663e-01 4.236700648211801923e-01 4.829693185752118589e-01 4.195556868819885210e-01 5.448381920576373938e-01 3.767592796987768167e-01 7.091030605106817264e-01 6.769525347323787079e-01 2.305664063356201998e-01 4.847966859742440793e-01 5.865511256111062277e-01 2.677733932316358478e-01 4.516469901987666402e-01 5.199895800499892973e-01 5.819457769269525960e-01 4.597086837346179289e-01 5.248696481870888109e-01
4.830324242654644995e-01 1.055299120539539892e+00 5.576269394037572935e-01 5.777316527936170454e-01 0.000000000000000000e+00 8.877074305720505931e-01 8.635695489832863059e-01 5.449566239640689647e-01 7.610407432336909750e-01 2.843071784977283523e-01 7.295524512183784172e-01 7.188391888968769239e-01 4.706699525077491786e-01 6.546940252686037631e-01 4.632650489585340425e-01 3.509079927158216816e-01 4.148193003509434984e-01 5.235989865153035661e-01 1.746045278292903125e-01 4.464455888454031962e-01 9.013985909768640337e-01 6.022696559115296999e-01 6.242202920529960064e-01 5.783934713336529310e-01 4.769599303746326902e-01 4.918286437713736414e-01 5.356208998590892278e-01 7.800641260592636739e-01 7.418240203065281646e-01 4.735208372223703166e-01 6.112605677182449959e-01 7.124133959972759333e-01 4.259454966552339572e-01 4.643801049728082941e-01 2.213376189094349578e-01 5.392451167647300814e-01 3.594005465969070112e-01 5.217341271680434600e-01 3.204819801111602473e-01 7.051889593674687262e-01 6.719971494218948127e-01 3.882695003526639987e-01 1.022375191457507437e-01 6.376458938470845883e-01 3.673693894175024677e-01 5.235362441048930782e-01 5.623189704981983450e-01 6.135822790568901119e-01 4.253159575306251772e-01 4.395181163823510540e-01
4.166901328720731823e-01 7.186157191425074364e-01 8.999838010957109669e-01 8.585077776596442556e-01 8.877074305720505931e-01 0.000000000000000000e+00 6.087522147903731140e-01 6.165027424176502402e-01 4.299882143450453609e-01 6.631401676852439753e-01 2.297389444334483055e-01 4.188543999856156330e-01 8.113218460164621781e-01 4.252069217138824686e-01 6.826269740632839866e-01 6.391994483602079224e-01 4.926154489507409973e-01 5.822664902646198515e-01 7.235157844658792747e-01 7.399751874222177950e-01 5.621899677254826866e-01 4.669742167644450048e-01 2.860305072453326880e-01 8.665127815500214270e-01 6.147233994990095596e-01 8.634651870898697457e-01 4.922866865323926588e-01 1.340565646313024162e-01 4.853972276523798590e-01 7.114049544502757394e-01 4.078109272144012087e-01 3.434975177716707573e-01 5.361815429473252292e-01 7.573342911624125762e-01 7.077418394116109512e-01 3.788182620093460407e-01 7.591839630179678666e-01 9.028522828433426239e-01 5.688760259726205470e-01 3.565410066885051354e-01 4.730875623493769333e-01 6.880648843998968811e-01 7.933142440625892133e-01 2.913030733547412598e-01 5.923616517875548437e-01 7.134237027787447838e-01 5.689121271311065042e-01 5.056699657892786970e-01 4.623914730414256380e-01 6.235384166958198859e-01
3.807503264942523336e-01 7.238565464586922404e-01 9.337388053622786011e-01 9.134264013347541677e-01 8.635695489832863059e-01 6.087522147903731140e-01 0.000000000000000000e+00 6.900512433789363076e-01 4.398364876329823314e-01 6.634967481837246162e-01 4.621206769858163810e-01 2.259857588092328284e-01 7.854044789137382132e-01 5.087219257985148291e-01 7.401087742908355471e-01 5.877797205295456351e-01 5.501297720431594929e-01 5.117222571236827999e-01 6.959993599997066349e-01 8.017029351439798335e-01 5.674839707425229918e-01 3.658111734833144335e-01 3.227217075450405925e-01 8.969038618743545577e-01 6.764511472207715981e-01 8.634545428094801967e-01 5.594273903975459650e-01 4.847582861732159243e-01 1.233549871379934215e-01 6.755827499197305519e-01 2.523089812650415320e-01 4.114986786311704559e-01 4.702883331503089348e-01 8.106256474779763854e-01 6.789907884644311720e-01 4.405460097311081902e-01 7.077642351873056903e-01 8.805454084913810764e-01 5.587468978760998795e-01 3.260465865340553826e-01 4.580448029715431524e-01 7.413562407154605793e-01 7.691763624738249261e-01 4.184484271981347980e-01 6.456530081031184309e-01 7.657892973485305177e-01 6.064364260544296004e-01 5.444459721284886644e-01 4.595948737585788813e-01 5.576452068988035915e-01
3.588937479927106766e-01 6.999961186654596323e-01 3.619033517424549151e-01 4.557580309069736435e-01 5.449566239640689647e-01 6.165027424176502402e-01 6.900512433789363076e-01 0.000000000000000000e+00 3.966696488691249245e-01 2.882354821551013080e-01 4.256743680981411315e-01 5.186985078551744621e-01 2.061730693006724180e-01 2.206635868623608443e-01 2.650407058527886606e-01 1.943053258304498210e-01 1.945485114159135054e-01 1.827890990096460166e-01 3.841631969340474351e-01 1.984952365183437761e-01 5.474496027716808655e-01 3.487525317185022899e-01 3.836886944339397143e-01 2.576040030080458676e-01 1.446611680612180095e-01 3.303917764849146899e-01 1.323252439436435612e-01 5.246108912747580177e-01 5.666962562409429971e-01 1.193559315951013139e-01 4.422023748682871180e-01 3.434308527820197354e-01 2.457030060228637680e-01 3.563499999748498959e-01 3.318496317384477812e-01 2.498977468505251820e-01 2.383374484752851241e-01 2.924230789167196476e-01 2.553904299270988720e-01 4.389560605226070500e-01 2.884569056413024413e-01 2.671602290786474487e-01 4.553399271876231724e-01 3.307062412671425977e-01 1.956263677957237601e-01 1.004699652372501445e-01 9.828383137584106866e-02 1.828495511155459885e-01 2.942641663002207864e-01 1.583461322743691113e-01
3.065445247709930321e-01 3.033264697963347079e-01 7.340137677039024755e-01 7.590605610206243581e-01 7.610407432336909750e-01 4.299882143450453609e-01 4.398364876329823314e-01 3.966696488691249245e-01 0.000000000000000000e+00 5.699175677484772384e-01 2.347627376483795714e-01 2.239894650624778272e-01 5.593227820655779503e-01 2.018037185597173488e-01 5.792119856077629914e-01 4.557257937683991122e-01 4.005170588591991376e-01 2.781803056452664125e-01 5.934705542501108599e-01 5.742227388607966665e-01 1.576233001180614157e-01 1.630321795675953311e-01 1.884093172436175079e-01 6.325179576218036281e-01 4.995166173375913399e-01 6.863457368599427122e-01 3.312117735736619384e-01 2.966313049262533363e-01 3.186437248877978523e-01 4.424308500796986787e-01 2.550930809994377824e-01 1.173901894328333029e-01 3.427328806296666142e-01 6.596525300885006660e-01 5.675924046734137640e-01 2.760912424454126657e-01 5.460134955060220729e-01 6.524856337145057417e-01 4.774527661193950778e-01 1.164728868912105059e-01 1.147318615056026614e-01 5.939488359387977701e-01 6.666475567242295952e-01 2.339375924677453145e-01 4.947681737915170519e-01 4.877979604119724311e-01 3.127552747400275113e-01 2.225466600751052348e-01 3.718583364680703163e-01 3.705384280857379475e-01
2.850302811191328112e-01 8.597898333051992026e-01 2.932481478315169809e-01 3.080513507220973834e-01 2.843071784977283523e-01 6.631401676852439753e-01 6.634967481837246162e-01 2.882354821551013080e-01 5.699175677484772384e-01 0.000000000000000000e+00 5.049851883315719103e-01 5.037250256188199327e-01 2.331422070740493679e-01 4.016937238284652989e-01 1.993561323423786169e-01 1.939763217022906494e-01 1.813179271596144226e-01 3.382821773633804541e-01 1.735421840165626561e-01 1.705564361485425173e-01 7.034172575890299539e-01 4.111464804263162409e-01 4.007360933127339653e-01 3.067789543721822221e-01 1.964557135706707092e-01 2.367299125107604207e-01 2.761956118822890827e-01 5.565799273190017438e-01 5.401417610457313057e-01 2.563085414937258943e-01 4.170376768500648201e-01 4.784028353143172096e-01 2.354105137239421996e-01 1.946998029012886045e-01 1.156187140990827672e-01 3.052345560817714687e-01 1.222743558504956196e-01 2.700993667279845134e-01 1.073061179312678193e-01 4.853339709191327178e-01 4.810627061921604053e-01 1.039623218549357159e-01 1.941175126551782093e-01 4.088163631176659485e-01 1.051878072588567081e-01 2.436122437147190400e-01 3.498253104845751582e-01 4.117815073615385679e-01 2.039018744251457627e-01 2.542013072304279420e-01
2.650968333875257654e-01 5.264031245668285841e-01 7.216265643558925635e-01 6.834303438447393297e-01 7.295524512183784172e-01 2.297389444334483055e-01 4.621206769858163810e-01 4.256743680981411315e-01 2.347627376483795714e-01 5.049851883315719103e-01 0.000000000000000000e+00 2.658646413590569080e-01 6.171759240050073148e-01 2.227841325842190856e-01 5.051430636284197639e-01 4.810444690065357465e-01 3.248868416833141093e-01 4.011284519821170513e-01 5.653608051122072098e-01 5.616179506823993917e-01 3.699773731498038898e-01 3.008964537764508562e-01 1.451422298649042153e-01 6.797293662300313288e-01 4.363661627591911008e-01 6.851079503500514534e-01 3.115469923228083027e-01 1.281073542104981811e-01 3.408498666379530251e-01 5.148057400806235195e-01 2.669226498339727915e-01 1.178398211737994028e-01 3.799357563527960280e-01 5.840223129126156376e-01 5.495868600579387753e-01 2.004610252695276373e-01 6.010289836642959127e-01 7.103387756539353282e-01 4.107210466189482045e-01 1.904632437005109591e-01 2.503605452360848638e-01 5.184321582791193705e-01 6.351592647089170374e-01 1.066647436113175307e-01 4.191379566156320235e-01 5.225953284592356196e-01 3.723129127614545064e-01 3.061521368183968139e-01 3.042364936877533510e-01 4.672926301012907402e-01
2.358067646314125909e-01 5.080095238881877640e-01 7.903588132937110489e-01 7.463275460528768779e-01 7.188391888968769239e-01 4.188543999856156330e-01 2.259857588092328284e-01 5.186985078551744621e-01 2.239894650624778272e-01 5.037250256188199327e-01 2.658646413590569080e-01 0.000000000000000000e+00 6.479535405714269558e-01 3.287681167592950149e-01 5.720480504014917589e-01 4.506100387678328989e-01 3.804352173439734530e-01 3.566684743944945057e-01 5.512689999132969199e-01 6.303501996202178770e-01 3.516369481720184598e-01 1.907050416856381492e-01 1.513689720212785528e-01 7.494784774011137296e-01 5.050984116970097526e-01 7.262848610477673494e-01 3.880746548737840085e-01 2.885022505464564513e-01 1.225336075442257089e-01 5.308420742090623756e-01 1.180351613466268240e-01 2.020847335768082009e-01 3.331186513885963096e-01 6.451540595556451985e-01 5.344123520638017766e-01 2.691932742073461782e-01 5.705945534255928431e-01 7.433757267296682292e-01 4.063077041248689958e-01 1.076353605048024492e-01 2.466256004270870883e-01 5.758846527931295034e-01 6.244460023874155441e-01 2.470956916743727305e-01 4.801814201807873550e-01 6.096116992080401475e-01 4.436777461542310008e-01 3.534691314893088077e-01 2.998231511936740867e-01 4.204755251370909663e-01
4.346075558386813253e-01 8.612911665792440941e-01 2.072155438089725854e-01 5.132336965944290785e-01 4.706699525077491786e-01 8.113218460164621781e-01 7.854044789137382132e-01 2.061730693006724180e-01 5.593227820655779503e-01 2.331422070740493679e-01 6.171759240050073148e-01 6.479535405714269558e-01 0.000000000000000000e+00 4.003225548833930780e-01 3.904259478863383870e-01 2.104289817424506159e-01 3.996977764654984222e-01 3.018039096099821572e-01 3.802173865852986889e-01 1.675087379322679204e-01 7.130284943928518748e-01 4.572484988857886123e-01 5.706200263894246616e-01 1.383133165851631596e-01 2.771268711735033752e-01 1.672206073920053937e-01 3.355167229531922368e-01 7.194299948735697336e-01 6.723586063497544174e-01 1.290633594278236540e-01 5.330954976486965702e-01 5.230898208030519969e-01 3.151161457634292784e-01 4.010827814567820560e-01 2.667417729138684690e-01 4.518619379407879388e-01 1.112694059108421812e-01 1.114154174699858446e-01 3.197124660310782795e-01 5.659004479717416602e-01 4.445909205599751779e-01 2.917813351035771774e-01 3.971881218301726024e-01 5.255253448659543691e-01 3.349788363496705723e-01 1.242071143386311027e-01 2.512305479561685040e-01 3.414391626210906971e-01 3.872369570612330669e-01 2.277592720149345662e-01
2.255643973265843150e-01 4.999146747696032178e-01 5.389143533683595777e-01 5.718579933938793269e-01 6.546940252686037631e-01 4.252069217138824686e-01 5.087219257985148291e-01 2.206635868623608443e-01 2.018037185597173488e-01 4.016937238284652989e-01 2.227841325842190856e-01 3.287681167592950149e-01 4.003225548833930780e-01 0.000000000000000000e+00 3.914408359281400518e-01 3.648401874877072459e-01 2.398747249176600704e-01 1.824542668934611978e-01 5.014160194946578608e-01 3.724190203010794842e-01 3.454909742924797134e-01 1.926584577425155542e-01 2.001598283783716514e-01 4.694751327155463061e-01 2.977128987778740465e-01 5.032977423032584108e-01 1.294080550139446173e-01 3.355847007845759733e-01 3.853669386605214076e-01 2.979523709590093383e-01 2.870512897937964603e-01 1.269402053818350917e-01 2.729501635828813222e-01 4.724499624617555793e-01 4.890068757123065546e-01 1.154489085038735707e-01 4.201989202724295547e-01 4.934854065323208694e-01 3.391529862773842718e-01 2.404446634076229106e-01 1.050945413384994503e-01 4.061776862591748305e-01 5.606552202965491283e-01 1.339038483591412643e-01 3.105293622590141744e-01 3.175198582846379680e-01 1.554595436398402419e-01 8.798737670297848701e-02 2.478772618137339567e-01 2.864314849413068798e-01
3.748227031828837430e-01 8.733930182325922997e-01 4.097706815828482951e-01 2.066873120982841983e-01 4.632650489585340425e-01 6.826269740632839866e-01 7.401087742908355471e-01 2.650407058527886606e-01 5.792119856077629914e-01 1.993561323423786169e-01 5.051430636284197639e-01 5.720480504014917589e-01 3.904259478863383870e-01 3.914408359281400518e-01 0.000000000000000000e+00 3.284449745474397053e-01 1.916699249010743178e-01 4.342865915149966005e-01 3.296816897642665389e-01 2.612975377467651739e-01 7.179168606099440852e-01 5.232812555227182028e-01 4.383574484497200774e-01 3.986044960655376612e-01 1.334563016600517349e-01 3.688923417894663381e-01 2.659427239819638911e-01 5.852901109559032200e-01 6.167537871528421256e-01 3.647595930777431938e-01 5.025622226682037175e-01 4.762890223948960666e-01 3.565263610669063277e-01 1.159175369590578208e-01 3.132491850652561194e-01 3.046820383588921821e-01 3.021976425659268495e-01 4.220304433495464802e-01 2.191614902588120972e-01 5.348235648592964964e-01 4.965353772666394883e-01 1.033981399540769980e-01 3.703300821391609654e-01 4.082638453947866619e-01 1.116258766902198246e-01 2.979191463783409377e-01 3.395724225842499111e-01 4.015286194612133208e-01 2.877286108880583448e-01 3.845854806504139245e-01
2.300631963809862679e-01 7.529381964035192221e-01 3.459590848327335766e-01 4.658272775179019276e-01 3.509079927158216816e-01 6.391994483602079224e-01 5.877797205295456351e-01 1.943053258304498210e-01 4.557257937683991122e-01 1.939763217022906494e-01 4.810444690065357465e-01 4.506100387678328989e-01 2.104289817424506159e-01 3.648401874877072459e-01 3.284449745474397053e-01 0.000000000000000000e+00 2.077584971398337421e-01 1.969283882832199017e-01 2.007442686212989047e-01 2.498739791283123568e-01 6.005727986858893086e-01 3.042448871097594432e-01 3.729952680052322500e-01 3.388946302723517268e-01 3.041051551768413908e-01 2.756748222799344505e-01 3.054323103656935157e-01 5.311139016466439600e-01 4.747338479655617283e-01 1.310329177142444679e-01 3.354707392645039921e-01 4.744164738792838176e-01 1.227480576489149988e-01 3.524757296970931209e-01 1.375443059079980435e-01 3.134449811915220319e-01 1.199845146577600552e-01 2.927656879618352193e-01 1.092834842886276497e-01 4.087349835581132185e-01 3.518349565470449969e-01 2.770052132048907434e-01 2.873475747401063596e-01 3.891379116352419731e-01 2.182432791997665211e-01 2.346749463482981912e-01 2.116676723645791180e-01 2.777063858486135128e-01 1.768079753187824787e-01 9.518049773328435270e-02
1.875044635099139545e-01 6.946980914840283905e-01 4.456046077095726643e-01 3.658923287089036469e-01 4.148193003509434984e-01 4.926154489507409973e-01 5.501297720431594929e-01 1.945485114159135054e-01 4.005170588591991376e-01 1.813179271596144226e-01 3.248868416833141093e-01 3.804352173439734530e-01 3.996977764654984222e-01 2.398747249176600704e-01 1.916699249010743178e-01 2.077584971398337421e-01 0.000000000000000000e+00 2.949037844300379518e-01 2.702694067626431051e-01 2.855959940360793814e-01 5.392219338613802870e-01 3.394195126791343942e-01 2.467446153922016883e-01 4.121335881638832910e-01 1.537891110233711722e-01 3.978422870752020835e-01 1.375002532472487660e-01 3.939219977775172965e-01 4.267747849051660713e-01 3.118700718873111399e-01 3.125832204205276077e-01 2.975940956463322129e-01 1.786813537026341325e-01 2.647188422116719120e-01 2.645283145371560285e-01 1.244258164137864997e-01 2.977526455151704443e-01 4.483887722778368556e-01 1.118560650949999846e-01 3.432107318017781350e-01 3.331847399401899890e-01 1.954494354491561614e-01 3.207804953788890856e-01 2.280076234496810073e-01 9.974620283681402688e-02 2.765547641200912787e-01 2.199906075908711345e-01 2.730861487264982235e-01 1.038668680444745224e-01 2.232521996695157884e-01
1.770258412255138747e-01 5.753927082803863557e-01 4.754556129465378755e-01 6.089505183200412120e-01 5.235989865153035661e-01 5.822664902646198515e-01 5.117222571236827999e-01 1.827890990096460166e-01 2.781803056452664125e-01 3.382821773633804541e-01 4.011284519821170513e-01 3.566684743944945057e-01 3.018039096099821572e-01 1.824542668934611978e-01 4.342865915149966005e-01 1.969283882832199017e-01 2.949037844300379518e-01 0.000000000000000000e+00 3.598455560800813968e-01 3.547131570083841279e-01 4.230273105627566088e-01 1.659634327088563011e-01 2.969378045993693593e-01 3.928100030066192794e-01 3.217576429736254684e-01 4.093280891252260578e-01 1.821674923515702038e-01 4.681014890813061657e-01 3.986763845596990041e-01 1.741735998145680087e-01 2.594132758586412679e-01 2.906019271048711494e-01 1.162224307274037916e-01 4.955989704992325717e-01 3.248866174821668507e-01 2.430741194170423780e-01 2.689958477713054741e-01 4.013109659669274465e-01 2.495048605245543671e-01 2.746153817948094322e-01 1.641904231421767169e-01 4.201284540070301943e-01 4.337115359212598276e-01 3.122481677570391745e-01 3.533751178458707232e-01 2.566878857272904546e-01 9.471416893074675880e-02 9.497631516372027904e-02 2.145172021211098901e-01 1.074210567561134783e-01
3.154622352818843845e-01 8.877289315559596661e-01 4.636882342221566589e-01 4.541749772507563954e-01 1.746045278292903125e-01 7.235157844658792747e-01 6.959993599997066349e-01 3.841631969340474351e-01 5.934705542501108599e-01 1.735421840165626561e-01 5.653608051122072098e-01 5.512689999132969199e-01 3.802173865852986889e-01 5.014160194946578608e-01 3.296816897642665389e-01 2.007442686212989047e-01 2.702694067626431051e-01 3.598455560800813968e-01 0.000000000000000000e+00 3.409965225391821675e-01 7.338284019932842517e-01 4.346994669279497514e-01 4.600286459468249101e-01 4.772190407628219555e-01 3.481835408840386892e-01 4.013760778489232628e-01 3.970646560776543987e-01 6.158724799530925775e-01 5.742538313229481606e-01 3.298357250660924334e-01 4.436903787346648809e-01 5.522750405893938064e-01 2.589635002255757379e-01 3.408234294299474776e-01 1.240097501599423668e-01 3.887854709980181900e-01 2.689479806744565771e-01 4.312815612455930259e-01 1.650813932245073778e-01 5.376187703838886112e-01 5.046156926937939158e-01 2.653529129377452112e-01 1.002718964636353377e-01 4.734542477409134364e-01 2.337860302232350751e-01 4.170537955916306938e-01 4.000168321918812775e-01 4.498288486216679982e-01 2.611243114244539143e-01 2.757646859471288847e-01
4.555867172676753007e-01 8.723336950706827020e-01 1.664953330672801213e-01 3.939249479049540259e-01 4.464455888454031962e-01 7.399751874222177950e-01 8.017029351439798335e-01 1.984952365183437761e-01 5.742227388607966665e-01 1.705564361485425173e-01 5.616179506823993917e-01 6.303501996202178770e-01 1.675087379322679204e-01 3.724190203010794842e-01 2.612975377467651739e-01 2.498739791283123568e-01 2.855959940360793814e-01 3.547131570083841279e-01 3.409965225391821675e-01 0.000000000000000000e+00 7.179099945935590865e-01 5.206765897172404012e-01 4.966595976684461400e-01 1.386930592386042549e-01 1.505326519616569381e-01 1.321223726202300497e-01 2.760235215399254316e-01 6.435922601746293381e-01 6.783479480059864120e-01 1.996070545429395882e-01 5.753229046478608444e-01 4.993592256829146314e-01 3.726220367772272724e-01 2.908772315488559190e-01 2.595294175281009919e-01 3.611569254128717543e-01 1.298894644705523294e-01 1.871897297913787395e-01 2.778625540798103088e-01 5.931257140780226145e-01 4.710913701874633874e-01 1.660713127090673591e-01 3.579672577840560255e-01 4.647387324487661231e-01 2.291654731332758155e-01 9.802527128109364551e-02 2.733433134469830383e-01 3.635519281119052870e-01 3.744583105736882800e-01 3.042809129666492751e-01
4.439697852512894949e-01 1.564645824707205646e-01 8.844053276608392355e-01 8.977654360228052299e-01 9.013985909768640337e-01 5.621899677254826866e-01 5.674839707425229918e-01 5.474496027716808655e-01 1.576233001180614157e-01 7.034172575890299539e-01 3.699773731498038898e-01 3.516369481720184598e-01 7.130284943928518748e-01 3.454909742924797134e-01 7.179168606099440852e-01 6.005727986858893086e-01 5.392219338613802870e-01 4.230273105627566088e-01 7.338284019932842517e-01 7.179099945935590865e-01 0.000000000000000000e+00 3.064725015863087321e-01 3.177063619686407159e-01 7.862236699490777747e-01 6.432038730703537599e-01 8.311927417774329641e-01 4.748990293064243584e-01 4.288330583066905510e-01 4.462912079973385127e-01 5.896472812830789723e-01 3.896274114810541755e-01 2.526048249342576768e-01 4.833045014023764629e-01 7.983574050906818709e-01 7.079502524165870447e-01 4.147961174475937041e-01 6.908605004235122138e-01 8.061913460417798882e-01 6.076399341242885166e-01 2.459345897974971884e-01 2.684375738328770300e-01 7.326537109409789750e-01 8.070054044674026539e-01 3.691522279691696329e-01 6.334730487936980348e-01 6.415036727392466886e-01 4.664609870673018244e-01 3.762523724023795757e-01 5.011553811930935520e-01 5.153854330032281439e-01
1.552138073082610092e-01 4.597751342662902418e-01 6.284851946197905770e-01 6.818148213829769988e-01 6.022696559115296999e-01 4.669742167644450048e-01 3.658111734833144335e-01 3.487525317185022899e-01 1.630321795675953311e-01 4.111464804263162409e-01 3.008964537764508562e-01 1.907050416856381492e-01 4.572484988857886123e-01 1.926584577425155542e-01 5.232812555227182028e-01 3.042448871097594432e-01 3.394195126791343942e-01 1.659634327088563011e-01 4.346994669279497514e-01 5.206765897172404012e-01 3.064725015863087321e-01 0.000000000000000000e+00 1.933113657576573108e-01 5.587734357154757747e-01 4.772428492669156253e-01 5.617959328867035973e-01 3.139380002987767759e-01 3.336173073456529803e-01 2.653860433510132899e-01 3.401370325234243652e-01 1.321252511432446375e-01 2.062135000652346173e-01 1.814968294608444721e-01 5.684632735621684141e-01 4.087299570829417417e-01 2.503894601666236674e-01 4.189149902435077011e-01 5.567555552427340126e-01 3.186816787972339693e-01 1.104332100759398694e-01 1.039001317201256464e-01 4.929927570699659811e-01 5.078764694020682091e-01 2.503412393274580539e-01 4.243263888976592790e-01 4.226513184361467279e-01 2.537435591347659836e-01 1.788304590748881484e-01 2.411787228207617761e-01 2.356147981043466566e-01
1.455691073240168443e-01 4.740789376848100756e-01 6.566682113419394229e-01 6.126369441011052519e-01 6.242202920529960064e-01 2.860305072453326880e-01 3.227217075450405925e-01 3.836886944339397143e-01 1.884093172436175079e-01 4.007360933127339653e-01 1.451422298649042153e-01 1.513689720212785528e-01 5.706200263894246616e-01 2.001598283783716514e-01 4.383574484497200774e-01 3.729952680052322500e-01 2.467446153922016883e-01 2.969378045993693593e-01 4.600286459468249101e-01 4.966595976684461400e-01 3.177063619686407159e-01 1.933113657576573108e-01 0.000000000000000000e+00 6.231971917962501051e-01 3.714078097452380156e-01 6.201495973360984237e-01 2.530648414525493162e-01 1.718655060620188635e-01 1.993667204070471710e-01 4.607982973954170558e-01 1.217804199690685762e-01 1.392306285290466628e-01 2.555038806259954942e-01 5.114634576038735725e-01 4.438124586917790992e-01 1.355026722555744967e-01 4.929797826629922497e-01 6.657609559670676358e-01 3.053888874535657938e-01 1.046965057690325412e-01 2.369066246872894854e-01 4.421940508413577664e-01 5.298271055435345156e-01 1.002638156167134781e-01 3.464908182290156735e-01 4.759210972562684661e-01 3.360980791473959228e-01 2.783532422401820972e-01 1.989043345223708570e-01 3.428607543744902064e-01
5.461069387992976143e-01 9.344863421354699939e-01 1.383913125521161192e-01 5.326180071435582253e-01 5.783934713336529310e-01 8.665127815500214270e-01 8.969038618743545577e-01 2.576040030080458676e-01 6.325179576218036281e-01 3.067789543721822221e-01 6.797293662300313288e-01 7.494784774011137296e-01 1.383133165851631596e-01 4.694751327155463061e-01 3.986044960655376612e-01 3.388946302723517268e-01 4.121335881638832910e-01 3.928100030066192794e-01 4.772190407628219555e-01 1.386930592386042549e-01 7.862236699490777747e-01 5.587734357154757747e-01 6.231971917962501051e-01 0.000000000000000000e+00 2.770702460894607366e-01 1.906480675189123619e-01 3.894879511258303451e-01 7.701298543024331922e-01 7.838579893103706508e-01 2.297496378772267978e-01 6.445948806093129146e-01 5.922423986352053360e-01 4.266155287240453453e-01 4.295702907874601739e-01 3.914773000163505046e-01 4.876945195406755529e-01 2.472669344447691597e-01 1.084337779793657364e-01 4.140850723034501524e-01 6.669951799871335352e-01 5.177860961162009668e-01 3.047643719476715862e-01 4.941897760076958690e-01 5.847612393990326840e-01 3.678585323718800426e-01 1.571340377707957092e-01 3.217544509806496977e-01 4.119630656455719464e-01 5.106808287973282345e-01 3.392586549755506331e-01
3.343756957882057512e-01 7.976275735474772643e-01 3.105412656351502210e-01 3.321994905379670460e-01 4.769599303746326902e-01 6.147233994990095596e-01 6.764511472207715981e-01 1.446611680612180095e-01 4.995166173375913399e-01 1.964557135706707092e-01 4.363661627591911008e-01 5.050984116970097526e-01 2.771268711735033752e-01 2.977128987778740465e-01 1.334563016600517349e-01 3.041051551768413908e-01 1.537891110233711722e-01 3.217576429736254684e-01 3.481835408840386892e-01 1.505326519616569381e-01 6.432038730703537599e-01 4.772428492669156253e-01 3.714078097452380156e-01 2.770702460894607366e-01 0.000000000000000000e+00 2.740226516293091108e-01 1.683048437639293737e-01 5.183404722514211027e-01 5.530961600827782876e-01 2.313032914176915145e-01 4.500711167246527755e-01 4.060534696035614788e-01 3.240984148527121800e-01 2.493738386191095557e-01 2.900437590573304303e-01 2.359051374896635189e-01 2.212806510030252416e-01 3.287057958213503439e-01 1.948216708882137826e-01 4.678739261548144346e-01 4.010067926475729960e-01 1.224990610174294114e-01 3.881430661252990300e-01 3.394869445255579987e-01 1.143975106608036696e-01 1.644628447182892028e-01 2.299650377452764349e-01 3.022783035778300875e-01 2.553006646738640861e-01 2.999640842693325204e-01
5.057380186609206074e-01 9.835581394950627665e-01 1.489302273806906995e-01 4.933047981345118904e-01 4.918286437713736414e-01 8.634651870898697457e-01 8.634545428094801967e-01 3.303917764849146899e-01 6.863457368599427122e-01 2.367299125107604207e-01 6.851079503500514534e-01 7.262848610477673494e-01 1.672206073920053937e-01 5.032977423032584108e-01 3.688923417894663381e-01 2.756748222799344505e-01 3.978422870752020835e-01 4.093280891252260578e-01 4.013760778489232628e-01 1.321223726202300497e-01 8.311927417774329641e-01 5.617959328867035973e-01 6.201495973360984237e-01 1.906480675189123619e-01 2.740226516293091108e-01 0.000000000000000000e+00 4.037255394145059517e-01 7.670822598422815108e-01 7.504086702454961788e-01 2.614528308723236827e-01 6.111455615444385536e-01 6.302379476850936690e-01 3.984228799288492828e-01 3.811538829968646458e-01 3.049124724540713816e-01 4.846469250805238715e-01 1.556903076221743398e-01 1.326087380316242348e-01 3.420161173566479418e-01 6.704478819726568117e-01 5.735185122674028024e-01 2.702477290067051285e-01 4.183468130937971763e-01 5.882287321164182403e-01 3.194421245812845700e-01 2.299218112476645592e-01 3.981292870935252415e-01 4.883379017584473791e-01 4.406317869359061556e-01 3.261811347823568297e-01
2.343100510802166303e-01 6.293227297835478629e-01 4.402441534203470619e-01 4.463598814477032217e-01 5.356208998590892278e-01 4.922866865323926588e-01 5.594273903975459650e-01 1.323252439436435612e-01 3.312117735736619384e-01 2.761956118822890827e-01 3.115469923228083027e-01 3.880746548737840085e-01 3.355167229531922368e-01 1.294080550139446173e-01 2.659427239819638911e-01 3.054323103656935157e-01 1.375002532472487660e-01 1.821674923515702038e-01 3.970646560776543987e-01 2.760235215399254316e-01 4.748990293064243584e-01 3.139380002987767759e-01 2.530648414525493162e-01 3.894879511258303451e-01 1.683048437639293737e-01 4.037255394145059517e-01 0.000000000000000000e+00 3.974420018214830930e-01 4.360724032595525435e-01 2.372959541111503423e-01 3.330473599014270314e-01 2.547691005852129598e-01 2.678060482570222001e-01 3.469518505155794186e-01 3.856050359658113602e-01 1.192890864224174924e-01 3.595425034245705032e-01 4.247483228603631811e-01 2.401920848862712232e-01 3.495309578621257351e-01 2.327019488836435945e-01 2.806795743129986698e-01 4.426859330397161507e-01 2.117747405571062669e-01 1.850312503128379860e-01 2.327952091808936919e-01 9.591277932015432328e-02 1.355858954792494298e-01 1.787307194075457850e-01 2.304905054474248594e-01
3.025251316887594411e-01 5.852588097237153564e-01 8.036008738481225100e-01 7.598143264864207769e-01 7.800641260592636739e-01 1.340565646313024162e-01 4.847582861732159243e-01 5.246108912747580177e-01 2.966313049262533363e-01 5.565799273190017438e-01 1.281073542104981811e-01 2.885022505464564513e-01 7.194299948735697336e-01 3.355847007845759733e-01 5.852901109559032200e-01 5.311139016466439600e-01 3.939219977775172965e-01 4.681014890813061657e-01 6.158724799530925775e-01 6.435922601746293381e-01 4.288330583066905510e-01 3.336173073456529803e-01 1.718655060620188635e-01 7.701298543024331922e-01 5.183404722514211027e-01 7.670822598422815108e-01 3.974420018214830930e-01 0.000000000000000000e+00 3.634874758253525684e-01 6.195131033073834059e-01 2.936459260310874675e-01 2.168106981218161367e-01 4.220165417640115435e-01 6.586408399891890975e-01 5.996562926980466557e-01 2.824353347617576948e-01 6.510984163044039041e-01 8.109604317004504015e-01 4.612327214598334613e-01 2.231840972697130554e-01 3.397601616285684245e-01 5.893714332266734024e-01 6.856709395498022941e-01 2.074304454963736555e-01 4.936682006143311430e-01 6.215318516358525613e-01 4.770202759882142263e-01 4.137781146463864190e-01 3.547481685286385522e-01 5.093734155125062557e-01
2.587915960410638871e-01 6.026637837135074838e-01 8.206929327982951383e-01 7.900714141967607462e-01 7.418240203065281646e-01 4.853972276523798590e-01 1.233549871379934215e-01 5.666962562409429971e-01 3.186437248877978523e-01 5.401417610457313057e-01 3.408498666379530251e-01 1.225336075442257089e-01 6.723586063497544174e-01 3.853669386605214076e-01 6.167537871528421256e-01 4.747338479655617283e-01 4.267747849051660713e-01 3.986763845596990041e-01 5.742538313229481606e-01 6.783479480059864120e-01 4.462912079973385127e-01 2.653860433510132899e-01 1.993667204070471710e-01 7.838579893103706508e-01 5.530961600827782876e-01 7.504086702454961788e-01 4.360724032595525435e-01 3.634874758253525684e-01 0.000000000000000000e+00 5.625368773557467561e-01 1.449970279263408379e-01 2.903059158859860323e-01 3.572424605863251390e-01 6.872706603399830749e-01 5.573971834734530173e-01 3.171910225931147687e-01 5.947183626233217835e-01 7.674995359273973916e-01 4.367881674229114330e-01 2.103422737887219451e-01 3.588286609778479908e-01 6.180012535774673799e-01 6.474308337970667848e-01 2.950934400601413765e-01 5.222980209651250094e-01 6.527434247845466109e-01 4.933905534904457491e-01 4.326549974447670976e-01 3.362398866205854042e-01 4.445993343348197957e-01
3.247858268446736640e-01 7.420126790007085527e-01 3.208093522127761776e-01 5.535898725252189623e-01 4.735208372223703166e-01 7.114049544502757394e-01 6.755827499197305519e-01 1.193559315951013139e-01 4.424308500796986787e-01 2.563085414937258943e-01 5.148057400806235195e-01 5.308420742090623756e-01 1.290633594278236540e-01 2.979523709590093383e-01 3.647595930777431938e-01 1.310329177142444679e-01 3.118700718873111399e-01 1.741735998145680087e-01 3.298357250660924334e-01 1.996070545429395882e-01 5.896472812830789723e-01 3.401370325234243652e-01 4.607982973954170558e-01 2.297496378772267978e-01 2.313032914176915145e-01 2.614528308723236827e-01 2.372959541111503423e-01 6.195131033073834059e-01 5.625368773557467561e-01 0.000000000000000000e+00 4.232737686546889644e-01 4.207196368786682572e-01 2.052944167694215616e-01 4.402383247044101000e-01 2.528917125333562388e-01 3.519450463746015556e-01 1.387442666926214097e-01 2.276406675319569417e-01 2.334859172918311576e-01 4.487889816093775242e-01 3.276989885740960173e-01 3.258771462910844408e-01 4.055462118451924614e-01 4.256084532997680414e-01 3.148867916544603185e-01 1.047965624279381114e-01 1.488603640317847920e-01 2.390689786967070130e-01 2.975575503149681666e-01 1.179375430209268494e-01
1.320073957309319534e-01 5.447159757996621332e-01 6.814298240972374021e-01 6.758798497121223381e-01 6.112605677182449959e-01 4.078109272144012087e-01 2.523089812650415320e-01 4.422023748682871180e-01 2.550930809994377824e-01 4.170376768500648201e-01 2.669226498339727915e-01 1.180351613466268240e-01 5.330954976486965702e-01 2.870512897937964603e-01 5.025622226682037175e-01 3.354707392645039921e-01 3.125832204205276077e-01 2.594132758586412679e-01 4.436903787346648809e-01 5.753229046478608444e-01 3.896274114810541755e-01 1.321252511432446375e-01 1.217804199690685762e-01 6.445948806093129146e-01 4.500711167246527755e-01 6.111455615444385536e-01 3.330473599014270314e-01 2.936459260310874675e-01 1.449970279263408379e-01 4.232737686546889644e-01 0.000000000000000000e+00 2.511372058578364430e-01 2.179793518852673750e-01 5.730790958553444447e-01 4.266818071993894734e-01 2.141659792349891456e-01 4.554552539222639918e-01 6.282364272263394334e-01 3.100039671127796104e-01 1.562507766615752192e-01 2.283009766123990925e-01 4.976687743045626333e-01 5.168673812087836161e-01 2.088413464070711933e-01 4.081064564804866568e-01 5.134803160834888747e-01 3.541274447893879018e-01 2.930923964546756078e-01 2.195839029297311229e-01 3.053362256337620595e-01
2.595438648157278316e-01 4.090305763512823711e-01 6.658545587501947249e-01 6.561375978077574889e-01 7.124133959972759333e-01 3.434975177716707573e-01 4.114986786311704559e-01 3.434308527820197354e-01 1.173901894328333029e-01 4.784028353143172096e-01 1.178398211737994028e-01 2.020847335768082009e-01 5.230898208030519969e-01 1.269402053818350917e-01 4.762890223948960666e-01 4.744164738792838176e-01 2.975940956463322129e-01 2.906019271048711494e-01 5.522750405893938064e-01 4.993592256829146314e-01 2.526048249342576768e-01 2.062135000652346173e-01 1.392306285290466628e-01 5.922423986352053360e-01 4.060534696035614788e-01 6.302379476850936690e-01 2.547691005852129598e-01 2.168106981218161367e-01 2.903059158859860323e-01 4.207196368786682572e-01 2.511372058578364430e-01 0.000000000000000000e+00 3.743827877809981497e-01 5.567295668756337967e-01 5.398658968070424446e-01 1.731682792325457410e-01 5.429661861920884736e-01 6.162526724519797883e-01 3.950629514685599086e-01 1.137612802251361105e-01 1.325207240622854610e-01 4.910258727259309008e-01 6.183745910252212985e-01 1.165474030349120255e-01 3.918452105786501827e-01 4.402871242042968314e-01 2.740518248888252906e-01 2.034027432111047695e-01 2.976084985605012556e-01 3.973250868342199649e-01
