0.000000000000000000e+00 2.126155924097010086e+01 1.469673320906214542e+01 1.432091933548791829e+01 1.327340587792169124e+01 8.032994108413403112e+00 7.867450874218176793e+00 1.876284848869300248e+01 7.425061089049677321e+00 1.639219510641426680e+01 8.412780854916450224e+00 1.588081895897430407e+01 1.343678630611125335e+01 1.673843306419615828e+01 8.855050280925212292e+00 1.221463839430677645e+01 5.085210883224036138e+00 4.408724211428197925e+00 1.718654299152710863e+01 1.017452041474895630e+01 1.076458475682235516e+01 1.921189911355154933e+01 1.064131751519421876e+01 4.397511055690568327e+00 1.812042429977673308e+01 1.564909146962389030e+01 1.190481812605817069e+01 1.004475488848722264e+01 1.119397615835679005e+01 6.519616265243062259e+00 7.637688561797803644e+00 1.897116691528552934e+01 1.636769145777089207e+01 1.289327032978786214e+01 4.398866831177789649e+00 1.393540820054285412e+01 3.366089034629818233e+00 1.480443165802207695e+01 1.613622009641007793e+01 1.040451801491157013e+01 7.652334304458745962e+00 1.104440556929839268e+01 1.869493601772674651e+01 1.297722057525239947e+01 7.565368996796822287e+00 1.700058215426089347e+01 1.388768481491036155e+01 2.487647165734664156e+00 2.728798964091958545e+00 7.797623079467536300e+00
2.126155924097010086e+01 0.000000000000000000e+00 1.476454026183689905e+01 1.441089713121773386e+01 1.105025285283786296e+01 1.759910847850177618e+01 1.887495762244681785e+01 7.661008937650561457e+00 1.410579562677966159e+01 7.228328422501875572e+00 1.288310831415644664e+01 5.495945373254435218e+00 1.037664418402162880e+01 5.373895240075236224e+00 1.465036787511616012e+01 9.584581888883032974e+00 1.757560325464394424e+01 1.725185980681321496e+01 1.153873826449945739e+01 1.485818514771972154e+01 1.415734481096517605e+01 3.888280832855510294e+00 1.764070877112027347e+01 1.898299812610989079e+01 3.682176033605247589e+00 1.080811435224615202e+01 1.588265181014402927e+01 1.233834289108508386e+01 1.191238236778553805e+01 1.595459983516611757e+01 1.539503935195688378e+01 3.177467627620868651e+00 5.297260700221751328e+00 8.500095421403228713e+00 1.708688484089657678e+01 1.228485486807481308e+01 1.984682892146261324e+01 6.908262507572374922e+00 8.739378983930667033e+00 1.207576791335830357e+01 1.694456133874027515e+01 1.165104975934677611e+01 2.575214336272347637e+00 1.038066664074570333e+01 1.545144003269597199e+01 4.516571826618174690e+00 8.855724625950644580e+00 1.960468132457640422e+01 1.883513685120810166e+01 1.409212560760531296e+01
1.469673320906214542e+01 1.476454026183689905e+01 0.000000000000000000e+00 2.087898642929692983e+01 1.152981547858450817e+01 7.855268682607414732e+00 1.920465368586089028e+01 7.695372265155980607e+00 1.332964680192234574e+01 1.922481573843863600e+01 7.474192529319961587e+00 9.861405231697935037e+00 5.795434733342061939e+00 1.464163678929088164e+01 1.163578736445015238e+01 1.508029911223672492e+01 1.485673947977722165e+01 1.033156942742683349e+01 4.645471202816142231e+00 1.699611856294581358e+01 4.028612261255066329e+00 1.104682995210106711e+01 1.986040689429216854e+01 1.111464145708816886e+01 1.728783533371543157e+01 1.988039630806831681e+01 3.615113166616003237e+00 9.209631111949791560e+00 1.706749323095794679e+01 1.008512045197324980e+01 7.152445619823638800e+00 1.295175318800915676e+01 9.590994766737923172e+00 8.383754053081934998e+00 1.184478171481840292e+01 2.960834754152933179e+00 1.652219396337035207e+01 1.738880223112927581e+01 6.202943918092194586e+00 1.366911743674119073e+01 1.653198176334229430e+01 6.092845961623178930e+00 1.229421868182871691e+01 1.394695493422980981e+01 1.450962034439268322e+01 1.587702642395213104e+01 1.736898945488748325e+01 1.269464649528443445e+01 1.440263766716827654e+01 1.227176871318093276e+01
1.432091933548791829e+01 1.441089713121773386e+01 2.087898642929692983e+01 0.000000000000000000e+00 1.104861321628281523e+01 1.761708831570756217e+01 7.678992424286604113e+00 1.937610559657221643e+01 7.791612765961049902e+00 7.231934039881740439e+00 1.374754775800793993e+01 1.554150954735564305e+01 1.547551196218388192e+01 1.051759506516249942e+01 1.020904515414524738e+01 6.277618299943140023e+00 9.326867734166867763e+00 1.291421200975584860e+01 1.949645026523148772e+01 4.216548382525838079e+00 1.697545167913976982e+01 1.735088922883650753e+01 3.879131462786412854e+00 1.635072550008448999e+01 1.081862726540000708e+01 3.615980232429889529e+00 1.943985564231918417e+01 1.233644606050801507e+01 4.190708696743732808e+00 1.110992092194116765e+01 1.426121787635593563e+01 1.296834162325909645e+01 1.644130739591343371e+01 1.362695422790837085e+01 1.028794418322107518e+01 1.792045898368779078e+01 1.195764018021272257e+01 8.099487257675530572e+00 1.751928989984313390e+01 8.169285116129502811e+00 6.709377063630896920e+00 1.492925149302951127e+01 1.508650114109867424e+01 9.091876466184942274e+00 6.868846869997342175e+00 1.007870013715444912e+01 5.686904443219455096e+00 1.441431982581298854e+01 1.168484896728018718e+01 8.865439890319457561e+00
1.327340587792169124e+01 1.105025285283786296e+01 1.152981547858450817e+01 1.104861321628281523e+01 0.000000000000000000e+00 1.231645857176831171e+01 1.459866480947164114e+01 8.880123435002408527e+00 7.602755896833809146e+00 8.609857525459670313e+00 6.324678246357634315e+00 5.669512570842059063e+00 5.836731670628538815e+00 8.174767888364018020e+00 4.808749433064137158e+00 4.873492177470249764e+00 1.209247230206744739e+01 9.870732546486163272e+00 9.411618476232108677e+00 1.053286098672202975e+01 9.497033735788964037e+00 9.329174059860946500e+00 1.400932078732839692e+01 1.279320556723324920e+01 9.556759123944596368e+00 9.156022708884147931e+00 1.217569301184641972e+01 3.669729850129367588e+00 7.601630366065478484e+00 6.779811916378064574e+00 9.394895483431126237e+00 8.759860527153277232e+00 6.473443355308365454e+00 3.245362136357725635e+00 1.006033806415109666e+01 8.710513376235583749e+00 1.394530642397906739e+01 6.240766482189943787e+00 6.994193246921071250e+00 4.117590439233528521e+00 1.232840319051547873e+01 5.981618578908032724e+00 8.483629629594503285e+00 2.538999814418754220e+00 1.023710637998996376e+01 8.436916978428758540e+00 6.547975121635241536e+00 1.193417681562389632e+01 1.236300391479779925e+01 6.493010695435149415e+00
8.032994108413403112e+00 1.759910847850177618e+01 7.855268682607414732e+00 1.761708831570756217e+01 1.231645857176831171e+01 0.000000000000000000e+00 1.445258201367376394e+01 1.262913043285660208e+01 1.013413013590057865e+01 1.939082600403431655e+01 6.406231557047283864e+00 1.257442742654096435e+01 7.302131207815754088e+00 1.735465898413391272e+01 1.097968652563449510e+01 1.489878715067686699e+01 1.026104597003879171e+01 4.831891261700835827e+00 1.099451141342930960e+01 1.360312819348513536e+01 4.095927529241586207e+00 1.388453042030591433e+01 1.629660557845380708e+01 3.904009974848669628e+00 2.010148178396846674e+01 1.885563083450296062e+01 4.250804082481605128e+00 9.354705463605895943e+00 1.432512483134212111e+01 7.759381385028118139e+00 3.500928124443624334e+00 1.566477538285218785e+01 1.240378088604035867e+01 1.004738073387183839e+01 7.765334627150094704e+00 7.743132202439871214e+00 1.057165993421753036e+01 1.748858041439217104e+01 9.945149772753188344e+00 1.300455532345660714e+01 1.292026145161810291e+01 6.451110870312071199e+00 1.512481223971253641e+01 1.439860338497951275e+01 1.095607060478002026e+01 1.859004861879516213e+01 1.687900300250041852e+01 5.670727036271633992e+00 8.296082660287853017e+00 1.037998785491763165e+01
7.867450874218176793e+00 1.887495762244681785e+01 1.920465368586089028e+01 7.678992424286604113e+00 1.459866480947164114e+01 1.445258201367376394e+01 0.000000000000000000e+00 2.307811443448440514e+01 7.457085411908832562e+00 1.169733739599541522e+01 1.282869599202388144e+01 1.991432443638045768e+01 1.785270144321868813e+01 1.489040995418729096e+01 1.187284193046917835e+01 1.048546596913696938e+01 4.491326606769561636e+00 9.801481738766844032e+00 2.160245812863454162e+01 4.074861392736000454e+00 1.527250523362110179e+01 2.181494972006560218e+01 3.905644240588177496e+00 1.211077562920913309e+01 1.528268775662909107e+01 9.393288119727033703e+00 1.713887591858699722e+01 1.434443558520085915e+01 7.374477870710471450e+00 1.047786562711294245e+01 1.223324066613269245e+01 1.739992755918109779e+01 2.067143435479035674e+01 1.712450387797707307e+01 7.419655919062987159e+00 1.835132333765028534e+01 4.605787257745047825e+00 1.251748846283473071e+01 2.055213523351750382e+01 1.076013578729183351e+01 2.769742753628205989e+00 1.546032070640582212e+01 1.955056163232776711e+01 1.317878754054910573e+01 5.211355348890784001e+00 1.454140904823656655e+01 1.010661700559890441e+01 9.741907566341611258e+00 6.164838858158885770e+00 9.505587718073631009e+00
1.876284848869300248e+01 7.661008937650561457e+00 7.695372265155980607e+00 1.937610559657221643e+01 8.880123435002408527e+00 1.262913043285660208e+01 2.307811443448440514e+01 0.000000000000000000e+00 1.608220552184656071e+01 1.270697387353523489e+01 1.038439756187934471e+01 5.651505697049650223e+00 5.355962835374516118e+00 9.737678290916766954e+00 1.305101745484475018e+01 1.344552418223824120e+01 1.885441074625818914e+01 1.472454161172887410e+01 4.358383381785674970e+00 1.901231061173478665e+01 8.557256277579687875e+00 3.897525922379913688e+00 2.248877041234114316e+01 1.553926382993402378e+01 1.048899255987210566e+01 1.577764108021350964e+01 9.187726394673008556e+00 9.888309308517186480e+00 1.609654167287217774e+01 1.345588908288901564e+01 1.160940144108869099e+01 6.582273305413267828e+00 3.081295624419247314e+00 5.954331602510881893e+00 1.584745914561106872e+01 5.281287743638445775e+00 2.052540589303471563e+01 1.154292028584232810e+01 2.728000329084359965e+00 1.259704006424628631e+01 2.049284958160923864e+01 7.928278738478008236e+00 5.339262515781248553e+00 1.117932021361660944e+01 1.847048816265962401e+01 9.342645663054144123e+00 1.377332617523715363e+01 1.710597057229930229e+01 1.841912422572849550e+01 1.461928281337378444e+01
7.425061089049677321e+00 1.410579562677966159e+01 1.332964680192234574e+01 7.791612765961049902e+00 7.602755896833809146e+00 1.013413013590057865e+01 7.457085411908832562e+00 1.608220552184656071e+01 0.000000000000000000e+00 9.442960265917596629e+00 6.437051675553458807e+00 1.297394753060039108e+01 1.148993054400864722e+01 9.360897059979226498e+00 4.788735134159296969e+00 4.837102390089853543e+00 4.572938382695686421e+00 5.432656501504572688e+00 1.528365216501483026e+01 4.127873165736271055e+00 9.333842229335525431e+00 1.653125614670509691e+01 7.511174367523839379e+00 9.095230110361328002e+00 1.074288829555980129e+01 8.930105961786855673e+00 1.195665551935291226e+01 7.618701657617369172e+00 4.398341612260623812e+00 3.376366925051703660e+00 6.778017753389676159e+00 1.214567362595141731e+01 1.367552544215251586e+01 1.012859496533924286e+01 3.026194257871887672e+00 1.205570936135071491e+01 6.432207608593514259e+00 7.426895653805152264e+00 1.400616784921665214e+01 3.764226874654005961e+00 4.978883587360733998e+00 8.918332357523457432e+00 1.469097590745171367e+01 6.182878627911278180e+00 2.761832222727895303e+00 9.623046150043965241e+00 6.951995308603051704e+00 7.323677710131816454e+00 4.856131771202618630e+00 2.448944000498142426e+00
1.639219510641426680e+01 7.228328422501875572e+00 1.922481573843863600e+01 7.231934039881740439e+00 8.609857525459670313e+00 1.939082600403431655e+01 1.169733739599541522e+01 1.270697387353523489e+01 9.442960265917596629e+00 0.000000000000000000e+00 1.396733769747904752e+01 9.367925725401830661e+00 1.409312705127860355e+01 5.193081116597036306e+00 1.006101308801155803e+01 4.681547209370319429e+00 1.134371380680470587e+01 1.468794969808260475e+01 1.610312967265415907e+01 7.681406606548784488e+00 1.713969318691037813e+01 1.016832052012064658e+01 1.046174567978427916e+01 1.835052330693933698e+01 3.636058556684151455e+00 3.629151260910163934e+00 1.988220066867588187e+01 1.118485508131364092e+01 5.212933736975071675e+00 1.225233455585634523e+01 1.603495556468267580e+01 6.320701426252893107e+00 9.782949576300529415e+00 1.177579811436566004e+01 1.228055681853627590e+01 1.661503872307348217e+01 1.417063853719521482e+01 2.778892305946268237e+00 1.338679436138619927e+01 7.487114186088377643e+00 9.770457268085003477e+00 1.362427803002944415e+01 8.041591317921637838e+00 6.070857711040917870e+00 8.867249674326409092e+00 3.364328210481095649e+00 2.641227395251559251e+00 1.642136559443351729e+01 1.369189473590071238e+01 9.502770820500709092e+00
8.412780854916450224e+00 1.288310831415644664e+01 7.474192529319961587e+00 1.374754775800793993e+01 6.324678246357634315e+00 6.406231557047283864e+00 1.282869599202388144e+01 1.038439756187934471e+01 6.437051675553458807e+00 1.396733769747904752e+01 0.000000000000000000e+00 7.502368032160633859e+00 5.235638760105265632e+00 1.228259958975357691e+01 5.025282862508269055e+00 9.473885176085586224e+00 8.508920921406641469e+00 4.403081420759559883e+00 8.990525473611342022e+00 1.015678294591889497e+01 3.963807764746459572e+00 1.083344818673787913e+01 1.347578488770756167e+01 6.546444014386548105e+00 1.509364554418315585e+01 1.427425253983475528e+01 7.306401763712105257e+00 3.343063409833236133e+00 9.780086322963441603e+00 3.391137289254389398e+00 3.148133930584420703e+00 1.059271598847185913e+01 7.989240530957232522e+00 4.514819402974197260e+00 5.501969320759527271e+00 5.739390682627086626e+00 1.017991606818316974e+01 1.181602955769521657e+01 7.940202578494306884e+00 7.736787242585812407e+00 1.014735975675769453e+01 2.768595018158181542e+00 1.031648509091308519e+01 8.406823059568836243e+00 8.124998337808085225e+00 1.351798922441483164e+01 1.176398263536050059e+01 6.755902938522750922e+00 8.069056591951939694e+00 4.969437888930129610e+00
1.588081895897430407e+01 5.495945373254435218e+00 9.861405231697935037e+00 1.554150954735564305e+01 5.669512570842059063e+00 1.257442742654096435e+01 1.991432443638045768e+01 5.651505697049650223e+00 1.297394753060039108e+01 9.367925725401830661e+00 7.502368032160633859e+00 0.000000000000000000e+00 5.353000796129391503e+00 5.023914482193144515e+00 1.014928779200056042e+01 9.863597804275739733e+00 1.597238121653947296e+01 1.187111952481741461e+01 6.825154175230442988e+00 1.587912851968916073e+01 9.151575399922810661e+00 5.870465498210337252e+00 1.877131486702418783e+01 1.373243780350708576e+01 7.654902309417423112e+00 1.222433959603249320e+01 1.092553069753449613e+01 6.957602609089275525e+00 1.277891440764159725e+01 1.057385955317031190e+01 1.025705967665650142e+01 3.111666345064660888e+00 3.074397915870791920e+00 3.119355139407425703e+00 1.296542961589235787e+01 7.341389467423664605e+00 1.764337636331599768e+01 7.681764627969883463e+00 4.295813765791966610e+00 9.488782073000114892e+00 1.761082005189053135e+01 6.588619910031100702e+00 3.184447094792643540e+00 7.968709349456259083e+00 1.558845863294092204e+01 6.024916314815040863e+00 1.001089239285563437e+01 1.422394104258060032e+01 1.553709469600979354e+01 1.173725328365508425e+01
1.343678630611125335e+01 1.037664418402162880e+01 5.795434733342061939e+00 1.547551196218388192e+01 5.836731670628538815e+00 7.302131207815754088e+00 1.785270144321868813e+01 5.355962835374516118e+00 1.148993054400864722e+01 1.409312705127860355e+01 5.235638760105265632e+00 5.353000796129391503e+00 0.000000000000000000e+00 1.013323235372233810e+01 8.047415799982344353e+00 9.648357341838568857e+00 1.353292637260145170e+01 9.368714824055631496e+00 4.114477320197412524e+00 1.472385877023255496e+01 4.010922155125335564e+00 6.662066125825763407e+00 1.820031857083892390e+01 1.019126433411048183e+01 1.287901748948830871e+01 1.444830757188122305e+01 6.397329014798460278e+00 4.933242504284780061e+00 1.184772981113369106e+01 8.449842910470287904e+00 6.261401945265140156e+00 8.443348752440615002e+00 5.181316591560207740e+00 3.052990917992184361e+00 1.052597477195433484e+01 2.947855853087737898e+00 1.520392151937797465e+01 1.185308419609663488e+01 2.778602556244934352e+00 8.308588222744059948e+00 1.517136520795251187e+01 2.647555143025741575e+00 7.902347945232386373e+00 8.189103448333513668e+00 1.314900378900289901e+01 1.136862198838358751e+01 1.193690071870039304e+01 1.176948028203657337e+01 1.309306204314674815e+01 9.614413337785405744e+00
1.673843306419615828e+01 5.373895240075236224e+00 1.464163678929088164e+01 1.051759506516249942e+01 8.174767888364018020e+00 1.735465898413391272e+01 1.489040995418729096e+01 9.737678290916766954e+00 9.360897059979226498e+00 5.193081116597036306e+00 1.228259958975357691e+01 5.023914482193144515e+00 1.013323235372233810e+01 0.000000000000000000e+00 9.905469308315721477e+00 4.839683322082598771e+00 1.329220304987675760e+01 1.473115667425833664e+01 1.160538573282338604e+01 1.085521403749601355e+01 1.393180695751576081e+01 8.041476257743260803e+00 1.374740038483104954e+01 1.839373028311507596e+01 5.043794390062221744e+00 7.201403317074718480e+00 1.570576225512743562e+01 1.099967726338434915e+01 7.754999925448452736e+00 1.209679077616050868e+01 1.503729123424943559e+01 3.162829959304374050e+00 6.663807640298393231e+00 7.899586697000366087e+00 1.234198627409613813e+01 1.212162102501660854e+01 1.535076177947635756e+01 2.850487629590834349e+00 9.099324390925826123e+00 7.330869346557871147e+00 1.284104576551077592e+01 1.136885146762404375e+01 5.751377198228858845e+00 5.635768073945263801e+00 1.128166062684841364e+01 2.488224910139838375e+00 4.986977910662489855e+00 1.662227482055885730e+01 1.409023828440766479e+01 9.347227040804872544e+00
8.855050280925212292e+00 1.465036787511616012e+01 1.163578736445015238e+01 1.020904515414524738e+01 4.808749433064137158e+00 1.097968652563449510e+01 1.187284193046917835e+01 1.305101745484475018e+01 4.788735134159296969e+00 1.006101308801155803e+01 5.025282862508269055e+00 1.014928779200056042e+01 8.047415799982344353e+00 9.905469308315721477e+00 0.000000000000000000e+00 5.381674638426347634e+00 8.725700491480445464e+00 6.436156130910394069e+00 1.184360590581417760e+01 7.805010768602585358e+00 8.646870491793674063e+00 1.350006807970328460e+01 1.135030380185803800e+01 1.011829330872607180e+01 1.128746054389629450e+01 1.020159427740553504e+01 1.163927053296457004e+01 3.330511363400443070e+00 6.088499668334555359e+00 3.239760959473619195e+00 7.567835521899029416e+00 1.269024587428791762e+01 1.065586042392264154e+01 7.181439295939601841e+00 5.898266688358797083e+00 9.359543160905339221e+00 1.045612811949947485e+01 7.971467902141649020e+00 1.077038565022335170e+01 2.724177178286983469e+00 9.586816598238682374e+00 5.740758124282374197e+00 1.296340485075300819e+01 5.170437052154717605e+00 7.323317717137088678e+00 1.016761839838046377e+01 7.809923788902699116e+00 8.352517731511499122e+00 8.458792473800061273e+00 2.385829134248201200e+00
1.221463839430677645e+01 9.584581888883032974e+00 1.508029911223672492e+01 6.277618299943140023e+00 4.873492177470249764e+00 1.489878715067686699e+01 1.048546596913696938e+01 1.344552418223824120e+01 4.837102390089853543e+00 4.681547209370319429e+00 9.473885176085586224e+00 9.863597804275739733e+00 9.648357341838568857e+00 4.839683322082598771e+00 5.381674638426347634e+00 0.000000000000000000e+00 8.641823303614037499e+00 1.020736200436895835e+01 1.358771012608134043e+01 6.441032539059158957e+00 1.264624066551691151e+01 1.245894756060474862e+01 9.491683279644453464e+00 1.386993561322571011e+01 6.052462469905865561e+00 4.866651308652917507e+00 1.538874814728241347e+01 6.576761996190473525e+00 3.268260262372947089e+00 7.572996106271131289e+00 1.154267476816596805e+01 7.624459888054794021e+00 1.103884410254419279e+01 7.499923820427028431e+00 7.818191604206765177e+00 1.212203299929426237e+01 1.063036043231911698e+01 2.736469828151212091e+00 1.144013638862518256e+01 2.807775736503168140e+00 8.384395263577161472e+00 9.130825508635984633e+00 1.016976216955509038e+01 3.030266930580384876e+00 6.743283619976933707e+00 5.101832412147341955e+00 2.430457910261459187e+00 1.209848015066947724e+01 9.525030144375264740e+00 4.823432370915500478e+00
5.085210883224036138e+00 1.757560325464394424e+01 1.485673947977722165e+01 9.326867734166867763e+00 1.209247230206744739e+01 1.026104597003879171e+01 4.491326606769561636e+00 1.885441074625818914e+01 4.572938382695686421e+00 1.134371380680470587e+01 8.508920921406641469e+00 1.597238121653947296e+01 1.353292637260145170e+01 1.329220304987675760e+01 8.725700491480445464e+00 8.641823303614037499e+00 0.000000000000000000e+00 5.520041896618033128e+00 1.728268305801729809e+01 5.115967019882655009e+00 1.092459102753743139e+01 1.930346137111672533e+01 6.517767994168312207e+00 8.255441405968079849e+00 1.398333338882622634e+01 1.059080986599701291e+01 1.276153281939563477e+01 1.005417645072140154e+01 6.147415127604193508e+00 6.467849065715882695e+00 7.875119533437747954e+00 1.600593407405100876e+01 1.645925371533605741e+01 1.298483258735303281e+01 3.011957764958813843e+00 1.403154826703304359e+01 2.863636726034906932e+00 1.111423575600021252e+01 1.623236016290027095e+01 8.234126953205038291e+00 2.764682948049125066e+00 1.114054563578858215e+01 1.825120726452488640e+01 1.067259503314491553e+01 2.523317083645575831e+00 1.324202927101195826e+01 8.898902114030233790e+00 5.784469394297063083e+00 2.400134172167327051e+00 6.435756185367608850e+00
4.408724211428197925e+00 1.725185980681321496e+01 1.033156942742683349e+01 1.291421200975584860e+01 9.870732546486163272e+00 4.831891261700835827e+00 9.801481738766844032e+00 1.472454161172887410e+01 5.432656501504572688e+00 1.468794969808260475e+01 4.403081420759559883e+00 1.187111952481741461e+01 9.368714824055631496e+00 1.473115667425833664e+01 6.436156130910394069e+00 1.020736200436895835e+01 5.520041896618033128e+00 0.000000000000000000e+00 1.311847150947148855e+01 8.821422515848075463e+00 6.399420975187049443e+00 1.520219967939465811e+01 1.151156236544571954e+01 3.705809652248057695e+00 1.611314790983891143e+01 1.415275452855124350e+01 7.522357792953905609e+00 6.201002696356794353e+00 9.622248525390407536e+00 3.379952133350321297e+00 3.241516644454102369e+00 1.496146748112862568e+01 1.235799202361400795e+01 8.883570895630974462e+00 2.954826250674313481e+00 9.867336718487226932e+00 6.669770492600880729e+00 1.279715526808425885e+01 1.206814861435444897e+01 8.347770479203473926e+00 8.105416411047942304e+00 6.976334087242769044e+00 1.468523658356985706e+01 1.095195991950501124e+01 6.172941148836239122e+00 1.499330576432307538e+01 1.217612669654870139e+01 2.401394578480315900e+00 4.328654591412258945e+00 5.723203010664490442e+00
1.718654299152710863e+01 1.153873826449945739e+01 4.645471202816142231e+00 1.949645026523148772e+01 9.411618476232108677e+00 1.099451141342930960e+01 2.160245812863454162e+01 4.358383381785674970e+00 1.528365216501483026e+01 1.610312967265415907e+01 8.990525473611342022e+00 6.825154175230442988e+00 4.114477320197412524e+00 1.160538573282338604e+01 1.184360590581417760e+01 1.358771012608134043e+01 1.728268305801729809e+01 1.311847150947148855e+01 0.000000000000000000e+00 1.878438891026920032e+01 6.898583884187722504e+00 7.821027954763619228e+00 2.224954702431820763e+01 1.392620353614550410e+01 1.407356596625760048e+01 1.838697423717359669e+01 7.285877683694319096e+00 8.803131077312032815e+00 1.589978776917014791e+01 1.219959959588613962e+01 9.996341147300171315e+00 9.812487962723693613e+00 6.378771188349262822e+00 6.188347078197726781e+00 1.427573145737019189e+01 3.310426586317784192e+00 1.895367820479383525e+01 1.435255117466178199e+01 2.903005339958399045e+00 1.236911836278069998e+01 1.892112189336836181e+01 6.422958046758027173e+00 9.068416684491269919e+00 1.182753219464523475e+01 1.689876047441874718e+01 1.275164038881305117e+01 1.585219613063128286e+01 1.550620857434178568e+01 1.684281872856260165e+01 1.340813495879158346e+01
1.017452041474895630e+01 1.485818514771972154e+01 1.699611856294581358e+01 4.216548382525838079e+00 1.053286098672202975e+01 1.360312819348513536e+01 4.074861392736000454e+00 1.901231061173478665e+01 4.127873165736271055e+00 7.681406606548784488e+00 1.015678294591889497e+01 1.587912851968916073e+01 1.472385877023255496e+01 1.085521403749601355e+01 7.805010768602585358e+00 6.441032539059158957e+00 5.115967019882655009e+00 8.821422515848075463e+00 1.878438891026920032e+01 0.000000000000000000e+00 1.306397011070603398e+01 1.779817724533848988e+01 3.715673988471509759e+00 1.214009657703970824e+01 1.126591528190199298e+01 5.497845162821598741e+00 1.551782200520368171e+01 1.112117541419636702e+01 3.323849573119409762e+00 7.446978208183464787e+00 1.033918423924045094e+01 1.337240579858853451e+01 1.660563053204073114e+01 1.305870005522746347e+01 6.077677853490665250e+00 1.560749085220966670e+01 7.952963845529899878e+00 8.489966702242160324e+00 1.693627293910487452e+01 6.694331964542223012e+00 2.714961849214460266e+00 1.243660685423290069e+01 1.553378915760066015e+01 9.112983717799497896e+00 2.658580540266930026e+00 1.052461116408773023e+01 6.079095245006336690e+00 1.020369090276820323e+01 7.474220044235399207e+00 5.432808010298631807e+00
1.076458475682235516e+01 1.415734481096517605e+01 4.028612261255066329e+00 1.697545167913976982e+01 9.497033735788964037e+00 4.095927529241586207e+00 1.527250523362110179e+01 8.557256277579687875e+00 9.333842229335525431e+00 1.713969318691037813e+01 3.963807764746459572e+00 9.151575399922810661e+00 4.010922155125335564e+00 1.393180695751576081e+01 8.646870491793674063e+00 1.264624066551691151e+01 1.092459102753743139e+01 6.399420975187049443e+00 6.898583884187722504e+00 1.306397011070603398e+01 0.000000000000000000e+00 1.044276675276931066e+01 1.592825844205237118e+01 7.182493004848380380e+00 1.666247283993628869e+01 1.744660802926608056e+01 3.418063220233218846e+00 6.584638189986508294e+00 1.357185753681882900e+01 6.089315879386431263e+00 3.220297167583852538e+00 1.224192335623403594e+01 8.964771942008187722e+00 6.987656614078915140e+00 7.912633262578615323e+00 3.647204673198285008e+00 1.259004551113056358e+01 1.498838504712654363e+01 5.849222243511603914e+00 1.123249034881090402e+01 1.259983331110250759e+01 3.540238908539364626e+00 1.168304857217593273e+01 1.157917854900016508e+01 1.057747189215289474e+01 1.516719659217701022e+01 1.493633812479182232e+01 8.762498043044647744e+00 1.047048921492848805e+01 8.804519935583632773e+00
1.921189911355154933e+01 3.888280832855510294e+00 1.104682995210106711e+01 1.735088922883650753e+01 9.329174059860946500e+00 1.388453042030591433e+01 2.181494972006560218e+01 3.897525922379913688e+00 1.653125614670509691e+01 1.016832052012064658e+01 1.083344818673787913e+01 5.870465498210337252e+00 6.662066125825763407e+00 8.041476257743260803e+00 1.350006807970328460e+01 1.245894756060474862e+01 1.930346137111672533e+01 1.520219967939465811e+01 7.821027954763619228e+00 1.779817724533848988e+01 1.044276675276931066e+01 0.000000000000000000e+00 2.058070086873904003e+01 1.620214300979324662e+01 7.095807378371939755e+00 1.374810644986492569e+01 1.216505022277273618e+01 1.033735993337572090e+01 1.485237446540430639e+01 1.390493970774755006e+01 1.229329206019441934e+01 5.398199684178347724e+00 3.522491589701830517e+00 6.403382227369420754e+00 1.629650977046960136e+01 8.567253280703514662e+00 2.097445651789324828e+01 9.803529226831578569e+00 5.021668674194832427e+00 1.304609068910482250e+01 1.988455343635904526e+01 8.377329363336546209e+00 2.686057696628779468e+00 1.162837083847514741e+01 1.839143213031474033e+01 7.367317699331072056e+00 1.179571672356941292e+01 1.755502119715784914e+01 1.886817485058703170e+01 1.506833343823232063e+01
1.064131751519421876e+01 1.764070877112027347e+01 1.986040689429216854e+01 3.879131462786412854e+00 1.400932078732839692e+01 1.629660557845380708e+01 3.905644240588177496e+00 2.248877041234114316e+01 7.511174367523839379e+00 1.046174567978427916e+01 1.347578488770756167e+01 1.877131486702418783e+01 1.820031857083892390e+01 1.374740038483104954e+01 1.135030380185803800e+01 9.491683279644453464e+00 6.517767994168312207e+00 1.151156236544571954e+01 2.224954702431820763e+01 3.715673988471509759e+00 1.592825844205237118e+01 2.058070086873904003e+01 0.000000000000000000e+00 1.459448570519764310e+01 1.404843890530254491e+01 6.845791872332421590e+00 1.825614400505175539e+01 1.467832495284996774e+01 6.550903450508848813e+00 1.077214400947813466e+01 1.303927502216187406e+01 1.619815326316162896e+01 1.967111903581598042e+01 1.653515985583383241e+01 8.671354559095014736e+00 1.899841223333396556e+01 8.215810779655063456e+00 1.132929889757806841e+01 2.041273273971123103e+01 1.017127647022312331e+01 3.761438296017088234e+00 1.610740960208950412e+01 1.831631278100121207e+01 1.232168178585348706e+01 5.448251669212096360e+00 1.330851177705698518e+01 8.916716083121988490e+00 1.216844867858529433e+01 8.483853339431719931e+00 9.115040550993315449e+00
4.397511055690568327e+00 1.898299812610989079e+01 1.111464145708816886e+01 1.635072550008448999e+01 1.279320556723324920e+01 3.904009974848669628e+00 1.211077562920913309e+01 1.553926382993402378e+01 9.095230110361328002e+00 1.835052330693933698e+01 6.546444014386548105e+00 1.373243780350708576e+01 1.019126433411048183e+01 1.839373028311507596e+01 1.011829330872607180e+01 1.386993561322571011e+01 8.255441405968079849e+00 3.705809652248057695e+00 1.392620353614550410e+01 1.214009657703970824e+01 7.182493004848380380e+00 1.620214300979324662e+01 1.459448570519764310e+01 0.000000000000000000e+00 1.977572151869564365e+01 1.761466763191462803e+01 8.079953817195063337e+00 9.624104746080989869e+00 1.314800626302757536e+01 7.076675960373869145e+00 3.981977381785970493e+00 1.682278575981831992e+01 1.373268506220574103e+01 1.067832512911423670e+01 6.099631285053353835e+00 1.067495990049626720e+01 7.609413789620781188e+00 1.645972887694100706e+01 1.287588064102846808e+01 1.201948002409162264e+01 1.102012435401719870e+01 7.874008036933057397e+00 1.647547490725740005e+01 1.461982050449994830e+01 9.507457659253079285e+00 1.865587937317981115e+01 1.577516609563384264e+01 2.484835720162979378e+00 6.190673992560979499e+00 9.394912555552645372e+00
1.812042429977673308e+01 3.682176033605247589e+00 1.728783533371543157e+01 1.081862726540000708e+01 9.556759123944596368e+00 2.010148178396846674e+01 1.528268775662909107e+01 1.048899255987210566e+01 1.074288829555980129e+01 3.636058556684151455e+00 1.509364554418315585e+01 7.654902309417423112e+00 1.287901748948830871e+01 5.043794390062221744e+00 1.128746054389629450e+01 6.052462469905865561e+00 1.398333338882622634e+01 1.611314790983891143e+01 1.407356596625760048e+01 1.126591528190199298e+01 1.666247283993628869e+01 7.095807378371939755e+00 1.404843890530254491e+01 1.977572151869564365e+01 0.000000000000000000e+00 7.215844486428431459e+00 1.839485803014469667e+01 1.238166849896492572e+01 8.320112501967816598e+00 1.347878201174107993e+01 1.744846067363591047e+01 4.841095988277325901e+00 7.697700897928111630e+00 1.071063265142993970e+01 1.372397750967671115e+01 1.479813199719763439e+01 1.625455905564487580e+01 3.315992641754650805e+00 1.129728188188020788e+01 8.712860582138445054e+00 1.335229147292253948e+01 1.413812432333614844e+01 5.251658203376191381e+00 7.017759309525841260e+00 1.185917016687824521e+01 2.641475419000982150e+00 5.263454760132919574e+00 1.800426605613943565e+01 1.546285399041491537e+01 1.072921827638544556e+01
1.564909146962389030e+01 1.080811435224615202e+01 1.988039630806831681e+01 3.615980232429889529e+00 9.156022708884147931e+00 1.885563083450296062e+01 9.393288119727033703e+00 1.577764108021350964e+01 8.930105961786855673e+00 3.629151260910163934e+00 1.427425253983475528e+01 1.222433959603249320e+01 1.444830757188122305e+01 7.201403317074718480e+00 1.020159427740553504e+01 4.866651308652917507e+00 1.059080986599701291e+01 1.415275452855124350e+01 1.838697423717359669e+01 5.497845162821598741e+00 1.744660802926608056e+01 1.374810644986492569e+01 6.845791872332421590e+00 1.761466763191462803e+01 7.215844486428431459e+00 0.000000000000000000e+00 2.018911551103158786e+01 1.141247875653345822e+01 4.594034835718924015e+00 1.215759715123060047e+01 1.549976039515133586e+01 9.371577567017082444e+00 1.284432567102124700e+01 1.228056466340857078e+01 1.155183478963658672e+01 1.692240036304342610e+01 1.342753490040483300e+01 4.542574968062604412e+00 1.604594910273583963e+01 7.627695375482359985e+00 8.190809006455941343e+00 1.393119287238515369e+01 1.148371836212709418e+01 6.666353777808779135e+00 8.132737476412847499e+00 6.475917358182874395e+00 2.621787336482245045e+00 1.567826195764313724e+01 1.294879109911033233e+01 9.417088967749926098e+00
1.190481812605817069e+01 1.588265181014402927e+01 3.615113166616003237e+00 1.943985564231918417e+01 1.217569301184641972e+01 4.250804082481605128e+00 1.713887591858699722e+01 9.187726394673008556e+00 1.195665551935291226e+01 1.988220066867588187e+01 7.306401763712105257e+00 1.092553069753449613e+01 6.397329014798460278e+00 1.570576225512743562e+01 1.163927053296457004e+01 1.538874814728241347e+01 1.276153281939563477e+01 7.522357792953905609e+00 7.285877683694319096e+00 1.551782200520368171e+01 3.418063220233218846e+00 1.216505022277273618e+01 1.825614400505175539e+01 8.079953817195063337e+00 1.839485803014469667e+01 2.018911551103158786e+01 0.000000000000000000e+00 9.391208085244585391e+00 1.614789215795373067e+01 9.373229652927319577e+00 5.242566487489174420e+00 1.401587865384571074e+01 1.069801746316719360e+01 9.099981140176726768e+00 9.950952518687188331e+00 4.014952700043529887e+00 1.418712660619399557e+01 1.773089252889204914e+01 7.385733787341449919e+00 1.397499783057641132e+01 1.489167629411363336e+01 6.267165356782361307e+00 1.341039847583014577e+01 1.432168603076567059e+01 1.290997851437049704e+01 1.694115188978868503e+01 1.767884560655732074e+01 9.755045387354384090e+00 1.185101238436616811e+01 1.212894607911467304e+01
1.004475488848722264e+01 1.233834289108508386e+01 9.209631111949791560e+00 1.233644606050801507e+01 3.669729850129367588e+00 9.354705463605895943e+00 1.434443558520085915e+01 9.888309308517186480e+00 7.618701657617369172e+00 1.118485508131364092e+01 3.343063409833236133e+00 6.957602609089275525e+00 4.933242504284780061e+00 1.099967726338434915e+01 3.330511363400443070e+00 6.576761996190473525e+00 1.005417645072140154e+01 6.201002696356794353e+00 8.803131077312032815e+00 1.112117541419636702e+01 6.584638189986508294e+00 1.033735993337572090e+01 1.467832495284996774e+01 9.624104746080989869e+00 1.238166849896492572e+01 1.141247875653345822e+01 9.391208085244585391e+00 0.000000000000000000e+00 8.586224447856604769e+00 4.579790720909353574e+00 6.334254172812538997e+00 1.004795056540049814e+01 7.493152277595075184e+00 4.006244967843296756e+00 7.101871838303376983e+00 6.684446084508545383e+00 1.174134304410922525e+01 9.065675857210273136e+00 7.680763351975490316e+00 4.831103970215228749e+00 1.166309934993467223e+01 3.129048489330302107e+00 9.771719667841724188e+00 5.690197457523643365e+00 9.640737930985062931e+00 1.126182635344908789e+01 8.943627387696412967e+00 8.429473731769522971e+00 9.681381743822221608e+00 5.691092710008479827e+00
1.119397615835679005e+01 1.191238236778553805e+01 1.706749323095794679e+01 4.190708696743732808e+00 7.601630366065478484e+00 1.432512483134212111e+01 7.374477870710471450e+00 1.609654167287217774e+01 4.398341612260623812e+00 5.212933736975071675e+00 9.780086322963441603e+00 1.277891440764159725e+01 1.184772981113369106e+01 7.754999925448452736e+00 6.088499668334555359e+00 3.268260262372947089e+00 6.147415127604193508e+00 9.622248525390407536e+00 1.589978776917014791e+01 3.323849573119409762e+00 1.357185753681882900e+01 1.485237446540430639e+01 6.550903450508848813e+00 1.314800626302757536e+01 8.320112501967816598e+00 4.594034835718924015e+00 1.614789215795373067e+01 8.586224447856604769e+00 0.000000000000000000e+00 7.586060596349153862e+00 1.096925439199049634e+01 1.034803214764771617e+01 1.368986159317812934e+01 1.014482233314226889e+01 7.074209132526465105e+00 1.427022346311776957e+01 8.972419589137743401e+00 5.465468396082632907e+00 1.403247911039265183e+01 4.139390332042498954e+00 5.233063505673555049e+00 1.127901597245949361e+01 1.258798637766647843e+01 5.974336447464517974e+00 3.655065926116188191e+00 7.578808384153552957e+00 3.056657741834889475e+00 1.122207913985197969e+01 8.493675787843240954e+00 4.836496860993523050e+00
6.519616265243062259e+00 1.595459983516611757e+01 1.008512045197324980e+01 1.110992092194116765e+01 6.779811916378064574e+00 7.759381385028118139e+00 1.047786562711294245e+01 1.345588908288901564e+01 3.376366925051703660e+00 1.225233455585634523e+01 3.391137289254389398e+00 1.057385955317031190e+01 8.449842910470287904e+00 1.209679077616050868e+01 3.239760959473619195e+00 7.572996106271131289e+00 6.467849065715882695e+00 3.379952133350321297e+00 1.219959959588613962e+01 7.446978208183464787e+00 6.089315879386431263e+00 1.390493970774755006e+01 1.077214400947813466e+01 7.076675960373869145e+00 1.347878201174107993e+01 1.215759715123060047e+01 9.373229652927319577e+00 4.579790720909353574e+00 7.586060596349153862e+00 0.000000000000000000e+00 4.346079708943114461e+00 1.366420750948153007e+01 1.106073205196691056e+01 7.586310923983867305e+00 3.575034736372409316e+00 8.948464804901886893e+00 8.183799779229357085e+00 1.016278936998643267e+01 1.114927670076910360e+01 5.584075889179715979e+00 7.875354872249818783e+00 5.879421420815439170e+00 1.338797661192275612e+01 8.248460774417299746e+00 5.387973628876042476e+00 1.235893986622525098e+01 1.000124525674748455e+01 5.351637085481003808e+00 6.150979604939210255e+00 2.869544432396583300e+00
7.637688561797803644e+00 1.539503935195688378e+01 7.152445619823638800e+00 1.426121787635593563e+01 9.394895483431126237e+00 3.500928124443624334e+00 1.223324066613269245e+01 1.160940144108869099e+01 6.778017753389676159e+00 1.603495556468267580e+01 3.148133930584420703e+00 1.025705967665650142e+01 6.261401945265140156e+00 1.503729123424943559e+01 7.567835521899029416e+00 1.154267476816596805e+01 7.875119533437747954e+00 3.241516644454102369e+00 9.996341147300171315e+00 1.033918423924045094e+01 3.220297167583852538e+00 1.229329206019441934e+01 1.303927502216187406e+01 3.981977381785970493e+00 1.744846067363591047e+01 1.549976039515133586e+01 5.242566487489174420e+00 6.334254172812538997e+00 1.096925439199049634e+01 4.346079708943114461e+00 0.000000000000000000e+00 1.334740763296771959e+01 1.017210326059340453e+01 7.219697745121951726e+00 4.863161768478935443e+00 6.745097511650920197e+00 9.536575899459471373e+00 1.413246803188126854e+01 8.946018252183135289e+00 9.635590689950230825e+00 9.668167315775409776e+00 4.012827069102749888e+00 1.291013676035375113e+01 1.147704029664232905e+01 7.697277619244509594e+00 1.627268086891069387e+01 1.352313256314879197e+01 5.597559381916219046e+00 7.398597491635628742e+00 7.011023221411251782e+00
1.897116691528552934e+01 3.177467627620868651e+00 1.295175318800915676e+01 1.296834162325909645e+01 8.759860527153277232e+00 1.566477538285218785e+01 1.739992755918109779e+01 6.582273305413267828e+00 1.214567362595141731e+01 6.320701426252893107e+00 1.059271598847185913e+01 3.111666345064660888e+00 8.443348752440615002e+00 3.162829959304374050e+00 1.269024587428791762e+01 7.624459888054794021e+00 1.600593407405100876e+01 1.496146748112862568e+01 9.812487962723693613e+00 1.337240579858853451e+01 1.224192335623403594e+01 5.398199684178347724e+00 1.619815326316162896e+01 1.682278575981831992e+01 4.841095988277325901e+00 9.371577567017082444e+00 1.401587865384571074e+01 1.004795056540049814e+01 1.034803214764771617e+01 1.366420750948153007e+01 1.334740763296771959e+01 0.000000000000000000e+00 3.500977680994021846e+00 6.209703095718645649e+00 1.512676284006833072e+01 1.043173742373488722e+01 1.813553834544855548e+01 4.971266636755462542e+00 7.077835691521237926e+00 1.011564591253006817e+01 1.539434394932215433e+01 9.678967866342322424e+00 2.916265680711167096e+00 8.420544639917459051e+00 1.388708981255814656e+01 2.959777233334137225e+00 7.293310553582195155e+00 1.731428899889182205e+01 1.687501485037985560e+01 1.213200360677706868e+01
