0.000000000000000000e+00 5.861528251516830990e-01 4.635878128633476591e-01 4.582987986474817421e-01 3.644380956910612257e-01 3.457826052019581931e-01 2.783876616852161145e-01 2.522964920697538527e-01 3.734857634210316246e-01 2.299225856663144330e-01 3.003055739821418046e-01 2.026644031630150944e-01 1.997400760110304430e-01 1.809566757206263476e-01 5.242389398435872705e-01 4.518073607379582413e-01 2.566642468548483436e-01 1.547448511338429811e-01 1.796143927118760419e-01 5.190328097742891167e-01 3.296473876206142961e-01 1.380264803718385669e-01 3.634978215533026802e-01 1.226545610734549457e-01 3.659490916903332947e-01
5.861528251516830990e-01 0.000000000000000000e+00 4.863613378794998665e-01 4.645318904492717338e-01 9.008213946129749461e-01 3.533367555261606729e-01 6.788414852538159350e-01 6.566935666686559703e-01 2.519505959355615721e-01 4.976561764372111618e-01 2.862873391104977516e-01 4.939908111557840820e-01 7.195527920549841250e-01 4.636206189190353877e-01 1.664905980782040995e-01 1.536276998965229457e-01 3.587937397732542388e-01 5.328335709093152683e-01 5.943101548698485059e-01 1.412386150243100380e-01 3.242896649944313481e-01 5.601803303717536320e-01 3.665128645485420389e-01 4.683503366903442044e-01 2.541621973369179721e-01
4.635878128633476591e-01 4.863613378794998665e-01 0.000000000000000000e+00 4.286595638618372894e-01 8.076480310476177316e-01 3.816534489648940598e-01 5.453150198719244335e-01 5.535614114651274953e-01 2.447453148112690990e-01 3.742805182520049789e-01 3.304436030939733593e-01 4.092201388565296916e-01 6.319150409476829156e-01 4.610457320122841041e-01 4.105165596833563191e-01 3.958224888608644632e-01 2.341145462045791381e-01 4.494834092941735748e-01 4.607836894879571710e-01 4.018711559396091482e-01 2.862122066739811177e-01 4.530148020364777595e-01 1.330462384474859205e-01 3.409332517898928105e-01 3.033547321950694209e-01
4.582987986474817421e-01 4.645318904492717338e-01 4.286595638618372894e-01 0.000000000000000000e+00 8.039947951197818909e-01 4.298784061898125453e-01 5.662293866283175658e-01 5.351777447330977600e-01 3.179171743394705874e-01 4.082621757875812274e-01 2.415639412252731377e-01 3.812448288889626613e-01 6.383390892746944045e-01 4.081026070482785539e-01 4.108738511090257450e-01 3.685293005106308195e-01 2.827497883277890200e-01 4.887141965620466766e-01 4.792808231265823782e-01 4.307297420812316591e-01 1.429352359696664243e-01 4.386645084361956992e-01 3.164242081893547942e-01 3.433438002565656899e-01 3.894921490333001501e-01
3.644380956910612257e-01 9.008213946129749461e-01 8.076480310476177316e-01 8.039947951197818909e-01 0.000000000000000000e+00 5.829500430487385421e-01 6.163199955280709297e-01 6.090809469164576440e-01 7.175459816053016970e-01 5.257579012805394525e-01 6.262283848753510407e-01 5.406051675364830222e-01 2.206691890752470186e-01 4.517789869374532752e-01 8.694624285897281091e-01 7.594068833333212920e-01 6.007244650391182494e-01 3.922208659482758208e-01 5.175467265547306628e-01 8.363920066196938174e-01 6.752144145948925091e-01 4.952518087841528138e-01 7.075580397375725861e-01 4.667147792577246990e-01 6.675106147068401441e-01
3.457826052019581931e-01 3.533367555261606729e-01 3.816534489648940598e-01 4.298784061898125453e-01 5.829500430487385421e-01 0.000000000000000000e+00 4.169941140673155133e-01 4.509182069720524266e-01 2.473733989814626277e-01 2.307831236145010123e-01 2.103456780984778729e-01 3.074583272669824119e-01 3.845350985064977523e-01 1.779289949524273662e-01 3.518588069116355133e-01 2.062224017140157073e-01 1.788765344538719715e-01 2.047201470851514604e-01 3.324627836833482508e-01 2.926777039100328937e-01 3.206070587114198123e-01 3.503715975434026908e-01 2.710556892845135124e-01 2.339895304252634922e-01 1.204338319159642262e-01
2.783876616852161145e-01 6.788414852538159350e-01 5.453150198719244335e-01 5.662293866283175658e-01 6.163199955280709297e-01 4.169941140673155133e-01 0.000000000000000000e+00 4.309636407900495625e-01 4.577685740504457423e-01 2.295738544321972718e-01 4.178786826771748175e-01 3.409684199429582896e-01 4.274063661103327805e-01 4.167991006247337982e-01 6.157069345956869277e-01 5.563497576158581426e-01 3.324397909322224787e-01 3.121652366133025880e-01 1.385876371583978361e-01 5.898819366561200983e-01 4.372644808585132159e-01 3.245792779560635610e-01 4.452250285618792880e-01 2.229839182465582215e-01 4.367982185721645538e-01
2.522964920697538527e-01 6.566935666686559703e-01 5.535614114651274953e-01 5.351777447330977600e-01 6.090809469164576440e-01 4.509182069720524266e-01 4.309636407900495625e-01 0.000000000000000000e+00 4.627230296090799611e-01 3.439209624504088736e-01 3.704062275581582742e-01 2.035771375560722074e-01 4.485673747770357878e-01 3.579530272515609735e-01 6.077588216293006163e-01 5.219080143139747108e-01 3.466643844173963318e-01 3.859161216891163204e-01 3.389368328030816224e-01 6.090329473368371049e-01 4.116819850448877327e-01 1.345154902762610294e-01 4.534714201550824608e-01 2.264163679950789709e-01 4.559492292528813384e-01
3.734857634210316246e-01 2.519505959355615721e-01 2.447453148112690990e-01 3.179171743394705874e-01 7.175459816053016970e-01 2.473733989814626277e-01 4.577685740504457423e-01 4.627230296090799611e-01 0.000000000000000000e+00 2.867340724305262323e-01 2.082599813691926038e-01 3.134154586414083510e-01 5.385230377154545112e-01 3.617987445528677015e-01 1.670303145944400658e-01 1.529247316745973584e-01 1.493567679359602551e-01 3.518038165697858766e-01 3.732372436664784798e-01 1.571258411283400214e-01 1.754698171516143879e-01 3.621764201804302807e-01 1.209181235016727612e-01 2.508312023475767760e-01 1.301459450839313192e-01
2.299225856663144330e-01 4.976561764372111618e-01 3.742805182520049789e-01 4.082621757875812274e-01 5.257579012805394525e-01 2.307831236145010123e-01 2.295738544321972718e-01 3.439209624504088736e-01 2.867340724305262323e-01 0.000000000000000000e+00 2.666987394110579279e-01 2.202712446422687154e-01 3.236378812917655168e-01 2.598675468060055449e-01 4.428718155729399197e-01 3.751644487992536470e-01 1.560291409958328712e-01 1.502165153388555774e-01 1.423546767990574169e-01 4.086966278395157692e-01 2.768009854858787255e-01 2.375365996164230942e-01 2.741905269419598890e-01 1.187461100378431472e-01 2.556129097555600582e-01
3.003055739821418046e-01 2.862873391104977516e-01 3.304436030939733593e-01 2.415639412252731377e-01 6.262283848753510407e-01 2.103456780984778729e-01 4.178786826771748175e-01 3.704062275581582742e-01 2.082599813691926038e-01 2.666987394110579279e-01 0.000000000000000000e+00 2.077034720452863303e-01 4.456200514197720119e-01 2.105354603550502191e-01 2.730506412594807530e-01 1.562089326959428259e-01 1.623643440626646173e-01 3.439267897955815001e-01 3.309301191754395188e-01 2.928955441815697114e-01 1.350071003808276382e-01 2.738929912612559914e-01 2.182082474214907808e-01 1.948947644306164018e-01 1.882363098411392599e-01
2.026644031630150944e-01 4.939908111557840820e-01 4.092201388565296916e-01 3.812448288889626613e-01 5.406051675364830222e-01 3.074583272669824119e-01 3.409684199429582896e-01 2.035771375560722074e-01 3.134154586414083510e-01 2.202712446422687154e-01 2.077034720452863303e-01 0.000000000000000000e+00 3.633538635586522902e-01 1.933786625901650624e-01 4.538259057851650180e-01 3.592052588011026559e-01 2.097648701487780376e-01 2.779449675188826463e-01 2.540198564412231574e-01 4.669357701659432314e-01 2.577490692007523565e-01 1.340472669005422779e-01 3.091301475464846016e-01 1.179845016963999849e-01 3.222714687063619188e-01
1.997400760110304430e-01 7.195527920549841250e-01 6.319150409476829156e-01 6.383390892746944045e-01 2.206691890752470186e-01 3.845350985064977523e-01 4.274063661103327805e-01 4.485673747770357878e-01 5.385230377154545112e-01 3.236378812917655168e-01 4.456200514197720119e-01 3.633538635586522902e-01 0.000000000000000000e+00 2.681347483685113664e-01 6.753997180164598158e-01 5.783713575047777500e-01 4.114593180009581408e-01 1.901008459595020239e-01 3.253419830584178829e-01 6.342719866309199928e-01 5.095587087498049117e-01 3.347382366447310686e-01 5.318250496376379921e-01 3.010590734126373791e-01 4.653905947180660974e-01
1.809566757206263476e-01 4.636206189190353877e-01 4.610457320122841041e-01 4.081026070482785539e-01 4.517789869374532752e-01 1.779289949524273662e-01 4.167991006247337982e-01 3.579530272515609735e-01 3.617987445528677015e-01 2.598675468060055449e-01 2.105354603550502191e-01 1.933786625901650624e-01 2.681347483685113664e-01 0.000000000000000000e+00 4.805240290901420241e-01 3.129720970847175709e-01 2.639792307347348932e-01 1.493107528727534994e-01 3.298505371229984995e-01 4.352604870432528750e-01 2.908735972027394201e-01 2.511636732034306374e-01 3.603057784027519084e-01 1.938151823781753824e-01 2.879250099949670072e-01
5.242389398435872705e-01 1.664905980782040995e-01 4.105165596833563191e-01 4.108738511090257450e-01 8.694624285897281091e-01 3.518588069116355133e-01 6.157069345956869277e-01 6.077588216293006163e-01 1.670303145944400658e-01 4.428718155729399197e-01 2.730506412594807530e-01 4.538259057851650180e-01 6.753997180164598158e-01 4.805240290901420241e-01 0.000000000000000000e+00 2.054438414156840587e-01 3.019687045003646153e-01 4.886804968707912922e-01 5.311756042117197207e-01 1.618620457861119910e-01 2.684264939211694623e-01 5.089275584709026523e-01 2.876394914161729544e-01 4.037860308906061069e-01 2.366984789664346167e-01
4.518073607379582413e-01 1.536276998965229457e-01 3.958224888608644632e-01 3.685293005106308195e-01 7.594068833333212920e-01 2.062224017140157073e-01 5.563497576158581426e-01 5.219080143139747108e-01 1.529247316745973584e-01 3.751644487992536470e-01 1.562089326959428259e-01 3.592052588011026559e-01 5.783713575047777500e-01 3.129720970847175709e-01 2.054438414156840587e-01 0.000000000000000000e+00 2.363020121352967240e-01 3.982229126160909405e-01 4.718184272318908801e-01 1.383913082319341292e-01 2.297777675627833971e-01 4.253947780170724280e-01 2.652991610166158254e-01 3.463965511864328106e-01 1.195515390436935887e-01
2.566642468548483436e-01 3.587937397732542388e-01 2.341145462045791381e-01 2.827497883277890200e-01 6.007244650391182494e-01 1.788765344538719715e-01 3.324397909322224787e-01 3.466643844173963318e-01 1.493567679359602551e-01 1.560291409958328712e-01 1.623643440626646173e-01 2.097648701487780376e-01 4.114593180009581408e-01 2.639792307347348932e-01 3.019687045003646153e-01 2.363020121352967240e-01 0.000000000000000000e+00 2.280622730155913991e-01 2.479084605482552717e-01 2.698341911755587352e-01 1.475799727264306138e-01 2.461177749887466515e-01 1.258792464491448326e-01 1.340096857813933839e-01 1.167504730916031352e-01
1.547448511338429811e-01 5.328335709093152683e-01 4.494834092941735748e-01 4.887141965620466766e-01 3.922208659482758208e-01 2.047201470851514604e-01 3.121652366133025880e-01 3.859161216891163204e-01 3.518038165697858766e-01 1.502165153388555774e-01 3.439267897955815001e-01 2.779449675188826463e-01 1.901008459595020239e-01 1.493107528727534994e-01 4.886804968707912922e-01 3.982229126160909405e-01 2.280622730155913991e-01 0.000000000000000000e+00 2.039627418754507704e-01 4.475527654852512471e-01 3.537751272305514338e-01 2.720869835568116013e-01 3.461282671941240396e-01 2.089233011426810394e-01 2.786713735723973517e-01
1.796143927118760419e-01 5.943101548698485059e-01 4.607836894879571710e-01 4.792808231265823782e-01 5.175467265547306628e-01 3.324627836833482508e-01 1.385876371583978361e-01 3.389368328030816224e-01 3.732372436664784798e-01 1.423546767990574169e-01 3.309301191754395188e-01 2.540198564412231574e-01 3.253419830584178829e-01 3.298505371229984995e-01 5.311756042117197207e-01 4.718184272318908801e-01 2.479084605482552717e-01 2.039627418754507704e-01 0.000000000000000000e+00 5.053506062721528913e-01 3.503159173567779172e-01 2.325524699690958985e-01 3.606936981779121365e-01 1.360353547448231726e-01 3.522668881881972358e-01
5.190328097742891167e-01 1.412386150243100380e-01 4.018711559396091482e-01 4.307297420812316591e-01 8.363920066196938174e-01 2.926777039100328937e-01 5.898819366561200983e-01 6.090329473368371049e-01 1.571258411283400214e-01 4.086966278395157692e-01 2.928955441815697114e-01 4.669357701659432314e-01 6.342719866309199928e-01 4.352604870432528750e-01 1.618620457861119910e-01 1.383913082319341292e-01 2.698341911755587352e-01 4.475527654852512471e-01 5.053506062721528913e-01 0.000000000000000000e+00 2.882823848933752098e-01 5.084863379081872026e-01 2.756487133213207374e-01 3.963782487008338795e-01 1.777483314592381569e-01
3.296473876206142961e-01 3.242896649944313481e-01 2.862122066739811177e-01 1.429352359696664243e-01 6.752144145948925091e-01 3.206070587114198123e-01 4.372644808585132159e-01 4.116819850448877327e-01 1.754698171516143879e-01 2.768009854858787255e-01 1.350071003808276382e-01 2.577490692007523565e-01 5.095587087498049117e-01 2.908735972027394201e-01 2.684264939211694623e-01 2.297777675627833971e-01 1.475799727264306138e-01 3.537751272305514338e-01 3.503159173567779172e-01 2.882823848933752098e-01 0.000000000000000000e+00 3.128507218864899908e-01 1.739768510014985670e-01 2.143788944867611457e-01 2.516707554632618971e-01
1.380264803718385669e-01 5.601803303717536320e-01 4.530148020364777595e-01 4.386645084361956992e-01 4.952518087841528138e-01 3.503715975434026908e-01 3.245792779560635610e-01 1.345154902762610294e-01 3.621764201804302807e-01 2.375365996164230942e-01 2.738929912612559914e-01 1.340472669005422779e-01 3.347382366447310686e-01 2.511636732034306374e-01 5.089275584709026523e-01 4.253947780170724280e-01 2.461177749887466515e-01 2.720869835568116013e-01 2.325524699690958985e-01 5.084863379081872026e-01 3.128507218864899908e-01 0.000000000000000000e+00 3.529248107264327805e-01 1.202603926258860034e-01 3.554026198242316026e-01
3.634978215533026802e-01 3.665128645485420389e-01 1.330462384474859205e-01 3.164242081893547942e-01 7.075580397375725861e-01 2.710556892845135124e-01 4.452250285618792880e-01 4.534714201550824608e-01 1.209181235016727612e-01 2.741905269419598890e-01 2.182082474214907808e-01 3.091301475464846016e-01 5.318250496376379921e-01 3.603057784027519084e-01 2.876394914161729544e-01 2.652991610166158254e-01 1.258792464491448326e-01 3.461282671941240396e-01 3.606936981779121365e-01 2.756487133213207374e-01 1.739768510014985670e-01 3.529248107264327805e-01 0.000000000000000000e+00 2.408432604798477206e-01 1.766063908314447484e-01
1.226545610734549457e-01 4.683503366903442044e-01 3.409332517898928105e-01 3.433438002565656899e-01 4.667147792577246990e-01 2.339895304252634922e-01 2.229839182465582215e-01 2.264163679950789709e-01 2.508312023475767760e-01 1.187461100378431472e-01 1.948947644306164018e-01 1.179845016963999849e-01 3.010590734126373791e-01 1.938151823781753824e-01 4.037860308906061069e-01 3.463965511864328106e-01 1.340096857813933839e-01 2.089233011426810394e-01 1.360353547448231726e-01 3.963782487008338795e-01 2.143788944867611457e-01 1.202603926258860034e-01 2.408432604798477206e-01 0.000000000000000000e+00 2.432945306168783073e-01
3.659490916903332947e-01 2.541621973369179721e-01 3.033547321950694209e-01 3.894921490333001501e-01 6.675106147068401441e-01 1.204338319159642262e-01 4.367982185721645538e-01 4.559492292528813384e-01 1.301459450839313192e-01 2.556129097555600582e-01 1.882363098411392599e-01 3.222714687063619188e-01 4.653905947180660974e-01 2.879250099949670072e-01 2.366984789664346167e-01 1.195515390436935887e-01 1.167504730916031352e-01 2.786713735723973517e-01 3.522668881881972358e-01 1.777483314592381569e-01 2.516707554632618971e-01 3.554026198242316026e-01 1.766063908314447484e-01 2.432945306168783073e-01 0.000000000000000000e+00
