0.000000000000000000e+00 2.094229449960315037e+01 1.529608822770589960e+01 1.495691767276401229e+01 1.126197769149687566e+01 8.033884971738238789e+00 7.868848229200705369e+00 1.758680823877893218e+01 1.713543457344410470e+01 8.583796245502812283e+00 7.352157129577198802e+00 1.245517492129892645e+01 1.288731359891107786e+01 1.689990637731892065e+01 9.012781907571877582e+00 4.599501976719896135e+00 1.821633816265346439e+01 1.374900085084398604e+01 4.098108315259694656e+00 1.203244819483909112e+01 3.998443365597721844e+00 1.137065495520590197e+01 1.822317346006641259e+01 1.899021830621844131e+01 1.128361146057028286e+01
2.094229449960315037e+01 0.000000000000000000e+00 1.531518382328669148e+01 1.477741610067512568e+01 1.141882438001226241e+01 1.775407300893131435e+01 1.363594588920950734e+01 7.686825890492720248e+00 7.445743766500495298e+00 1.899873819436563593e+01 1.372433879837765147e+01 1.172842629388080482e+01 8.773808096185552685e+00 4.790417253673396658e+00 1.329219011242251902e+01 1.795760161670832744e+01 1.214359923890409831e+01 7.412836837386224786e+00 1.707354407136978125e+01 1.591627049777702574e+01 1.847611137252863145e+01 1.454101707468806559e+01 3.889863363135115826e+00 4.006709999263273758e+00 1.798100076121601276e+01
1.529608822770589960e+01 1.531518382328669148e+01 0.000000000000000000e+00 2.123073595847949591e+01 1.099797596730671856e+01 8.048151279391092316e+00 1.403628422570414180e+01 7.631564346793531683e+00 1.889041315525509646e+01 2.032250729598413130e+01 8.144256259354683891e+00 5.079753392448902005e+00 1.529489707717648805e+01 1.339118264330667074e+01 1.193711907238920311e+01 1.646943872153457278e+01 4.414179344447750175e+00 9.420150684288183029e+00 1.244857148378025258e+01 4.160192380677206536e+00 1.146156171115298328e+01 1.770377338743348616e+01 1.728374832518344562e+01 1.144583417153671512e+01 2.100992245926357782e+01
1.495691767276401229e+01 1.477741610067512568e+01 2.123073595847949591e+01 0.000000000000000000e+00 1.126976993250996983e+01 1.827662309202161239e+01 7.891840897634869734e+00 1.744567065036859432e+01 7.536439166343000373e+00 7.500669997939529487e+00 1.348803207118100644e+01 1.668518364409736421e+01 6.582581551476605064e+00 1.086125354786000230e+01 9.605888746241415532e+00 1.044051904784135942e+01 2.013497455670355052e+01 1.337306182597487414e+01 1.185004658771858210e+01 1.947598732268016519e+01 1.661541925228319982e+01 3.992312400698255548e+00 1.136505392703340611e+01 1.734473119591153178e+01 3.782767974972113922e+00
1.126197769149687566e+01 1.141882438001226241e+01 1.099797596730671856e+01 1.126976993250996983e+01 0.000000000000000000e+00 1.154653480344316030e+01 8.133455948805316638e+00 8.511890794098160740e+00 9.186268689320234770e+00 1.459331118286788964e+01 6.069019821875087928e+00 6.010134583562265931e+00 4.949175934187016068e+00 7.667940689373336838e+00 4.515266278796695509e+00 1.192997458370759745e+01 1.032624066116400741e+01 4.324739834062905963e+00 8.197666626505894172e+00 1.041019352158301636e+01 1.092707580704165871e+01 1.008855155419399097e+01 9.414493942339991150e+00 9.843172321874648745e+00 1.414984130592363343e+01
8.033884971738238789e+00 1.775407300893131435e+01 8.048151279391092316e+00 1.827662309202161239e+01 1.154653480344316030e+01 0.000000000000000000e+00 1.063744202536319072e+01 1.099328817834866356e+01 1.986375034200934664e+01 1.501565836964434908e+01 6.134698221136139829e+00 6.071286636584057206e+00 1.535942319331566530e+01 1.570297248820730296e+01 1.045508684934305599e+01 1.051800638505205931e+01 1.161287969921509067e+01 1.133095704254796843e+01 7.350846328038934452e+00 4.005491561263609945e+00 4.050855724911968103e+00 1.455481060512830283e+01 1.970059230213005463e+01 1.399097836034176545e+01 1.719291824930999368e+01
7.868848229200705369e+00 1.363594588920950734e+01 1.403628422570414180e+01 7.891840897634869734e+00 8.133455948805316638e+00 1.063744202536319072e+01 0.000000000000000000e+00 1.559816387107303726e+01 9.615534701664325112e+00 7.139281315345675338e+00 5.932435780371244860e+00 1.083943573286207496e+01 5.018465369710371604e+00 9.700734897361888542e+00 4.517660780261601339e+00 4.428926924289648070e+00 1.659320308139097122e+01 1.142210443475943649e+01 4.111187048895694751e+00 1.184612239969964875e+01 8.827465935451121126e+00 3.992664809650960489e+00 1.035719065820453189e+01 1.620326098444591167e+01 7.197866395728492073e+00
1.758680823877893218e+01 7.686825890492720248e+00 7.631564346793531683e+00 1.744567065036859432e+01 8.511890794098160740e+00 1.099328817834866356e+01 1.559816387107303726e+01 0.000000000000000000e+00 1.209695239806426414e+01 2.159792248049672025e+01 1.024839871684382331e+01 5.152507703320013732e+00 1.109769151279918908e+01 6.763651343382547587e+00 1.232622609601840935e+01 1.852321601371460957e+01 4.462968530356887342e+00 4.330689827639825573e+00 1.455537993082468518e+01 8.310415517120050666e+00 1.424711131687261556e+01 1.712481841965610840e+01 1.000407223339914253e+01 3.830305758570547336e+00 2.064925531090948851e+01
1.713543457344410470e+01 7.445743766500495298e+00 1.889041315525509646e+01 7.536439166343000373e+00 9.186268689320234770e+00 1.986375034200934664e+01 9.615534701664325112e+00 1.209695239806426414e+01 0.000000000000000000e+00 1.177710968589644658e+01 1.444137966341118151e+01 1.422786338612980472e+01 5.041579316335062622e+00 5.572401702992024752e+00 1.050268470162917289e+01 1.254306183382525397e+01 1.598500307558963840e+01 9.685677206836023956e+00 1.365567399697946804e+01 1.870516975512886759e+01 1.832801096556460152e+01 7.329231019621642140e+00 3.943277294833551494e+00 1.010224757995268696e+01 1.074002382688389012e+01
8.583796245502812283e+00 1.899873819436563593e+01 2.032250729598413130e+01 7.500669997939529487e+00 1.459331118286788964e+01 1.501565836964434908e+01 7.139281315345675338e+00 2.159792248049672025e+01 1.177710968589644658e+01 0.000000000000000000e+00 1.217825103662944386e+01 1.723605902438712434e+01 1.053037030076832536e+01 1.508107231855987251e+01 1.108455155285419735e+01 4.502334268780456838e+00 2.299722226574164452e+01 1.747372412297909250e+01 8.272434979458727966e+00 1.770030134811196731e+01 1.203585910094101408e+01 4.525227485518667159e+00 1.559959495505229121e+01 2.156605328960205981e+01 3.765851279927592277e+00
7.352157129577198802e+00 1.372433879837765147e+01 8.144256259354683891e+00 1.348803207118100644e+01 6.069019821875087928e+00 6.134698221136139829e+00 5.932435780371244860e+00 1.024839871684382331e+01 1.444137966341118151e+01 1.217825103662944386e+01 0.000000000000000000e+00 5.116765399363835343e+00 1.049198970715210777e+01 1.163775381769479367e+01 5.375913305900496653e+00 8.325182462179892440e+00 1.087792864071836973e+01 6.410591328908887832e+00 4.330970010809471304e+00 6.173020403647574206e+00 5.353428270480748097e+00 9.817385855346318024e+00 1.466960491643093256e+01 1.165180878428335021e+01 1.286566619990889571e+01
1.245517492129892645e+01 1.172842629388080482e+01 5.079753392448902005e+00 1.668518364409736421e+01 6.010134583562265931e+00 6.071286636584057206e+00 1.083943573286207496e+01 5.152507703320013732e+00 1.422786338612980472e+01 1.723605902438712434e+01 5.116765399363835343e+00 0.000000000000000000e+00 1.029801629405214669e+01 9.677325773156798761e+00 7.398588783390127155e+00 1.339158269623461273e+01 5.776752757112320502e+00 5.291489701390571732e+00 9.423746613344693657e+00 4.775977643827084229e+00 9.113545010977833982e+00 1.355278014192659697e+01 1.367494558707954155e+01 7.966634457877876052e+00 1.770011742827664847e+01
1.288731359891107786e+01 8.773808096185552685e+00 1.529489707717648805e+01 6.582581551476605064e+00 4.949175934187016068e+00 1.535942319331566530e+01 5.018465369710371604e+00 1.109769151279918908e+01 5.041579316335062622e+00 1.053037030076832536e+01 1.049198970715210777e+01 1.029801629405214669e+01 0.000000000000000000e+00 4.842565216864142208e+00 5.531720164599430944e+00 9.251740206304859271e+00 1.360657728291024959e+01 6.973493155281555111e+00 9.121907942111532108e+00 1.476163610262510417e+01 1.369821935357725096e+01 6.048387201509963340e+00 5.471722090143061656e+00 1.134112319142196235e+01 9.780495842652877414e+00
1.689990637731892065e+01 4.790417253673396658e+00 1.339118264330667074e+01 1.086125354786000230e+01 7.667940689373336838e+00 1.570297248820730296e+01 9.700734897361888542e+00 6.763651343382547587e+00 5.572401702992024752e+00 1.508107231855987251e+01 1.163775381769479367e+01 9.677325773156798761e+00 4.842565216864142208e+00 0.000000000000000000e+00 9.249801990138269758e+00 1.403745002472658854e+01 1.048577256364121624e+01 5.326251856703366983e+00 1.303115594908554087e+01 1.388458907283266086e+01 1.639948961165760721e+01 1.062320523541667328e+01 5.563216807581889078e+00 7.146450455868921914e+00 1.406483820840089649e+01
9.012781907571877582e+00 1.329219011242251902e+01 1.193711907238920311e+01 9.605888746241415532e+00 4.515266278796695509e+00 1.045508684934305599e+01 4.517660780261601339e+00 1.232622609601840935e+01 1.050268470162917289e+01 1.108455155285419735e+01 5.375913305900496653e+00 7.398588783390127155e+00 5.531720164599430944e+00 9.249801990138269758e+00 0.000000000000000000e+00 8.423055203466192964e+00 1.305403400881700016e+01 8.279598933993501220e+00 5.912869760568162825e+00 1.094700350793877242e+01 9.057698439618780739e+00 6.569988486469173772e+00 1.083051623366690919e+01 1.367163030404426216e+01 1.074564634864842994e+01
4.599501976719896135e+00 1.795760161670832744e+01 1.646943872153457278e+01 1.044051904784135942e+01 1.192997458370759745e+01 1.051800638505205931e+01 4.428926924289648070e+00 1.852321601371460957e+01 1.254306183382525397e+01 4.502334268780456838e+00 8.325182462179892440e+00 1.339158269623461273e+01 9.251740206304859271e+00 1.403745002472658854e+01 8.423055203466192964e+00 0.000000000000000000e+00 1.915274593758914534e+01 1.468540862577967054e+01 4.208161073087916648e+00 1.358689151785847926e+01 7.721316007069125575e+00 6.778282215587037030e+00 1.460402116063879774e+01 1.992662608115412937e+01 6.786715339256756963e+00
1.821633816265346439e+01 1.214359923890409831e+01 4.414179344447750175e+00 2.013497455670355052e+01 1.032624066116400741e+01 1.161287969921509067e+01 1.659320308139097122e+01 4.462968530356887342e+00 1.598500307558963840e+01 2.299722226574164452e+01 1.087792864071836973e+01 5.776752757112320502e+00 1.360657728291024959e+01 1.048577256364121624e+01 1.305403400881700016e+01 1.915274593758914534e+01 0.000000000000000000e+00 7.252785178517895837e+00 1.518490985469922627e+01 8.063467608534031328e+00 1.487664124074715843e+01 1.930467748077310475e+01 1.415358833403231209e+01 8.271716108636187670e+00 2.326789529657881062e+01
1.374900085084398604e+01 7.412836837386224786e+00 9.420150684288183029e+00 1.337306182597487414e+01 4.324739834062905963e+00 1.133095704254796843e+01 1.142210443475943649e+01 4.330689827639825573e+00 9.685677206836023956e+00 1.747372412297909250e+01 6.410591328908887832e+00 5.291489701390571732e+00 6.973493155281555111e+00 5.326251856703366983e+00 8.279598933993501220e+00 1.468540862577967054e+01 7.252785178517895837e+00 0.000000000000000000e+00 1.071757254288974615e+01 9.670187841372939630e+00 1.170501624836708920e+01 1.300062006213848065e+01 9.359356130584966849e+00 5.661971355416314466e+00 1.657664648651576655e+01
4.098108315259694656e+00 1.707354407136978125e+01 1.244857148378025258e+01 1.185004658771858210e+01 8.197666626505894172e+00 7.350846328038934452e+00 4.111187048895694751e+00 1.455537993082468518e+01 1.365567399697946804e+01 8.272434979458727966e+00 4.330970010809471304e+00 9.423746613344693657e+00 9.121907942111532108e+00 1.303115594908554087e+01 5.912869760568162825e+00 4.208161073087916648e+00 1.518490985469922627e+01 1.071757254288974615e+01 0.000000000000000000e+00 9.480689893610465546e+00 5.114021603901097279e+00 7.893113115730336915e+00 1.445682178246399552e+01 1.595878999826420674e+01 9.881250591321402155e+00
1.203244819483909112e+01 1.591627049777702574e+01 4.160192380677206536e+00 1.947598732268016519e+01 1.041019352158301636e+01 4.005491561263609945e+00 1.184612239969964875e+01 8.310415517120050666e+00 1.870516975512886759e+01 1.770030134811196731e+01 6.173020403647574206e+00 4.775977643827084229e+00 1.476163610262510417e+01 1.388458907283266086e+01 1.094700350793877242e+01 1.358689151785847926e+01 8.063467608534031328e+00 9.670187841372939630e+00 9.480689893610465546e+00 0.000000000000000000e+00 8.049418948012821318e+00 1.575941919998749974e+01 1.786278979097577846e+01 1.213217118157833063e+01 1.865461729772124144e+01
3.998443365597721844e+00 1.847611137252863145e+01 1.146156171115298328e+01 1.661541925228319982e+01 1.092707580704165871e+01 4.050855724911968103e+00 8.827465935451121126e+00 1.424711131687261556e+01 1.832801096556460152e+01 1.203585910094101408e+01 5.353428270480748097e+00 9.113545010977833982e+00 1.369821935357725096e+01 1.639948961165760721e+01 9.057698439618780739e+00 7.721316007069125575e+00 1.487664124074715843e+01 1.170501624836708920e+01 5.114021603901097279e+00 8.049418948012821318e+00 0.000000000000000000e+00 1.278307801912116659e+01 1.902763766753300345e+01 1.565538756505555718e+01 1.446249636641325509e+01
1.137065495520590197e+01 1.454101707468806559e+01 1.770377338743348616e+01 3.992312400698255548e+00 1.008855155419399097e+01 1.455481060512830283e+01 3.992664809650960489e+00 1.712481841965610840e+01 7.329231019621642140e+00 4.525227485518667159e+00 9.817385855346318024e+00 1.355278014192659697e+01 6.048387201509963340e+00 1.062320523541667328e+01 6.569988486469173772e+00 6.778282215587037030e+00 1.930467748077310475e+01 1.300062006213848065e+01 7.893113115730336915e+00 1.575941919998749974e+01 1.278307801912116659e+01 0.000000000000000000e+00 1.114826751247252723e+01 1.710833216992446992e+01 4.238014663589810382e+00
1.822317346006641259e+01 3.889863363135115826e+00 1.728374832518344562e+01 1.136505392703340611e+01 9.414493942339991150e+00 1.970059230213005463e+01 1.035719065820453189e+01 1.000407223339914253e+01 3.943277294833551494e+00 1.559959495505229121e+01 1.466960491643093256e+01 1.367494558707954155e+01 5.471722090143061656e+00 5.563216807581889078e+00 1.083051623366690919e+01 1.460402116063879774e+01 1.415358833403231209e+01 9.359356130584966849e+00 1.445682178246399552e+01 1.786278979097577846e+01 1.902763766753300345e+01 1.114826751247252723e+01 0.000000000000000000e+00 7.146185547017687156e+00 1.456863858757430030e+01
1.899021830621844131e+01 4.006709999263273758e+00 1.144583417153671512e+01 1.734473119591153178e+01 9.843172321874648745e+00 1.399097836034176545e+01 1.620326098444591167e+01 3.830305758570547336e+00 1.010224757995268696e+01 2.156605328960205981e+01 1.165180878428335021e+01 7.966634457877876052e+00 1.134112319142196235e+01 7.146450455868921914e+00 1.367163030404426216e+01 1.992662608115412937e+01 8.271716108636187670e+00 5.661971355416314466e+00 1.595878999826420674e+01 1.213217118157833063e+01 1.565538756505555718e+01 1.710833216992446992e+01 7.146185547017687156e+00 0.000000000000000000e+00 2.054831585645242598e+01
1.128361146057028286e+01 1.798100076121601276e+01 2.100992245926357782e+01 3.782767974972113922e+00 1.414984130592363343e+01 1.719291824930999368e+01 7.197866395728492073e+00 2.064925531090948851e+01 1.074002382688389012e+01 3.765851279927592277e+00 1.286566619990889571e+01 1.770011742827664847e+01 9.780495842652877414e+00 1.406483820840089649e+01 1.074564634864842994e+01 6.786715339256756963e+00 2.326789529657881062e+01 1.657664648651576655e+01 9.881250591321402155e+00 1.865461729772124144e+01 1.446249636641325509e+01 4.238014663589810382e+00 1.456863858757430030e+01 2.054831585645242598e+01 0.000000000000000000e+00
