0.000000000000000000e+00 1.524100647072895054e+00 1.356770583893430082e+00 1.183630883528275390e+00 8.691475362679328409e-01 8.595752366607462003e-01 6.447709749573707905e-01 5.686635006152895855e-01 1.077033345821250210e+00 4.532634246848926685e-01 9.663125248423759528e-01 8.587218807233578666e-01 3.496483220193661312e-01 5.562728642742025276e-01 8.218960084838520253e-01 5.378434242871307225e-01 2.777331667635845602e-01 9.961733421562224411e-01 6.101918211316187390e-01 1.296319286063639220e+00 2.364155346558507453e-01 6.481600924600798841e-01 1.165924985125160518e+00 8.652719467531734265e-01 7.783862274484287802e-01 4.242768777705331340e-01 2.012274372306276649e-01 4.445939851850688185e-01 6.985255259408632567e-01 6.858820402876151245e-01 1.038096334298273415e+00 7.175537904186679583e-01 4.136236197497749623e-01 7.308983804824110697e-01 7.028428431623785499e-01 5.257685646686365288e-01 2.230896644550323382e-01 4.148714888034583659e-01 1.556949905553508262e-01 8.674105714515936150e-01 1.530848771908067119e-01 1.036828727719662169e+00 3.859561505304753837e-01 5.473273360776048646e-01 5.271566617104095354e-01 9.565125700848767787e-01 8.847464254268134765e-01 7.244846775059675670e-01 4.550256554491750038e-01 5.506646981546737818e-01 1.164459989298108233e+00 8.965012175136695127e-01 1.048721681983253884e+00 3.118457745623254840e-01 9.465674980241367553e-01 5.826996113566446089e-01 2.872238794385519323e-01 4.789546154548834922e-01 1.277028999396245812e+00 1.403330183561019240e+00 6.521287828435229361e-01 4.043979445771220260e-01 1.056790198904507649e+00 7.443577879824057053e-01 7.373297274096661802e-01 5.110340418742320701e-01 5.614018301105873077e-01 8.607376570140190530e-01 9.644346178852329921e-01 1.137666930450981218e-01 7.773455366257492338e-01 9.589962407840428860e-01 6.822407847202023312e-01 3.345502626342922170e-01 1.464385348560343081e+00
1.524100647072895054e+00 0.000000000000000000e+00 1.316392350829270086e+00 8.915053360363424106e-01 1.523469590473738755e+00 1.723491903636042322e+00 9.066365275669365786e-01 1.091635572195577497e+00 4.582538923398000175e-01 1.290834378448587838e+00 9.387294555008622865e-01 8.501905321703407958e-01 1.231471014906055483e+00 1.230014265660481998e+00 7.853810427514943404e-01 1.018509417785208537e+00 1.587857401134392443e+00 7.682968408811857719e-01 1.041240016695225368e+00 2.390466692592071729e-01 1.287748151916043193e+00 1.511587056362055481e+00 1.121872036523244409e+00 6.861145711176076523e-01 9.277114261770308401e-01 1.195746150532752683e+00 1.454206542248170253e+00 1.104974688354108059e+00 9.282778139817317031e-01 1.018685159199529400e+00 6.091421129688491254e-01 1.374437181257534224e+00 1.278523685734697546e+00 8.707401917407614489e-01 8.292428834344895971e-01 1.080933706001554917e+00 1.606369973866219159e+00 1.272746292144641744e+00 1.573983124503999464e+00 7.829123722133877195e-01 1.410082783697800490e+00 7.582984676053937667e-01 1.150830771644361539e+00 1.072116813005669744e+00 1.036768667362781837e+00 6.522414930895009677e-01 9.217087395371935665e-01 9.820782811457392514e-01 1.180984373141810817e+00 1.150756330705328123e+00 3.659641227167915734e-01 8.093955491545233860e-01 9.984264886239233583e-01 1.230738476015100336e+00 7.254336597952709687e-01 9.491434230370572322e-01 1.334776328283973079e+00 1.146815766445419049e+00 1.235892465087868874e+00 1.224996516919844430e-01 8.987414367230071033e-01 1.148529969149296059e+00 5.177566629849640334e-01 1.606618679399170357e+00 8.090302039252477151e-01 1.389295922924648430e+00 1.194647302954731538e+00 8.925462709430093122e-01 5.704543203505211268e-01 1.515309219794354512e+00 9.285588594177230926e-01 8.113129116650995565e-01 9.585904013926695999e-01 1.259734390686420236e+00 1.079654903367261859e-01
1.356770583893430082e+00 1.316392350829270086e+00 0.000000000000000000e+00 8.886199821171206770e-01 1.482895593867109341e+00 1.557900174838836360e+00 9.721101453875650167e-01 8.075749699761356482e-01 8.836697755432706414e-01 1.137459271727690346e+00 4.106474511803423488e-01 8.212972053458095223e-01 1.169582501329070157e+00 1.194488206970737654e+00 7.205261660003617896e-01 8.842836005435850133e-01 1.455566707830646234e+00 6.483158855225842343e-01 1.044356831392404539e+00 1.084843750776120830e+00 1.159720289643150659e+00 1.348849160636647504e+00 2.199297450527350206e-01 7.970370156626360725e-01 6.265523819612203171e-01 9.597137402852786714e-01 1.266664337043553301e+00 1.105013969044198907e+00 7.022953247836276613e-01 8.336402033232216402e-01 7.706024791809781282e-01 1.337090724190363122e+00 9.947453282072391545e-01 9.830596867247773929e-01 8.198877859915347788e-01 1.038751029967574402e+00 1.417168770082734452e+00 1.092333415659772378e+00 1.451143062489853808e+00 5.558339193221842889e-01 1.309033875942894332e+00 7.600559969399421911e-01 1.031019712413075107e+00 8.256301245220495355e-01 1.124372971149492528e+00 6.820770097525556963e-01 5.120747148536474169e-01 9.278478999995780629e-01 1.096770869979640795e+00 9.381576643318939590e-01 9.555750692068518681e-01 7.093537349896879007e-01 3.440204572048364273e-01 1.192235674736177531e+00 7.967451507433263025e-01 9.114108289240225869e-01 1.099788964919662382e+00 9.757298565545712288e-01 1.261494423010809385e-01 1.193892699137284907e+00 7.850219853612543375e-01 1.092294419894725976e+00 8.016125877632485075e-01 1.441060812855305295e+00 9.057679949827932564e-01 1.217917420344567736e+00 1.152464626920752133e+00 5.220047033237472656e-01 7.808928182187154787e-01 1.338940022075023384e+00 7.454384382398535625e-01 5.339164357864029098e-01 6.745297991732277509e-01 1.100646971798407314e+00 1.254278097429425864e+00
1.183630883528275390e+00 8.915053360363424106e-01 8.886199821171206770e-01 0.000000000000000000e+00 1.285013793239791147e+00 1.416216744981892317e+00 6.430258690938160937e-01 6.229188405838341769e-01 4.771470514062158275e-01 9.993437608922181026e-01 5.157090942764542829e-01 3.887664355739469668e-01 8.953864118419785356e-01 9.898543390643453899e-01 4.915114825664610998e-01 7.332176805746457582e-01 1.260105761573152794e+00 2.845084209252061735e-01 6.340243715087678922e-01 6.612705062511330389e-01 9.886650928923201853e-01 1.208387548402644063e+00 6.936823676833573371e-01 4.222703419043806194e-01 4.098608760089519354e-01 7.942013675930790217e-01 1.082536302382987481e+00 8.359258826024462685e-01 5.667482944498540842e-01 5.306069024707859016e-01 2.957355948271296886e-01 1.136210645417428777e+00 7.839636505470152228e-01 5.106464079778957332e-01 5.848890148355126994e-01 8.408692293402567630e-01 1.235214550030320879e+00 9.470057655482293502e-01 1.264383400022069059e+00 3.741374916981751175e-01 1.094329180130634738e+00 1.646279886484721122e-01 8.906358482760841078e-01 6.944356670362514805e-01 7.143881267498972676e-01 3.302629019960903189e-01 4.165631963725031639e-01 5.262858113114124992e-01 7.931258491313726289e-01 6.626780739765846251e-01 5.344686253692949585e-01 2.959604590370388255e-01 5.702368197840356201e-01 9.367092168333266411e-01 2.958777413991168781e-01 7.090789463757588562e-01 9.059860285505287880e-01 8.385024090227604088e-01 8.081200963757186884e-01 7.690056843443578982e-01 6.177259494354033764e-01 9.045868305304880508e-01 3.839945345685727429e-01 1.299377382998361918e+00 5.246244723046997738e-01 1.074682334226540803e+00 9.545828262934341613e-01 4.893118509962661733e-01 4.296591418745260293e-01 1.164269652448844061e+00 4.225156038345118659e-01 3.586916569083063999e-01 5.090174264810276572e-01 9.319452249713986447e-01 8.307048529044379626e-01
8.691475362679328409e-01 1.523469590473738755e+00 1.482895593867109341e+00 1.285013793239791147e+00 0.000000000000000000e+00 1.169388884402970064e+00 6.496131180753601519e-01 9.404605480508573256e-01 1.074873804000704647e+00 7.461155923546336499e-01 1.086521356051148857e+00 9.957706239532253534e-01 6.678451885065962434e-01 3.358206935852651731e-01 8.531205686188477744e-01 6.249116713349304186e-01 9.377564441298947839e-01 1.099485413898726227e+00 8.073067089472607538e-01 1.295688229464482921e+00 6.404158708726241933e-01 9.523714152020941182e-01 1.293433804196960191e+00 8.646791267657576441e-01 1.007762975172432629e+00 7.729964776679421057e-01 8.317373177993155897e-01 5.086964201303968425e-01 8.192981858446353183e-01 1.005464634718548744e+00 1.048247509917952680e+00 1.780442592657778267e-01 8.360456784669481056e-01 8.278236736277186925e-01 7.038398301529911194e-01 4.514237586597443785e-01 9.612579278725139620e-01 7.517245381366094437e-01 9.150691617196667904e-01 9.610232834458192208e-01 7.515299477632877423e-01 1.145214034741752762e+00 5.818088178515871123e-01 7.903755090411080930e-01 6.587066743049466711e-01 9.606152708662629713e-01 1.069389203683727141e+00 9.359533513051756515e-01 7.604167451427490398e-01 9.096801600330634008e-01 1.163828932698951935e+00 1.098380885200178625e+00 1.172472664684379051e+00 5.695890607202123146e-01 9.920795075128119311e-01 5.759348468640320684e-01 7.409195432995103747e-01 7.039870937913682569e-01 1.402395708125707907e+00 1.402699126961863385e+00 7.014134598234232909e-01 4.704423960777160962e-01 1.057787185895119775e+00 1.054171435724629680e+00 7.615874630857736305e-01 8.208476896164561554e-01 3.324781567678000149e-01 1.021087130661465059e+00 9.622750760646869850e-01 8.683270157894884544e-01 1.098400387275122903e+00 1.065907528312625585e+00 9.034094894613147186e-01 6.545273344821089800e-01 1.463754291961187448e+00
8.595752366607462003e-01 1.723491903636042322e+00 1.557900174838836360e+00 1.416216744981892317e+00 1.169388884402970064e+00 0.000000000000000000e+00 9.301049041712220466e-01 8.285583243300415068e-01 1.278620041916231020e+00 4.478305399698774836e-01 1.161525937022876320e+00 1.174970864447720365e+00 7.895036084378707075e-01 8.573336466718309845e-01 1.002619010965865032e+00 7.132448858009051706e-01 9.784032974440549646e-01 1.215239978796452514e+00 9.716339148637375134e-01 1.493685439375552315e+00 6.385109702512817842e-01 2.253413173149413362e-01 1.368438385168686766e+00 1.099085238299115197e+00 1.008005139079886536e+00 6.303656744557483149e-01 7.919800760645293591e-01 7.952357653712563978e-01 8.571350205289026691e-01 9.937463437926555843e-01 1.272489729806298930e+00 1.018574712105465130e+00 7.398428867056908720e-01 1.110217066228507354e+00 9.090503060625479970e-01 7.886366497631794870e-01 9.325046492960539224e-01 4.741013966680170388e-01 9.511830592632384285e-01 1.049979301970848544e+00 7.915564007781571432e-01 1.271698987442021034e+00 6.113555685002858286e-01 7.440856345301659625e-01 9.200695402963435798e-01 1.147911264627481831e+00 1.109704959207476138e+00 1.055430932273784927e+00 8.182050486460721306e-01 8.712569007746026051e-01 1.361826142610022217e+00 1.136244489808626135e+00 1.247477245656106293e+00 7.118411295831529317e-01 1.237719964105972847e+00 8.013377750997524585e-01 6.670630171074273251e-01 5.837787655660350294e-01 1.477400289097435149e+00 1.602721440124166508e+00 8.267680219973801981e-01 6.989464883252540783e-01 1.253137303968879790e+00 1.205731370663366969e-01 1.019377924174375005e+00 3.485411947865137972e-01 8.555671310147322517e-01 1.077524196275375434e+00 1.168202900691275081e+00 8.438228711810382698e-01 1.054593898918680273e+00 1.150607934200138294e+00 9.071993185008652150e-01 5.268508087374511595e-01 1.661900151916633206e+00
6.447709749573707905e-01 9.066365275669365786e-01 9.721101453875650167e-01 6.430258690938160937e-01 6.496131180753601519e-01 9.301049041712220466e-01 0.000000000000000000e+00 5.666574481792984175e-01 4.580407410939016377e-01 4.974473789837676185e-01 5.771747337153140256e-01 3.573718275518865672e-01 3.485542558531433688e-01 3.532555217492327482e-01 3.235347060439395794e-01 2.835919797373139262e-01 6.922381198844788086e-01 4.977644709318776450e-01 2.592648375772928504e-01 6.788551665576801897e-01 4.508935441293966395e-01 7.182000568972350951e-01 7.787190589250884143e-01 2.427000886455841500e-01 5.377729117819848303e-01 4.854388337038950119e-01 5.635606180929649822e-01 2.131171099300112615e-01 3.970831191934673932e-01 4.564142771886096628e-01 4.191680036777234997e-01 5.004260562902594911e-01 4.558985070081073010e-01 1.998584488174563467e-01 1.733806337663898745e-01 2.230432453500772738e-01 7.183095476448854155e-01 5.004070875885188174e-01 6.778714072515040767e-01 4.253629751811226489e-01 5.139710664453043254e-01 5.029968492019352144e-01 3.533546714097833275e-01 4.429471760215341614e-01 1.679902737709112470e-01 3.521025684659439547e-01 5.714570231803240974e-01 3.324818618708668683e-01 3.372011257014992935e-01 4.062015082660054843e-01 5.469958697921492030e-01 4.599820887988400608e-01 6.552735110257670303e-01 3.346267587626037265e-01 3.498623219729942169e-01 1.430744844568140328e-01 4.643900205266565662e-01 4.061650214348221932e-01 8.916102596461630281e-01 7.858660640550609866e-01 2.629369260661372221e-01 3.057618564024995322e-01 4.411231607628696705e-01 8.132316799343498603e-01 1.231886666844346362e-01 6.080473099259899872e-01 3.261052035099207269e-01 5.120636198585006849e-01 3.454420131578845310e-01 6.581669850675038180e-01 4.812516780405287076e-01 4.910624933517019897e-01 4.825241063949138876e-01 4.526374344971175190e-01 8.469212290543850497e-01
5.686635006152895855e-01 1.091635572195577497e+00 8.075749699761356482e-01 6.229188405838341769e-01 9.404605480508573256e-01 8.285583243300415068e-01 5.666574481792984175e-01 0.000000000000000000e+00 6.525500433918881571e-01 4.383783106887477188e-01 4.171169109250814078e-01 3.499154250772809616e-01 3.646473492017165419e-01 6.349013468677630057e-01 4.344375718174553480e-01 3.155488767159269070e-01 6.527938455048091226e-01 4.368675821910775747e-01 3.073926106020055116e-01 8.618291079350878237e-01 3.716132063650104400e-01 6.189937308845457897e-01 6.167293712078667500e-01 5.519723895567375527e-01 2.155896808896640149e-01 2.082473781660454659e-01 4.719211089833857398e-01 5.360427036315312810e-01 2.205162385012652548e-01 1.995644402958537955e-01 5.437055228888333369e-01 7.946556783741118846e-01 1.891815857060015482e-01 4.611624925499087646e-01 4.710906852278843315e-01 5.003920878637472258e-01 6.238195714678447246e-01 3.561726617415320595e-01 6.630359792117129780e-01 3.182149575342994030e-01 5.046157461741582750e-01 4.765176842465287388e-01 4.113861159160143721e-01 1.666871620935364839e-01 4.255637446467439577e-01 4.683337642298439074e-01 3.355508115095191535e-01 3.176493560231690716e-01 3.037038755188669059e-01 1.665042309599460146e-01 7.299698111695566149e-01 3.367110661746881006e-01 4.995260680659595609e-01 4.701240536329875375e-01 4.407008567536635502e-01 4.491388959181552010e-01 2.953708351509269359e-01 3.014721450252668689e-01 7.278333854789507118e-01 9.708651086837020161e-01 3.399841307520070632e-01 4.765141885211863215e-01 5.878693422405365521e-01 7.133408756517013449e-01 5.680591512012873601e-01 4.808395000784830842e-01 6.100295811045005623e-01 3.115420430967247301e-01 5.497730860673328834e-01 5.508329387968833313e-01 2.260355745886387935e-01 4.098006268667485630e-01 1.598901402820817330e-01 3.148933384440890659e-01 1.030043820476167937e+00
1.077033345821250210e+00 4.582538923398000175e-01 8.836697755432706414e-01 4.771470514062158275e-01 1.074873804000704647e+00 1.278620041916231020e+00 4.580407410939016377e-01 6.525500433918881571e-01 0.000000000000000000e+00 8.459625167287767589e-01 5.043536812190626550e-01 4.008041779322793485e-01 7.770831430741123036e-01 7.814184791874467795e-01 3.410981058317498760e-01 5.736375560653970140e-01 1.133469529302449263e+00 3.618659667077165354e-01 5.835401436931433317e-01 2.416231065058503102e-01 8.406808506643979051e-01 1.066715194642244624e+00 6.902786890807942610e-01 2.317266992856647778e-01 4.886258973733415556e-01 7.508742888129411597e-01 9.998186704162275174e-01 6.563789018810728404e-01 4.891922851780420300e-01 5.798278291683086616e-01 1.867240178390244809e-01 9.258413947844994496e-01 8.208238127326155098e-01 4.130403187386793018e-01 3.821755821828442534e-01 6.323379195285199206e-01 1.156867317156978547e+00 8.278744304248302210e-01 1.124405599579108017e+00 3.438268434096980464e-01 9.605052587729083768e-01 3.436426879353363661e-01 7.049314909295858467e-01 6.321430322244497857e-01 5.823807955308384354e-01 2.196029912632639913e-01 4.920133086029571112e-01 5.274032476559232796e-01 7.232845001397292251e-01 7.074983319140544236e-01 1.323723123433203919e-01 3.946645922949288954e-01 5.668331411814726550e-01 7.818278433082030965e-01 2.804271276405385649e-01 5.005476365640221248e-01 8.798339855967014511e-01 7.019439047256078590e-01 8.031698898018688748e-01 3.357542406478155050e-01 4.538695750031956910e-01 7.014626678976512153e-01 1.225874381998925677e-01 1.161746817679358834e+00 3.546423320933042578e-01 9.444240612048375727e-01 7.460515164816972078e-01 4.534607421393195836e-01 1.125987279360171761e-01 1.068241918542709668e+00 4.935961726679004014e-01 3.816174807308629346e-01 5.195048725889800378e-01 8.138351099716440995e-01 4.016871457735033402e-01
4.532634246848926685e-01 1.290834378448587838e+00 1.137459271727690346e+00 9.993437608922181026e-01 7.461155923546336499e-01 4.478305399698774836e-01 4.974473789837676185e-01 4.383783106887477188e-01 8.459625167287767589e-01 0.000000000000000000e+00 7.410850339117308616e-01 7.847908508064267430e-01 3.877749666932539530e-01 4.340603546234942933e-01 5.747490043341537680e-01 2.810107842075932894e-01 5.687719913403047611e-01 7.925354364476170366e-01 5.747295742605890156e-01 1.061027914188098720e+00 2.288796641475320803e-01 2.288037561955174604e-01 9.479974820575415295e-01 6.664277131116613795e-01 6.089559950767904350e-01 2.609275932763565620e-01 3.860822288803732460e-01 3.719624733229197622e-01 4.372682929013129716e-01 6.035663301513611856e-01 8.398322046188452239e-01 5.953014200571282721e-01 3.429385461025428183e-01 6.775595410410536479e-01 4.763927808750936244e-01 3.553790599411565387e-01 5.261928373202003906e-01 1.563759728144475947e-01 5.415517531594883360e-01 6.272747596220129562e-01 3.819250946744071062e-01 8.649788102141954260e-01 1.752089678490297009e-01 3.275171976341283431e-01 4.967962482480067221e-01 7.156503795702543469e-01 6.945178592547933683e-01 6.585265916706372069e-01 4.213007080429238549e-01 4.743525601714544959e-01 9.291686174225670669e-01 7.402516902730673642e-01 8.270363425449608341e-01 2.885678375348162406e-01 8.050624389185188079e-01 3.686802499122980858e-01 2.653343753628105706e-01 1.663841836369569505e-01 1.056959385986289135e+00 1.170063914936712024e+00 3.988980153656690453e-01 2.756731962769176647e-01 8.204797787814261945e-01 3.309573157330054638e-01 5.867203989869208547e-01 1.198927291857301569e-01 4.308931165978314159e-01 6.591876391214794850e-01 7.355453755038212638e-01 4.375110592051850711e-01 6.644138852773864290e-01 7.301670310889931681e-01 4.997276705300565114e-01 1.234849722446586251e-01 1.229242626729177834e+00
9.663125248423759528e-01 9.387294555008622865e-01 4.106474511803423488e-01 5.157090942764542829e-01 1.086521356051148857e+00 1.161525937022876320e+00 5.771747337153140256e-01 4.171169109250814078e-01 5.043536812190626550e-01 7.410850339117308616e-01 0.000000000000000000e+00 4.488171017469607671e-01 7.791244422780165824e-01 7.981139691547780579e-01 3.241519281844018607e-01 4.879093627276250844e-01 1.065108648779592437e+00 2.829623015132711750e-01 6.622243070532647380e-01 7.071808554477133635e-01 7.692622305920968628e-01 9.524749228206879081e-01 2.237181447488686137e-01 4.161550578415268986e-01 2.448469841432316663e-01 5.692556812342247641e-01 8.762062779924998379e-01 7.086397312282393113e-01 3.059210869676676214e-01 4.519348055052327950e-01 3.951536645303110329e-01 9.407164863744035266e-01 6.042872691561849141e-01 5.924162177904893634e-01 4.235135481755748499e-01 6.423767921516148061e-01 1.026710711031680656e+00 6.959591778438130039e-01 1.060685003438798901e+00 1.605268378093646364e-01 9.185758168918399802e-01 3.872263290128194480e-01 6.346454745971153999e-01 4.292558867060894956e-01 7.294375594772419813e-01 3.044141144241477859e-01 1.523823439499234489e-01 5.553677964007293077e-01 7.071826684499137317e-01 5.485694628021662300e-01 5.779121738784438467e-01 3.430679244452638499e-01 1.304460122982642745e-01 7.958614369202178240e-01 4.225020380393896824e-01 5.150365911080626580e-01 7.093309058686086965e-01 5.793556187386112999e-01 3.301475654389408043e-01 8.162298038088775520e-01 3.886477475452944086e-01 6.959201820787662696e-01 4.239496924348403195e-01 1.044686575039345255e+00 5.108325833105422653e-01 8.215431825286079182e-01 7.560903891047923153e-01 1.204743985601073181e-01 4.015767238945074924e-01 9.484819630239696986e-01 3.652258170565836348e-01 1.682644985814532590e-01 2.840717401221734550e-01 7.058984209612977345e-01 8.766152021010182871e-01
8.587218807233578666e-01 8.501905321703407958e-01 8.212972053458095223e-01 3.887664355739469668e-01 9.957706239532253534e-01 1.174970864447720365e+00 3.573718275518865672e-01 3.499154250772809616e-01 4.008041779322793485e-01 7.847908508064267430e-01 4.488171017469607671e-01 0.000000000000000000e+00 5.299399738082597455e-01 6.954829435672551519e-01 4.273475432469896473e-01 5.961125948577425948e-01 8.877418715293666773e-01 2.753036102628584336e-01 2.596319258636149985e-01 6.244084266111363801e-01 6.972682792150906028e-01 9.654062710022248694e-01 6.304516065775404021e-01 2.249134707658275445e-01 2.188852632409835630e-01 5.581409265524613916e-01 7.313251765917365699e-01 5.026890796806587902e-01 4.073500525687808738e-01 1.874707929743878176e-01 2.576494975977989266e-01 8.465835621681246925e-01 4.534829411929055532e-01 1.727888997978060670e-01 3.968428435116826414e-01 5.692007512279424475e-01 8.888671340288966105e-01 7.039002204698047160e-01 8.989369619883506024e-01 3.582609291194820966e-01 7.288827420969155035e-01 2.394670378602861416e-01 6.812368019183677736e-01 4.845473209249661628e-01 3.591344195976018949e-01 3.248874357272750757e-01 3.229125306046131128e-01 1.403480811516888971e-01 4.071881189716488048e-01 3.243074107839393760e-01 4.978462842402595623e-01 1.308116717348463132e-01 5.132483034356334350e-01 5.828001536531565163e-01 1.280033437077016112e-01 4.709566149653984790e-01 5.745157320967522185e-01 6.399351376243386236e-01 7.415556208486245859e-01 7.276908804783561724e-01 5.106308372113349536e-01 6.195751046172034426e-01 3.734226282104052830e-01 1.059753415769380647e+00 2.651998170846904257e-01 8.272520401961620529e-01 6.722627093877857618e-01 3.391075486533643435e-01 2.940819876337859018e-01 8.262980224500974247e-01 1.238798504886421126e-01 3.626844213560549424e-01 3.176147767313584058e-01 6.613058785617680346e-01 7.939713053162990031e-01
3.496483220193661312e-01 1.231471014906055483e+00 1.169582501329070157e+00 8.953864118419785356e-01 6.678451885065962434e-01 7.895036084378707075e-01 3.485542558531433688e-01 3.646473492017165419e-01 7.770831430741123036e-01 3.877749666932539530e-01 7.791244422780165824e-01 5.299399738082597455e-01 0.000000000000000000e+00 3.549705165128655970e-01 6.474616761905049866e-01 4.288504344380957289e-01 3.697323449864422518e-01 7.885416213376821304e-01 2.728545607907419956e-01 1.004460955456522031e+00 2.358824500820660142e-01 5.780884642372045024e-01 9.787369025608017026e-01 5.503830303243152366e-01 5.718424639250735408e-01 3.062735466158284514e-01 2.227355273421151305e-01 1.949367774015395016e-01 5.427646692606493684e-01 4.169924066684667086e-01 7.205359024503715792e-01 5.162514426573308057e-01 1.754657634957149659e-01 3.937305676146630740e-01 4.779112672191751510e-01 3.492214138343711083e-01 3.797841740828664658e-01 3.359658715129722473e-01 3.757984206939800620e-01 6.802224888872342445e-01 2.057442008025450741e-01 7.526325413258048158e-01 3.098330460171920264e-01 4.010816410857317438e-01 1.979098859427364243e-01 6.777083573647857406e-01 6.975583428624541060e-01 4.032366874999629425e-01 1.375630678517716088e-01 2.847409950800696699e-01 8.726016586909908224e-01 6.468508469172533637e-01 8.615335994188942914e-01 1.282399215334722453e-01 6.053879495566736324e-01 3.719658214819574482e-01 1.319031268640590004e-01 3.988869265513215190e-01 1.089840916831885886e+00 1.110700551394179669e+00 5.269758273583700081e-01 2.321249440385403928e-01 7.667289496617114564e-01 6.742861597595302126e-01 4.286893516655772007e-01 4.409624136513564663e-01 3.680323877022539381e-01 6.735495744496596826e-01 6.668239364462343888e-01 3.236286275309271376e-01 5.254456542276789710e-01 7.718081582196835155e-01 5.018039490625317844e-01 2.644819061144662586e-01 1.172300269095606806e+00
5.562728642742025276e-01 1.230014265660481998e+00 1.194488206970737654e+00 9.898543390643453899e-01 3.358206935852651731e-01 8.573336466718309845e-01 3.532555217492327482e-01 6.349013468677630057e-01 7.814184791874467795e-01 4.340603546234942933e-01 7.981139691547780579e-01 6.954829435672551519e-01 3.549705165128655970e-01 0.000000000000000000e+00 5.647131817224768646e-01 3.313348455623617572e-01 6.248817721361646926e-01 8.110780270023553173e-01 4.981834867911136278e-01 1.002232904651225276e+00 3.275411988788937134e-01 6.403161774709547061e-01 1.005026417300588948e+00 5.712238019524999988e-01 7.141861493998639121e-01 4.609412399368025826e-01 5.191540656887995153e-01 1.992885249749973831e-01 5.257213600720667124e-01 6.963414125624020068e-01 7.547921851046954789e-01 1.764626389322972722e-01 5.234624263564323643e-01 5.226940437694488351e-01 4.154324432566200986e-01 1.805443993960414439e-01 6.486746757619984427e-01 4.396693004054700871e-01 6.021944897259365881e-01 6.726158965494482000e-01 4.386552757695571514e-01 8.498253191724649547e-01 2.750747777283463757e-01 4.880192711042585230e-01 3.530934245872994204e-01 6.703936218360707633e-01 7.795101561342934193e-01 6.308237214469059051e-01 4.510088499873498580e-01 6.002722648776643855e-01 8.703736078856942893e-01 8.020232888740513877e-01 8.840652777880080304e-01 2.567143887264816682e-01 6.966907919435237906e-01 2.875274599676610476e-01 4.283362911889946334e-01 3.972530536681274649e-01 1.113988321229336220e+00 1.109243802148606184e+00 4.115344122739891253e-01 1.583871583465765454e-01 7.645008988564145902e-01 7.421161979934903785e-01 4.652298667596460602e-01 5.087924518853167433e-01 1.225297092751175959e-01 7.326797437650942602e-01 6.688197512514297838e-01 5.557437636789727131e-01 7.932707574168530451e-01 7.775001414162548974e-01 6.098326636887461127e-01 3.424720967509695124e-01 1.170298967147929581e+00
8.218960084838520253e-01 7.853810427514943404e-01 7.205261660003617896e-01 4.915114825664610998e-01 8.531205686188477744e-01 1.002619010965865032e+00 3.235347060439395794e-01 4.344375718174553480e-01 3.410981058317498760e-01 5.747490043341537680e-01 3.241519281844018607e-01 4.273475432469896473e-01 6.474616761905049866e-01 5.647131817224768646e-01 0.000000000000000000e+00 2.999620954281193574e-01 9.230968782747039914e-01 2.965463089288059573e-01 5.522710664007990378e-01 5.555745784910044449e-01 5.866363347740550793e-01 7.923040887682597511e-01 5.310643763302126397e-01 2.161061790056521270e-01 2.949754803014703053e-01 4.606827491657364271e-01 7.723318912380283674e-01 4.705679695233043192e-01 2.139213333161901764e-01 5.012884646759891982e-01 3.356356079591801267e-01 7.073156989421022223e-01 5.896181105785066601e-01 3.817712414463350634e-01 1.695504089713297802e-01 4.089760047193137238e-01 9.041653352771756857e-01 5.479604225819023622e-01 8.958766400938877883e-01 1.777515583336072846e-01 7.362499816088061699e-01 3.618898194190195428e-01 4.438584525781923973e-01 3.393075238069599986e-01 4.860884410062181193e-01 1.864715640759187498e-01 3.259924678725671932e-01 5.382356827421087564e-01 6.552992929368062214e-01 5.890107580230939943e-01 4.237152817254733472e-01 3.932776314053749167e-01 4.101032368176317222e-01 5.930488045810566877e-01 3.359914690227749356e-01 2.811501751023199880e-01 6.348970346237814422e-01 4.239253186908968907e-01 6.400262802589598010e-01 6.646105792396187484e-01 1.802352872897133029e-01 4.713599770201348793e-01 3.029873561990750752e-01 8.857457867289927345e-01 2.847710430544734272e-01 6.664054751701267154e-01 5.226896016724910110e-01 2.629117277917700779e-01 2.331179917431709103e-01 8.131045812053112609e-01 4.153543132148222461e-01 2.742257488129446474e-01 2.848397614391628974e-01 5.527620716202508167e-01 7.237892910320846696e-01
5.378434242871307225e-01 1.018509417785208537e+00 8.842836005435850133e-01 7.332176805746457582e-01 6.249116713349304186e-01 7.132448858009051706e-01 2.835919797373139262e-01 3.155488767159269070e-01 5.736375560653970140e-01 2.810107842075932894e-01 4.879093627276250844e-01 5.961125948577425948e-01 4.288504344380957289e-01 3.313348455623617572e-01 2.999620954281193574e-01 0.000000000000000000e+00 6.390442940779826886e-01 5.276712267021919089e-01 5.075882056291457500e-01 7.887029535247186418e-01 3.025837505773342206e-01 5.013400385269184412e-01 6.948218108734359744e-01 4.132600288673785038e-01 3.850410040120181843e-01 2.092371135080112743e-01 4.882793070413069536e-01 2.939727531482705936e-01 1.965762146842208458e-01 5.053351594375166123e-01 5.680578786840591032e-01 4.791068016581849220e-01 3.841592048412620364e-01 4.637041417945999555e-01 2.142845892069370484e-01 1.848432111478202633e-01 6.201127510804544940e-01 2.629724537875090529e-01 6.118240558971664855e-01 3.657684515090042221e-01 4.521973974120851447e-01 6.044670236547068365e-01 1.598058683814713166e-01 1.654638377061776466e-01 3.716777179289094124e-01 4.433254189068747131e-01 4.538257810377012702e-01 6.121383105210582709e-01 5.053652090581932654e-01 4.462839275389086646e-01 6.568436567591874331e-01 5.110906183951390291e-01 5.738606713608550569e-01 3.110961117958399580e-01 5.406683461682156855e-01 1.410643162909393233e-01 3.743333849361414889e-01 1.370419280882866075e-01 8.037837148021831357e-01 8.977389542733328343e-01 1.223356010236570368e-01 2.086315066078650582e-01 5.481548181180462276e-01 5.963716615640329843e-01 3.600463664818908116e-01 3.795220845675161825e-01 2.944807043885736553e-01 4.169855814690379137e-01 4.632204148404414634e-01 5.290519970085901802e-01 4.847932276798961881e-01 4.706526963758106419e-01 2.784978181263843000e-01 2.658381138445367609e-01 9.569176660657987554e-01
2.777331667635845602e-01 1.587857401134392443e+00 1.455566707830646234e+00 1.260105761573152794e+00 9.377564441298947839e-01 9.784032974440549646e-01 6.922381198844788086e-01 6.527938455048091226e-01 1.133469529302449263e+00 5.687719913403047611e-01 1.065108648779592437e+00 8.877418715293666773e-01 3.697323449864422518e-01 6.248817721361646926e-01 9.230968782747039914e-01 6.390442940779826886e-01 0.000000000000000000e+00 1.086101098538756249e+00 6.350248062397834126e-01 1.360568476127719473e+00 3.441538676876225167e-01 7.665629383653763673e-01 1.264721109062376669e+00 9.067694165526521966e-01 8.648231972373428000e-01 5.356747795711026550e-01 1.968583865228177576e-01 5.036334743587020935e-01 7.992285521902501300e-01 7.492925766298271784e-01 1.078765584375060760e+00 7.861626982806297903e-01 4.781620056775094385e-01 7.584499173458376653e-01 7.906797645551997267e-01 5.973827516483387612e-01 1.712138747933834304e-01 5.315677001794681944e-01 1.617226925234447887e-01 9.662066953888099885e-01 1.881967716560210835e-01 1.115111761038249938e+00 4.871570203213272943e-01 6.461234600148212381e-01 5.561395678674255771e-01 1.033815878035982516e+00 9.835425493640298500e-01 7.569343277805019587e-01 4.881450376214310216e-01 6.131396728543556662e-01 1.228709179362188486e+00 9.684390673509565284e-01 1.147517805920470479e+00 3.693372757553836094e-01 9.701072992878482237e-01 6.705365327494657857e-01 3.596020178453492866e-01 5.948540915751887592e-01 1.375825123333461963e+00 1.467086937622516629e+00 7.533296526343749022e-01 4.752222258995739690e-01 1.122836470332908565e+00 8.631858487657144696e-01 7.847968723367741983e-01 6.298621026575408344e-01 6.317799932370179450e-01 9.595337809512354266e-01 1.023210322674571238e+00 2.075316411458804633e-01 8.418839225534836546e-01 1.057792364721259482e+00 7.810369086574187047e-01 4.515524887066034165e-01 1.528634538624423111e+00
9.961733421562224411e-01 7.682968408811857719e-01 6.483158855225842343e-01 2.845084209252061735e-01 1.099485413898726227e+00 1.215239978796452514e+00 4.977644709318776450e-01 4.368675821910775747e-01 3.618659667077165354e-01 7.925354364476170366e-01 2.829623015132711750e-01 2.753036102628584336e-01 7.885416213376821304e-01 8.110780270023553173e-01 2.965463089288059573e-01 5.276712267021919089e-01 1.086101098538756249e+00 0.000000000000000000e+00 5.272914255455435351e-01 5.380620110959761782e-01 7.991230479059434622e-01 1.005403355135796595e+00 4.506145709135738198e-01 2.977785905443280368e-01 2.222331483425050713e-01 5.991164985480713634e-01 9.052283620173328105e-01 6.874267583071578258e-01 3.599399700052528517e-01 3.874561893838604498e-01 1.860894890735423357e-01 9.536805442219806750e-01 6.130758578419670535e-01 4.169733384063261106e-01 3.991175894922304734e-01 6.553408499991921765e-01 1.056571528345527033e+00 7.519208965032216918e-01 1.090545820752645945e+00 1.652606768256041081e-01 9.379229992081054013e-01 1.513876008022823905e-01 6.838275238314830418e-01 4.884024727399001176e-01 6.207150571783277559e-01 1.697491331684455595e-01 1.643735831383996704e-01 4.074368733565847389e-01 6.662266868345558812e-01 5.078993711989588933e-01 4.112601302141383197e-01 1.553487233888569130e-01 3.274400705154295044e-01 8.217229569104764764e-01 2.012592882666903171e-01 5.267531377796919045e-01 7.286780881848741176e-01 6.316940845781591207e-01 5.678159997811821347e-01 6.457971891892012595e-01 4.133044726716478268e-01 7.188154051872057693e-01 2.583519461050844956e-01 1.098366754559580993e+00 4.096532044141695250e-01 8.769476198907837361e-01 7.690544469523695748e-01 2.737203729248126050e-01 2.770638632895990883e-01 9.783427803378159648e-01 2.759115066579084785e-01 1.150246383761726887e-01 3.139325574360200544e-01 7.400497300612001172e-01 7.074963577492813238e-01
6.101918211316187390e-01 1.041240016695225368e+00 1.044356831392404539e+00 6.340243715087678922e-01 8.073067089472607538e-01 9.716339148637375134e-01 2.592648375772928504e-01 3.073926106020055116e-01 5.835401436931433317e-01 5.747295742605890156e-01 6.622243070532647380e-01 2.596319258636149985e-01 2.728545607907419956e-01 4.981834867911136278e-01 5.522710664007990378e-01 5.075882056291457500e-01 6.350248062397834126e-01 5.272914255455435351e-01 0.000000000000000000e+00 8.166395393682325254e-01 4.640937924185735142e-01 7.614095393845046189e-01 8.535112326241356406e-01 3.565224960166050727e-01 4.178044494311841106e-01 4.016346930955358996e-01 4.817566463468562765e-01 2.988949618161162447e-01 5.171850747157777928e-01 2.107166280691830373e-01 4.765188791257781720e-01 6.558595150662630546e-01 2.372836690394720116e-01 1.704998249544642241e-01 4.256192072471111643e-01 4.247265104231389143e-01 6.388052930876078062e-01 5.142243108678291597e-01 6.459422499330845779e-01 5.633223536624825112e-01 4.765933294579016710e-01 4.912705009925938948e-01 5.143565694897751506e-01 4.277567605214436242e-01 1.486000346423143603e-01 5.006880364354464596e-01 5.538568257073066547e-01 1.414145929975385019e-01 1.608348530071066207e-01 1.469366706887125784e-01 6.847802426027014278e-01 3.739962861265114791e-01 7.363079294822284515e-01 3.452850556821285832e-01 3.524349205969291576e-01 3.665238893382063989e-01 3.339724033559677840e-01 5.161186827183954495e-01 9.646152468952198245e-01 9.188960844156629504e-01 5.176432637589123420e-01 4.024582824291009775e-01 5.831465206574845128e-01 8.564164661853970184e-01 2.758851347062326598e-01 6.237077753699667992e-01 5.098087818404699600e-01 5.529418804808193810e-01 4.732809370652654724e-01 5.777679628583579641e-01 3.081473130646074088e-01 6.081188704998312655e-01 4.363407717787523010e-01 4.512446020159305848e-01 9.820692708847771346e-01
1.296319286063639220e+00 2.390466692592071729e-01 1.084843750776120830e+00 6.612705062511330389e-01 1.295688229464482921e+00 1.493685439375552315e+00 6.788551665576801897e-01 8.618291079350878237e-01 2.416231065058503102e-01 1.061027914188098720e+00 7.071808554477133635e-01 6.244084266111363801e-01 1.004460955456522031e+00 1.002232904651225276e+00 5.555745784910044449e-01 7.887029535247186418e-01 1.360568476127719473e+00 5.380620110959761782e-01 8.166395393682325254e-01 0.000000000000000000e+00 1.059966790906786915e+00 1.281780592101565919e+00 8.903234364700960413e-01 4.601170433516274527e-01 6.979049619165410556e-01 9.659396862722628985e-01 1.227196482798637467e+00 8.771933273448515589e-01 6.984713497212416966e-01 7.900117252308468396e-01 3.797080327359691476e-01 1.146655820248278168e+00 1.048999466166191219e+00 6.461397144137682735e-01 6.014615224252332082e-01 8.531523449922985280e-01 1.378588612856962659e+00 1.042939827884151960e+00 1.346201763494743631e+00 5.528855477191101375e-01 1.182301422688544656e+00 5.280636378201842840e-01 9.230494106351054828e-01 8.423103487451801819e-01 8.107711395968012491e-01 4.214121173941645093e-01 6.901601394840444215e-01 7.576846848214970898e-01 9.563838958148181968e-01 9.220828967366455631e-01 1.318592967655309589e-01 5.791607193693139033e-01 7.668778885707744353e-01 1.002957115005843836e+00 4.985248978888959792e-01 7.213620620278006212e-01 1.108778800517992824e+00 9.170093021849293757e-01 1.004343865034719396e+00 1.225172252375489323e-01 6.689349724625172078e-01 9.207486081400402256e-01 2.869869146655278924e-01 1.376812215138680795e+00 5.830326761592669049e-01 1.159489458664159089e+00 9.668659419454759263e-01 6.627398066825194167e-01 3.490484910395227902e-01 1.287527858785098234e+00 6.998854254490401994e-01 5.797643116119506335e-01 7.287839371321798154e-01 1.031953029677163736e+00 1.719866977870829761e-01
2.364155346558507453e-01 1.287748151916043193e+00 1.159720289643150659e+00 9.886650928923201853e-01 6.404158708726241933e-01 6.385109702512817842e-01 4.508935441293966395e-01 3.716132063650104400e-01 8.406808506643979051e-01 2.288796641475320803e-01 7.692622305920968628e-01 6.972682792150906028e-01 2.358824500820660142e-01 3.275411988788937134e-01 5.866363347740550793e-01 3.025837505773342206e-01 3.441538676876225167e-01 7.991230479059434622e-01 4.640937924185735142e-01 1.059966790906786915e+00 0.000000000000000000e+00 4.266706111726035755e-01 9.688746908748822051e-01 6.440945793991557089e-01 5.813359331981495792e-01 2.163608147274321269e-01 1.969601838719679532e-01 2.377764341993855446e-01 4.906094628977621941e-01 5.160437585600252675e-01 8.219446922253053067e-01 4.888221250233589221e-01 2.437853380221850774e-01 5.493160473692698664e-01 4.664903480055263008e-01 2.908610835863056909e-01 3.249539058319424467e-01 1.980677174664030593e-01 3.169336295068059250e-01 6.670786163770119348e-01 1.573069710217248063e-01 8.422639365550146362e-01 1.506964768206785488e-01 3.502770418273257191e-01 3.500713758877709303e-01 7.201600749280245850e-01 6.876961311765346085e-01 5.603360894678212079e-01 3.088013548515255446e-01 3.808264164270838692e-01 9.281074941412559287e-01 7.032300793802761518e-01 8.516713877329745719e-01 1.355780939970957777e-01 7.656887191261866343e-01 3.463471161997924153e-01 1.486592028547472910e-01 2.611596863015008263e-01 1.079978705145966167e+00 1.166977688404167379e+00 4.168691091337261567e-01 1.737426916280348788e-01 8.204377037476551227e-01 5.232935215729416223e-01 5.447594062265388448e-01 2.899697754647680981e-01 3.311458162460123589e-01 6.636873627637400741e-01 7.280821227283806873e-01 2.307765889200093512e-01 5.928352574912285622e-01 7.619459465337639070e-01 4.851904904699231857e-01 1.116601615138306663e-01 1.228032853403490998e+00
