0.000000000000000000e+00 6.003423609674589656e-01 5.760222812137194559e-01 5.468027760294432715e-01 4.830324242654644995e-01 4.166901328720731823e-01 3.807503264942523336e-01 3.588937479927106766e-01 3.065445247709930321e-01 2.850302811191328112e-01 2.650968333875257654e-01 2.358067646314125909e-01 4.346075558386813253e-01 2.255643973265843150e-01 3.748227031828837430e-01 2.300631963809862679e-01 1.875044635099139545e-01 1.770258412255138747e-01 3.154622352818843845e-01 4.555867172676753007e-01 4.439697852512894949e-01 1.552138073082610092e-01 1.455691073240168443e-01 5.461069387992976143e-01 3.343756957882057512e-01 5.057380186609206074e-01 2.343100510802166303e-01 3.025251316887594411e-01 2.587915960410638871e-01 3.247858268446736640e-01 1.320073957309319534e-01 2.595438648157278316e-01 1.194914100752521025e-01 4.411318950658328908e-01 2.986055874323891857e-01 1.193160312042964855e-01 3.500477110387463231e-01 5.228288843428214872e-01 1.779965713818476292e-01 2.258864985813923143e-01 2.361521002022824445e-01 3.656613785736305133e-01 3.886392377560029532e-01 1.731902760162319921e-01 2.790293827978075347e-01 4.149923742734736853e-01 2.717400101562606474e-01 2.177083763318186371e-01 8.757650719879921108e-02 2.068482838237468147e-01 3.559766184870507000e-01 5.240767954749169233e-01 5.040486884073933638e-01 1.712651738221605269e-01 4.167849128711090256e-01 2.475273259859863961e-01 4.416391970616397877e-01 3.285893969301599826e-01 3.752901378773431662e-01 2.727406275825198789e-01 5.125291099609354806e-01 3.759514206779844270e-01 3.309245784308306737e-01 1.846073902154460045e-01 4.832908003115591322e-01 3.072424390517792814e-01 2.243677104193304017e-01 7.891768601721824150e-02 3.801662823949003012e-01 2.739191731419632903e-01 3.854153719731384653e-01 5.096047692779142047e-01 2.235705756039632341e-01 2.214341567123732646e-01 1.022398320466311739e-01 7.412711281240773331e-02 1.194415591203318860e-01 3.623805636506124972e-01 3.102438919029009146e-01 2.519136951834929916e-01 5.034947415050884389e-01 4.892129419919567512e-01 2.793354276123436453e-01 1.719124208660776365e-01 1.933246682839317721e-01 4.934709448018939071e-01 4.395024776023320756e-01 2.824107562625046697e-01 3.251774145599470867e-01 3.642872140256114832e-01 4.689108149688434035e-01 2.422604557672806691e-01 1.058986689652512136e-01 3.632346124572273238e-01 2.912844081150057773e-01 2.948640321035216338e-01 2.792906721828133376e-01 3.982919217477508544e-01 2.102363779659438825e-01 3.834620363742102800e-01
6.003423609674589656e-01 0.000000000000000000e+00 1.035982152217568952e+00 1.053241593645453555e+00 1.055299120539539892e+00 7.186157191425074364e-01 7.238565464586922404e-01 6.999961186654596323e-01 3.033264697963347079e-01 8.597898333051992026e-01 5.264031245668285841e-01 5.080095238881877640e-01 8.612911665792440941e-01 4.999146747696032178e-01 8.733930182325922997e-01 7.529381964035192221e-01 6.946980914840283905e-01 5.753927082803863557e-01 8.877289315559596661e-01 8.723336950706827020e-01 1.564645824707205646e-01 4.597751342662902418e-01 4.740789376848100756e-01 9.344863421354699939e-01 7.976275735474772643e-01 9.835581394950627665e-01 6.293227297835478629e-01 5.852588097237153564e-01 6.026637837135074838e-01 7.420126790007085527e-01 5.447159757996621332e-01 4.090305763512823711e-01 6.372050309650519884e-01 9.538335627133298633e-01 8.618507819792625702e-01 5.702722750702420296e-01 8.432258981411419052e-01 9.544540182281719964e-01 7.640125098404576542e-01 4.010231541161051183e-01 4.167002460192689717e-01 8.881298685636273005e-01 9.609059340300782903e-01 5.255779793861944382e-01 7.889492064163463603e-01 7.897663449256386858e-01 6.147236592536938771e-01 5.245150445887716284e-01 6.575279569092628007e-01 6.677508307208580574e-01 6.545053546393377886e-01 9.580101565877913172e-01 1.008245175062134180e+00 4.895852750661891517e-01 9.890516091451844183e-01 8.197940222600617055e-01 9.102445144515470821e-01 6.505009081229763401e-01 9.310551051927314914e-01 7.311712854721076349e-01 9.012923173659979914e-02 2.248514813988572447e-01 9.031912747049060108e-01 4.712259430511172020e-01 8.707128111931835557e-01 8.542585093329702062e-01 4.735910777719986031e-01 5.269366331621967436e-01 7.717628533839303584e-01 5.949962723943097442e-01 9.006412810959710802e-01 9.844878583077452117e-01 7.943026853443573287e-01 3.793687453644684071e-01 5.575830363248042154e-01 5.634838019421771760e-01 6.932744115649487338e-01 6.666487391785831385e-01 7.706789640169202649e-01 5.810570048048978586e-01 9.292601702973753985e-01 9.956517596079671462e-01 5.738157450254361969e-01 4.756047746807978704e-01 4.740714379539711087e-01 8.887027917831921142e-01 9.425062778896839966e-01 6.670244564700684720e-01 6.706445119925871223e-01 8.057136181667488017e-01 9.387293039581178222e-01 3.629382738541878095e-01 6.341682790913192314e-01 9.355013087313026610e-01 6.610095953689910653e-01 3.679922674740885302e-01 5.360790734480698205e-01 8.615437995070224231e-01 5.426942428788400496e-01 8.906297545149817196e-01
5.760222812137194559e-01 1.035982152217568952e+00 0.000000000000000000e+00 5.389797039959737246e-01 5.576269394037572935e-01 8.999838010957109669e-01 9.337388053622786011e-01 3.619033517424549151e-01 7.340137677039024755e-01 2.932481478315169809e-01 7.216265643558925635e-01 7.903588132937110489e-01 2.072155438089725854e-01 5.389143533683595777e-01 4.097706815828482951e-01 3.459590848327335766e-01 4.456046077095726643e-01 4.754556129465378755e-01 4.636882342221566589e-01 1.664953330672801213e-01 8.844053276608392355e-01 6.284851946197905770e-01 6.566682113419394229e-01 1.383913125521161192e-01 3.105412656351502210e-01 1.489302273806906995e-01 4.402441534203470619e-01 8.036008738481225100e-01 8.206929327982951383e-01 3.208093522127761776e-01 6.814298240972374021e-01 6.658545587501947249e-01 4.687071424816485199e-01 4.322111066161588577e-01 3.707107680864549781e-01 5.211655390863650927e-01 2.259745701749735491e-01 1.076007431856862151e-01 4.005542657627848002e-01 7.371371437057439024e-01 6.192819061982997031e-01 3.111260688000871411e-01 4.806589694670304613e-01 6.247473461222593505e-01 3.704993482005787264e-01 2.614333865052049788e-01 4.248451243718935899e-01 5.150537390368159496e-01 4.971500222566627158e-01 3.928703965154436983e-01 8.392702867106882625e-01 8.774336379665798047e-02 4.985080194315053559e-01 5.611252805767814600e-01 5.232170839599719070e-01 3.932316992861653593e-01 1.394411488648274466e-01 8.815778757981862501e-01 2.029882910733066537e-01 3.531397839442331765e-01 9.524325272265589115e-01 8.136265365310920705e-01 3.867141861036026973e-01 7.248953358844030248e-01 1.893868912825537876e-01 2.870576278722870023e-01 7.254434525786935817e-01 6.012149102140239565e-01 2.670661747540324926e-01 7.497457845487633943e-01 3.679095077733383623e-01 7.557715802434190888e-02 4.036922327149507495e-01 6.793727998979922633e-01 5.364513240525917714e-01 5.907248794057614605e-01 4.565807220933880139e-01 8.492521571867153174e-01 2.821171385005044052e-01 4.654758848484485401e-01 1.754927437833810611e-01 5.010542371101343040e-01 8.323239064803702458e-01 7.194958548006551435e-01 6.000920932135446195e-01 1.501901169317460538e-01 4.355878972790209747e-01 3.857315982390623343e-01 8.821739386001691274e-01 2.518704366994303778e-01 1.194594760041153420e-01 7.151270787506934790e-01 5.190592790481540764e-01 4.526064062949109457e-01 3.778194327689717857e-01 6.760522742503231042e-01 7.803664143421764621e-01 2.610647315837610893e-01 6.892788902460921241e-01 4.089334922044920995e-01
5.468027760294432715e-01 1.053241593645453555e+00 5.389797039959737246e-01 0.000000000000000000e+00 5.777316527936170454e-01 8.585077776596442556e-01 9.134264013347541677e-01 4.557580309069736435e-01 7.590605610206243581e-01 3.080513507220973834e-01 6.834303438447393297e-01 7.463275460528768779e-01 5.132336965944290785e-01 5.718579933938793269e-01 2.066873120982841983e-01 4.658272775179019276e-01 3.658923287089036469e-01 6.089505183200412120e-01 4.541749772507563954e-01 3.939249479049540259e-01 8.977654360228052299e-01 6.818148213829769988e-01 6.126369441011052519e-01 5.326180071435582253e-01 3.321994905379670460e-01 4.933047981345118904e-01 4.463598814477032217e-01 7.598143264864207769e-01 7.900714141967607462e-01 5.535898725252189623e-01 6.758798497121223381e-01 6.561375978077574889e-01 5.060788546806030963e-01 1.174641656498327663e-01 4.236700648211801923e-01 4.829693185752118589e-01 4.195556868819885210e-01 5.448381920576373938e-01 3.767592796987768167e-01 7.091030605106817264e-01 6.769525347323787079e-01 2.305664063356201998e-01 4.847966859742440793e-01 5.865511256111062277e-01 2.677733932316358478e-01 4.516469901987666402e-01 5.199895800499892973e-01 5.819457769269525960e-01 4.597086837346179289e-01 5.248696481870888109e-01 7.977942632746218843e-01 4.764235169779702517e-01 8.624711480679876641e-02 6.718449831946223805e-01 5.502036459614463304e-01 3.770890480093113672e-01 4.673859975744305562e-01 8.660636083721424683e-01 3.438332023816064731e-01 3.477091876337578547e-01 9.695321055357529749e-01 8.350579771921720074e-01 4.019208795668867129e-01 7.284798441966363614e-01 4.712396236325481214e-01 3.961158530706988534e-01 6.816569052169917375e-01 6.194603973479005932e-01 3.995126745669350110e-01 7.091751380604097710e-01 1.710701962226353068e-01 5.040934058140761342e-01 4.217608266627177471e-01 7.554755406465184508e-01 5.944242260049681370e-01 5.234075855813037359e-01 4.431360306165799123e-01 8.069390752758701657e-01 4.825878331468315130e-01 5.093684170336464367e-01 5.568166421676786770e-01 7.135465155085946032e-02 8.078676550108244703e-01 6.754645875598209726e-01 5.791701556914826687e-01 5.395338509336697896e-01 1.368734811318038369e-01 5.283060409873725494e-01 8.580521424758403848e-01 4.865726808724862851e-01 4.380922241422436914e-01 7.175579526176631973e-01 4.474981232535664155e-01 4.808533544832228057e-01 4.304590613086840545e-01 6.959463103341534396e-01 7.365798669804746179e-01 2.949367720132310411e-01 6.454923428843902800e-01 1.680794197331358375e-01
4.830324242654644995e-01 1.055299120539539892e+00 5.576269394037572935e-01 5.777316527936170454e-01 0.000000000000000000e+00 8.877074305720505931e-01 8.635695489832863059e-01 5.449566239640689647e-01 7.610407432336909750e-01 2.843071784977283523e-01 7.295524512183784172e-01 7.188391888968769239e-01 4.706699525077491786e-01 6.546940252686037631e-01 4.632650489585340425e-01 3.509079927158216816e-01 4.148193003509434984e-01 5.235989865153035661e-01 1.746045278292903125e-01 4.464455888454031962e-01 9.013985909768640337e-01 6.022696559115296999e-01 6.242202920529960064e-01 5.783934713336529310e-01 4.769599303746326902e-01 4.918286437713736414e-01 5.356208998590892278e-01 7.800641260592636739e-01 7.418240203065281646e-01 4.735208372223703166e-01 6.112605677182449959e-01 7.124133959972759333e-01 4.259454966552339572e-01 4.643801049728082941e-01 2.213376189094349578e-01 5.392451167647300814e-01 3.594005465969070112e-01 5.217341271680434600e-01 3.204819801111602473e-01 7.051889593674687262e-01 6.719971494218948127e-01 3.882695003526639987e-01 1.022375191457507437e-01 6.376458938470845883e-01 3.673693894175024677e-01 5.235362441048930782e-01 5.623189704981983450e-01 6.135822790568901119e-01 4.253159575306251772e-01 4.395181163823510540e-01 8.269939161870282218e-01 5.056964698896712074e-01 5.375843541730204178e-01 5.883051437287252217e-01 8.471042045766100093e-02 2.355050982794780201e-01 4.398959059922024628e-01 8.114086194191939549e-01 3.664875426430576066e-01 4.402260507337804607e-01 9.686698109399292100e-01 8.304476391406823144e-01 1.863861052913004246e-01 6.547260795054105076e-01 5.229706926134795042e-01 3.023813913280861132e-01 7.019067047898345235e-01 5.399152318764532943e-01 5.042128132821872555e-01 7.383747909728158865e-01 4.086635818801139242e-01 4.956953943883671831e-01 2.728234600213513272e-01 6.759303751750711520e-01 5.105706944053007845e-01 5.316584689064617342e-01 3.635908651451325579e-01 8.361387281882765032e-01 3.902032189359543879e-01 5.986294354450325539e-01 5.205390859046420404e-01 5.234653847965510254e-01 7.621546501013779507e-01 6.549448451315419417e-01 6.354459538810012242e-01 5.349150938865341320e-01 4.877046379932106213e-01 4.992138923087421909e-01 8.082098388254111976e-01 4.256523517347486352e-01 4.499612329698079449e-01 7.247620092397097924e-01 4.784806483260973242e-01 1.234620004780238312e-01 5.197200797200700606e-01 7.437689279245356389e-01 7.568296665533176260e-01 4.130437044150875869e-01 6.746919957967965065e-01 4.235816026295921022e-01
4.166901328720731823e-01 7.186157191425074364e-01 8.999838010957109669e-01 8.585077776596442556e-01 8.877074305720505931e-01 0.000000000000000000e+00 6.087522147903731140e-01 6.165027424176502402e-01 4.299882143450453609e-01 6.631401676852439753e-01 2.297389444334483055e-01 4.188543999856156330e-01 8.113218460164621781e-01 4.252069217138824686e-01 6.826269740632839866e-01 6.391994483602079224e-01 4.926154489507409973e-01 5.822664902646198515e-01 7.235157844658792747e-01 7.399751874222177950e-01 5.621899677254826866e-01 4.669742167644450048e-01 2.860305072453326880e-01 8.665127815500214270e-01 6.147233994990095596e-01 8.634651870898697457e-01 4.922866865323926588e-01 1.340565646313024162e-01 4.853972276523798590e-01 7.114049544502757394e-01 4.078109272144012087e-01 3.434975177716707573e-01 5.361815429473252292e-01 7.573342911624125762e-01 7.077418394116109512e-01 3.788182620093460407e-01 7.591839630179678666e-01 9.028522828433426239e-01 5.688760259726205470e-01 3.565410066885051354e-01 4.730875623493769333e-01 6.880648843998968811e-01 7.933142440625892133e-01 2.913030733547412598e-01 5.923616517875548437e-01 7.134237027787447838e-01 5.689121271311065042e-01 5.056699657892786970e-01 4.623914730414256380e-01 6.235384166958198859e-01 9.005954790751911909e-02 8.281458787637734353e-01 8.135113590763247693e-01 5.315632638710552360e-01 8.248384620551041380e-01 6.522023322925726285e-01 8.460495349760054351e-01 5.512088700600348279e-01 7.399087891013863549e-01 5.477664806648255835e-01 6.322204914692434174e-01 5.039090271532943310e-01 7.242448587856060715e-01 4.268436129473595630e-01 7.896907704212630108e-01 7.163786910310010470e-01 2.450246413705087223e-01 4.193632339635888218e-01 6.536229626210046106e-01 1.526780608305716991e-01 7.040537264671794526e-01 8.742537947694337674e-01 6.327068275831850830e-01 4.222523335557063495e-01 5.074804810857371784e-01 3.571843667546820700e-01 5.292709739878697084e-01 7.300268995395066407e-02 7.193801438821224581e-01 4.920575720548707732e-01 8.792908497345934826e-01 8.009179436221578463e-01 4.803945089435633364e-01 3.479914414925595056e-01 3.562159303735862870e-01 8.350961098580681474e-01 7.489651482712633701e-01 6.309787165296957268e-01 5.533779559314594421e-01 7.715607020016063133e-01 7.995999194342183758e-01 3.556774452883195159e-01 4.119819753461010925e-01 7.712881616412222696e-01 5.549262036544687637e-01 4.035702154559467902e-01 1.996208772032524725e-01 6.786396254585544963e-01 2.130154347752542809e-01 6.958959385291724198e-01
3.807503264942523336e-01 7.238565464586922404e-01 9.337388053622786011e-01 9.134264013347541677e-01 8.635695489832863059e-01 6.087522147903731140e-01 0.000000000000000000e+00 6.900512433789363076e-01 4.398364876329823314e-01 6.634967481837246162e-01 4.621206769858163810e-01 2.259857588092328284e-01 7.854044789137382132e-01 5.087219257985148291e-01 7.401087742908355471e-01 5.877797205295456351e-01 5.501297720431594929e-01 5.117222571236827999e-01 6.959993599997066349e-01 8.017029351439798335e-01 5.674839707425229918e-01 3.658111734833144335e-01 3.227217075450405925e-01 8.969038618743545577e-01 6.764511472207715981e-01 8.634545428094801967e-01 5.594273903975459650e-01 4.847582861732159243e-01 1.233549871379934215e-01 6.755827499197305519e-01 2.523089812650415320e-01 4.114986786311704559e-01 4.702883331503089348e-01 8.106256474779763854e-01 6.789907884644311720e-01 4.405460097311081902e-01 7.077642351873056903e-01 8.805454084913810764e-01 5.587468978760998795e-01 3.260465865340553826e-01 4.580448029715431524e-01 7.413562407154605793e-01 7.691763624738249261e-01 4.184484271981347980e-01 6.456530081031184309e-01 7.657892973485305177e-01 6.064364260544296004e-01 5.444459721284886644e-01 4.595948737585788813e-01 5.576452068988035915e-01 5.480387004053506317e-01 8.892093799930924636e-01 8.693347595153453344e-01 4.545467658608188244e-01 7.973220375889311651e-01 6.280644507038085633e-01 7.993557212101987108e-01 8.176498129971453144e-02 7.537566049419348602e-01 6.094942283865876220e-01 6.351323374733084393e-01 5.022182592513031452e-01 7.114617031486528687e-01 2.820457609047277159e-01 8.340877233866161866e-01 6.713985158181388080e-01 3.920787355280468400e-01 3.448736820928322011e-01 7.153507103427669822e-01 4.662232870741935264e-01 7.573450827827432619e-01 8.673212934264737939e-01 6.041077003217854013e-01 3.741024669188826590e-01 4.369362479448001269e-01 3.900188157534506539e-01 4.999786838381541365e-01 5.544426455689125399e-01 6.679604160514603928e-01 5.656060730161566186e-01 8.562700512495509120e-01 8.558365672972678695e-01 1.528052523845507826e-01 2.671189941198154894e-01 4.535338270488629142e-01 8.442678678769502953e-01 8.047885487102838242e-01 6.217734854046013115e-01 7.291350000599322589e-02 7.150841371006684266e-01 8.266273391174026042e-01 3.714032217488114074e-01 4.685239774984968353e-01 7.437717371750496298e-01 6.168094531883147047e-01 4.318477794595270147e-01 4.470016972915297204e-01 7.403673731803167568e-01 4.025404918981740909e-01 7.500856616795212872e-01
3.588937479927106766e-01 6.999961186654596323e-01 3.619033517424549151e-01 4.557580309069736435e-01 5.449566239640689647e-01 6.165027424176502402e-01 6.900512433789363076e-01 0.000000000000000000e+00 3.966696488691249245e-01 2.882354821551013080e-01 4.256743680981411315e-01 5.186985078551744621e-01 2.061730693006724180e-01 2.206635868623608443e-01 2.650407058527886606e-01 1.943053258304498210e-01 1.945485114159135054e-01 1.827890990096460166e-01 3.841631969340474351e-01 1.984952365183437761e-01 5.474496027716808655e-01 3.487525317185022899e-01 3.836886944339397143e-01 2.576040030080458676e-01 1.446611680612180095e-01 3.303917764849146899e-01 1.323252439436435612e-01 5.246108912747580177e-01 5.666962562409429971e-01 1.193559315951013139e-01 4.422023748682871180e-01 3.434308527820197354e-01 2.457030060228637680e-01 3.563499999748498959e-01 3.318496317384477812e-01 2.498977468505251820e-01 2.383374484752851241e-01 2.924230789167196476e-01 2.553904299270988720e-01 4.389560605226070500e-01 2.884569056413024413e-01 2.671602290786474487e-01 4.553399271876231724e-01 3.307062412671425977e-01 1.956263677957237601e-01 1.004699652372501445e-01 9.828383137584106866e-02 1.828495511155459885e-01 2.942641663002207864e-01 1.583461322743691113e-01 5.557892280326278689e-01 2.788504508657121961e-01 4.043615319008149189e-01 2.669224255756255659e-01 4.800054666768950318e-01 3.238974064895541183e-01 2.706229563902625146e-01 6.423504265692363546e-01 2.603261604376101435e-01 1.082238971798660798e-01 6.164464936744501466e-01 4.779576984446884946e-01 3.724641207802659171e-01 4.609142075849883557e-01 1.889761374401594529e-01 2.785050107381538131e-01 4.502561441296619171e-01 3.565686722922453145e-01 1.010339086288089133e-01 4.662502462040415407e-01 3.073184424753486188e-01 3.404987810392122172e-01 2.721331639427176374e-01 3.730939626299146772e-01 2.575751081885286897e-01 3.248954228451025883e-01 2.735486466265156791e-01 5.665504632697287990e-01 1.838089895917019156e-01 1.244451703627796335e-01 2.727616692376907404e-01 3.981681968694871232e-01 5.802386168131223876e-01 4.478355493621184458e-01 2.838491992077544213e-01 2.246669059314447270e-01 3.378308549591765853e-01 8.543306786659521368e-02 6.346769845200226356e-01 1.713204544847874433e-01 2.661344960238298807e-01 3.849808176451527952e-01 2.594474048536311583e-01 4.236355979954457562e-01 7.363430339331850094e-02 3.320038511913712131e-01 4.798910396515250754e-01 2.085773940207631127e-01 4.096559333206137854e-01 2.931461917765018077e-01
3.065445247709930321e-01 3.033264697963347079e-01 7.340137677039024755e-01 7.590605610206243581e-01 7.610407432336909750e-01 4.299882143450453609e-01 4.398364876329823314e-01 3.966696488691249245e-01 0.000000000000000000e+00 5.699175677484772384e-01 2.347627376483795714e-01 2.239894650624778272e-01 5.593227820655779503e-01 2.018037185597173488e-01 5.792119856077629914e-01 4.557257937683991122e-01 4.005170588591991376e-01 2.781803056452664125e-01 5.934705542501108599e-01 5.742227388607966665e-01 1.576233001180614157e-01 1.630321795675953311e-01 1.884093172436175079e-01 6.325179576218036281e-01 4.995166173375913399e-01 6.863457368599427122e-01 3.312117735736619384e-01 2.966313049262533363e-01 3.186437248877978523e-01 4.424308500796986787e-01 2.550930809994377824e-01 1.173901894328333029e-01 3.427328806296666142e-01 6.596525300885006660e-01 5.675924046734137640e-01 2.760912424454126657e-01 5.460134955060220729e-01 6.524856337145057417e-01 4.774527661193950778e-01 1.164728868912105059e-01 1.147318615056026614e-01 5.939488359387977701e-01 6.666475567242295952e-01 2.339375924677453145e-01 4.947681737915170519e-01 4.877979604119724311e-01 3.127552747400275113e-01 2.225466600751052348e-01 3.718583364680703163e-01 3.705384280857379475e-01 3.646887497711504555e-01 6.598992003779053928e-01 7.140641424373047608e-01 1.923728724310691529e-01 6.947932318393355011e-01 5.255356449542128994e-01 6.130321118164271388e-01 3.664808492972662646e-01 6.329441489828456779e-01 4.332933380753444252e-01 2.197768448053251389e-01 8.128804957556359789e-02 6.089328973990570937e-01 1.816030482508928789e-01 5.687444266795171899e-01 5.600001320271212890e-01 1.849635729745367219e-01 2.326782558563482428e-01 4.736518971740444339e-01 3.051796675261225222e-01 6.064602484711418828e-01 6.872754556726249353e-01 5.000443080385085226e-01 8.511036805861980914e-02 2.603706336896843276e-01 2.778141815009846360e-01 3.990160342591001497e-01 3.780212343811210629e-01 4.734665613818002661e-01 2.820886393472739062e-01 6.272917857837094768e-01 7.014707269831378378e-01 2.897956861997262878e-01 1.899351542396052750e-01 1.798904053291416338e-01 5.867344072695259705e-01 6.483252452648544661e-01 3.650560719564022727e-01 3.866244531668774909e-01 5.085012155316288585e-01 6.406183477482320088e-01 7.431076905672585886e-02 3.399872464664897009e-01 6.412429314254539658e-01 3.628986391591051408e-01 6.466579767775383625e-02 2.462624685798825430e-01 5.634328432971362766e-01 2.540667380813781406e-01 5.964487218901526333e-01
2.850302811191328112e-01 8.597898333051992026e-01 2.932481478315169809e-01 3.080513507220973834e-01 2.843071784977283523e-01 6.631401676852439753e-01 6.634967481837246162e-01 2.882354821551013080e-01 5.699175677484772384e-01 0.000000000000000000e+00 5.049851883315719103e-01 5.037250256188199327e-01 2.331422070740493679e-01 4.016937238284652989e-01 1.993561323423786169e-01 1.939763217022906494e-01 1.813179271596144226e-01 3.382821773633804541e-01 1.735421840165626561e-01 1.705564361485425173e-01 7.034172575890299539e-01 4.111464804263162409e-01 4.007360933127339653e-01 3.067789543721822221e-01 1.964557135706707092e-01 2.367299125107604207e-01 2.761956118822890827e-01 5.565799273190017438e-01 5.401417610457313057e-01 2.563085414937258943e-01 4.170376768500648201e-01 4.784028353143172096e-01 2.354105137239421996e-01 1.946998029012886045e-01 1.156187140990827672e-01 3.052345560817714687e-01 1.222743558504956196e-01 2.700993667279845134e-01 1.073061179312678193e-01 4.853339709191327178e-01 4.810627061921604053e-01 1.039623218549357159e-01 1.941175126551782093e-01 4.088163631176659485e-01 1.051878072588567081e-01 2.436122437147190400e-01 3.498253104845751582e-01 4.117815073615385679e-01 2.039018744251457627e-01 2.542013072304279420e-01 6.024266533002217150e-01 2.390465143557839178e-01 2.679040521015007004e-01 4.014903343717318163e-01 2.564043356966150267e-01 1.007660987785323897e-01 1.909768284738547484e-01 6.136196780492926273e-01 9.025985675821035503e-02 1.801866388818853526e-01 7.719765822986758286e-01 6.393244636554685778e-01 1.001727292917504175e-01 4.636029040201968821e-01 2.484732897361577042e-01 8.813328876688321378e-02 4.784225060495725379e-01 3.487920563912396688e-01 2.237085964782252745e-01 5.138075280860093796e-01 1.389832798085942067e-01 2.413523820315754131e-01 1.510924857060567672e-01 4.848071996898576375e-01 3.237558850483072681e-01 3.081742701661996930e-01 1.724676896599189047e-01 6.115714653014699964e-01 1.851456126316971262e-01 3.392041474682324087e-01 2.783636248630587673e-01 2.537850827250314190e-01 5.609770775478077898e-01 4.373027262226579781e-01 4.014353931980424450e-01 2.927396328449508034e-01 2.165053226309030798e-01 3.156646440065901671e-01 6.081224893248109442e-01 1.892913498409932449e-01 1.877622782315112593e-01 5.017079281050211836e-01 2.514492056997326141e-01 1.865978318136287117e-01 2.602947917432699154e-01 5.182115478407132159e-01 5.333454678130554738e-01 1.325394876111256337e-01 4.501247329099899441e-01 1.539013005580723847e-01
2.650968333875257654e-01 5.264031245668285841e-01 7.216265643558925635e-01 6.834303438447393297e-01 7.295524512183784172e-01 2.297389444334483055e-01 4.621206769858163810e-01 4.256743680981411315e-01 2.347627376483795714e-01 5.049851883315719103e-01 0.000000000000000000e+00 2.658646413590569080e-01 6.171759240050073148e-01 2.227841325842190856e-01 5.051430636284197639e-01 4.810444690065357465e-01 3.248868416833141093e-01 4.011284519821170513e-01 5.653608051122072098e-01 5.616179506823993917e-01 3.699773731498038898e-01 3.008964537764508562e-01 1.451422298649042153e-01 6.797293662300313288e-01 4.363661627591911008e-01 6.851079503500514534e-01 3.115469923228083027e-01 1.281073542104981811e-01 3.408498666379530251e-01 5.148057400806235195e-01 2.669226498339727915e-01 1.178398211737994028e-01 3.799357563527960280e-01 5.840223129126156376e-01 5.495868600579387753e-01 2.004610252695276373e-01 6.010289836642959127e-01 7.103387756539353282e-01 4.107210466189482045e-01 1.904632437005109591e-01 2.503605452360848638e-01 5.184321582791193705e-01 6.351592647089170374e-01 1.066647436113175307e-01 4.191379566156320235e-01 5.225953284592356196e-01 3.723129127614545064e-01 3.061521368183968139e-01 3.042364936877533510e-01 4.672926301012907402e-01 1.518591945554279843e-01 6.497886420239552541e-01 6.384339252614199545e-01 3.291404747413917420e-01 6.666834827014320730e-01 4.940473529389003970e-01 6.676922982361870318e-01 3.982191114334763249e-01 5.727483455139813495e-01 3.694092439250071802e-01 4.417440426627516348e-01 3.107601538199273317e-01 5.660898794319340066e-01 2.639918830249043946e-01 6.109188951501572928e-01 5.582237116773288710e-01 7.894687838251451817e-02 2.774920862768210372e-01 4.748510873498989482e-01 7.808122252808792629e-02 5.308300312952567435e-01 6.958965580296154751e-01 4.745518482295127405e-01 2.497472781246904139e-01 3.594658191780395473e-01 1.990293874010098385e-01 3.711159946341973659e-01 1.838078258180940450e-01 5.612251645284502821e-01 3.012291977353614980e-01 6.851449277231386192e-01 6.258405098072529205e-01 3.274047503170046669e-01 1.950016828660009471e-01 1.513867660121479275e-01 6.442677355385588722e-01 5.738877144563583332e-01 4.343795021600437845e-01 4.088305949170327191e-01 5.749614876319542045e-01 6.212426826943999725e-01 1.806718836063025413e-01 2.538269959924287500e-01 6.131331822875503157e-01 3.640978293349596551e-01 1.886856708221073542e-01 6.417391945821422639e-02 5.002823887187362040e-01 6.532344551177067526e-02 5.208185047142676050e-01
2.358067646314125909e-01 5.080095238881877640e-01 7.903588132937110489e-01 7.463275460528768779e-01 7.188391888968769239e-01 4.188543999856156330e-01 2.259857588092328284e-01 5.186985078551744621e-01 2.239894650624778272e-01 5.037250256188199327e-01 2.658646413590569080e-01 0.000000000000000000e+00 6.479535405714269558e-01 3.287681167592950149e-01 5.720480504014917589e-01 4.506100387678328989e-01 3.804352173439734530e-01 3.566684743944945057e-01 5.512689999132969199e-01 6.303501996202178770e-01 3.516369481720184598e-01 1.907050416856381492e-01 1.513689720212785528e-01 7.494784774011137296e-01 5.050984116970097526e-01 7.262848610477673494e-01 3.880746548737840085e-01 2.885022505464564513e-01 1.225336075442257089e-01 5.308420742090623756e-01 1.180351613466268240e-01 2.020847335768082009e-01 3.331186513885963096e-01 6.451540595556451985e-01 5.344123520638017766e-01 2.691932742073461782e-01 5.705945534255928431e-01 7.433757267296682292e-01 4.063077041248689958e-01 1.076353605048024492e-01 2.466256004270870883e-01 5.758846527931295034e-01 6.244460023874155441e-01 2.470956916743727305e-01 4.801814201807873550e-01 6.096116992080401475e-01 4.436777461542310008e-01 3.534691314893088077e-01 2.998231511936740867e-01 4.204755251370909663e-01 3.581408856005930397e-01 7.185208909617737394e-01 7.013311274695575026e-01 2.805061206800424367e-01 6.525916775025216721e-01 4.833340906173990148e-01 6.621860394484863077e-01 1.505825919300810556e-01 5.939848823770302877e-01 4.381414928628257210e-01 4.192853149028038517e-01 2.838070332220503089e-01 5.626620753571061062e-01 9.499609152101988474e-02 6.800657826192634259e-01 5.342288340564258498e-01 1.958226999012873393e-01 1.977749537211201392e-01 5.439979748190050257e-01 2.929685189299811587e-01 5.918734948604120749e-01 7.301516116647608357e-01 4.593773402353758528e-01 1.619885434384748801e-01 2.855781284847577761e-01 2.260929819140509722e-01 3.552483237517445325e-01 3.645448307641549479e-01 5.307907342897475456e-01 3.942533374923947731e-01 7.188191129072393215e-01 6.887377120153904686e-01 7.367097493926351437e-02 7.086295849305594696e-02 2.790521756930829933e-01 6.968737311190446038e-01 6.367849166644959924e-01 4.667197026754129618e-01 1.843507420057622359e-01 5.776331987583569472e-01 6.894576573556902011e-01 1.619892766944491524e-01 2.988294227993106289e-01 5.990413770886398037e-01 4.454567176645528592e-01 2.160007568890225660e-01 2.507456616647702474e-01 5.690146376565548003e-01 2.311877563744120512e-01 5.837157069224050421e-01
4.346075558386813253e-01 8.612911665792440941e-01 2.072155438089725854e-01 5.132336965944290785e-01 4.706699525077491786e-01 8.113218460164621781e-01 7.854044789137382132e-01 2.061730693006724180e-01 5.593227820655779503e-01 2.331422070740493679e-01 6.171759240050073148e-01 6.479535405714269558e-01 0.000000000000000000e+00 4.003225548833930780e-01 3.904259478863383870e-01 2.104289817424506159e-01 3.996977764654984222e-01 3.018039096099821572e-01 3.802173865852986889e-01 1.675087379322679204e-01 7.130284943928518748e-01 4.572484988857886123e-01 5.706200263894246616e-01 1.383133165851631596e-01 2.771268711735033752e-01 1.672206073920053937e-01 3.355167229531922368e-01 7.194299948735697336e-01 6.723586063497544174e-01 1.290633594278236540e-01 5.330954976486965702e-01 5.230898208030519969e-01 3.151161457634292784e-01 4.010827814567820560e-01 2.667417729138684690e-01 4.518619379407879388e-01 1.112694059108421812e-01 1.114154174699858446e-01 3.197124660310782795e-01 5.659004479717416602e-01 4.445909205599751779e-01 2.917813351035771774e-01 3.971881218301726024e-01 5.255253448659543691e-01 3.349788363496705723e-01 1.242071143386311027e-01 2.512305479561685040e-01 3.414391626210906971e-01 3.872369570612330669e-01 2.277592720149345662e-01 7.506083316314395848e-01 1.868607244968852887e-01 4.727620120299609319e-01 3.874735772402256861e-01 4.265909499137283678e-01 3.108223446342733842e-01 8.188867612353664671e-02 7.332435493496458623e-01 1.718599659139296298e-01 3.082970546933829770e-01 7.777415415882343863e-01 6.389355508927675453e-01 3.032433384667447829e-01 5.694101747522747337e-01 9.649962882246237994e-02 1.819176045360486049e-01 6.312924386014840961e-01 4.528805837654832356e-01 2.049753967685584433e-01 6.610693498028532566e-01 3.421635003717939383e-01 1.606041285909854122e-01 2.745631677636209411e-01 5.057210965614362674e-01 3.660710753558151231e-01 4.931372262362925252e-01 3.210506190031049978e-01 7.613695668685405149e-01 1.309726626874297417e-01 3.192642739615914049e-01 7.423191918882381113e-02 4.699259119507575022e-01 6.839895800318296359e-01 5.898646247973237111e-01 4.720332251208319563e-01 6.944309398959544466e-02 4.148616897817269944e-01 2.055120613991439638e-01 7.338396121516286286e-01 7.032034181306982823e-02 1.399723181032207497e-01 5.646397856661852233e-01 4.587957079810214278e-01 3.559802722486674620e-01 2.787217010517628046e-01 5.095010298284713413e-01 6.713925955583911476e-01 2.443585846070497614e-01 6.044750369194256123e-01 3.778051670451152422e-01
2.255643973265843150e-01 4.999146747696032178e-01 5.389143533683595777e-01 5.718579933938793269e-01 6.546940252686037631e-01 4.252069217138824686e-01 5.087219257985148291e-01 2.206635868623608443e-01 2.018037185597173488e-01 4.016937238284652989e-01 2.227841325842190856e-01 3.287681167592950149e-01 4.003225548833930780e-01 0.000000000000000000e+00 3.914408359281400518e-01 3.648401874877072459e-01 2.398747249176600704e-01 1.824542668934611978e-01 5.014160194946578608e-01 3.724190203010794842e-01 3.454909742924797134e-01 1.926584577425155542e-01 2.001598283783716514e-01 4.694751327155463061e-01 2.977128987778740465e-01 5.032977423032584108e-01 1.294080550139446173e-01 3.355847007845759733e-01 3.853669386605214076e-01 2.979523709590093383e-01 2.870512897937964603e-01 1.269402053818350917e-01 2.729501635828813222e-01 4.724499624617555793e-01 4.890068757123065546e-01 1.154489085038735707e-01 4.201989202724295547e-01 4.934854065323208694e-01 3.391529862773842718e-01 2.404446634076229106e-01 1.050945413384994503e-01 4.061776862591748305e-01 5.606552202965491283e-01 1.339038483591412643e-01 3.105293622590141744e-01 3.175198582846379680e-01 1.554595436398402419e-01 8.798737670297848701e-02 2.478772618137339567e-01 2.864314849413068798e-01 3.610663780275302215e-01 4.580954818181882104e-01 5.268615748105597296e-01 1.063563421571727396e-01 6.027386970838826130e-01 4.222994764078009666e-01 4.647724419729831746e-01 4.613591328359031851e-01 4.311404304231284401e-01 2.355379413982388037e-01 4.164887882997707624e-01 2.817310583163215032e-01 4.853082385785350561e-01 2.901946850321019955e-01 4.039851901683307323e-01 4.490398723954112659e-01 2.351428231802671354e-01 2.198934304867823653e-01 2.718481786143271961e-01 2.725288608833109083e-01 4.222214369386388944e-01 5.141591013590023351e-01 4.139718638838805753e-01 1.894830526271963633e-01 1.840907914805972878e-01 1.514372845141765678e-01 3.224428792892655715e-01 3.775242727795465880e-01 3.565409266091103535e-01 9.731418382684836610e-02 4.682915586015246601e-01 5.142681593563929177e-01 3.940059409272057001e-01 2.665062317816969117e-01 7.171067023743882274e-02 4.277341800873410982e-01 4.605540955852318596e-01 2.175261330384294922e-01 4.533476669396011016e-01 3.581081185103399123e-01 4.388146291885146044e-01 1.762127253823339568e-01 1.811543180624472782e-01 5.491883966700008557e-01 1.610949205993878197e-01 1.371379208819634987e-01 2.715725118648588121e-01 3.616291247374190387e-01 2.206297428304317687e-01 4.092461542634075466e-01
3.748227031828837430e-01 8.733930182325922997e-01 4.097706815828482951e-01 2.066873120982841983e-01 4.632650489585340425e-01 6.826269740632839866e-01 7.401087742908355471e-01 2.650407058527886606e-01 5.792119856077629914e-01 1.993561323423786169e-01 5.051430636284197639e-01 5.720480504014917589e-01 3.904259478863383870e-01 3.914408359281400518e-01 0.000000000000000000e+00 3.284449745474397053e-01 1.916699249010743178e-01 4.342865915149966005e-01 3.296816897642665389e-01 2.612975377467651739e-01 7.179168606099440852e-01 5.232812555227182028e-01 4.383574484497200774e-01 3.986044960655376612e-01 1.334563016600517349e-01 3.688923417894663381e-01 2.659427239819638911e-01 5.852901109559032200e-01 6.167537871528421256e-01 3.647595930777431938e-01 5.025622226682037175e-01 4.762890223948960666e-01 3.565263610669063277e-01 1.159175369590578208e-01 3.132491850652561194e-01 3.046820383588921821e-01 3.021976425659268495e-01 4.220304433495464802e-01 2.191614902588120972e-01 5.348235648592964964e-01 4.965353772666394883e-01 1.033981399540769980e-01 3.703300821391609654e-01 4.082638453947866619e-01 1.116258766902198246e-01 2.979191463783409377e-01 3.395724225842499111e-01 4.015286194612133208e-01 2.877286108880583448e-01 3.845854806504139245e-01 6.219134596782613933e-01 3.472144945648448222e-01 1.408819261938199230e-01 4.914278257288831053e-01 4.322612047855840522e-01 2.525957605228215663e-01 3.445782488663396426e-01 6.927459813282237366e-01 2.210254536735155872e-01 1.604936981222186976e-01 7.896835301228917192e-01 6.552094017793107517e-01 2.874542757318036545e-01 5.551622171527178518e-01 3.332747816081104153e-01 2.874894211092618446e-01 5.071326896864740696e-01 4.528923313265819095e-01 2.121498090076458509e-01 5.323889575163366361e-01 8.108428978002242549e-02 3.796809494690304709e-01 2.907704949475860001e-01 5.809238885553362763e-01 4.448717323912714794e-01 3.500899585373849487e-01 2.874207134747610581e-01 6.318953301542882262e-01 3.740802218809308743e-01 3.289512595679071616e-01 4.340088934595878745e-01 1.530975464137107889e-01 6.335881593594392402e-01 5.011850919084357425e-01 3.993215802786213575e-01 4.015690089092321946e-01 7.296276094408049584e-02 3.415223630555193068e-01 6.847345154319216531e-01 3.692146365564245025e-01 3.088832017291183174e-01 5.377093772048017195e-01 2.732757194457370309e-01 3.663867506481395808e-01 2.500419038429447238e-01 5.160977349212919618e-01 5.620556514499569500e-01 1.569719299887933905e-01 4.709681273538727786e-01 7.402609875129863293e-02
2.300631963809862679e-01 7.529381964035192221e-01 3.459590848327335766e-01 4.658272775179019276e-01 3.509079927158216816e-01 6.391994483602079224e-01 5.877797205295456351e-01 1.943053258304498210e-01 4.557257937683991122e-01 1.939763217022906494e-01 4.810444690065357465e-01 4.506100387678328989e-01 2.104289817424506159e-01 3.648401874877072459e-01 3.284449745474397053e-01 0.000000000000000000e+00 2.077584971398337421e-01 1.969283882832199017e-01 2.007442686212989047e-01 2.498739791283123568e-01 6.005727986858893086e-01 3.042448871097594432e-01 3.729952680052322500e-01 3.388946302723517268e-01 3.041051551768413908e-01 2.756748222799344505e-01 3.054323103656935157e-01 5.311139016466439600e-01 4.747338479655617283e-01 1.310329177142444679e-01 3.354707392645039921e-01 4.744164738792838176e-01 1.227480576489149988e-01 3.524757296970931209e-01 1.375443059079980435e-01 3.134449811915220319e-01 1.199845146577600552e-01 2.927656879618352193e-01 1.092834842886276497e-01 4.087349835581132185e-01 3.518349565470449969e-01 2.770052132048907434e-01 2.873475747401063596e-01 3.891379116352419731e-01 2.182432791997665211e-01 2.346749463482981912e-01 2.116676723645791180e-01 2.777063858486135128e-01 1.768079753187824787e-01 9.518049773328435270e-02 5.784859339751853291e-01 3.014296594635464954e-01 4.256799788973052445e-01 2.681429508538755169e-01 2.859568354286477487e-01 1.471061250250270958e-01 2.115760006806534366e-01 5.356187909654530621e-01 2.106630448897169883e-01 2.566250709425106913e-01 6.673542402117188521e-01 5.280867150046618663e-01 2.081878754458706959e-01 3.789362510516695592e-01 2.859497156758550318e-01 1.107465622562556623e-01 4.529564803772147541e-01 2.552558253812907685e-01 2.859233071531782078e-01 4.898668087609732713e-01 2.967592066043986954e-01 2.795415728969277702e-01 7.808453269447027112e-02 3.794763993657156997e-01 2.028291964735967623e-01 2.827082444938419092e-01 1.106216372606543819e-01 5.876307459764338326e-01 8.018069552191467442e-02 2.862351989241028738e-01 2.734315451241021711e-01 4.115610095208358521e-01 4.863648216476368358e-01 3.922398664131312440e-01 3.985768161109776719e-01 2.724059140405682422e-01 3.758002627174952814e-01 1.485625941751230195e-01 5.362148537674359394e-01 1.401086399293808016e-01 2.388476185878571634e-01 4.480436580657312651e-01 2.483667262385708119e-01 2.295869667471983622e-01 2.503490358786584213e-01 4.261645326543623269e-01 5.078794421406976900e-01 2.627548031623978542e-01 4.261840135849538358e-01 3.067970504710285651e-01
