0.000000000000000000e+00 1.032963366819016127e+00 8.876415479239985196e-01 1.026044236908925766e+00 6.947921512954219336e-01 6.341981619652955482e-01 5.276642556436341724e-01 4.830817922975974565e-01 4.157834155919584163e-01 4.001131458168282751e-01 3.488724329127283474e-01 6.880593429681279849e-01 9.056084004351593331e-01 7.819263921836446807e-01 2.849299664641882779e-01 7.680408058399105231e-01 4.498292064444792682e-01 2.513801183412315843e-01 6.298358189980122201e-01 2.232276741844754220e-01 4.964934723625329394e-01 2.076195491344056121e-01 2.077470289448984375e-01 6.704620738340377750e-01 3.774958436982361887e-01
1.032963366819016127e+00 0.000000000000000000e+00 8.880654220041495073e-01 8.384487393174812064e-01 1.218399494177195841e+00 1.247190524489532493e+00 5.400921191807532828e-01 7.964160870082848120e-01 1.448661616836673716e+00 8.952916462035654943e-01 9.113053462313981390e-01 5.174297215061627320e-01 8.365025482730328310e-01 5.768588670492665882e-01 7.583311464509974176e-01 2.743922640840403826e-01 7.057023273484952508e-01 1.273626131048501753e+00 7.558283706207924446e-01 9.335734028711606403e-01 6.014000051268455493e-01 8.593464105080447224e-01 1.000535973604836704e+00 6.162444591256894810e-01 7.219306611107617622e-01
8.876415479239985196e-01 8.880654220041495073e-01 0.000000000000000000e+00 9.101417011779292521e-01 1.265490504272009931e+00 1.345424637663952039e+00 7.113788152237852103e-01 4.349679485005157886e-01 1.291503444122747091e+00 8.849255191044019808e-01 9.926689085992517203e-01 3.791020613226767644e-01 2.929708328721392085e-01 6.216289196482879253e-01 6.523248743384713055e-01 6.466043901062937804e-01 6.620771197502478556e-01 1.112846168276182102e+00 2.772312226791625589e-01 7.378487824893982250e-01 4.945890050130564153e-01 8.549614770840358036e-01 9.651115299872569109e-01 4.544800453495995152e-01 8.575089862554657882e-01
1.026044236908925766e+00 8.384487393174812064e-01 9.101417011779292521e-01 0.000000000000000000e+00 1.143963624335618379e+00 1.205909949084045918e+00 5.320788594884073852e-01 6.537622171645531832e-01 1.414945253631638478e+00 8.027629193321665912e-01 8.815358285274949024e-01 5.930110468416197600e-01 8.714557719545487080e-01 2.957869146443848907e-01 7.951388801798973116e-01 5.649964845379460421e-01 5.762150304644464427e-01 1.236539924447993100e+00 8.261719400319201823e-01 8.069420713504402709e-01 6.606066469410352138e-01 8.624018328487119689e-01 9.311597861421718747e-01 5.110435406550924986e-01 6.618924441341880183e-01
6.947921512954219336e-01 1.218399494177195841e+00 1.265490504272009931e+00 1.143963624335618379e+00 0.000000000000000000e+00 9.098407996442140488e-01 7.063584887780431920e-01 8.305225557714939200e-01 1.081583175072597269e+00 3.866984736769796815e-01 6.168297529683385294e-01 1.013244382234836483e+00 1.302266240944733644e+00 9.118013560075872714e-01 7.710428508966539196e-01 9.466387232257374995e-01 6.389211165806303327e-01 9.085721362895622377e-01 1.041171995531917194e+00 6.229874398138594005e-01 9.175792535381633863e-01 6.917964327790508960e-01 5.140979801317314690e-01 9.239253581309704311e-01 5.100090963547706524e-01
6.341981619652955482e-01 1.247190524489532493e+00 1.345424637663952039e+00 1.205909949084045918e+00 9.098407996442140488e-01 0.000000000000000000e+00 7.070984053087798760e-01 9.789060383543799482e-01 1.031747364537854317e+00 6.374210489447199590e-01 3.592945182319367547e-01 1.045142783332644321e+00 1.311699145160921898e+00 9.707779655242613215e-01 7.089069284428528572e-01 9.761347104968762789e-01 7.743938993939165627e-01 8.607247393946214631e-01 1.071454260989379126e+00 7.878674259924726142e-01 8.593300896808788725e-01 5.613084502239976681e-01 6.052140921782215299e-01 1.014613711995478340e+00 5.454265207310726726e-01
5.276642556436341724e-01 5.400921191807532828e-01 7.113788152237852103e-01 5.320788594884073852e-01 7.063584887780431920e-01 7.070984053087798760e-01 0.000000000000000000e+00 4.338554299793703217e-01 9.434476712355926997e-01 3.843362263032337744e-01 3.712132270506447451e-01 3.426507203462281770e-01 6.546888574742271150e-01 2.921448656667717803e-01 2.784392890818557786e-01 2.690856452706524848e-01 2.698873237785111567e-01 7.751050733271118709e-01 4.696345809737921262e-01 4.580450546023902003e-01 2.277115761629901758e-01 3.312091110533657012e-01 4.792191977856079532e-01 3.602635119442897937e-01 1.987699836152543587e-01
4.830817922975974565e-01 7.964160870082848120e-01 4.349679485005157886e-01 6.537622171645531832e-01 8.305225557714939200e-01 9.789060383543799482e-01 4.338554299793703217e-01 0.000000000000000000e+00 8.858997180438583641e-01 4.499575706038863032e-01 6.245559508841993512e-01 3.322655196576494441e-01 4.725925237236988097e-01 3.920714698990343527e-01 2.789411472171003381e-01 5.229638322287500918e-01 2.655698380221868105e-01 7.074943888602133191e-01 2.383058173730951690e-01 3.089233515991399726e-01 2.293695865709671211e-01 4.716612681116735262e-01 5.301435814867413443e-01 1.991095783897317839e-01 4.786181925361039369e-01
4.157834155919584163e-01 1.448661616836673716e+00 1.291503444122747091e+00 1.414945253631638478e+00 1.081583175072597269e+00 1.031747364537854317e+00 9.434476712355926997e-01 8.858997180438583641e-01 0.000000000000000000e+00 7.789395860144610051e-01 7.468609321133625745e-01 1.098336894422734078e+00 1.315379900503447219e+00 1.170827408906357503e+00 6.969417540318590953e-01 1.183739055857568445e+00 8.387302231671922570e-01 2.530374058717193564e-01 1.036584145356806763e+00 6.121286909071882443e-01 9.085052599302039233e-01 6.234029647263639173e-01 5.870891684571722946e-01 1.067390202436555802e+00 7.672641317267222538e-01
4.001131458168282751e-01 8.952916462035654943e-01 8.849255191044019808e-01 8.027629193321665912e-01 3.866984736769796815e-01 6.374210489447199590e-01 3.843362263032337744e-01 4.499575706038863032e-01 7.789395860144610051e-01 0.000000000000000000e+00 3.444100022688444396e-01 6.770830049905477432e-01 9.217012557771259162e-01 5.706006510041354840e-01 4.201792175844394350e-01 6.235308752521070419e-01 2.685800106111402852e-01 6.005342568308160711e-01 6.606070103643093550e-01 2.372912390187490450e-01 5.826795241269862036e-01 4.037575834990621004e-01 2.054559302015706301e-01 5.505928665573961434e-01 2.014098638464917879e-01
3.488724329127283474e-01 9.113053462313981390e-01 9.926689085992517203e-01 8.815358285274949024e-01 6.168297529683385294e-01 3.592945182319367547e-01 3.712132270506447451e-01 6.245559508841993512e-01 7.468609321133625745e-01 3.444100022688444396e-01 0.000000000000000000e+00 6.959303554905483802e-01 9.620361769520291428e-01 6.445643323371964550e-01 3.545568409726720938e-01 6.402988723212973410e-01 4.655187548250270813e-01 5.758383069701299428e-01 7.186985319246789183e-01 4.789922814235831328e-01 5.096671214719857845e-01 2.089471758280378455e-01 3.301253642252687248e-01 7.056235732850287823e-01 2.254854436497885639e-01
6.880593429681279849e-01 5.174297215061627320e-01 3.791020613226767644e-01 5.930110468416197600e-01 1.013244382234836483e+00 1.045142783332644321e+00 3.426507203462281770e-01 3.322655196576494441e-01 1.098336894422734078e+00 6.770830049905477432e-01 6.959303554905483802e-01 0.000000000000000000e+00 3.190728267668702656e-01 3.073992550436571158e-01 4.082746210274212362e-01 2.759686896083067831e-01 4.586525873062598513e-01 9.224018764244186208e-01 2.436144135655762821e-01 5.701245831229112548e-01 2.076499885819260982e-01 6.005916763985886808e-01 7.956482275658288694e-01 1.996908811852596555e-01 5.220551816359304542e-01
9.056084004351593331e-01 8.365025482730328310e-01 2.929708328721392085e-01 8.714557719545487080e-01 1.302266240944733644e+00 1.311699145160921898e+00 6.546888574742271150e-01 4.725925237236988097e-01 1.315379900503447219e+00 9.217012557771259162e-01 9.620361769520291428e-01 3.190728267668702656e-01 0.000000000000000000e+00 5.829429904249074923e-01 6.357938884175274863e-01 5.950415163751771042e-01 6.745755689568503355e-01 1.137808536251536218e+00 3.256876852867096606e-01 7.739295442285848425e-01 4.527463721265700958e-01 8.384304911630916513e-01 1.001887266659980735e+00 4.368311065451785380e-01 8.151121790314753701e-01
7.819263921836446807e-01 5.768588670492665882e-01 6.216289196482879253e-01 2.957869146443848907e-01 9.118013560075872714e-01 9.707779655242613215e-01 2.921448656667717803e-01 3.920714698990343527e-01 1.170827408906357503e+00 5.706006510041354840e-01 6.445643323371964550e-01 3.073992550436571158e-01 5.829429904249074923e-01 0.000000000000000000e+00 5.511806191000222510e-01 3.066970091545064281e-01 3.431784232725338391e-01 9.924220797227124580e-01 5.376591585022786335e-01 5.628242266251591852e-01 4.166483858611602087e-01 6.233539767201374815e-01 6.976085237196668620e-01 2.200057794997051230e-01 4.267604605744034774e-01
2.849299664641882779e-01 7.583311464509974176e-01 6.523248743384713055e-01 7.951388801798973116e-01 7.710428508966539196e-01 7.089069284428528572e-01 2.784392890818557786e-01 2.789411472171003381e-01 6.969417540318590953e-01 4.201792175844394350e-01 3.545568409726720938e-01 4.082746210274212362e-01 6.357938884175274863e-01 5.511806191000222510e-01 0.000000000000000000e+00 4.997959882015245436e-01 3.374674389750854098e-01 5.219062682436866885e-01 3.783544976638985591e-01 2.200435459253507753e-01 2.115635058983447170e-01 2.125351401976594001e-01 4.689270064807424809e-01 4.745887026987086199e-01 2.767736803694548775e-01
7.680408058399105231e-01 2.743922640840403826e-01 6.466043901062937804e-01 5.649964845379460421e-01 9.466387232257374995e-01 9.761347104968762789e-01 2.690856452706524848e-01 5.229638322287500918e-01 1.183739055857568445e+00 6.235308752521070419e-01 6.402988723212973410e-01 2.759686896083067831e-01 5.950415163751771042e-01 3.066970091545064281e-01 4.997959882015245436e-01 0.000000000000000000e+00 4.322500725689602530e-01 1.008703570069396482e+00 5.143673387229366067e-01 6.601211480916258090e-01 3.541724519237943736e-01 5.883399365979441464e-01 7.287752026533782512e-01 3.549704760201619069e-01 4.501698901593031987e-01
4.498292064444792682e-01 7.057023273484952508e-01 6.620771197502478556e-01 5.762150304644464427e-01 6.389211165806303327e-01 7.743938993939165627e-01 2.698873237785111567e-01 2.655698380221868105e-01 8.387302231671922570e-01 2.685800106111402852e-01 4.655187548250270813e-01 4.586525873062598513e-01 6.745755689568503355e-01 3.431784232725338391e-01 3.374674389750854098e-01 4.322500725689602530e-01 0.000000000000000000e+00 6.603248939835472120e-01 4.956054816777027416e-01 2.307270408859938005e-01 4.372331263777275434e-01 4.751520580452335829e-01 3.621178381114712463e-01 2.863523185323948450e-01 2.516300335529836341e-01
2.513801183412315843e-01 1.273626131048501753e+00 1.112846168276182102e+00 1.236539924447993100e+00 9.085721362895622377e-01 8.607247393946214631e-01 7.751050733271118709e-01 7.074943888602133191e-01 2.530374058717193564e-01 6.005342568308160711e-01 5.758383069701299428e-01 9.224018764244186208e-01 1.137808536251536218e+00 9.924220797227124580e-01 5.219062682436866885e-01 1.008703570069396482e+00 6.603248939835472120e-01 0.000000000000000000e+00 8.571897845763114532e-01 4.337233617235431438e-01 7.334697741420315165e-01 4.572081953065390558e-01 4.120316992861228766e-01 8.889848732529107567e-01 5.950819685434888262e-01
6.298358189980122201e-01 7.558283706207924446e-01 2.772312226791625589e-01 8.261719400319201823e-01 1.041171995531917194e+00 1.071454260989379126e+00 4.696345809737921262e-01 2.383058173730951690e-01 1.036584145356806763e+00 6.606070103643093550e-01 7.186985319246789183e-01 2.436144135655762821e-01 3.256876852867096606e-01 5.376591585022786335e-01 3.783544976638985591e-01 5.143673387229366067e-01 4.956054816777027416e-01 8.571897845763114532e-01 0.000000000000000000e+00 4.927973031112352076e-01 2.419230048108019226e-01 5.809911004094631126e-01 7.365712997705627929e-01 3.484617091028460734e-01 6.353196778068803674e-01
2.232276741844754220e-01 9.335734028711606403e-01 7.378487824893982250e-01 8.069420713504402709e-01 6.229874398138594005e-01 7.878674259924726142e-01 4.580450546023902003e-01 3.089233515991399726e-01 6.121286909071882443e-01 2.372912390187490450e-01 4.789922814235831328e-01 5.701245831229112548e-01 7.739295442285848425e-01 5.628242266251591852e-01 2.200435459253507753e-01 6.601211480916258090e-01 2.307270408859938005e-01 4.337233617235431438e-01 4.927973031112352076e-01 0.000000000000000000e+00 4.019615850784460931e-01 3.284841095952489853e-01 2.527990362299492033e-01 4.642977420870278982e-01 2.899294515281605200e-01
4.964934723625329394e-01 6.014000051268455493e-01 4.945890050130564153e-01 6.606066469410352138e-01 9.175792535381633863e-01 8.593300896808788725e-01 2.277115761629901758e-01 2.293695865709671211e-01 9.085052599302039233e-01 5.826795241269862036e-01 5.096671214719857845e-01 2.076499885819260982e-01 4.527463721265700958e-01 4.166483858611602087e-01 2.115635058983447170e-01 3.541724519237943736e-01 4.372331263777275434e-01 7.334697741420315165e-01 2.419230048108019226e-01 4.019615850784460931e-01 0.000000000000000000e+00 3.943006963923412767e-01 6.536842642179296892e-01 4.046294101966136925e-01 4.120338506608121065e-01
2.076195491344056121e-01 8.593464105080447224e-01 8.549614770840358036e-01 8.624018328487119689e-01 6.917964327790508960e-01 5.613084502239976681e-01 3.312091110533657012e-01 4.716612681116735262e-01 6.234029647263639173e-01 4.037575834990621004e-01 2.089471758280378455e-01 6.005916763985886808e-01 8.384304911630916513e-01 6.233539767201374815e-01 2.125351401976594001e-01 5.883399365979441464e-01 4.751520580452335829e-01 4.572081953065390558e-01 5.809911004094631126e-01 3.284841095952489853e-01 3.943006963923412767e-01 0.000000000000000000e+00 2.863214085394697461e-01 6.673088235932819190e-01 2.235220244922500044e-01
2.077470289448984375e-01 1.000535973604836704e+00 9.651115299872569109e-01 9.311597861421718747e-01 5.140979801317314690e-01 6.052140921782215299e-01 4.792191977856079532e-01 5.301435814867413443e-01 5.870891684571722946e-01 2.054559302015706301e-01 3.301253642252687248e-01 7.956482275658288694e-01 1.001887266659980735e+00 6.976085237196668620e-01 4.689270064807424809e-01 7.287752026533782512e-01 3.621178381114712463e-01 4.120316992861228766e-01 7.365712997705627929e-01 2.527990362299492033e-01 6.536842642179296892e-01 2.863214085394697461e-01 0.000000000000000000e+00 6.408149140234622454e-01 2.878174328860238496e-01
6.704620738340377750e-01 6.162444591256894810e-01 4.544800453495995152e-01 5.110435406550924986e-01 9.239253581309704311e-01 1.014613711995478340e+00 3.602635119442897937e-01 1.991095783897317839e-01 1.067390202436555802e+00 5.505928665573961434e-01 7.056235732850287823e-01 1.996908811852596555e-01 4.368311065451785380e-01 2.200057794997051230e-01 4.745887026987086199e-01 3.549704760201619069e-01 2.863523185323948450e-01 8.889848732529107567e-01 3.484617091028460734e-01 4.642977420870278982e-01 4.046294101966136925e-01 6.673088235932819190e-01 6.408149140234622454e-01 0.000000000000000000e+00 4.875979843490100274e-01
3.774958436982361887e-01 7.219306611107617622e-01 8.575089862554657882e-01 6.618924441341880183e-01 5.100090963547706524e-01 5.454265207310726726e-01 1.987699836152543587e-01 4.786181925361039369e-01 7.672641317267222538e-01 2.014098638464917879e-01 2.254854436497885639e-01 5.220551816359304542e-01 8.151121790314753701e-01 4.267604605744034774e-01 2.767736803694548775e-01 4.501698901593031987e-01 2.516300335529836341e-01 5.950819685434888262e-01 6.353196778068803674e-01 2.899294515281605200e-01 4.120338506608121065e-01 2.235220244922500044e-01 2.878174328860238496e-01 4.875979843490100274e-01 0.000000000000000000e+00
