0.000000000000000000e+00 9.905022436843000655e-01 9.078748016739884852e-01 9.616232924068911503e-01 6.948287385032120289e-01 6.334320198252519907e-01 5.550747502412880507e-01 4.832672253854793376e-01 4.376874121786094585e-01 3.821945027018545660e-01 6.211214554383741593e-01 3.341322583457776996e-01 6.456905236879297849e-01 7.658098706826488300e-01 7.346961668960574343e-01 2.770851136884709409e-01 4.178471075700884163e-01 2.533879275912912510e-01 2.138726474973925151e-01 6.769678615385460452e-01 1.998860352689076636e-01 5.021198676124835059e-01 1.947836110617720828e-01 4.299261221583499659e-01 6.455679927245201455e-01 4.456846240946433779e-01 4.104110744389100063e-01 6.177385208903379832e-01 5.958067605448216231e-01 5.832767351053350646e-01 3.113417742107278396e-01 5.007155554696024469e-01 8.100572582050141746e-01 8.592800907380470088e-01 2.761359178322848607e-01 7.590984979959696233e-01 1.577278418768895407e-01 3.973277138163356925e-01 8.505920487224994941e-01 2.158117691146980710e-01 3.476516301899802985e-01 1.426413179098574013e-01 3.701709405208515880e-01 5.355342451710736196e-01 7.160290089064674790e-01 2.683624640894541891e-01 8.262600772550400263e-01 4.609925131394272402e-01 5.296317673500609002e-01 1.509295984817433656e-01 8.708813407001513296e-01 5.892693945151673551e-01 5.858873629585545917e-01 3.873977565489738484e-01 7.004867607978179089e-01 6.203160968776398887e-01 1.287129419508954986e-01 2.646151361523745860e-01 3.226809948602670786e-01 6.873681522692872692e-01 3.869035308172556475e-01 3.675792327065862675e-01 1.148911376970825488e-01 3.342192252701600141e-01 3.784445919703261496e-01 7.127153415306397566e-01 5.293979446220195006e-01 7.204307946050996225e-01 4.896134654297636390e-01 5.458059660336169738e-01 8.236417828231862304e-01 2.925181918619036980e-01 6.050400057775602303e-01 8.630965922722043659e-01 3.015362197035813541e-01
9.905022436843000655e-01 0.000000000000000000e+00 9.154683986129118489e-01 8.391486278018178702e-01 1.156184391804716327e+00 1.181355044637443008e+00 5.505460985147713204e-01 6.834729789321958293e-01 1.414635660789160587e+00 8.540025763024872152e-01 6.277926704962799587e-01 8.675162231588312567e-01 5.254839121277411484e-01 2.831739209636842114e-01 8.622815894656716829e-01 8.086804609111044595e-01 6.046561534999297383e-01 1.230336176201842102e+00 7.856002486862514456e-01 4.946626493012142300e-01 9.201520744786304551e-01 9.661456309401810216e-01 8.416768451846466936e-01 6.796144297386650379e-01 4.673135895874865886e-01 1.011862108754020939e+00 6.877975950262652516e-01 6.976525182053793239e-01 4.153350429926331300e-01 8.028918982011047367e-01 7.134039838296463154e-01 5.475940816120291599e-01 6.754144720832515603e-01 8.490610226348107581e-01 1.253084166442836045e+00 7.749983957502536436e-01 8.635188963142841345e-01 7.082931349397236787e-01 1.443192591165494143e-01 8.646763724435593268e-01 7.569232169937294419e-01 1.124004431542270144e+00 7.346894285353183784e-01 5.490163843105066999e-01 7.302793973226688884e-01 8.261610948445951008e-01 9.059451411889947181e-01 7.816968982845379221e-01 5.581119433504763139e-01 9.522002717401977234e-01 8.724112033487291251e-01 1.045967653144949105e+00 6.186897279387530979e-01 6.961860137281182803e-01 5.070373150567522025e-01 5.347477895566689066e-01 9.670313288972411936e-01 9.178784781435792572e-01 6.721552676425505135e-01 3.931548246677251668e-01 8.660210415403170048e-01 1.344527481317136841e+00 8.991563001708646752e-01 9.130096429147379622e-01 6.605080199272690411e-01 6.066901782434346302e-01 1.079531536862590624e+00 5.984544842046889412e-01 5.088162958904199895e-01 6.094038418048265404e-01 8.735156406367428072e-01 7.555558675143778657e-01 4.325076560334447096e-01 9.056759912175701421e-01 8.325469200496374844e-01
9.078748016739884852e-01 9.154683986129118489e-01 0.000000000000000000e+00 8.873648018448286878e-01 1.336200942176465123e+00 1.277951778319181164e+00 7.150431806890241715e-01 4.619199933720703477e-01 1.327037197295892090e+00 1.034700109947785718e+00 3.818439938412549473e-01 9.491113466970508838e-01 6.208402243037217660e-01 6.405142558177634449e-01 2.816597309746094457e-01 7.207942452715428994e-01 7.339876845739558009e-01 1.142737712708573827e+00 7.707017775365917478e-01 4.372922790760853107e-01 9.540255346241234280e-01 1.143492071285736378e+00 9.876049970469424899e-01 5.589624323472878187e-01 5.531849472039065407e-01 1.111726935120848969e+00 8.930903546441969487e-01 2.979558236102882174e-01 6.221495401955715598e-01 4.208251248274085810e-01 5.993538568131292488e-01 5.592031144765307049e-01 7.379738997649786247e-01 1.611449355322785715e-01 1.165485702949567770e+00 1.493753558876859400e-01 7.556564920475045133e-01 8.075088216192981561e-01 7.711491394963625456e-01 9.214982758152451270e-01 9.421465801287532971e-01 1.036405968049001647e+00 8.433791875979025354e-01 7.617621724134271410e-01 2.688784267928016058e-01 8.509179259149121100e-01 2.368955128002644406e-01 4.581427935611554481e-01 5.850992406363856313e-01 1.045935529255501262e+00 1.240119991813600359e-01 1.228545251348534650e+00 4.078279254354333916e-01 6.553908142794016012e-01 4.401876039608231816e-01 5.267518330976953544e-01 8.585901791737938771e-01 1.053610257723282206e+00 6.770869159039180074e-01 5.223135739451867376e-01 1.029585013630885948e+00 1.256929017823867900e+00 8.841797843239683763e-01 1.018189638923315599e+00 8.347344627132066153e-01 3.102837889991564846e-01 1.174935422978637067e+00 6.343775597891204709e-01 6.754652098482413214e-01 4.836909548203749964e-01 1.437109099818996150e-01 8.123777708860636659e-01 5.513764250727311023e-01 2.348608696006492802e-01 9.513937910638926576e-01
9.616232924068911503e-01 8.391486278018178702e-01 8.873648018448286878e-01 0.000000000000000000e+00 1.208909088167023915e+00 1.197778461094542779e+00 6.818528630603273299e-01 5.779863842002529450e-01 1.385756709511750895e+00 9.096122331436329311e-01 6.766604242069375053e-01 8.725723419429698424e-01 3.232446828363601532e-01 5.988019436308731347e-01 8.100389705288409958e-01 8.427336777915382937e-01 6.037754784188700263e-01 1.201457224924432632e+00 7.603656298726193530e-01 4.836501595227192807e-01 9.938411210147243269e-01 1.018870327302488610e+00 8.719233569255003813e-01 7.967846120853891989e-01 6.250811811525733841e-01 1.030788098023772914e+00 7.595303028013522528e-01 6.332615463994032412e-01 5.076430721871219021e-01 7.877755290101809971e-01 6.781027836268147535e-01 4.667580055482039025e-01 1.637341557185661989e-01 8.263947995300660043e-01 1.224205215165426575e+00 7.385884981668100480e-01 8.346399450368751083e-01 8.170055108744505024e-01 6.992384328400169657e-01 8.558721120583218100e-01 8.096479133560369190e-01 1.095125480264861118e+00 7.537420859596032363e-01 6.469094036914864176e-01 7.284098726613669195e-01 9.106200215333276615e-01 8.588324799132820431e-01 7.067793931242530858e-01 6.966379865134803007e-01 9.824467834810514111e-01 8.409432778853753732e-01 1.098692349507256694e+00 5.193252156464548408e-01 8.347120568911222671e-01 5.928178836589795830e-01 3.657597046761079662e-01 9.496508811399860805e-01 9.630048011803508112e-01 6.525333158779724751e-01 5.085827211202884612e-01 9.111473645770884477e-01 1.315648530039727815e+00 8.762869346766232193e-01 9.320623003390228201e-01 6.986726491714283505e-01 6.137438348706285574e-01 1.094762105753999792e+00 2.534606830143421030e-01 5.025745652167349364e-01 7.499584425785573716e-01 8.323453416633211921e-01 7.467516071291403490e-01 4.113083163840796086e-01 8.872563663767910613e-01 9.042343879542267260e-01
6.948287385032120289e-01 1.156184391804716327e+00 1.336200942176465123e+00 1.208909088167023915e+00 0.000000000000000000e+00 9.098407996442140488e-01 7.292158207563512740e-01 8.742809488043943311e-01 1.084072150840408755e+00 3.837427516663997618e-01 1.026557680861823307e+00 6.320348027667496149e-01 8.858295285297079769e-01 9.404113388072629087e-01 1.190855770375261580e+00 6.784121743561943862e-01 6.225202174189432558e-01 9.080498603243892797e-01 6.886883138876657151e-01 9.174424010396925455e-01 5.599976111878266494e-01 1.956381309026854198e-01 5.026784072481658150e-01 8.503657021208216316e-01 9.095538174222773664e-01 7.327473098526106066e-01 5.198940064303536612e-01 1.046420358870843170e+00 7.408493488120831971e-01 1.024354644506325407e+00 7.819003528077654863e-01 8.035563077290271972e-01 1.048559641783797236e+00 1.286777003727048285e+00 9.225206564940838794e-01 1.187424638498446372e+00 7.474050424333908982e-01 6.268014630502821705e-01 1.018740134345877291e+00 6.158493162904000728e-01 3.992611748109868297e-01 8.064124314939855598e-01 5.326274399487830324e-01 6.385817886803407673e-01 1.141097415571851847e+00 5.670246628298868385e-01 1.257421115943845535e+00 9.284492677044940967e-01 8.559671170461455869e-01 5.585738983806010083e-01 1.293190242924413536e+00 1.234110618635149148e-01 9.549314967701243440e-01 7.485291230969349785e-01 9.855303595996388610e-01 9.033950823676546449e-01 6.773648672729163378e-01 4.674302146333019214e-01 6.696665513864585861e-01 8.716478692106118809e-01 3.079252076859564369e-01 1.017991497287076941e+00 6.998881109855871197e-01 6.252200868396013966e-01 5.106362498707348596e-01 1.054940982996898313e+00 8.097953077149826484e-01 9.792351857132861603e-01 7.083007796238022236e-01 9.422791493564407483e-01 1.254066683994477849e+00 6.188573193022162133e-01 8.185596456035773016e-01 1.302998447116813674e+00 4.872058539578850156e-01
6.334320198252519907e-01 1.181355044637443008e+00 1.277951778319181164e+00 1.197778461094542779e+00 9.098407996442140488e-01 0.000000000000000000e+00 8.315773333138043455e-01 8.160317849471101503e-01 1.039879350433845273e+00 6.121469962331871351e-01 1.078035684344165190e+00 3.453825615682254990e-01 8.756853953989527373e-01 9.606579500676246663e-01 1.132606606517976733e+00 8.323314955494296452e-01 5.940029826756730857e-01 8.640010651085477944e-01 5.841536197559636934e-01 9.259607342986234668e-01 7.197627795773785531e-01 7.171319287534855258e-01 4.922958358346857799e-01 8.912881315014575812e-01 9.470400992742132873e-01 1.904813866230679609e-01 6.377649439341873672e-01 9.881711950135587674e-01 7.716336582109896147e-01 1.004256870572864058e+00 7.185471612196108193e-01 7.641066611119722296e-01 1.038599518924651743e+00 1.232296286169999533e+00 8.781584947192538904e-01 1.129175474641161303e+00 7.485320780345894320e-01 7.776006712260682407e-01 1.041700948620582157e+00 4.505173255058765869e-01 5.422815489329255723e-01 7.563159745573450055e-01 4.466656161021249072e-01 7.186395227055378809e-01 1.139232326306393706e+00 7.302728556168096574e-01 1.199171952086560688e+00 8.702001038472098049e-01 9.826051160989974775e-01 5.974580218246533514e-01 1.234941079067129355e+00 8.021851088162835763e-01 9.128685651694343761e-01 8.993283312727209378e-01 9.990954148194360895e-01 8.757746023972585725e-01 7.460436299149116879e-01 6.036749578036487707e-01 6.114173875291742943e-01 8.873811860825195907e-01 6.032248710986354290e-01 9.737986968805133481e-01 5.626656093703730210e-01 3.014534565297271596e-01 5.460675878544982709e-01 1.061974672313602985e+00 1.085557242850864051e-01 9.696130843572281499e-01 6.978331368449934846e-01 1.005992734927697141e+00 1.195817520137193446e+00 4.942439150374175472e-01 8.231046434701840830e-01 1.262174843328172313e+00 7.011396586073740389e-01
5.550747502412880507e-01 5.505460985147713204e-01 7.150431806890241715e-01 6.818528630603273299e-01 7.292158207563512740e-01 8.315773333138043455e-01 0.000000000000000000e+00 4.575424813941293412e-01 9.430891985986548098e-01 3.849244118199007247e-01 3.347549344503741309e-01 5.407621735452337042e-01 3.665393089222536704e-01 3.213747325070768213e-01 5.833112472312849128e-01 2.819430550382328038e-01 2.865053785409344966e-01 7.625610236447110113e-01 4.923761385961064052e-01 3.427109455562139528e-01 4.045273851045329550e-01 5.436351643202588235e-01 4.543337512424913682e-01 2.609536995438414553e-01 1.884228581220501741e-01 6.582678500994219029e-01 2.093218143259976127e-01 5.374340775623543953e-01 1.787890818233894008e-01 4.228775374261219966e-01 3.631010980304487656e-01 3.572786573905037955e-01 5.181187073417612421e-01 6.213095796795201631e-01 7.815377042523301565e-01 5.802029765311709220e-01 4.146259537047706223e-01 1.577470364249523582e-01 4.143935616774652164e-01 5.472670681975475571e-01 3.581391295168899758e-01 6.723666998437551889e-01 4.111976047318287031e-01 1.343982801165810315e-01 4.791782437488504298e-01 2.924568068560093881e-01 7.113647646000933467e-01 3.890280155976024723e-01 1.516365232137600327e-01 5.068290473728881418e-01 6.727921097822826546e-01 6.178765502191402303e-01 4.658497267194348090e-01 1.694486078552466801e-01 3.135734809506851017e-01 3.785027126608472292e-01 4.320280136004926441e-01 4.363907354889222101e-01 3.904396516205339562e-01 2.543755218241682825e-01 4.635713677111380493e-01 8.734474611033388181e-01 5.943133622355742940e-01 5.519624654793031659e-01 3.039650873090658512e-01 4.285351776993409634e-01 7.308527145756402721e-01 4.421234115418576915e-01 2.382060257761555722e-01 2.399626489180528566e-01 6.787202214176604187e-01 4.381465632683659850e-01 2.752118912919545024e-01 6.548832270070171768e-01 3.341742688295328834e-01
4.832672253854793376e-01 6.834729789321958293e-01 4.619199933720703477e-01 5.779863842002529450e-01 8.742809488043943311e-01 8.160317849471101503e-01 4.575424813941293412e-01 0.000000000000000000e+00 9.049446274599158846e-01 5.809318966811928275e-01 3.345981511566851196e-01 4.871913533249803141e-01 3.159045512156234969e-01 4.321393539276996432e-01 3.285228490035751459e-01 3.290060987447125385e-01 2.720676912018854532e-01 7.206451428725978436e-01 3.087817841645214001e-01 2.179411277614626830e-01 5.489265734186106194e-01 6.815720779136658081e-01 5.256850036748719202e-01 2.281450422733659888e-01 4.224940767742850767e-01 6.498069417487783994e-01 4.553120484226326203e-01 1.831633804239323204e-01 3.216407961367060975e-01 2.271862498592654156e-01 1.807613837577987104e-01 1.640153898422880285e-01 4.306655413428494006e-01 4.162645012228893826e-01 7.433931331135913423e-01 3.131436896940515968e-01 3.430963275333144824e-01 4.411588957849580384e-01 5.435627839703954800e-01 4.595782824431748348e-01 4.802265867566828939e-01 6.143133982130256632e-01 3.814591942258321322e-01 3.759339579414057164e-01 3.232005413592839993e-01 4.503785483379295629e-01 3.941641374969345746e-01 1.299930333133178795e-01 3.552366942639079705e-01 5.886214097307530535e-01 4.189092941200186493e-01 7.666252579764638586e-01 1.201497208399845834e-01 3.194376277282321430e-01 3.223968283449899497e-01 2.123946714922547441e-01 4.534912179682810685e-01 6.195224568620781858e-01 2.151669225318476597e-01 3.217437590165708183e-01 5.676650202588157113e-01 8.348364479878928046e-01 4.247030889685253219e-01 5.562696455512446958e-01 3.728144693411361565e-01 2.570300645944246232e-01 7.130154296065663866e-01 3.245257011859107865e-01 2.203917023828727562e-01 3.092149532328982708e-01 3.908097055475667769e-01 3.504577775139933182e-01 2.830105825175363021e-01 4.571670287385460330e-01 5.508544134869099995e-01
4.376874121786094585e-01 1.414635660789160587e+00 1.327037197295892090e+00 1.385756709511750895e+00 1.084072150840408755e+00 1.039879350433845273e+00 9.430891985986548098e-01 9.049446274599158846e-01 0.000000000000000000e+00 7.637301411844370502e-01 1.031061808886274189e+00 7.409946969907239556e-01 1.069823940792790085e+00 1.189943287787508908e+00 1.153211808814235573e+00 6.741724610375623428e-01 8.540548319161049839e-01 2.596142002138647764e-01 6.500803718434088330e-01 1.101101278643406012e+00 5.812370993634047300e-01 8.913632799496798986e-01 5.906810354384703921e-01 8.365576618038573775e-01 1.050617157599341711e+00 8.521319547032366604e-01 7.984255227962766543e-01 1.036900916512241810e+00 1.017737577704971752e+00 9.946828967421215140e-01 7.321239086517803418e-01 9.248489725744628576e-01 1.234190675309874585e+00 1.269220444185947372e+00 1.657624422992904356e-01 1.178260893617872895e+00 5.734956391963520472e-01 7.853421621737024516e-01 1.274725465827359461e+00 6.376101222101387966e-01 7.416280348322137339e-01 3.185005771669812691e-01 7.660683648975499249e-01 9.295106498133069994e-01 1.125969362354367842e+00 6.563769124468209482e-01 1.245422472876942965e+00 8.801549087613305122e-01 9.346809322248823548e-01 5.310294531028580955e-01 1.290043736322055157e+00 9.776488263079968766e-01 1.007561722160032147e+00 7.924469214237951364e-01 1.107118300443324932e+00 1.044449513982500299e+00 5.212618686440259053e-01 6.436909544289133311e-01 7.497627623364062632e-01 1.111501569374148124e+00 7.761469431544520958e-01 1.124542932309177679e-01 5.512255079502137445e-01 7.406665558787531856e-01 7.724209966125594740e-01 1.131877737152543029e+00 9.358452752306126721e-01 1.144564211709959700e+00 9.166952329059029347e-01 9.524375056791243299e-01 1.242804178445089835e+00 7.288525621150349076e-01 1.029173422882420752e+00 1.276596423015109671e+00 6.828872837980783927e-01
3.821945027018545660e-01 8.540025763024872152e-01 1.034700109947785718e+00 9.096122331436329311e-01 3.837427516663997618e-01 6.121469962331871351e-01 3.849244118199007247e-01 5.809318966811928275e-01 7.637301411844370502e-01 0.000000000000000000e+00 6.661196628768766281e-01 3.343409993557226456e-01 5.865326735063174368e-01 6.382295233050341299e-01 8.365070395366029921e-01 3.139058646762428184e-01 3.270201262459710989e-01 5.862972912482730115e-01 3.953392617644639895e-01 6.152605855374639887e-01 2.042201629583218214e-01 2.046574634578431084e-01 1.955309003897783560e-01 4.896578645662916229e-01 5.733472699419510654e-01 4.350535064415837483e-01 1.845137952702357587e-01 7.496113960772377016e-01 4.386675333098543073e-01 6.636468069517951207e-01 4.742013919495323693e-01 5.064940824509792661e-01 7.489304040345590163e-01 9.299670777785156162e-01 6.021786468381126189e-01 8.859238062697669669e-01 3.769127411635174729e-01 2.671453866548004208e-01 7.165583188436484008e-01 3.087018094320126416e-01 1.428561512010504686e-01 4.900194321524427021e-01 2.392783878255812235e-01 3.216872368611615740e-01 7.806593975869049462e-01 1.950051393974275293e-01 9.404204607220674195e-01 5.767183321702478160e-01 4.955290990611991853e-01 2.328388946541765925e-01 9.991765605239781856e-01 2.709358961024501689e-01 6.578692714920764129e-01 3.880911051119884658e-01 6.833485440974100822e-01 6.063328570896069358e-01 3.152838403800078959e-01 1.231097883091859246e-01 3.763174992632568050e-01 5.694660537083831020e-01 1.124986142324862631e-01 6.971837287069008182e-01 3.927406041271997994e-01 3.275262834285744828e-01 2.219290933552759137e-01 7.527591674946692013e-01 5.121015043039557346e-01 6.790077517765349402e-01 4.090039246004113505e-01 5.818411313714941802e-01 9.457669514312134762e-01 3.255082671790145987e-01 5.163778301013484118e-01 9.422906095622836098e-01 1.151863305254257341e-01
6.211214554383741593e-01 6.277926704962799587e-01 3.818439938412549473e-01 6.766604242069375053e-01 1.026557680861823307e+00 1.078035684344165190e+00 3.347549344503741309e-01 3.345981511566851196e-01 1.031061808886274189e+00 6.661196628768766281e-01 0.000000000000000000e+00 7.429633528311408996e-01 3.998822311106874361e-01 3.503166888663067913e-01 2.800577379332558348e-01 3.845928067927982807e-01 5.397483433033465339e-01 8.499070773090672271e-01 5.420043988213411046e-01 2.018331359723439800e-01 6.227281547378845650e-01 8.409770244257308569e-01 7.741795187241308218e-01 1.960388716405963017e-01 1.957760920798831128e-01 9.118108411458339946e-01 5.440767487763716881e-01 2.027023434026701265e-01 3.623348784987329152e-01 1.855691146126589586e-01 3.594885231245544821e-01 3.664211144894473637e-01 5.261366038337066398e-01 2.881103928317504947e-01 8.695103145399499800e-01 2.470037896834013924e-01 4.633936135614845631e-01 4.301465651047848837e-01 4.834734113797305999e-01 7.054031217893704797e-01 6.764798701528156322e-01 7.481791561969022286e-01 6.434630936228876719e-01 4.483617202382879641e-01 1.459790569010808170e-01 5.019955714249696443e-01 3.848560243775358547e-01 2.198583089141012969e-01 2.048109943977356184e-01 7.450382696137232141e-01 3.395929229345129863e-01 9.108496202628144633e-01 2.480596697578273668e-01 2.780285577648882178e-01 1.208503051600228473e-01 3.205795615924321718e-01 5.430924713902208767e-01 6.946226179470711415e-01 4.677361525535578823e-01 2.346378458285547086e-01 7.695486396376138849e-01 9.614200713909585305e-01 6.434501456974112132e-01 8.182735449483002910e-01 5.976791060066058980e-01 1.138341989134011578e-01 9.750193290036219818e-01 4.236731821512292329e-01 4.325085546493565025e-01 1.063286983058614327e-01 3.455210345698908614e-01 5.990377324489291055e-01 3.261012426651386242e-01 3.293841236621561919e-01 5.924061512876819258e-01
3.341322583457776996e-01 8.675162231588312567e-01 9.491113466970508838e-01 8.725723419429698424e-01 6.320348027667496149e-01 3.453825615682254990e-01 5.407621735452337042e-01 4.871913533249803141e-01 7.409946969907239556e-01 3.343409993557226456e-01 7.429633528311408996e-01 0.000000000000000000e+00 5.504792762473795786e-01 6.468191285890124709e-01 8.037661748958473407e-01 4.983853069498438426e-01 2.762961402342419270e-01 5.651164116654266989e-01 2.387710581877381943e-01 6.121219128200113824e-01 4.301930974150381393e-01 4.393259318760212584e-01 2.079736875335312374e-01 5.562157999884330684e-01 6.332012777956009808e-01 1.858633295312526468e-01 3.469497841656166703e-01 6.593307633914289312e-01 4.577948367323771417e-01 6.720559584080475490e-01 3.834748297065865286e-01 4.355136777100417911e-01 7.133933997730784737e-01 9.034558545478699187e-01 5.792738412761327949e-01 8.003350430190320219e-01 4.031495164663640995e-01 4.867855114574976549e-01 7.278621271419697392e-01 1.436064397860260244e-01 2.514663891643550975e-01 4.574313211142240765e-01 1.389847617256916024e-01 4.272911569617097727e-01 8.103918946842644244e-01 4.394576958482389606e-01 8.703315204644312963e-01 5.379991916823930742e-01 6.687261954700135513e-01 3.083952614447938445e-01 9.061006474449991854e-01 5.243791119388191424e-01 5.840281335473049840e-01 5.745907867962423143e-01 6.852565933408237830e-01 5.471816189953283560e-01 4.471589764717907589e-01 3.241899849676845302e-01 2.792164753643575081e-01 5.735423646039073953e-01 3.254188742211710506e-01 6.749140434373922526e-01 2.557547236505224864e-01 1.122192304701923188e-01 2.479466135194764165e-01 7.333816889116728799e-01 2.397796437733615560e-01 6.416883919565326000e-01 3.826168885968803113e-01 6.709204034146729612e-01 8.669770885150634987e-01 1.488613534691921314e-01 5.082415718785451286e-01 9.333344117060429213e-01 4.231507701962238799e-01
6.456905236879297849e-01 5.254839121277411484e-01 6.208402243037217660e-01 3.232446828363601532e-01 8.858295285297079769e-01 8.756853953989527373e-01 3.665393089222536704e-01 3.159045512156234969e-01 1.069823940792790085e+00 5.865326735063174368e-01 3.998822311106874361e-01 5.504792762473795786e-01 0.000000000000000000e+00 2.885546201368525132e-01 5.499389950152460127e-01 5.292174390351676028e-01 2.816824127232798181e-01 8.855244562054718216e-01 4.409854628312920299e-01 2.013684253646333411e-01 6.705964381783638961e-01 6.957907676651728934e-01 5.495323307545139091e-01 4.915365989935023827e-01 3.148338576585529291e-01 7.086950323281829833e-01 4.362856199649923217e-01 3.731615708858085911e-01 1.884216661282678562e-01 5.276755534965861250e-01 3.645865448704441181e-01 1.711611431080749535e-01 1.653386851155241033e-01 5.555090107124348586e-01 9.082724464464650982e-01 4.722806065095919159e-01 5.187071763179136319e-01 4.977841048155963732e-01 3.855737171659404661e-01 5.337790463627314352e-01 4.865683537187212582e-01 7.791927115459000852e-01 4.316490202640129170e-01 3.236647208551262089e-01 4.575240838437358293e-01 5.873753386969673418e-01 5.961116904596297505e-01 4.237758520939104989e-01 3.819879172668972367e-01 6.600557573100649389e-01 5.746353862281572411e-01 7.756127898699413104e-01 2.592252401328599687e-01 5.200619876445392586e-01 3.052124611842030322e-01 1.166600681944307133e-01 6.337181124210248262e-01 6.406137750093644501e-01 3.331531488366450411e-01 1.983353976262677842e-01 5.887563384061020866e-01 9.997157613207666715e-01 5.569067676352957852e-01 6.099692346434324453e-01 3.755930895341125786e-01 3.385589360060923814e-01 7.726690400584094176e-01 1.083528736947185211e-01 1.804814995211447837e-01 4.422067192161575067e-01 5.696245522096688996e-01 4.246585414335499742e-01 1.010609928900589594e-01 6.163705775591599156e-01 5.811548283169110096e-01
7.658098706826488300e-01 2.831739209636842114e-01 6.405142558177634449e-01 5.988019436308731347e-01 9.404113388072629087e-01 9.606579500676246663e-01 3.213747325070768213e-01 4.321393539276996432e-01 1.189943287787508908e+00 6.382295233050341299e-01 3.503166888663067913e-01 6.468191285890124709e-01 2.885546201368525132e-01 0.000000000000000000e+00 5.873274466705231678e-01 5.643284870052648339e-01 3.839590589301111745e-01 1.005643803200190867e+00 5.609078756846002101e-01 2.243719574549392082e-01 7.070633075302363846e-01 7.503725779427278253e-01 6.209797506148280188e-01 4.317044960325908676e-01 2.063480526564502315e-01 7.911650141842021533e-01 4.747088280778714031e-01 4.226983754102308644e-01 1.995619899951797949e-01 5.276855042885501001e-01 4.887116108279950799e-01 3.229017086103778689e-01 4.350677879123069358e-01 5.741068798396622430e-01 1.028391793441184809e+00 5.000442529551051285e-01 6.388265233126328990e-01 4.747801210574132957e-01 1.514372371913607074e-01 6.439792778737407630e-01 5.411501639962761345e-01 8.993120585406192413e-01 5.139923339654997037e-01 3.359276173621125738e-01 4.553252545275206509e-01 6.094898914884703256e-01 6.309909983938465361e-01 5.273634361663241954e-01 3.137599694446366883e-01 7.315031771703790486e-01 5.974570605535807211e-01 8.301946001474961312e-01 3.499577761793319919e-01 4.518340398222787657e-01 2.294663837062839717e-01 2.834026223264181632e-01 7.226793549914013459e-01 7.021054251461260609e-01 4.474628946408991670e-01 1.182006818725768876e-01 6.502479885428635864e-01 1.119835108315485828e+00 6.744639271692134397e-01 6.923125483449191764e-01 4.398109253574502553e-01 3.317360354482862816e-01 8.588344422927717270e-01 3.565725849999623054e-01 2.841239228887687540e-01 3.512724207356486272e-01 5.985614978415946252e-01 5.348587729445591910e-01 1.981943166548708890e-01 6.307218484224219601e-01 6.194581531012433029e-01
7.346961668960574343e-01 8.622815894656716829e-01 2.816597309746094457e-01 8.100389705288409958e-01 1.190855770375261580e+00 1.132606606517976733e+00 5.833112472312849128e-01 3.285228490035751459e-01 1.153211808814235573e+00 8.365070395366029921e-01 2.800577379332558348e-01 8.037661748958473407e-01 5.499389950152460127e-01 5.873274466705231678e-01 0.000000000000000000e+00 5.226011748603602847e-01 5.886425127727522577e-01 9.695590779306424434e-01 6.173758042249816169e-01 3.738143326868905714e-01 7.580926405409750268e-01 9.981468994845326126e-01 8.422598252457389467e-01 3.621179425954356712e-01 4.707777686463567868e-01 9.663817633196454260e-01 7.507583772866445182e-01 1.865006879168365495e-01 5.594857895381849522e-01 1.831604654599497672e-01 4.328646026504307520e-01 4.641751505218033591e-01 6.606480684489911548e-01 1.604414986411804578e-01 9.916603144679108084e-01 1.639407064090320498e-01 5.805592053093435734e-01 6.266536651713846551e-01 7.179623303491221575e-01 7.754291835210908035e-01 7.968014083275497539e-01 8.632273332710707070e-01 6.980340157966989922e-01 6.990984217560405334e-01 1.340786810321750178e-01 6.527248555037294953e-01 1.287835677060847894e-01 2.737036537566302496e-01 4.500068918970050458e-01 8.699952068258797189e-01 2.862931987867249894e-01 1.083200079547330441e+00 3.127999614807061013e-01 4.800645327279384200e-01 3.725293700161693145e-01 4.494260017817076069e-01 6.701246698869982588e-01 8.554171873120995917e-01 5.310178236097635729e-01 4.691267647979462385e-01 8.842398418296826268e-01 1.083570071318919581e+00 7.264870512878415232e-01 8.728444671221118334e-01 6.893892909120030721e-01 2.603988705289163041e-01 1.029590251177433524e+00 5.570517284731328900e-01 5.489145513864479575e-01 3.434014013230669571e-01 1.629134563409403436e-01 6.663086785919091204e-01 4.865831626644068764e-01 1.315983650520408665e-01 7.532007206527100429e-01
2.770851136884709409e-01 8.086804609111044595e-01 7.207942452715428994e-01 8.427336777915382937e-01 6.784121743561943862e-01 8.323314955494296452e-01 2.819430550382328038e-01 3.290060987447125385e-01 6.741724610375623428e-01 3.139058646762428184e-01 3.845928067927982807e-01 4.983853069498438426e-01 5.292174390351676028e-01 5.643284870052648339e-01 5.226011748603602847e-01 0.000000000000000000e+00 3.302393739696478647e-01 4.936442860836188218e-01 2.770462985353095431e-01 5.439975593316354052e-01 2.419957134549093059e-01 4.928315179201018248e-01 4.525314086852266215e-01 1.911978174166734101e-01 3.771493191307301318e-01 6.590220123350472026e-01 2.309287146610485286e-01 4.357055314009948277e-01 4.551889283493060212e-01 3.576222875250094635e-01 1.646308941647234847e-01 3.772938190541695325e-01 6.945561241506919004e-01 6.312622895507508103e-01 5.126209666912379115e-01 5.720179415935240375e-01 1.463763143949344814e-01 1.458264896619775319e-01 6.728084574086657943e-01 4.366005178038404044e-01 3.314544766646362328e-01 4.012677914591252781e-01 3.989095924933914739e-01 3.355810550916156765e-01 4.872218952500586564e-01 1.361848516446017010e-01 6.265145960458246011e-01 2.628124674940049421e-01 2.631884247297500146e-01 3.672456307581977719e-01 6.852706958477353671e-01 5.627041137571856533e-01 4.258125024939584669e-01 1.260083845856567186e-01 4.521806622249829322e-01 4.964249262637303040e-01 1.656247502518893300e-01 3.372451989276735174e-01 2.361226696463335495e-01 4.904200138527604058e-01 4.214352066871546176e-01 6.045307235422465730e-01 3.334804313293405209e-01 5.527166277149284657e-01 3.298457270099789396e-01 4.948024083751749735e-01 7.304658278741257282e-01 5.979389214708935585e-01 3.843040228772896527e-01 3.003142752874156662e-01 6.318610867549704357e-01 3.495440426508324983e-01 4.922384878615018167e-01 6.386382683799134430e-01 2.350287322682842184e-01
4.178471075700884163e-01 6.046561534999297383e-01 7.339876845739558009e-01 6.037754784188700263e-01 6.225202174189432558e-01 5.940029826756730857e-01 2.865053785409344966e-01 2.720676912018854532e-01 8.540548319161049839e-01 3.270201262459710989e-01 5.397483433033465339e-01 2.762961402342419270e-01 2.816824127232798181e-01 3.839590589301111745e-01 5.886425127727522577e-01 3.302393739696478647e-01 0.000000000000000000e+00 6.697553473287867210e-01 2.086842354997700821e-01 3.481404506649041775e-01 4.162895796479673116e-01 4.324814565544081724e-01 2.823369043075639184e-01 3.676863082207617039e-01 3.703412081366997399e-01 4.270126196049031098e-01 1.871093744180279683e-01 4.442071012683341258e-01 1.949347670734758731e-01 4.624271969155160922e-01 2.027420774259142411e-01 1.922123751922796553e-01 4.445965362489787687e-01 6.883321924247748358e-01 6.920211983137353196e-01 5.852113808959369390e-01 3.110638437669560608e-01 3.098567371050854891e-01 4.650020574830682762e-01 2.635751651012112617e-01 2.232590426079563706e-01 5.604040547719758569e-01 1.552569239638504628e-01 1.729897744251011338e-01 5.952682325611693415e-01 3.330684801665707573e-01 6.552078583413364354e-01 3.359029968117422937e-01 4.059062249614840967e-01 3.928603308631150592e-01 6.909769853219042135e-01 5.123034787591763672e-01 3.435875642333768853e-01 3.917909214602119383e-01 4.223965236819224867e-01 2.920511498309071863e-01 4.260747798700671440e-01 3.734183485624145704e-01 1.139605290414706928e-01 3.106822949450060989e-01 3.215609119591521514e-01 7.839466524440817929e-01 3.106214591392378876e-01 3.334753234073693506e-01 1.158469251924096055e-01 4.856390326221096676e-01 4.909866273351295995e-01 3.756101016815551752e-01 1.073410570953054338e-01 4.790357308235040357e-01 6.518534263919684157e-01 1.544546601720296897e-01 2.379352322261341912e-01 7.182107495829479493e-01 3.216422810565650048e-01
2.533879275912912510e-01 1.230336176201842102e+00 1.142737712708573827e+00 1.201457224924432632e+00 9.080498603243892797e-01 8.640010651085477944e-01 7.625610236447110113e-01 7.206451428725978436e-01 2.596142002138647764e-01 5.862972912482730115e-01 8.499070773090672271e-01 5.651164116654266989e-01 8.855244562054718216e-01 1.005643803200190867e+00 9.695590779306424434e-01 4.936442860836188218e-01 6.697553473287867210e-01 0.000000000000000000e+00 4.657808872560906255e-01 9.168017940560880819e-01 4.007089244094611535e-01 7.153409894336607566e-01 4.148027501131730244e-01 6.560294868499138010e-01 8.700889826453980236e-01 6.762536693779390706e-01 6.178973478423329668e-01 8.526014319249232143e-01 8.397775997559182581e-01 8.135281651649143297e-01 5.478244240644619678e-01 7.405494879871444835e-01 1.049891190722556100e+00 1.088065712608740077e+00 1.600530765027062541e-01 9.939614090305548544e-01 3.903339613395748198e-01 6.048139872197586531e-01 1.090425981240041198e+00 4.617318368848413734e-01 5.657497495069164772e-01 1.408622665123661910e-01 5.901900795722525572e-01 7.536323644880097428e-01 9.448146307771602137e-01 4.758487374928773161e-01 1.061122988289624924e+00 6.958554241740122492e-01 7.541527572709387783e-01 3.535993411753819426e-01 1.105744251734736672e+00 8.002187143805207237e-01 8.232622375727141062e-01 6.119187464698515599e-01 9.265901254893816885e-01 8.601500293951818144e-01 3.407336936900823843e-01 4.662608425014370117e-01 5.654632777490878892e-01 9.272020847868293059e-01 6.001246526384329538e-01 1.471599069829470086e-01 3.682790652883737859e-01 5.647882705534557068e-01 5.965427112872622173e-01 9.475782525652249877e-01 7.599669899053151934e-01 9.602647271226415482e-01 7.323957483185845607e-01 7.719093307251807534e-01 1.058504693857771795e+00 5.459061194531947825e-01 8.448739382951023780e-01 1.095441691437902598e+00 5.023591088441348163e-01
2.138726474973925151e-01 7.856002486862514456e-01 7.707017775365917478e-01 7.603656298726193530e-01 6.886883138876657151e-01 5.841536197559636934e-01 4.923761385961064052e-01 3.087817841645214001e-01 6.500803718434088330e-01 3.953392617644639895e-01 5.420043988213411046e-01 2.387710581877381943e-01 4.409854628312920299e-01 5.609078756846002101e-01 6.173758042249816169e-01 2.770462985353095431e-01 2.086842354997700821e-01 4.657808872560906255e-01 0.000000000000000000e+00 4.817442431569002870e-01 3.715257742442614752e-01 4.959794429969371921e-01 2.875283476397655913e-01 3.552568459786331068e-01 5.605998175828431629e-01 4.187212471834962368e-01 3.387326587849529558e-01 4.809211942309699062e-01 3.851933765196194348e-01 4.791974636589082515e-01 1.845112015745509759e-01 3.028455241307644874e-01 6.051552632069656656e-01 7.250462853874107827e-01 4.880467382410390020e-01 6.219254738585728859e-01 1.643784582786259052e-01 4.074891064280327657e-01 6.456900537244509852e-01 1.774495971338856115e-01 3.031214214458501921e-01 3.564295946992799280e-01 1.863879238160944807e-01 3.788605344802732366e-01 6.239321670813643417e-01 3.412408164679982536e-01 6.919219513039723823e-01 3.451406969332536101e-01 4.677672414602137008e-01 2.800993791471686478e-01 7.276910782845401604e-01 5.810326230597352426e-01 4.178485193569544398e-01 3.544399714969050930e-01 5.919531844536647380e-01 4.222104840162229644e-01 2.616744066273809510e-01 3.898945589513681531e-01 1.143389911965004974e-01 4.824661572712388713e-01 3.820723853420870952e-01 5.799721923713858640e-01 1.159213048040039079e-01 3.214670972112184666e-01 2.208287186910301569e-01 5.658118487589460788e-01 4.785507019610997781e-01 5.198651538317903276e-01 2.831899087428398909e-01 4.699614494048730551e-01 6.885675193546042516e-01 1.042619450557163707e-01 4.001380107795114438e-01 7.481809534203254231e-01 4.153210324199019809e-01
6.769678615385460452e-01 4.946626493012142300e-01 4.372922790760853107e-01 4.836501595227192807e-01 9.174424010396925455e-01 9.259607342986234668e-01 3.427109455562139528e-01 2.179411277614626830e-01 1.101101278643406012e+00 6.152605855374639887e-01 2.018331359723439800e-01 6.121219128200113824e-01 2.013684253646333411e-01 2.243719574549392082e-01 3.738143326868905714e-01 5.439975593316354052e-01 3.481404506649041775e-01 9.168017940560880819e-01 4.817442431569002870e-01 0.000000000000000000e+00 6.927353565789259315e-01 7.274036401751574621e-01 5.862825348458269303e-01 3.825473300951660049e-01 2.056489757644863470e-01 7.564677984152009538e-01 4.584245383655543016e-01 2.055030155941833803e-01 1.874837239169289405e-01 3.559472363628198299e-01 3.844410408066700757e-01 1.939765035920622549e-01 3.331263391494886372e-01 3.719610654847979037e-01 9.395497842970820246e-01 2.924783834755054213e-01 5.433995985674447970e-01 4.965164891275685721e-01 3.534672879879365848e-01 6.040210019157753463e-01 5.181812262287059934e-01 8.104700493965160124e-01 4.792951181964985596e-01 3.270963561347844939e-01 2.723337633000453839e-01 6.042410666688731169e-01 4.174778844102137731e-01 3.064124875676195181e-01 3.049901456499127250e-01 6.968059614013779601e-01 3.942350838119021428e-01 8.072256623799256570e-01 1.255858187243927560e-01 4.430156496691043388e-01 1.173408920524673521e-01 1.343013882171727458e-01 6.564553856810425581e-01 6.773639791006774713e-01 3.808729763830149828e-01 1.139763625438104805e-01 6.255065424974149968e-01 1.030993099171382710e+00 5.976655479609043198e-01 6.576153325759180879e-01 4.111433572771934775e-01 1.421474892732285389e-01 8.241372265237708605e-01 2.306629174670111193e-01 2.407993935695986742e-01 2.724061988298569492e-01 3.909907461602531442e-01 4.949004969865938852e-01 1.251303441001466454e-01 4.328226323315229607e-01 6.037395227278713472e-01
1.998860352689076636e-01 9.201520744786304551e-01 9.540255346241234280e-01 9.938411210147243269e-01 5.599976111878266494e-01 7.197627795773785531e-01 4.045273851045329550e-01 5.489265734186106194e-01 5.812370993634047300e-01 2.042201629583218214e-01 6.227281547378845650e-01 4.301930974150381393e-01 6.705964381783638961e-01 7.070633075302363846e-01 7.580926405409750268e-01 2.419957134549093059e-01 4.162895796479673116e-01 4.007089244094611535e-01 3.715257742442614752e-01 6.927353565789259315e-01 0.000000000000000000e+00 3.772182177912468681e-01 2.353408014157050698e-01 4.266892830972882078e-01 5.705698118211465220e-01 5.333633334630033529e-01 2.439282030467939955e-01 6.646373448050111321e-01 5.110779958626685548e-01 5.931137532056242057e-01 3.777442776327858964e-01 5.882047570389760116e-01 8.327676902392450176e-01 8.667537552313656635e-01 4.196856050170801877e-01 8.052492309461047881e-01 2.310335719290930734e-01 2.570931714856606320e-01 7.839995376413244621e-01 3.268085226344528693e-01 2.831018236466638083e-01 3.105146006085051091e-01 3.780216756894243524e-01 3.889045732445350345e-01 7.227133609306732875e-01 1.315801190818843835e-01 8.620060617264392322e-01 4.983039331746196288e-01 4.660599807299942166e-01 1.283140946191113907e-01 9.177801646148243675e-01 4.512227016551438319e-01 6.457329771678566033e-01 3.512508543803555261e-01 6.873382192794098566e-01 6.956023104916029265e-01 1.173672560850896190e-01 1.160878217737298657e-01 4.310583878576849659e-01 6.403475637801055997e-01 2.641959529304259147e-01 5.115953618680889603e-01 2.556044694402574424e-01 4.224831716257605452e-01 3.132572257435600194e-01 7.302938740557898267e-01 6.199261927325631083e-01 7.628450379812211635e-01 4.982733780024075076e-01 5.391884762708369916e-01 8.650923761075510754e-01 4.243311894928347150e-01 5.989761244230394910e-01 8.741297340605280741e-01 1.016501844346736905e-01
