0.000000000000000000e+00 3.117453741236620246e+01 2.101545008180639229e+01 2.029579249183858991e+01 1.625565748964025659e+01 1.759718058536550345e+01 2.250291147307076045e+01 2.210905341224234988e+01 1.219280844956855603e+01 1.161456886033288249e+01 2.088431827941351315e+01 1.255882618524675465e+01 2.584605595520327981e+01 1.028138428343362598e+01 1.354622295160428003e+01 9.030417271574009419e+00 1.404051394824965193e+01 1.723945239397864881e+01 7.870543764356567884e+00 2.560913688505210573e+01 2.348206936342663553e+01 7.383843776677684545e+00 2.058388742369123747e+01 1.564413525269937999e+01 2.845516226139748994e+01 2.402550898680365066e+01 1.800537299783741929e+01 6.409925992258407312e+00 1.580842018639578228e+01 1.041116501878043188e+01 1.515706395239125115e+01 1.806593557536860928e+01 1.160020500826032830e+01 2.588104085713042934e+01 6.440932254671774437e+00 1.574614920378098937e+01 2.069799443538310868e+01 5.919112674515645267e+00 2.569240403280452867e+01 1.557225897581027141e+01 2.340514290582833468e+01 1.615304466285168417e+01 1.807352247569409798e+01 1.111136170799059819e+01 1.819923742970811631e+01 2.144878714147067100e+01 1.723193435000599649e+01 1.868014415364416791e+01 4.603795316556061223e+00 2.576279437244260606e+01 2.758997179026291491e+01 1.368130909758916403e+01 1.181358098663992351e+01 1.353306635626624832e+01 1.957162887256117401e+01 2.861103796602703397e+01 2.209835736878300949e+01 1.749365712376721760e+01 7.970929906173436663e+00 1.074477283719157583e+01 4.532282557654731647e+00 1.384128059522320342e+01 4.254146350685150679e+00 1.132986668919615170e+01 2.273567007324112410e+01 8.443294626143810433e+00 2.466673975448051692e+01 4.033505891185362735e+00 1.579931957328712500e+01 2.730378261803856788e+01 1.455766603974175766e+01 2.432037341081176507e+01 9.655179493381638167e+00 2.798568442860802463e+01 1.858020814275447208e+01 1.311392494828179167e+01 1.734028679214269886e+01 4.292936131496708718e+00 2.198365488246957256e+01 1.552955283847431289e+01 1.744792688310858964e+01 1.398139238037715515e+01 8.030633075493351924e+00 2.386898820726842985e+01 1.718846977307845236e+01 1.569903370152695743e+01 2.537754231378031022e+01 2.180105962056295965e+01 2.117137171347752300e+01 1.332721524426478155e+01 2.158155424949879730e+01 1.684508916862424854e+01 2.031578624004900746e+01 2.497209495491295783e+01 1.295705125092924348e+01 1.892851304195958306e+01 2.086533496684455358e+01 1.718811028926034012e+01 8.972028834758814853e+00 1.330510533611826496e+01
3.117453741236620246e+01 0.000000000000000000e+00 3.031426645875174231e+01 2.042879509142198913e+01 1.930462532289730859e+01 1.565118038670435396e+01 1.259070090298414790e+01 1.302349053598660156e+01 3.137843732314411227e+01 2.101988220977512256e+01 1.101770374491371918e+01 2.654446439483938036e+01 1.054770356530154096e+01 3.117364378976191119e+01 2.228852923956278786e+01 2.256851627728627463e+01 2.377832843170040888e+01 1.631336695380623425e+01 3.381032217512959193e+01 7.820561653303321314e+00 8.094775406990393662e+00 2.688820933498307042e+01 1.976049869417337135e+01 2.910812823059859511e+01 6.907453351367083272e+00 1.712822790038935494e+01 1.478157244443799279e+01 3.439414493179230448e+01 2.417103431862768304e+01 2.162985339664050954e+01 1.628450434615203335e+01 1.417233045214304532e+01 2.171543812094721204e+01 6.139229798286417683e+00 2.771494503887300453e+01 2.969134312715003432e+01 1.121601780042975172e+01 2.587862565073242038e+01 5.791824992576537490e+00 2.429325720332442984e+01 1.381586087998933365e+01 2.130331454015073689e+01 1.425587978485198626e+01 2.688782832370729636e+01 1.776856446010577883e+01 1.145361799888451237e+01 1.886115882274434341e+01 2.589278805399897720e+01 2.691173593733738301e+01 6.454941831201550073e+00 4.579734626907936423e+00 1.880944135447149179e+01 2.630541443128943513e+01 1.865293289192700854e+01 1.603961650804041383e+01 5.929249448033498737e+00 1.221886979184982103e+01 2.034805362687747987e+01 2.561564215272229461e+01 2.713348954782668088e+01 3.010115770678426017e+01 1.836808911585142923e+01 3.388077024931885717e+01 2.233076143780796485e+01 9.913286231019331041e+00 3.131716386969110388e+01 8.799096769859591660e+00 2.851025858699098592e+01 2.484253127466866928e+01 9.938360879660477210e+00 1.689757452330119847e+01 1.435062077425395799e+01 2.298451334770444277e+01 4.380446943547321226e+00 1.287196724613963994e+01 2.009003022663084792e+01 2.791331975498339446e+01 3.054588757938618926e+01 1.023408132117458358e+01 1.843586252141019344e+01 1.455818052917635974e+01 2.589008779403608429e+01 3.289653923186363471e+01 8.050231341538502505e+00 2.707723636063704831e+01 1.571848314317752759e+01 1.039219158816662691e+01 1.113023695213848541e+01 1.682559580558782031e+01 2.342130606479730304e+01 1.136175482317422158e+01 1.715520289814470445e+01 1.085875117231719855e+01 8.550156390527611450e+00 3.026817183986040050e+01 1.285590277057946196e+01 1.301850288217368679e+01 2.207115068423023629e+01 2.250247031032575507e+01 2.241508245410320654e+01
2.101545008180639229e+01 3.031426645875174231e+01 0.000000000000000000e+00 2.809764541636549851e+01 2.628236278220787270e+01 1.578183025722402455e+01 2.235592299815266415e+01 3.485418995064216574e+01 1.275261292017880521e+01 1.242512694642441495e+01 2.571696355606751183e+01 2.294086448936311129e+01 2.740599453268390917e+01 1.383987880864773068e+01 2.942162642334591283e+01 1.718714795318423683e+01 8.564080107635760442e+00 2.020249143818683635e+01 1.919614273834685036e+01 2.252690521734896834e+01 3.308159174927116197e+01 2.230571539173953610e+01 3.388724975207760792e+01 6.944272270158422522e+00 3.371692740239006270e+01 2.828961420627990009e+01 1.574860460643582627e+01 1.953241640218329778e+01 6.649129956566030231e+00 2.345756021898064247e+01 2.029255352902192655e+01 2.922945121083298403e+01 1.841842506222606701e+01 2.550383636471157445e+01 1.514926262844298677e+01 6.912826923886080444e+00 2.163182947816345347e+01 1.541457363210217402e+01 2.687767016597892322e+01 2.764975063460545002e+01 3.199949069457503370e+01 2.368744952052302821e+01 2.592895204006652676e+01 1.083883961788413863e+01 3.297809839267916487e+01 2.242231159777387361e+01 1.157998524604262336e+01 5.766054188550826076e+00 2.024555004138166581e+01 3.038362916839332328e+01 3.414257165542001360e+01 2.759261807438477021e+01 2.484075032301316455e+01 1.590124447614532066e+01 2.460789961089402667e+01 2.952470792466710847e+01 1.812859707880246773e+01 2.996303149881563144e+01 1.863934974590467064e+01 1.102504535448652767e+01 1.715993467085622726e+01 2.220577234065929773e+01 2.054934407305142940e+01 1.288797833417250693e+01 2.050760712447023693e+01 1.567832114544306066e+01 3.586316877232094669e+01 1.950788948990011207e+01 2.580330064245596944e+01 3.161363258453677005e+01 1.621422433004601160e+01 2.767330772227166591e+01 2.545133160053018173e+01 2.617363229969013361e+01 1.861886147069562014e+01 2.669157324646570828e+01 4.114309228043642186e+00 1.833593460252414431e+01 2.944418340254362576e+01 1.244537619554334462e+01 1.902216260229128153e+01 7.531846942940525480e+00 1.703297887508999153e+01 2.351690577941827698e+01 4.483512991185304664e+00 2.558475372723490437e+01 3.488077065772150576e+01 1.987392560123366536e+01 2.954355038576397519e+01 2.146000298040559073e+01 3.260205596819795204e+01 3.021900479393172034e+01 2.973884544680769082e+01 2.588576491355303233e+01 1.054320231421623966e+01 2.231093668749801040e+01 1.948423128110295721e+01 8.243115774521493577e+00 1.543001727183427896e+01 9.257669686517138175e+00
2.029579249183858991e+01 2.042879509142198913e+01 2.809764541636549851e+01 0.000000000000000000e+00 1.870811950997742557e+01 2.189719647455185836e+01 1.596486695521884513e+01 1.224681709931535245e+01 2.981688812821075629e+01 1.572359371391256033e+01 2.542077859919384153e+01 1.067148825186039929e+01 1.060606866038316909e+01 2.255538379323837717e+01 9.623464413824457608e+00 2.050331565079203955e+01 2.445535777689099177e+01 8.563637255995658393e+00 2.756251396913373952e+01 1.951074325093577500e+01 1.937231472135445998e+01 1.338379844295520549e+01 7.181090781695090186e+00 2.410959541082324975e+01 1.401880480299392140e+01 6.903974654437016412e+00 1.505393824880598608e+01 2.426384817591252840e+01 2.185399225440122351e+01 1.565264663278179391e+01 2.360016754292775687e+01 1.631556732169041979e+01 9.679220354139415505e+00 1.554689184247523848e+01 2.400907104328850039e+01 2.917457694976962301e+01 2.522649785394282063e+01 1.632714577212960450e+01 2.509139514017040185e+01 5.672696935173144439e+00 7.085070392965372221e+00 5.300896230931675390e+00 2.035818685632180802e+01 1.991430211048354337e+01 9.882113774615039148e+00 1.067536959140986497e+01 1.989430746534372574e+01 2.520215225293274131e+01 1.856616393602558190e+01 2.326896554012022733e+01 1.835625488276307493e+01 1.343128321883539300e+01 9.223671228598485428e+00 2.403555583931603223e+01 5.206458056164387393e+00 1.486649117817688293e+01 1.933347415526671398e+01 4.367873398437729371e+00 1.350448647100558652e+01 2.743577812864208809e+01 1.991666577306815356e+01 1.980623318363294416e+01 2.422270692089830391e+01 2.489380779166813085e+01 1.570151471393475617e+01 2.694513265881799313e+01 1.578858649848751661e+01 1.674395733892242433e+01 8.948016462159921858e+00 1.062957607790000480e+01 1.206021449874411822e+01 6.937053032173564837e+00 1.244078243621276947e+01 2.092347773639153985e+01 1.232300853927850603e+01 1.701801736108754071e+01 2.500599155260333717e+01 2.350124103622278326e+01 2.239474946766580743e+01 1.644928197901913691e+01 2.638237304736374611e+01 2.143730548290086446e+01 2.338663861825301282e+01 2.352510682688630439e+01 2.638660055957081241e+01 1.673364207041306528e+01 1.109504678387442844e+01 2.231631314615665929e+01 3.627125797572934296e+00 8.118821427208381181e+00 1.654579762956440447e+01 1.248987316946914028e+01 1.951667233561404657e+01 1.241999844851955714e+01 2.329464562663666882e+01 2.597103277355095940e+01 1.655863631886584386e+01 2.140978416406937512e+01 1.309882224294259423e+01 1.896902544056782958e+01
1.625565748964025659e+01 1.930462532289730859e+01 2.628236278220787270e+01 1.870811950997742557e+01 0.000000000000000000e+00 1.624307989940850661e+01 2.818517538752718465e+01 1.233606101061291405e+01 2.050414323675982331e+01 2.283756696345217918e+01 1.112761037725695168e+01 1.802462565563600094e+01 2.166011317710379203e+01 2.550653899443189587e+01 9.700541034311163102e+00 9.661472813412125049e+00 1.771828267457211936e+01 2.547905990136845134e+01 2.099231200918518780e+01 2.143455109074240994e+01 1.182511278634492591e+01 1.228351067015486286e+01 1.429266676695562310e+01 2.934653682531501317e+01 1.781175414562575909e+01 2.090191307628348838e+01 2.255668442348744662e+01 2.252307181801211300e+01 2.345710357965469584e+01 6.250554082732481476e+00 9.124493543724812028e+00 6.970004673777871140e+00 2.119168842207346870e+01 2.484750270398799898e+01 1.553673700854487016e+01 2.232265883228951253e+01 1.463648659265743035e+01 1.908981190344082535e+01 1.645616325033721594e+01 1.619450505159937137e+01 1.617595650011797304e+01 2.109306952540343261e+01 6.567471010582551116e+00 2.464563480116061456e+01 1.085520248818728817e+01 2.539201995116740207e+01 1.836516485407358701e+01 2.245433546424464666e+01 1.178753174987238772e+01 1.396083927128770341e+01 1.610612092925414629e+01 5.386783646092633049e+00 1.268934271947642145e+01 1.202846738830794315e+01 2.180668689423367468e+01 2.220126992503696783e+01 2.055462854885520230e+01 1.464838864995785173e+01 1.654017596845244142e+01 1.757328020120809242e+01 2.000706218706259421e+01 4.866017063819296773e+00 1.950919359252029750e+01 1.349026230784258651e+01 2.428350583774812321e+01 1.873276599982280999e+01 1.380940474187669054e+01 1.533608713314055372e+01 1.761616745578433907e+01 1.903367036703668802e+01 2.487680413435635884e+01 1.926783187338415715e+01 8.472167486732754327e+00 2.056978062872126856e+01 2.655246878753914430e+01 5.142243644303905903e+00 2.624312323852031881e+01 1.704753999959678978e+01 1.018169978131466991e+01 2.208878534677613814e+01 1.325184755364218780e+01 2.715025864680559309e+01 2.381633105844188947e+01 1.756229397254625013e+01 2.212096594944752681e+01 3.586142179719779222e+00 1.605165287726194734e+01 1.756202137018561515e+01 1.661507499708363156e+01 2.076949789448191552e+01 1.060344442068282333e+01 7.671452990621974166e+00 8.445874150580106487e+00 2.496374740182222851e+01 2.728451612057998688e+01 1.127433561088609082e+01 2.517336450564342698e+01 2.013006554985699026e+01 1.965753711676930493e+01 2.441152668994871178e+01
1.759718058536550345e+01 1.565118038670435396e+01 1.578183025722402455e+01 2.189719647455185836e+01 1.624307989940850661e+01 0.000000000000000000e+00 1.234636682431041521e+01 2.455134567299143100e+01 1.572725693643976186e+01 1.177149687985223281e+01 1.069385723869831040e+01 2.169040256480352369e+01 1.848364098206213413e+01 2.097244019123844438e+01 2.004711971758248623e+01 8.977986968288144354e+00 8.450226492713801107e+00 1.339780442928842419e+01 1.872692815333266481e+01 8.011956299686600502e+00 1.864145432209772935e+01 1.750594067817543475e+01 2.631707703043043978e+01 1.764166957168799499e+01 2.161069003151375867e+01 2.063758364778498589e+01 6.843258225745875833e+00 2.320870460536509583e+01 1.130662776591608676e+01 1.373503355126762315e+01 7.913046230770626188e+00 1.849670826136558688e+01 1.567403727111518386e+01 1.336351191164968455e+01 1.243231812670338954e+01 1.431000271550499114e+01 5.849999220939428923e+00 1.759362364048091365e+01 1.116771204396877870e+01 2.347989482951117068e+01 2.386849101549539043e+01 1.846836623205257055e+01 1.375024837859096571e+01 1.620083762258245486e+01 2.327805242053964463e+01 1.372144691210325185e+01 4.942430136276159125e+00 1.141094604378343647e+01 1.368622208884325886e+01 1.477519395688148762e+01 1.900388152583161627e+01 1.788230305555166311e+01 2.035066750053746176e+01 4.581938507455847187e+00 1.746810946539678966e+01 1.756726926495703367e+01 4.854548367504944117e+00 2.482365222053826059e+01 1.811522553004379077e+01 1.148230916112232691e+01 2.185435816406058862e+01 1.162878980906800486e+01 1.896976965460162390e+01 6.853345511908238485e+00 8.967400171969622136e+00 1.594069461362356321e+01 2.240345641525079401e+01 1.851965620914404909e+01 2.195170413623935346e+01 2.209318068981458794e+01 1.074830622856568318e+01 1.996474084077231481e+01 1.617671191055910995e+01 1.127073344315703096e+01 1.071666521406988970e+01 1.715149942167527897e+01 1.526538433104549064e+01 1.564563560096494221e+01 1.510245991098282126e+01 7.857659004014696968e+00 4.485176572811878870e+00 1.402493320641159968e+01 2.332671173940238774e+01 7.806947657408129793e+00 1.254480015910934654e+01 1.533737203201136090e+01 2.496306564380006066e+01 4.589661893414643146e+00 2.279088555268531380e+01 1.899186318120926842e+01 2.110009497332196915e+01 2.005545800451217175e+01 1.761203410117634505e+01 1.568545499633669849e+01 1.924422597609376950e+01 7.963577323649320583e+00 9.099001619742910663e+00 8.279299607797289795e+00 1.474282520547781061e+01 1.070727884590749568e+01
2.250291147307076045e+01 1.259070090298414790e+01 2.235592299815266415e+01 1.596486695521884513e+01 2.818517538752718465e+01 1.234636682431041521e+01 0.000000000000000000e+00 2.116582519151583952e+01 2.469428039994231838e+01 1.201960759905320231e+01 1.886800522389372858e+01 1.894799493200146046e+01 1.055493136081128114e+01 2.219477582216574518e+01 2.362693180049059549e+01 2.006201015110186603e+01 1.615517675207557602e+01 8.258058873726549010e+00 2.938431188186099874e+01 8.098113768013842417e+00 2.014840842939184640e+01 2.068244511670562957e+01 1.924987840234057757e+01 2.023733580618309347e+01 1.554249956773340102e+01 1.307103385183613753e+01 6.765631670954137533e+00 2.544488101596895646e+01 1.593164539572182115e+01 2.577120573700843309e+01 1.942327205982927296e+01 2.575200289936705289e+01 1.287906728793821465e+01 7.384508733971982153e+00 2.300722597965551230e+01 2.192957727832734349e+01 1.356451786625590650e+01 1.692936173490906171e+01 1.438352971479668874e+01 1.901055106907602976e+01 1.589836313749547259e+01 1.411092570087077114e+01 2.346676486512575366e+01 1.788755371298536900e+01 2.078385595223364746e+01 5.701768141050005845e+00 1.158069713213130747e+01 1.809275787263721114e+01 2.342734618387788359e+01 1.771539732830122205e+01 1.612589050870582597e+01 2.605271274287038352e+01 2.248480144135573866e+01 1.641828878744738773e+01 1.085532795035530995e+01 1.128554250354363120e+01 7.993137054698893351e+00 1.855563325271239350e+01 1.666637823689892883e+01 2.072582081125783304e+01 2.115189379096090505e+01 2.357240976420884593e+01 2.592652008665925578e+01 1.735802844394379818e+01 4.109530511423780119e+00 2.602009289636961498e+01 1.941263457973107265e+01 1.956099467116763080e+01 1.763615889583694241e+01 1.426369524997860339e+01 7.992522920385785490e+00 1.202271958504971572e+01 2.494317560026548009e+01 1.085186574325605946e+01 4.049584790128704981e+00 2.903786793430261781e+01 1.967393083207753079e+01 2.644323077755929674e+01 2.149453681827425555e+01 9.910546802609321304e+00 1.529591804991190074e+01 1.731812997677080190e+01 2.392912536886794328e+01 1.199080446454972382e+01 1.927720617927528224e+01 2.658824837139024666e+01 1.745023332486680445e+01 1.062315401734156239e+01 1.560517384194335833e+01 1.552670730119983133e+01 2.245088417263414726e+01 2.404363871437346134e+01 2.344945207530134113e+01 8.032791985632048437e+00 2.126789722913849090e+01 1.692666884802724780e+01 3.343995854274691037e+00 1.427112050286847023e+01 1.355320639450239106e+01 1.384312463683791883e+01
2.210905341224234988e+01 1.302349053598660156e+01 3.485418995064216574e+01 1.224681709931535245e+01 1.233606101061291405e+01 2.455134567299143100e+01 2.116582519151583952e+01 0.000000000000000000e+00 2.858187253586373799e+01 2.606107036048100767e+01 1.490622167405417642e+01 1.856930533310381648e+01 1.090509724113312373e+01 3.056517140096314833e+01 9.682361548138565865e+00 1.831759748900395834e+01 2.629010984300640530e+01 1.797229510053445622e+01 2.809607916906115577e+01 2.058549966301103140e+01 7.452265149119174481e+00 1.677579076796117263e+01 8.997304105014951148e+00 3.409219804422939859e+01 7.078456253512034557e+00 1.269968058586250059e+01 2.324253099433337511e+01 2.820692823475902600e+01 3.130851623516626958e+01 1.334048837793907261e+01 1.678178516454390135e+01 6.198123133948940655e+00 2.063826172281515881e+01 1.544992118778733747e+01 2.283235357811483368e+01 3.092773400118967686e+01 2.067740296898073638e+01 2.385703083474923858e+01 1.576689286617627239e+01 1.545634665377161276e+01 5.751716875339498714e+00 1.644560819451862343e+01 1.116886229134027175e+01 2.939129602007498931e+01 5.060794847843563815e+00 1.588594426862656128e+01 2.686047128818727003e+01 3.102616263267893260e+01 1.830970881690022622e+01 1.201964531472355091e+01 8.904132895683732229e+00 8.605602343706669544e+00 1.419381415772346777e+01 2.047603065012206258e+01 1.362077137438021346e+01 1.109499592769883058e+01 2.435677444937765657e+01 1.098617724751642832e+01 2.039597392539677401e+01 2.611699230107682368e+01 2.540753935349924930e+01 1.331358032563341887e+01 2.587740770770565391e+01 2.209533747674275617e+01 1.999096691612408705e+01 2.602838256939276818e+01 4.851002314246312785e+00 2.063262122286559475e+01 1.763149898863482079e+01 7.004844141591892281e+00 2.177779945343304391e+01 1.007789984764286828e+01 1.252030780050296954e+01 1.701294260984434814e+01 1.939726091374589600e+01 1.205039721210899373e+01 3.481495040695460830e+01 2.400470644186067304e+01 1.051121485609204420e+01 2.540185084927800929e+01 2.082606761779176807e+01 3.186378300895378857e+01 2.921680822487854812e+01 1.941015047524104631e+01 3.072604111834769824e+01 9.331846510197541633e+00 3.715591866649034625e+00 2.284432873510965578e+01 8.670051497558302955e+00 1.922255183220874741e+01 4.519554745097813964e+00 5.263964243618099559e+00 7.940233571331140716e+00 1.342188850110983189e+01 3.214259322578267586e+01 1.784337496398710243e+01 2.248499381100534222e+01 2.863525287654967855e+01 2.394063312542886379e+01 2.890558872578798955e+01
1.219280844956855603e+01 3.137843732314411227e+01 1.275261292017880521e+01 2.981688812821075629e+01 2.050414323675982331e+01 1.572725693643976186e+01 2.469428039994231838e+01 2.858187253586373799e+01 0.000000000000000000e+00 1.871671907787870026e+01 2.256738758923029664e+01 2.337865466157706251e+01 3.116518367583981330e+01 1.990449514196659919e+01 2.178034046416233949e+01 1.086317109031528538e+01 8.619184339514351478e+00 2.483570623351987194e+01 7.832682931860218467e+00 2.357180554937512795e+01 2.815948678450189391e+01 1.708468918491527688e+01 2.821155725363424693e+01 1.757372640793049001e+01 3.451430062034469870e+01 3.233704093359656184e+01 1.842033813582978041e+01 1.446735964048079204e+01 1.344840927702704647e+01 1.600774254586809064e+01 1.648207727651535848e+01 2.367255114849680098e+01 2.304866125674335109e+01 2.707567235784271631e+01 6.143126600116830538e+00 5.930624809690536736e+00 2.050905990187776240e+01 1.811192112408419419e+01 2.624596356340993708e+01 2.550599512788849665e+01 3.099008299154050405e+01 2.745769750545900223e+01 2.129322419375761655e+01 1.968388415945442915e+01 2.534336483260473116e+01 2.627222326312296730e+01 1.335827848085558855e+01 1.098118751509288060e+01 1.186295590521506682e+01 2.776181362649563766e+01 3.252590511920345051e+01 1.997627019215707733e+01 2.128183427809438655e+01 1.313803131404447733e+01 2.905383135446970755e+01 3.128533217983363457e+01 1.930174060286718785e+01 2.608514366498544490e+01 1.895172576284321764e+01 4.373903878070141360e+00 1.551100910710576208e+01 1.723622767032913927e+01 1.042480200014579239e+01 9.133113424011257919e+00 2.206238289157529309e+01 4.473287389127949432e+00 3.038729091351547140e+01 1.507081284919800801e+01 2.632661503387065594e+01 3.456014597545659228e+01 2.088470763569133837e+01 3.166419812658389787e+01 1.764324206358896419e+01 2.699799037959679637e+01 2.241612249988147099e+01 1.907522536423801185e+01 1.376450172893987833e+01 8.252074863115495873e+00 2.524970689491704334e+01 1.674649975412072322e+01 1.735249619698795343e+01 1.610829823969042707e+01 1.732702451650226649e+01 2.344662059812407051e+01 8.683889883664532405e+00 2.010887586842943620e+01 3.229746440251278727e+01 2.031691882985440500e+01 2.964557549412281645e+01 2.463186808687211027e+01 2.712617810939248031e+01 2.334391708787745756e+01 2.474909605932165846e+01 2.845746636899658100e+01 2.063112058005415150e+01 1.959899807934984750e+01 2.144720698247483170e+01 1.163188870417667786e+01 2.093852185248491438e+01 1.566914507872445483e+01
1.161456886033288249e+01 2.101988220977512256e+01 1.242512694642441495e+01 1.572359371391256033e+01 2.283756696345217918e+01 1.177149687985223281e+01 1.201960759905320231e+01 2.606107036048100767e+01 1.871671907787870026e+01 0.000000000000000000e+00 2.246535411855054676e+01 1.091849730687327202e+01 1.644045383878964728e+01 1.029279909498577616e+01 1.764979203822792186e+01 1.668477688240629320e+01 1.032267426496036933e+01 8.243844662742766616e+00 1.918350216261275065e+01 1.509527628930056586e+01 2.845426377627374137e+01 1.069623817013015277e+01 2.182689534346582505e+01 8.673545993055130410e+00 2.301721854679941970e+01 1.651677399577721417e+01 6.741199529778904243e+00 1.406634350259217747e+01 6.752529119061724927e+00 1.702439948564646599e+01 1.865173050891009154e+01 2.408760706891919057e+01 6.044373359773146603e+00 1.554262957663151212e+01 1.762803721930264444e+01 1.485992706459352775e+01 1.723766258468785750e+01 5.826389958116426904e+00 2.119742547682077216e+01 1.574144299839688621e+01 2.030935348514151428e+01 1.131339781807009892e+01 2.454671061001803523e+01 5.867946113932169361e+00 2.241252799594775169e+01 1.166274824452009895e+01 7.552540756364627406e+00 1.061287471449399611e+01 1.316864988074439502e+01 2.550418200732937990e+01 2.428401135136535771e+01 1.952636337765731156e+01 1.305775368541433679e+01 1.442850421531146132e+01 1.278348894742702058e+01 1.882499906907646192e+01 1.109111470684466383e+01 1.810178083244682057e+01 6.731042109696091735e+00 1.509833349261904978e+01 1.008712448169610276e+01 2.125711285861962452e+01 1.503817747392138671e+01 1.246399192276225776e+01 1.170839412251388367e+01 2.005786348647669115e+01 2.711025281127219699e+01 8.989417182638929305e+00 1.354884632460427696e+01 2.064809189064250106e+01 4.482297248445113347e+00 1.598317051283814649e+01 1.495696865369000861e+01 1.866836539235262649e+01 8.147914963635482621e+00 1.951959338134425792e+01 9.368929493372984751e+00 1.590750499182959032e+01 2.687395679083505229e+01 3.914983978141430843e+00 1.594212834716609528e+01 6.001256065132757556e+00 1.220609854827308816e+01 1.772246280967143051e+01 1.179732302113206899e+01 2.199931034447019229e+01 2.376096896427531746e+01 1.447396255647586472e+01 1.748319597715218165e+01 9.205548662553898254e+00 2.742660852956693773e+01 2.222019078497246269e+01 2.660756917722719805e+01 1.518605605796238400e+01 9.248289630085288593e+00 1.945972175191851150e+01 1.005366050701815617e+01 7.095134278893294955e+00 3.313090355367034778e+00 3.312292801800906794e+00
2.088431827941351315e+01 1.101770374491371918e+01 2.571696355606751183e+01 2.542077859919384153e+01 1.112761037725695168e+01 1.069385723869831040e+01 1.886800522389372858e+01 1.490622167405417642e+01 2.256738758923029664e+01 2.246535411855054676e+01 0.000000000000000000e+00 2.520380106839028045e+01 2.105088152422225534e+01 3.066640123201064583e+01 1.674591585650772885e+01 1.237140456594347881e+01 1.757070886605703564e+01 2.315438742772550995e+01 2.403423632448036074e+01 1.092053275809494295e+01 7.947597083399417173e+00 1.855757454624224323e+01 2.091058829306555467e+01 2.807238162654805791e+01 1.493761377126697631e+01 2.706946477899427350e+01 1.753711546444418801e+01 2.709033919530101286e+01 2.149318145870809715e+01 1.217289531354081156e+01 6.238726686060720894e+00 9.863145965852083918e+00 2.636789450981349248e+01 1.559191675976230052e+01 1.799799458791760998e+01 2.308771174677106686e+01 5.952551244654580742e+00 2.475422045454474684e+01 5.914965926675694874e+00 2.335099487708255239e+01 2.038055484329445122e+01 2.820211651103998562e+01 5.159879720030855488e+00 2.689469486128076525e+01 1.662018499371096070e+01 1.980149067236796512e+01 1.537314219113623182e+01 2.145632203761309142e+01 1.638053817560710712e+01 5.194426037265342799e+00 1.043781995676521568e+01 1.227335676837441270e+01 1.986851813223069740e+01 1.005975012738390539e+01 2.543012599788699646e+01 1.628433825952283343e+01 1.315470065129872168e+01 2.136104773917426414e+01 2.249877073868033150e+01 1.908966546939295483e+01 2.498313884122039852e+01 7.748347041682318803e+00 2.385473391506324958e+01 1.420149982069912831e+01 1.484522668142236235e+01 2.154521144585479320e+01 1.198288025032414517e+01 2.070718623393283764e+01 2.477265728126751299e+01 1.886846249588015922e+01 2.144216346726398825e+01 2.404555014899465704e+01 1.583992420224629960e+01 9.767084880014156312e+00 1.938744974513588559e+01 1.280321383978499483e+01 2.546027799008816928e+01 2.068739378411900631e+01 4.408602672284509083e+00 1.855151624271300648e+01 6.959564491967043409e+00 2.443711636938778042e+01 2.879240771259969733e+01 6.877200759344004766e+00 2.243218879925598941e+01 8.784424505939602668e+00 1.689164898703835860e+01 9.447301429519130878e+00 2.287348161209333597e+01 2.793736764291662311e+01 1.040623773462365875e+01 1.337166861750865365e+01 7.095304248693071969e+00 1.872991137370271630e+01 2.981802424824564923e+01 3.510038361132529872e+00 1.779821302319930254e+01 1.836958057155425195e+01 2.543668244417610680e+01 2.140113608460580963e+01
1.255882618524675465e+01 2.654446439483938036e+01 2.294086448936311129e+01 1.067148825186039929e+01 1.802462565563600094e+01 2.169040256480352369e+01 1.894799493200146046e+01 1.856930533310381648e+01 2.337865466157706251e+01 1.091849730687327202e+01 2.520380106839028045e+01 0.000000000000000000e+00 1.744602822224776872e+01 1.552921455246063154e+01 9.368311584911499068e+00 1.584050472087921690e+01 2.114935493372906805e+01 1.089163217153149965e+01 1.997794878446702072e+01 2.304364953137557492e+01 2.367372306892814748e+01 7.312551010991926503e+00 1.285723273874225470e+01 1.866739666217864624e+01 2.214916523866541453e+01 1.465370375932228519e+01 1.578549968333490661e+01 1.635180678944711374e+01 1.745442735381606880e+01 1.341762983512730045e+01 2.090928959435190748e+01 1.804237587382513652e+01 6.421231261126656875e+00 2.096192362284133992e+01 1.735845332862811929e+01 2.558520199985859378e+01 2.707796597129074101e+01 8.821073986246716458e+00 2.932906547815841947e+01 5.895193282617137598e+00 1.512927710579162621e+01 5.953583156870485560e+00 2.045407881967307162e+01 1.407729722909239811e+01 1.382596513363237278e+01 1.552427334988715835e+01 1.755636405349137874e+01 2.133814964975906392e+01 1.174311724033172410e+01 2.750309729163384986e+01 2.642090108133229620e+01 1.323978231656948701e+01 5.392270754433539537e+00 2.040905209434189871e+01 1.086696633742871931e+01 2.145383265759938141e+01 2.051287545111142663e+01 8.444296533954782191e+00 4.645089930806713951e+00 2.127079710107271993e+01 1.200462438660272824e+01 1.793370297887677367e+01 1.624456325639495446e+01 1.919656680734810905e+01 1.910031621558009363e+01 1.984549955182655623e+01 2.262058967143405397e+01 8.730723615850129349e+00 4.022833225825057646e+00 1.885977803845768008e+01 1.154753663227428895e+01 1.512483279428469807e+01 9.851372148005234308e+00 2.572841111139812398e+01 1.493010237082442515e+01 1.541520655990082389e+01 1.975730075316099388e+01 1.591667585155606446e+01 2.372395780166082702e+01 1.383274356078883116e+01 2.409277556626585692e+01 1.618861468345852472e+01 1.548699507430372613e+01 2.691543027933716914e+01 2.252259795639713502e+01 1.682953403376432178e+01 1.909469849957084620e+01 2.408694851788665048e+01 1.210705695532431214e+01 3.489946287128279145e+00 2.046171894826956361e+01 1.459463182863517616e+01 2.115392911954590716e+01 1.831986927134498089e+01 1.710663637728014663e+01 2.477616254095742221e+01 1.800036825537119611e+01 1.782040921415836010e+01 7.672463055990852432e+00 1.401419103655525156e+01
2.584605595520327981e+01 1.054770356530154096e+01 2.740599453268390917e+01 1.060606866038316909e+01 2.166011317710379203e+01 1.848364098206213413e+01 1.055493136081128114e+01 1.090509724113312373e+01 3.116518367583981330e+01 1.644045383878964728e+01 2.105088152422225534e+01 1.744602822224776872e+01 0.000000000000000000e+00 2.638411683838007349e+01 1.520384864487070509e+01 2.638119637491518787e+01 2.283173765656962217e+01 8.757377055870984250e+00 3.341498925748314264e+01 1.244190025321447379e+01 1.561521379382291030e+01 2.126227241376293620e+01 1.061849066532068697e+01 2.493313825788946758e+01 7.506248217490449015e+00 6.929526725887784622e+00 1.290096387828431368e+01 2.891915908147300840e+01 2.098171693025307150e+01 2.104893791240687406e+01 2.519596927320204216e+01 1.625345192006081518e+01 1.442965483239446556e+01 6.604277321673062140e+00 2.937777496321410808e+01 2.770176811440487796e+01 1.881378046588201514e+01 2.069002198862758490e+01 1.573139920556388027e+01 1.474372007421983355e+01 5.511774940713671356e+00 1.213862570715347644e+01 2.153295982060394209e+01 2.226189816399820032e+01 1.115424245337145059e+01 5.157394823376133530e+00 1.815730027272736891e+01 2.375861269847338519e+01 2.542061765786218785e+01 1.633098802025449103e+01 1.146083496198926710e+01 1.677037103875864688e+01 1.675587730218483529e+01 2.255556294519910665e+01 6.715463882420344532e+00 4.926690948210563192e+00 1.405799151831108595e+01 1.079851649777288536e+01 1.903048568279223218e+01 2.719672408715532796e+01 2.457197667862862289e+01 2.269087297100306344e+01 2.926966456879178224e+01 2.372857742750239396e+01 9.709054294392554851e+00 3.245604983224883000e+01 1.214079182810499091e+01 2.235758737596053791e+01 1.573621316401019676e+01 4.253121141186920973e+00 1.208533865501375537e+01 3.965626302669336578e+00 1.906734940286145275e+01 1.240324711316749173e+01 8.982248760113227704e+00 2.092668524544376041e+01 2.472400236660878292e+01 2.976912195983254250e+01 1.914654440941071911e+01 1.506028373322894254e+01 2.106861526328466994e+01 2.209752417758429033e+01 2.790780732828654109e+01 1.603642507184129684e+01 2.494306100511145630e+01 1.902215390447798526e+01 7.799009567422860556e+00 1.606881666636965278e+01 7.167478019021767288e+00 1.440686581407497613e+01 1.493239984060839021e+01 1.405737051438975449e+01 1.834100941527681883e+01 3.451686817671159258e+00 2.564224168015131866e+01 2.217593144765335467e+01 1.199159517726623925e+01 1.993697532870464428e+01 1.703934368424089030e+01 1.873316039019557522e+01
1.028138428343362598e+01 3.117364378976191119e+01 1.383987880864773068e+01 2.255538379323837717e+01 2.550653899443189587e+01 2.097244019123844438e+01 2.219477582216574518e+01 3.056517140096314833e+01 1.990449514196659919e+01 1.029279909498577616e+01 3.066640123201064583e+01 1.552921455246063154e+01 2.638411683838007349e+01 0.000000000000000000e+00 2.100343815159403960e+01 1.914307382777962374e+01 1.781427616111824719e+01 1.795613471280540807e+01 1.360418259669442698e+01 2.532319534526996563e+01 3.241406914108203097e+01 1.378938063300198102e+01 2.664548963282787852e+01 7.020913076028254984e+00 3.301480394679227004e+01 2.546212135410026178e+01 1.703399862476467419e+01 7.320198656212960842e+00 1.162502214022637403e+01 1.967837595182004051e+01 2.505252108321554871e+01 2.685166719587711626e+01 1.296145231643837725e+01 2.565451363578472055e+01 1.638202225425782999e+01 1.849392488593724693e+01 2.675257454452938077e+01 6.708140566213914191e+00 3.122058227522352070e+01 2.013980610528623671e+01 2.824877195410513764e+01 1.814312826099794052e+01 2.764559465119101134e+01 5.108557731297800331e+00 2.598238665544078785e+01 2.166033364451295640e+01 1.666358788334898122e+01 1.487358329174010585e+01 1.441989715689287266e+01 3.533486654793954074e+01 3.439589541051857680e+01 2.241215073017716719e+01 1.692210459801049183e+01 2.343187152451289279e+01 2.092601832575505227e+01 2.882258446906931937e+01 2.111427150524740881e+01 2.245308696949641103e+01 1.112940521658545023e+01 2.013797703616698342e+01 5.749101725778894334e+00 2.347510011753864845e+01 9.604276693189998326e+00 2.133227893398829522e+01 2.200119321749965806e+01 1.587614185998198479e+01 3.327996610450054504e+01 1.030372553923398193e+01 1.931637685775766755e+01 3.059175489023292727e+01 1.450006430842033645e+01 2.532963679837684623e+01 1.805011111656183331e+01 2.896116448733840087e+01 1.830167654362227481e+01 2.218322637235607786e+01 1.002696839436478982e+01 1.287216960820849110e+01 3.155572705796648947e+01 1.375003814932416368e+01 2.505317547415044288e+01 7.925155118210988725e+00 3.833905643583140233e+00 2.777754329499719432e+01 1.504104616055449917e+01 2.466828237544991254e+01 3.227745775208757095e+01 2.441435781098158486e+01 2.490820944758010214e+01 1.561493906188008296e+01 3.031239588208679692e+01 2.530636956260288528e+01 2.927654120820690764e+01 2.518364145795524323e+01 3.457141849768353481e+00 2.848216256696207083e+01 2.034645960200392523e+01 1.467863040950556019e+01 9.649511719339704641e+00 1.026516134533095226e+01
1.354622295160428003e+01 2.228852923956278786e+01 2.942162642334591283e+01 9.623464413824457608e+00 9.700541034311163102e+00 2.004711971758248623e+01 2.362693180049059549e+01 9.682361548138565865e+00 2.178034046416233949e+01 1.764979203822792186e+01 1.674591585650772885e+01 9.368311584911499068e+00 1.520384864487070509e+01 2.100343815159403960e+01 0.000000000000000000e+00 1.233230130071078534e+01 2.095081380831640416e+01 1.592953137348338188e+01 2.002719738037406572e+01 2.707216498067715804e+01 1.452645239115287978e+01 7.221446930397758202e+00 7.104079797950598518e+00 2.453046479486027565e+01 1.614254679163767392e+01 1.332331979070862182e+01 2.227735129968861472e+01 1.929220318268026446e+01 2.401491323214994011e+01 6.753268678755330434e+00 1.470078958890128540e+01 8.859398408573946782e+00 1.531280756119806341e+01 2.167293409037384677e+01 1.603082150641342807e+01 2.449657959348095915e+01 2.045068328304186167e+01 1.429529758538012452e+01 2.191319077131602810e+01 6.994179374970308949e+00 1.002194878782021625e+01 1.154354099751836316e+01 1.190072859226837210e+01 1.982956277070587703e+01 4.978948503846752693e+00 1.816643240302805395e+01 2.159769598781787181e+01 2.568686659798893146e+01 1.070034815613051293e+01 1.851461474789990191e+01 1.792612887759101525e+01 4.547968284133908412e+00 4.652189841282580396e+00 1.557482792613467737e+01 1.297146210338649297e+01 1.864710359868234235e+01 2.472398757066184416e+01 5.262985203779222410e+00 1.092510299151295072e+01 1.931546022937541807e+01 1.619860070970710808e+01 1.091149784002582912e+01 1.741635306194822164e+01 1.672279344158687664e+01 2.326293644367613567e+01 1.901744471123702596e+01 1.371843994628987318e+01 1.146811657514675176e+01 8.634910415057749589e+00 1.392058850003045656e+01 1.908135977685917339e+01 1.215156011658124235e+01 4.148932320772686921e+00 2.555997135829838385e+01 1.996144545191696551e+01 7.652091885076820255e+00 2.589875912138916902e+01 1.593582465317358476e+01 1.473547525792686841e+01 2.118266951754205252e+01 1.869720339216694782e+01 2.252233000094512860e+01 1.997975317763019731e+01 2.318059945179702908e+01 2.526721276489197976e+01 8.276183806359627582e+00 1.243949478006128295e+01 2.349031456436889442e+01 8.489467140761203012e+00 1.184665433633431419e+01 1.131444827049429236e+01 5.447361150859907575e+00 1.197095165429471564e+01 1.849184440708330257e+01 2.258085997641355647e+01 1.708853230127052214e+01 2.389802880576012356e+01 2.336259668360127506e+01 1.446976219154504051e+01 2.057467691488911399e+01
9.030417271574009419e+00 2.256851627728627463e+01 1.718714795318423683e+01 2.050331565079203955e+01 9.661472813412125049e+00 8.977986968288144354e+00 2.006201015110186603e+01 1.831759748900395834e+01 1.086317109031528538e+01 1.668477688240629320e+01 1.237140456594347881e+01 1.584050472087921690e+01 2.638119637491518787e+01 1.914307382777962374e+01 1.233230130071078534e+01 0.000000000000000000e+00 8.623067845548479937e+00 2.053087034274924250e+01 1.166598199327639307e+01 1.698994326797474486e+01 1.731316791102113939e+01 8.527953709887292177e+00 1.867455823997950048e+01 2.095713308848729284e+01 2.367163019699700754e+01 2.511842553763833052e+01 1.411550224505914741e+01 1.474219362138608957e+01 1.436188875063105641e+01 6.270412265796412754e+00 6.335494280607436579e+00 1.282988072514910982e+01 1.660879729984279152e+01 2.216696714868876583e+01 5.965547626603727061e+00 1.269157100173281805e+01 1.172334975006027413e+01 1.381944436816403332e+01 1.677669128470973803e+01 1.619242265046977280e+01 2.144222393637354784e+01 2.087695150273201250e+01 1.043005310344233294e+01 1.946403721331951076e+01 1.579550577743778383e+01 2.161900230495630026e+01 9.269950025049947584e+00 1.335912063522101079e+01 4.938976027251326784e+00 1.756583060320881984e+01 2.167958624572269599e+01 1.041002545914338917e+01 1.196826180067565915e+01 4.726772289378637915e+00 2.406695830701755057e+01 2.637662697067969120e+01 1.348176346257780267e+01 1.677157118756672460e+01 1.203692533214422511e+01 7.916989063612383859e+00 1.339397210200072941e+01 6.373056580013855665e+00 1.150508662760752543e+01 4.395047478818949749e+00 1.707646114584116148e+01 9.176957114650821978e+00 1.954097204003472044e+01 9.772410147552125892e+00 1.744481607021680603e+01 2.501228692028963962e+01 1.657987174492070892e+01 2.390746771942120219e+01 8.268738985288798915e+00 1.908924518283859584e+01 1.811128660911084154e+01 9.508980631224329017e+00 1.714790840949667938e+01 8.315989218175531050e+00 1.438653580460176151e+01 1.299357051775249872e+01 8.417770516866777797e+00 1.805504381778195366e+01 1.685223937390419380e+01 1.506269414038081500e+01 1.295312588137839249e+01 9.262556994948687006e+00 2.203318935565299341e+01 1.318186600348559523e+01 2.033200301670408550e+01 1.793573483056880846e+01 1.627985923591172934e+01 1.368241233229351117e+01 1.390277718584090927e+01 2.367347906807195912e+01 2.172629819699112375e+01 1.001280029386479598e+01 1.681493673363437935e+01 1.103485072083334906e+01 1.497384307860096087e+01 1.531631186092507768e+01
