0.000000000000000000e+00 2.222742109822778644e+01 1.507308203014603265e+01 1.419339639279742293e+01 1.404510020259582781e+01 7.739568860651504068e+00 7.706135217031425455e+00 1.853904055018914221e+01 7.548552166410068764e+00 1.658504562285568085e+01 9.356454003805612984e+00 1.732045846189927829e+01 9.447907774750669674e+00 1.406050455161090618e+01 4.638761509047816922e+00 4.588043336440727593e+00 1.212228677567313184e+01 1.045320566671615126e+01 1.740705006095522833e+01 1.834579603649268265e+01 1.285482629699018986e+01 3.950596606878131745e+00 1.126970422740821931e+01 2.028027691754832418e+01 1.125972043583784199e+01 1.877690777189807392e+01 1.366759240602159409e+01 1.507038935972916605e+01 7.664509268033997458e+00 1.019275547337362120e+01 7.781591202929254436e+00 7.161828631023724689e+00 1.880619545451622798e+01 1.191450709937303643e+01 4.731893852547905510e+00 1.985002190801973398e+01 1.333913847527256280e+01 5.013415364801808494e+00 1.633345225061124495e+01 1.620303779140140676e+01 1.208869386398109924e+01 1.033948432896040082e+01 2.519770606553166648e+00 6.586090845689067663e+00 1.042355123764608571e+01 1.591136033283076046e+01 9.111676582951313108e+00 8.820308504140690786e+00 1.507049076050760483e+01 2.347665474345382197e+00 1.277904051650424933e+01 1.280534047893964633e+01 2.652426383396402354e+00 1.006245736822137182e+01 6.969527328534300459e+00 5.720634417562148855e+00 1.013696846148187269e+01 1.209664091483791637e+01 1.435965284111352780e+01 1.198651667776420737e+01 1.865864016819501714e+01 4.971820570252551086e+00 1.876504297135777577e+01 1.628503097325917182e+01 1.163002551938644302e+01 1.323539094977521913e+01 1.129025892099354778e+01 1.704973594417804605e+01 8.441424322553025661e+00 9.324629571921132509e+00 1.808283974769738123e+01 1.365006599518785890e+01 1.586446597496677491e+01 8.423490368941143558e+00 2.066967956553308738e+01
2.222742109822778644e+01 0.000000000000000000e+00 1.491132734071168997e+01 1.417820821471775083e+01 1.132813810873462401e+01 1.460101496043929359e+01 1.796759850355158861e+01 7.557456416082496631e+00 1.873703601833729593e+01 7.100363043698001420e+00 1.296475653764373881e+01 5.235502821995477341e+00 1.537921329210030841e+01 1.108070275352252487e+01 1.767886038295043605e+01 1.861040549097679175e+01 1.146530362769003197e+01 1.501875167101040098e+01 5.470470801688527729e+00 1.161716652147299378e+01 9.615550160681140213e+00 1.970941138688644401e+01 1.544187681345695395e+01 3.799280001431246667e+00 1.237569986688141022e+01 3.566297070387244528e+00 8.650969889650060196e+00 1.073077442437305073e+01 1.602061944521833325e+01 1.735964294696875143e+01 1.594657214101966325e+01 1.603804743286312018e+01 3.439011336080293635e+00 1.251870015836910710e+01 2.009943965320816517e+01 3.045456955647024788e+00 1.317997260500932022e+01 1.732040164455802866e+01 6.113376620281886886e+00 8.472258332542359938e+00 1.099743055889459598e+01 1.449219307783278765e+01 2.015421573200551109e+01 1.780329186855641410e+01 1.368259127380824047e+01 1.246334637308569704e+01 1.373094230287675366e+01 1.413785032768290328e+01 7.264432518006112005e+00 2.106321083572756336e+01 1.269291682122230291e+01 1.588586618710130516e+01 1.974164084750932702e+01 1.276927765480756172e+01 1.531652785345631784e+01 1.689932761398181071e+01 1.740353740201277333e+01 1.564400466282150504e+01 8.988207870128663401e+00 1.263460479353647870e+01 9.608220280386117196e+00 1.790099792384577881e+01 5.535159729325632050e+00 1.047186683570316568e+01 1.078224547074925432e+01 1.031201017477972393e+01 1.383763070537517237e+01 5.298492849725859877e+00 1.714691560091950961e+01 1.645280656578340128e+01 5.322789133802359629e+00 1.104470779694558402e+01 1.391340014108704004e+01 1.628711432906449730e+01 1.837643756825305452e+00
1.507308203014603265e+01 1.491132734071168997e+01 0.000000000000000000e+00 2.058286630854620469e+01 1.139039459319133307e+01 1.306184230871235030e+01 7.616749513359684975e+00 7.649596630689308618e+00 1.885946892103516248e+01 1.854098396509032298e+01 6.964868275242597662e+00 1.063383272710613880e+01 1.129493652622886124e+01 5.049491707050319356e+00 1.055748178912415902e+01 1.497286349708863185e+01 1.604701385374492517e+01 1.710328073767912826e+01 1.454920372589270272e+01 4.900139536714536170e+00 1.454277028875279676e+01 1.134587618929575648e+01 3.878611812725788699e+00 1.148227529330568153e+01 9.175177799772807674e+00 1.612120144401863442e+01 7.942962137462241223e+00 1.857368848063359579e+01 7.539788844001169998e+00 1.942359482829563433e+01 1.413135745588060566e+01 9.931521393902393413e+00 1.161513058898104767e+01 1.222715877342766788e+01 1.758384096558880572e+01 1.350519592847960837e+01 2.791363564130203034e+00 1.203874144780385791e+01 9.194249994780447466e+00 6.459021690663675486e+00 6.684109382029702395e+00 5.086405011509909535e+00 1.255331142359285934e+01 1.640952014750389054e+01 1.613992391528337933e+01 2.568470389503945572e+00 8.945246008033395313e+00 1.242980096498011378e+01 1.688269907160107763e+01 1.659376048614015886e+01 1.849190587535067820e+01 2.324922135993851224e+00 1.354252359066807188e+01 1.464424260084986429e+01 8.340915149191722833e+00 1.083660600835265164e+01 5.493744638430853477e+00 1.932278513003599585e+01 1.662099152494224796e+01 4.822294217117558013e+00 5.759277081827658407e+00 1.014673608694434925e+01 9.416274812082528811e+00 4.464693577773624078e+00 1.424561068968325017e+01 9.354665282860521458e+00 1.111797284174335942e+01 1.598918130969218687e+01 1.786775280914750041e+01 5.765134768709276436e+00 1.764774878338328890e+01 1.327984984671561897e+01 2.131488711688649396e+00 1.594758022992120772e+01 1.470662892521927034e+01
1.419339639279742293e+01 1.417820821471775083e+01 2.058286630854620469e+01 0.000000000000000000e+00 1.124152181139077200e+01 7.842034185637611898e+00 1.710242914678408610e+01 1.853465986573351998e+01 7.803308122715126416e+00 7.091685892067275176e+00 1.388826824829515161e+01 1.426960153958167155e+01 1.025973462158074234e+01 1.611727848487047510e+01 1.246433260537289911e+01 1.005311642568304009e+01 4.545443358576538806e+00 4.161849290070389173e+00 1.020306975395119053e+01 2.015803023270482797e+01 7.287016889203458803e+00 1.609765807472846078e+01 1.732956167589994934e+01 1.706504876442065566e+01 1.188900545639877215e+01 1.063982671918426348e+01 1.410173334557648772e+01 3.461206262765097019e+00 1.417389295788166592e+01 4.274508734275798361e+00 7.165341428258609646e+00 1.105370331915204574e+01 1.466700555872824907e+01 8.429017386573757875e+00 1.042201832406477457e+01 1.203810123583603442e+01 1.787125743865914274e+01 1.008553687033170831e+01 1.624504178690550660e+01 1.699301570216455204e+01 1.395046505695791161e+01 1.562395437629324846e+01 1.413597751916452872e+01 7.665566214495548536e+00 4.575726136867147353e+00 1.874614573064260625e+01 1.214396126245694951e+01 8.486007915346947428e+00 7.757758639105415632e+00 1.258627606225444673e+01 2.377159468042406409e+00 1.966514147584208416e+01 1.217923283021697500e+01 6.217273632365987623e+00 1.225922443605352541e+01 9.798357942189616310e+00 1.883046574718098043e+01 2.137444026582972612e+00 5.542399656262182006e+00 1.587044983824213951e+01 1.952770700170223961e+01 1.458674305150055339e+01 1.661752162129457844e+01 1.791126431928561047e+01 6.372031095094224717e+00 1.211756189010249329e+01 1.049585031002361823e+01 9.319370426998704104e+00 5.832005367747626678e+00 1.651766712835529560e+01 8.988465240224396524e+00 8.993151549837694603e+00 2.017122390133744148e+01 6.185030393618121458e+00 1.263624831797860182e+01
1.404510020259582781e+01 1.132813810873462401e+01 1.139039459319133307e+01 1.124152181139077200e+01 0.000000000000000000e+00 7.783506047221040447e+00 1.231721255382676361e+01 7.940594964352569285e+00 1.495817451897771377e+01 7.850249445250715219e+00 6.473761480160916904e+00 6.421175472406117635e+00 4.957870719529685388e+00 6.462538411187076726e+00 1.019007606365742369e+01 1.244184901191880321e+01 6.986656010989807264e+00 1.159089911850172605e+01 8.256994330746634247e+00 9.878643026849223574e+00 4.064783476630465131e+00 1.317939518509221841e+01 1.084283110439817577e+01 9.681831331711753919e+00 3.599971605411328213e+00 9.626852041689478057e+00 3.542201403042581909e+00 8.073633245623279109e+00 9.671817407231392494e+00 1.439179990841379819e+01 1.083367967748256255e+01 6.971036415719475521e+00 7.906912465023072656e+00 3.190955131321507210e+00 1.479335077239680274e+01 9.358292010168451469e+00 9.142695971276241451e+00 1.030927038062360346e+01 5.604987168639496531e+00 6.211152375047341856e+00 5.204913770673436524e+00 8.686193949225604172e+00 1.233799737307279720e+01 1.330979634951305535e+01 9.117748522430581204e+00 8.978305435239262167e+00 5.604900413952257132e+00 6.517172906906120389e+00 5.920435030299011636e+00 1.460460147677055076e+01 9.466453786332749587e+00 1.207030811248468360e+01 1.241334624598412439e+01 7.019666079237785183e+00 8.040326729223414404e+00 9.071989034179065214e+00 1.291759507505888394e+01 1.270731825949452798e+01 6.005921018858566107e+00 7.141888370859247104e+00 8.685368234265295584e+00 1.128033614735084633e+01 8.166597385521205510e+00 7.712681808295294594e+00 5.038978005215168920e+00 2.205353218513121938e+00 2.848343899034639026e+00 7.899680213969446640e+00 1.365793348483403236e+01 1.109162959756987554e+01 9.346762438020730812e+00 2.270782985414346644e+00 1.078465332628292650e+01 1.219032285085791223e+01 1.093938870011317732e+01
7.739568860651504068e+00 1.460101496043929359e+01 1.306184230871235030e+01 7.842034185637611898e+00 7.783506047221040447e+00 0.000000000000000000e+00 9.613113997725514892e+00 1.535577162238849880e+01 7.545416023505823411e+00 9.021501951422207455e+00 6.512603092970794094e+00 1.374174235701541669e+01 4.887047582036164073e+00 1.143641811668870645e+01 4.976989694660431063e+00 4.708459407463770674e+00 4.604195481269602652e+00 4.535307426938834041e+00 9.675210571384932123e+00 1.572691732124578223e+01 5.115257436338686681e+00 8.837031577465049637e+00 9.837731789025136564e+00 1.709700798974767721e+01 7.850675444009618253e+00 1.104506828232777238e+01 1.049614216654477161e+01 8.073016246065577661e+00 6.682329045012020075e+00 7.550193704111141102e+00 3.095257036000379269e+00 3.352225822099592634e+00 1.495351270286539247e+01 4.596091830405487855e+00 7.057715068152904614e+00 1.211818241844942001e+01 1.092664748888943649e+01 2.727116055199948708e+00 1.307370809693654579e+01 1.338184685635170368e+01 9.038276297135777071e+00 7.977267345612189864e+00 6.929752947549630449e+00 5.700580960238817774e+00 3.287025453663336094e+00 1.329270739259490774e+01 5.507975326763971502e+00 2.489710590673349877e+00 7.338651270937310400e+00 6.874655636914897450e+00 5.798452141642170155e+00 1.217331158896727317e+01 5.148355258151243063e+00 2.445126709570448309e+00 4.764013315893482314e+00 2.306042024623733422e+00 1.133890183431132925e+01 6.799502639334052745e+00 6.808211938193311497e+00 9.349667355599393659e+00 1.592211582267052350e+01 7.100233927934918476e+00 1.558177404355713946e+01 1.366615225801227496e+01 3.926977425030846902e+00 8.511970711070773632e+00 6.208650369162660887e+00 9.317896454607740964e+00 6.359812250312990578e+00 9.026103215485647979e+00 1.051851022333110741e+01 6.226930683242224873e+00 1.347864414149284507e+01 4.681886318551716109e+00 1.293784007596277696e+01
7.706135217031425455e+00 1.796759850355158861e+01 7.616749513359684975e+00 1.710242914678408610e+01 1.231721255382676361e+01 9.613113997725514892e+00 0.000000000000000000e+00 1.213215757595780175e+01 1.360422308872519714e+01 1.846566016824028367e+01 6.164081699806496673e+00 1.359039802285980159e+01 1.052985667022999472e+01 7.362168000620534336e+00 4.771865149041062182e+00 9.137721937372003111e+00 1.403614766078654874e+01 1.335930686104276255e+01 1.750576902164636550e+01 1.164499434192938665e+01 1.472837143406420779e+01 3.954554005789750359e+00 3.871930528951764927e+00 1.453854645614558549e+01 9.525373404173766545e+00 1.914126909863623993e+01 1.015543643973813204e+01 1.750045932130334947e+01 3.282127876271864420e+00 1.564188318416826284e+01 1.034964581175323950e+01 7.513654979092057040e+00 1.467140175182095518e+01 1.268501519426051516e+01 1.112791378970451284e+01 1.650269364687427043e+01 6.634167672245584235e+00 7.426450311237664970e+00 1.219658762408909070e+01 9.549514823652312856e+00 7.558681016763227234e+00 3.662772192246304570e+00 5.193162614872809613e+00 1.189881100356883437e+01 1.264221347682220831e+01 9.210414382199315853e+00 8.555991735765912765e+00 1.060864935262274855e+01 1.694403589758161743e+01 9.525860088520943236e+00 1.522559182644344133e+01 5.343663032387159895e+00 6.804518788475527380e+00 1.193760846482286375e+01 5.496764838652904217e+00 7.390335726827694351e+00 2.479333382256599272e+00 1.554107348590862259e+01 1.624026738649814305e+01 5.332993710015114353e+00 1.195810615167036772e+01 2.874938440442278420e+00 1.249328593360963602e+01 9.584365750702556142e+00 1.350357065646045029e+01 1.049145445007333244e+01 1.144156897648995219e+01 1.892328108125204977e+01 1.401022766394841845e+01 1.929334903801001699e+00 1.996345429308197694e+01 1.376011603859537047e+01 8.933225453755435197e+00 1.216586858579384156e+01 1.776248091099055415e+01
1.853904055018914221e+01 7.557456416082496631e+00 7.649596630689308618e+00 1.853465986573351998e+01 7.940594964352569285e+00 1.535577162238849880e+01 1.213215757595780175e+01 0.000000000000000000e+00 2.219628155315336571e+01 1.174157538857342153e+01 9.184018002772653233e+00 5.406368150882308932e+00 1.200638288389739117e+01 4.823105708047541462e+00 1.398904710912679228e+01 1.832579763287662900e+01 1.455892158615726650e+01 1.916316469366918440e+01 9.238190095135042412e+00 4.061128128569709617e+00 1.194019222841001948e+01 1.538265407663293871e+01 8.639760122996483105e+00 3.987592715031289980e+00 8.860273218149032459e+00 9.045047044689164650e+00 4.931632920197432490e+00 1.508679889705926058e+01 1.152523469106760778e+01 2.171609459798451525e+01 1.745445203016619118e+01 1.234966688482448660e+01 4.440526831147324494e+00 1.076322070648896201e+01 2.093001021973721265e+01 6.498201571760489514e+00 6.004970321346960738e+00 1.539299737719722039e+01 2.687946569502830840e+00 2.582642752305492895e+00 6.590864086637643560e+00 8.879638039425302054e+00 1.645016270477504960e+01 1.975568940165229748e+01 1.669001409759804844e+01 5.194035238630116069e+00 1.004256175483811830e+01 1.374312264264806771e+01 1.115600800465524500e+01 1.995800075997847145e+01 1.703959122119738723e+01 8.682531033406236887e+00 1.691181550197223160e+01 1.459193165440524531e+01 1.162814730541768249e+01 1.413587187944483503e+01 1.051068781845667210e+01 2.000045631383727951e+01 1.317969602321633715e+01 6.799163865942688290e+00 2.079439434388215435e+00 1.399397033309625549e+01 2.042229681413866516e+00 3.285951754195919339e+00 1.261500904208320328e+01 6.854899128175787837e+00 1.038416055241041391e+01 9.223907745067453590e+00 2.119570720057792457e+01 1.029849760694225758e+01 1.068955696687798351e+01 1.021137794976691637e+01 6.582854620114821920e+00 1.927067480420679502e+01 7.595922359992353989e+00
7.548552166410068764e+00 1.873703601833729593e+01 1.885946892103516248e+01 7.803308122715126416e+00 1.495817451897771377e+01 7.545416023505823411e+00 1.360422308872519714e+01 2.219628155315336571e+01 0.000000000000000000e+00 1.165051369568681672e+01 1.301369500676984536e+01 1.872134667289837395e+01 1.206478454022003888e+01 1.771774555457513145e+01 9.338047858494144648e+00 4.650956283570696570e+00 8.276619378196018673e+00 4.150259391544129706e+00 1.465481488726788761e+01 2.200303703945690970e+01 1.166642047986291431e+01 1.130737208237169789e+01 1.522896387947811014e+01 2.162387656804021319e+01 1.484141889929091995e+01 1.519865452280381213e+01 1.732483340898582469e+01 8.761929047734916765e+00 1.184496622598588367e+01 3.628215734830916084e+00 4.892561654624680401e+00 1.042852212294555336e+01 1.922583336234779949e+01 1.177076030216217362e+01 2.944064078627081305e+00 1.653425726897607717e+01 1.699637947823680051e+01 7.217187574885735479e+00 1.999069325357547200e+01 1.986027879436562671e+01 1.574593486694533162e+01 1.399672533192463497e+01 8.875476191007457771e+00 2.518471778881583134e+00 5.853221674777397077e+00 1.956860133579498751e+01 1.259952555603582702e+01 9.673200990324678727e+00 1.220950377242211182e+01 5.309781281530874253e+00 6.476094241332231327e+00 1.756533495976201920e+01 6.853079200649628611e+00 8.108441628096619169e+00 1.058401361750960312e+01 8.257889293176612355e+00 1.576277452240853627e+01 5.720012190348290559e+00 9.977185021114165053e+00 1.564375768072843975e+01 2.231588117115925485e+01 1.078371007807221815e+01 2.115202361483948934e+01 1.994227197622339887e+01 1.015512045705650479e+01 1.568663918282745051e+01 1.338331884091934221e+01 1.379957631676141716e+01 1.972037162789527898e+00 1.415419791926494142e+01 1.354729304384393984e+01 1.338599323680240616e+01 1.952170697793100729e+01 3.047145761963958144e+00 1.719507612159814869e+01
1.658504562285568085e+01 7.100363043698001420e+00 1.854098396509032298e+01 7.091685892067275176e+00 7.850249445250715219e+00 9.021501951422207455e+00 1.846566016824028367e+01 1.174157538857342153e+01 1.165051369568681672e+01 0.000000000000000000e+00 1.331139329229462831e+01 7.961154474167598138e+00 9.824420007587860937e+00 1.411098945467433552e+01 1.382756362682909668e+01 1.210602417912195072e+01 4.589315599444120153e+00 7.932229348359922660e+00 4.197674795846495499e+00 1.547785938222836677e+01 4.201142400516436837e+00 1.768334183274513194e+01 1.768046291653189428e+01 9.997359237681441968e+00 1.020875958764414193e+01 3.561981548164512734e+00 1.139245084829329713e+01 3.644252101722571968e+00 1.553712397933786349e+01 1.027312062431826689e+01 8.870940133655892623e+00 1.168130106145603619e+01 7.717216638254913441e+00 7.002223338105853401e+00 1.314677130815581307e+01 5.243373816812924026e+00 1.598032778340995286e+01 1.157163025805387413e+01 9.504784228841163696e+00 1.222714013036598324e+01 1.205953540170872884e+01 1.552382576135931380e+01 1.577532463763532178e+01 1.072152634354820044e+01 6.602169499174925349e+00 1.609881681989631019e+01 1.207410947452021333e+01 8.561288836659780799e+00 2.546833682595387227e+00 1.520093278885137877e+01 5.606394498571821039e+00 1.913239383318657261e+01 1.399286946100516005e+01 6.594941107723629514e+00 1.361980690874676192e+01 1.116158896364581388e+01 1.975522688719258468e+01 8.557482340171024049e+00 2.300941567477334360e+00 1.397952018299295673e+01 1.371049857768142388e+01 1.594997407295675096e+01 9.793282591782929813e+00 1.409498716861734557e+01 5.115007392169133915e+00 9.855648655638388433e+00 9.071242853179899868e+00 2.571607110137025920e+00 1.006039327826902507e+01 1.788089814981148962e+01 1.899311523274962665e+00 5.712158522395309745e+00 1.760347674879650626e+01 9.201446618864871141e+00 5.579201024134966325e+00
9.356454003805612984e+00 1.296475653764373881e+01 6.964868275242597662e+00 1.388826824829515161e+01 6.473761480160916904e+00 6.512603092970794094e+00 6.164081699806496673e+00 9.184018002772653233e+00 1.301369500676984536e+01 1.331139329229462831e+01 0.000000000000000000e+00 8.057793901315239538e+00 4.943326401400165437e+00 4.951766010639268245e+00 4.805029106354149704e+00 9.143211086493101547e+00 9.956343067586670870e+00 1.084976240757467281e+01 1.197316490010179812e+01 9.239377205130052673e+00 9.169610100812931819e+00 6.827001178578631091e+00 5.083414942676807158e+00 1.092525437013184053e+01 3.680285344815467763e+00 1.368150346332352818e+01 4.313786647993687495e+00 1.319314511963120573e+01 3.268880410407622783e+00 1.356410285619769418e+01 8.271865483782667283e+00 3.466273145482235307e+00 9.543530893932198111e+00 6.841020256923560083e+00 1.174742367335368876e+01 1.099491043907757337e+01 4.417933952848704493e+00 6.210410830813700045e+00 6.978429703194749756e+00 7.081860453659570176e+00 2.812873736544157843e+00 2.539666118634538616e+00 7.266144702002403477e+00 1.057310285526877713e+01 9.312542111428001590e+00 6.805167276479171967e+00 2.497998858417154633e+00 5.655261467196768699e+00 1.150311089994798586e+01 1.077541421359494933e+01 1.156333303723089045e+01 7.081568665286677167e+00 7.729228955588708594e+00 7.781756886819594321e+00 2.445560759034149712e+00 4.953285333061310247e+00 7.210967535814146068e+00 1.294200005150963761e+01 1.124044816393986146e+01 2.865339340022375225e+00 9.552174890552711517e+00 4.957261779593302720e+00 9.410020423941292123e+00 7.178612141896528520e+00 8.865067328680861891e+00 4.648003376407485732e+00 5.594117911405536603e+00 1.343881076409204134e+01 1.201312065419440067e+01 4.967333266805312064e+00 1.480840156420352294e+01 7.916664964929518433e+00 7.114839679517034554e+00 1.008808825782327467e+01 1.257600712902229212e+01
1.732045846189927829e+01 5.235502821995477341e+00 1.063383272710613880e+01 1.426960153958167155e+01 6.421175472406117635e+00 1.374174235701541669e+01 1.359039802285980159e+01 5.406368150882308932e+00 1.872134667289837395e+01 7.961154474167598138e+00 8.057793901315239538e+00 0.000000000000000000e+00 1.078780079560752370e+01 6.703502272830728970e+00 1.277189774662193678e+01 1.710721554458676863e+01 1.121462762357015741e+01 1.509270530990392700e+01 4.066531785630481011e+00 8.129272157892934558e+00 8.756277557257261535e+00 1.482797230655720000e+01 1.108434604497618636e+01 6.003755394933099510e+00 7.468737230552905615e+00 5.834075173623314292e+00 3.744007253321554707e+00 1.081616115277135748e+01 1.123984305813776174e+01 1.745092522809586910e+01 1.571375714734734608e+01 1.113108479653461913e+01 3.025913691075059475e+00 9.297345484803624771e+00 1.971142813144736650e+01 3.105872401226268398e+00 8.840520700106416996e+00 1.417441528890736357e+01 2.718421581379478091e+00 4.507020445288571153e+00 6.265464601698719882e+00 1.011497766655995356e+01 1.524725309567701537e+01 1.760898369240916850e+01 1.346747905134197332e+01 8.191665581912138450e+00 8.823979666548249057e+00 1.252454055435820912e+01 6.517414175921871333e+00 1.873941867168862174e+01 1.276687046011582893e+01 1.156729099229815994e+01 1.569323341368237301e+01 1.192870585724464405e+01 1.040956521712781324e+01 1.291728979115497644e+01 1.304942510470435657e+01 1.573539798768542397e+01 8.748879473727809497e+00 8.257404312844689898e+00 6.879140999889837182e+00 1.299403528751727244e+01 4.766170110095766077e+00 6.195650374012180883e+00 9.941673673186340210e+00 5.405047538451212219e+00 8.930668069046667767e+00 5.393264877464709173e+00 1.720633964340836997e+01 1.207560608509161604e+01 7.179862092238970206e+00 8.691958457820465611e+00 9.710520939030313770e+00 1.618233747028455127e+01 4.755408632328847141e+00
9.447907774750669674e+00 1.537921329210030841e+01 1.129493652622886124e+01 1.025973462158074234e+01 4.957870719529685388e+00 4.887047582036164073e+00 1.052985667022999472e+01 1.200638288389739117e+01 1.206478454022003888e+01 9.824420007587860937e+00 4.943326401400165437e+00 1.078780079560752370e+01 0.000000000000000000e+00 8.168115386332672756e+00 6.110367412108830720e+00 8.953044942983744647e+00 5.765014854773123254e+00 8.701894287491402480e+00 1.045340890304595227e+01 1.252443612690690422e+01 5.879551982274947797e+00 1.006273204292636514e+01 9.802197232681663763e+00 1.374761925125657669e+01 3.669609711356104143e+00 1.182326661398879608e+01 7.134934739729845710e+00 9.346447882841218302e+00 7.451402462490044343e+00 1.158883027335943616e+01 7.554489615981292872e+00 3.089655383936856126e+00 1.227353778822448049e+01 2.983558178802322214e+00 1.146843025262606375e+01 1.289638075011044371e+01 8.725389554376993928e+00 6.161869686501038501e+00 9.800794584319490355e+00 9.992232907936060116e+00 5.648662348720126403e+00 7.348482648273590101e+00 8.227525280157410137e+00 1.017534077507351853e+01 6.233755400616193043e+00 1.019213535977641527e+01 2.445327542983011693e+00 2.422062055267988789e+00 8.116849602598328772e+00 1.080381534395123921e+01 7.959375012944989614e+00 1.149547879853910182e+01 7.816153818138971587e+00 4.273312062317131677e+00 5.283960740505188269e+00 4.278457591489299716e+00 1.190326235751868111e+01 9.997758443345370338e+00 7.683389611959955623e+00 6.627483503296498490e+00 1.254136073944338747e+01 8.226940903092108570e+00 1.223238530506603183e+01 1.045677627638229623e+01 4.709412615418728798e+00 5.626531774761811100e+00 2.145415117128862015e+00 1.009609478626876466e+01 1.076747959071011174e+01 9.760966588032667701e+00 1.132142827949676267e+01 4.913049089645565637e+00 1.142538512279215368e+01 9.295748956547265962e+00 1.371603840762380067e+01
1.406050455161090618e+01 1.108070275352252487e+01 5.049491707050319356e+00 1.611727848487047510e+01 6.462538411187076726e+00 1.143641811668870645e+01 7.362168000620534336e+00 4.823105708047541462e+00 1.771774555457513145e+01 1.411098945467433552e+01 4.951766010639268245e+00 6.703502272830728970e+00 8.168115386332672756e+00 0.000000000000000000e+00 9.509079654159441120e+00 1.384726163429838941e+01 1.160176627936131588e+01 1.568483833466907207e+01 1.061887327161729466e+01 4.372501571816313160e+00 9.912844367411969060e+00 1.078560041164010030e+01 4.687521456251317886e+00 7.651650706116519984e+00 5.175571052965482366e+00 1.225437334860716554e+01 3.511123542025338828e+00 1.403001401251676405e+01 6.836131535274015292e+00 1.826815340400297671e+01 1.297591603158796225e+01 8.390088169200149437e+00 7.784506001791887897e+00 7.787481197688133072e+00 1.645147422115898550e+01 9.615797896845196036e+00 2.736133200673712906e+00 1.091446137861899501e+01 5.309691874060016303e+00 2.661110956080085632e+00 2.554036966752309290e+00 4.113697112142102874e+00 1.192657770411881124e+01 1.527715340307406855e+01 1.371427458879721328e+01 2.666946896658984212e+00 6.204294257273398117e+00 9.902132448990075275e+00 1.224270358820150761e+01 1.547946476140024252e+01 1.416030001876474742e+01 5.684549859206049049e+00 1.243327950339400090e+01 1.161619214560441193e+01 7.149611306839440239e+00 9.657335880866602551e+00 6.712393379738927912e+00 1.746646726413595729e+01 1.207455901250526331e+01 2.086940199266445806e+00 4.617264275425966069e+00 9.480780896668090207e+00 5.606390183580564290e+00 2.304635567212262703e+00 9.745379376359236900e+00 4.335473051541121947e+00 7.088080164810046213e+00 1.208104284125695038e+01 1.671717120199969386e+01 5.493501908653218635e+00 1.374666891477174069e+01 8.493293640518301046e+00 4.486797030704174460e+00 1.479213880562856431e+01 1.087558516096149219e+01
4.638761509047816922e+00 1.767886038295043605e+01 1.055748178912415902e+01 1.246433260537289911e+01 1.019007606365742369e+01 4.976989694660431063e+00 4.771865149041062182e+00 1.398904710912679228e+01 9.338047858494144648e+00 1.382756362682909668e+01 4.805029106354149704e+00 1.277189774662193678e+01 6.110367412108830720e+00 9.509079654159441120e+00 0.000000000000000000e+00 4.718594356914585397e+00 9.398051119375367080e+00 8.632703814949739041e+00 1.464447089496415799e+01 1.379437113904123713e+01 1.009224713099912130e+01 3.968222699003448817e+00 6.741254549775334226e+00 1.573028347648599912e+01 6.741536971542997136e+00 1.601432860590699647e+01 9.118815754347837199e+00 1.286236277989215893e+01 3.161049084980311896e+00 1.091374088099469475e+01 5.621503508579676733e+00 3.219039647937948612e+00 1.425763473923889713e+01 9.044601655160548148e+00 7.629121738426958288e+00 1.570901428438425818e+01 8.787713577821106625e+00 2.689747189695128604e+00 1.178345880954890568e+01 1.165161289394994704e+01 7.537268966529635961e+00 5.776292450074391738e+00 2.539358063512956232e+00 7.259964387281181430e+00 8.004116935411026645e+00 1.135993543537929895e+01 4.594933124816984460e+00 5.999786798616474570e+00 1.230791159451652916e+01 6.174954147117599490e+00 1.058749528503225967e+01 8.565395070030614733e+00 3.114996959167877666e+00 7.301484161757784364e+00 2.447045493853283293e+00 2.840479869336332452e+00 6.793368431314014799e+00 1.081293118273505982e+01 1.160217084508695606e+01 7.435091780312746756e+00 1.410721527074356452e+01 2.134742583761573442e+00 1.421504953029543294e+01 1.173360607580770854e+01 8.867446353395369130e+00 8.705733499774531481e+00 7.549198923592730814e+00 1.428715677818696506e+01 9.266798037715197722e+00 5.068442348111132034e+00 1.532535775167079528e+01 1.086836952121966604e+01 1.130554535623740087e+01 7.435606024453323748e+00 1.729011097432899291e+01
4.588043336440727593e+00 1.861040549097679175e+01 1.497286349708863185e+01 1.005311642568304009e+01 1.244184901191880321e+01 4.708459407463770674e+00 9.137721937372003111e+00 1.832579763287662900e+01 4.650956283570696570e+00 1.210602417912195072e+01 9.143211086493101547e+00 1.710721554458676863e+01 8.953044942983744647e+00 1.384726163429838941e+01 4.718594356914585397e+00 0.000000000000000000e+00 7.569250944612305965e+00 6.103922314841198293e+00 1.391053730835300861e+01 1.813255311918016233e+01 9.823716843802456467e+00 7.187020170086571014e+00 1.118775929397213531e+01 2.006703400023582518e+01 1.097476973710521087e+01 1.507202399544329019e+01 1.345434948870908620e+01 1.075111839118158130e+01 7.630020890565755387e+00 6.944955327101683729e+00 3.235084045466063873e+00 6.764649917565992432e+00 1.859295253720373253e+01 9.254434795103261280e+00 2.937009842382517721e+00 1.633619136442149866e+01 1.312589555796005136e+01 2.934122049284773937e+00 1.612020933329872818e+01 1.598979487408889355e+01 1.187545094666858780e+01 1.012624141164789116e+01 4.610333159359981003e+00 2.787632590144545119e+00 5.883017856464206830e+00 1.569811741551824902e+01 8.782054896954637258e+00 6.787248314168917496e+00 1.155666021690938194e+01 3.136894775641970945e+00 8.429757164629300803e+00 1.314059645536448961e+01 2.339642724701248788e+00 6.071463567068227540e+00 6.713529697232861970e+00 4.849469397796204895e+00 1.123203571687028557e+01 7.928402837920104140e+00 9.866875380445346622e+00 1.177327376045169594e+01 1.844539725088250393e+01 6.340035547830332519e+00 1.855180005404526256e+01 1.607178805594665505e+01 8.057413744098427699e+00 1.299743143937094558e+01 1.086699333386042987e+01 1.353590540057981784e+01 4.982468166838970092e+00 9.672166501870721689e+00 1.365828630285694878e+01 1.088527364793999475e+01 1.565122305765425281e+01 3.997412444173795265e+00 1.706818193575604781e+01
1.212228677567313184e+01 1.146530362769003197e+01 1.604701385374492517e+01 4.545443358576538806e+00 6.986656010989807264e+00 4.604195481269602652e+00 1.403614766078654874e+01 1.455892158615726650e+01 8.276619378196018673e+00 4.589315599444120153e+00 9.956343067586670870e+00 1.121462762357015741e+01 5.765014854773123254e+00 1.160176627936131588e+01 9.398051119375367080e+00 7.569250944612305965e+00 0.000000000000000000e+00 4.837920538763509803e+00 7.148095837939671959e+00 1.572188986064772109e+01 4.021801663916360070e+00 1.325382932529140767e+01 1.426328018990241553e+01 1.435205611474175669e+01 7.343562097822236900e+00 7.926922132156541068e+00 9.699292130313541094e+00 3.683192126297168745e+00 1.110761147188413211e+01 7.617732462144980232e+00 4.564065226584396839e+00 7.491839260305319215e+00 1.195401290904934832e+01 3.883574027997219513e+00 8.634136025518127866e+00 9.212703892897106783e+00 1.333540498385786677e+01 7.142117750600139203e+00 1.227685806070530461e+01 1.259057448690160541e+01 9.414612602156640975e+00 1.223057007963845777e+01 1.134581213018159040e+01 6.777011438230063689e+00 2.543292673384549119e+00 1.421029327584133561e+01 7.941227479555789337e+00 4.371827035509073589e+00 4.733884477008251324e+00 1.067068822793935468e+01 2.568648520867356844e+00 1.648747103363447053e+01 9.555300298111200519e+00 2.257523098313107379e+00 9.190542995602083209e+00 6.732076456192084279e+00 1.576418426118344307e+01 5.984439545363242630e+00 2.498253579955650228e+00 1.133459738344086887e+01 1.512526578643929120e+01 1.152046156550302847e+01 1.386605191444763463e+01 1.349032534388831550e+01 1.998571336344221461e+00 7.715120674839539561e+00 5.950406951447082093e+00 6.438682593206022986e+00 6.917246548828533292e+00 1.345138564235776180e+01 6.276456031030117622e+00 5.387575520933918227e+00 1.563537144653616906e+01 5.568706307954893298e+00 9.923255668299693966e+00
1.045320566671615126e+01 1.501875167101040098e+01 1.710328073767912826e+01 4.161849290070389173e+00 1.159089911850172605e+01 4.535307426938834041e+00 1.335930686104276255e+01 1.916316469366918440e+01 4.150259391544129706e+00 7.932229348359922660e+00 1.084976240757467281e+01 1.509270530990392700e+01 8.701894287491402480e+00 1.568483833466907207e+01 8.632703814949739041e+00 6.103922314841198293e+00 4.837920538763509803e+00 0.000000000000000000e+00 1.102617352427344954e+01 1.997797618956627019e+01 8.071427320071224543e+00 1.202910310526872806e+01 1.366782753395682981e+01 1.790559222071330581e+01 1.173468550229003071e+01 1.148037017547691896e+01 1.430353523782546432e+01 4.675543297260776221e+00 1.047281662787305834e+01 3.136547721442392689e+00 3.105151070522079504e+00 7.799355080926154038e+00 1.550754901502089744e+01 8.403484901686185893e+00 6.757249834200879768e+00 1.286890441750634295e+01 1.515661294768329270e+01 6.025435227278427952e+00 1.688110116821723139e+01 1.719481759441353574e+01 1.327966061933341280e+01 1.216132046491533281e+01 1.000638537089649738e+01 3.867114821027081373e+00 2.473150596071151952e+00 1.754376626091537617e+01 9.747247839187695106e+00 6.311479552365685031e+00 8.580862409427671977e+00 8.909968275675671734e+00 2.325834849788103842e+00 1.601151262493623051e+01 8.145098835502274426e+00 4.680727609417613344e+00 8.762365588487400103e+00 6.293307668038428559e+00 1.513145933145807476e+01 2.264920394437965889e+00 6.353694066739368651e+00 1.359934165212951918e+01 1.972950889395120910e+01 1.064129555497178536e+01 1.745270724818534092e+01 1.791721112633273805e+01 6.716421617623992368e+00 1.231936378235146279e+01 1.001678590436948291e+01 1.015013663225068008e+01 2.219573165525651870e+00 1.281899047736290420e+01 9.829008696517050225e+00 9.784261447921700494e+00 1.768194044737750303e+01 2.106509870667403028e+00 1.347679177427124309e+01
1.740705006095522833e+01 5.470470801688527729e+00 1.454920372589270272e+01 1.020306975395119053e+01 8.256994330746634247e+00 9.675210571384932123e+00 1.750576902164636550e+01 9.238190095135042412e+00 1.465481488726788761e+01 4.197674795846495499e+00 1.197316490010179812e+01 4.066531785630481011e+00 1.045340890304595227e+01 1.061887327161729466e+01 1.464447089496415799e+01 1.391053730835300861e+01 7.148095837939671959e+00 1.102617352427344954e+01 0.000000000000000000e+00 1.204464315667949670e+01 4.689745771626780524e+00 1.850451277776877035e+01 1.499971704376275738e+01 8.161664231189341479e+00 1.079078419800306321e+01 3.845321091649648526e+00 7.659378252108118623e+00 6.749629367140877356e+00 1.515521405692432211e+01 1.338439344246538631e+01 1.164722536171686862e+01 1.233205816342480077e+01 5.746575039214381064e+00 7.592895769314750964e+00 1.578223186345780782e+01 2.896873848704912824e+00 1.275589169889298269e+01 1.239459725550367253e+01 6.551172320722796982e+00 8.422391444075135070e+00 1.018083560048527936e+01 1.403034866534652103e+01 1.659723414785335294e+01 1.354245190677868216e+01 9.400947265711492307e+00 1.210703658069870414e+01 1.265791011407056210e+01 9.212045938628547148e+00 2.450882390291391211e+00 1.613740644667320012e+01 8.700338674485351476e+00 1.548266199108472385e+01 1.481583645845496910e+01 7.862174071614163928e+00 1.432493621591438071e+01 1.197352322492745813e+01 1.696479610349092937e+01 1.166886620205494651e+01 4.682347688097331151e+00 1.217277531163125204e+01 1.079451199867640376e+01 1.676771512823863830e+01 7.618099575012989177e+00 1.011102137279874391e+01 5.875141887555854758e+00 9.320418537237776135e+00 9.655537736706762075e+00 1.964594156636104039e+00 1.313980785777788540e+01 1.599097708387817640e+01 4.743759303942311156e+00 6.118903407891228774e+00 1.362589193781687591e+01 1.211580568465407026e+01 3.733183524073062198e+00
1.834579603649268265e+01 1.161716652147299378e+01 4.900139536714536170e+00 2.015803023270482797e+01 9.878643026849223574e+00 1.572691732124578223e+01 1.164499434192938665e+01 4.061128128569709617e+00 2.200303703945690970e+01 1.547785938222836677e+01 9.239377205130052673e+00 8.129272157892934558e+00 1.252443612690690422e+01 4.372501571816313160e+00 1.379437113904123713e+01 1.813255311918016233e+01 1.572188986064772109e+01 1.997797618956627019e+01 1.204464315667949670e+01 0.000000000000000000e+00 1.371436121149949017e+01 1.507089189652186789e+01 7.930054399355371153e+00 8.042907349865428657e+00 9.547689365724455257e+00 1.286491469262408316e+01 6.388463496229958238e+00 1.792110250767163393e+01 1.112142302015579176e+01 2.255344488888476562e+01 1.726120751646975293e+01 1.268058737375723410e+01 8.345051961581322786e+00 1.191772606438120441e+01 2.073676570604075309e+01 1.026729448920165488e+01 5.027827789214850185e+00 1.519975286350076260e+01 6.048498189586934970e+00 3.669331181761683158e+00 6.923112635376746482e+00 8.396742830553261427e+00 1.621186918900058416e+01 1.956244488795584502e+01 1.784451945549027485e+01 2.461033926649756065e+00 1.053495424194324492e+01 1.422058796783180767e+01 1.449552554697087459e+01 1.976475624628201544e+01 1.824415093382282649e+01 7.016473709092678313e+00 1.671857098827578980e+01 1.574643701229748061e+01 1.143490279172121937e+01 1.394262736574839145e+01 9.768756318038230191e+00 2.159671213082903307e+01 1.588456404570778879e+01 6.392143994109076743e+00 2.111357809396289476e+00 1.376607238154986135e+01 6.092709010188568364e+00 2.246999886199337659e+00 1.380199300035543075e+01 8.119025254127539171e+00 1.133257256479127406e+01 1.293912462638913929e+01 2.100246268688148277e+01 9.776328249962075390e+00 1.445062843416015319e+01 1.209829718357328332e+01 2.768650825025886775e+00 1.907743029051035322e+01 1.144111854896751446e+01
1.285482629699018986e+01 9.615550160681140213e+00 1.454277028875279676e+01 7.287016889203458803e+00 4.064783476630465131e+00 5.115257436338686681e+00 1.472837143406420779e+01 1.194019222841001948e+01 1.166642047986291431e+01 4.201142400516436837e+00 9.169610100812931819e+00 8.756277557257261535e+00 5.879551982274947797e+00 9.912844367411969060e+00 1.009224713099912130e+01 9.823716843802456467e+00 4.021801663916360070e+00 8.071427320071224543e+00 4.689745771626780524e+00 1.371436121149949017e+01 0.000000000000000000e+00 1.395228901380373188e+01 1.353867972505019068e+01 1.238085598332090598e+01 6.149179721080523464e+00 6.059603482569618116e+00 7.346046397639933723e+00 4.302866233383764616e+00 1.179758648135071297e+01 1.046593310561014789e+01 8.210514472339065506e+00 7.768864201454965368e+00 9.968047903107237317e+00 2.981986234418608106e+00 1.217297250449159129e+01 7.132717618691272854e+00 1.183854459192825992e+01 7.842373491538634056e+00 9.604584432696954721e+00 1.004503002973781456e+01 7.917752210227035903e+00 1.138204256987761731e+01 1.204501038388831624e+01 1.047846374590035801e+01 6.316149064211007413e+00 1.257096790587531032e+01 8.024294480509226446e+00 4.648851976658717966e+00 2.353186471179157913e+00 1.198991307325358235e+01 5.745592470283122033e+00 1.499061064170486013e+01 1.026361269448992708e+01 4.313945119409754447e+00 9.875879678032342568e+00 7.421299460962420547e+00 1.561344369571089352e+01 8.752813337307205899e+00 2.257215735532992706e+00 9.837736991511258466e+00 1.254437393229897602e+01 1.221549136427360516e+01 1.184070227530376052e+01 1.152021576439338979e+01 2.117903386321611681e+00 5.655244535801807082e+00 5.033785114009893036e+00 4.332431654849592917e+00 1.017984160171578445e+01 1.378747821822188868e+01 5.698150672425334129e+00 1.878366586625508150e+00 1.412005603192655734e+01 9.098218351022714145e+00 7.952375276204626253e+00
