0.000000000000000000e+00 6.484933727415976845e-01 6.135124322182673451e-01 5.359105574288260954e-01 5.204799762702984056e-01 5.069741486684844478e-01 4.889697822057865739e-01 3.466758716555320974e-01 3.408915789432580556e-01 2.715698541411422084e-01 2.452439008928333775e-01 3.050877223735640742e-01 1.972232270761025974e-01 4.545624174057668609e-01 3.127579136077702771e-01 3.039686645311230340e-01 4.808102255480584675e-01 4.716841161611322608e-01 3.454635520909572488e-01 4.166048319623829044e-01 1.812135359668278489e-01 1.784694279566373110e-01 3.960463824282324241e-01 4.837204530582164264e-01 1.331745595244797908e-01
6.484933727415976845e-01 0.000000000000000000e+00 1.099855545118820999e+00 9.167704606151119151e-01 6.805554639241604420e-01 1.083242225738243469e+00 6.832010138943135358e-01 3.731244274527836247e-01 7.613032934491179571e-01 7.042378134733066064e-01 5.050819375542903167e-01 8.907861539779029503e-01 5.741023980843287244e-01 2.010075445328173560e-01 4.967164833740083107e-01 5.861530726502881539e-01 9.228262698288960397e-01 9.042397839964932960e-01 9.149474993159253389e-01 7.452949683967280414e-01 7.577459495357651287e-01 4.811168507334179223e-01 5.297184985571992133e-01 1.009475216090206073e+00 6.429636727777657823e-01
6.135124322182673451e-01 1.099855545118820999e+00 0.000000000000000000e+00 5.338827991836885278e-01 1.025384021167624171e+00 6.035844776616516860e-01 1.070092032644600843e+00 7.267311176660365968e-01 3.539298056080179555e-01 5.332539377729090813e-01 8.326942396351715292e-01 3.275422739320019705e-01 5.956847405962532038e-01 9.171746397349710422e-01 8.202178588990798325e-01 5.261702818166883455e-01 4.355177667511203055e-01 2.023456214225975713e-01 4.927571725341223785e-01 4.033250242743539604e-01 4.481639377651684408e-01 6.914751454110943385e-01 9.498272945457131300e-01 1.388994699727350846e-01 5.713211450281243664e-01
5.359105574288260954e-01 9.167704606151119151e-01 5.338827991836885278e-01 0.000000000000000000e+00 9.045651202809542601e-01 5.063986653564882534e-01 9.032472519366291364e-01 5.670056110422303508e-01 3.364173015927773291e-01 2.765708919623561246e-01 6.799588634873998672e-01 2.798730336323829171e-01 5.426698099780267182e-01 7.322971157495360428e-01 7.222225120476548632e-01 3.565421153682819533e-01 1.824708598578507757e-01 3.458357090554480262e-01 3.845202181013482323e-01 1.815753893785450601e-01 4.690760203707878273e-01 4.722036657706678575e-01 7.643852076406604246e-01 4.112262642732175677e-01 4.182150633630261627e-01
5.204799762702984056e-01 6.805554639241604420e-01 1.025384021167624171e+00 9.045651202809542601e-01 0.000000000000000000e+00 1.019947310641414751e+00 6.058046685487447069e-01 3.573141787215315390e-01 6.914784276642821359e-01 7.243596165114771779e-01 4.119073197369307882e-01 7.886480290753877798e-01 4.311139693846940402e-01 4.889499637873480631e-01 2.077220626625282118e-01 5.540389196616396505e-01 9.221722460056900328e-01 8.479867242700197538e-01 8.654371096693100895e-01 7.282414567235798719e-01 6.042529737839054116e-01 5.111443418663357274e-01 4.564423521577674614e-01 9.220286707616742738e-01 6.389368763539786666e-01
5.069741486684844478e-01 1.083242225738243469e+00 6.035844776616516860e-01 5.063986653564882534e-01 1.019947310641414751e+00 0.000000000000000000e+00 9.866380915082602066e-01 7.631562165359748739e-01 4.920969802485808953e-01 4.035368504863811601e-01 7.429122101953070656e-01 2.760422037296496045e-01 6.161740694776486338e-01 8.899291787399739029e-01 8.122252479788866220e-01 5.923785400424574910e-01 4.281053772362951038e-01 4.539078620469951253e-01 1.793459033892087495e-01 4.611731186731005683e-01 4.250291748121167723e-01 6.027323974189184863e-01 8.798269415173013419e-01 4.713558650774751779e-01 4.457737210952407714e-01
4.889697822057865739e-01 6.832010138943135358e-01 1.070092032644600843e+00 9.032472519366291364e-01 6.058046685487447069e-01 9.866380915082602066e-01 0.000000000000000000e+00 4.048868539225815022e-01 7.433182241698909065e-01 6.435756552310915035e-01 2.437258813129532797e-01 7.870909426209921067e-01 5.082071204857140367e-01 4.874462267170699414e-01 4.201035580162549854e-01 6.024054575192678840e-01 8.818361661590787826e-01 9.221109313859833234e-01 8.243905563625826272e-01 7.516124756382330796e-01 6.327276369899101915e-01 4.356249353326726581e-01 1.674118607649936197e-01 9.657236733056444589e-01 5.559234949442231066e-01
3.466758716555320974e-01 3.731244274527836247e-01 7.267311176660365968e-01 5.670056110422303508e-01 3.573141787215315390e-01 7.631562165359748739e-01 4.048868539225815022e-01 0.000000000000000000e+00 3.881788659963342214e-01 3.713261760968847858e-01 2.318303142618748092e-01 5.654000901267087764e-01 2.009779706315449888e-01 1.904435220689343622e-01 1.884151965051232835e-01 2.194616345431063820e-01 5.896896528706762064e-01 5.311153565437094493e-01 5.948614901136567434e-01 3.916736143590676122e-01 3.846215220829815595e-01 1.682064436988947587e-01 2.531698131367913773e-01 6.363507886374224487e-01 3.266049673910305651e-01
3.408915789432580556e-01 7.613032934491179571e-01 3.539298056080179555e-01 3.364173015927773291e-01 6.914784276642821359e-01 4.920969802485808953e-01 7.433182241698909065e-01 3.881788659963342214e-01 0.000000000000000000e+00 2.723920451728615855e-01 5.059204311604611481e-01 2.316299217964855606e-01 2.616972803694601057e-01 5.786223880652685558e-01 4.869519172535553553e-01 1.876180301469856926e-01 2.638344357952775443e-01 1.789946651924407550e-01 3.662538763152526355e-01 1.760047981950700891e-01 1.705317506815200446e-01 3.529228937413917966e-01 6.230534860710026379e-01 2.727370989333545159e-01 3.165797577395098039e-01
2.715698541411422084e-01 7.042378134733066064e-01 5.332539377729090813e-01 2.765708919623561246e-01 7.243596165114771779e-01 4.035368504863811601e-01 6.435756552310915035e-01 3.713261760968847858e-01 2.723920451728615855e-01 0.000000000000000000e+00 4.173000993561225558e-01 2.268702084690700782e-01 3.810255827643046489e-01 5.109247664750372619e-01 5.394474042277173087e-01 1.971091539911967172e-01 2.382605109279873346e-01 3.579644696103895241e-01 2.308278795605680500e-01 1.718831577516167775e-01 2.382838195297026784e-01 2.261349083852040032e-01 5.062102733295903434e-01 4.088273834680051788e-01 1.416441714006699271e-01
2.452439008928333775e-01 5.050819375542903167e-01 8.326942396351715292e-01 6.799588634873998672e-01 4.119073197369307882e-01 7.429122101953070656e-01 2.437258813129532797e-01 2.318303142618748092e-01 5.059204311604611481e-01 4.173000993561225558e-01 0.000000000000000000e+00 5.461894030367765440e-01 2.708093274762842784e-01 3.065114247725575503e-01 2.053284981936748799e-01 3.833845770658464991e-01 6.555606102841098348e-01 6.849150963529017089e-01 5.806646750496294862e-01 5.321148834881452849e-01 3.953298439804803777e-01 2.101707797769084007e-01 1.602716715829028693e-01 7.248221337214290072e-01 3.136366679603236340e-01
3.050877223735640742e-01 8.907861539779029503e-01 3.275422739320019705e-01 2.798730336323829171e-01 7.886480290753877798e-01 2.760422037296496045e-01 7.870909426209921067e-01 5.654000901267087764e-01 2.316299217964855606e-01 2.268702084690700782e-01 5.461894030367765440e-01 0.000000000000000000e+00 3.815381974610911886e-01 6.974731069796333838e-01 5.809259664128597622e-01 3.816120906448300931e-01 1.966807517896042301e-01 1.778656583173454653e-01 1.726506180236178079e-01 2.481696671888722616e-01 1.892029867384050767e-01 4.102763256585779672e-01 6.791538635359043452e-01 1.953136613478254624e-01 2.533176493349001412e-01
1.972232270761025974e-01 5.741023980843287244e-01 5.956847405962532038e-01 5.426698099780267182e-01 4.311139693846940402e-01 6.161740694776486338e-01 5.082071204857140367e-01 2.009779706315449888e-01 2.616972803694601057e-01 3.810255827643046489e-01 2.708093274762842784e-01 3.815381974610911886e-01 0.000000000000000000e+00 3.855847675519897266e-01 2.259478071161494517e-01 1.875160205865798457e-01 5.255317161647374835e-01 4.406919455619007775e-01 4.684937100700615198e-01 3.613999853652474781e-01 1.923352107226860841e-01 1.989442242773331038e-01 3.827953062063377265e-01 4.923293901903032510e-01 3.164224315677066079e-01
4.545624174057668609e-01 2.010075445328173560e-01 9.171746397349710422e-01 7.322971157495360428e-01 4.889499637873480631e-01 8.899291787399739029e-01 4.874462267170699414e-01 1.904435220689343622e-01 5.786223880652685558e-01 5.109247664750372619e-01 3.065114247725575503e-01 6.974731069796333838e-01 3.855847675519897266e-01 0.000000000000000000e+00 3.051109832371960984e-01 4.040913050245813487e-01 7.295132228306266953e-01 7.215588786126438947e-01 7.216344523176557724e-01 5.608216235311521691e-01 5.750650441519159495e-01 2.878038037351485223e-01 3.311479857754665579e-01 8.267943107063568942e-01 4.496506257794964934e-01
3.127579136077702771e-01 4.967164833740083107e-01 8.202178588990798325e-01 7.222225120476548632e-01 2.077220626625282118e-01 8.122252479788866220e-01 4.201035580162549854e-01 1.884151965051232835e-01 4.869519172535553553e-01 5.394474042277173087e-01 2.053284981936748799e-01 5.809259664128597622e-01 2.259478071161494517e-01 3.051109832371960984e-01 0.000000000000000000e+00 3.709243881429420409e-01 7.260802702546625964e-01 6.518947485189926505e-01 6.577150470067820720e-01 5.451269252048822622e-01 3.965309111213773940e-01 3.254432313338460059e-01 2.707412416252777954e-01 7.168625084931297131e-01 4.323580548107227584e-01
3.039686645311230340e-01 5.861530726502881539e-01 5.261702818166883455e-01 3.565421153682819533e-01 5.540389196616396505e-01 5.923785400424574910e-01 6.024054575192678840e-01 2.194616345431063820e-01 1.876180301469856926e-01 1.971091539911967172e-01 3.833845770658464991e-01 3.816120906448300931e-01 1.875160205865798457e-01 4.040913050245813487e-01 3.709243881429420409e-01 0.000000000000000000e+00 3.799142162535607548e-01 3.305545206943609760e-01 4.279370335517647672e-01 1.752722907555028242e-01 2.145964794567983835e-01 1.761539104220513630e-01 4.517373051826983898e-01 4.373155067946216112e-01 1.964026357558276703e-01
4.808102255480584675e-01 9.228262698288960397e-01 4.355177667511203055e-01 1.824708598578507757e-01 9.221722460056900328e-01 4.281053772362951038e-01 8.818361661590787826e-01 5.896896528706762064e-01 2.638344357952775443e-01 2.382605109279873346e-01 6.555606102841098348e-01 1.966807517896042301e-01 5.255317161647374835e-01 7.295132228306266953e-01 7.260802702546625964e-01 3.799142162535607548e-01 0.000000000000000000e+00 2.541834745341359780e-01 3.086902176908514761e-01 2.188505571232388924e-01 3.806640511932322668e-01 4.479217281049728272e-01 7.444707842575775114e-01 3.128612318406494563e-01 3.707618884512547952e-01
4.716841161611322608e-01 9.042397839964932960e-01 2.023456214225975713e-01 3.458357090554480262e-01 8.479867242700197538e-01 4.539078620469951253e-01 9.221109313859833234e-01 5.311153565437094493e-01 1.789946651924407550e-01 3.579644696103895241e-01 6.849150963529017089e-01 1.778656583173454653e-01 4.406919455619007775e-01 7.215588786126438947e-01 6.518947485189926505e-01 3.305545206943609760e-01 2.541834745341359780e-01 0.000000000000000000e+00 3.499266821198558919e-01 2.140597535544443153e-01 3.115844922537718276e-01 4.958593842887670800e-01 7.714427790494140513e-01 1.435335106989530651e-01 4.286383373614376380e-01
3.454635520909572488e-01 9.149474993159253389e-01 4.927571725341223785e-01 3.845202181013482323e-01 8.654371096693100895e-01 1.793459033892087495e-01 8.243905563625826272e-01 5.948614901136567434e-01 3.662538763152526355e-01 2.308278795605680500e-01 5.806646750496294862e-01 1.726506180236178079e-01 4.684937100700615198e-01 7.216344523176557724e-01 6.577150470067820720e-01 4.279370335517647672e-01 3.086902176908514761e-01 3.499266821198558919e-01 0.000000000000000000e+00 3.293277242123675563e-01 2.773488154045294363e-01 4.344376709966004668e-01 7.116594822710415880e-01 3.621107017645197601e-01 2.774789946729225854e-01
4.166048319623829044e-01 7.452949683967280414e-01 4.033250242743539604e-01 1.815753893785450601e-01 7.282414567235798719e-01 4.611731186731005683e-01 7.516124756382330796e-01 3.916736143590676122e-01 1.760047981950700891e-01 1.718831577516167775e-01 5.321148834881452849e-01 2.481696671888722616e-01 3.613999853652474781e-01 5.608216235311521691e-01 5.451269252048822622e-01 1.752722907555028242e-01 2.188505571232388924e-01 2.140597535544443153e-01 3.293277242123675563e-01 0.000000000000000000e+00 3.352610997163270046e-01 3.221784065477274472e-01 6.037613677323654393e-01 3.023725113548419441e-01 2.834302724379030303e-01
1.812135359668278489e-01 7.577459495357651287e-01 4.481639377651684408e-01 4.690760203707878273e-01 6.042529737839054116e-01 4.250291748121167723e-01 6.327276369899101915e-01 3.846215220829815595e-01 1.705317506815200446e-01 2.382838195297026784e-01 3.953298439804803777e-01 1.892029867384050767e-01 1.923352107226860841e-01 5.750650441519159495e-01 3.965309111213773940e-01 2.145964794567983835e-01 3.806640511932322668e-01 3.115844922537718276e-01 2.773488154045294363e-01 3.352610997163270046e-01 0.000000000000000000e+00 3.275795390609234636e-01 5.124628988910219229e-01 3.416247136363649295e-01 1.657327170165754648e-01
1.784694279566373110e-01 4.811168507334179223e-01 6.914751454110943385e-01 4.722036657706678575e-01 5.111443418663357274e-01 6.027323974189184863e-01 4.356249353326726581e-01 1.682064436988947587e-01 3.529228937413917966e-01 2.261349083852040032e-01 2.101707797769084007e-01 4.102763256585779672e-01 1.989442242773331038e-01 2.878038037351485223e-01 3.254432313338460059e-01 1.761539104220513630e-01 4.479217281049728272e-01 4.958593842887670800e-01 4.344376709966004668e-01 3.221784065477274472e-01 3.275795390609234636e-01 0.000000000000000000e+00 2.969788733531807390e-01 5.976333505821996850e-01 1.618468220443479710e-01
3.960463824282324241e-01 5.297184985571992133e-01 9.498272945457131300e-01 7.643852076406604246e-01 4.564423521577674614e-01 8.798269415173013419e-01 1.674118607649936197e-01 2.531698131367913773e-01 6.230534860710026379e-01 5.062102733295903434e-01 1.602716715829028693e-01 6.791538635359043452e-01 3.827953062063377265e-01 3.311479857754665579e-01 2.707412416252777954e-01 4.517373051826983898e-01 7.444707842575775114e-01 7.714427790494140513e-01 7.116594822710415880e-01 6.037613677323654393e-01 5.124628988910219229e-01 2.969788733531807390e-01 0.000000000000000000e+00 8.464719441397630106e-01 4.385563862227656040e-01
4.837204530582164264e-01 1.009475216090206073e+00 1.388994699727350846e-01 4.112262642732175677e-01 9.220286707616742738e-01 4.713558650774751779e-01 9.657236733056444589e-01 6.363507886374224487e-01 2.727370989333545159e-01 4.088273834680051788e-01 7.248221337214290072e-01 1.953136613478254624e-01 4.923293901903032510e-01 8.267943107063568942e-01 7.168625084931297131e-01 4.373155067946216112e-01 3.128612318406494563e-01 1.435335106989530651e-01 3.621107017645197601e-01 3.023725113548419441e-01 3.416247136363649295e-01 5.976333505821996850e-01 8.464719441397630106e-01 0.000000000000000000e+00 4.406746742585217480e-01
1.331745595244797908e-01 6.429636727777657823e-01 5.713211450281243664e-01 4.182150633630261627e-01 6.389368763539786666e-01 4.457737210952407714e-01 5.559234949442231066e-01 3.266049673910305651e-01 3.165797577395098039e-01 1.416441714006699271e-01 3.136366679603236340e-01 2.533176493349001412e-01 3.164224315677066079e-01 4.496506257794964934e-01 4.323580548107227584e-01 1.964026357558276703e-01 3.707618884512547952e-01 4.286383373614376380e-01 2.774789946729225854e-01 2.834302724379030303e-01 1.657327170165754648e-01 1.618468220443479710e-01 4.385563862227656040e-01 4.406746742585217480e-01 0.000000000000000000e+00
