0.000000000000000000e+00 5.901453559539191485e-01 4.764201386027606122e-01 4.722190377143390405e-01 3.378355526875573833e-01 3.232801363236665337e-01 2.857678639479957483e-01 2.734703978140859415e-01 3.838637656927673114e-01 2.261699131529649187e-01 2.242398135893484967e-01 3.109475879889784800e-01 1.803481130112443154e-01 1.691861119404259040e-01 5.143153792122860946e-01 2.603197194298578210e-01 4.454712495602020095e-01 1.624784808189284058e-01 5.345829472856372666e-01 1.782506150118831345e-01 3.508527712560745027e-01 1.314146355486595086e-01 3.754242658664329602e-01 4.637978697307458820e-01 2.334807347308778536e-01 1.311250733724598494e-01 1.120755969696705656e-01 2.388575234486954579e-01 3.141190577248606508e-01 5.280036922056511317e-01 2.387311603719391440e-01 1.019198225177977285e-01 3.282813465379370577e-01 2.221214029756790331e-01 3.559599553326632804e-01 9.292459009238905610e-02 3.814443101512094980e-01 1.951114413371319578e-01 1.546221036834367901e-01 1.627165005851049229e-01 4.569466265681179640e-01 2.389601596585319288e-01 8.843355664085689183e-02 5.168236739998224305e-01 5.319441837840777065e-01 4.117282456569582583e-01 3.970085245050810063e-01 4.039331300298250049e-01 9.495209763576216433e-02 4.480289303419259239e-01
5.901453559539191485e-01 0.000000000000000000e+00 4.859783531373474408e-01 4.644543811112461507e-01 8.585501714386429839e-01 3.429649960117123753e-01 6.792894543779655070e-01 6.685825405497465290e-01 2.435067930419978210e-01 5.012469040908951179e-01 5.005521380352661032e-01 2.791977679649405575e-01 6.978839407423660379e-01 4.791451597771563820e-01 1.610139960883811283e-01 3.474970796047887056e-01 1.859896560055044057e-01 5.847754433982239597e-01 1.424513183381988513e-01 6.013224000726571372e-01 3.384558262356749947e-01 5.158214911222122057e-01 3.693868910070428058e-01 1.352472637022163748e-01 3.830203448222700979e-01 4.646001151844058596e-01 5.338127230878340068e-01 4.097781780194004186e-01 3.069241787544977895e-01 1.195099839579822631e-01 7.643161467257855168e-01 6.037410027153675696e-01 2.752247765198664875e-01 3.748119364897310457e-01 2.533969947592383809e-01 5.829190768275128720e-01 2.185637036898772090e-01 4.397055745054158082e-01 5.087751467675060146e-01 5.241532267152015923e-01 1.941634681358191394e-01 4.252792876633108565e-01 5.589475012087671280e-01 8.701455416670766940e-02 8.202321766012558857e-02 3.990346824667084236e-01 4.129954423341281045e-01 1.893437424466744290e-01 5.384660081532408604e-01 1.602509957235027371e-01
4.764201386027606122e-01 4.859783531373474408e-01 0.000000000000000000e+00 4.339570137994268051e-01 8.125022358342489648e-01 3.808623175471635980e-01 5.588886549356569811e-01 5.847547700376410917e-01 2.447880587174846301e-01 3.924523356765086124e-01 4.372323491342771096e-01 3.324969915182975910e-01 6.447122850026029139e-01 5.075511111278644405e-01 3.960581526167710198e-01 2.532696437653588206e-01 3.673377463302907042e-01 4.901203664730800491e-01 4.079622808974624482e-01 4.809216006303487778e-01 3.006574051920513080e-01 4.554830861446207968e-01 1.324363198757080862e-01 3.630663721328981075e-01 3.983675076481379418e-01 3.455359278522225908e-01 4.982258539237404693e-01 3.519572080808325287e-01 4.136302247727743908e-01 3.979742656808347712e-01 7.133978435186303368e-01 5.663502948592167296e-01 2.266961514792908972e-01 3.032268751532207207e-01 2.704697596623580336e-01 4.600765996267344726e-01 3.046428805093754355e-01 4.060554523217639322e-01 4.249473762554004108e-01 4.037524272728932329e-01 3.325619281719767728e-01 4.335369388641338029e-01 4.642924242836232729e-01 4.120607054670405445e-01 4.179881316455610341e-01 3.717173231294545466e-01 8.133901203061710827e-02 3.896006617932291638e-01 5.296938602742887747e-01 3.310802316981822369e-01
4.722190377143390405e-01 4.644543811112461507e-01 4.339570137994268051e-01 0.000000000000000000e+00 8.016608146925476852e-01 4.312186678198902112e-01 5.819777894178665978e-01 5.587415616241551142e-01 3.210275216470413473e-01 4.316531053812384111e-01 4.043606335782241046e-01 2.435748553778814274e-01 6.410047458385723651e-01 4.513376731122982766e-01 3.945045723475623656e-01 3.076602712278575513e-01 3.895878700895010760e-01 4.749344644726322673e-01 4.404514575284426692e-01 5.040107351125578949e-01 1.345643040049155914e-01 4.946838558493507065e-01 3.352894378532438324e-01 3.389181379568854680e-01 3.350150282876050434e-01 3.420576857471219201e-01 4.498332985094379288e-01 4.007054219267532913e-01 3.309136533050304751e-01 4.224624344466049175e-01 7.055039925975762349e-01 5.569507050120280356e-01 2.327756812459080837e-01 2.563950546096894212e-01 3.729831067928136568e-01 4.691982568163670653e-01 2.458906774213690527e-01 3.576628969074613917e-01 3.989341678419143777e-01 4.268415617551022945e-01 3.416497031761341896e-01 4.748668492556042398e-01 4.491065222831756576e-01 4.085051908230145079e-01 4.094274319853016819e-01 8.116570719656590605e-02 3.550397832970127454e-01 3.188558293478682693e-01 4.772765666083402247e-01 3.706238760356175277e-01
3.378355526875573833e-01 8.585501714386429839e-01 8.125022358342489648e-01 8.016608146925476852e-01 0.000000000000000000e+00 5.236177201268379378e-01 6.125269908317494405e-01 6.113059505016433803e-01 7.080441853598287150e-01 4.990712593180436363e-01 5.019917025636601027e-01 6.006079496933985906e-01 1.859045584532111606e-01 3.824776774555015413e-01 8.454034869319032586e-01 5.694019293523280290e-01 6.746021339024856900e-01 5.003140335064858446e-01 8.041998648685296791e-01 5.050097418956366324e-01 6.871822206697404400e-01 3.745843204798099402e-01 6.906356396783770446e-01 7.441218415917800755e-01 4.835331332200817900e-01 4.672071706039479522e-01 4.064048497565526663e-01 4.680780195805204769e-01 5.516259926841448058e-01 8.230896001441975196e-01 1.022445244983031798e-01 2.552642783297293660e-01 6.643634437694252437e-01 5.519159560541987419e-01 6.342666351715651185e-01 4.131728009435942650e-01 6.996135823694858979e-01 4.473287388827461020e-01 4.924576563709941457e-01 4.937044956336185675e-01 7.800962188553279830e-01 4.392977434617031385e-01 4.182715260696084347e-01 7.732488450161604243e-01 8.315063178609443106e-01 7.297618337839739677e-01 7.330906217365693589e-01 6.727159440451255801e-01 3.267442015527567412e-01 7.179212318864672815e-01
3.232801363236665337e-01 3.429649960117123753e-01 3.808623175471635980e-01 4.312186678198902112e-01 5.236177201268379378e-01 0.000000000000000000e+00 4.234462034015900600e-01 4.834875295101620507e-01 2.456716215597340713e-01 2.334829551338473141e-01 3.054265473980126711e-01 2.084286973583270031e-01 3.606218014873510125e-01 1.709047466739330723e-01 3.517052283747055808e-01 1.587051685449059057e-01 1.581830648525546223e-01 3.844196990537948611e-01 2.874292656075671526e-01 3.341285595055130675e-01 3.214476025686346383e-01 2.008551020436896428e-01 2.549315387072237371e-01 2.820659921198293563e-01 1.572843025422012153e-01 2.364324562954022158e-01 2.755737161358343679e-01 1.234365914010000509e-01 1.055778473953610519e-01 3.137544702274933095e-01 4.314276009793134858e-01 2.683534417971084052e-01 2.733714149590026898e-01 2.251415567464091771e-01 1.496114750013439743e-01 3.074368499286114220e-01 2.892923764931455421e-01 2.347440971347960204e-01 3.247289133395682703e-01 2.683099757388261453e-01 2.876079052493201171e-01 8.431997666513464662e-02 3.489696290558873537e-01 2.586320315277420012e-01 3.595206947008782739e-01 3.569466020678424001e-01 3.021503288057135750e-01 2.057057690237658332e-01 2.472152428472013941e-01 2.061167004987264906e-01
2.857678639479957483e-01 6.792894543779655070e-01 5.588886549356569811e-01 5.819777894178665978e-01 6.125269908317494405e-01 4.234462034015900600e-01 0.000000000000000000e+00 4.609328901248861410e-01 4.691914246048080606e-01 2.290801491661476896e-01 3.640560248154606215e-01 4.371570542286428163e-01 4.399777134352991781e-01 3.975063379574311218e-01 6.052752270977377336e-01 3.317923747731766904e-01 5.177459577435433724e-01 3.555666293192460969e-01 6.060556026289558584e-01 1.382885052693365868e-01 4.604584221479935957e-01 2.840851130190917839e-01 4.521628210853284591e-01 5.698533977072870460e-01 3.969168230900723682e-01 2.567398233637024352e-01 3.842209842360380656e-01 3.059134714194165494e-01 4.694069475770182298e-01 6.120640202530256424e-01 5.134225985161310346e-01 3.659483699156190206e-01 4.200918171131219347e-01 3.406249170605614718e-01 4.274326106759820942e-01 2.040838201008718655e-01 4.815142862755348308e-01 3.604728714503060427e-01 3.172485559931605414e-01 1.551362276627639147e-01 5.463808403574041961e-01 3.710701598075661356e-01 3.238380803165258337e-01 6.005749446329351482e-01 6.272052061265275258e-01 5.214869973604853159e-01 4.794770408379775972e-01 5.305682797215264257e-01 3.780870685524412855e-01 5.195015856852447378e-01
2.734703978140859415e-01 6.685825405497465290e-01 5.847547700376410917e-01 5.587415616241551142e-01 6.113059505016433803e-01 4.834875295101620507e-01 4.609328901248861410e-01 0.000000000000000000e+00 4.868243491089967456e-01 3.623044501918511462e-01 2.249490070004555031e-01 3.893847725848059160e-01 4.503448124713592682e-01 3.562828028189345964e-01 6.074462048211602960e-01 3.764905818940796345e-01 5.337339340889242223e-01 1.428528285131755171e-01 6.468337708135920572e-01 3.592552248551070804e-01 4.381343720183688561e-01 3.822795157280416412e-01 4.855757116046673927e-01 5.422350543265732625e-01 3.429038759955878590e-01 2.470550732147597794e-01 2.558726555135328873e-01 3.752480874763928220e-01 4.153940004825338317e-01 6.297874938780653187e-01 5.122015581860250855e-01 3.745951599996725223e-01 4.265737474488144887e-01 3.023785360750569362e-01 4.721308177968851494e-01 2.992454457436555249e-01 4.720386663562849971e-01 2.833720738519783233e-01 1.598073937822404589e-01 3.167513523750344895e-01 5.545913356497322866e-01 4.350694643210002988e-01 2.014869690993137952e-01 5.952608585956499221e-01 6.236671031899007067e-01 4.950059368423623263e-01 5.053431559399612638e-01 4.823703146256523855e-01 3.228729327609453637e-01 5.641997928061478484e-01
3.838637656927673114e-01 2.435067930419978210e-01 2.447880587174846301e-01 3.210275216470413473e-01 7.080441853598287150e-01 2.456716215597340713e-01 4.691914246048080606e-01 4.868243491089967456e-01 0.000000000000000000e+00 3.027551053456594699e-01 3.393019282056328745e-01 2.082114813247107066e-01 5.412167646901240303e-01 4.025891365615547057e-01 1.611795654839228153e-01 1.569715450631902209e-01 1.522935470957128279e-01 3.949262027361610250e-01 1.640390660107792775e-01 3.912243702994996353e-01 1.877279130396658502e-01 3.474090536793439932e-01 1.324098836419661251e-01 1.379268857249767999e-01 2.916891264038701803e-01 2.529795549422290679e-01 3.933061126823821918e-01 2.399661657793080161e-01 2.796760330992075216e-01 1.531862069633502244e-01 6.158540662123039855e-01 4.580111106843920421e-01 1.031961318872726963e-01 1.965484939089530148e-01 9.606014655839005545e-02 3.675202267167409498e-01 1.116157496683577582e-01 3.011357110804055437e-01 3.270169553267562312e-01 3.140551969420441458e-01 9.008686712031524491e-02 3.149380796529345772e-01 3.690982605467043043e-01 1.681374905803574571e-01 1.840711889842279458e-01 2.587878309770690888e-01 1.755667297843291896e-01 1.769995918402385016e-01 4.247741190329302197e-01 8.780299510611733194e-02
2.261699131529649187e-01 5.012469040908951179e-01 3.924523356765086124e-01 4.316531053812384111e-01 4.990712593180436363e-01 2.334829551338473141e-01 2.290801491661476896e-01 3.623044501918511462e-01 3.027551053456594699e-01 0.000000000000000000e+00 2.423849883835110242e-01 2.883862317352263172e-01 3.288132316492119456e-01 2.221711415648085219e-01 4.447447702694589111e-01 1.537498244861062457e-01 3.352184758392509067e-01 2.590180306936945009e-01 4.280130523418856914e-01 1.416462235726302643e-01 3.059961288121480494e-01 1.317422009226540403e-01 2.801312250778024149e-01 4.106491323431121776e-01 2.513767422983148592e-01 1.216443358701046057e-01 3.111742379086374632e-01 1.158969103152355795e-01 3.230894513520424227e-01 4.340214699659547537e-01 4.068811401705192399e-01 2.492739982975858692e-01 2.605421323336234996e-01 1.918540945671449172e-01 2.493900603889117606e-01 1.561104348112494211e-01 3.257040681341184518e-01 2.227005614191382987e-01 2.172769553783185370e-01 9.255434470417354953e-02 3.849996643855877476e-01 1.956359798671762629e-01 2.272894816909741822e-01 4.225323943458650366e-01 4.666747492982489254e-01 3.717426276844483790e-01 3.130407215788290065e-01 3.817974572281100376e-01 2.631423773815281808e-01 3.414590353981743487e-01
2.242398135893484967e-01 5.005521380352661032e-01 4.372323491342771096e-01 4.043606335782241046e-01 5.019917025636601027e-01 3.054265473980126711e-01 3.640560248154606215e-01 2.249490070004555031e-01 3.393019282056328745e-01 2.423849883835110242e-01 0.000000000000000000e+00 2.213543700703254902e-01 3.511493638377019000e-01 1.695395005226967011e-01 4.557871334656740103e-01 2.378642188026380833e-01 3.551321947237361942e-01 1.432611019695102239e-01 4.978966157954172189e-01 2.731118115185333650e-01 2.846521331248810793e-01 3.103011469443187065e-01 3.380532907013035215e-01 3.742046518120928367e-01 1.637941162717917454e-01 1.207406525134064046e-01 1.142422666451805707e-01 2.390221254877396007e-01 2.362842407587376625e-01 4.808503388598904804e-01 4.058348804686886524e-01 2.572815928831402865e-01 2.774683709644842344e-01 1.481426093476531369e-01 3.335044547054436537e-01 2.287451686900482395e-01 3.182693498822591338e-01 8.899074995210443095e-02 8.877944025251797988e-02 2.198744870656090811e-01 4.029322642942459454e-01 2.483261620247623758e-01 1.497175855229651575e-01 4.272304560811694962e-01 4.556367006754202253e-01 3.335419568000058677e-01 3.578207350365975037e-01 3.143399121111720151e-01 1.787294724007301994e-01 4.255734297147061307e-01
3.109475879889784800e-01 2.791977679649405575e-01 3.324969915182975910e-01 2.435748553778814274e-01 6.006079496933985906e-01 2.084286973583270031e-01 4.371570542286428163e-01 3.893847725848059160e-01 2.082114813247107066e-01 2.883862317352263172e-01 2.213543700703254902e-01 0.000000000000000000e+00 4.497656109674401104e-01 2.449066275932385572e-01 2.538879123288617090e-01 1.849390400880592811e-01 1.512188264123439096e-01 3.055776754332832357e-01 2.857485743606121287e-01 3.591899999233345575e-01 1.348765985338863660e-01 3.564305256835488267e-01 2.338294155721145906e-01 1.528502817417673187e-01 1.227003033898342310e-01 1.921665556930225449e-01 2.630041840127401720e-01 2.632420620602074490e-01 1.064858332234019656e-01 2.918067615468875053e-01 5.044511275984269183e-01 3.558978400128785524e-01 1.489167749733221191e-01 9.653213716808131672e-02 2.223783283361706054e-01 3.154529430896781950e-01 1.015098313624081122e-01 1.656336852816408522e-01 2.295773788025654016e-01 2.820208265658789570e-01 2.103408210582465299e-01 2.602240942182913463e-01 2.797497332438265705e-01 2.063979889479220786e-01 2.342823306050946797e-01 1.672632187849721896e-01 2.535797610158835869e-01 9.771503836596030779e-02 2.762237016091907971e-01 2.267296588844376071e-01
1.803481130112443154e-01 6.978839407423660379e-01 6.447122850026029139e-01 6.410047458385723651e-01 1.859045584532111606e-01 3.606218014873510125e-01 4.399777134352991781e-01 4.503448124713592682e-01 5.412167646901240303e-01 3.288132316492119456e-01 3.511493638377019000e-01 4.497656109674401104e-01 0.000000000000000000e+00 2.239473707073385833e-01 6.785760662621987960e-01 4.025745086826232333e-01 5.133669301366780013e-01 3.393528954762017324e-01 6.373724441988253275e-01 3.308045144701785567e-01 5.196384793803073832e-01 2.043262928109782495e-01 5.238082190086722489e-01 5.932795028658213177e-01 3.326907944941235873e-01 2.994172197723021234e-01 2.555625110305944636e-01 3.012505989108159032e-01 3.987226647207014474e-01 6.562621794744929460e-01 1.057926475727752336e-01 1.027881928299831521e-01 4.965734929377793039e-01 3.909071110999118859e-01 4.674392145018602673e-01 2.388459511309937444e-01 5.487712436435272512e-01 2.964864001567878438e-01 3.296251524170603631e-01 3.234809799323387081e-01 6.132687981856235204e-01 2.763018248222163797e-01 2.640109496167737380e-01 6.126067680548278327e-01 6.806639791349855528e-01 5.789194950580158761e-01 5.653006709049233081e-01 5.218419251928695379e-01 1.759018628267984830e-01 5.510938112167627079e-01
1.691861119404259040e-01 4.791451597771563820e-01 5.075511111278644405e-01 4.513376731122982766e-01 3.824776774555015413e-01 1.709047466739330723e-01 3.975063379574311218e-01 3.562828028189345964e-01 4.025891365615547057e-01 2.221711415648085219e-01 1.695395005226967011e-01 2.449066275932385572e-01 2.239473707073385833e-01 0.000000000000000000e+00 4.953983802339660403e-01 2.691343007906257800e-01 2.988595776018969641e-01 2.530942251581939084e-01 4.491521406543258488e-01 2.970848486147069645e-01 3.368590790894905873e-01 1.437450266390593590e-01 3.902973752969947641e-01 3.764684650567263202e-01 1.247734893618084318e-01 2.088824590533910897e-01 1.313578073135351076e-01 1.677397551991382796e-01 1.759344944332899841e-01 4.754773452742521722e-01 2.882436527426442963e-01 1.282141382937022345e-01 3.376240232628011650e-01 2.060828759775530372e-01 3.113343500481027259e-01 2.407592448714943878e-01 3.439122602693257535e-01 1.014956588061005222e-01 2.383690872708061903e-01 2.849343657064089541e-01 4.493307802960788688e-01 8.908839455676345609e-02 1.962550090806542691e-01 3.950867061726571206e-01 4.672125492150239756e-01 3.794386922037246146e-01 4.281394970301847791e-01 3.008583879937352101e-01 7.922942061072899000e-02 3.678395755454852978e-01
5.143153792122860946e-01 1.610139960883811283e-01 3.960581526167710198e-01 3.945045723475623656e-01 8.454034869319032586e-01 3.517052283747055808e-01 6.052752270977377336e-01 6.074462048211602960e-01 1.611795654839228153e-01 4.447447702694589111e-01 4.557871334656740103e-01 2.538879123288617090e-01 6.785760662621987960e-01 4.953983802339660403e-01 0.000000000000000000e+00 3.019776369385713255e-01 2.255713969619844994e-01 5.211767010576637826e-01 1.764829248137871898e-01 5.273081727924292528e-01 2.639640785969090686e-01 4.847683552514184258e-01 2.842304487183951456e-01 1.274250587726331596e-01 3.761590156598042523e-01 3.831903058398262729e-01 5.066597618848183160e-01 3.773254673513824486e-01 3.264668817798269118e-01 1.040117155681303113e-01 7.512930841281562078e-01 5.953704122564665857e-01 1.869548826677628617e-01 3.099021431113891945e-01 2.144422463386503885e-01 4.991780054344865936e-01 1.601544800038024741e-01 4.144893602828417789e-01 4.476388110389197261e-01 4.501389994349737078e-01 8.446307523007368090e-02 4.342509328073283492e-01 4.953487588682071729e-01 1.781299572944177456e-01 8.313547962175046879e-02 3.322648816775899960e-01 3.233536142066752439e-01 2.022255033213309627e-01 5.301116139380523951e-01 1.514698539662428234e-01
2.603197194298578210e-01 3.474970796047887056e-01 2.532696437653588206e-01 3.076602712278575513e-01 5.694019293523280290e-01 1.587051685449059057e-01 3.317923747731766904e-01 3.764905818940796345e-01 1.569715450631902209e-01 1.537498244861062457e-01 2.378642188026380833e-01 1.849390400880592811e-01 4.025745086826232333e-01 2.691343007906257800e-01 3.019776369385713255e-01 0.000000000000000000e+00 1.859535829703668763e-01 2.774227514377123338e-01 2.742632278557793901e-01 2.538253204678682096e-01 1.820032946587671341e-01 2.070976742467860732e-01 1.292580698004835715e-01 2.803419571766983531e-01 2.072633522188636335e-01 1.294355086793197718e-01 2.988577235921014430e-01 1.098475693187930674e-01 2.262425376548900524e-01 2.802716454798486745e-01 4.772118102048035215e-01 3.193688546768915226e-01 1.312442099945641816e-01 1.106036460777552327e-01 9.564023590280554266e-02 2.354219972227239999e-01 2.012242659327912742e-01 2.066873219901249337e-01 2.231658851247252384e-01 1.766561471104126924e-01 2.366703688619961887e-01 1.964920224266120674e-01 2.496026360151713530e-01 2.687825698597587354e-01 3.363675741318350454e-01 2.479500625420258397e-01 1.745576550239087699e-01 2.627161223590132599e-01 3.271355383815650608e-01 1.877092109120680197e-01
4.454712495602020095e-01 1.859896560055044057e-01 3.673377463302907042e-01 3.895878700895010760e-01 6.746021339024856900e-01 1.581830648525546223e-01 5.177459577435433724e-01 5.337339340889242223e-01 1.522935470957128279e-01 3.352184758392509067e-01 3.551321947237361942e-01 1.512188264123439096e-01 5.133669301366780013e-01 2.988595776018969641e-01 2.255713969619844994e-01 1.859535829703668763e-01 0.000000000000000000e+00 4.499268369374015419e-01 1.513852529845790829e-01 4.397789034382350581e-01 2.754487012915922128e-01 3.431105014618480720e-01 2.403188479248667409e-01 1.354479289572988743e-01 2.277645147773738332e-01 3.153890916496866481e-01 3.665999474348475284e-01 2.375951381295009490e-01 1.313521918353413864e-01 1.824560587602242490e-01 5.823390274997040095e-01 4.193378555727559909e-01 2.261352308218529672e-01 2.429730416834048889e-01 1.052696060302901471e-01 4.213755801930908484e-01 1.688330662951462169e-01 2.844497444605196268e-01 3.739265403066837079e-01 3.626097300807795132e-01 1.663470359509420238e-01 2.392896316578063398e-01 4.240988947479448212e-01 1.004489666751873927e-01 2.031753967381009773e-01 3.136159785520796217e-01 3.010594848380975797e-01 8.010824265323410187e-02 3.628940212340843741e-01 7.897450511008462237e-02
1.624784808189284058e-01 5.847754433982239597e-01 4.901203664730800491e-01 4.749344644726322673e-01 5.003140335064858446e-01 3.844196990537948611e-01 3.555666293192460969e-01 1.428528285131755171e-01 3.949262027361610250e-01 2.590180306936945009e-01 1.432611019695102239e-01 3.055776754332832357e-01 3.393528954762017324e-01 2.530942251581939084e-01 5.211767010576637826e-01 2.774227514377123338e-01 4.499268369374015419e-01 0.000000000000000000e+00 5.516859792934918350e-01 2.538889640494670363e-01 3.543272748668462313e-01 2.764889504437437751e-01 3.909413080401064611e-01 4.584279571750505267e-01 2.590967788440651787e-01 1.479872427583926175e-01 1.407239722952030037e-01 2.733869845713866042e-01 3.315869033310112068e-01 5.390219416131345476e-01 4.012096411908676608e-01 2.635456828787025585e-01 3.389478431088200905e-01 2.185714389235343669e-01 3.730629873405177932e-01 1.938791849380155363e-01 3.857691625927886503e-01 1.858686159940040050e-01 8.817852059089063832e-02 2.113850915693945010e-01 4.676193099224292271e-01 3.375660064630260360e-01 8.926492473169708730e-02 5.114537614441272417e-01 5.378330460930972334e-01 4.111988396908397014e-01 4.107087523754003877e-01 3.985632174741297051e-01 2.011733852371903886e-01 4.651319623497804923e-01
5.345829472856372666e-01 1.424513183381988513e-01 4.079622808974624482e-01 4.404514575284426692e-01 8.041998648685296791e-01 2.874292656075671526e-01 6.060556026289558584e-01 6.468337708135920572e-01 1.640390660107792775e-01 4.280130523418856914e-01 4.978966157954172189e-01 2.857485743606121287e-01 6.373724441988253275e-01 4.491521406543258488e-01 1.764829248137871898e-01 2.742632278557793901e-01 1.513852529845790829e-01 5.516859792934918350e-01 0.000000000000000000e+00 5.280885483236474887e-01 3.098487891531967464e-01 4.492540550341719285e-01 2.914692910135089354e-01 1.684779803582135971e-01 3.746203774801947217e-01 4.036987365350991896e-01 5.167790266002170174e-01 3.426069299957106296e-01 2.815312710007107921e-01 1.059137785911372504e-01 7.120097457210049496e-01 5.495919832492668355e-01 2.242622061813122347e-01 3.520116254411324030e-01 1.797000159794470697e-01 5.096852250785034455e-01 2.098940435113727521e-01 4.313056071633404320e-01 4.870263770313514873e-01 4.509193749661921102e-01 1.441591979514784405e-01 3.699749700401897545e-01 5.238658638709506876e-01 8.827647327568177715e-02 1.496728336861552766e-01 3.782117668584704107e-01 3.396057957951085782e-01 1.903121710785999621e-01 5.130731003994538630e-01 8.762777355419092140e-02
1.782506150118831345e-01 6.013224000726571372e-01 4.809216006303487778e-01 5.040107351125578949e-01 5.050097418956366324e-01 3.341285595055130675e-01 1.382885052693365868e-01 3.592552248551070804e-01 3.912243702994996353e-01 1.416462235726302643e-01 2.731118115185333650e-01 3.591899999233345575e-01 3.308045144701785567e-01 2.970848486147069645e-01 5.273081727924292528e-01 2.538253204678682096e-01 4.397789034382350581e-01 2.538889640494670363e-01 5.280885483236474887e-01 0.000000000000000000e+00 3.824913678426851704e-01 1.760476462620979565e-01 3.741957667800199783e-01 4.918863434019786762e-01 3.157517119020205043e-01 1.691305978021387380e-01 2.767037352999254241e-01 2.269280258832572228e-01 3.882418363889664770e-01 5.340969659477169396e-01 4.059053495800184486e-01 2.565120509333558840e-01 3.421247628078135095e-01 2.626578627552531575e-01 3.494655563706736690e-01 9.444490525062447517e-02 4.035472319702264055e-01 2.695286581533787862e-01 2.263043426962332016e-01 8.481501492332181591e-02 4.684137860520957153e-01 2.706486704648420893e-01 2.221604150467468008e-01 5.226078903276267784e-01 5.492381518212192670e-01 4.435199430551770572e-01 4.015099865326691164e-01 4.523741621474604013e-01 2.705698196163285885e-01 4.415345313799363680e-01
3.508527712560745027e-01 3.384558262356749947e-01 3.006574051920513080e-01 1.345643040049155914e-01 6.871822206697404400e-01 3.214476025686346383e-01 4.604584221479935957e-01 4.381343720183688561e-01 1.877279130396658502e-01 3.059961288121480494e-01 2.846521331248810793e-01 1.348765985338863660e-01 5.196384793803073832e-01 3.368590790894905873e-01 2.639640785969090686e-01 1.820032946587671341e-01 2.754487012915922128e-01 3.543272748668462313e-01 3.098487891531967464e-01 3.824913678426851704e-01 0.000000000000000000e+00 3.690268792802602893e-01 2.019898292458682798e-01 2.129195830813142010e-01 2.252439630363494705e-01 2.206914192888572157e-01 3.324491125090560106e-01 2.750484453576628741e-01 2.211425880537749022e-01 2.918597660713588282e-01 5.883240378963350281e-01 4.424721109892202353e-01 9.947607263853253112e-02 1.365095237772278869e-01 2.447037118489069629e-01 3.478319903581025274e-01 1.208300489827785484e-01 2.402787109070794458e-01 2.783269782361283418e-01 3.053221944852296810e-01 2.111092094254809204e-01 3.610439337759147049e-01 3.284993326773895661e-01 2.835637281627190198e-01 2.802217718468390517e-01 8.368565785923072486e-02 2.217401746896372483e-01 2.033873206636625797e-01 3.627979725855324800e-01 2.400212076603715494e-01
1.314146355486595086e-01 5.158214911222122057e-01 4.554830861446207968e-01 4.946838558493507065e-01 3.745843204798099402e-01 2.008551020436896428e-01 2.840851130190917839e-01 3.822795157280416412e-01 3.474090536793439932e-01 1.317422009226540403e-01 3.103011469443187065e-01 3.564305256835488267e-01 2.043262928109782495e-01 1.437450266390593590e-01 4.847683552514184258e-01 2.070976742467860732e-01 3.431105014618480720e-01 2.764889504437437751e-01 4.492540550341719285e-01 1.760476462620979565e-01 3.690268792802602893e-01 0.000000000000000000e+00 3.300005079978923228e-01 4.736798828112245285e-01 2.685185160008677352e-01 1.991700342420197334e-01 2.283369345925165828e-01 1.074428879000359355e-01 2.978181904274181946e-01 4.624544684637127423e-01 2.823942013322855438e-01 1.247870594593521454e-01 3.235728828017358505e-01 2.598983885154674822e-01 2.736315034910802857e-01 1.079698730471237156e-01 3.887348186022307472e-01 2.428760946558154443e-01 2.592792465671957536e-01 1.821215752063469751e-01 4.194610871748433167e-01 1.373752130030185814e-01 2.142877958787468007e-01 4.357171016788813911e-01 5.253549407743206556e-01 4.349736471635189949e-01 3.760714720469411909e-01 4.028552675422855667e-01 1.448878741884233323e-01 3.628019967167261939e-01
3.754242658664329602e-01 3.693868910070428058e-01 1.324363198757080862e-01 3.352894378532438324e-01 6.906356396783770446e-01 2.549315387072237371e-01 4.521628210853284591e-01 4.855757116046673927e-01 1.324098836419661251e-01 2.801312250778024149e-01 3.380532907013035215e-01 2.338294155721145906e-01 5.238082190086722489e-01 3.902973752969947641e-01 2.842304487183951456e-01 1.292580698004835715e-01 2.403188479248667409e-01 3.909413080401064611e-01 2.914692910135089354e-01 3.741957667800199783e-01 2.019898292458682798e-01 3.300005079978923228e-01 0.000000000000000000e+00 2.541344522782848503e-01 2.991884492151643538e-01 2.445400551158949387e-01 3.990467954907668813e-01 2.262094782245561708e-01 3.058003921689221305e-01 2.842568311383120161e-01 5.984455205308525372e-01 4.406025650029404273e-01 1.280285755331078412e-01 2.040478167202471327e-01 1.380334397866499474e-01 3.557924435348758241e-01 2.059753045631923241e-01 3.068763938887903442e-01 3.257683178224268783e-01 2.970265934225644888e-01 2.205265201328191482e-01 3.076061600241939975e-01 3.646520864332504774e-01 2.939288671471312897e-01 3.065200386916782094e-01 2.730497471832715184e-01 8.100185358343572894e-02 2.836190938014486740e-01 4.305148018413150757e-01 2.091358952835400964e-01
4.637978697307458820e-01 1.352472637022163748e-01 3.630663721328981075e-01 3.389181379568854680e-01 7.441218415917800755e-01 2.820659921198293563e-01 5.698533977072870460e-01 5.422350543265732625e-01 1.379268857249767999e-01 4.106491323431121776e-01 3.742046518120928367e-01 1.528502817417673187e-01 5.932795028658213177e-01 3.764684650567263202e-01 1.274250587726331596e-01 2.803419571766983531e-01 1.354479289572988743e-01 4.584279571750505267e-01 1.684779803582135971e-01 4.918863434019786762e-01 2.129195830813142010e-01 4.736798828112245285e-01 2.541344522782848503e-01 0.000000000000000000e+00 2.605887083716978969e-01 3.393814959006009602e-01 4.113810866372619168e-01 3.703891766222850435e-01 2.049916277173153556e-01 1.858562868441596683e-01 6.479650194968081811e-01 4.988280909150918374e-01 1.520222608201542702e-01 2.484644502665577792e-01 2.156698137790725445e-01 4.634372318975419902e-01 9.302746053551647076e-02 3.160645880976101774e-01 3.824276605443326926e-01 4.147171700445231868e-01 1.020384535800359371e-01 3.546449318060632683e-01 4.326000149855938059e-01 8.312476952764476235e-02 9.190521181824673480e-02 2.734984393123476298e-01 2.897929266344157484e-01 8.075024925881958693e-02 4.189437572904420870e-01 1.466146794497624750e-01
2.334807347308778536e-01 3.830203448222700979e-01 3.983675076481379418e-01 3.350150282876050434e-01 4.835331332200817900e-01 1.572843025422012153e-01 3.969168230900723682e-01 3.429038759955878590e-01 2.916891264038701803e-01 2.513767422983148592e-01 1.637941162717917454e-01 1.227003033898342310e-01 3.326907944941235873e-01 1.247734893618084318e-01 3.761590156598042523e-01 2.072633522188636335e-01 2.277645147773738332e-01 2.590967788440651787e-01 3.746203774801947217e-01 3.157517119020205043e-01 2.252439630363494705e-01 2.685185160008677352e-01 2.991884492151643538e-01 2.605887083716978969e-01 0.000000000000000000e+00 1.493195846625633982e-01 1.513839663567282667e-01 2.267354090946801237e-01 1.046308861145486269e-01 4.060311219491021251e-01 3.873763111251104507e-01 2.382393825433939405e-01 2.267240131051166951e-01 1.018449642591246623e-01 2.882467726553661347e-01 2.713850690735353233e-01 2.217059360659213718e-01 9.291605863935945009e-02 1.830964822133474001e-01 2.417805954273084534e-01 3.311484353941051562e-01 1.400909559868611376e-01 2.280053455255763306e-01 3.082629001787773326e-01 3.479731846408621321e-01 2.630391465521557670e-01 3.189558935504583359e-01 1.962410318260942033e-01 1.583550489187442456e-01 3.067390198874584972e-01
1.311250733724598494e-01 4.646001151844058596e-01 3.455359278522225908e-01 3.420576857471219201e-01 4.672071706039479522e-01 2.364324562954022158e-01 2.567398233637024352e-01 2.470550732147597794e-01 2.529795549422290679e-01 1.216443358701046057e-01 1.207406525134064046e-01 1.921665556930225449e-01 2.994172197723021234e-01 2.088824590533910897e-01 3.831903058398262729e-01 1.294355086793197718e-01 3.153890916496866481e-01 1.479872427583926175e-01 4.036987365350991896e-01 1.691305978021387380e-01 2.206914192888572157e-01 1.991700342420197334e-01 2.445400551158949387e-01 3.393814959006009602e-01 1.493195846625633982e-01 0.000000000000000000e+00 1.960476036091432783e-01 1.281930142616329871e-01 2.218097091495093431e-01 3.971194814551129992e-01 3.681027782883296573e-01 2.312914404341882557e-01 1.972815404255299221e-01 9.844170440188014515e-02 2.250757445821253144e-01 1.278065793358716395e-01 2.510423844688485784e-01 1.073868002472905675e-01 9.578504296093362513e-02 1.016035957009385343e-01 3.259530072391391142e-01 2.138277032215171736e-01 1.201671273358515396e-01 3.980426417038664955e-01 4.014869085615584976e-01 2.815668936897409713e-01 2.661243137545429849e-01 2.851520977338690144e-01 2.260771710082219998e-01 3.171447195913878470e-01
1.120755969696705656e-01 5.338127230878340068e-01 4.982258539237404693e-01 4.498332985094379288e-01 4.064048497565526663e-01 2.755737161358343679e-01 3.842209842360380656e-01 2.558726555135328873e-01 3.933061126823821918e-01 3.111742379086374632e-01 1.142422666451805707e-01 2.630041840127401720e-01 2.555625110305944636e-01 1.313578073135351076e-01 5.066597618848183160e-01 2.988577235921014430e-01 3.665999474348475284e-01 1.407239722952030037e-01 5.167790266002170174e-01 2.767037352999254241e-01 3.324491125090560106e-01 2.283369345925165828e-01 3.990467954907668813e-01 4.113810866372619168e-01 1.513839663567282667e-01 1.960476036091432783e-01 0.000000000000000000e+00 2.987233140767868722e-01 2.352477555995061420e-01 5.317229672790345640e-01 3.102480276615812715e-01 1.616947400760329057e-01 3.283409993836285401e-01 1.967576187734290660e-01 3.944979594949069024e-01 1.982122064118903293e-01 3.599191638246737046e-01 9.737049873109929199e-02 1.683116590520392364e-01 2.552065365335056124e-01 4.538048927133901400e-01 2.150820990326399729e-01 8.388475621766328105e-02 4.536111055853949692e-01 4.964128909536731360e-01 3.790146217312198029e-01 4.188142398260608079e-01 3.467334304856920513e-01 8.344906040409326431e-02 4.455744525449321647e-01
2.388575234486954579e-01 4.097781780194004186e-01 3.519572080808325287e-01 4.007054219267532913e-01 4.680780195805204769e-01 1.234365914010000509e-01 3.059134714194165494e-01 3.752480874763928220e-01 2.399661657793080161e-01 1.158969103152355795e-01 2.390221254877396007e-01 2.632420620602074490e-01 3.012505989108159032e-01 1.677397551991382796e-01 3.773254673513824486e-01 1.098475693187930674e-01 2.375951381295009490e-01 2.733869845713866042e-01 3.426069299957106296e-01 2.269280258832572228e-01 2.750484453576628741e-01 1.074428879000359355e-01 2.262094782245561708e-01 3.703891766222850435e-01 2.267354090946801237e-01 1.281930142616329871e-01 2.987233140767868722e-01 0.000000000000000000e+00 2.290144387963611028e-01 3.550115805636768762e-01 3.758879004329961360e-01 2.180449449050840538e-01 2.295944488791384352e-01 1.667099248921261323e-01 1.661886155910443919e-01 2.056825494493658979e-01 2.947563846796333320e-01 2.079281365984606833e-01 2.239780572225665844e-01 1.507772437566525514e-01 3.120181992748073951e-01 8.664445310781898613e-02 2.416584355686662855e-01 3.296737885760695486e-01 4.179120528742847340e-01 3.409952132409215797e-01 2.732452193393825057e-01 3.079409746778360435e-01 2.258116286097576197e-01 2.560529130519992869e-01
3.141190577248606508e-01 3.069241787544977895e-01 4.136302247727743908e-01 3.309136533050304751e-01 5.516259926841448058e-01 1.055778473953610519e-01 4.694069475770182298e-01 4.153940004825338317e-01 2.796760330992075216e-01 3.230894513520424227e-01 2.362842407587376625e-01 1.064858332234019656e-01 3.987226647207014474e-01 1.759344944332899841e-01 3.264668817798269118e-01 2.262425376548900524e-01 1.313521918353413864e-01 3.315869033310112068e-01 2.815312710007107921e-01 3.882418363889664770e-01 2.211425880537749022e-01 2.978181904274181946e-01 3.058003921689221305e-01 2.049916277173153556e-01 1.046308861145486269e-01 2.218097091495093431e-01 2.352477555995061420e-01 2.290144387963611028e-01 0.000000000000000000e+00 3.126020767763558750e-01 4.573919679712874498e-01 3.029894323070651541e-01 2.300500082277988634e-01 1.312353567848973668e-01 1.836158865408175078e-01 3.438751935604812959e-01 1.960281323792025243e-01 1.656017904955211228e-01 2.555866067002933173e-01 3.142707199142543151e-01 2.878118629878683721e-01 1.677713939436678015e-01 3.057589611415544861e-01 2.243062435847899827e-01 2.937117989101132309e-01 2.566415875529826640e-01 3.347129942703602201e-01 1.249238935604452261e-01 2.315418293987430709e-01 2.103266969454259949e-01
5.280036922056511317e-01 1.195099839579822631e-01 3.979742656808347712e-01 4.224624344466049175e-01 8.230896001441975196e-01 3.137544702274933095e-01 6.120640202530256424e-01 6.297874938780653187e-01 1.531862069633502244e-01 4.340214699659547537e-01 4.808503388598904804e-01 2.918067615468875053e-01 6.562621794744929460e-01 4.754773452742521722e-01 1.040117155681303113e-01 2.802716454798486745e-01 1.824560587602242490e-01 5.390219416131345476e-01 1.059137785911372504e-01 5.340969659477169396e-01 2.918597660713588282e-01 4.624544684637127423e-01 2.842568311383120161e-01 1.858562868441596683e-01 4.060311219491021251e-01 3.971194814551129992e-01 5.317229672790345640e-01 3.550115805636768762e-01 3.126020767763558750e-01 0.000000000000000000e+00 7.308994809966731232e-01 5.709511199959713679e-01 2.068206198759019177e-01 3.349653485056056645e-01 1.888229649726324566e-01 5.116601532296249921e-01 1.903531763255796594e-01 4.395525656770582490e-01 4.699801000958248043e-01 4.569277925902612281e-01 8.959283839610907019e-02 3.963001746601160780e-01 5.131939994236780489e-01 1.139728385525551752e-01 9.450626179824768436e-02 3.602227437766324925e-01 3.275226291780515830e-01 2.263045327851154198e-01 5.441439061750988904e-01 1.099557352479835770e-01
2.387311603719391440e-01 7.643161467257855168e-01 7.133978435186303368e-01 7.055039925975762349e-01 1.022445244983031798e-01 4.314276009793134858e-01 5.134225985161310346e-01 5.122015581860250855e-01 6.158540662123039855e-01 4.068811401705192399e-01 4.058348804686886524e-01 5.044511275984269183e-01 1.057926475727752336e-01 2.882436527426442963e-01 7.512930841281562078e-01 4.772118102048035215e-01 5.823390274997040095e-01 4.012096411908676608e-01 7.120097457210049496e-01 4.059053495800184486e-01 5.883240378963350281e-01 2.823942013322855438e-01 5.984455205308525372e-01 6.479650194968081811e-01 3.873763111251104507e-01 3.681027782883296573e-01 3.102480276615812715e-01 3.758879004329961360e-01 4.573919679712874498e-01 7.308994809966731232e-01 0.000000000000000000e+00 1.630741591822049974e-01 5.652590514538066158e-01 4.557591339592272361e-01 5.420765160240405001e-01 3.170279587983804714e-01 6.034567602745141146e-01 3.511719167877747072e-01 3.933532640553759618e-01 3.946001033180002726e-01 6.879060997078034756e-01 3.471076243141787421e-01 3.191671337539901399e-01 6.806267715316985933e-01 7.353494957659723053e-01 6.336050116890026285e-01 6.339862294209510640e-01 5.784819193322678910e-01 2.325101768398994684e-01 6.257311127389428851e-01
1.019198225177977285e-01 6.037410027153675696e-01 5.663502948592167296e-01 5.569507050120280356e-01 2.552642783297293660e-01 2.683534417971084052e-01 3.659483699156190206e-01 3.745951599996725223e-01 4.580111106843920421e-01 2.492739982975858692e-01 2.572815928831402865e-01 3.558978400128785524e-01 1.027881928299831521e-01 1.282141382937022345e-01 5.953704122564665857e-01 3.193688546768915226e-01 4.193378555727559909e-01 2.635456828787025585e-01 5.495919832492668355e-01 2.565120509333558840e-01 4.424721109892202353e-01 1.247870594593521454e-01 4.406025650029404273e-01 4.988280909150918374e-01 2.382393825433939405e-01 2.312914404341882557e-01 1.616947400760329057e-01 2.180449449050840538e-01 3.029894323070651541e-01 5.709511199959713679e-01 1.630741591822049974e-01 0.000000000000000000e+00 4.284477135996654917e-01 3.072058463736788703e-01 3.825911105711612414e-01 1.645534875941710717e-01 4.549034726889656932e-01 2.026186292022262858e-01 2.557468658690232877e-01 2.494516364126585783e-01 5.300631441798914212e-01 1.840334651319737169e-01 1.799848251806441257e-01 5.179845666864308917e-01 5.862125671842559615e-01 4.850517241034543736e-01 4.876383061177668177e-01 4.261086927792333001e-01 8.083535006860231853e-02 4.633133502672045489e-01
