0.000000000000000000e+00 5.447102232704940095e-01 4.483865066285448453e-01 4.509917656638872674e-01 3.612433679464139846e-01 3.184261716803897246e-01 2.578462414500173883e-01 3.803342194221513428e-01 3.100710545818191055e-01 2.215041818249205152e-01 2.130176160946461450e-01 1.944998806887241749e-01 1.797662103471111827e-01 2.156512172837976582e-01 4.609420995231411355e-01 1.546680929708973418e-01 2.653263195894482451e-01 4.552197493857144117e-01 1.550288514834248510e-01 3.799230026736344357e-01 3.216819676331337807e-01 4.812315745002818113e-01 1.235133489475291058e-01 2.514283677039959586e-01 1.233808506412026884e-01
5.447102232704940095e-01 0.000000000000000000e+00 4.544768245925139283e-01 4.203404867705680670e-01 4.121910544602089832e-01 8.285917913479611263e-01 6.582048340530121111e-01 2.403757217177887595e-01 2.633620559079344892e-01 6.628925125564919529e-01 4.770073639996472714e-01 4.483755565137271804e-01 6.809555776880992228e-01 4.791444236231859888e-01 1.648385839399064690e-01 5.330949157716621256e-01 3.324065705010793570e-01 1.619620691663230250e-01 5.701097304300590807e-01 2.899990179052305828e-01 3.088102242388706675e-01 1.293942091428633701e-01 4.920657214869527118e-01 3.580083193147524656e-01 4.679455647511081562e-01
4.483865066285448453e-01 4.544768245925139283e-01 0.000000000000000000e+00 4.215202836508919471e-01 4.191095936887884732e-01 7.538130201936452668e-01 5.611821440925649496e-01 2.425532405999583641e-01 3.360340590657454052e-01 5.669665704686436269e-01 3.799846740392007205e-01 4.014613347180973624e-01 6.135016076228628767e-01 4.346969399849471283e-01 3.689282712136596198e-01 4.582277290281538962e-01 2.116782502230510898e-01 3.918707001688400138e-01 4.730870404696123632e-01 3.378496344968062171e-01 2.922104856201383494e-01 3.698491752733264470e-01 4.254231679687495160e-01 3.090584868467163848e-01 3.743560199216495188e-01
4.509917656638872674e-01 4.203404867705680670e-01 4.215202836508919471e-01 0.000000000000000000e+00 4.510005975658718524e-01 7.564182792289877444e-01 5.644863764464052025e-01 3.538111548112801152e-01 2.283472156561956734e-01 5.691740549498853774e-01 3.832889063930408069e-01 3.829295397202192031e-01 6.161068666582054654e-01 4.505525554878807015e-01 3.533879261780071834e-01 4.415865238232392076e-01 2.636652866836872722e-01 3.370032334042800115e-01 4.763912728234523941e-01 3.926656207774064655e-01 1.300935675862449903e-01 3.896693144372506135e-01 4.287274003225895469e-01 3.378067352201599705e-01 3.742271071445016917e-01
3.612433679464139846e-01 4.121910544602089832e-01 4.191095936887884732e-01 4.510005975658718524e-01 0.000000000000000000e+00 5.793471217857917299e-01 4.617827119126342028e-01 2.556799436539916037e-01 2.294366664591337424e-01 4.641380707644874315e-01 2.685199204908258475e-01 1.998857698970343266e-01 4.310090309344194459e-01 1.709587601035223448e-01 3.970501412024023402e-01 3.130292546900698136e-01 2.308259746015699221e-01 2.525207116151844677e-01 3.523303788113377744e-01 1.494664419814013268e-01 3.361969635781436594e-01 3.504887446220256719e-01 2.553183162151789753e-01 1.321981850686067828e-01 2.696112560690313575e-01
3.184261716803897246e-01 8.285917913479611263e-01 7.538130201936452668e-01 7.564182792289877444e-01 5.793471217857917299e-01 0.000000000000000000e+00 5.363941079602490003e-01 6.162123088451284536e-01 6.158511219456173080e-01 5.370767505107395534e-01 4.694877270680997139e-01 4.673230472758190257e-01 1.734460711855475012e-01 4.159361700960535480e-01 7.663686130882415570e-01 4.702406616567164077e-01 5.707528331545485001e-01 7.200566295766275271e-01 4.298162965121313794e-01 6.029974475219461727e-01 6.271084811982340357e-01 7.348895571194705711e-01 3.465227840426759465e-01 4.705834720332090493e-01 4.292411781561601414e-01
2.578462414500173883e-01 6.582048340530121111e-01 5.611821440925649496e-01 5.644863764464052025e-01 4.617827119126342028e-01 5.363941079602490003e-01 0.000000000000000000e+00 4.660613425074467964e-01 4.435480457451576042e-01 4.409795498788294243e-01 2.347488481691281104e-01 3.867028359491470613e-01 3.887578943003868193e-01 3.645164271196577044e-01 5.744367103056591262e-01 3.676326648572590394e-01 3.760472326021949141e-01 5.739261115433389460e-01 1.442779802419701940e-01 4.619985023327646267e-01 4.351765784156517713e-01 5.887590390861818790e-01 2.398977844108716451e-01 3.295845268440275033e-01 2.823751055257996412e-01
3.803342194221513428e-01 2.403757217177887595e-01 2.425532405999583641e-01 3.538111548112801152e-01 2.556799436539916037e-01 6.162123088451284536e-01 4.660613425074467964e-01 0.000000000000000000e+00 2.329719964320602077e-01 4.989142832622500690e-01 2.727985510856384965e-01 3.406092135583464464e-01 4.685760951852664391e-01 2.712672899501502588e-01 1.659310727619872639e-01 3.920407119814449670e-01 1.528489426484632152e-01 1.495379787249213610e-01 3.758248295877412160e-01 1.523746443142007245e-01 2.245013567805266008e-01 1.408293306322701555e-01 2.796862389841198171e-01 1.456288368119194598e-01 3.074439511878841458e-01
3.100710545818191055e-01 2.633620559079344892e-01 3.360340590657454052e-01 2.283472156561956734e-01 2.294366664591337424e-01 6.158511219456173080e-01 4.435480457451576042e-01 2.329719964320602077e-01 0.000000000000000000e+00 4.212056046021633304e-01 2.669060960938912097e-01 1.949803991472583709e-01 4.755397093748352511e-01 3.365450758464345604e-01 2.133963946528838751e-01 2.729654497515935918e-01 1.529738720266488050e-01 1.552378964798415695e-01 3.554529421222047958e-01 1.671078879418529117e-01 1.325125191655207035e-01 2.606804550998294001e-01 3.147199206811433503e-01 2.271153205631214478e-01 2.220023361676204676e-01
2.215041818249205152e-01 6.628925125564919529e-01 5.669665704686436269e-01 5.691740549498853774e-01 4.641380707644874315e-01 5.370767505107395534e-01 4.409795498788294243e-01 4.989142832622500690e-01 4.212056046021633304e-01 0.000000000000000000e+00 3.472903736065057201e-01 2.978591990849204785e-01 3.976652968301270241e-01 4.323297641061564778e-01 5.791243888091391900e-01 1.700879822960001952e-01 3.839063834295469713e-01 5.663542994060585256e-01 3.411916500731249635e-01 4.985030665137331618e-01 4.398642569191319462e-01 5.994138637862798102e-01 3.374529585280333088e-01 3.700084315440945737e-01 2.184198796740860760e-01
2.130176160946461450e-01 4.770073639996472714e-01 3.799846740392007205e-01 3.832889063930408069e-01 2.685199204908258475e-01 4.694877270680997139e-01 2.347488481691281104e-01 2.727985510856384965e-01 2.669060960938912097e-01 3.472903736065057201e-01 0.000000000000000000e+00 2.220117992469893831e-01 3.218515134082375329e-01 1.915119984111653406e-01 3.932392402522945640e-01 2.597677595081875346e-01 1.948497625488304075e-01 3.806633201215303686e-01 1.469752320822889091e-01 2.687357109109563269e-01 2.539791083622871537e-01 3.954962476643735236e-01 1.229649430254237258e-01 1.363217354222190925e-01 1.660086507083282648e-01
1.944998806887241749e-01 4.483755565137271804e-01 4.014613347180973624e-01 3.829295397202192031e-01 1.998857698970343266e-01 4.673230472758190257e-01 3.867028359491470613e-01 3.406092135583464464e-01 1.949803991472583709e-01 2.978591990849204785e-01 2.220117992469893831e-01 0.000000000000000000e+00 3.189118818709857361e-01 1.746886052486311680e-01 3.995932506009349794e-01 1.557342958046598613e-01 2.184011476790008177e-01 3.295883437333479993e-01 2.986077323261941974e-01 2.861122683493895758e-01 2.536197416894656609e-01 4.296390575633429743e-01 2.520750309398579470e-01 2.117033618401910622e-01 1.280777718750563954e-01
1.797662103471111827e-01 6.809555776880992228e-01 6.135016076228628767e-01 6.161068666582054654e-01 4.310090309344194459e-01 1.734460711855475012e-01 3.887578943003868193e-01 4.685760951852664391e-01 4.755397093748352511e-01 3.976652968301270241e-01 3.218515134082375329e-01 3.189118818709857361e-01 0.000000000000000000e+00 2.682999564361914224e-01 6.254629029168661258e-01 3.308292079761037674e-01 4.292715712423669228e-01 5.724204159167656236e-01 2.821800828522691984e-01 4.553612338620842692e-01 4.867970686274520342e-01 5.872533434596085566e-01 1.988865703828138487e-01 3.229472583733469793e-01 2.889297655853778624e-01
2.156512172837976582e-01 4.791444236231859888e-01 4.346969399849471283e-01 4.505525554878807015e-01 1.709587601035223448e-01 4.159361700960535480e-01 3.645164271196577044e-01 2.712672899501502588e-01 3.365450758464345604e-01 4.323297641061564778e-01 1.915119984111653406e-01 1.746886052486311680e-01 2.682999564361914224e-01 0.000000000000000000e+00 4.281540976817500566e-01 3.182016499977907698e-01 2.449977439789802480e-01 3.623773120192949615e-01 2.536678327592596371e-01 2.335904394525671335e-01 3.212427574571272149e-01 3.881914299888375997e-01 1.260145402460323416e-01 1.266064908393044752e-01 2.611410539446177848e-01
4.609420995231411355e-01 1.648385839399064690e-01 3.689282712136596198e-01 3.533879261780071834e-01 3.970501412024023402e-01 7.663686130882415570e-01 5.744367103056591262e-01 1.659310727619872639e-01 2.133963946528838751e-01 5.791243888091391900e-01 3.932392402522945640e-01 3.995932506009349794e-01 6.254629029168661258e-01 4.281540976817500566e-01 0.000000000000000000e+00 4.582502347039550394e-01 2.486384467537267884e-01 1.792560030500790214e-01 4.863416066827062068e-01 2.880440748240605808e-01 2.345420736978308662e-01 1.308727102605118930e-01 4.365730467157196149e-01 3.025156445435193131e-01 3.841774410037555598e-01
1.546680929708973418e-01 5.330949157716621256e-01 4.582277290281538962e-01 4.415865238232392076e-01 3.130292546900698136e-01 4.702406616567164077e-01 3.676326648572590394e-01 3.920407119814449670e-01 2.729654497515935918e-01 1.700879822960001952e-01 2.597677595081875346e-01 1.557342958046598613e-01 3.308292079761037674e-01 3.182016499977907698e-01 4.582502347039550394e-01 0.000000000000000000e+00 2.751675419890572960e-01 4.181141445554888425e-01 2.678447650515545231e-01 3.875918118918689204e-01 3.122767257924857209e-01 4.869986127726522729e-01 2.687593335683820528e-01 2.631348602632895828e-01 1.188176642045892378e-01
2.653263195894482451e-01 3.324065705010793570e-01 2.116782502230510898e-01 2.636652866836872722e-01 2.308259746015699221e-01 5.707528331545485001e-01 3.760472326021949141e-01 1.528489426484632152e-01 1.529738720266488050e-01 3.839063834295469713e-01 1.948497625488304075e-01 2.184011476790008177e-01 4.292715712423669228e-01 2.449977439789802480e-01 2.486384467537267884e-01 2.751675419890572960e-01 0.000000000000000000e+00 2.671041115573884461e-01 2.879521289792420502e-01 1.716718983886885430e-01 1.343554886529337578e-01 2.580779773258500831e-01 2.398729964085929145e-01 1.207748677594978892e-01 1.912958328825530019e-01
4.552197493857144117e-01 1.619620691663230250e-01 3.918707001688400138e-01 3.370032334042800115e-01 2.525207116151844677e-01 7.200566295766275271e-01 5.739261115433389460e-01 1.495379787249213610e-01 1.552378964798415695e-01 5.663542994060585256e-01 3.806633201215303686e-01 3.295883437333479993e-01 5.724204159167656236e-01 3.623773120192949615e-01 1.792560030500790214e-01 4.181141445554888425e-01 2.671041115573884461e-01 0.000000000000000000e+00 4.805426223117776341e-01 1.391842581696207393e-01 2.278148566561654653e-01 1.713927440268585567e-01 3.835305597156187796e-01 2.494731575434185888e-01 3.671510309715156350e-01
1.550288514834248510e-01 5.701097304300590807e-01 4.730870404696123632e-01 4.763912728234523941e-01 3.523303788113377744e-01 4.298162965121313794e-01 1.442779802419701940e-01 3.758248295877412160e-01 3.554529421222047958e-01 3.411916500731249635e-01 1.469752320822889091e-01 2.986077323261941974e-01 2.821800828522691984e-01 2.536678327592596371e-01 4.863416066827062068e-01 2.678447650515545231e-01 2.879521289792420502e-01 4.805426223117776341e-01 0.000000000000000000e+00 3.634834402570964462e-01 3.470814747926989075e-01 4.953755498546206781e-01 1.276532925132272678e-01 2.310694647683591008e-01 1.845975607974819910e-01
3.799230026736344357e-01 2.899990179052305828e-01 3.378496344968062171e-01 3.926656207774064655e-01 1.494664419814013268e-01 6.029974475219461727e-01 4.619985023327646267e-01 1.523746443142007245e-01 1.671078879418529117e-01 4.985030665137331618e-01 2.687357109109563269e-01 2.861122683493895758e-01 4.553612338620842692e-01 2.335904394525671335e-01 2.880440748240605808e-01 3.875918118918689204e-01 1.716718983886885430e-01 1.391842581696207393e-01 3.634834402570964462e-01 0.000000000000000000e+00 2.892400052314469949e-01 2.308877969847870082e-01 2.664713776609375917e-01 1.324139754887372067e-01 3.070327344393672941e-01
3.216819676331337807e-01 3.088102242388706675e-01 2.922104856201383494e-01 1.300935675862449903e-01 3.361969635781436594e-01 6.271084811982340357e-01 4.351765784156517713e-01 2.245013567805266008e-01 1.325125191655207035e-01 4.398642569191319462e-01 2.539791083622871537e-01 2.536197416894656609e-01 4.867970686274520342e-01 3.212427574571272149e-01 2.345420736978308662e-01 3.122767257924857209e-01 1.343554886529337578e-01 2.278148566561654653e-01 3.470814747926989075e-01 2.892400052314469949e-01 0.000000000000000000e+00 2.658055680234164830e-01 2.994176022918360602e-01 2.084969371894064560e-01 2.449173091137481773e-01
4.812315745002818113e-01 1.293942091428633701e-01 3.698491752733264470e-01 3.896693144372506135e-01 3.504887446220256719e-01 7.348895571194705711e-01 5.887590390861818790e-01 1.408293306322701555e-01 2.606804550998294001e-01 5.994138637862798102e-01 3.954962476643735236e-01 4.296390575633429743e-01 5.872533434596085566e-01 3.881914299888375997e-01 1.308727102605118930e-01 4.869986127726522729e-01 2.580779773258500831e-01 1.713927440268585567e-01 4.953755498546206781e-01 2.308877969847870082e-01 2.658055680234164830e-01 0.000000000000000000e+00 3.983634872584618236e-01 2.643060850862614664e-01 4.044669159808960690e-01
1.235133489475291058e-01 4.920657214869527118e-01 4.254231679687495160e-01 4.287274003225895469e-01 2.553183162151789753e-01 3.465227840426759465e-01 2.398977844108716451e-01 2.796862389841198171e-01 3.147199206811433503e-01 3.374529585280333088e-01 1.229649430254237258e-01 2.520750309398579470e-01 1.988865703828138487e-01 1.260145402460323416e-01 4.365730467157196149e-01 2.687593335683820528e-01 2.398729964085929145e-01 3.835305597156187796e-01 1.276532925132272678e-01 2.664713776609375917e-01 2.994176022918360602e-01 3.983634872584618236e-01 0.000000000000000000e+00 1.340574021722003017e-01 2.076508543793982309e-01
2.514283677039959586e-01 3.580083193147524656e-01 3.090584868467163848e-01 3.378067352201599705e-01 1.321981850686067828e-01 4.705834720332090493e-01 3.295845268440275033e-01 1.456288368119194598e-01 2.271153205631214478e-01 3.700084315440945737e-01 1.363217354222190925e-01 2.117033618401910622e-01 3.229472583733469793e-01 1.266064908393044752e-01 3.025156445435193131e-01 2.631348602632895828e-01 1.207748677594978892e-01 2.494731575434185888e-01 2.310694647683591008e-01 1.324139754887372067e-01 2.084969371894064560e-01 2.643060850862614664e-01 1.340574021722003017e-01 0.000000000000000000e+00 1.785380994697287338e-01
1.233808506412026884e-01 4.679455647511081562e-01 3.743560199216495188e-01 3.742271071445016917e-01 2.696112560690313575e-01 4.292411781561601414e-01 2.823751055257996412e-01 3.074439511878841458e-01 2.220023361676204676e-01 2.184198796740860760e-01 1.660086507083282648e-01 1.280777718750563954e-01 2.889297655853778624e-01 2.611410539446177848e-01 3.841774410037555598e-01 1.188176642045892378e-01 1.912958328825530019e-01 3.671510309715156350e-01 1.845975607974819910e-01 3.070327344393672941e-01 2.449173091137481773e-01 4.044669159808960690e-01 2.076508543793982309e-01 1.785380994697287338e-01 0.000000000000000000e+00
