0.000000000000000000e+00 3.127208224611493037e+01 2.100058813306541694e+01 2.033101796431556707e+01 1.632175419013267259e+01 1.760500079673299112e+01 2.251587186332771751e+01 1.218055297503020284e+01 2.298895154267180985e+01 1.160032700569277253e+01 2.094314604316592465e+01 1.067803923927238507e+01 2.625272852447547223e+01 1.028409354209877868e+01 1.244886760139793580e+01 9.049800097074170324e+00 1.868520491408500916e+01 1.402857398892614249e+01 1.748058670064294162e+01 2.563846290008964957e+01 7.870793677273607791e+00 1.965455261036223433e+01 1.564188261298627047e+01 2.466655165429956753e+01 1.799796064173712651e+01
3.127208224611493037e+01 0.000000000000000000e+00 3.040491773437434020e+01 2.028590878240210671e+01 1.899678834110040526e+01 1.570401008932301501e+01 1.266445421308410069e+01 3.144867890629573637e+01 1.215347974084608396e+01 2.113467546327478530e+01 1.102416709018925722e+01 2.522085843511599990e+01 1.048198173519219267e+01 3.127969598963900921e+01 2.511473466577281854e+01 2.260906543459593010e+01 2.096792839908361117e+01 2.386285158743077517e+01 1.615966375087582563e+01 7.853348136849547245e+00 3.387245785759355954e+01 1.193942564044658106e+01 2.920801239325631471e+01 1.682290659079470174e+01 1.486097870646107211e+01
2.100058813306541694e+01 3.040491773437434020e+01 0.000000000000000000e+00 2.798620801163116667e+01 2.627600395604122951e+01 1.580592937412587062e+01 2.240334945458908322e+01 1.274978444414956691e+01 3.544282521994728086e+01 1.241885583566628348e+01 2.577792072218303687e+01 2.550967582938646672e+01 2.795984733040680226e+01 1.383143879322485681e+01 2.182441580367454392e+01 1.719662438022858453e+01 3.380219458008672717e+01 8.564430465936474945e+00 2.025544596097223859e+01 2.258013390207701576e+01 1.918848169568492779e+01 2.971082677206865696e+01 6.940803979629903253e+00 2.815481237522055480e+01 1.577444147353421222e+01
2.033101796431556707e+01 2.028590878240210671e+01 2.798620801163116667e+01 0.000000000000000000e+00 1.804668733374231948e+01 2.172677387961992679e+01 1.574435949654505329e+01 2.983519137940502830e+01 1.222943797301057955e+01 1.575911615039814428e+01 2.507021322620025927e+01 1.045413965790961264e+01 1.063116743914889106e+01 2.275938613013202172e+01 9.180806374692988214e+00 2.049994881937961111e+01 8.725511268166480150e+00 2.432013601275574999e+01 8.331151051044690448e+00 1.919076781991285330e+01 2.759286172234917700e+01 1.817222730555071308e+01 2.442254251688225253e+01 7.080516758662954047e+00 1.486968279685934746e+01
1.632175419013267259e+01 1.899678834110040526e+01 2.627600395604122951e+01 1.804668733374231948e+01 0.000000000000000000e+00 1.615428551535594437e+01 2.806367395091501393e+01 2.055340560279712747e+01 1.257781823200945759e+01 2.264589990159096544e+01 1.093656884596835788e+01 1.073832361325047025e+01 2.092637222011791920e+01 2.533982630791262025e+01 1.987076839916795024e+01 9.691044264004013087e+00 1.199142031280567089e+01 1.771157349010475457e+01 2.484525768514813393e+01 2.127877809540337850e+01 2.104743596143506679e+01 7.592119852604795938e+00 2.917080705700404764e+01 2.090396504507477360e+01 2.249365955915391524e+01
1.760500079673299112e+01 1.570401008932301501e+01 1.580592937412587062e+01 2.172677387961992679e+01 1.615428551535594437e+01 0.000000000000000000e+00 1.236426797981617476e+01 1.574466881697271248e+01 2.495633246106107350e+01 1.178287147999103190e+01 1.072432784951980977e+01 1.846205721136761468e+01 1.876592701629577320e+01 2.098668251079445923e+01 2.012252097836038089e+01 8.971863111625623333e+00 2.429125967142104159e+01 8.469475085812126380e+00 1.342568455676757111e+01 8.033462103356658446e+00 1.873686281488077654e+01 1.797457116791077070e+01 1.766200322374157849e+01 2.042807556804065783e+01 6.857091082760577549e+00
2.251587186332771751e+01 1.266445421308410069e+01 2.240334945458908322e+01 1.574435949654505329e+01 2.806367395091501393e+01 1.236426797981617476e+01 0.000000000000000000e+00 2.472168153923298206e+01 2.062920340844803491e+01 1.205629389340291446e+01 1.889312250723796183e+01 2.381051355363573663e+01 1.082962631586489799e+01 2.222112288772612132e+01 1.708203083070945283e+01 2.007385081290992446e+01 2.135747077910138003e+01 1.618494579330112870e+01 8.120316610393363277e+00 8.126001335708828321e+00 2.940598347882981756e+01 2.415784534039920572e+01 2.028113561956524080e+01 1.267328829973238413e+01 6.775574243568622812e+00
1.218055297503020284e+01 3.144867890629573637e+01 1.274978444414956691e+01 2.983519137940502830e+01 2.055340560279712747e+01 1.574466881697271248e+01 2.472168153923298206e+01 0.000000000000000000e+00 2.940578926842640328e+01 1.870751106009148046e+01 2.263223311716545894e+01 1.944099189504292013e+01 3.145886910203781639e+01 1.989717260831731593e+01 2.360273249260833950e+01 1.088267458917797192e+01 2.624676164382874788e+01 8.620034913350888672e+00 2.486907495997769857e+01 2.361218230186422318e+01 7.827930341835479311e+00 2.431324019601750308e+01 1.756850113651508494e+01 3.214181054511216473e+01 1.844357438926757453e+01
2.298895154267180985e+01 1.215347974084608396e+01 3.544282521994728086e+01 1.222943797301057955e+01 1.257781823200945759e+01 2.495633246106107350e+01 2.062920340844803491e+01 2.940578926842640328e+01 0.000000000000000000e+00 2.594229956779804169e+01 1.482582729850810388e+01 1.435663880625351219e+01 1.044166081964180037e+01 3.146326802800058431e+01 2.069062276356970287e+01 1.893877615961440242e+01 9.422122888151516662e+00 2.687839475401079881e+01 1.780124956602984199e+01 1.974211240742362605e+01 2.894974872578971059e+01 7.400805718104626507e+00 3.461065749583868723e+01 1.288514540593781454e+01 2.309293502623486916e+01
1.160032700569277253e+01 2.113467546327478530e+01 1.241885583566628348e+01 1.575911615039814428e+01 2.264589990159096544e+01 1.178287147999103190e+01 1.205629389340291446e+01 1.870751106009148046e+01 2.594229956779804169e+01 0.000000000000000000e+00 2.250719932951083635e+01 1.381521248651087319e+01 1.696109404342806215e+01 1.028734690895010928e+01 9.690468256000347225e+00 1.667654489695618736e+01 2.202484758553481825e+01 1.031331958718077679e+01 8.429696891048610752e+00 1.514248034189543368e+01 1.916859749010366798e+01 2.587294965800463586e+01 8.668357928040631322e+00 1.642306711057689483e+01 6.752353361793391961e+00
2.094314604316592465e+01 1.102416709018925722e+01 2.577792072218303687e+01 2.507021322620025927e+01 1.093656884596835788e+01 1.072432784951980977e+01 1.889312250723796183e+01 2.263223311716545894e+01 1.482582729850810388e+01 2.250719932951083635e+01 0.000000000000000000e+00 1.816213006250547579e+01 2.091632836140847473e+01 3.072247200354329522e+01 2.693458133046336656e+01 1.241196992109442476e+01 1.899320080137081845e+01 1.763039256593527782e+01 2.303304856278316137e+01 1.091900432439655155e+01 2.409802438095787380e+01 7.955797294924204621e+00 2.812589883543144254e+01 2.686240548358144764e+01 1.758141893228038555e+01
1.067803923927238507e+01 2.522085843511599990e+01 2.550967582938646672e+01 1.045413965790961264e+01 1.073832361325047025e+01 1.846205721136761468e+01 2.381051355363573663e+01 1.944099189504292013e+01 1.435663880625351219e+01 1.381521248651087319e+01 1.816213006250547579e+01 0.000000000000000000e+00 1.764118564509809772e+01 1.710662922174707390e+01 9.207915224582549740e+00 1.010574933501748163e+01 9.107983855134913043e+00 1.873381374718933401e+01 1.618803929680483478e+01 2.649551931472427668e+01 1.742932250083904577e+01 1.340999701848745573e+01 2.063035431785171525e+01 1.591739579690556283e+01 1.945812854220962507e+01
2.625272852447547223e+01 1.048198173519219267e+01 2.795984733040680226e+01 1.063116743914889106e+01 2.092637222011791920e+01 1.876592701629577320e+01 1.082962631586489799e+01 3.145886910203781639e+01 1.044166081964180037e+01 1.696109404342806215e+01 2.091632836140847473e+01 1.764118564509809772e+01 0.000000000000000000e+00 2.689900523878030469e+01 1.614479140069416374e+01 2.654111113118798215e+01 1.239784543689378005e+01 2.329509021452479089e+01 8.895689163789720411e+00 1.254727169386697305e+01 3.382099900888637478e+01 1.723404920191290302e+01 2.549213574370748248e+01 6.770460741719196207e+00 1.342664289187239390e+01
1.028409354209877868e+01 3.127969598963900921e+01 1.383143879322485681e+01 2.275938613013202172e+01 2.533982630791262025e+01 2.098668251079445923e+01 2.222112288772612132e+01 1.989717260831731593e+01 3.146326802800058431e+01 1.028734690895010928e+01 3.072247200354329522e+01 1.710662922174707390e+01 2.689900523878030469e+01 0.000000000000000000e+00 1.494571290300645927e+01 1.916313264013313500e+01 2.589463827979697541e+01 1.780315192207615027e+01 1.822344499304715271e+01 2.536177653113137254e+01 1.360132828717449449e+01 2.857893182555017475e+01 7.016078444823493854e+00 2.576776413349397998e+01 1.703970027074350568e+01
1.244886760139793580e+01 2.511473466577281854e+01 2.182441580367454392e+01 9.180806374692988214e+00 1.987076839916795024e+01 2.012252097836038089e+01 1.708203083070945283e+01 2.360273249260833950e+01 2.069062276356970287e+01 9.690468256000347225e+00 2.693458133046336656e+01 9.207915224582549740e+00 1.614479140069416374e+01 1.494571290300645927e+01 0.000000000000000000e+00 1.653271868020553725e+01 1.513589335290287785e+01 2.000378784318112579e+01 9.186136304128154961e+00 2.136364693760569011e+01 2.004512304096996900e+01 2.236195345448836136e+01 1.783770036400414583e+01 1.410439576277345175e+01 1.388844677259482552e+01
9.049800097074170324e+00 2.260906543459593010e+01 1.719662438022858453e+01 2.049994881937961111e+01 9.691044264004013087e+00 8.971863111625623333e+00 2.007385081290992446e+01 1.088267458917797192e+01 1.893877615961440242e+01 1.667654489695618736e+01 1.241196992109442476e+01 1.010574933501748163e+01 2.654111113118798215e+01 1.916313264013313500e+01 1.653271868020553725e+01 0.000000000000000000e+00 1.668411173285703342e+01 8.632193914292113135e+00 2.054855225189931645e+01 1.700532521498227467e+01 1.168912590516200645e+01 1.344723044656024058e+01 2.096347264681801903e+01 2.539745274711599521e+01 1.412305168118919596e+01
1.868520491408500916e+01 2.096792839908361117e+01 3.380219458008672717e+01 8.725511268166480150e+00 1.199142031280567089e+01 2.429125967142104159e+01 2.135747077910138003e+01 2.624676164382874788e+01 9.422122888151516662e+00 2.202484758553481825e+01 1.899320080137081845e+01 9.107983855134913043e+00 1.239784543689378005e+01 2.589463827979697541e+01 1.513589335290287785e+01 1.668411173285703342e+01 0.000000000000000000e+00 2.531217614502888935e+01 1.562090150763689067e+01 2.459706298887970988e+01 2.509001872749530904e+01 1.186653870616086337e+01 2.930370716185708346e+01 1.113472660757125432e+01 2.224063012053999344e+01
1.402857398892614249e+01 2.386285158743077517e+01 8.564430465936474945e+00 2.432013601275574999e+01 1.771157349010475457e+01 8.469475085812126380e+00 1.618494579330112870e+01 8.620034913350888672e+00 2.687839475401079881e+01 1.031331958718077679e+01 1.763039256593527782e+01 1.873381374718933401e+01 2.329509021452479089e+01 1.780315192207615027e+01 2.000378784318112579e+01 8.632193914292113135e+00 2.531217614502888935e+01 0.000000000000000000e+00 1.637891240102071677e+01 1.603806775513344007e+01 1.368986305235424972e+01 2.114639630613217847e+01 1.233127873252590767e+01 2.365164798615518649e+01 9.953411830310594510e+00
1.748058670064294162e+01 1.615966375087582563e+01 2.025544596097223859e+01 8.331151051044690448e+00 2.484525768514813393e+01 1.342568455676757111e+01 8.120316610393363277e+00 2.486907495997769857e+01 1.780124956602984199e+01 8.429696891048610752e+00 2.303304856278316137e+01 1.618803929680483478e+01 8.895689163789720411e+00 1.822344499304715271e+01 9.186136304128154961e+00 2.054855225189931645e+01 1.562090150763689067e+01 1.637891240102071677e+01 0.000000000000000000e+00 1.221259482977844080e+01 2.504885718505383707e+01 2.400723018376480411e+01 1.706525515457441955e+01 8.006710606525842877e+00 6.619728612903103659e+00
2.563846290008964957e+01 7.853348136849547245e+00 2.258013390207701576e+01 1.919076781991285330e+01 2.127877809540337850e+01 8.033462103356658446e+00 8.126001335708828321e+00 2.361218230186422318e+01 1.974211240742362605e+01 1.514248034189543368e+01 1.091900432439655155e+01 2.649551931472427668e+01 1.254727169386697305e+01 2.536177653113137254e+01 2.136364693760569011e+01 1.700532521498227467e+01 2.459706298887970988e+01 1.603806775513344007e+01 1.221259482977844080e+01 0.000000000000000000e+00 2.677032491823743499e+01 1.824828533358492777e+01 2.256544475491650559e+01 1.601013850981515674e+01 8.415538661792538733e+00
7.870793677273607791e+00 3.387245785759355954e+01 1.918848169568492779e+01 2.759286172234917700e+01 2.104743596143506679e+01 1.873686281488077654e+01 2.940598347882981756e+01 7.827930341835479311e+00 2.894974872578971059e+01 1.916859749010366798e+01 2.409802438095787380e+01 1.742932250083904577e+01 3.382099900888637478e+01 1.360132828717449449e+01 2.004512304096996900e+01 1.168912590516200645e+01 2.509001872749530904e+01 1.368986305235424972e+01 2.504885718505383707e+01 2.677032491823743499e+01 0.000000000000000000e+00 2.480727055465543884e+01 1.897731738917402922e+01 3.228354284208813851e+01 2.343611100741633635e+01
1.965455261036223433e+01 1.193942564044658106e+01 2.971082677206865696e+01 1.817222730555071308e+01 7.592119852604795938e+00 1.797457116791077070e+01 2.415784534039920572e+01 2.431324019601750308e+01 7.400805718104626507e+00 2.587294965800463586e+01 7.955797294924204621e+00 1.340999701848745573e+01 1.723404920191290302e+01 2.857893182555017475e+01 2.236195345448836136e+01 1.344723044656024058e+01 1.186653870616086337e+01 2.114639630613217847e+01 2.400723018376480411e+01 1.824828533358492777e+01 2.480727055465543884e+01 0.000000000000000000e+00 3.240315686526871275e+01 1.902411169032429683e+01 2.473724809289842241e+01
1.564188261298627047e+01 2.920801239325631471e+01 6.940803979629903253e+00 2.442254251688225253e+01 2.917080705700404764e+01 1.766200322374157849e+01 2.028113561956524080e+01 1.756850113651508494e+01 3.461065749583868723e+01 8.668357928040631322e+00 2.812589883543144254e+01 2.063035431785171525e+01 2.549213574370748248e+01 7.016078444823493854e+00 1.783770036400414583e+01 2.096347264681801903e+01 2.930370716185708346e+01 1.233127873252590767e+01 1.706525515457441955e+01 2.256544475491650559e+01 1.897731738917402922e+01 3.240315686526871275e+01 0.000000000000000000e+00 2.505862537410270363e+01 1.438234101059373415e+01
2.466655165429956753e+01 1.682290659079470174e+01 2.815481237522055480e+01 7.080516758662954047e+00 2.090396504507477360e+01 2.042807556804065783e+01 1.267328829973238413e+01 3.214181054511216473e+01 1.288514540593781454e+01 1.642306711057689483e+01 2.686240548358144764e+01 1.591739579690556283e+01 6.770460741719196207e+00 2.576776413349397998e+01 1.410439576277345175e+01 2.539745274711599521e+01 1.113472660757125432e+01 2.365164798615518649e+01 8.006710606525842877e+00 1.601013850981515674e+01 3.228354284208813851e+01 1.902411169032429683e+01 2.505862537410270363e+01 0.000000000000000000e+00 1.369823615584458665e+01
1.799796064173712651e+01 1.486097870646107211e+01 1.577444147353421222e+01 1.486968279685934746e+01 2.249365955915391524e+01 6.857091082760577549e+00 6.775574243568622812e+00 1.844357438926757453e+01 2.309293502623486916e+01 6.752353361793391961e+00 1.758141893228038555e+01 1.945812854220962507e+01 1.342664289187239390e+01 1.703970027074350568e+01 1.388844677259482552e+01 1.412305168118919596e+01 2.224063012053999344e+01 9.953411830310594510e+00 6.619728612903103659e+00 8.415538661792538733e+00 2.343611100741633635e+01 2.473724809289842241e+01 1.438234101059373415e+01 1.369823615584458665e+01 0.000000000000000000e+00
