0.000000000000000000e+00 2.289927683151133309e+01 1.555402226668382859e+01 1.513732729254247644e+01 1.373644670238162568e+01 8.147992053082081298e+00 8.253069892328452895e+00 2.065849723985081354e+01 7.934751512935299900e+00 1.774220390225994848e+01 9.462525375786857040e+00 1.708812929914360979e+01 1.485168329128239684e+01 1.265136834906388152e+01 1.831259640959293478e+01 9.971966806893703961e+00 4.829614144147706511e+00 4.863374064224833759e+00 1.924229698015933110e+01 1.089901160481670672e+01 1.960686241071512015e+01 1.119252032271923447e+01 4.128087014835753799e+00 1.221717162794523936e+01 1.985142911377123909e+01 1.582187409794176247e+01 1.144699499968111489e+01 1.414803931869714404e+01 8.430498247445591176e+00 7.190965784683691631e+00 1.742358117013657903e+01 1.388436471994622146e+01 1.228603353145473775e+01 7.686589669892589072e+00 4.962774595173604197e+00 3.112489824386670545e+00 2.027845981801165465e+01 1.042206191772798540e+01 1.175887223636845214e+01 1.514192710413483667e+01 1.817887876103144862e+01 1.235769424871802435e+01 5.355946059324632635e+00 1.319867616130306764e+01 7.193062355565307264e+00 1.508386364983853944e+01 2.638088103386764693e+00 1.062310586902031950e+01 8.095260864413116764e+00 5.798687406940678635e+00 2.052493541975159275e+01 9.281190017092388445e+00 1.730354018018887885e+01 8.852605012533182105e+00 1.742889599980783544e+01 2.412993467108391688e+00 1.103975027901744532e+01 2.135311184587663647e+01 1.436746844026761849e+01 1.018914168047399116e+01 1.298156405290126258e+01 9.869371355674168456e+00 2.620367309596217442e+00 1.612721142640561212e+01 5.702804839971396866e+00 1.942526963741401502e+01 1.776615445625950329e+01 1.322247931847781111e+01 1.725468897044364880e+01 2.063248598965068226e+01 1.220509952385780394e+01 2.108846479320669687e+01 1.051719507984216051e+01 1.276101523303338325e+01 1.933361516931930524e+01
2.289927683151133309e+01 0.000000000000000000e+00 1.571609340677816569e+01 1.525988314028971793e+01 1.176357229068745092e+01 2.021433103763945027e+01 1.937068925563284338e+01 8.100283134662314311e+00 1.497784994101287204e+01 7.782603553910172778e+00 1.389023168427909383e+01 5.841140911294188776e+00 1.148260786919103182e+01 1.087253505075628546e+01 5.263995902625972612e+00 1.484195085168748030e+01 1.820744384379159797e+01 1.897373842579373004e+01 1.210885055649957387e+01 1.581541547417162796e+01 4.245254897944047201e+00 1.917414416514693087e+01 2.038042864980037905e+01 1.711888200519100423e+01 4.027950498296372750e+00 1.139738326190647832e+01 1.291498316866070795e+01 9.311393866902815120e+00 1.722773262840448183e+01 1.674842333618754608e+01 8.135320576886257982e+00 9.064711531219920460e+00 1.465200377345531635e+01 1.778383900726098688e+01 1.803277668395706357e+01 2.154029709984556717e+01 3.254778590833361296e+00 1.352354854571357912e+01 1.208052906816592653e+01 1.359220415704374396e+01 4.818967761536497640e+00 1.180020978591599423e+01 2.014049925302478528e+01 1.314635629070717826e+01 1.604619034617333639e+01 8.766156116642331853e+00 2.047376187372357137e+01 1.238393359109545244e+01 1.604803220513634443e+01 1.760437223255352279e+01 2.651632712996404351e+00 1.501725628934712198e+01 1.054592754796729892e+01 1.452103211654670822e+01 5.621242882513336703e+00 2.069923990611109232e+01 1.420878321983091297e+01 5.889672232862992907e+00 1.657732776137381236e+01 1.557458789740488747e+01 1.657168632111442719e+01 1.787350025423832278e+01 2.033186045633638983e+01 6.799915911755450182e+00 1.836526861601316085e+01 1.008849242349013586e+01 9.905222225238757616e+00 9.690122135470362608e+00 1.407531942780267897e+01 2.271792543233856154e+00 1.099696473660081075e+01 2.277452873666523825e+00 1.685601060785032246e+01 1.300824150314610428e+01 6.336065847665093287e+00
1.555402226668382859e+01 1.571609340677816569e+01 0.000000000000000000e+00 2.182118838096186764e+01 1.175899219616250946e+01 2.029417601441309316e+01 8.144139253975868797e+00 8.199285235774661729e+00 1.415764953740834109e+01 1.989376944855255758e+01 7.140934393933395796e+00 1.004013021178081999e+01 5.366953907695098280e+00 1.624535010833788107e+01 1.524002996970714996e+01 1.264869162537003611e+01 1.072440812253613096e+01 1.573907847414939987e+01 4.664820046878269011e+00 1.839027398799496993e+01 1.147887623581180172e+01 2.117042624112631088e+01 1.159227715651934609e+01 4.120128395790715103e+00 1.826482144098577365e+01 1.981047383276513685e+01 9.497459038901659767e+00 1.533056282021857442e+01 7.521277474679621378e+00 1.074146475047697535e+01 7.629748740296442122e+00 8.305648065168551142e+00 3.964098075330325877e+00 1.713698959273132871e+01 1.266359297176235188e+01 1.775401476213422214e+01 1.317368741476592575e+01 1.688287716937397676e+01 1.342393307691474647e+01 2.754498877778850829e+00 1.669847298556030424e+01 6.968836940263757107e+00 1.836990987932172814e+01 1.901936102350821045e+01 8.804834361284203936e+00 1.784829042158002110e+01 1.351850501560629247e+01 1.569839941727416743e+01 1.567028333249008476e+01 1.158073780688389753e+01 1.553459770964147957e+01 1.016986622493637960e+01 5.173851843563689989e+00 1.353196605908997086e+01 1.012844505420082619e+01 1.321139917275888997e+01 1.184441066097956252e+01 1.054515087886417923e+01 2.233911845341586044e+00 5.423341089894804234e+00 2.057536097382172002e+01 1.893169701415900974e+01 1.566733812187804986e+01 1.742694323277662960e+01 9.978574287544784482e+00 6.080485047098322049e+00 2.089224469854391231e+01 1.520699803257040372e+01 2.614595269092745422e+00 1.345576270731805657e+01 9.028624793442441288e+00 1.355273992762551316e+01 5.545182230548951097e+00 5.078312910244958012e+00 9.513987408721925831e+00
1.513732729254247644e+01 1.525988314028971793e+01 2.182118838096186764e+01 0.000000000000000000e+00 1.168182604703323690e+01 8.238680515583736153e+00 1.911498246401707135e+01 2.051780038555101271e+01 8.005102916423300741e+00 7.636795134429088527e+00 1.487584764749488109e+01 1.598385156816153696e+01 1.681345638181182878e+01 5.652875592552005557e+00 1.071439647003454887e+01 1.082852572344466147e+01 1.363861894827509502e+01 1.030446198287317650e+01 2.106752442786917356e+01 4.262663395729639149e+00 1.704869662414945708e+01 4.199447628074620908e+00 1.745583960788829714e+01 1.999383121783485606e+01 1.181223975942152826e+01 3.879535719275833738e+00 1.269086507691206123e+01 8.359287386201758707e+00 1.604228273178365427e+01 1.133335846848438067e+01 1.794105840083535242e+01 1.462769175525318488e+01 1.805689573246955248e+01 7.528334153134728979e+00 1.074660140372377271e+01 1.311642006602733979e+01 1.334983891829088165e+01 5.147726062763007704e+00 8.485406984217780391e+00 1.924023484709546850e+01 1.048668778842188942e+01 1.504341660494625010e+01 1.038517962083401081e+01 2.802138233706237713e+00 1.346749467134883638e+01 6.498235171527374732e+00 1.306042556019230716e+01 7.139991689875429870e+00 7.137914820745840494e+00 1.074541267423933988e+01 1.287463662431836475e+01 1.280017542969462241e+01 1.854954455985370387e+01 8.646331544777471123e+00 1.664806264600574437e+01 1.512054202590420715e+01 1.093845285567333292e+01 1.929523042436477098e+01 2.142921133997340633e+01 1.675119363472708400e+01 2.261690974721858982e+00 5.357240869161300267e+00 1.259990619121603395e+01 8.595560484985863781e+00 1.572201807491480352e+01 2.038211222610929241e+01 5.707548092020707564e+00 7.250831973855418333e+00 2.082094270461009700e+01 1.542484186403423863e+01 1.297129904760602059e+01 1.696443534873407089e+01 1.796245230428082351e+01 1.684670883151772713e+01 1.815735406069910240e+01
1.373644670238162568e+01 1.176357229068745092e+01 1.175899219616250946e+01 1.168182604703323690e+01 0.000000000000000000e+00 1.603993342836375291e+01 1.371831991886637780e+01 9.836634810192634859e+00 8.313273860940194382e+00 8.582118910435328374e+00 6.882301607586769343e+00 5.952424758319728504e+00 6.408165815684062849e+00 6.110324543148348830e+00 8.282959446603644693e+00 5.012077324112860666e+00 9.816261914516225318e+00 1.300381545281923046e+01 1.047343503524673913e+01 1.161441572828027269e+01 8.768689727767398523e+00 1.530977107122514624e+01 1.319725773128966040e+01 1.238022318086731666e+01 1.023093446301643361e+01 8.317786957384917912e+00 3.664467186890433048e+00 3.571570624056068510e+00 1.031623533124577108e+01 6.573058421952697294e+00 6.603377475209835090e+00 3.504833655342646903e+00 9.224253987366990870e+00 1.323216455290094373e+01 1.070303314892222524e+01 1.525479352888236129e+01 9.142755277187777807e+00 8.824581371149452735e+00 3.819386648984189669e+00 9.171846025567020888e+00 8.149241798042163865e+00 5.778571550408011959e+00 1.527943892952363036e+01 9.106406644791748661e+00 7.890141860452483336e+00 6.140719486810599648e+00 1.162807033564712178e+01 6.302494666462141737e+00 1.089466734840131856e+01 9.094424682961600226e+00 1.049529845676229201e+01 5.092098585779171849e+00 7.936213339895209273e+00 6.679649698669867242e+00 6.432416227329239788e+00 1.211894309307219153e+01 2.857686960688510691e+00 1.053124941621847555e+01 1.219571734167992894e+01 9.313774844916069995e+00 1.265876823086547809e+01 1.374487939965910321e+01 1.359843235776100201e+01 6.097574463416322033e+00 1.112945741161810886e+01 9.208046257682090285e+00 9.133252502381404625e+00 4.457882015107499818e+00 1.040672791565990352e+01 9.496781448826808969e+00 3.319053187276187700e+00 1.012544528191317639e+01 1.131207351893392143e+01 7.684100509391753597e+00 8.511752739661130107e+00
8.147992053082081298e+00 2.021433103763945027e+01 2.029417601441309316e+01 8.238680515583736153e+00 1.603993342836375291e+01 0.000000000000000000e+00 1.501176303404951540e+01 2.531869651997928017e+01 8.002327811839991867e+00 1.260076101823788974e+01 1.412272465591531656e+01 2.093443164218164654e+01 1.951188257141085458e+01 1.000499168762955016e+01 1.566497654405466378e+01 1.281484515971140858e+01 1.007543727308548220e+01 4.672310589817143978e+00 2.390249626028779062e+01 4.435924521087919459e+00 2.200314452149920186e+01 4.109173057831970510e+00 1.193987617621365871e+01 1.734413213989649805e+01 1.676748890912556078e+01 9.246587378293419590e+00 1.604771866701810978e+01 1.326711073603480351e+01 1.348099783680060249e+01 1.174766275665084336e+01 2.208378045026504566e+01 1.854456400007467209e+01 1.694623281158317951e+01 3.494433527190703437e+00 7.641365502824208455e+00 5.195401532155954349e+00 1.830428681564061932e+01 7.269316395312952928e+00 1.228193378055174279e+01 1.980212638426329264e+01 1.544113568577163775e+01 1.701789352884648920e+01 2.792675692034973789e+00 7.104179045570393036e+00 1.180308430504423534e+01 1.145458616269988639e+01 8.123892951422462261e+00 9.861822269257530138e+00 5.813222369112303056e+00 9.411742862555287914e+00 1.782908452166810775e+01 1.386880746534376385e+01 2.196373946031734548e+01 1.015981837124281029e+01 2.160251054335548204e+01 9.746152306044606917e+00 1.397826932843813097e+01 2.424967832171447313e+01 1.924241104170253180e+01 1.487083492451829514e+01 6.088406836481841111e+00 2.944667294101652288e+00 6.262619056616065549e+00 1.354340064500722818e+01 1.179051666208033922e+01 2.408546891754246744e+01 1.134321271294850320e+01 1.203185143813606217e+01 2.191488825057210832e+01 2.037928976138398340e+01 1.685822752010263059e+01 2.191888324608378369e+01 1.553781769672846913e+01 1.742121451316184633e+01 2.311180195804881166e+01
8.253069892328452895e+00 1.937068925563284338e+01 8.144139253975868797e+00 1.911498246401707135e+01 1.371831991886637780e+01 1.501176303404951540e+01 0.000000000000000000e+00 1.422746752404384019e+01 1.111443368342230364e+01 2.150767277512206022e+01 6.981062768735173840e+00 1.355954172326510943e+01 8.032190145239285428e+00 1.634666115018529453e+01 1.875944148119143762e+01 1.213933091295847255e+01 5.591378347571048124e+00 1.040403376412586134e+01 1.241472562272090663e+01 1.518304469008011459e+01 1.516631549765891229e+01 1.749274413841846965e+01 4.127176559569541325e+00 4.039170071279582608e+00 2.188276082337648276e+01 1.975293097118992236e+01 1.049620853431180123e+01 1.650323715794979051e+01 3.657280689622202985e+00 8.760921279181319576e+00 1.136995501752768334e+01 1.114200620331527425e+01 5.039979320319666556e+00 1.317871161928636603e+01 8.699899224230028594e+00 1.060709575234133517e+01 1.674987224213316495e+01 1.422059527877513219e+01 1.447006275560064026e+01 8.288829255280230512e+00 2.028354620861144042e+01 8.674420904750986594e+00 1.222285563704847355e+01 1.712930870140886697e+01 7.042587751705754684e+00 1.886035200563975422e+01 7.090444355350919992e+00 1.392963207078517485e+01 1.228213615653534241e+01 8.369569789777724367e+00 1.915253709203218691e+01 1.028658262044587346e+01 1.048401158600416139e+01 1.172325719357083607e+01 1.377150993724294636e+01 5.875190666968755693e+00 1.275356581767507258e+01 1.493509563735393719e+01 6.367562331426202427e+00 4.574344774474828235e+00 1.727381916002333995e+01 1.528049668998938948e+01 8.749770724291975554e+00 1.902312832810304855e+01 3.481313911650195436e+00 1.270227192897498369e+01 2.169678699636530084e+01 1.625312771125629752e+01 1.039016217528199171e+01 1.710389841377219255e+01 1.072900779503015301e+01 1.724017918947261663e+01 2.673004134232084272e+00 6.609070621774652210e+00 1.326751759391476604e+01
2.065849723985081354e+01 8.100283134662314311e+00 8.199285235774661729e+00 2.051780038555101271e+01 9.836634810192634859e+00 2.531869651997928017e+01 1.422746752404384019e+01 0.000000000000000000e+00 1.775286568986937041e+01 1.367554999037314722e+01 1.126537578363293868e+01 6.422326889906776692e+00 6.220532492956381887e+00 1.559526826994394000e+01 1.018753377625970913e+01 1.445166915304204025e+01 1.596666425213106955e+01 2.076359897971557089e+01 4.300078561362748353e+00 2.105400755720944872e+01 4.175579415391370119e+00 2.443206141040824164e+01 1.724301506645248949e+01 1.076541400233776180e+01 1.143896017799966103e+01 1.665530050716776600e+01 1.090296023250536273e+01 1.340820543424871047e+01 1.336946684298900223e+01 1.450764374452701411e+01 3.339915871863802010e+00 6.870247583721617701e+00 9.271790280531755357e+00 2.214213169293413586e+01 1.767733101715504418e+01 2.277853526770038073e+01 7.333611590900908972e+00 1.828540303033559766e+01 1.327666434573990273e+01 6.399382607116060662e+00 1.044824805936607426e+01 8.521686734370145899e+00 2.339443038488787963e+01 1.840427353596846416e+01 1.380541075451280264e+01 1.402447800879317441e+01 1.855610535810761164e+01 1.574208649539131954e+01 2.033425917733050525e+01 1.658587990708668158e+01 8.745924703712134374e+00 1.277647669768659711e+01 3.998880565698771594e+00 1.611924152759904416e+01 4.187044203071252468e+00 1.845846031445057633e+01 1.228184573933609691e+01 2.493812611606442076e+00 9.268176870140367285e+00 1.117964462743193188e+01 2.182960356637572730e+01 2.313141749949962289e+01 2.069343594985609514e+01 1.205270275388486567e+01 1.551200885565753751e+01 2.133880768135000494e+00 1.540489528026428268e+01 1.401094664449222549e+01 6.491577748804757242e+00 6.201683350414890938e+00 8.901436662547697054e+00 5.895038445440676789e+00 1.159393523161567607e+01 8.229051788515299393e+00 2.374997235682218655e+00
7.934751512935299900e+00 1.497784994101287204e+01 1.415764953740834109e+01 8.005102916423300741e+00 8.313273860940194382e+00 8.002327811839991867e+00 1.111443368342230364e+01 1.775286568986937041e+01 0.000000000000000000e+00 1.050572918645956122e+01 7.453820027210388943e+00 1.386865563799645784e+01 1.263084573381987852e+01 5.232227466762987333e+00 1.037784489665764021e+01 5.037115808254786664e+00 5.638070167680335310e+00 4.781604535728025240e+00 1.703174463052225462e+01 4.295415226120911534e+00 1.668492060744413052e+01 7.824179288175512781e+00 9.474095164768151278e+00 1.199328243724009546e+01 1.222508101017490922e+01 8.638497287767631150e+00 8.450873720531916433e+00 7.056961386013612447e+00 8.041733951188893670e+00 3.761420512629317869e+00 1.451960835488656798e+01 1.117937615318863642e+01 1.051472971321130601e+01 4.949612913197409370e+00 3.114170123863036821e+00 7.032582611791154292e+00 1.306082364718175803e+01 3.106161595352830318e+00 4.667794303684923207e+00 1.301367586461599757e+01 1.024412724809615760e+01 9.945122634569445452e+00 7.003912671378753174e+00 6.014875017986563321e+00 5.462391754925526755e+00 7.745918322217447916e+00 5.598103070557586491e+00 2.827773479951258384e+00 2.584189197012545236e+00 2.744863893644579278e+00 1.259018390681629107e+01 6.177367792777364031e+00 1.499997897789042156e+01 2.416408980310388532e+00 1.434864710700597179e+01 7.552869555150921954e+00 6.251609761014573330e+00 1.844748029589520755e+01 1.342866255937863684e+01 8.754705926493073775e+00 6.480502211947664293e+00 5.862506202253369381e+00 5.438023008180068452e+00 8.192459913470322874e+00 7.721469294320040255e+00 1.687190607311774571e+01 1.058235331294299897e+01 5.287727805542520088e+00 1.511745555312703537e+01 1.514038914653215606e+01 9.299129645250848952e+00 1.668201245397665033e+01 9.961903523686057582e+00 1.060112474946778960e+01 1.642798361933786211e+01
1.774220390225994848e+01 7.782603553910172778e+00 1.989376944855255758e+01 7.636795134429088527e+00 8.582118910435328374e+00 1.260076101823788974e+01 2.150767277512206022e+01 1.367554999037314722e+01 1.050572918645956122e+01 0.000000000000000000e+00 1.467165446384245087e+01 9.924891907935734281e+00 1.499028472611939655e+01 5.279423395820931120e+00 5.091744154163107439e+00 1.054110527116393214e+01 1.608104586191841179e+01 1.288264343997872174e+01 1.666652208269232105e+01 8.202101527600413888e+00 9.857618944486072010e+00 1.155105615928630414e+01 1.991717038925652261e+01 2.034308382964838202e+01 4.264582540567718461e+00 3.781908709850579697e+00 1.140047825546534099e+01 5.010548286379264304e+00 1.810558818750144994e+01 1.314168751802163726e+01 1.256583182051196346e+01 1.208695256577798105e+01 1.701360684362266440e+01 1.030612420360062131e+01 1.329341308215019879e+01 1.591856836237376704e+01 6.720082033786633602e+00 7.412555774675340103e+00 7.769494366636759963e+00 1.772375615572831364e+01 3.227408114371675740e+00 1.366887623573964738e+01 1.326277324712107486e+01 5.534744040872165982e+00 1.557414929320336050e+01 2.786051771174992808e+00 1.560988948888294914e+01 7.727078416915493797e+00 9.684726499172279901e+00 1.318783958788265487e+01 5.497637089287144008e+00 1.266453179341371538e+01 1.477410052679593377e+01 1.010449947187582964e+01 9.941921522261623068e+00 1.766735370433062968e+01 9.947247915501073123e+00 1.207874959079665445e+01 2.051403549185466701e+01 1.710312770117174352e+01 8.948598315253788016e+00 1.025669670662375310e+01 1.516105421048002810e+01 4.074189754672056019e+00 1.816444498855812029e+01 1.486757753516334191e+01 2.155044751332459985e+00 5.365219094512948317e+00 1.828356432990685931e+01 8.114224240408164590e+00 1.148760717937233622e+01 9.535031910509347952e+00 1.910142637518960029e+01 1.547817443901361756e+01 1.135552241084595515e+01
9.462525375786857040e+00 1.389023168427909383e+01 7.140934393933395796e+00 1.487584764749488109e+01 6.882301607586769343e+00 1.412272465591531656e+01 6.981062768735173840e+00 1.126537578363293868e+01 7.453820027210388943e+00 1.467165446384245087e+01 0.000000000000000000e+00 8.079084151911365197e+00 5.401781550764243711e+00 1.045546147574415841e+01 1.327898390983769339e+01 6.333269595650714123e+00 4.770692388067113043e+00 9.567627115651609060e+00 9.792395239641178861e+00 1.136277336390164017e+01 1.021374095449723995e+01 1.497959647726514554e+01 6.507518767297447937e+00 6.306295910213233213e+00 1.632047001642355610e+01 1.402058520017140708e+01 3.659061153896506990e+00 9.667218846670179389e+00 3.537809257478133684e+00 3.737235961151241792e+00 8.030459713918707720e+00 4.889469924766348896e+00 3.181048084974668289e+00 1.094615982887017047e+01 6.481359153091101888e+00 1.158256340363642600e+01 1.126941467077941361e+01 9.741942775440582736e+00 7.634044444321030909e+00 5.692025363616678213e+00 1.423877735144927925e+01 2.907792508199864567e+00 1.219845852082394266e+01 1.248163708348879730e+01 2.609438890448858572e+00 1.205840178898630199e+01 7.360133494043672009e+00 8.965689970236143225e+00 9.479453568628921190e+00 5.389908043022741069e+00 1.367207952067843735e+01 3.824819310306703191e+00 7.853638439670734606e+00 6.501860544398595287e+00 8.354975767177966972e+00 7.262488450386609173e+00 5.948750606514211725e+00 1.195999038965876693e+01 6.778706621733372906e+00 2.460647726055931184e+00 1.354313693087121173e+01 1.274086725029785150e+01 9.497464085792147515e+00 1.218711001682343564e+01 4.498695550953196509e+00 1.003214818119614549e+01 1.511576877077363790e+01 9.417109399976681061e+00 7.804787229925491232e+00 1.162344084241844300e+01 3.893833790204829448e+00 1.185742536877900477e+01 4.628421356976328838e+00 3.311113492515226575e+00 9.940493713101428597e+00
1.708812929914360979e+01 5.841140911294188776e+00 1.004013021178081999e+01 1.598385156816153696e+01 5.952424758319728504e+00 2.093443164218164654e+01 1.355954172326510943e+01 6.422326889906776692e+00 1.386865563799645784e+01 9.924891907935734281e+00 8.079084151911365197e+00 0.000000000000000000e+00 5.671460336823306747e+00 1.159103412303548453e+01 5.269455098126987203e+00 1.056745910116912412e+01 1.239629631142386934e+01 1.719323103900836713e+01 7.683377790282147402e+00 1.653551607871381535e+01 4.265535832008628070e+00 1.989811259301875523e+01 1.456928111743265220e+01 1.131252602031094590e+01 8.352780660939400192e+00 1.211832030714037600e+01 7.103835636292974876e+00 9.523995382375794350e+00 1.141658509603674609e+01 1.093727580381981745e+01 3.378747965169329515e+00 3.253563998852191386e+00 8.840856241087596601e+00 1.850380044407965485e+01 1.410696307644786174e+01 1.920816732699319473e+01 3.205676169524554808e+00 1.424350998253225242e+01 9.392454293866986603e+00 7.822012207835183695e+00 6.743803964172291998e+00 5.989062253548270043e+00 1.982406244418069718e+01 1.386645689524936031e+01 1.023504281380561132e+01 9.499814013724961370e+00 1.498573741740042209e+01 1.185787644351839987e+01 1.645004912545758557e+01 1.301551196637949204e+01 5.622556929595101671e+00 9.206108756979396901e+00 5.130755488731916003e+00 1.223503147572612093e+01 2.358982221262500900e+00 1.488809237374336014e+01 8.397635687463186116e+00 6.541504034505744691e+00 1.081399063276580996e+01 9.763440365037162394e+00 1.729565474898624089e+01 1.859479335910899778e+01 1.712306800914890204e+01 7.456368361196471284e+00 1.255412108364543222e+01 6.281638862164664161e+00 1.148223948789453530e+01 1.012673659261930759e+01 8.459515597011623811e+00 3.574350069433540611e+00 5.185817204233080346e+00 5.297409884405751335e+00 1.104486307548259560e+01 7.197093970778378313e+00 4.664505205880222327e+00
1.485168329128239684e+01 1.148260786919103182e+01 5.366953907695098280e+00 1.681345638181182878e+01 6.408165815684062849e+00 1.951188257141085458e+01 8.032190145239285428e+00 6.220532492956381887e+00 1.263084573381987852e+01 1.499028472611939655e+01 5.401781550764243711e+00 5.671460336823306747e+00 0.000000000000000000e+00 1.116058078925981611e+01 1.087136009474963316e+01 9.415221739507256160e+00 1.015985030356265106e+01 1.495678503114715241e+01 4.403260051533132824e+00 1.639298971928243986e+01 7.276163814591949830e+00 2.025398092191522537e+01 1.122955907227507311e+01 6.001593347104915210e+00 1.399467943693467475e+01 1.463971558550182195e+01 5.581881646085114390e+00 9.979736439740133136e+00 7.294304153284679515e+00 8.925785289556831259e+00 3.479282899710023358e+00 3.273225198002691183e+00 3.202395955948566186e+00 1.633531774436571382e+01 1.187051706858664879e+01 1.697172131913197290e+01 8.861790855691353386e+00 1.375155668734524461e+01 8.729065846233492465e+00 2.763680209882958927e+00 1.239546482216963241e+01 2.728938623972232858e+00 1.758761643631948246e+01 1.410820339810161173e+01 7.998596805944400145e+00 1.253372093362063389e+01 1.274929140953920914e+01 1.118422443272133648e+01 1.486861148412445921e+01 1.077906595851827909e+01 1.126445570559037535e+01 7.213408966387179433e+00 2.452369138551969918e+00 1.109276130664366455e+01 5.882515877804225468e+00 1.265164636588214897e+01 7.622130441386107513e+00 6.931788846425142481e+00 5.787551525995865198e+00 5.082293965025582949e+00 1.759893698150940722e+01 1.813002516579339130e+01 1.488662200128768731e+01 1.250574027910038843e+01 9.567131342704374930e+00 4.672756735072923995e+00 1.554141831806547280e+01 1.003883929184442891e+01 4.034030277356708716e+00 9.215817027330386324e+00 3.912299222018682521e+00 9.350027506405659494e+00 5.373402738659292410e+00 2.095873802952429532e+00 5.376845476097107834e+00
1.265136834906388152e+01 1.087253505075628546e+01 1.624535010833788107e+01 5.652875592552005557e+00 6.110324543148348830e+00 1.000499168762955016e+01 1.634666115018529453e+01 1.559526826994394000e+01 5.232227466762987333e+00 5.279423395820931120e+00 1.045546147574415841e+01 1.159103412303548453e+01 1.116058078925981611e+01 0.000000000000000000e+00 6.321579024908497324e+00 5.534568145625316404e+00 1.087029763444332353e+01 8.152830709037822032e+00 1.541464883531716090e+01 5.595334136049032736e+00 1.266134853461602461e+01 9.256702676266902685e+00 1.470479901720045923e+01 1.612689084155007890e+01 7.430079528575573633e+00 3.907166857182924335e+00 7.118515662224535134e+00 3.776251180988535516e+00 1.327396141795188456e+01 7.993801012260791872e+00 1.236201093496113579e+01 9.048644289378962924e+00 1.279741385552437904e+01 7.420178305097471672e+00 8.148843293505517948e+00 1.091514237972011792e+01 8.962490828757442074e+00 2.874335306677483270e+00 2.976179514518336955e+00 1.366370395885939359e+01 6.099339698888466721e+00 9.467569374691867878e+00 9.673941231119554729e+00 2.997446022805959398e+00 1.060965650126687265e+01 2.563684373627320046e+00 1.048320422078573699e+01 2.579191911154654182e+00 5.471004929697547148e+00 7.977091360407566611e+00 8.487288534784934058e+00 8.034881180668598688e+00 1.289666896730169654e+01 4.956612966114992247e+00 1.219104968708053249e+01 1.253050928957091870e+01 5.427282626316030090e+00 1.490788233483132430e+01 1.629784250375638166e+01 1.288693471307345639e+01 6.607954222954636414e+00 7.695728747621628507e+00 1.006051485490864472e+01 4.195322049536287956e+00 1.295369676108303025e+01 1.476836580588890158e+01 5.587370647089882070e+00 2.135195227705227072e+00 1.517163014142223609e+01 1.103749377450080438e+01 7.383201180021506715e+00 1.257708725920063131e+01 1.488523338709131139e+01 1.127087055889373879e+01 1.377000597116566283e+01
1.831259640959293478e+01 5.263995902625972612e+00 1.524002996970714996e+01 1.071439647003454887e+01 8.282959446603644693e+00 1.566497654405466378e+01 1.875944148119143762e+01 1.018753377625970913e+01 1.037784489665764021e+01 5.091744154163107439e+00 1.327898390983769339e+01 5.269455098126987203e+00 1.087136009474963316e+01 6.321579024908497324e+00 0.000000000000000000e+00 1.024194580733225024e+01 1.589757346223405143e+01 1.442424476448540815e+01 1.288327754820847382e+01 1.126606098058682370e+01 6.736718523934346337e+00 1.462865749489177247e+01 1.973369798957215338e+01 1.651242577823727231e+01 5.602268339973396571e+00 6.848865209013387023e+00 1.110131879163365731e+01 4.711388822547577959e+00 1.661648485396307606e+01 1.295821511833727691e+01 8.578647723095656374e+00 8.453463756778520022e+00 1.404075599901392657e+01 1.323434534595267209e+01 1.343277163960182818e+01 1.698578883677946294e+01 3.011408054223136510e+00 8.974054884405266108e+00 7.480524023810683154e+00 1.302191196576151277e+01 2.984301638245088206e+00 1.118896201147459557e+01 1.559100559171647049e+01 8.597001797122372224e+00 1.527498982937167504e+01 4.230358915597972391e+00 1.587375682936835375e+01 7.783928546740220611e+00 1.149853854382802432e+01 1.300436718819829451e+01 2.851663243700233163e+00 1.236537232958203170e+01 1.033065524665824242e+01 9.921027072191474616e+00 6.316704776851468139e+00 1.781342642957165978e+01 9.648088451669391219e+00 8.983252324149654910e+00 1.601389039069213638e+01 1.496334012296349236e+01 1.202619965085924569e+01 1.332533826098201502e+01 1.573185541198114379e+01 2.186913263069484525e+00 1.775402084157175864e+01 1.127918993959549354e+01 6.415467525368644175e+00 5.090117091115127224e+00 1.365941535493795378e+01 5.112863763819125218e+00 1.038571696215940676e+01 6.710998527435367400e+00 1.624476283340892735e+01 1.239699372870470562e+01 7.826913137899578210e+00
9.971966806893703961e+00 1.484195085168748030e+01 1.264869162537003611e+01 1.082852572344466147e+01 5.012077324112860666e+00 1.281484515971140858e+01 1.213933091295847255e+01 1.445166915304204025e+01 5.037115808254786664e+00 1.054110527116393214e+01 6.333269595650714123e+00 1.056745910116912412e+01 9.415221739507256160e+00 5.534568145625316404e+00 1.024194580733225024e+01 0.000000000000000000e+00 6.703886593137069028e+00 9.229804252523102548e+00 1.381734653061320905e+01 8.388047387738984284e+00 1.338372407061679858e+01 1.231376170946380100e+01 1.074344571358223632e+01 1.221334415264754725e+01 1.218992082374503383e+01 9.366917321750079850e+00 3.970585496773743284e+00 5.545389583355485819e+00 9.039896210309750657e+00 3.405255090126568795e+00 1.121841181805923426e+01 7.878179616361304483e+00 8.812649608030211468e+00 9.847942303157010357e+00 6.874906115231585346e+00 1.148078232858623160e+01 1.292492455785636452e+01 5.859636406255360974e+00 2.782323636505883435e+00 1.055424490895645029e+01 1.010822815877076231e+01 6.743272952347573401e+00 1.162368842099054866e+01 8.073989734489604331e+00 6.076005736514057176e+00 7.859404581423937941e+00 7.846405224716680671e+00 3.688534033569231596e+00 7.569221969764908131e+00 4.173279399953022661e+00 1.245428481749089222e+01 2.520093469412568510e+00 1.169878244106308784e+01 2.678226287045077481e+00 1.104745057017863630e+01 8.969612088464465671e+00 2.318145753535688414e+00 1.514628375906786850e+01 1.247701579458542653e+01 8.760299794902891790e+00 9.773821884323753650e+00 1.056461962028447132e+01 9.739384550482558467e+00 8.056560824144924027e+00 8.786395817448793721e+00 1.357070953629041021e+01 1.088837804147770072e+01 5.184566023415985825e+00 1.252898231695008491e+01 1.411181579167620725e+01 5.997933108423519677e+00 1.474047962476257467e+01 1.086303279029895208e+01 7.895806576762232076e+00 1.312678708251053017e+01
4.829614144147706511e+00 1.820744384379159797e+01 1.072440812253613096e+01 1.363861894827509502e+01 9.816261914516225318e+00 1.007543727308548220e+01 5.591378347571048124e+00 1.596666425213106955e+01 5.638070167680335310e+00 1.608104586191841179e+01 4.770692388067113043e+00 1.239629631142386934e+01 1.015985030356265106e+01 1.087029763444332353e+01 1.589757346223405143e+01 6.703886593137069028e+00 0.000000000000000000e+00 5.417256137325773935e+00 1.455046399243959065e+01 9.595761101250909419e+00 1.491502942299537438e+01 1.203634249995756633e+01 4.073847380515699612e+00 7.439965222052586924e+00 1.777845147920538338e+01 1.427656745544796735e+01 6.843286087879762114e+00 1.154398864112382306e+01 3.622300335351878786e+00 3.363872306960922653e+00 1.273174818241684036e+01 9.192531732226484564e+00 7.538311470334035036e+00 7.751208083146881478e+00 3.109740240551229551e+00 7.114209647122481606e+00 1.558662683029192486e+01 8.744231763033162963e+00 9.154821558795134706e+00 1.045009411641509089e+01 1.576385581367257060e+01 7.665861260998274140e+00 7.824000067818768223e+00 1.165294518566689952e+01 2.567539972237242729e+00 1.338398848989777790e+01 2.835420615231238006e+00 8.453268555043205623e+00 6.695005028536868963e+00 2.893206274035756032e+00 1.798929168019094504e+01 4.962608485620779497e+00 1.261170719246914018e+01 6.246893677828865066e+00 1.273706301208809677e+01 2.507433548307918425e+00 7.332078958245417333e+00 1.666127885815690135e+01 9.537854296119911979e+00 5.363622515081513775e+00 1.168649253303227198e+01 9.799452929906655285e+00 4.981102804650488380e+00 1.371218847904672700e+01 2.133913233563050849e+00 1.473343664969427635e+01 1.622042348062332451e+01 1.080745637111892243e+01 1.256285598272390303e+01 1.594065300193095247e+01 7.522969012983552695e+00 1.639663180548696175e+01 5.708997167748445456e+00 8.069182245313637480e+00 1.464178218159955769e+01
4.863374064224833759e+00 1.897373842579373004e+01 1.573907847414939987e+01 1.030446198287317650e+01 1.300381545281923046e+01 4.672310589817143978e+00 1.040403376412586134e+01 2.076359897971557089e+01 4.781604535728025240e+00 1.288264343997872174e+01 9.567627115651609060e+00 1.719323103900836713e+01 1.495678503114715241e+01 8.152830709037822032e+00 1.442424476448540815e+01 9.229804252523102548e+00 5.417256137325773935e+00 0.000000000000000000e+00 1.934739872002409555e+01 6.069820321258236895e+00 1.971196415057987750e+01 7.095774196644482501e+00 7.915151081227086216e+00 1.274164060785099828e+01 1.552753280966607896e+01 1.097978065617390975e+01 1.149498349484819393e+01 1.174750297789264764e+01 8.897667885395005527e+00 7.209590737829481455e+00 1.752868291000133638e+01 1.398946645981097703e+01 1.239113527131948445e+01 3.141320818297305362e+00 3.086267962560508948e+00 3.063959640518110650e+00 1.706369420379488133e+01 5.668418345141004622e+00 9.358335895563961060e+00 1.524702884399959224e+01 1.420054307392589621e+01 1.246279598858277993e+01 2.638163182827327091e+00 8.356158386392843695e+00 7.247986764780535829e+00 1.037468576836001510e+01 3.460537651152980398e+00 7.197622253875351817e+00 3.318617657913017549e+00 5.109944622325136798e+00 1.658849190982237687e+01 9.323053390465485535e+00 1.740864192005363620e+01 6.833041320754924541e+00 1.753399773967258923e+01 5.500008534384181580e+00 1.094215135289360852e+01 2.145821358574139737e+01 1.468731350143883496e+01 1.031573738425459652e+01 8.157296939342206343e+00 5.307146906821136767e+00 2.300103677645895850e+00 1.229980412210255736e+01 7.123823362393565617e+00 1.953037137727877592e+01 1.292363668134927757e+01 1.006933234127054178e+01 1.735979071030840970e+01 1.913869714953824541e+01 1.230312997983892664e+01 2.067829063423807057e+01 1.098272015646476341e+01 1.286611697289813883e+01 1.943871690918405903e+01
1.924229698015933110e+01 1.210885055649957387e+01 4.664820046878269011e+00 2.106752442786917356e+01 1.047343503524673913e+01 2.390249626028779062e+01 1.241472562272090663e+01 4.300078561362748353e+00 1.703174463052225462e+01 1.666652208269232105e+01 9.792395239641178861e+00 7.683377790282147402e+00 4.403260051533132824e+00 1.541464883531716090e+01 1.288327754820847382e+01 1.381734653061320905e+01 1.455046399243959065e+01 1.934739872002409555e+01 0.000000000000000000e+00 2.076262948893062799e+01 7.871569446198530606e+00 2.451828440783049956e+01 1.562017276115201092e+01 8.639842804388164765e+00 1.479139918819928035e+01 1.878857354908185329e+01 9.904358112813840265e+00 1.404500565930280942e+01 1.168491784216161911e+01 1.332462234494658837e+01 4.305423747527306055e+00 6.974054014069840157e+00 7.403601049011572677e+00 2.072593143324262854e+01 1.626113075746358660e+01 2.136233500800892315e+01 1.010193361971714943e+01 1.801895397234019569e+01 1.299646313122844710e+01 4.126170578866472205e+00 1.344754484611313039e+01 7.132198675505365237e+00 2.197823012519642205e+01 1.836654958480443867e+01 1.238921049482133441e+01 1.661415452205734056e+01 1.713990509841614696e+01 1.545162171771629112e+01 1.925922517300140058e+01 1.516967964739521513e+01 1.207869530365904076e+01 1.161430786308954488e+01 2.575930016461652539e+00 1.549366020334604421e+01 6.746888559916273564e+00 1.704226005475909389e+01 1.190619202847136471e+01 6.721513018277978091e+00 6.879991103761359916e+00 9.472728174906540843e+00 2.186324046742468141e+01 2.252063885467032378e+01 1.927723569016462335e+01 1.492022160952048715e+01 1.395774503158131630e+01 2.175149679861293261e+00 1.836622251981792431e+01 1.428888710125485595e+01 2.200867604722658299e+00 9.848744816862891938e+00 8.172453451798157076e+00 9.945433138012237606e+00 9.753945711214358383e+00 6.484954268492366225e+00 5.824031961029642268e+00
1.089901160481670672e+01 1.581541547417162796e+01 1.839027398799496993e+01 4.262663395729639149e+00 1.161441572828027269e+01 4.435924521087919459e+00 1.518304469008011459e+01 2.105400755720944872e+01 4.295415226120911534e+00 8.202101527600413888e+00 1.136277336390164017e+01 1.653551607871381535e+01 1.639298971928243986e+01 5.595334136049032736e+00 1.126606098058682370e+01 8.388047387738984284e+00 9.595761101250909419e+00 6.069820321258236895e+00 2.076262948893062799e+01 0.000000000000000000e+00 1.760422895803136711e+01 4.074194280434281445e+00 1.322209021306894705e+01 1.611270000345890452e+01 1.236857334565772071e+01 4.991531581056822375e+00 1.175201558787199652e+01 8.862926375091383591e+00 1.216115151740769917e+01 7.786182632043517238e+00 1.782075022222665339e+01 1.448051802052872006e+01 1.453809299180825043e+01 3.362823760561187036e+00 6.512852008904438605e+00 9.062927423851517617e+00 1.390537125217278103e+01 2.857321242613218626e+00 7.871830076627458261e+00 1.683119883246627779e+01 1.104222012230379946e+01 1.370726662003200502e+01 6.316480811497403813e+00 2.695077170486936513e+00 9.635860205569919401e+00 7.055670599232041873e+00 8.826676165372969507e+00 5.445368661953867928e+00 2.904165425926506394e+00 6.864281459863386559e+00 1.343016895820027123e+01 9.859563133954182490e+00 1.830112084523050697e+01 5.730946447744124761e+00 1.720359497988765440e+01 1.088679263108487305e+01 9.552751628354654301e+00 1.985076275824667036e+01 1.754808012559744768e+01 1.297270528787522004e+01 2.192920478049157129e+00 2.226879482766444873e+00 8.365000954372765918e+00 9.144232088218155141e+00 1.172744529274394232e+01 2.017304794045782756e+01 7.077001345948171540e+00 7.622749563052599875e+00 1.893497852097730672e+01 1.598037419791614333e+01 1.260027151259093436e+01 1.751996768261598092e+01 1.408132108990486664e+01 1.441864771731807160e+01 1.871288639458100889e+01
1.960686241071512015e+01 4.245254897944047201e+00 1.147887623581180172e+01 1.704869662414945708e+01 8.768689727767398523e+00 2.200314452149920186e+01 1.516631549765891229e+01 4.175579415391370119e+00 1.668492060744413052e+01 9.857618944486072010e+00 1.021374095449723995e+01 4.265535832008628070e+00 7.276163814591949830e+00 1.266134853461602461e+01 6.736718523934346337e+00 1.338372407061679858e+01 1.491502942299537438e+01 1.971196415057987750e+01 7.871569446198530606e+00 1.760422895803136711e+01 0.000000000000000000e+00 2.096295764900666825e+01 1.630238415019248777e+01 1.288661169122510763e+01 7.263380762608289132e+00 1.318619674576621037e+01 9.851325403369662226e+00 1.109778783253731760e+01 1.304860035021527054e+01 1.345600891539131894e+01 3.898039466585206725e+00 5.807584436023256913e+00 1.044293939535069882e+01 1.957265249112071004e+01 1.662569618801935789e+01 2.172690043856469444e+01 4.113207503351885563e+00 1.531236202957331294e+01 1.220871926331466106e+01 9.354986986077376443e+00 6.697463792840694374e+00 7.698415566314607439e+00 2.192931273688451910e+01 1.493516977456690853e+01 1.275377592537710747e+01 1.055496960050206923e+01 1.750447052897191824e+01 1.417032755672996203e+01 1.783684568899608536e+01 1.553424507795098819e+01 4.573965633044648982e+00 1.172484186855089661e+01 6.308710377000926073e+00 1.505129644517379894e+01 2.576227515717365524e+00 1.740682548531486518e+01 1.121390065691085525e+01 2.280273264761443652e+00 1.234011059040743952e+01 1.137880907179126133e+01 1.836049980497416101e+01 1.966231373809805305e+01 1.964180112072039819e+01 8.586309877389950884e+00 1.446037402652184234e+01 5.851211313189093488e+00 1.178711414260389390e+01 1.147651610110487042e+01 9.838102256836300796e+00 2.101181429557932301e+00 7.849801833412007213e+00 2.076293295446502540e+00 1.264956655325123869e+01 8.807877670430064754e+00 2.090810949721045198e+00
