0.000000000000000000e+00 1.827738102252022490e+00 1.200944489521396541e+00 1.488352407195074889e+00 9.894045127313750854e-01 1.184076550229988811e+00 1.174052346798514668e+00 8.941064625391110798e-01 1.545185828227211067e+00 7.801355636308427988e-01 6.891840333627912152e-01 9.729073943555908155e-01 5.531545647591877835e-01 1.349660592380719448e+00 1.410073007181080529e+00 7.744645837761375828e-01 4.548285210969573722e-01 7.624288928350810846e-01 9.564648843121982269e-01 8.288231756988529986e-01 6.614134338720836226e-01 5.387661238542060804e-01 8.765866233880383884e-01 1.295156887021959635e+00 1.041876540719539834e+00 1.486715677371033495e+00 6.362000643473049166e-01 1.197727381256760371e+00 8.642810022466371755e-01 9.556693592433171958e-01 1.578501109985793960e+00 1.198901134898138876e+00 1.233126644765015989e+00 7.399975867580396161e-01 4.469981198734599426e-01 5.384011192460159689e-01 9.707887860734263352e-01 8.127958301988887913e-01 1.192642559967058924e+00 6.337292134756071782e-01 2.468621966466742201e-01 7.736246790808589680e-01 1.397376845165248183e+00 9.446682558463601609e-01 1.341356252662110338e+00 7.128035222890365397e-01 9.665323957574006863e-01 1.392055657156326731e+00 8.618937683233206526e-01 4.386130040590449641e-01 1.328998544532920434e+00 1.023487314694526695e+00 1.207094791777543863e+00 6.219550348946882856e-01 1.571722491197449001e+00 1.286400035532986541e+00 1.127348971989026616e+00 9.987554165986203270e-01 1.354319876322401139e+00 1.021334710393900780e+00 5.643180834351916308e-01 8.216431126654635264e-01 6.973362945061872820e-01 1.049023962775969654e+00 7.987639800743109308e-01 7.453100602999258584e-01 1.038310762687233213e+00 3.967447703290007399e-01 1.398464242496414212e+00 8.699166183040039080e-01 1.132477218494932103e+00 8.755047841124995456e-01 1.018305799236226328e+00 8.515559226057757281e-01 1.317240439667974883e+00
1.827738102252022490e+00 0.000000000000000000e+00 1.446968059543881413e+00 9.947106112138384137e-01 1.665258815125623126e+00 1.422705053702286282e+00 9.128669121267785069e-01 1.639406767243813290e+00 9.724290831885004094e-01 2.040894668057083194e+00 1.812146473178966488e+00 8.650767983671364680e-01 1.432360983482491523e+00 5.299622247180130197e-01 6.005397936677012716e-01 1.334965022206808127e+00 1.742113304820961162e+00 1.432965240404208362e+00 1.044444038099172412e+00 1.159806389143421823e+00 1.440161366187660441e+00 1.592955103006855833e+00 1.205158545600536923e+00 6.654740426638859896e-01 8.416982216057720123e-01 6.137493426433242583e-01 1.513397225894413278e+00 7.779363517183623955e-01 1.050524240367714857e+00 1.149119063844324717e+00 2.788875866311100182e-01 8.078344174405449607e-01 6.857087338423372147e-01 1.484950728867494574e+00 1.524105971614276633e+00 1.813621103459269301e+00 1.170174472041589420e+00 1.457402870748566004e+00 8.279026122028233514e-01 1.194008888776414645e+00 1.582626649772574279e+00 1.455938398371910525e+00 6.838797116982223701e-01 1.080110063548837207e+00 7.735743671546512212e-01 1.503328304376422730e+00 9.953960065686706660e-01 4.594421592236038743e-01 1.526557683578550151e+00 1.474029824005942624e+00 5.874848937752981115e-01 1.251201503688603722e+00 7.148608049151210508e-01 1.486206146270452999e+00 4.419401912392330045e-01 7.235534960889983269e-01 9.716310334816249394e-01 1.291502753312264273e+00 8.308708187733736539e-01 8.760254848185816678e-01 1.414923340067262281e+00 1.227955747307912349e+00 1.194511145553378562e+00 9.936923734493441351e-01 1.040723241695810319e+00 1.480472358218509310e+00 1.354912780710085807e+00 1.650895095596022655e+00 5.285779888358587142e-01 1.182038003064692200e+00 7.281794773436506274e-01 9.926324494052081171e-01 1.034513698927690184e+00 1.602073922690083752e+00 7.470354758970918496e-01
1.200944489521396541e+00 1.446968059543881413e+00 0.000000000000000000e+00 1.145527202086046969e+00 9.884447926704135190e-01 9.535940806717871920e-01 9.595265889610153920e-01 1.060993964997974714e+00 1.117719004849146547e+00 1.379932277889625025e+00 1.151184083011507431e+00 5.818912611767449450e-01 8.042334532564210381e-01 1.128660439264964843e+00 9.559868686283443662e-01 7.939327753441016711e-01 1.086496252121371908e+00 7.712479148550923647e-01 6.074774897548178565e-01 6.637091222760544973e-01 8.283510669464408949e-01 9.319927128393981075e-01 3.325858278540864688e-01 8.883543927658733574e-01 8.725497577451331033e-01 1.231472420646841259e+00 9.013933129454502202e-01 8.781559423522710128e-01 8.796719245784072605e-01 6.818699755174627564e-01 1.197731067277653327e+00 8.282708426273190927e-01 1.138888367224367482e+00 8.239883387000368486e-01 8.631435814468191303e-01 1.156620252378198321e+00 7.631754795078915521e-01 7.721330696324562037e-01 7.163348542427960819e-01 5.686204275928553598e-01 9.558330370419483302e-01 9.108338301288695371e-01 1.036209608712173491e+00 3.886548625775190224e-01 9.821263801032062979e-01 8.915180051352029622e-01 6.744447482393753912e-01 1.007533517087114250e+00 8.591176669380964359e-01 8.503925682256288088e-01 9.536052947595998752e-01 1.966154462781539713e-01 9.325702259796724292e-01 9.383426610202799667e-01 1.161028920539005416e+00 8.300105784490675598e-01 7.781445818511527612e-01 7.682139106498021563e-01 9.267779430828154696e-01 9.411651911827976225e-01 7.539609498998043335e-01 6.283644775190200260e-01 7.406797660407234973e-01 5.618783412106197472e-01 5.078769491988576190e-01 8.977726656226373558e-01 1.842268026484768506e-01 9.936085958699140130e-01 1.222809171075855961e+00 4.369374036338280476e-01 7.266989217224316677e-01 7.817687523629389679e-01 8.921277734046785257e-01 9.207104501269959274e-01 1.126083202733268340e+00
1.488352407195074889e+00 9.947106112138384137e-01 1.145527202086046969e+00 0.000000000000000000e+00 1.340819436404196763e+00 1.048897968165506400e+00 9.564770684566850090e-01 1.320708842708031350e+00 8.187070382074617125e-01 1.711054167058278397e+00 1.486163802190288097e+00 5.636359409093016914e-01 1.099987459605858975e+00 5.644524381387161505e-01 7.503713190370535635e-01 1.120844300886884470e+00 1.396672034988801769e+00 1.108525861682782443e+00 9.321618293471540806e-01 8.163358496007981913e-01 1.089102847823566700e+00 1.268515724285429691e+00 8.967839182471954995e-01 5.169579177288443628e-01 6.278102583437965567e-01 8.907530611140406229e-01 1.162338707530319537e+00 3.113652230312495273e-01 8.921103055253485348e-01 7.758820711805198833e-01 7.438874222411313575e-01 9.135774523636295275e-01 7.518267336354983454e-01 1.160511350146068210e+00 1.196018103299936408e+00 1.476116328241628750e+00 1.138141100772379621e+00 1.132963492027139418e+00 6.595875878549897209e-01 8.616353648997816528e-01 1.243240954715627788e+00 1.170191155543693462e+00 9.497909124033296902e-01 7.802157317695561645e-01 2.214483775048977088e-01 1.152269786012328767e+00 5.975552172263005613e-01 5.715212433288434646e-01 1.202118304857123787e+00 1.122971305641847994e+00 4.252783038349804978e-01 9.497606462307693898e-01 4.988478912987869829e-01 1.233640955842634002e+00 7.541384668590735973e-01 6.018881440409240557e-01 1.060828028707697435e+00 9.231943570202734151e-01 6.313928561504058568e-01 7.963697349400036263e-01 1.090483961345836583e+00 1.034061550383665207e+00 9.426047591420321226e-01 7.610166930871780089e-01 6.902444616219833851e-01 1.157925082870601141e+00 1.046538153356744383e+00 1.305453825763863707e+00 7.196250478852284083e-01 9.161936918231126104e-01 4.592449414282068210e-01 7.369597198440120955e-01 9.680810947181239801e-01 1.286506129405903698e+00 9.057205933171351697e-01
9.894045127313750854e-01 1.665258815125623126e+00 9.884447926704135190e-01 1.340819436404196763e+00 0.000000000000000000e+00 1.053457852260606398e+00 9.333605722183917486e-01 9.038145934653818436e-01 1.373654125559384154e+00 1.118281576468330263e+00 8.882653850894175473e-01 8.064622241965825333e-01 6.352568538442113777e-01 1.281976283077848278e+00 1.123456912518803197e+00 4.782425856295932642e-01 7.996258690077275855e-01 3.959952741959371081e-01 6.585618523990134365e-01 7.423072880616877756e-01 7.160053413617900597e-01 4.784950187702454727e-01 6.664512259462752608e-01 1.129753045126081323e+00 9.865754628381352420e-01 1.232861011979040411e+00 6.754437892151875511e-01 1.051565698244798952e+00 7.676675271884506602e-01 8.100626715742430539e-01 1.416021822859395041e+00 8.980274097087656004e-01 1.126747605563913401e+00 2.593504427418679703e-01 6.014928800255245900e-01 8.949695509569034479e-01 6.369735264661607888e-01 2.454930722607501781e-01 9.522759316260230866e-01 4.871406340509915611e-01 7.640051748709126844e-01 6.644882124790568723e-01 1.081882767412383872e+00 7.574819746669444465e-01 1.182324671933454141e+00 7.767835660952778776e-01 8.203707127454393788e-01 1.229576370029928478e+00 1.978604755651821034e-01 7.010830428698473504e-01 1.168222555284773367e+00 8.249805610523942567e-01 1.085886069792556308e+00 4.880732406985466842e-01 1.277754874260192741e+00 1.108218164273802930e+00 8.108776201520234705e-01 8.680776822386214731e-01 1.182788173654574448e+00 9.346432761184413351e-01 4.333266564690588241e-01 4.885735726125093326e-01 6.564821273744451124e-01 7.777708969227079550e-01 6.509528762424069415e-01 7.871808181068395971e-01 8.326382391923773385e-01 6.529228715837712693e-01 1.296224751126239694e+00 6.034379570390259184e-01 9.608176282284209835e-01 8.202037062310952864e-01 8.051196440009054101e-01 1.838854585756941606e-01 1.096299975765686163e+00
1.184076550229988811e+00 1.422705053702286282e+00 9.535940806717871920e-01 1.048897968165506400e+00 1.053457852260606398e+00 0.000000000000000000e+00 9.293253825046553507e-01 1.010679305224561286e+00 1.156764753741976293e+00 1.409263294086190443e+00 1.197430930267780802e+00 5.911401180190792859e-01 8.112545876833509029e-01 9.670664284460183113e-01 1.058182367446462768e+00 8.173844623338785143e-01 1.092396178023715470e+00 8.211642775391915228e-01 8.288893449188861062e-01 4.454631141021437313e-01 7.832769356417018658e-01 9.811541401418399921e-01 6.517068650557238385e-01 8.992709901750637336e-01 7.026925658796350227e-01 1.190149963838316838e+00 8.580628505652333482e-01 7.469842875410109828e-01 7.258052963155288140e-01 2.781899762256858089e-01 1.173468061436057752e+00 1.020171803363144836e+00 9.634547806996668351e-01 8.731497660024786223e-01 9.072852313774290023e-01 1.174001328106652586e+00 9.259723846330284447e-01 8.456019078835486091e-01 8.276552510600660995e-01 5.729024929772739139e-01 9.389650977505417107e-01 8.601616180602236206e-01 1.188240748621983922e+00 6.469936945201710810e-01 9.101640125446081031e-01 8.479939290472424673e-01 5.054608581136103007e-01 9.896671262793313995e-01 9.147567207135336442e-01 8.186954486767619166e-01 8.938965428872800434e-01 7.641253709667197302e-01 7.709762151607265634e-01 9.199099600913767105e-01 1.181024903045378549e+00 9.019226530843220679e-01 9.937743969084044116e-01 1.854423327838304048e-01 9.661875063480046544e-01 7.523670001496867155e-01 8.031223772022459961e-01 7.579748882753241102e-01 6.588815482362830878e-01 7.359470955097111577e-01 4.499911160829880852e-01 8.478955453871316328e-01 8.081917008480855591e-01 1.001177968798778073e+00 1.061215160256910428e+00 6.854597641524582396e-01 7.447857215770413708e-01 5.859745414463884972e-01 8.491192780941714258e-01 1.000174231566287597e+00 1.070008839098544051e+00
1.174052346798514668e+00 9.128669121267785069e-01 9.595265889610153920e-01 9.564770684566850090e-01 9.333605722183917486e-01 9.293253825046553507e-01 0.000000000000000000e+00 9.361281341380695009e-01 1.039377841935777536e+00 1.399239090654716300e+00 1.194347081784141951e+00 6.573911103562690705e-01 8.600748792488385197e-01 5.298538424767701427e-01 4.992835245856866999e-01 4.848956130121653274e-01 1.082371974592241326e+00 8.108214894448581012e-01 3.807044237589422009e-01 5.373160285375533363e-01 7.704513817542021359e-01 8.060135340397086567e-01 6.961612762068601912e-01 8.241382528949261488e-01 3.355877745391749878e-01 3.150675834668535402e-01 8.172117580245826796e-01 6.527602507263710052e-01 3.315157671970688225e-01 6.770401005601340838e-01 6.482433764723832814e-01 2.776838849981188018e-01 2.670606784240474596e-01 8.584276418388084862e-01 9.063065802194538723e-01 1.163977124675178443e+00 3.154271024988016814e-01 6.992825167210352522e-01 5.217108852512485351e-01 6.360105003155700487e-01 9.289408943190673451e-01 7.028882088596565270e-01 2.617265098334783380e-01 6.010121730834364628e-01 8.333791849868104062e-01 8.375301420574232658e-01 4.829148812080724662e-01 6.775245830486209542e-01 8.504316748451841157e-01 8.086712452452875510e-01 6.926195448406428090e-01 7.820954245169796648e-01 4.961553023248216343e-01 6.646281450383525469e-01 4.973849051998518456e-01 6.714523610234651718e-01 1.813820071098619646e-01 7.866933892828663621e-01 8.528786654374473919e-01 1.799603034967935389e-01 7.971239486724389645e-01 4.903169604061216602e-01 5.006684668692156226e-01 4.640506952624692261e-01 6.155548275153598370e-01 7.863760373401715853e-01 8.545129260565242912e-01 9.513171551787829028e-01 4.050792885007745703e-01 5.362035250992939206e-01 7.191030823328217192e-01 3.532681464778809066e-01 1.596808282712102178e-01 7.955019527015545489e-01 1.672915292346938421e-01
8.941064625391110798e-01 1.639406767243813290e+00 1.060993964997974714e+00 1.320708842708031350e+00 9.038145934653818436e-01 1.010679305224561286e+00 9.361281341380695009e-01 0.000000000000000000e+00 1.395850386435566692e+00 1.120392986336302243e+00 9.761540034014838385e-01 8.217828311226618165e-01 6.207533767574686667e-01 1.128133745136634003e+00 1.270306273678723619e+00 4.668677623646221853e-01 7.969458386964086705e-01 7.168044908438759855e-01 8.166981508098417608e-01 6.123908529032001669e-01 4.047900363355227960e-01 5.962610743321132833e-01 7.366360988646163399e-01 1.144032323789030414e+00 8.203496934754547221e-01 1.246898755516334889e+00 3.061114874374488148e-01 1.030083816769716387e+00 6.177216848896368573e-01 7.840079117079525872e-01 1.381715199298054531e+00 1.061760850508630449e+00 1.008909166328515905e+00 7.573274685801600903e-01 6.861303279950810019e-01 8.851310203567634982e-01 7.029257045466269505e-01 6.903206211191023067e-01 1.045380848191688861e+00 4.926113798555435963e-01 6.500947900006524005e-01 2.542951408724027917e-01 1.182826899997027281e+00 8.018506687503179631e-01 1.173712688175066576e+00 2.109481945394898472e-01 7.727044881198530391e-01 1.238805729860121829e+00 8.109014002767522822e-01 4.770162004661534505e-01 1.168471438472553636e+00 8.806697275984843865e-01 9.863356382432959535e-01 4.397241682778496030e-01 1.399291020709964695e+00 1.137064593741342167e+00 8.957723594259910938e-01 8.253581715931929130e-01 1.204984434530756765e+00 7.971305962012729118e-01 6.716571064375993494e-01 6.696792074041154619e-01 4.566418908598977588e-01 9.042733912391116569e-01 6.311204155872668364e-01 1.692322950920805147e-01 8.983602381638112755e-01 6.790372614921831307e-01 1.174260128303786122e+00 7.301498848016474419e-01 9.831417767032879507e-01 6.539779368684147665e-01 7.843573590574195453e-01 7.292560700574864940e-01 1.084311997173335040e+00
1.545185828227211067e+00 9.724290831885004094e-01 1.117719004849146547e+00 8.187070382074617125e-01 1.373654125559384154e+00 1.156764753741976293e+00 1.039377841935777536e+00 1.395850386435566692e+00 0.000000000000000000e+00 1.749289978490845554e+00 1.520541783612727071e+00 5.747942788102289313e-01 1.149808709457680767e+00 6.993360706267387483e-01 5.562887258183251138e-01 1.204200863357976159e+00 1.455853952722591549e+00 1.141360550837969168e+00 8.350291524729364090e-01 9.334860304944346820e-01 1.163796358115927854e+00 1.301350413440617526e+00 8.931304202451080254e-01 3.225113822590189305e-01 7.990383211774950700e-01 8.499341355870916326e-01 1.237032217822680691e+00 5.790749480147480144e-01 1.050648656784444412e+00 8.831787638840146171e-01 7.205037668858009781e-01 7.678980325781691318e-01 9.339049359240035875e-01 1.193346039301256267e+00 1.232501282048038105e+00 1.525977952979418406e+00 1.076553043690033240e+00 1.165798181182326143e+00 5.260679206519017770e-01 9.114566147516042216e-01 1.300074375747763300e+00 1.245332699271228583e+00 7.954922915074171819e-01 7.451549594923440045e-01 6.159058519549385213e-01 1.226963296304690365e+00 7.428801133444780103e-01 5.150493623500773666e-01 1.234952994012310734e+00 1.194475226796746448e+00 5.478734520915456985e-01 9.211035585709924645e-01 6.852061298143811152e-01 1.308782499570169788e+00 6.639551211344338899e-01 3.705924688459153460e-01 9.403017572060988760e-01 1.025553169203141435e+00 1.910602295869956724e-01 9.630643856448858342e-01 1.123318650501023752e+00 1.018498427770580639e+00 1.068726400449386826e+00 6.766244181195244511e-01 7.684565494751972592e-01 1.233014175357989073e+00 1.040376069270298576e+00 1.362966296471133543e+00 8.298807420869342977e-01 8.741516921490602998e-01 4.173754861588647724e-01 8.918508448607272987e-01 1.102470935751225456e+00 1.318575079601751687e+00 9.916200751635931843e-01
7.801355636308427988e-01 2.040894668057083194e+00 1.379932277889625025e+00 1.711054167058278397e+00 1.118281576468330263e+00 1.409263294086190443e+00 1.399239090654716300e+00 1.120392986336302243e+00 1.749289978490845554e+00 0.000000000000000000e+00 7.564809016152783672e-01 1.182098077128042934e+00 7.517303750133279561e-01 1.574847336236919970e+00 1.556108341153832342e+00 9.996513276323396591e-01 4.572358691606193126e-01 8.913059565720365951e-01 1.093712294141244046e+00 1.054009919555055630e+00 8.866001777282856988e-01 6.959653557902764076e-01 1.052514985879837939e+00 1.505388898057542058e+00 1.267063284575740800e+00 1.711902421227235349e+00 8.744762269074469740e-01 1.420429141119963878e+00 1.089467746102839252e+00 1.178926114449407203e+00 1.791657675790854887e+00 1.335018294183796472e+00 1.458313388621218287e+00 8.688746504949953486e-01 5.338959715895705838e-01 2.451188070204307623e-01 1.117008589154578013e+00 9.416728939358445238e-01 1.384834685559469980e+00 8.500800042725201733e-01 5.741756864135524330e-01 9.988114229370611552e-01 1.533494004450906223e+00 1.138243845593901682e+00 1.557960524864914653e+00 9.385650579305245822e-01 1.189234155620604083e+00 1.605212222961388768e+00 9.907708320602758301e-01 6.767614406618072120e-01 1.543858408216234102e+00 1.205617379944270429e+00 1.432281535633745051e+00 8.482653997989246797e-01 1.714282216427288619e+00 1.483854017205263665e+00 1.263466131274683990e+00 1.223942160454821959e+00 1.558424026586035183e+00 1.246521454250101968e+00 6.903809158023538339e-01 9.505201764024190370e-01 9.225230383623892472e-01 1.210329650856154515e+00 1.021025724252715872e+00 9.704968041561280456e-01 1.215142460370719935e+00 5.916907922729758296e-01 1.623650986352615622e+00 1.028849067405001483e+00 1.336453481159881607e+00 1.100691527968701289e+00 1.243492543092427516e+00 9.725311965462133390e-01 1.542427183524177403e+00
6.891840333627912152e-01 1.812146473178966488e+00 1.151184083011507431e+00 1.486163802190288097e+00 8.882653850894175473e-01 1.197430930267780802e+00 1.194347081784141951e+00 9.761540034014838385e-01 1.520541783612727071e+00 7.564809016152783672e-01 0.000000000000000000e+00 9.533498822499253400e-01 5.563057614955736474e-01 1.425949361085023570e+00 1.327360146275714303e+00 7.992216085998289365e-01 4.645504095463002248e-01 6.625577616939188896e-01 8.649640992631261183e-01 8.828950805740543029e-01 7.423611947934675159e-01 4.772928184771563220e-01 8.237667910017202333e-01 1.276640703179424019e+00 1.119144286464678339e+00 1.493321646976918382e+00 7.337852398657128683e-01 1.195538776251973356e+00 9.452287631680210689e-01 9.540357495814173472e-01 1.562909480912737958e+00 1.106270099305678434e+00 1.311566186453932303e+00 6.381995474418977743e-01 3.132055591231241998e-01 5.467407907214651974e-01 8.882603942764601967e-01 7.129246990577265963e-01 1.156086490681351941e+00 6.251896394045296512e-01 4.841673588634077263e-01 8.545724400022428613e-01 1.304745809572787740e+00 9.094956507157841985e-01 1.329212329986796615e+00 7.943260749957066214e-01 9.643437907526136721e-01 1.376464028083270730e+00 7.620226371821584577e-01 5.461112410849131571e-01 1.315110213338116285e+00 9.768691850661531673e-01 1.229859147799731156e+00 6.502114980332690530e-01 1.485534021549170136e+00 1.255105822327145182e+00 1.034717936396566396e+00 1.012050760245795766e+00 1.329675831707917144e+00 1.099774252082817094e+00 4.588834624121551631e-01 7.217719815243013315e-01 7.782840554275711753e-01 9.815814559780370319e-01 7.961353593847254606e-01 8.262578212213097517e-01 9.863942654926022291e-01 4.043277502323339156e-01 1.476903784185330526e+00 8.001008725268835553e-01 1.107705286281763568e+00 9.527725298576380508e-01 1.066106153566655612e+00 7.470226529345919131e-01 1.357286485331436809e+00
9.729073943555908155e-01 8.650767983671364680e-01 5.818912611767449450e-01 5.636359409093016914e-01 8.064622241965825333e-01 5.911401180190792859e-01 6.573911103562690705e-01 8.217828311226618165e-01 5.747942788102289313e-01 1.182098077128042934e+00 9.533498822499253400e-01 0.000000000000000000e+00 5.775302755860608483e-01 5.523724069026544337e-01 4.722007753064380031e-01 6.369845906206009767e-01 8.872825969245291544e-01 5.741686494751682135e-01 3.888022875035913595e-01 3.775160177944971718e-01 5.897288028030234219e-01 7.341585120778164608e-01 3.407970458143375070e-01 3.240098330749582312e-01 3.483617233523124690e-01 7.505299251600733301e-01 6.629646625097761481e-01 2.967535476582963128e-01 5.292312568169551534e-01 3.175541281611177213e-01 6.158398061009078273e-01 4.301546718335459984e-01 5.721760701535273386e-01 6.261541379384550909e-01 6.653093806852373726e-01 9.587860516166163416e-01 6.223805840546743351e-01 5.986062798195249668e-01 2.396773732684340241e-01 3.391781808799839149e-01 7.277959418761430488e-01 6.712651439583238178e-01 6.104538497046895218e-01 2.175366678883293159e-01 4.002351189264611309e-01 6.528957409917857113e-01 2.067934286376127140e-01 4.256422559103689163e-01 6.677610926495101129e-01 6.221967929251267515e-01 3.717140335828546527e-01 3.861247053214680314e-01 3.574870434864145796e-01 7.347149442572646905e-01 6.166167076165811611e-01 3.168052909320378530e-01 5.286235445196748595e-01 4.577176239783146694e-01 3.840865731196299593e-01 4.932342039469826966e-01 5.561267491382222428e-01 4.981108477367912069e-01 4.939321216391582836e-01 2.222833441075193761e-01 1.936622706649687164e-01 6.589466200450843081e-01 4.905512809238863348e-01 7.957743951083322553e-01 6.477259885825971120e-01 3.573113004197284726e-01 1.623438563256539013e-01 3.608485841564124663e-01 6.199402103177416024e-01 7.516974974782009156e-01 7.033261894502090827e-01
5.531545647591877835e-01 1.432360983482491523e+00 8.042334532564210381e-01 1.099987459605858975e+00 6.352568538442113777e-01 8.112545876833509029e-01 8.600748792488385197e-01 6.207533767574686667e-01 1.149808709457680767e+00 7.517303750133279561e-01 5.563057614955736474e-01 5.775302755860608483e-01 0.000000000000000000e+00 1.034511328887264270e+00 1.013361970916104582e+00 4.694413909825200237e-01 4.543438411691488876e-01 3.885054531106064135e-01 5.597538480472227240e-01 4.949066438958611425e-01 3.724452108746110213e-01 3.522284312946772911e-01 4.798755871230631076e-01 8.997797682524288909e-01 7.267272772260850999e-01 1.172738209821357680e+00 3.939988753454655712e-01 8.093624336675437902e-01 5.550791415663522965e-01 5.678594069969874480e-01 1.183123991216263660e+00 8.021900986331628181e-01 9.191491772153396189e-01 3.995737046125311109e-01 2.646968637285248005e-01 5.173027080543683986e-01 5.904140392883787669e-01 4.357809311618125458e-01 7.968596428808161214e-01 2.383520947060770168e-01 3.073254230833855072e-01 4.839801349535919339e-01 1.000665808900272458e+00 5.488853387601183575e-01 9.493534494880823127e-01 4.292888448164378645e-01 5.781674481681839950e-01 9.966785383867965420e-01 4.848788692862440741e-01 2.155675177135730758e-01 9.352513328394016501e-01 6.277043976082850030e-01 8.436828052153008128e-01 4.527376403770865809e-01 1.175011454932474386e+00 8.910229167634567959e-01 7.306379357240510020e-01 6.258744176613658672e-01 9.589427575528710612e-01 7.073572428442245208e-01 2.267564226389369997e-01 4.239256265362195131e-01 3.868177774871856545e-01 6.532410456897278506e-01 4.099590168002957835e-01 4.556655161726589909e-01 6.415997264222580432e-01 3.789714422580915398e-01 1.084486774946737953e+00 4.732055820390288492e-01 7.371000997254021359e-01 5.603555206190452553e-01 7.043283316865497357e-01 5.432620521668259927e-01 1.003262972118298180e+00
1.349660592380719448e+00 5.299622247180130197e-01 1.128660439264964843e+00 5.644524381387161505e-01 1.281976283077848278e+00 9.670664284460183113e-01 5.298538424767701427e-01 1.128133745136634003e+00 6.993360706267387483e-01 1.574847336236919970e+00 1.425949361085023570e+00 5.523724069026544337e-01 1.034511328887264270e+00 0.000000000000000000e+00 4.808592367918444466e-01 8.565256343698546271e-01 1.257980220174445218e+00 1.049682708356433736e+00 8.990122274562618587e-01 6.428893290587666121e-01 9.460596273364059172e-01 1.175433765456491919e+00 8.553728274129217546e-01 3.826980869866620782e-01 3.169248120656102397e-01 3.288587755322578965e-01 1.023646892715962542e+00 3.096585483226884650e-01 5.933487930097952612e-01 6.963868381691814546e-01 2.730397154006588001e-01 6.914527595493564771e-01 2.627931640527226831e-01 1.101668196819720391e+00 1.135803662194670993e+00 1.339585370257382113e+00 8.120498980714925263e-01 1.074120338700790933e+00 6.198259051092819272e-01 8.014209237945159048e-01 1.104549139901270793e+00 9.493740620084946125e-01 5.409991547338575124e-01 7.688531236542653913e-01 3.890465548861830047e-01 1.013138387639626936e+00 4.800473844687082048e-01 2.619607784295365227e-01 1.143275151530775524e+00 9.842794908274913324e-01 1.892829043811855294e-01 9.336937283404924681e-01 1.960902132852919144e-01 9.894974756117623782e-01 3.087121546539928763e-01 4.669016939020491086e-01 7.046231566440583904e-01 8.413628173007853261e-01 5.434171969642850319e-01 4.449545923964964289e-01 1.031640808019487654e+00 9.838982368826695302e-01 6.895487738950971668e-01 7.329729666444475544e-01 6.323135045025111145e-01 9.689338426183836672e-01 1.010006442048033470e+00 1.166762010949507156e+00 1.657397368561067674e-01 8.946720717869228734e-01 4.242779593652712955e-01 4.770012420239419515e-01 6.310826107689648801e-01 1.186373757890754277e+00 3.917915618369490760e-01
1.410073007181080529e+00 6.005397936677012716e-01 9.559868686283443662e-01 7.503713190370535635e-01 1.123456912518803197e+00 1.058182367446462768e+00 4.992835245856866999e-01 1.270306273678723619e+00 5.562887258183251138e-01 1.556108341153832342e+00 1.327360146275714303e+00 4.722007753064380031e-01 1.013361970916104582e+00 4.808592367918444466e-01 0.000000000000000000e+00 8.645536408871175027e-01 1.262672315385578337e+00 9.443582059289501451e-01 4.690845784701010990e-01 8.352382916683086522e-01 1.037663375627190465e+00 1.099014579842581441e+00 7.376245744003802063e-01 3.274557665514090665e-01 7.177848135099804683e-01 3.110359159417937502e-01 1.110521830605133653e+00 5.156032526495337720e-01 7.864028981003108321e-01 7.845963775885012037e-01 3.439138893099304428e-01 2.840954527142058872e-01 5.608378234925066597e-01 1.000164401964243721e+00 1.039319644711026225e+00 1.332796315642405860e+00 6.757306367707045514e-01 8.981844767190018120e-01 2.423405045856636131e-01 7.779327362736049301e-01 1.164961554701632096e+00 1.093886358666131597e+00 2.456567185269679376e-01 5.753701745596141448e-01 5.325129426668830934e-01 1.100830313815952533e+00 6.461989602618334327e-01 2.219406126055259443e-01 9.960149046280911689e-01 1.059521085885313241e+00 4.095265085111767234e-01 7.595578077262319372e-01 6.059872705500061185e-01 1.037587201357861533e+00 2.050420519106611328e-01 1.862595107173393993e-01 4.852837741859062914e-01 9.267850520280309645e-01 3.934342760521912785e-01 6.717323119698618283e-01 9.301370131640108729e-01 6.607432692383110595e-01 9.526406849824469170e-01 4.021466959265133090e-01 6.632730201448491236e-01 1.107084974303387037e+00 8.754223024476835979e-01 1.169784659134120774e+00 4.200525920115397716e-01 5.944900658833934814e-01 3.239243071973746391e-01 8.036528246804879316e-01 6.183372819958221633e-01 1.040843043506853416e+00 4.372888132832840058e-01
7.744645837761375828e-01 1.334965022206808127e+00 7.939327753441016711e-01 1.120844300886884470e+00 4.782425856295932642e-01 8.173844623338785143e-01 4.848956130121653274e-01 4.668677623646221853e-01 1.204200863357976159e+00 9.996513276323396591e-01 7.992216085998289365e-01 6.369845906206009767e-01 4.694413909825200237e-01 8.565256343698546271e-01 8.645536408871175027e-01 0.000000000000000000e+00 6.359508845950212486e-01 4.153562363088382225e-01 4.009581828743362109e-01 3.894814647213130088e-01 3.692479855716270798e-01 3.385175787498728717e-01 4.898238360041715644e-01 9.592340832869695744e-01 5.517244336173082742e-01 7.930404304166556173e-01 3.421754669923868786e-01 8.181785884916037421e-01 2.907832656274688121e-01 5.992096712058916363e-01 1.077273454261048480e+00 6.019681207313705151e-01 6.510438668336988588e-01 3.922683318387123474e-01 5.111811070351409692e-01 7.643893616528005808e-01 2.442357394675763460e-01 2.441645301322367678e-01 7.228888268397550831e-01 3.118740879429816593e-01 5.293531312966899272e-01 2.336278370862093501e-01 7.228944439797987398e-01 5.526341174923307120e-01 9.889144476730059585e-01 4.379423790350459589e-01 5.274145294061424183e-01 1.054007489358061100e+00 4.238629006841597713e-01 4.090834822229104661e-01 9.532047776107744896e-01 6.511893055041163558e-01 7.386272399809168387e-01 1.883791606977647248e-01 9.612649276754168248e-01 9.143976854841954216e-01 4.399600865531180238e-01 6.385980633030533538e-01 1.013334911453166232e+00 4.589395373882263485e-01 4.019984754881259503e-01 2.070422244208362239e-01 1.782395417448520702e-01 5.483837921364401735e-01 4.463221750852060521e-01 3.325588267922115482e-01 6.564528152543896988e-01 4.702751838365475390e-01 8.230783454143563160e-01 3.895396740641473565e-01 7.913643660270133218e-01 4.032202746847943220e-01 3.553363539749591626e-01 3.351468502031533792e-01 6.477273673992818281e-01
4.548285210969573722e-01 1.742113304820961162e+00 1.086496252121371908e+00 1.396672034988801769e+00 7.996258690077275855e-01 1.092396178023715470e+00 1.082371974592241326e+00 7.969458386964086705e-01 1.455853952722591549e+00 4.572358691606193126e-01 4.645504095463002248e-01 8.872825969245291544e-01 4.543438411691488876e-01 1.257980220174445218e+00 1.262672315385578337e+00 6.359508845950212486e-01 0.000000000000000000e+00 5.978699308037833671e-01 8.002762683729910398e-01 7.371428034925789907e-01 5.697330616658101698e-01 3.400838732908916806e-01 7.590789601115844887e-01 1.209532089590897641e+00 9.501961685132652713e-01 1.395035305164759931e+00 5.121798797262858693e-01 1.106047009050486585e+00 7.726006300403632787e-01 8.639889870370436320e-01 1.492876312554732188e+00 1.041582268415543355e+00 1.141446272558741981e+00 5.671850610922132274e-01 2.483576104762434678e-01 2.496262604628718129e-01 8.235725633863246742e-01 6.482368681675909627e-01 1.091398659791216863e+00 5.481044160445456281e-01 2.453290583197588193e-01 6.441389862355709761e-01 1.240057978682652218e+00 8.448078198256486759e-01 1.249675880455837218e+00 6.170283669234288837e-01 8.748520235511273446e-01 1.306430859725264959e+00 6.973348062920228241e-01 3.297251278181638767e-01 1.243373747101858218e+00 9.121813541760174227e-01 1.115414419571270077e+00 4.585680635209794520e-01 1.420846190659035280e+00 1.190417991437009437e+00 9.700301055064313172e-01 9.070750443923468742e-01 1.264988000817781177e+00 9.296543381876267720e-01 3.853024950642057744e-01 6.570841506341659199e-01 6.056559222999133851e-01 9.168936250879015093e-01 7.070836078680374781e-01 6.536296880936520726e-01 9.217064346024664845e-01 1.659595363551237823e-01 1.306783870290140870e+00 7.354130416367482548e-01 1.043017455391628490e+00 7.838244119062254267e-01 9.266254270299524309e-01 6.397941200665485662e-01 1.225560067461701319e+00
7.624288928350810846e-01 1.432965240404208362e+00 7.712479148550923647e-01 1.108525861682782443e+00 3.959952741959371081e-01 8.211642775391915228e-01 8.108214894448581012e-01 7.168044908438759855e-01 1.141360550837969168e+00 8.913059565720365951e-01 6.625577616939188896e-01 5.741686494751682135e-01 3.885054531106064135e-01 1.049682708356433736e+00 9.443582059289501451e-01 4.153562363088382225e-01 5.978699308037833671e-01 0.000000000000000000e+00 4.819621589163623487e-01 5.100137133402735667e-01 4.816278689898770282e-01 4.424784577375387440e-01 4.434354505885709785e-01 8.974594704046666704e-01 7.540634304202840088e-01 1.109796054637634866e+00 5.503760784337634604e-01 8.192721235233846322e-01 5.878451150904112632e-01 5.777690968528285120e-01 1.183728248137980499e+00 7.232681589589144977e-01 9.465183113907681411e-01 2.834171177930918661e-01 3.745172601292305337e-01 6.679939310606095582e-01 5.047348019371766803e-01 2.855764986509632952e-01 7.730845503345880054e-01 2.546286016331404944e-01 5.370295549746189057e-01 5.675651616907572139e-01 9.217438692260239153e-01 5.303144179410267389e-01 9.500310972120390440e-01 5.424060937233647905e-01 5.880771380240250590e-01 9.972827953085133812e-01 2.049188014865051810e-01 4.742375916745082964e-01 9.359289805633583814e-01 5.976879522913957077e-01 8.535924950711414327e-01 5.126121316138868567e-01 1.102532081202407310e+00 8.759245895523881664e-01 6.517159960498025706e-01 6.357841075172063761e-01 9.504945989331594625e-01 7.347263770196528210e-01 2.578566579972682571e-01 3.382463891850176485e-01 4.277351596661131405e-01 5.985795156312732068e-01 4.186593015209925661e-01 5.528033457349267321e-01 6.061741155316268115e-01 5.049822745523253609e-01 1.111855909122167141e+00 4.173561850658930594e-01 7.285240535070062196e-01 5.876916738132441642e-01 6.825805612273720957e-01 4.419914743668063029e-01 9.737608929921528489e-01
9.564648843121982269e-01 1.044444038099172412e+00 6.074774897548178565e-01 9.321618293471540806e-01 6.585618523990134365e-01 8.288893449188861062e-01 3.807044237589422009e-01 8.166981508098417608e-01 8.350291524729364090e-01 1.093712294141244046e+00 8.649640992631261183e-01 3.888022875035913595e-01 5.597538480472227240e-01 8.990122274562618587e-01 4.690845784701010990e-01 4.009581828743362109e-01 8.002762683729910398e-01 4.819621589163623487e-01 0.000000000000000000e+00 5.312494106280387651e-01 5.840552527583074971e-01 6.354191218297995380e-01 3.389115624288813189e-01 6.209562724654508203e-01 6.518091927067742875e-01 6.759528362297281268e-01 6.569137077362520172e-01 6.674404491705804299e-01 4.334443443132268703e-01 5.761969142416678569e-01 7.878181337414020824e-01 2.696106686521123064e-01 6.385087145788103102e-01 5.377683549516559802e-01 5.769235976984381509e-01 8.704002686298170088e-01 2.465945634035337786e-01 4.332894165992121627e-01 3.255576365848207865e-01 3.243246134047221285e-01 7.113534318327496830e-01 6.302909006533504721e-01 4.733982059330605341e-01 2.818907360238676052e-01 7.627236456305842571e-01 6.472221909470700085e-01 5.183326673564765397e-01 6.883121221562745751e-01 5.334264693100482235e-01 6.059129630164308278e-01 7.226055682813975478e-01 4.488137704028897224e-01 7.290681433306867021e-01 5.739917433450804074e-01 6.243782035153135901e-01 5.228532053966968851e-01 2.047609581245461718e-01 6.435091748969010705e-01 6.440880907066059979e-01 4.889813135106289566e-01 4.677409661514232986e-01 1.971478112255297122e-01 5.021275329782006747e-01 1.720731710211297893e-01 4.076125445866898844e-01 6.534768514345038470e-01 4.978610887265629281e-01 7.073886121215332556e-01 7.795721749529963551e-01 1.765521241107970707e-01 4.778709064345720847e-01 5.612608012999023011e-01 2.960046289195321090e-01 5.768272938138102601e-01 5.466304894121797320e-01
8.288231756988529986e-01 1.159806389143421823e+00 6.637091222760544973e-01 8.163358496007981913e-01 7.423072880616877756e-01 4.454631141021437313e-01 5.373160285375533363e-01 6.123908529032001669e-01 9.334860304944346820e-01 1.054009919555055630e+00 8.828950805740543029e-01 3.775160177944971718e-01 4.949066438958611425e-01 6.428893290587666121e-01 8.352382916683086522e-01 3.894814647213130088e-01 7.371428034925789907e-01 5.100137133402735667e-01 5.312494106280387651e-01 0.000000000000000000e+00 4.256395984758896689e-01 6.700035759429217030e-01 3.570336390391599668e-01 6.759922669275221230e-01 3.290955377554026784e-01 8.260804809323479825e-01 5.028094760340966474e-01 5.144221689763026628e-01 2.909749629724401876e-01 2.839766816494960766e-01 9.025798217200333706e-01 7.711309099699557024e-01 5.770140375987485859e-01 5.619992018035603332e-01 5.927493816837033913e-01 8.187479535755161075e-01 5.171218582392516083e-01 5.344513436846303200e-01 6.056925276180258333e-01 2.577054411695249292e-01 5.837117232194051208e-01 4.420468571231428445e-01 7.962313946548813526e-01 3.886166441358673285e-01 6.846197012777117674e-01 4.923009709577610971e-01 2.290730291700985299e-01 7.663779438863297377e-01 6.036061565146154662e-01 4.634420741456256043e-01 6.601805992763564168e-01 4.776061006054839186e-01 4.837477195402722363e-01 4.972818643849009623e-01 9.216694279872321705e-01 6.786439298367804573e-01 5.838597443307169677e-01 2.954142166187935792e-01 7.429087831004633768e-01 3.648564252856909551e-01 4.919718130033278736e-01 4.561139208261665856e-01 2.186879811000284890e-01 4.832715149610722905e-01 1.867808263699076154e-01 4.528106121409464779e-01 5.135184748315211323e-01 6.459245942676415941e-01 7.039641088946131386e-01 3.892568756512905792e-01 5.215069983294996492e-01 1.876855520995881488e-01 4.164162963932373507e-01 6.890236673673691969e-01 6.779994851314415927e-01
6.614134338720836226e-01 1.440161366187660441e+00 8.283510669464408949e-01 1.089102847823566700e+00 7.160053413617900597e-01 7.832769356417018658e-01 7.704513817542021359e-01 4.047900363355227960e-01 1.163796358115927854e+00 8.866001777282856988e-01 7.423611947934675159e-01 5.897288028030234219e-01 3.724452108746110213e-01 9.460596273364059172e-01 1.037663375627190465e+00 3.692479855716270798e-01 5.697330616658101698e-01 4.816278689898770282e-01 5.840552527583074971e-01 4.256395984758896689e-01 0.000000000000000000e+00 5.116494210552641198e-01 5.039932008130828534e-01 9.119782954693915755e-01 6.382755756752264142e-01 1.083114712326721296e+00 3.133813026438553861e-01 7.984778218852515153e-01 4.599571089815043812e-01 5.563108517314896417e-01 1.190924373921432355e+00 8.277092368160888780e-01 8.295256797207034571e-01 5.301844490968425916e-01 4.523375193870640132e-01 6.513382117487467315e-01 5.664648928082939294e-01 5.089878739985463918e-01 8.131282502631108633e-01 2.599684818040101097e-01 4.163019813926356338e-01 3.466263870608700670e-01 1.024049497332881309e+00 5.693501379098949711e-01 9.421066932906017044e-01 2.096776415293283014e-01 5.672828363858918310e-01 1.007123438764705448e+00 5.757247784227530474e-01 2.945394713323021274e-01 9.368654435880888753e-01 6.481691967580618385e-01 8.034938267332307760e-01 4.351397033744886511e-01 1.198481215530752708e+00 9.050105654217041051e-01 7.526909010553072266e-01 5.979558020103333815e-01 9.729304062111182594e-01 6.177337453495879149e-01 4.289532990741314888e-01 4.583102994576738753e-01 2.932260124566721249e-01 6.717728603986888869e-01 3.995144207028020755e-01 2.740484142495746012e-01 6.657173401122779000e-01 4.785148524408724957e-01 9.948632774521015687e-01 4.975069867501138443e-01 7.510877483836493340e-01 4.719038190681867362e-01 6.147048341919136849e-01 6.636131524525626935e-01 9.136394746236620179e-01
