0.000000000000000000e+00 1.850582296895330048e+00 1.215660117156902587e+00 1.534817498840137739e+00 1.002284912049467236e+00 1.161733579713185138e+00 8.934842522819046451e-01 1.167073122857764655e+00 1.548235098632121387e+00 7.740247794610470855e-01 7.004746154892724785e-01 1.010538793526364554e+00 5.577039979941577075e-01 1.489823183364898718e+00 9.151961286721180810e-01 5.960793817803837769e-01 1.303202133705608556e+00 4.462376753378902716e-01 7.690556741292945420e-01 6.913283248966307637e-01 1.159041904903001408e+00 1.279791960109508020e+00 9.120097877883556192e-01 6.875345079075679822e-01 8.807763234179448730e-01 9.251974225777448435e-01 9.969321815401043230e-01 1.453124866574492691e+00 1.604004384368192149e+00 7.264050404885055157e-01 4.923005521031963982e-01 1.339794564908384666e+00 1.361563365291231342e+00 8.326473699158131181e-01 6.431073458159483058e-01 7.490618203277696896e-01 1.069719757172603813e+00 1.219469158085702221e+00 3.196988586477472749e-01 5.476559955574735739e-01 1.178539327021980831e+00 8.845134141611209477e-01 7.087854249966581976e-01 9.164583211185769462e-01 1.433587090926324858e+00 8.753045918475090836e-01 1.081958675770214873e+00 1.502774801370869051e+00 1.375385255123659833e+00 1.357267015710706071e+00 9.907343259747832809e-01 5.312159059686405449e-01 6.198978170198956583e-01 1.000190466276902113e+00 1.204483525379676179e+00 5.799550603310618113e-01 4.860069259785224083e-01 1.312724426350541762e+00 1.444567536209552028e+00 1.040908974909105167e+00 7.185548809806384662e-01 7.452062130588931188e-01 1.742609903434460261e-01 8.593669448110899944e-01 4.373057520339269089e-01 8.526858853278924677e-01 8.615827654351737586e-01 1.325137381277133430e+00 5.398853386659875353e-01 7.465669577051755601e-01 1.156281271054251825e+00 1.289753819117847700e+00 8.953166910917935706e-01 1.056292153539649892e+00 1.456482328428436279e+00
1.850582296895330048e+00 0.000000000000000000e+00 1.407329716047224011e+00 1.012093714642146258e+00 1.688827660576378120e+00 1.456871803843298840e+00 1.591311607562986064e+00 8.524374442052276013e-01 9.133210411858105893e-01 2.066548863973119765e+00 1.857515662204396012e+00 9.213264400315039904e-01 1.466643500279605661e+00 5.378699360757506209e-01 1.191765678636162340e+00 1.425146564844691044e+00 5.491757170785231956e-01 1.751263004606440798e+00 1.467369328162130948e+00 1.181603475075620135e+00 8.777093708330313548e-01 6.501469483187574117e-01 1.190033996282953366e+00 1.474046436290424422e+00 1.170812162021140468e+00 1.109178008338780774e+00 8.577559928421389923e-01 5.727491056527606039e-01 2.763319831483467270e-01 1.515086196426778331e+00 1.561619598958934541e+00 7.611567088564666905e-01 6.972175066799524146e-01 1.427036618374446952e+00 1.514028987439459906e+00 1.348424471939793978e+00 9.900142387387594889e-01 7.301734360214213737e-01 1.534645934701132530e+00 1.833100011077053892e+00 7.381660161277571186e-01 1.130446394267939247e+00 1.262262695775631105e+00 1.018666318158951700e+00 5.058623063256072472e-01 1.580816666058110220e+00 7.802983032495730553e-01 4.480518258879868654e-01 8.298256481252569428e-01 7.708230738365530188e-01 1.047141823065048438e+00 1.332566277730285131e+00 1.558397966164967841e+00 1.280877698513207319e+00 8.511339782333372517e-01 1.377882884343127223e+00 1.501706922189884663e+00 7.053982756206913507e-01 8.583145923464897686e-01 1.280313142544660332e+00 1.537350412899351593e+00 1.181445062244447675e+00 1.701927759253774486e+00 1.007415846925852732e+00 1.580888060202405576e+00 1.562750088577546048e+00 9.927360403075398132e-01 5.838884154850714214e-01 1.705741925988797814e+00 1.456629756190199743e+00 6.984897081176133504e-01 7.239957335833221430e-01 1.171252902080608838e+00 8.596004904861961338e-01 4.052937539970533076e-01
1.215660117156902587e+00 1.407329716047224011e+00 0.000000000000000000e+00 1.070725977391750572e+00 1.035377868179379046e+00 9.184361953367793374e-01 1.073125399892819853e+00 9.146038587083528126e-01 1.142366111487640445e+00 1.419680361402621438e+00 1.206816387524174861e+00 6.586170082039803919e-01 8.250603031633207962e-01 9.787191945285838024e-01 5.190584321779132537e-01 1.007912370493187160e+00 1.141798680716122449e+00 1.120982718686889035e+00 7.938063599000861892e-01 6.752207450543253886e-01 6.479379160666853821e-01 8.471439192496703630e-01 8.369076857703525718e-01 8.550985381880042979e-01 6.153579566888474073e-01 3.000808559671949149e-01 8.754645080912798472e-01 1.133799082723093266e+00 1.162908637901812758e+00 8.415232281647341273e-01 9.074780336823654592e-01 8.462904343785747630e-01 9.221331968572359372e-01 8.265981732619751554e-01 8.943999741902091127e-01 8.897680906862857064e-01 7.134910730198940065e-01 8.957500748194731077e-01 9.021204629116953422e-01 1.186198136326121366e+00 1.118860966576447735e+00 6.720601529349181646e-01 5.796291483606155204e-01 9.644845210354934251e-01 1.011743838630140058e+00 9.064204182019910405e-01 6.270314127976505114e-01 1.209091461697524128e+00 9.171999204310334886e-01 9.561566466123889718e-01 4.734414045576240127e-01 6.953950215824424852e-01 8.937190596902396811e-01 7.659073016169585246e-01 7.406508629190247106e-01 7.293749563361306976e-01 9.173705411837759227e-01 8.016204375142262917e-01 1.037166982533957560e+00 2.138568541580777860e-01 9.077728546146801580e-01 8.258439454271018221e-01 1.065382863666657798e+00 7.891915648406757633e-01 1.003637374794385639e+00 9.961262821258081157e-01 4.692545654785052478e-01 8.756178702420069904e-01 1.056592364529906902e+00 9.069203440310716902e-01 1.018036333866477294e+00 1.097896881411303038e+00 6.871609469721779995e-01 7.946462812616689186e-01 1.011800135964173286e+00
1.534817498840137739e+00 1.012093714642146258e+00 1.070725977391750572e+00 0.000000000000000000e+00 1.388613248274286560e+00 1.156027287804292758e+00 1.385749812202800468e+00 9.409654108479429402e-01 8.024542750649568124e-01 1.748931059789443188e+00 1.539897858020719434e+00 6.367095132490281362e-01 1.149025696095929305e+00 5.388546220634266026e-01 8.666769005147919591e-01 1.340208413519555553e+00 8.467063715288747350e-01 1.435498206551249600e+00 1.142334221487781853e+00 9.793025583168860626e-01 5.200348766191558170e-01 4.806139561311374986e-01 1.076790806136320278e+00 1.169614026052365308e+00 8.683493076476125339e-01 7.725742696833075573e-01 9.214890523018419710e-01 8.035528765438962884e-01 7.660395374917715605e-01 1.190051089752429236e+00 1.244001794775258407e+00 2.697215964357534967e-01 6.832756029588473723e-01 1.180676813233181743e+00 1.208915462054570567e+00 1.202017313724394132e+00 8.428000817707027581e-01 6.484214589716200683e-01 1.218881136645941332e+00 1.515482206893377981e+00 9.978519856100969143e-01 8.309534056634220178e-01 9.368404660046062427e-01 1.105005955485135916e+00 6.313433170409821216e-01 1.255781559383761126e+00 4.528588230699231998e-01 8.138554602924467085e-01 1.936548596116712262e-01 6.311789473888518298e-01 6.738138112781478783e-01 1.014948473546609442e+00 1.239929181727350560e+00 9.800331824742009035e-01 6.970610211312191495e-01 1.060265080159451312e+00 1.231886029048137265e+00 4.527646159255259151e-01 6.871174776955789598e-01 9.430031481662666248e-01 1.222288342479041168e+00 1.137803600253095793e+00 1.386162961198583288e+00 9.000491458160048142e-01 1.318152862658746649e+00 1.350987951151911837e+00 6.859960547327835778e-01 4.303502555765777449e-01 1.388124121805121902e+00 1.220648412224146773e+00 8.352200092387980224e-01 9.322901717808939059e-01 9.431089558589814681e-01 7.622456133230821607e-01 6.088241097221622766e-01
1.002284912049467236e+00 1.688827660576378120e+00 1.035377868179379046e+00 1.388613248274286560e+00 0.000000000000000000e+00 1.075933215645374474e+00 8.891007094248404297e-01 8.527511028192260589e-01 1.428973578728699456e+00 1.125126854446671487e+00 9.114634357590094549e-01 8.931738893817190439e-01 6.459838071849784980e-01 1.243997491630323582e+00 6.292384047972688910e-01 4.852126691185976726e-01 1.192015052875727399e+00 8.452083350875139178e-01 4.003995959261569815e-01 6.691408265640295117e-01 9.556423080635867429e-01 1.144662490408640432e+00 5.221325232193857468e-01 7.659514504955334813e-01 7.850117390092532510e-01 7.502277529486512941e-01 8.991782708551457892e-01 1.133922941985334720e+00 1.434683432302167772e+00 2.867805073141326266e-01 6.074329311558123168e-01 1.182937433757031753e+00 1.015265636579884667e+00 2.671755590043636830e-01 7.162196101041110596e-01 6.523030318991637211e-01 7.160704950607874597e-01 1.139940245601581470e+00 7.423302039797942120e-01 8.916446293701706383e-01 9.940853188163650822e-01 8.077099856247791365e-01 4.661064229618652743e-01 7.131217266412973599e-01 1.315332205366075202e+00 1.996063301883241048e-01 9.366506610098869201e-01 1.264773090853997362e+00 1.230077240363331770e+00 1.239118311206186096e+00 8.053661210722179442e-01 5.846893483833859317e-01 4.503768508098720535e-01 9.160510074231241751e-01 8.759901397638512055e-01 4.668868294435666311e-01 6.648461281697554126e-01 1.147061935398290711e+00 1.324576624082235865e+00 8.472400475012190624e-01 8.166858779018083547e-01 5.589503066378799234e-01 8.417191232666857426e-01 8.286384056799974696e-01 6.019651094294761196e-01 1.901227006133671960e-01 7.300208675890385024e-01 1.184917148497006911e+00 7.620388575739563963e-01 8.192111756902461517e-01 1.064131851199769496e+00 9.986236683298497230e-01 5.570269162666937612e-01 1.009611775462855077e+00 1.318178167525311251e+00
1.161733579713185138e+00 1.456871803843298840e+00 9.184361953367793374e-01 1.156027287804292758e+00 1.075933215645374474e+00 0.000000000000000000e+00 1.006892717850507823e+00 1.034755472116251740e+00 1.126970096035747604e+00 1.380703985655438615e+00 1.218491495787972001e+00 5.714843292584034229e-01 8.220697283174110970e-01 1.097901219706539644e+00 7.088818816911183207e-01 9.533122399478556330e-01 1.050567309346897682e+00 1.062414287424296777e+00 8.295947961991435582e-01 5.611673152590486158e-01 8.218973794928994270e-01 8.714404003859589354e-01 8.880928448475451376e-01 7.954660979820524780e-01 3.037195980670072126e-01 6.183553393695844225e-01 7.530818652770456811e-01 1.291903222963882936e+00 1.212450725697888476e+00 8.773116644637916073e-01 9.225954325425116398e-01 9.610043538725387968e-01 1.098701978393925360e+00 8.684663981024370871e-01 8.358315429276179653e-01 8.173289126735984178e-01 9.201990209384145469e-01 8.182506854782657379e-01 8.457972175189882869e-01 1.150948486122667758e+00 9.961423133614065728e-01 4.200870041217949491e-01 6.311727095514573227e-01 8.176849287420500101e-01 1.032772070709958356e+00 9.430421340951232745e-01 7.043622511344624915e-01 1.230240941953813394e+00 9.965950440878151850e-01 9.287113636406054695e-01 6.535898005646815223e-01 6.484978266057976892e-01 9.193737997485442737e-01 2.024369365998065218e-01 9.444383798850037870e-01 7.388587179267038785e-01 8.588021099211839982e-01 9.548873542904066092e-01 1.026337767569555748e+00 7.674205524580959281e-01 8.492044233520882335e-01 7.423738057016693315e-01 1.013079042071630242e+00 6.366796620486996350e-01 9.450689435317938258e-01 1.039601284419959581e+00 4.877297678232777045e-01 9.310115306891850739e-01 1.066717759572374691e+00 8.448219638911058649e-01 8.956536910522432393e-01 1.142246726188379302e+00 8.209808551813162492e-01 7.006333722164381772e-01 1.061342223760248782e+00
8.934842522819046451e-01 1.591311607562986064e+00 1.073125399892819853e+00 1.385749812202800468e+00 8.891007094248404297e-01 1.006892717850507823e+00 0.000000000000000000e+00 8.607541461368750646e-01 1.397804237474051581e+00 1.113863012719259915e+00 9.867354894638200591e-01 8.596686006617629827e-01 6.284064568330931522e-01 1.342793166328239751e+00 7.885483324199785704e-01 4.676202084452580343e-01 1.043732538259594111e+00 7.877455742374824821e-01 7.395219926298980395e-01 4.808300190978150868e-01 1.013454800385323429e+00 1.129361098951438214e+00 5.872675179831644554e-01 3.299382934478763962e-01 7.293869254791860435e-01 7.826627053136627765e-01 7.376614922077604497e-01 1.146833462928665170e+00 1.344733695035848164e+00 7.381624373201268741e-01 7.445932549820079016e-01 1.190726878271047173e+00 1.121470551090476553e+00 6.486240127873800221e-01 2.666992661674406628e-01 2.494015520748503190e-01 8.351128604158658542e-01 1.000775297256080831e+00 5.737853936341573702e-01 8.841075131864897241e-01 8.831617251718231199e-01 6.940307574378562494e-01 5.879449332402493233e-01 6.173381884505303452e-01 1.193018071033880023e+00 8.530309761564563997e-01 9.328909891328774906e-01 1.229223795003230091e+00 1.226317568486322340e+00 1.206836154552636264e+00 8.451472214571051911e-01 4.286571218139137440e-01 6.555098946047360764e-01 8.389766143653091257e-01 1.011063041862782619e+00 6.128046857439243267e-01 4.315217086475683916e-01 1.167137321832864449e+00 1.294136675051482221e+00 8.983742576450233219e-01 1.868981905424050294e-01 4.238668408025347278e-01 7.462380691354513207e-01 6.321500602222669407e-01 5.738055991910582243e-01 7.266821673803981474e-01 7.113488277350445976e-01 1.175903477310885403e+00 8.255671445181809176e-01 1.912583839232696037e-01 9.026150725523842677e-01 9.834624154720207345e-01 7.164752065330008968e-01 8.228078860224420366e-01 1.307248424462188030e+00
1.167073122857764655e+00 8.524374442052276013e-01 9.146038587083528126e-01 9.409654108479429402e-01 8.527511028192260589e-01 1.034755472116251740e+00 8.607541461368750646e-01 0.000000000000000000e+00 1.048693978879770228e+00 1.386043528800018354e+00 1.178259558989926958e+00 5.919366263143666096e-01 8.690787974260456572e-01 5.382391940746525938e-01 4.914352164658498667e-01 6.169714439680651363e-01 4.459376155590467627e-01 1.040738029526145247e+00 7.599288635619854126e-01 5.508460126481582453e-01 4.287756475633530684e-01 8.029911605609947323e-01 3.380469608128924275e-01 7.904952974529617649e-01 7.949680469588856768e-01 6.550573154710235269e-01 3.020588091313930468e-01 2.861584966543507802e-01 5.960183013322660761e-01 7.702183189794433726e-01 8.789212051481165577e-01 6.933533591601489521e-01 2.699303710949177426e-01 5.914247643292813716e-01 7.529856131093650706e-01 6.152842232313221471e-01 2.478854940463426915e-01 5.807052607389294741e-01 8.511367606635678040e-01 1.156288029267247275e+00 2.336093587738115041e-01 6.153309237664498221e-01 5.940753366607935959e-01 2.615745400658963105e-01 6.596991741686849542e-01 8.176136270246399107e-01 6.301439433652268329e-01 4.561319166671126135e-01 8.318852656386522826e-01 8.530365172378037153e-01 4.669606903678081844e-01 6.625700522060452569e-01 7.369436143585594845e-01 8.359579181035350359e-01 2.441384284994138343e-01 7.158198737376855192e-01 7.368988283045865284e-01 5.103859681499184342e-01 9.989711340631579617e-01 7.729008407845865403e-01 8.538412388617867554e-01 4.429047255640374270e-01 1.018418585216209760e+00 4.147449252302416456e-01 7.860248906382955036e-01 7.172993452737015385e-01 6.404794893871773587e-01 6.672843440697222572e-01 1.028035535995659000e+00 7.679396112406473573e-01 3.952999702637275958e-01 1.906673439419140359e-01 4.234000265780585304e-01 4.564805470851108771e-01 5.937937158758395118e-01
1.548235098632121387e+00 9.133210411858105893e-01 1.142366111487640445e+00 8.024542750649568124e-01 1.428973578728699456e+00 1.126970096035747604e+00 1.397804237474051581e+00 1.048693978879770228e+00 0.000000000000000000e+00 1.767205504574375974e+00 1.572303000183793875e+00 5.746798354841939904e-01 1.177681255513383762e+00 6.111538788207546702e-01 9.755831547127759018e-01 1.320978995038674553e+00 6.382327127626771235e-01 1.448915806343231916e+00 1.182635159282469095e+00 9.609129115447839764e-01 6.865151809174530051e-01 3.280386856388438632e-01 1.206532078111234307e+00 1.183031625844347845e+00 8.437552893578519342e-01 8.442144037791972089e-01 7.848052640464786567e-01 8.355819839436230412e-01 6.699666893176481341e-01 1.230352027547116700e+00 1.276406936938333070e+00 5.984333892526827459e-01 8.712175246787157157e-01 1.221506761185762402e+00 1.222333061846553326e+00 1.214071738995644134e+00 1.012641500429579011e+00 4.866110558256540042e-01 1.232298736437923870e+00 1.537450005041605339e+00 8.162549788858520783e-01 7.978326299492104479e-01 9.788645876749830776e-01 9.950722151753448319e-01 4.271728120793493733e-01 1.296082497178449033e+00 5.179514046707606179e-01 6.850132789005842771e-01 6.343968739947198898e-01 2.019711234210616602e-01 7.897184632149685246e-01 1.034999345524733050e+00 1.273185304144365704e+00 9.496103021308620606e-01 8.751125600033617946e-01 1.092670222322525309e+00 1.245303628840119581e+00 6.461631795222337882e-01 1.845076109321082125e-01 1.015349537985078099e+00 1.235705942271023927e+00 1.084060712087268952e+00 1.399580560990566935e+00 8.225365646881649395e-01 1.331570462450729631e+00 1.392599657880157160e+00 6.999144910864837366e-01 4.738861089650572289e-01 1.420529263968196121e+00 1.233508951704129331e+00 6.560801120895290994e-01 9.252463870987653882e-01 1.089566295726556611e+00 6.309880616701426526e-01 5.306051952277976991e-01
7.740247794610470855e-01 2.066548863973119765e+00 1.419680361402621438e+00 1.748931059789443188e+00 1.125126854446671487e+00 1.380703985655438615e+00 1.113863012719259915e+00 1.386043528800018354e+00 1.767205504574375974e+00 0.000000000000000000e+00 7.624015296499584426e-01 1.229509199468619141e+00 7.466643706088342825e-01 1.693092847532646994e+00 1.064259208451314942e+00 7.896306323713173647e-01 1.522172539647861811e+00 4.312518129198342764e-01 8.918976165264991263e-01 9.102987308388853505e-01 1.366016403620724740e+00 1.497503606773398444e+00 1.054242000359316700e+00 9.065049138498226799e-01 1.099746729360199238e+00 1.130727006855893446e+00 1.215902587482358133e+00 1.671544414081369778e+00 1.822127785827708513e+00 8.492469828857103220e-01 5.482788333234409617e-01 1.553908125857689226e+00 1.484405307688436260e+00 9.554893123130179244e-01 8.677191990472702399e-01 9.680322262700248315e-01 1.192561699569808509e+00 1.438439564027955697e+00 5.814583018876744447e-01 2.365559107665036187e-01 1.397509732964233642e+00 1.103483820103375201e+00 8.566567357826400109e-01 1.135428727060830978e+00 1.652557496868578113e+00 9.981465342447135569e-01 1.296072236719521431e+00 1.721745207313122528e+00 1.589498816072965282e+00 1.576237421652960879e+00 1.197708824692507612e+00 7.501863119108954647e-01 6.921618299407258368e-01 1.219160872219156255e+00 1.327325467776880652e+00 7.027970027282667287e-01 7.138447948583257485e-01 1.519698925068265316e+00 1.663537942151806837e+00 1.232586255188959035e+00 9.385041217478381492e-01 9.641766190011474835e-01 6.189700339360880710e-01 1.078337350753344248e+00 6.402737641908813337e-01 9.656077132234770488e-01 1.080553171377427679e+00 1.539674336738767080e+00 6.037735879417304163e-01 9.655373636474297028e-01 1.375251676996505523e+00 1.508724225060101620e+00 1.018158633488998044e+00 1.275262559481904479e+00 1.671019283890069707e+00
7.004746154892724785e-01 1.857515662204396012e+00 1.206816387524174861e+00 1.539897858020719434e+00 9.114634357590094549e-01 1.218491495787972001e+00 9.867354894638200591e-01 1.178259558989926958e+00 1.572303000183793875e+00 7.624015296499584426e-01 0.000000000000000000e+00 1.036044815161878185e+00 5.673446186316046802e-01 1.480228873654201305e+00 8.513952345728691418e-01 5.996503679260969388e-01 1.395045016392422621e+00 4.984318669072113073e-01 6.790336426480524379e-01 7.831712075834448283e-01 1.156983201852001208e+00 1.288470405004674690e+00 8.413780264808706777e-01 7.793773905943820468e-01 9.278826647894120594e-01 9.216055757602499288e-01 1.088775064226918499e+00 1.458680440202922757e+00 1.613094584058985648e+00 6.351176846002567489e-01 3.094235145156308264e-01 1.344874924088966361e+00 1.271541333809989238e+00 7.426253384345710140e-01 7.405916757918296067e-01 8.409047030145837542e-01 9.796977256913621535e-01 1.282811171381740500e+00 5.006551227193062337e-01 5.288737525906077597e-01 1.270382209708794896e+00 9.492327477332841434e-01 6.437927619041935445e-01 1.008301203805391122e+00 1.459140119962109461e+00 7.852825603662670906e-01 1.087039034950796568e+00 1.588764522847450511e+00 1.380465614304241528e+00 1.382330115680324045e+00 9.886756229237831928e-01 6.230587886554546095e-01 4.842615711379509302e-01 1.057573769531628960e+00 1.114461493898434297e+00 4.899330288498196517e-01 6.248936426144464651e-01 1.310665723299541563e+00 1.467906045537330062e+00 1.019722281310512235e+00 8.113765984923980712e-01 8.370490957457071834e-01 5.433746616925129169e-01 9.512098274979040591e-01 4.567052731661315756e-01 7.582345677527039252e-01 8.732326720631764516e-01 1.330641134970043327e+00 1.723821032708535983e-01 8.384098403919896247e-01 1.248124153741066111e+00 1.322615100323301540e+00 8.052946596105514665e-01 1.148135036226463734e+00 1.461986082121346175e+00
1.010538793526364554e+00 9.213264400315039904e-01 6.586170082039803919e-01 6.367095132490281362e-01 8.931738893817190439e-01 5.714843292584034229e-01 8.596686006617629827e-01 5.919366263143666096e-01 5.746798354841939904e-01 1.229509199468619141e+00 1.036044815161878185e+00 0.000000000000000000e+00 6.399849504076279283e-01 5.637829217809204874e-01 5.009594499634723030e-01 7.594115661595637334e-01 4.928149621165114347e-01 9.112195012374763037e-01 6.468354699354879056e-01 3.893355857903806894e-01 3.560444602224775990e-01 3.282323911692538454e-01 6.718340854364616144e-01 6.453353207385921220e-01 2.961364551419017888e-01 3.604653004955374329e-01 2.926662237234785024e-01 7.614235049445065018e-01 6.769053618860928490e-01 6.945523382001358437e-01 7.401487519164169360e-01 4.416865793172743415e-01 6.005152192040252856e-01 6.857070718387814345e-01 6.846367567407973809e-01 6.429495619500109616e-01 5.940271823694407427e-01 2.467663562198623706e-01 6.946024313321677024e-01 9.997536999358481724e-01 5.046191076825271571e-01 2.371362811329332243e-01 4.484133832878019477e-01 4.720255212122140831e-01 4.612877414515544339e-01 7.602828078314679550e-01 1.966029407701638532e-01 6.664703273660074201e-01 4.761597463039665135e-01 3.741202164651267204e-01 3.295356915761907257e-01 4.973030404189771048e-01 7.369271191224497919e-01 3.889139533145848371e-01 5.215943485565091020e-01 5.564120373006092857e-01 7.076073237343634137e-01 4.400969443114525759e-01 4.777659472396745821e-01 5.243965481502259607e-01 6.980096371652675380e-01 5.284375614882168559e-01 8.618842558848096580e-01 2.665769209598167766e-01 7.938741573449732414e-01 8.568419581563035958e-01 1.961431869781313508e-01 3.968932327635657509e-01 8.842710789462800980e-01 6.958126465983738296e-01 3.825204094165796653e-01 6.682406038544393967e-01 6.356570032688465544e-01 1.681828929965399066e-01 5.257968599484533767e-01
5.577039979941577075e-01 1.466643500279605661e+00 8.250603031633207962e-01 1.149025696095929305e+00 6.459838071849784980e-01 8.220697283174110970e-01 6.284064568330931522e-01 8.690787974260456572e-01 1.177681255513383762e+00 7.466643706088342825e-01 5.673446186316046802e-01 6.399849504076279283e-01 0.000000000000000000e+00 1.100518793680889118e+00 5.235387072698927113e-01 4.682537095178634923e-01 1.005207808273889558e+00 4.462868651880323445e-01 3.917881664349954218e-01 3.924340611597119666e-01 7.697375152189908087e-01 8.975982430798843392e-01 5.398129344124482643e-01 4.052339808796397991e-01 5.318228000351619134e-01 5.345976085841636083e-01 6.989378561083851027e-01 1.155130541142773470e+00 1.222222422134195297e+00 3.853926587152309846e-01 2.733302688422064031e-01 9.540027621641752331e-01 9.663366627879235171e-01 4.539449616454972469e-01 3.955059051123753222e-01 4.649761015311902890e-01 6.744930546692962103e-01 8.867513066274902434e-01 2.461131660851034741e-01 5.141619268405969168e-01 8.805450015902615002e-01 5.528109802627227953e-01 3.171280035944330500e-01 6.184639956868577260e-01 1.068267958037318888e+00 5.064434097925019085e-01 6.961668730260061055e-01 1.204780475939150053e+00 9.895934523794516213e-01 9.867131725919688900e-01 6.014299362907725710e-01 2.102410409636145949e-01 2.895190143111499026e-01 6.611520020610676118e-01 8.092568228763686866e-01 1.802341481405183854e-01 2.887354917083131967e-01 9.234200366665319404e-01 1.074013693090814847e+00 6.503091609155242647e-01 4.471570703918041345e-01 4.498584289934419722e-01 4.061388510936129737e-01 5.604726810741715859e-01 3.501685879614913621e-01 5.434488262441142803e-01 4.816722016093124559e-01 9.397689730452535306e-01 4.141489095412583810e-01 4.624812389085959374e-01 8.573870073173329720e-01 9.917594936861290345e-01 5.000899885884855234e-01 7.573978898027317053e-01 1.071113920196555602e+00
1.489823183364898718e+00 5.378699360757506209e-01 9.787191945285838024e-01 5.388546220634266026e-01 1.243997491630323582e+00 1.097901219706539644e+00 1.342793166328239751e+00 5.382391940746525938e-01 6.111538788207546702e-01 1.693092847532646994e+00 1.480228873654201305e+00 5.637829217809204874e-01 1.100518793680889118e+00 0.000000000000000000e+00 6.719040851164489458e-01 1.124688877000492138e+00 4.518780951343289165e-01 1.392236781103318055e+00 1.062725314895932360e+00 9.354333847056698348e-01 3.461859337973024475e-01 3.268960315654078630e-01 8.149438933592696443e-01 1.126352600604433540e+00 8.114887448454752850e-01 6.879889167876357403e-01 7.560879373475287712e-01 3.078573240560845137e-01 2.864726174380938239e-01 1.114192568091490587e+00 1.180890519812391348e+00 2.729987733329740096e-01 2.751024753872601258e-01 9.929422264896616834e-01 1.165654036606639243e+00 1.149091717124296252e+00 5.717226823606600394e-01 5.364849290763002987e-01 1.175619711198009787e+00 1.459610622456146922e+00 6.269462655084137026e-01 7.714758101311798288e-01 8.644798915662090799e-01 7.979381182168411302e-01 3.219894888834751723e-01 1.135711182334609548e+00 4.167866221754797929e-01 2.812660667988129970e-01 3.979810350682414510e-01 4.704831604440649073e-01 5.367911396472948571e-01 9.685802313927273088e-01 1.167131545820267124e+00 9.219071143764477894e-01 3.876673963564684078e-01 1.004982936983703334e+00 1.188624603600205720e+00 1.790166413951046753e-01 5.415056119038613724e-01 8.471645584880141966e-01 1.179026917031109845e+00 9.767122194570114768e-01 1.339545929874655483e+00 8.267345266515429003e-01 1.274891437210815104e+00 1.146392611389943195e+00 6.334126231318741862e-01 1.691251755901495846e-01 1.330004850659932902e+00 1.177857983678497478e+00 5.964159134409834362e-01 4.662676930699129474e-01 6.889026483052580474e-01 6.813522858817939731e-01 1.746259443013869206e-01
9.151961286721180810e-01 1.191765678636162340e+00 5.190584321779132537e-01 8.666769005147919591e-01 6.292384047972688910e-01 7.088818816911183207e-01 7.885483324199785704e-01 4.914352164658498667e-01 9.755831547127759018e-01 1.064259208451314942e+00 8.513952345728691418e-01 5.009594499634723030e-01 5.235387072698927113e-01 6.719040851164489458e-01 0.000000000000000000e+00 5.579449757173523539e-01 9.201370295642052888e-01 7.958900405278040990e-01 4.338916758145994201e-01 4.110538354756067547e-01 3.649380621408524483e-01 6.778550536716722030e-01 3.273985210484018915e-01 5.697075223342812356e-01 4.166682664515221068e-01 2.956294042118881027e-01 7.000943287411972582e-01 7.601734214978899118e-01 9.376214503619522134e-01 4.853589290101577025e-01 5.520568807310591852e-01 6.321805990868225589e-01 5.160335350673049826e-01 3.973379785248012386e-01 6.090089583364864945e-01 6.065219998980249105e-01 2.518568483532157565e-01 7.308722195729362436e-01 6.016564744269109477e-01 8.307769833748148702e-01 6.939094462706547617e-01 4.679322886771141721e-01 2.187464376078568640e-01 4.952848974343898036e-01 8.412111948659790617e-01 5.142846942302272684e-01 4.578557755482358105e-01 8.877594804465226419e-01 7.430692359767020472e-01 7.893736898375245392e-01 1.928630892366439142e-01 4.008503733338447672e-01 5.382979067389336292e-01 5.593193550443597006e-01 3.407981448770053823e-01 3.889555493206276471e-01 6.247117534138387773e-01 5.556756747830823295e-01 8.703840257590932383e-01 3.303766322085625040e-01 6.223818387609569847e-01 4.642421054344166298e-01 7.649188751818734033e-01 5.704272927850162489e-01 6.497384143260310774e-01 5.648655464386186376e-01 3.160441348490113933e-01 7.014871857876754380e-01 7.011712115786006283e-01 6.215293281773488498e-01 8.181083418958762232e-01 6.701371195362224586e-01 1.729038619324758108e-01 6.306575119337042290e-01 8.385436005609786525e-01
5.960793817803837769e-01 1.425146564844691044e+00 1.007912370493187160e+00 1.340208413519555553e+00 4.852126691185976726e-01 9.533122399478556330e-01 4.676202084452580343e-01 6.169714439680651363e-01 1.320978995038674553e+00 7.896306323713173647e-01 5.996503679260969388e-01 7.594115661595637334e-01 4.682537095178634923e-01 1.124688877000492138e+00 5.579449757173523539e-01 0.000000000000000000e+00 8.868445458499900624e-01 4.259439148357592742e-01 5.107223776382503466e-01 4.056153514023000395e-01 8.590916084071044123e-01 1.079703590862491902e+00 3.224962954735687837e-01 4.845501789433302453e-01 6.795942097509735103e-01 7.227622552624596297e-01 5.910666773058219636e-01 9.031299406224159165e-01 1.178568652317553145e+00 2.967905174934203361e-01 3.217067323686263469e-01 1.143394724260004880e+00 8.690545347476448246e-01 2.779567929285950423e-01 2.593489450838599719e-01 2.590601151311971995e-01 5.662060508269310954e-01 8.702366898792163186e-01 3.216681730766323688e-01 5.604152139782315745e-01 7.021381631240454224e-01 6.199468825673777328e-01 4.307866531911567765e-01 4.326517161809494971e-01 1.060436123214977933e+00 5.307231257467088792e-01 8.873495904496323528e-01 1.000461479184150626e+00 1.180776169803077202e+00 1.120419376019607061e+00 7.270454143156149796e-01 4.035710542783529364e-01 1.930449965759219177e-01 7.728037633270963269e-01 7.408705337205780950e-01 3.710155017210912676e-01 1.856334152499923285e-01 1.043873870601151221e+00 1.228796061671110218e+00 8.122820691526525527e-01 4.322120909776418496e-01 2.437015026002423979e-01 4.473160610305172979e-01 5.088844171445653375e-01 1.703838601276503328e-01 3.026399238908549783e-01 6.658074290517992377e-01 1.130362078627640265e+00 4.473542377255425584e-01 4.474517979449146310e-01 7.560202576504461147e-01 7.398105258293155018e-01 4.357862286952342012e-01 6.922692786455773017e-01 1.172869690384741537e+00
1.303202133705608556e+00 5.491757170785231956e-01 1.141798680716122449e+00 8.467063715288747350e-01 1.192015052875727399e+00 1.050567309346897682e+00 1.043732538259594111e+00 4.459376155590467627e-01 6.382327127626771235e-01 1.522172539647861811e+00 1.395045016392422621e+00 4.928149621165114347e-01 1.005207808273889558e+00 4.518780951343289165e-01 9.201370295642052888e-01 8.868445458499900624e-01 0.000000000000000000e+00 1.203882841416720417e+00 1.053101134231826164e+00 6.448442547746806586e-01 7.152369656208318327e-01 4.340363755055102191e-01 7.088505710888534095e-01 9.266662731007037079e-01 7.889514172584130014e-01 8.436469730076792128e-01 3.199494474084831896e-01 2.840933263853443469e-01 3.025978045513857961e-01 1.088085317562491605e+00 1.137087105386726194e+00 6.127047259981756033e-01 5.275355861814209346e-01 9.306887143857829336e-01 9.757269684447598124e-01 8.021938954233738261e-01 6.694377554343861059e-01 2.475367060264150876e-01 9.872657715114117050e-01 1.292417040115090954e+00 2.264004529077419670e-01 6.350993561535874798e-01 8.676216994361529711e-01 4.983812117796662111e-01 2.225409475984061192e-01 1.160770013619657925e+00 5.296317296892572024e-01 1.995726676652606613e-01 6.665020171143212213e-01 4.456323420237993105e-01 7.962774837460051547e-01 7.986990630538891578e-01 1.054810612941608161e+00 8.562346676285231828e-01 6.515405936709941503e-01 9.553466853287601035e-01 9.634049031951852360e-01 5.991527761562134291e-01 6.127705515453646390e-01 1.012477387971520093e+00 9.899702497096306564e-01 6.431430432497478034e-01 1.154547596064054105e+00 4.809167255959235221e-01 1.042586041207705927e+00 1.049695838666183878e+00 6.835210112345030398e-01 4.419587045858097141e-01 1.233876671446783035e+00 9.092495930004793614e-01 1.659421247026255652e-01 2.884486111154200283e-01 8.121376304289648074e-01 3.688321760783762060e-01 2.931830995828949571e-01
4.462376753378902716e-01 1.751263004606440798e+00 1.120982718686889035e+00 1.435498206551249600e+00 8.452083350875139178e-01 1.062414287424296777e+00 7.877455742374824821e-01 1.040738029526145247e+00 1.448915806343231916e+00 4.312518129198342764e-01 4.984318669072113073e-01 9.112195012374763037e-01 4.462868651880323445e-01 1.392236781103318055e+00 7.958900405278040990e-01 4.259439148357592742e-01 1.203882841416720417e+00 0.000000000000000000e+00 6.235284486029878392e-01 5.920090326077429577e-01 1.061455502641420301e+00 1.180472667820619881e+00 7.484402103093277248e-01 5.882152156186802872e-01 7.814570311290570670e-01 8.305200241077315138e-01 8.976128892512156288e-01 1.326896526180495917e+00 1.504685092079303566e+00 5.770068131698320446e-01 2.741881361157620933e-01 1.240475272619496083e+00 1.216036139764924640e+00 6.871201443895064154e-01 5.338371735284881403e-01 6.411792930928585932e-01 9.241925316462969997e-01 1.120149865796814526e+00 2.437841166261648651e-01 2.287097088140796763e-01 1.079220034733092026e+00 7.851941218722332527e-01 5.882875678591285018e-01 8.171390288296883631e-01 1.334267798637436275e+00 7.297773663212022699e-01 9.826393834813268446e-01 1.403455509081980690e+00 1.276065962834771916e+00 1.257947723421817487e+00 8.931479237132022853e-01 4.318966136797530164e-01 3.971903157288964592e-01 9.008711739880137515e-01 1.058956299853369920e+00 4.344278348047547200e-01 3.585078836919944334e-01 1.215138024088961100e+00 1.345248243920664111e+00 9.462315764390917261e-01 6.131625011437735751e-01 6.392248498882631136e-01 2.942975743525459986e-01 7.600476525222025215e-01 2.566771895540366222e-01 6.693514083692923000e-01 7.622634731462859525e-01 1.225818088988245291e+00 3.431573473053850520e-01 6.472476654162878651e-01 1.056961978765363686e+00 1.163577111387395613e+00 7.497894655654865348e-01 9.569728612507620857e-01 1.357163036139547474e+00
7.690556741292945420e-01 1.467369328162130948e+00 7.938063599000861892e-01 1.142334221487781853e+00 4.003995959261569815e-01 8.295947961991435582e-01 7.395219926298980395e-01 7.599288635619854126e-01 1.182635159282469095e+00 8.918976165264991263e-01 6.790336426480524379e-01 6.468354699354879056e-01 3.917881664349954218e-01 1.062725314895932360e+00 4.338916758145994201e-01 5.107223776382503466e-01 1.053101134231826164e+00 6.235284486029878392e-01 0.000000000000000000e+00 4.222671669803026995e-01 7.471003871642446503e-01 8.983240709624094045e-01 4.230473310529290765e-01 5.165897653647677501e-01 5.386733195630222237e-01 5.085955481361610353e-01 7.352009371959812301e-01 1.040349744774980767e+00 1.222948250016720140e+00 2.734995497474544957e-01 3.796952888062424813e-01 9.366584069705268245e-01 8.540377750517198496e-01 2.894332551292781441e-01 5.504400593753657756e-01 5.590076178880417634e-01 5.621941669330922098e-01 8.936018261553503317e-01 5.075814901966810844e-01 6.584153914499981664e-01 9.101113777726022036e-01 5.613715661785479982e-01 2.290892669168857476e-01 6.291477855975348144e-01 1.068993785919844841e+00 2.026254120662222269e-01 6.903716342233818803e-01 1.178043315625483922e+00 9.837982135768272851e-01 9.927798917599545137e-01 5.787928082360264126e-01 3.353276632526203671e-01 3.581942371077646570e-01 6.697125879768930368e-01 6.969579351401646861e-01 2.174700239057861806e-01 5.403607947707271819e-01 9.007829086117854489e-01 1.078238204636005504e+00 6.062226209902975560e-01 5.673241927710430677e-01 4.998935875915978544e-01 6.084898853465137147e-01 5.922556235567325578e-01 4.773768224012144845e-01 4.398149069451490756e-01 4.836824481428074751e-01 9.385787290507769942e-01 5.288096196537844795e-01 5.698494905594806426e-01 8.915325448175567269e-01 9.105031069691078560e-01 3.877911008522816894e-01 7.765335319057199426e-01 1.071839748079080890e+00
6.913283248966307637e-01 1.181603475075620135e+00 6.752207450543253886e-01 9.793025583168860626e-01 6.691408265640295117e-01 5.611673152590486158e-01 4.808300190978150868e-01 5.508460126481582453e-01 9.609129115447839764e-01 9.102987308388853505e-01 7.831712075834448283e-01 3.893355857903806894e-01 3.924340611597119666e-01 9.354333847056698348e-01 4.110538354756067547e-01 4.056153514023000395e-01 6.448442547746806586e-01 5.920090326077429577e-01 4.222671669803026995e-01 0.000000000000000000e+00 6.111836134464868620e-01 7.151488387532136670e-01 3.497792490718348857e-01 3.214805462597392083e-01 3.017828088842536283e-01 3.847580504751678676e-01 3.269440577388356139e-01 8.364480726814176315e-01 9.350255625484832356e-01 4.696244594231091529e-01 5.099880188504013478e-01 7.842796243851321014e-01 8.129189073803220200e-01 4.625731756699665853e-01 3.654262881110632022e-01 2.731038248347368302e-01 5.706796071633462031e-01 5.341450914197846123e-01 3.753919627024341898e-01 6.805432313061148264e-01 5.412781025310675620e-01 2.232872130619520668e-01 2.298272799865707372e-01 3.030850014840182349e-01 7.514152273145370264e-01 5.357145048762825823e-01 5.264437352469629738e-01 8.379127531269269236e-01 8.198703146004081566e-01 7.603532925257167063e-01 4.428760345182692348e-01 1.859253159397114274e-01 5.067663860564339817e-01 3.766326820118099383e-01 7.123118781333125371e-01 3.262513042345934755e-01 3.883968551046296236e-01 7.648661348940276605e-01 8.646823948236345148e-01 5.004696028065283020e-01 3.780964409006530857e-01 1.825298211482243860e-01 5.426737872550762010e-01 1.810161385890721175e-01 4.746636887152396178e-01 5.896465426845487467e-01 3.031622505007676716e-01 7.685436956883154869e-01 6.220028626378054648e-01 3.292693700378365729e-01 4.832756653604114994e-01 6.726404077585950159e-01 4.237919658812338564e-01 3.722749884938920673e-01 8.998886428396172255e-01
1.159041904903001408e+00 8.777093708330313548e-01 6.479379160666853821e-01 5.200348766191558170e-01 9.556423080635867429e-01 8.218973794928994270e-01 1.013454800385323429e+00 4.287756475633530684e-01 6.865151809174530051e-01 1.366016403620724740e+00 1.156983201852001208e+00 3.560444602224775990e-01 7.697375152189908087e-01 3.461859337973024475e-01 3.649380621408524483e-01 8.590916084071044123e-01 7.152369656208318327e-01 1.061455502641420301e+00 7.471003871642446503e-01 6.111836134464868620e-01 0.000000000000000000e+00 3.780266778299878339e-01 5.567559295171646827e-01 7.955713221425358972e-01 5.184366262385510238e-01 3.572076383257375976e-01 6.487106839459563234e-01 4.949534598088026205e-01 6.263120521953753350e-01 7.948172554288926994e-01 8.607720609465240313e-01 2.843868111435128299e-01 2.796431101460844504e-01 7.157675023609182396e-01 8.348727581447414892e-01 8.299576028796054050e-01 3.274703054560514914e-01 4.746773861568456265e-01 8.448384327361118107e-01 1.132567550724659311e+00 6.296384343206827827e-01 5.098736550246397714e-01 5.399197058979009478e-01 6.328587319196019578e-01 5.369138050145563223e-01 8.414489534169882212e-01 2.013682958018733760e-01 5.969936184162107917e-01 4.071961189678514614e-01 5.025384946019549881e-01 1.926613908753354032e-01 6.377989529308289995e-01 8.470130869543981422e-01 6.500529583192012906e-01 1.940718659858576278e-01 6.742016585218054692e-01 8.578433251383075220e-01 1.942291233879375745e-01 5.747642632364586834e-01 5.163832800261154432e-01 8.482456385692117573e-01 7.307394973814733685e-01 1.008764651412756619e+00 6.018742579527297520e-01 9.441101587489173497e-01 8.807953427965550253e-01 3.407113147446212964e-01 3.660043486354177533e-01 1.005209465636403676e+00 8.473931279856031784e-01 6.313586175714155369e-01 5.181017931826069622e-01 4.233053797118703221e-01 5.030299409161002044e-01 4.864779938908567192e-01
