0.000000000000000000e+00 1.474902990695712068e+00 1.466700828559969194e+00 9.237899225740430209e-01 9.180392726763603184e-01 1.205547790672919506e+00 6.532631373875597003e-01 5.790186920341868770e-01 1.014994656203459744e+00 1.075017183482381844e+00 5.478017585370087428e-01 8.068566879501242184e-01 5.707120601732306175e-01 3.486727520527634905e-01 8.376142313336620848e-01 2.779529088042380636e-01 1.023011573672125474e+00 8.370188688507808061e-01 2.928596525074434465e-01 5.740180134680771262e-01 1.253087507554582203e+00 6.130931232565337563e-01 1.285467528537173054e+00 8.182100945679062765e-01 4.725742030454123110e-01 1.996109132383895035e-01 7.006216217323886220e-01 4.579742036184931697e-01 7.384351689304268218e-01 7.384939072784156844e-01 6.604724981429059838e-01 1.015175247350700305e+00 7.419501974229717467e-01 4.221299836477180323e-01 4.570422507096800757e-01 1.719878671062469722e-01 9.434600804663788587e-01 2.172680666530621141e-01 7.253632511366439051e-01 4.994260435153051736e-01 1.549174073243536343e-01 9.283691483140575906e-01 9.592168600130144274e-01 1.065497047144561504e+00 6.932067160638507586e-01 3.326438497298136454e-01 1.135256492962444019e+00 1.033143202880111522e+00 5.832489741368023228e-01 8.312430434462260154e-01 9.734581218177715822e-01 2.679329336944004103e-01 4.361906665520009496e-01 1.165823999611346196e+00 5.848992943210690187e-01 1.397066452341908072e+00 5.996230343077755265e-01 5.877933708081226616e-01 5.880057391242634601e-01 4.127677739758176534e-01 8.504537520250036176e-01 6.977917436391848360e-01 1.376247516722893804e+00 5.332526274069109284e-01 1.837976292279142332e-01 8.305141634624257918e-01 8.334068377519698867e-01 8.736598021925729984e-01 5.338332167774575421e-01 1.752040977386501164e-01 1.085905058837710602e-01 9.435830432356486774e-01 6.324543024969673244e-01 1.357171367246273297e+00 7.117488927219806083e-01
1.474902990695712068e+00 0.000000000000000000e+00 1.330816104669797939e+00 1.464345434133121460e+00 1.467206911706277594e+00 9.284817137513431407e-01 8.300528447071815474e-01 1.055121445302965810e+00 8.770116571126049809e-01 4.253121677450629745e-01 1.112571726514358650e+00 8.778261469849882870e-01 1.120756370015182135e+00 1.156222556281265357e+00 7.222454500548044498e-01 1.502199523734134123e+00 6.920538662733963786e-01 8.529585883390490286e-01 1.195160546263805301e+00 1.049301270546169285e+00 1.112861228333837271e+00 8.937138329180168705e-01 2.243122289813788972e-01 6.844199697288795292e-01 1.014187744356628507e+00 1.370194286457355970e+00 8.737432145988891508e-01 1.084553819115629647e+00 1.280688984918918472e+00 1.285847499247557257e+00 8.704814562913406606e-01 7.820541817601417423e-01 9.745144870166589923e-01 1.207805935674057585e+00 1.023665940756791404e+00 1.304449185745893303e+00 6.175007160193837219e-01 1.525748526275763739e+00 7.595214932682002873e-01 1.013115028438557053e+00 1.504416134536726624e+00 8.215969930105788688e-01 8.425411604056919357e-01 7.968219799875386755e-01 1.023220466275047258e+00 1.155550805675929826e+00 9.994522263086874636e-01 5.594831878416732796e-01 9.007259879730172836e-01 7.600456217693882799e-01 5.046185862003869094e-01 1.280142927773891159e+00 1.119205165522535461e+00 3.092290666320603454e-01 9.896559136247765620e-01 1.261181728451736817e+00 1.109951872396486960e+00 1.068575447202866791e+00 1.128458945315367723e+00 1.098752457741291044e+00 1.389665231448872218e+00 9.188618272748768634e-01 1.160405104576377189e-01 1.005436304123762836e+00 1.397457522443948497e+00 1.382487035223415761e+00 6.443144702396051970e-01 7.586309578524371711e-01 9.513523195436051072e-01 1.312805886013441947e+00 1.497180560672902505e+00 8.015084269282012341e-01 1.178785240072703688e+00 1.221286643356102264e+00 7.830206847935495817e-01
1.466700828559969194e+00 1.330816104669797939e+00 0.000000000000000000e+00 1.543926308705927841e+00 1.453096031663333676e+00 9.019696371235488286e-01 9.948850146922416648e-01 9.177906753338427315e-01 4.617646164545494147e-01 9.203327415257941402e-01 1.098460846471414731e+00 9.375460148115581926e-01 1.200337244587988517e+00 1.272625112839002037e+00 7.573167488196735908e-01 1.553040301104306353e+00 7.704242554908631302e-01 6.939662526955102662e-01 1.205037300384279142e+00 1.089122416622636980e+00 2.369624741374802834e-01 9.084875976555877308e-01 1.133707321845539351e+00 8.710021427185381526e-01 1.138276946462758454e+00 1.372074654245654779e+00 7.772737049242145480e-01 1.016283272876330468e+00 1.266578104875974331e+00 1.365428373820363417e+00 1.057063629280998951e+00 6.047125254000781380e-01 8.620015592963752304e-01 1.101008065607820052e+00 1.069916785226467493e+00 1.353276546677408376e+00 7.298761314191181127e-01 1.524226516864404912e+00 8.713765456800578457e-01 1.183908774721206258e+00 1.550491227800425031e+00 7.945571467162888535e-01 5.311523464358679503e-01 7.619917915143356035e-01 9.970503170311181274e-01 1.229357878895464884e+00 3.363679560590670525e-01 8.455766923411688341e-01 9.924029583910251029e-01 6.453730714456955564e-01 8.365609680022508821e-01 1.213727233286721718e+00 1.207371449401341001e+00 1.022542124738600844e+00 8.818015342389001754e-01 1.237659793464258862e-01 1.094498837825050419e+00 1.148156321775673172e+00 9.904571354821908313e-01 1.089558527992360304e+00 1.469246106021678600e+00 7.885306273049456083e-01 1.231188947255551502e+00 9.851965572170860996e-01 1.459474765442093647e+00 1.368376155180470510e+00 7.870591238125766997e-01 8.870714325440172132e-01 1.121752682580801741e+00 1.295956391991736956e+00 1.472971876646042677e+00 6.867890069694913002e-01 1.258366114645508516e+00 1.095294613136954531e-01 8.167127487610100767e-01
9.237899225740430209e-01 1.464345434133121460e+00 1.543926308705927841e+00 0.000000000000000000e+00 1.108623926623223621e+00 1.273586399649786260e+00 6.769226197856011984e-01 9.227924692768308956e-01 1.092220136349418169e+00 1.062589483929279544e+00 7.346667927453136571e-01 1.010992182794167915e+00 3.566381293571582733e-01 7.020937277541832167e-01 8.481079125146644415e-01 9.703504932904075675e-01 1.062270197794847881e+00 1.028824541521252467e+00 6.667348248102777930e-01 9.013668114976592927e-01 1.329006756647304499e+00 6.460383832007144944e-01 1.274244668447116924e+00 8.700263639400772631e-01 5.478945238574487453e-01 8.652165151316527636e-01 8.248456307628431183e-01 7.773456493009841539e-01 9.257910780053989486e-01 1.883191635090225580e-01 8.295908696026373930e-01 1.077672312357004891e+00 1.094988846598905941e+00 8.604804958705490892e-01 5.345889494524586061e-01 7.595738051748484043e-01 9.310323809132761141e-01 1.011034920484261246e+00 7.129355515835414936e-01 7.269973247586057896e-01 9.595407539656818363e-01 1.081355696932301713e+00 1.046475930383994113e+00 1.141825104951934122e+00 1.018849560991163639e+00 5.970962618249536780e-01 1.212481973108402444e+00 1.023601541645224211e+00 5.636194461601042871e-01 9.095661165055922703e-01 9.629005652551813066e-01 7.636314555634827750e-01 8.007656634810377261e-01 1.155266443048756031e+00 7.938027980271247230e-01 1.474291932487866053e+00 7.554352915471023167e-01 4.017167802862370851e-01 9.998677070066651629e-01 6.525803995336623142e-01 1.168105725980933540e-01 9.198001005613888337e-01 1.365689960160304084e+00 6.690956986747341739e-01 8.621115912434589301e-01 1.019729193849695514e+00 8.209791381988673642e-01 9.644684258279473399e-01 6.495220935708352350e-01 7.813570355581734850e-01 9.560212288758990207e-01 1.117487145609083354e+00 2.916586275292235020e-01 1.434396847392232166e+00 7.272135599449173204e-01
9.180392726763603184e-01 1.467206911706277594e+00 1.453096031663333676e+00 1.108623926623223621e+00 0.000000000000000000e+00 1.241332717551534737e+00 7.898281515890656079e-01 7.195536036823414472e-01 1.001389859306824004e+00 1.064056075168166471e+00 3.739571338779100196e-01 1.081170511469467410e+00 7.521938349929937484e-01 8.136141394205809174e-01 8.063171451165253023e-01 1.011055362253687528e+00 1.081057817170453461e+00 8.925719668788694161e-01 6.354649837873949103e-01 8.921501751600904306e-01 1.239482710657946463e+00 5.836108260786821988e-01 1.275988692450521711e+00 9.459124851230321651e-01 7.522529533462426476e-01 8.432012414293316160e-01 6.834089820167108531e-01 5.543148145929540638e-01 1.908159849658297713e-01 9.251151449749798195e-01 9.585698953726271565e-01 9.977189622032289762e-01 9.139804680863229391e-01 7.294780186358003071e-01 5.740349771707651261e-01 7.890692942400492349e-01 9.282342282974057612e-01 9.940873118507295159e-01 7.403632962018651398e-01 8.956177676013822309e-01 9.850649859279912990e-01 1.046812593647507450e+00 9.511609951710107147e-01 1.103614433162250830e+00 9.368824881644449709e-01 6.860425356078161396e-01 1.121651696065808279e+00 1.037170908869856190e+00 6.426334145519858598e-01 8.077229602176377865e-01 9.657620428283382186e-01 6.920340816477688062e-01 8.265635362060465008e-01 1.158127920621912832e+00 6.070724846347094195e-01 1.383461655445272331e+00 3.663623094170845307e-01 7.284695902482221097e-01 8.038604900799830588e-01 5.058212409684950117e-01 1.033865385734451747e+00 7.572264131728990710e-01 1.368551437733460441e+00 4.814740464191951674e-01 9.017145760969267343e-01 1.128855180382233730e-01 8.318482635123758406e-01 1.056147232947357573e+00 7.884415878594430716e-01 7.428351749377102298e-01 9.287752683049804725e-01 9.901538786655246227e-01 8.195790002315143097e-01 1.343566570349638001e+00 6.841862269127282348e-01
1.205547790672919506e+00 9.284817137513431407e-01 9.019696371235488286e-01 1.273586399649786260e+00 1.241332717551534737e+00 0.000000000000000000e+00 6.468966059100391686e-01 6.308137871670184138e-01 4.702359324288514220e-01 5.042767987232127380e-01 8.866975323596155700e-01 4.662819080145322870e-01 9.299973355318469359e-01 9.066166963365043241e-01 4.948840223352680145e-01 1.263240765750095695e+00 2.709260695162455934e-01 3.785947672167444544e-01 9.689334219616186905e-01 7.042472026944359698e-01 6.811968924641583767e-01 6.817549507682312271e-01 7.220880023683290405e-01 4.430903214876164009e-01 8.318935213256607453e-01 1.097117161579425515e+00 5.683040317659338037e-01 7.834682793041684024e-01 1.054814790764175392e+00 1.095088464764222058e+00 5.893121586485300378e-01 3.066075514250416467e-01 4.789675422816215278e-01 7.944176672037099873e-01 8.319587319681048809e-01 1.077796789685189216e+00 3.464112688815478291e-01 1.253235567006076856e+00 5.684330036096353345e-01 7.503586132761309591e-01 1.271668958843912067e+00 3.226571698502650465e-01 4.301056827614048172e-01 1.453834533617917035e-01 5.758106862167818862e-01 9.544228738878051121e-01 5.727947268557547211e-01 3.970681306568489832e-01 7.115017175698531426e-01 4.345310364077281662e-01 4.806936718728186952e-01 9.409514852524534234e-01 8.269514854850037455e-01 6.266661713183234728e-01 6.664464150751353566e-01 8.337808803578555805e-01 8.830189800012365753e-01 8.778164127195317024e-01 6.329120005803298143e-01 8.777952138805614757e-01 1.198906196965537019e+00 5.164433469734125426e-01 8.282644801880221230e-01 7.734332431052876045e-01 1.160580965751160543e+00 1.156612841068672459e+00 4.536239356633831599e-01 3.800680677473793345e-01 7.317755577156295210e-01 1.040594576332144694e+00 1.209167047964828878e+00 2.711542371483982583e-01 9.880262055893677120e-01 7.924401758098535975e-01 5.789614782904183299e-01
6.532631373875597003e-01 8.300528447071815474e-01 9.948850146922416648e-01 6.769226197856011984e-01 7.898281515890656079e-01 6.468966059100391686e-01 0.000000000000000000e+00 5.697072715741086091e-01 5.410805671350481516e-01 4.308782827614057176e-01 4.271030191691002620e-01 3.657509087555420590e-01 3.492206109135601033e-01 3.412202369118526035e-01 3.109536600462560196e-01 6.782624831352850325e-01 4.036163733090780692e-01 5.149275967456075076e-01 4.452108443658408521e-01 3.432126444836886003e-01 7.769301383562803309e-01 2.511336550053168137e-01 6.406173825486439766e-01 2.073292896751201542e-01 2.011917171514233382e-01 5.493704952031635003e-01 4.005633131608909436e-01 4.492683523629135700e-01 6.033102248017063740e-01 4.950411030960218950e-01 1.843495955640115092e-01 4.764658890266596503e-01 5.247716048942155931e-01 4.517280536296323090e-01 2.737162388588268991e-01 4.828093324377416562e-01 3.056023215618755007e-01 7.018114856769152032e-01 1.696549041603542807e-01 2.084499396062429455e-01 6.820107441382464719e-01 4.154773805358951688e-01 5.045101688122506367e-01 5.163063470091660001e-01 4.167028408776537463e-01 3.371430983631144018e-01 6.635211363311307453e-01 3.893089522192844654e-01 1.502512880551166163e-01 3.904860736156313683e-01 3.286079758292416164e-01 4.670356956194343101e-01 3.356148508637248340e-01 5.209738536228164518e-01 4.395602646482947851e-01 9.252506384741805423e-01 4.325731122792749184e-01 2.776548269003757397e-01 4.627081064401641353e-01 3.866310001680841046e-01 6.026361588625763765e-01 4.885175330051197973e-01 7.313973707343640607e-01 3.397158759587439181e-01 5.735204818451004050e-01 7.051082751062032195e-01 2.078258908796649096e-01 2.985901094315407400e-01 1.284695711529597328e-01 5.438189829003866604e-01 6.767857036302954432e-01 5.125443421822906132e-01 3.863037502022813596e-01 8.853555533785464338e-01 2.431194343847495332e-01
5.790186920341868770e-01 1.055121445302965810e+00 9.177906753338427315e-01 9.227924692768308956e-01 7.195536036823414472e-01 6.308137871670184138e-01 5.697072715741086091e-01 0.000000000000000000e+00 4.687083374875668507e-01 6.446380821589607901e-01 3.824667651685014769e-01 3.661990065383253223e-01 5.666459925755105154e-01 3.549718451289982646e-01 4.061048524498721557e-01 6.390952987086676584e-01 5.137499585975786598e-01 2.684871732404930378e-01 3.393434437534775805e-01 2.457985723190637684e-01 7.041773543284558512e-01 3.218224583570893360e-01 8.580126624787057787e-01 5.454197099439422880e-01 5.327320205498952133e-01 4.705880629406926086e-01 1.939920259004521697e-01 1.927825266959832806e-01 5.333646927553606920e-01 7.398606596788710466e-01 4.115475833868202926e-01 4.591383394437997811e-01 2.015987244897022856e-01 2.014529519313615902e-01 3.942003696685759673e-01 4.756683918140399703e-01 4.651237466977404256e-01 6.267064683673438941e-01 4.478689509242809730e-01 4.094120673720610948e-01 6.615334193770222582e-01 3.747542637495711593e-01 3.943903181492193766e-01 4.907630436386600237e-01 2.586125201753270431e-01 4.501054224405092730e-01 5.827920127570535014e-01 6.023565526968439610e-01 4.334569343992287771e-01 2.950758235335770308e-01 5.605420474547361254e-01 3.144223866137207946e-01 3.098101989249613109e-01 7.468474653717676048e-01 1.301470069258138518e-01 8.481562991157816089e-01 3.535599789204037502e-01 5.290760156038964990e-01 1.255905220908651865e-01 3.319642751194094021e-01 8.480339283880594659e-01 1.362596180280884750e-01 9.554942878887180413e-01 2.587027624404880655e-01 5.447998110808588423e-01 6.344665918180315556e-01 4.796575158728110244e-01 4.433428911683494622e-01 5.122200116697758210e-01 4.136388728461606878e-01 5.826379493260963605e-01 3.688490397297476409e-01 6.343245149354056478e-01 8.082612140201475004e-01 3.426522653952541186e-01
1.014994656203459744e+00 8.770116571126049809e-01 4.617646164545494147e-01 1.092220136349418169e+00 1.001389859306824004e+00 4.702359324288514220e-01 5.410805671350481516e-01 4.687083374875668507e-01 0.000000000000000000e+00 4.665282939686004604e-01 6.467546741149049483e-01 5.124847938949231851e-01 7.486310722314786226e-01 8.235427749927256569e-01 3.056105764631635302e-01 1.101334128747797347e+00 3.296639620096840639e-01 2.542225616386117881e-01 7.533311280277695809e-01 6.439747186799407164e-01 2.407748357408531770e-01 4.567814252990783364e-01 6.799028742883452825e-01 4.171976951613446394e-01 6.865707741062485603e-01 9.203684818891458841e-01 3.255675325677052090e-01 5.645771005198211290e-01 8.148719325194647700e-01 9.137222014638535228e-01 6.032591817238055487e-01 1.753866044622253151e-01 4.168538613536794113e-01 6.519257277615435608e-01 6.182106128699579317e-01 9.015703743208987042e-01 2.753317796109263638e-01 1.072520344507894352e+00 4.196703733235483957e-01 7.301043271640120791e-01 1.098785055443915581e+00 3.628234420215914469e-01 1.418873932653896275e-01 3.302580868196380859e-01 5.565273914107782272e-01 7.776517065389549899e-01 1.380827065494823758e-01 3.948263816458790210e-01 5.406967860345157639e-01 1.936668990891861064e-01 3.827565204450573133e-01 7.620210609302119353e-01 7.582891115550646211e-01 5.687376771814069976e-01 4.300953618823906699e-01 3.915991083876744216e-01 6.427926654685407470e-01 6.964501494191632780e-01 5.413747976359148950e-01 6.378523556358508539e-01 1.017539933665168261e+00 3.394482894586697275e-01 7.773844996983577671e-01 5.334903848605767607e-01 1.007768593085584641e+00 9.166699828239617265e-01 3.332546762553832975e-01 4.521877504624414734e-01 6.679482350236077837e-01 8.442502196352273947e-01 1.021265704289533005e+00 2.696566297549000124e-01 8.066599422889990656e-01 3.522351551408539616e-01 3.650065764045006267e-01
1.075017183482381844e+00 4.253121677450629745e-01 9.203327415257941402e-01 1.062589483929279544e+00 1.064056075168166471e+00 5.042767987232127380e-01 4.308782827614057176e-01 6.446380821589607901e-01 4.665282939686004604e-01 0.000000000000000000e+00 7.094208899762475262e-01 4.679227229834030388e-01 7.190004198113401079e-01 7.570479943354891939e-01 3.120506215874093714e-01 1.103024961788357627e+00 2.681548416907929000e-01 4.424752251950441195e-01 7.924564217546121725e-01 6.519892481823196251e-01 7.000479554529644988e-01 4.905629963799053028e-01 2.191375968180706291e-01 2.871079473650308134e-01 6.150131824108526768e-01 9.710197245115790299e-01 4.632598514548846858e-01 6.814029825775180793e-01 8.775381483808074590e-01 8.840915490437152302e-01 4.731694339274916117e-01 3.619170232639512541e-01 5.626017393317487292e-01 8.104939133102077031e-01 6.209618162475980530e-01 9.052746238001176948e-01 2.008398733767710886e-01 1.126573964329988575e+00 3.568173687590072696e-01 6.139404664927810007e-01 1.105241572590951016e+00 4.065044948930144897e-01 4.320577972616873597e-01 3.726170649594085504e-01 6.133170422734617322e-01 7.563762437301537744e-01 5.889688631646829986e-01 1.372175628781390766e-01 4.994881276368822176e-01 3.495622586253838149e-01 1.275469395610168422e-01 8.783630305080255551e-01 7.218931431586862457e-01 1.255444338373914448e-01 5.861104987036414027e-01 8.506983653077329066e-01 7.068010358583758368e-01 6.668194969990248744e-01 7.165461976304570157e-01 6.956016212031800316e-01 9.879092812450297467e-01 5.083784641308722874e-01 3.275987726173760217e-01 6.022854675856514906e-01 9.982829604981734439e-01 9.793361986853044154e-01 2.416103457304121238e-01 3.473747014455297877e-01 5.521777575978291663e-01 9.101017615042484854e-01 1.096310687340665613e+00 3.773035119000708870e-01 7.770292898688607730e-01 8.108032802120985760e-01 3.798698482554382916e-01
5.478017585370087428e-01 1.112571726514358650e+00 1.098460846471414731e+00 7.346667927453136571e-01 3.739571338779100196e-01 8.866975323596155700e-01 4.271030191691002620e-01 3.824667651685014769e-01 6.467546741149049483e-01 7.094208899762475262e-01 0.000000000000000000e+00 7.429991346732636170e-01 3.782367011150836733e-01 4.411055174847814397e-01 4.516819599246063577e-01 6.386503661256572872e-01 7.264226319785348496e-01 5.488878720681450440e-01 2.646777273800909880e-01 5.396415885061125461e-01 8.848475254660272959e-01 2.289756408867630044e-01 9.213535072586032104e-01 5.857824378105451757e-01 3.843113027007535876e-01 4.729637272899800404e-01 3.394356084616917957e-01 2.018062279389761238e-01 1.966966204555564701e-01 5.511580110970696333e-01 5.927882119346249423e-01 6.430837770113098095e-01 5.768936295724829133e-01 3.723700897320328940e-01 2.000778432928550510e-01 4.166642981120188272e-01 5.735990431054865946e-01 6.238497977113774962e-01 3.829245716392591370e-01 5.252610980961353038e-01 6.126599897999608357e-01 7.057094199597584439e-01 5.965258099790916591e-01 7.489792479703316630e-01 5.961415644998747654e-01 3.135339136720168840e-01 7.670165108738893345e-01 6.825357236779372450e-01 2.768517311139836456e-01 4.530877750257186753e-01 6.111268576364190519e-01 3.229651418962651843e-01 4.588236936389946119e-01 8.034927354299936653e-01 2.662245290708706302e-01 1.028826470253352943e+00 1.232491662944161515e-01 3.619802042517782925e-01 4.631195664154129643e-01 1.350339845611910894e-01 6.599082518565417832e-01 4.161232394851500094e-01 1.013916252541541496e+00 1.327827315553815335e-01 5.293095799688962710e-01 2.850624011043818573e-01 4.772130783204567295e-01 6.934221005273922822e-01 4.226599044214408019e-01 3.725976607983585431e-01 5.585377541656285638e-01 6.449178611254593463e-01 4.456218663536041236e-01 9.889313851577190562e-01 3.295510417208091791e-01
8.068566879501242184e-01 8.778261469849882870e-01 9.375460148115581926e-01 1.010992182794167915e+00 1.081170511469467410e+00 4.662819080145322870e-01 3.657509087555420590e-01 3.661990065383253223e-01 5.124847938949231851e-01 4.679227229834030388e-01 7.429991346732636170e-01 0.000000000000000000e+00 6.721545056252478112e-01 4.816063085277132449e-01 4.467689045613624788e-01 8.276300121089890105e-01 2.695974762983935902e-01 2.628567043749854837e-01 6.348033887381387963e-01 2.417527184817565844e-01 7.178683575950337570e-01 5.947545037653204636e-01 6.809726991821186681e-01 2.084675766539619002e-01 4.775836842758028888e-01 6.714988731541342570e-01 4.375846536186241420e-01 5.436357903605395503e-01 8.949816005424867660e-01 8.284039931850878391e-01 1.814013131915306332e-01 3.415925445470708310e-01 1.747605877973560373e-01 4.143715459586277960e-01 6.169381054709915935e-01 6.557502070704207542e-01 3.706560119559867417e-01 8.291727170455805984e-01 4.289044570251572264e-01 3.378727978746621230e-01 8.446788331266216199e-01 1.535504778043953467e-01 4.160150217245596749e-01 3.320998945201903418e-01 1.501679611786368995e-01 5.629030923788119756e-01 6.038226983906560541e-01 3.632252103697150014e-01 4.960337874061958585e-01 3.923525392506813092e-01 3.760869017801439784e-01 5.542830479820300971e-01 3.734818983945564219e-01 5.692063092574916050e-01 4.767746056023930978e-01 8.704523454887310718e-01 7.151768867075298797e-01 6.149493229750254697e-01 2.823224518841025432e-01 6.754443648319221616e-01 9.373380775617785599e-01 3.410632141872312340e-01 7.796298263690392139e-01 6.183711792765077542e-01 7.315739938970697853e-01 9.960834996051574075e-01 3.443128564075934039e-01 1.246867465602533170e-01 3.614700892233330687e-01 6.602845571031239480e-01 7.984018188854751230e-01 2.539755777202390985e-01 7.193335552649446907e-01 8.280165534978627395e-01 4.919748930072408988e-01
5.707120601732306175e-01 1.120756370015182135e+00 1.200337244587988517e+00 3.566381293571582733e-01 7.521938349929937484e-01 9.299973355318469359e-01 3.492206109135601033e-01 5.666459925755105154e-01 7.486310722314786226e-01 7.190004198113401079e-01 3.782367011150836733e-01 6.721545056252478112e-01 0.000000000000000000e+00 3.521336932332579384e-01 5.045188483967250059e-01 6.192709370417132098e-01 7.186811336769084457e-01 6.836608123607139653e-01 3.128605079983200477e-01 5.590758699007539745e-01 9.854176925293649525e-01 3.004818973509338909e-01 9.306556043291777103e-01 5.348046534229538018e-01 2.060370799498985050e-01 5.141369588829584059e-01 4.792891449130624038e-01 4.211991725996638292e-01 5.696446013040785683e-01 1.803638968762508732e-01 4.907531924337175111e-01 7.340832482390655667e-01 7.494323607491257810e-01 5.055436846292642450e-01 1.781588578222286223e-01 4.076937019556987618e-01 5.874433167953369006e-01 6.599553642355666661e-01 3.693464874656020025e-01 3.825416170519356229e-01 6.076606507465323048e-01 7.534880225599279724e-01 7.028868662660547884e-01 7.982360408339947977e-01 6.765586193942579873e-01 2.460167055762588761e-01 8.688929089904628977e-01 6.800124775272849975e-01 2.200303820421650181e-01 5.659770523876530568e-01 6.193115011372420931e-01 4.086946443221980974e-01 4.541866945212936768e-01 8.116773789308168174e-01 4.475335792058606765e-01 1.130702868369926950e+00 3.992888148457822139e-01 1.214770632171728593e-01 6.518556208299124410e-01 2.961040289714964024e-01 2.818795884683865660e-01 5.742436147116081191e-01 1.022100896042364759e+00 3.129492219734139047e-01 5.110320349947642393e-01 6.632991022194655306e-01 4.773900740809280396e-01 6.366007514555734881e-01 3.106844164019149646e-01 4.282791731573609706e-01 6.029433664750857291e-01 7.723234164485449638e-01 1.081894055164549090e-01 1.090807783274292619e+00 3.836244958269778849e-01
3.486727520527634905e-01 1.156222556281265357e+00 1.272625112839002037e+00 7.020937277541832167e-01 8.136141394205809174e-01 9.066166963365043241e-01 3.412202369118526035e-01 3.549718451289982646e-01 8.235427749927256569e-01 7.570479943354891939e-01 4.411055174847814397e-01 4.816063085277132449e-01 3.521336932332579384e-01 0.000000000000000000e+00 6.221925155486389691e-01 3.604185080317969248e-01 6.831411886373095488e-01 6.154951498673659760e-01 2.528683229016350786e-01 2.605017222542717614e-01 1.059011791833614824e+00 4.502015007703896732e-01 9.667870941227277859e-01 4.852150743338079497e-01 2.036713830112291124e-01 2.139717301760898915e-01 5.203394943458157229e-01 3.079527149463025526e-01 6.341782103106045065e-01 5.167977124585558801e-01 3.173045376879742863e-01 8.026356006007430155e-01 4.760174649816034109e-01 1.716170472311820405e-01 2.843508684676049336e-01 1.766848849465164906e-01 6.317720331359589769e-01 3.696016796384931635e-01 4.636122239306020298e-01 1.562580830603733650e-01 3.705570541052394251e-01 6.293565285958171440e-01 7.492247556543776277e-01 7.746870841662767404e-01 4.002315671501602279e-01 1.353914075237432624e-01 9.376264502622122521e-01 7.027692674297010278e-01 3.349756951429514462e-01 6.401632252514418697e-01 6.547776874033250927e-01 1.287861404597170634e-01 1.258601401559871491e-01 8.471435651969001501e-01 4.072540417780360356e-01 1.202990736620940471e+00 4.848434614322814085e-01 3.595065916641380643e-01 3.220730066828951799e-01 3.159189107632446314e-01 6.287575572051439243e-01 4.860562971231821572e-01 1.057567082308447537e+00 4.025704215568853273e-01 2.594690610124877339e-01 7.250552696943921571e-01 5.436609726668779619e-01 5.304918417376414119e-01 2.195025142595403989e-01 2.179113089971515538e-01 3.409580043916374814e-01 7.111357686422807856e-01 4.107581076771074646e-01 1.163095651525306140e+00 5.173222735611786582e-01
8.376142313336620848e-01 7.222454500548044498e-01 7.573167488196735908e-01 8.481079125146644415e-01 8.063171451165253023e-01 4.948840223352680145e-01 3.109536600462560196e-01 4.061048524498721557e-01 3.056105764631635302e-01 3.120506215874093714e-01 4.516819599246063577e-01 4.467689045613624788e-01 5.045188483967250059e-01 6.221925155486389691e-01 0.000000000000000000e+00 9.058835854720032055e-01 3.205016266063142605e-01 2.743559487708428501e-01 5.474270126751450416e-01 6.074813998920193248e-01 5.423971967610501377e-01 2.365584867361484878e-01 5.254252019071540269e-01 2.426000990747303465e-01 4.367253675285526215e-01 7.696096180230868056e-01 2.121128265494199860e-01 4.119730354496647928e-01 6.197992183291660684e-01 6.696099776291002392e-01 4.286615856371913114e-01 2.828256668748623803e-01 4.279949949841655998e-01 5.652244806023267731e-01 3.926175694571981123e-01 6.878916700405406370e-01 1.654354926511778512e-01 9.188180028207373340e-01 1.585802916180370503e-01 5.122842063908782384e-01 8.878586188313741800e-01 4.048864044327694089e-01 2.639385208374860903e-01 3.615971521964407853e-01 5.676685250412644157e-01 5.479496100484712029e-01 4.258724132221479164e-01 2.845309102072938190e-01 2.934526618027155642e-01 1.437118157345235736e-01 2.247958316879076213e-01 6.159306051407541505e-01 6.394491176483600992e-01 4.139283305561967108e-01 3.076500393964038960e-01 6.876823726016119132e-01 4.490621058067346683e-01 4.523379255844096614e-01 5.207704175747915887e-01 4.378626911515388631e-01 7.734277098304147557e-01 2.876582069837932409e-01 6.229068273171665115e-01 3.445465375340101555e-01 7.976446834250540130e-01 7.215972686336631359e-01 1.168805736596577466e-01 3.275737154288114739e-01 4.153477670306906511e-01 6.654513960215450163e-01 8.521218945122837063e-01 3.447182889818922735e-01 5.625477184542455600e-01 6.477872875059779156e-01 1.258653386116815320e-01
2.779529088042380636e-01 1.502199523734134123e+00 1.553040301104306353e+00 9.703504932904075675e-01 1.011055362253687528e+00 1.263240765750095695e+00 6.782624831352850325e-01 6.390952987086676584e-01 1.101334128747797347e+00 1.103024961788357627e+00 6.386503661256572872e-01 8.276300121089890105e-01 6.192709370417132098e-01 3.604185080317969248e-01 9.058835854720032055e-01 0.000000000000000000e+00 1.039203979267615319e+00 9.042277154923887839e-01 3.817997374309479719e-01 5.997880339047924059e-01 1.339426980098919584e+00 6.837164520579310789e-01 1.312764061575595109e+00 8.344025001633958993e-01 5.102669493688994917e-01 1.979849727137127091e-01 7.947980175136057923e-01 5.521505993997103401e-01 8.314512585077540319e-01 7.850544779947801199e-01 6.748551619917779743e-01 1.098233638152467551e+00 7.886433123216401997e-01 4.688230985463863743e-01 5.132660160148050377e-01 2.221599399544986753e-01 9.777490005888275215e-01 1.670408695204099736e-01 7.802464148058821936e-01 5.138087073641770530e-01 1.627925938842945397e-01 9.750622632127260436e-01 1.033485616857887202e+00 1.123022138546689641e+00 7.274781249000016325e-01 3.772284732235376414e-01 1.221595965506781623e+00 1.051956693259288755e+00 6.357618680071901451e-01 9.175825159905637296e-01 1.000754654856193637e+00 3.405182400418799160e-01 4.610706220325573867e-01 1.193120532649768251e+00 6.712387668654067330e-01 1.483405924886245231e+00 6.921837525759648724e-01 6.295784734115129622e-01 6.346988540229319131e-01 5.062661476379628489e-01 8.970143227413680531e-01 7.701797507028513845e-01 1.403544049761315859e+00 6.140494416107677988e-01 1.157640369761775839e-01 9.226001183352680046e-01 8.837573799148155107e-01 8.880424660414449889e-01 5.551535572136317986e-01 3.080503124985262131e-01 1.980014555367215212e-01 1.003659649910129348e+00 6.790148732133318710e-01 1.443510839790610678e+00 7.800182468603217290e-01
1.023011573672125474e+00 6.920538662733963786e-01 7.704242554908631302e-01 1.062270197794847881e+00 1.081057817170453461e+00 2.709260695162455934e-01 4.036163733090780692e-01 5.137499585975786598e-01 3.296639620096840639e-01 2.681548416907929000e-01 7.264226319785348496e-01 2.695974762983935902e-01 7.186811336769084457e-01 6.831411886373095488e-01 3.205016266063142605e-01 1.039203979267615319e+00 0.000000000000000000e+00 2.616405036387521865e-01 7.998384972530225845e-01 5.030373269644421441e-01 5.496515108314720122e-01 5.108286483835412506e-01 4.859660453359089805e-01 2.065955765902863506e-01 6.000471492252877903e-01 8.939614900069688952e-01 4.091108520545212457e-01 6.574649976710122967e-01 8.945398903830945603e-01 8.825738531911944129e-01 3.658366509493352070e-01 1.789618483889135747e-01 3.325401050448043572e-01 6.437695347371079624e-01 6.283438917460085760e-01 8.510237065658788902e-01 1.618203990832539352e-01 1.049782259491282232e+00 3.662008148021735354e-01 5.268831055769361837e-01 1.046705617471219263e+00 1.485641247814105392e-01 3.129172296049506641e-01 1.418579775412919797e-01 4.006333911144063231e-01 7.179281289904746455e-01 4.412493452230685786e-01 1.326596423027668059e-01 4.986507516347433722e-01 2.771473350975323657e-01 2.423651275413284956e-01 7.886284251920777644e-01 6.145603601805298410e-01 3.898538464340198240e-01 5.229832590335820042e-01 7.022354987251691050e-01 7.227440796201558548e-01 6.632862312260514592e-01 4.864845633435126437e-01 7.158672732068159794e-01 9.875899951105983066e-01 3.994890833954202747e-01 5.931863305584871293e-01 6.131583427242066620e-01 9.356176243784676272e-01 9.963379406875915167e-01 2.679427348504513362e-01 1.712447864256888830e-01 4.952808128182992764e-01 8.885180468609371607e-01 1.020947764222516430e+00 1.541999735704060459e-01 7.738365002974537665e-01 6.608947941771677881e-01 4.001355002590743504e-01
8.370188688507808061e-01 8.529585883390490286e-01 6.939662526955102662e-01 1.028824541521252467e+00 8.925719668788694161e-01 3.785947672167444544e-01 5.149275967456075076e-01 2.684871732404930378e-01 2.542225616386117881e-01 4.424752251950441195e-01 5.488878720681450440e-01 2.628567043749854837e-01 6.836608123607139653e-01 6.154951498673659760e-01 2.743559487708428501e-01 9.042277154923887839e-01 2.616405036387521865e-01 0.000000000000000000e+00 5.919790031898652938e-01 4.053546406940694569e-01 4.811069423174325066e-01 3.831789150097802410e-01 6.558498055147888861e-01 3.761856137655976706e-01 6.326724329093401655e-01 7.357204797244139005e-01 2.094522636064529986e-01 4.062520575423518854e-01 7.060540400915099601e-01 8.503266066356879316e-01 4.353179868695506438e-01 2.005859283764200307e-01 1.756411652116659783e-01 4.438781026361837134e-01 5.308081971014489975e-01 7.408008085977613177e-01 2.551323722410274719e-01 8.918388851510649085e-01 3.692177967071765265e-01 5.787337713443652110e-01 9.266658361607432726e-01 1.670836944310496730e-01 1.628691357877439794e-01 2.386169216075309796e-01 3.052232969364468973e-01 6.813690252040381923e-01 3.582734684545915704e-01 3.842829342615532995e-01 4.867984448376072026e-01 1.311050915197640998e-01 3.587034516715009169e-01 5.795548033974421420e-01 5.245666187068327435e-01 5.446846084078508232e-01 2.977102661400821693e-01 6.258194096998449529e-01 5.283742238252460144e-01 6.330545545909976868e-01 3.176828957632872874e-01 5.401678382035666193e-01 9.541325667701660018e-01 1.392271252115959146e-01 7.533314309248018148e-01 4.235248360479257901e-01 8.099322278645798567e-01 8.094221516801409777e-01 3.071017058659425425e-01 2.769254270029739562e-01 6.153867629013531904e-01 6.662744322825484566e-01 8.432899169368540671e-01 1.087019146480075887e-01 7.432643474608334744e-01 5.844367913818150351e-01 3.111082352075921209e-01
2.928596525074434465e-01 1.195160546263805301e+00 1.205037300384279142e+00 6.667348248102777930e-01 6.354649837873949103e-01 9.689334219616186905e-01 4.452108443658408521e-01 3.393434437534775805e-01 7.533311280277695809e-01 7.924564217546121725e-01 2.646777273800909880e-01 6.348033887381387963e-01 3.128605079983200477e-01 2.528683229016350786e-01 5.474270126751450416e-01 3.817997374309479719e-01 7.998384972530225845e-01 5.919790031898652938e-01 0.000000000000000000e+00 3.947292754831491779e-01 9.914239793788918176e-01 3.218879015987055059e-01 1.004111606272449775e+00 6.198628430978960768e-01 2.541275468949963368e-01 2.382283722549602967e-01 4.422777714597723175e-01 1.996303533458770041e-01 4.558608800414613027e-01 4.814388095146501234e-01 5.091754906389714952e-01 7.496602309241742201e-01 5.301904349419495066e-01 2.248557455980676467e-01 1.714946055070140085e-01 1.644276348952219691e-01 6.600600895897098530e-01 3.750525197234742536e-01 4.428024894088739560e-01 3.573951384563785472e-01 3.557368780207845749e-01 7.128738985441714915e-01 7.031022638919560697e-01 8.288826784332602449e-01 5.007058065143502601e-01 1.386681399047162144e-01 8.735929647867539671e-01 7.546805768511890555e-01 3.050885717171071265e-01 5.596642289385832525e-01 6.937156773858652592e-01 1.262684263414433350e-01 2.773016614594958629e-01 8.860815551794402056e-01 3.341120919833074909e-01 1.135402924166217797e+00 3.219493221358072366e-01 3.307382730443571561e-01 3.762459766432411645e-01 1.296437428188998986e-01 5.933986542612381676e-01 4.527518779782693237e-01 1.096505072290987703e+00 2.438241273040003543e-01 2.723864681897197881e-01 5.479398745734602727e-01 5.508460760242003262e-01 7.048065911664725958e-01 3.481273756626913074e-01 1.184853428499332978e-01 3.066622553831930831e-01 6.996041210229436702e-01 3.753992047332015414e-01 1.095507839070583689e+00 4.215616740634636206e-01
5.740180134680771262e-01 1.049301270546169285e+00 1.089122416622636980e+00 9.013668114976592927e-01 8.921501751600904306e-01 7.042472026944359698e-01 3.432126444836886003e-01 2.457985723190637684e-01 6.439747186799407164e-01 6.519892481823196251e-01 5.396415885061125461e-01 2.417527184817565844e-01 5.590758699007539745e-01 2.605017222542717614e-01 6.074813998920193248e-01 5.997880339047924059e-01 5.030373269644421441e-01 4.053546406940694569e-01 3.947292754831491779e-01 0.000000000000000000e+00 8.766945338610288019e-01 5.265569724536096619e-01 8.567595557052850586e-01 3.648813008172889227e-01 3.592772115585280424e-01 4.430113924762805189e-01 4.312634102747791576e-01 3.378353605671363669e-01 7.078204486030408304e-01 7.173994184478427183e-01 1.788198142548280967e-01 5.714794543059094067e-01 2.335802126934640732e-01 1.774960708723822833e-01 5.144602563968837527e-01 4.285790604778445534e-01 5.352262246730576933e-01 6.006852363677268603e-01 5.065449409333133701e-01 1.765342528488184071e-01 6.168368549224247932e-01 3.915157724842989739e-01 5.584567273313403302e-01 5.660571151529094625e-01 1.415816266231642029e-01 3.794895431917724715e-01 7.534296323817184504e-01 5.665190500284698061e-01 4.292317395183873341e-01 5.084662630865163235e-01 5.478564016682287985e-01 3.156708109615649072e-01 1.387174118722350191e-01 7.402222794618038559e-01 3.538880278940281787e-01 1.020975573626971666e+00 5.275989361784134690e-01 5.209378685120307217e-01 1.202080502281985541e-01 4.424723349618118196e-01 8.278637168786913136e-01 3.496500575810277955e-01 9.506457965733514648e-01 4.341914007213659721e-01 5.037320156928730697e-01 8.056208077317883465e-01 4.907543076811995419e-01 3.319008897418251891e-01 2.700988960283187135e-01 4.248780228154504512e-01 5.670759511378479223e-01 4.686985163541412813e-01 6.097081839684360682e-01 9.795929553089414155e-01 5.725446006207997041e-01
1.253087507554582203e+00 1.112861228333837271e+00 2.369624741374802834e-01 1.329006756647304499e+00 1.239482710657946463e+00 6.811968924641583767e-01 7.769301383562803309e-01 7.041773543284558512e-01 2.407748357408531770e-01 7.000479554529644988e-01 8.848475254660272959e-01 7.178683575950337570e-01 9.854176925293649525e-01 1.059011791833614824e+00 5.423971967610501377e-01 1.339426980098919584e+00 5.496515108314720122e-01 4.811069423174325066e-01 9.914239793788918176e-01 8.766945338610288019e-01 0.000000000000000000e+00 6.935680455969648328e-01 9.157524455095774618e-01 6.530472663825767077e-01 9.233573944041352233e-01 1.158461333240268232e+00 5.636603839188276677e-01 8.026699518709435877e-01 1.052964783870587340e+00 1.150508821761740075e+00 8.391087529450377280e-01 3.839397807406874086e-01 6.495736765347677188e-01 8.873947446024327279e-01 8.549972331678441506e-01 1.139663225672021163e+00 5.098755101753051910e-01 1.310613195859017477e+00 6.564569936214348367e-01 9.659538983852443694e-01 1.336877906795038262e+00 5.737844020568980685e-01 3.182378065296884162e-01 5.412190468549445965e-01 7.815357799459142774e-01 1.014438326836841098e+00 1.347431541393932786e-01 6.248039476817782711e-01 7.774834063324023159e-01 4.317597504403083430e-01 6.186060916662895481e-01 1.000113912281334505e+00 9.937581283959532330e-01 8.045872484026392879e-01 6.681882132335131841e-01 1.530915438257620942e-01 8.808855168196628727e-01 9.332367697170497189e-01 7.768438144768039511e-01 8.759452069869732016e-01 1.254326553963055257e+00 5.749173062995587280e-01 1.013234070919590168e+00 7.715832362116993304e-01 1.245861444436706655e+00 1.154762834175084185e+00 5.691042474766154768e-01 6.662986878846262062e-01 9.037978062448399630e-01 1.082343070986349964e+00 1.259358555640655242e+00 4.671113497529668090e-01 1.043446562586885840e+00 1.296367795810935419e-01 6.017931967023871787e-01
