0.000000000000000000e+00 6.428529548342024613e-01 6.005664754328838839e-01 5.492498834729534485e-01 3.272273690150604986e-01 3.237308994831252784e-01 2.639840932557412922e-01 2.370783426931056814e-01 4.951495238304209345e-01 2.173648543659965904e-01 1.769189580386061889e-01 1.769713832838286649e-01 3.756773880762487861e-01 1.658160852710818534e-01 4.847735519202908683e-01 1.508663423060467301e-01 3.816674984902257983e-01 2.382282111984773687e-01 5.128921887144286540e-01 5.895020457877518938e-01 1.294680724819392559e-01 4.991856489873987557e-01 2.562917079410000354e-01 4.802194835190637390e-01 1.188796372654214034e-01
6.428529548342024613e-01 0.000000000000000000e+00 4.660822882334689221e-01 4.378844757203855242e-01 3.247664389743217805e-01 8.927748978778236033e-01 5.007964147819237155e-01 7.942332902351026958e-01 2.868108018643156232e-01 7.641886726037349087e-01 5.025141495000992053e-01 5.787431479806419699e-01 3.263633713489744737e-01 7.327895558165039569e-01 1.641652920226372159e-01 5.183675633621582790e-01 3.605605820737004530e-01 4.270378248715471781e-01 4.302299882898263927e-01 3.875900629497474603e-01 6.931300157771902448e-01 3.629665768121503322e-01 3.924265862016285134e-01 3.211714608726906062e-01 6.342741457330776100e-01
6.005664754328838839e-01 4.660822882334689221e-01 0.000000000000000000e+00 4.460966792421115490e-01 3.401756757424495570e-01 8.734438006236754370e-01 3.827791616430513688e-01 7.203162220675530802e-01 2.370430637820276076e-01 7.411065589817114052e-01 4.917845599122755429e-01 4.945443968592196926e-01 3.737225826196224898e-01 7.039823108172053034e-01 3.597982560564589316e-01 5.253980677001878208e-01 2.391519450114021061e-01 3.623382642344069038e-01 3.678861384760693798e-01 3.709633581798869595e-01 6.165800883981987779e-01 1.217935608411943732e-01 4.606036138337895047e-01 3.470537642194603811e-01 6.123413356865733403e-01
5.492498834729534485e-01 4.378844757203855242e-01 4.460966792421115490e-01 0.000000000000000000e+00 3.424036701566645635e-01 7.737305065651456371e-01 3.351491068218387936e-01 7.239057520763919618e-01 2.229318357806998052e-01 7.169140316051955120e-01 4.722093973054327098e-01 4.964937188921358380e-01 1.739130861602964928e-01 6.094267529720670540e-01 3.058362452568325618e-01 3.984024878119272750e-01 3.212275023386184647e-01 4.432437562377178897e-01 1.414153866842904617e-01 1.386006809453056432e-01 5.984698346462471452e-01 3.364339204468032030e-01 2.935550397937568001e-01 1.204079390197328320e-01 5.980796920789317461e-01
3.272273690150604986e-01 3.247664389743217805e-01 3.401756757424495570e-01 3.424036701566645635e-01 0.000000000000000000e+00 5.909257874021539569e-01 2.448076456216097818e-01 4.866669688245824910e-01 2.210555461630018814e-01 4.442120377262867570e-01 1.791845642532944871e-01 3.064149483162004750e-01 1.740919550584557607e-01 4.322388964670861866e-01 1.669549609270098711e-01 2.346731470586053969e-01 1.443792569075392218e-01 1.424497583227057884e-01 3.192991037585269920e-01 3.407291366039182368e-01 4.031185974662414018e-01 2.488736752516245432e-01 1.204279380913398784e-01 2.427102699614913650e-01 3.142975108556296249e-01
3.237308994831252784e-01 8.927748978778236033e-01 8.734438006236754370e-01 7.737305065651456371e-01 5.909257874021539569e-01 0.000000000000000000e+00 4.920854372198217308e-01 5.380167004085824045e-01 7.227676772364001190e-01 5.347283956755248813e-01 4.549510541480821790e-01 4.358413757294820057e-01 6.037122530984084801e-01 1.790289759811529158e-01 7.352829772197865266e-01 3.776044197249877610e-01 6.342918556122731921e-01 5.606070450739590871e-01 7.363990175824191020e-01 8.182959760658156112e-01 4.174259685637795592e-01 7.580772903149597397e-01 5.003483116761948679e-01 7.226771348021289176e-01 4.345972890701789160e-01
2.639840932557412922e-01 5.007964147819237155e-01 3.827791616430513688e-01 3.351491068218387936e-01 2.448076456216097818e-01 4.920854372198217308e-01 0.000000000000000000e+00 3.985876759532739344e-01 2.402462178687861105e-01 4.783576942545975652e-01 2.728282442934939489e-01 1.731686227548302204e-01 1.842833504125888366e-01 3.231955390625190772e-01 3.507640341212310831e-01 1.451219836342894365e-01 1.436272166316491794e-01 1.415398039489575710e-01 2.746962087051594836e-01 3.457656278308604558e-01 2.731517585231292289e-01 2.674126513343355049e-01 1.414118697147039305e-01 3.053596941151515698e-01 3.761830005865526294e-01
2.370783426931056814e-01 7.942332902351026958e-01 7.203162220675530802e-01 7.239057520763919618e-01 4.866669688245824910e-01 5.380167004085824045e-01 3.985876759532739344e-01 0.000000000000000000e+00 6.265548510976425289e-01 4.331419628302868863e-01 3.399190621707403048e-01 2.393353289620770152e-01 5.651057018654565001e-01 3.616995200622625806e-01 6.417203645239445420e-01 3.560264189415908165e-01 4.914049510870650561e-01 3.671954653635554067e-01 6.670457677034588029e-01 7.393252290154442852e-01 1.278590487695058231e-01 6.189353956220672304e-01 4.851400094336705826e-01 6.861820455680190944e-01 3.281366347286473473e-01
4.951495238304209345e-01 2.868108018643156232e-01 2.370430637820276076e-01 2.229318357806998052e-01 2.210555461630018814e-01 7.227676772364001190e-01 2.402462178687861105e-01 6.265548510976425289e-01 0.000000000000000000e+00 6.257137499865744745e-01 3.726644303328277563e-01 3.916866582146815157e-01 1.670569255573931822e-01 5.543906906699007653e-01 1.755552978615033677e-01 3.541842862073326104e-01 1.455965912636247583e-01 2.593593857340868447e-01 1.447212950146577748e-01 1.367017525466070194e-01 5.094860802280413159e-01 1.273803049867192894e-01 2.635808025068001048e-01 1.194179893534536852e-01 4.969485266914366872e-01
2.173648543659965904e-01 7.641886726037349087e-01 7.411065589817114052e-01 7.169140316051955120e-01 4.442120377262867570e-01 5.347283956755248813e-01 4.783576942545975652e-01 4.331419628302868863e-01 6.257137499865744745e-01 0.000000000000000000e+00 2.658293986933255026e-01 3.478949633962561960e-01 5.436545516069476447e-01 3.768135814634814285e-01 6.063771945564229160e-01 3.397947363708053170e-01 5.361177393365901267e-01 3.850921217634056259e-01 6.840188734802182813e-01 7.453873404274907744e-01 3.353917951754626925e-01 6.443292119294544706e-01 4.233589918114386008e-01 6.472867673895023044e-01 1.299145268706571876e-01
1.769189580386061889e-01 5.025141495000992053e-01 4.917845599122755429e-01 4.722093973054327098e-01 1.791845642532944871e-01 4.549510541480821790e-01 2.728282442934939489e-01 3.399190621707403048e-01 3.726644303328277563e-01 2.658293986933255026e-01 0.000000000000000000e+00 1.814232117602767314e-01 3.020748796339592368e-01 2.962641632130143532e-01 3.447026714527872682e-01 1.463840319780321253e-01 2.941877061421401263e-01 1.597313673707972115e-01 4.444107141330254640e-01 4.920277670283517146e-01 2.563706908123991046e-01 3.998690902509523526e-01 1.837508324642458113e-01 3.827452047596635043e-01 1.360200985932992768e-01
1.769713832838286649e-01 5.787431479806419699e-01 4.945443968592196926e-01 4.964937188921358380e-01 3.064149483162004750e-01 4.358413757294820057e-01 1.731686227548302204e-01 2.393353289620770152e-01 3.916866582146815157e-01 3.478949633962561960e-01 1.814232117602767314e-01 0.000000000000000000e+00 3.431863327884505654e-01 2.595241953831620152e-01 4.287107673199492264e-01 1.797159227515570667e-01 2.588730657207773400e-01 1.639846798564629504e-01 4.349353397265089405e-01 5.016577042406866749e-01 1.301058783297721622e-01 3.914034095879999620e-01 2.789680379156985190e-01 4.642626764910132708e-01 2.411841169380100347e-01
3.756773880762487861e-01 3.263633713489744737e-01 3.737225826196224898e-01 1.739130861602964928e-01 1.740919550584557607e-01 6.037122530984084801e-01 1.842833504125888366e-01 5.651057018654565001e-01 1.670569255573931822e-01 5.436545516069476447e-01 3.020748796339592368e-01 3.431863327884505654e-01 0.000000000000000000e+00 4.408671788506089984e-01 1.926727720841280023e-01 2.261078333734208023e-01 2.151438180807158651e-01 3.113175630435369157e-01 1.489662720081248171e-01 2.389526370151894286e-01 4.383628311548865564e-01 2.585782868632757747e-01 1.202955597955091688e-01 1.210763437025627054e-01 4.248202120806842674e-01
1.658160852710818534e-01 7.327895558165039569e-01 7.039823108172053034e-01 6.094267529720670540e-01 4.322388964670861866e-01 1.790289759811529158e-01 3.231955390625190772e-01 3.616995200622625806e-01 5.543906906699007653e-01 3.768135814634814285e-01 2.962641632130143532e-01 2.595241953831620152e-01 4.408671788506089984e-01 0.000000000000000000e+00 5.752976351584671022e-01 2.176190776636681146e-01 4.648303658058030585e-01 3.849045577592626888e-01 5.694052753398154421e-01 6.508785069422228231e-01 2.411087882174595409e-01 5.886158005084892730e-01 3.403629696148752215e-01 5.599241117668005696e-01 2.766824748581354076e-01
4.847735519202908683e-01 1.641652920226372159e-01 3.597982560564589316e-01 3.058362452568325618e-01 1.669549609270098711e-01 7.352829772197865266e-01 3.507640341212310831e-01 6.417203645239445420e-01 1.755552978615033677e-01 6.063771945564229160e-01 3.447026714527872682e-01 4.287107673199492264e-01 1.926727720841280023e-01 5.752976351584671022e-01 0.000000000000000000e+00 3.697943656467542195e-01 2.311169452615309539e-01 2.770054442108544901e-01 3.035392604644853720e-01 2.735965414376893556e-01 5.412201259547668730e-01 2.576980264869181969e-01 2.388350982466223293e-01 1.941048426882364120e-01 4.764626676857656173e-01
1.508663423060467301e-01 5.183675633621582790e-01 5.253980677001878208e-01 3.984024878119272750e-01 2.346731470586053969e-01 3.776044197249877610e-01 1.451219836342894365e-01 3.560264189415908165e-01 3.541842862073326104e-01 3.397947363708053170e-01 1.463840319780321253e-01 1.797159227515570667e-01 2.261078333734208023e-01 2.176190776636681146e-01 3.697943656467542195e-01 0.000000000000000000e+00 2.887492002659386436e-01 2.401231423746493787e-01 3.620258464083819794e-01 4.497125850367479361e-01 2.321713444493699041e-01 4.074202430940188635e-01 1.309592674001319457e-01 3.450727150771409346e-01 2.336343334988601750e-01
3.816674984902257983e-01 3.605605820737004530e-01 2.391519450114021061e-01 3.212275023386184647e-01 1.443792569075392218e-01 6.342918556122731921e-01 1.436272166316491794e-01 4.914049510870650561e-01 1.455965912636247583e-01 5.361177393365901267e-01 2.941877061421401263e-01 2.588730657207773400e-01 2.151438180807158651e-01 4.648303658058030585e-01 2.311169452615309539e-01 2.887492002659386436e-01 0.000000000000000000e+00 1.510256175731846118e-01 2.484275719033681717e-01 2.813351644534660134e-01 3.842703884783408297e-01 1.329131840592253089e-01 2.489821176086804699e-01 2.562784596155651129e-01 4.098826045255044570e-01
2.382282111984773687e-01 4.270378248715471781e-01 3.623382642344069038e-01 4.432437562377178897e-01 1.424497583227057884e-01 5.606070450739590871e-01 1.415398039489575710e-01 3.671954653635554067e-01 2.593593857340868447e-01 3.850921217634056259e-01 1.597313673707972115e-01 1.639846798564629504e-01 3.113175630435369157e-01 3.849045577592626888e-01 2.770054442108544901e-01 2.401231423746493787e-01 1.510256175731846118e-01 0.000000000000000000e+00 3.722020183461593468e-01 3.813516332609245274e-01 2.660921909056432888e-01 2.609574377889214425e-01 2.134539779453493435e-01 3.487278505041301324e-01 2.701238737697348458e-01
5.128921887144286540e-01 4.302299882898263927e-01 3.678861384760693798e-01 1.414153866842904617e-01 3.192991037585269920e-01 7.363990175824191020e-01 2.746962087051594836e-01 6.670457677034588029e-01 1.447212950146577748e-01 6.840188734802182813e-01 4.444107141330254640e-01 4.349353397265089405e-01 1.489662720081248171e-01 5.694052753398154421e-01 3.035392604644853720e-01 3.620258464083819794e-01 2.484275719033681717e-01 3.722020183461593468e-01 0.000000000000000000e+00 1.636479287472823174e-01 5.416098502733138753e-01 2.582233796807610893e-01 2.606598816687796805e-01 1.649920622528002756e-01 5.651845339539547375e-01
5.895020457877518938e-01 3.875900629497474603e-01 3.709633581798869595e-01 1.386006809453056432e-01 3.407291366039182368e-01 8.182959760658156112e-01 3.457656278308604558e-01 7.393252290154442852e-01 1.367017525466070194e-01 7.453873404274907744e-01 4.920277670283517146e-01 5.016577042406866749e-01 2.389526370151894286e-01 6.508785069422228231e-01 2.735965414376893556e-01 4.497125850367479361e-01 2.813351644534660134e-01 3.813516332609245274e-01 1.636479287472823174e-01 0.000000000000000000e+00 6.179193416592825283e-01 2.634565402431643388e-01 3.332103378467518584e-01 1.234685494481675971e-01 6.166221171323529315e-01
1.294680724819392559e-01 6.931300157771902448e-01 6.165800883981987779e-01 5.984698346462471452e-01 4.031185974662414018e-01 4.174259685637795592e-01 2.731517585231292289e-01 1.278590487695058231e-01 5.094860802280413159e-01 3.353917951754626925e-01 2.563706908123991046e-01 1.301058783297721622e-01 4.383628311548865564e-01 2.411087882174595409e-01 5.412201259547668730e-01 2.321713444493699041e-01 3.842703884783408297e-01 2.660921909056432888e-01 5.416098502733138753e-01 6.179193416592825283e-01 0.000000000000000000e+00 5.151992619527134831e-01 3.612849349414497535e-01 5.594391748574493173e-01 2.310078243312081447e-01
4.991856489873987557e-01 3.629665768121503322e-01 1.217935608411943732e-01 3.364339204468032030e-01 2.488736752516245432e-01 7.580772903149597397e-01 2.674126513343355049e-01 6.189353956220672304e-01 1.273803049867192894e-01 6.443292119294544706e-01 3.998690902509523526e-01 3.914034095879999620e-01 2.585782868632757747e-01 5.886158005084892730e-01 2.576980264869181969e-01 4.074202430940188635e-01 1.329131840592253089e-01 2.609574377889214425e-01 2.582233796807610893e-01 2.634565402431643388e-01 5.151992619527134831e-01 0.000000000000000000e+00 3.501693334854241169e-01 2.439380527981417912e-01 5.155639886343166278e-01
2.562917079410000354e-01 3.924265862016285134e-01 4.606036138337895047e-01 2.935550397937568001e-01 1.204279380913398784e-01 5.003483116761948679e-01 1.414118697147039305e-01 4.851400094336705826e-01 2.635808025068001048e-01 4.233589918114386008e-01 1.837508324642458113e-01 2.789680379156985190e-01 1.202955597955091688e-01 3.403629696148752215e-01 2.388350982466223293e-01 1.309592674001319457e-01 2.489821176086804699e-01 2.134539779453493435e-01 2.606598816687796805e-01 3.332103378467518584e-01 3.612849349414497535e-01 3.501693334854241169e-01 0.000000000000000000e+00 2.239277755780637313e-01 3.045246522851750570e-01
4.802194835190637390e-01 3.211714608726906062e-01 3.470537642194603811e-01 1.204079390197328320e-01 2.427102699614913650e-01 7.226771348021289176e-01 3.053596941151515698e-01 6.861820455680190944e-01 1.194179893534536852e-01 6.472867673895023044e-01 3.827452047596635043e-01 4.642626764910132708e-01 1.210763437025627054e-01 5.599241117668005696e-01 1.941048426882364120e-01 3.450727150771409346e-01 2.562784596155651129e-01 3.487278505041301324e-01 1.649920622528002756e-01 1.234685494481675971e-01 5.594391748574493173e-01 2.439380527981417912e-01 2.239277755780637313e-01 0.000000000000000000e+00 5.187653033529628921e-01
1.188796372654214034e-01 6.342741457330776100e-01 6.123413356865733403e-01 5.980796920789317461e-01 3.142975108556296249e-01 4.345972890701789160e-01 3.761830005865526294e-01 3.281366347286473473e-01 4.969485266914366872e-01 1.299145268706571876e-01 1.360200985932992768e-01 2.411841169380100347e-01 4.248202120806842674e-01 2.766824748581354076e-01 4.764626676857656173e-01 2.336343334988601750e-01 4.098826045255044570e-01 2.701238737697348458e-01 5.651845339539547375e-01 6.166221171323529315e-01 2.310078243312081447e-01 5.155639886343166278e-01 3.045246522851750570e-01 5.187653033529628921e-01 0.000000000000000000e+00
