0.000000000000000000e+00 1.896035785492859338e+00 1.233037555531580010e+00 1.570293794141249588e+00 9.982741768878876654e-01 8.952164720181251534e-01 1.196454923171536455e+00 1.577503225968124756e+00 7.737159734265321998e-01 8.000414424649264777e-01 7.005660713414338936e-01 1.440422518425736209e+00 1.367319599272862174e+00 5.627826876612623819e-01 9.679865709944290852e-01 6.182103453812287652e-01 4.947115559748886393e-01 8.666071746914563168e-01 1.341237483897110616e+00 8.206039210506224091e-01 1.311033227310331561e+00 6.538828043660007694e-01 1.199910025877284347e+00 7.237418413180953802e-01 1.055338405251397660e+00 7.601899616477296728e-01 1.018658401156219639e+00 8.573295360225655637e-01 1.619877431116420130e+00 9.908621258312149127e-01 1.312231111796175131e+00 1.207290093527161989e+00 3.040771402131341450e-01 8.880955956565963483e-01 5.648435116307041204e-01 6.102945619664201793e-01 1.163050585777220425e+00 5.459440439562889269e-01 4.943375101493034385e-01 6.383222046670831151e-01 1.561516188479719069e+00 7.941177067188365246e-01 1.372621736836666440e+00 8.065228124120978892e-01 1.037576557927510690e+00 1.103222330134708162e+00 1.437295442905583309e+00 4.765475880691769084e-01 7.089496400407987453e-01 8.337128579840488163e-01 1.471725113162052123e+00 1.416541631931225842e+00 1.042369245565412106e+00 1.318810518608689586e+00 1.331149146761603674e+00 1.396588958144382442e+00 9.802321719230955299e-01 1.148066858949231772e+00 1.017019898101753528e+00 1.165472798989189984e+00 8.219387351025086996e-01 6.958246184736007756e-01 7.702450319370671705e-01 1.258817429924778519e+00 9.061956864774366460e-01 1.452446145763106822e+00 7.418688559983224184e-01 4.856867447120216119e-01 8.868214991379596013e-01 1.277187216106784318e+00 4.436899808147474200e-01 1.089820751651893405e+00 7.226066022752083429e-01 1.726564291395756567e-01 9.767297250815809573e-01 1.088533331571378104e+00 1.021839769520039853e+00 5.918733049568892790e-01 1.488660809133264484e+00 4.703420163570281587e-01 1.009401933412451324e+00 3.804411093839053515e-01 1.106722133679644449e+00 1.160796804421385886e+00 1.137047499644414872e+00 7.511304848473910889e-01 1.736914738499443445e+00 1.472348007496455446e+00 8.410210445807969615e-01 8.412849168141356415e-01 6.368269713212156846e-01 6.941083385717472520e-01 6.052353498236944240e-01 1.251966304561543675e+00 1.058128439535309662e+00 3.656843149861928044e-01 1.254386470218859406e+00 1.474436036711435083e+00 1.559057627238139565e+00 7.459772790878451687e-01
1.896035785492859338e+00 0.000000000000000000e+00 1.471745958918432517e+00 1.015884972495510574e+00 9.978230160477737920e-01 1.630772416570568373e+00 1.475220294411416555e+00 9.911444935046497262e-01 2.108246766568592445e+00 1.670724531414912395e+00 1.880020545325776116e+00 6.118987956609376333e-01 5.720566657124150911e-01 1.502431288775178286e+00 9.288078554446723700e-01 1.464421052782310273e+00 1.775970707533805149e+00 1.183833605181144444e+00 7.232836298287900201e-01 1.177541227673813307e+00 6.551355943622871880e-01 1.491182629229354628e+00 8.647279047413695130e-01 1.430762423853990217e+00 8.843637937708413999e-01 1.427836437031544170e+00 1.213001621147363984e+00 1.477642273302036902e+00 3.009071719699696890e-01 1.192002894413873859e+00 7.648430446219647294e-01 8.636115549675835723e-01 1.600086142021295732e+00 1.215416836252904753e+00 1.522648798170225914e+00 1.518423514268893770e+00 7.584811430798346077e-01 1.896171099764162316e+00 1.633420338786491621e+00 1.265965901427034579e+00 5.069913668206793567e-01 1.116091025958540817e+00 8.477048459253119228e-01 1.579809731952263041e+00 1.107291793386671497e+00 8.704021330952347313e-01 7.830305177738008382e-01 1.638695058785792691e+00 1.489504640143384240e+00 1.144900904438083789e+00 4.864212391415113079e-01 5.618442631102726903e-01 1.315609153818243504e+00 7.230967962274406080e-01 7.588472626302934509e-01 5.616494421032469653e-01 1.056450955621672128e+00 7.901507853621910771e-01 1.041889681033762338e+00 8.633130210268954441e-01 1.523496221610277424e+00 1.495458556742766065e+00 1.303101684199093446e+00 7.521231335874440926e-01 1.245582517476025330e+00 8.465772002118148176e-01 1.274032387619436602e+00 1.421631498850929765e+00 1.022413584986640034e+00 7.679166513928135096e-01 1.539123676260412354e+00 9.659548301568049444e-01 1.467545582969275619e+00 1.740362495465956671e+00 1.636976669599829570e+00 9.864974522709077931e-01 1.324346188644215383e+00 1.380212320604258025e+00 6.017954695115984576e-01 1.546445379970816658e+00 8.957595120911499009e-01 1.730161443445264791e+00 1.337301257575028268e+00 7.465571704462357072e-01 1.341343740776853366e+00 1.430847247168775871e+00 1.591210469934157823e-01 4.291482799974447593e-01 1.554894406005457919e+00 1.099920665300350597e+00 1.485276723024151257e+00 2.007176572118515523e+00 1.337209097903579336e+00 6.826598257200992004e-01 9.690693287583322935e-01 1.681854208313179999e+00 6.488828728482595176e-01 8.943649388013674706e-01 4.860462402614580402e-01 1.264728810365731260e+00
1.233037555531580010e+00 1.471745958918432517e+00 0.000000000000000000e+00 1.105294073298631163e+00 1.005575330655051891e+00 9.207811014487455870e-01 9.280113604879932643e-01 1.187210467332404873e+00 1.398255451446770659e+00 1.020079897567236049e+00 1.170029230203954107e+00 9.691445952953041676e-01 1.117007494345992669e+00 8.367272738549060840e-01 5.529069160935126126e-01 9.330765129809266423e-01 1.065979392411984028e+00 5.537830801045436901e-01 1.169756426699678276e+00 6.777341468958892889e-01 8.746653663972536741e-01 8.434647581785909010e-01 8.218196480773544144e-01 7.207711087321682086e-01 8.322780536671845475e-01 9.265415334357017807e-01 2.951550092198677033e-01 8.129940166769938914e-01 1.202519077554796256e+00 6.830502256373287562e-01 9.333009401912760739e-01 7.145578581503062576e-01 9.370879120600156265e-01 7.932657966392892002e-01 8.711367036875955483e-01 8.084321991470719837e-01 1.065361869514614535e+00 1.186261921402496977e+00 9.234290236646697236e-01 6.110244542772629295e-01 1.214516898217089969e+00 8.428734641366583125e-01 9.034088495274955610e-01 8.977439853319055807e-01 4.996785997330417950e-01 7.542629370774505126e-01 1.030572670981009020e+00 9.287037436639720145e-01 8.929461409989905007e-01 4.069825035644921707e-01 1.040155842328351898e+00 1.270372000618223973e+00 1.952829098188075541e-01 8.260782832318331881e-01 1.003301230464890281e+00 9.776250252969177490e-01 6.413619922015885155e-01 6.855368582865006832e-01 7.306516531881341869e-01 1.024829068731668125e+00 8.130117775207957864e-01 1.043257298979890280e+00 6.702159613493050561e-01 9.316694083622339972e-01 6.722582695217178550e-01 1.003088989059973013e+00 8.690594742495489911e-01 7.598002352944468463e-01 8.103369720476368832e-01 8.511533508841421236e-01 8.311071687404507635e-01 6.448086514625785970e-01 7.575542678474534997e-01 1.077364265504676455e+00 9.502460215438643942e-01 8.556214536367194867e-01 7.653277327724402612e-01 6.995881387659145245e-01 1.116439710500868765e+00 9.918755898055331421e-01 9.062914196497396935e-01 1.055059849912399539e+00 1.555062276753689243e-01 9.938022442342041574e-01 8.380337277699875242e-01 8.499241856289538877e-01 1.312624911925016846e+00 1.193225217279097139e+00 1.014597771532589343e+00 5.339583328201786827e-01 8.359110412702398518e-01 1.297185256996692848e+00 7.728463141883072929e-01 8.422587655124847972e-01 5.653962041584539300e-01 9.718628931913577684e-01 1.128033051316187141e+00 1.082011325483659636e+00 1.103130016139007186e+00 5.381603452141343613e-01
1.570293794141249588e+00 1.015884972495510574e+00 1.105294073298631163e+00 0.000000000000000000e+00 1.101146814442505617e+00 1.291035989043431309e+00 1.164608285926771014e+00 8.066876366766434492e-01 1.768510339041456270e+00 1.350314039725434734e+00 1.540284117798639940e+00 6.039667351453278377e-01 7.361805912367989091e-01 1.176689297423568314e+00 6.106556757352750164e-01 1.319868775939681438e+00 1.436234280006669195e+00 8.971746968236262720e-01 9.595796858784966243e-01 9.537939143413909360e-01 3.607493781332236082e-01 1.173698900336788586e+00 8.117557338170856562e-01 1.091025996326853598e+00 8.026307597561096463e-01 1.256382375680927366e+00 8.433669006532562573e-01 1.197716752421757569e+00 7.481227919059747489e-01 8.815582684130998103e-01 5.801495375072495131e-01 5.396799762900434949e-01 1.274344150669684650e+00 1.095996501056349937e+00 1.201370845845793678e+00 1.178687086741756707e+00 9.486120637732136096e-01 1.556516808997181922e+00 1.293683911259354558e+00 9.412585964354610590e-01 7.846620319263521992e-01 1.080677596781551841e+00 2.112335607562919326e-01 1.267998872926589637e+00 7.264854417693229482e-01 5.904815582301551347e-01 6.257439509548556877e-01 1.298958631258655627e+00 1.223180283157188519e+00 7.955977330369699008e-01 5.449351060728497842e-01 8.879924120056859049e-01 9.568019023658604905e-01 4.172262703686407392e-01 8.468193451767682678e-01 5.471216581198973250e-01 7.625797379200338622e-01 4.312437752889513587e-01 8.821256017295686647e-01 1.050117305014508506e+00 1.183759794083140582e+00 1.373491441138088742e+00 1.061709556553738221e+00 6.355367098211195387e-01 9.294089042833288961e-01 1.721291563742392006e-01 1.198775236882378525e+00 1.095889507499319793e+00 9.165264098272918325e-01 6.657586040413335793e-01 1.201362056335136597e+00 7.139428503296748607e-01 1.127809155442138556e+00 1.414620504114345811e+00 1.328300101070145178e+00 9.639714507080587858e-01 1.013414884805106553e+00 1.050997953695573583e+00 7.680494483902258196e-01 1.323479203869912135e+00 9.636004423409278985e-01 1.405424233669977596e+00 9.708493719552264700e-01 7.989071588907679100e-01 1.030899114776079317e+00 1.238118155100667028e+00 8.574393839131798645e-01 7.448401117762780688e-01 1.344604182110945567e+00 7.828513721864898134e-01 1.166145183428437981e+00 1.667440144591378903e+00 1.102852724766663961e+00 4.409633268580520071e-01 5.699805474339525446e-01 1.342117780786042935e+00 8.475409378467214649e-01 7.014477011640218862e-01 6.310387152740402072e-01 9.235935468688721839e-01
9.982741768878876654e-01 9.978230160477737920e-01 1.005575330655051891e+00 1.101146814442505617e+00 0.000000000000000000e+00 8.439005484878290275e-01 8.435952691724925012e-01 9.748508248657024033e-01 1.226441114209350092e+00 7.412768954627311224e-01 1.090063029868130640e+00 6.157974006384107080e-01 5.599479913214363558e-01 6.981916296720709347e-01 5.500274654185766110e-01 4.858418901027889980e-01 9.160285619468137019e-01 4.677713148927120090e-01 3.682111557801966972e-01 3.685868261294859005e-01 8.230097993091867181e-01 5.885980526902655496e-01 3.265817495975585905e-01 6.631981913561494357e-01 3.125399321298110156e-01 4.768642489674784768e-01 7.257831617871057794e-01 5.695220166998096190e-01 7.168416937372170672e-01 5.845218556703419832e-01 6.937706844991398114e-01 5.883184761724123968e-01 7.001252590993402025e-01 2.621813131359873594e-01 6.118215102648721926e-01 6.886326658524019040e-01 2.617837362357831044e-01 1.001630435457677049e+00 8.638140673542213932e-01 4.551700270972687257e-01 5.913753959422110018e-01 2.158608235551346677e-01 9.047096859484176079e-01 6.576940913263852329e-01 5.497224124167165993e-01 5.116629022451885112e-01 8.559234888418281173e-01 6.929455136632448609e-01 5.794792254888203598e-01 6.159220813325432253e-01 8.131328348300259634e-01 4.375337361718869555e-01 8.221839892781962478e-01 7.434357014247509055e-01 3.620739074514952582e-01 7.414238441991236606e-01 3.653122375521941634e-01 6.973599982525946483e-01 2.927828031631511396e-01 1.846554763696627577e-01 6.981998708787744423e-01 5.246671259761706008e-01 4.404527518225817007e-01 5.094282927501684322e-01 5.337061870137459474e-01 9.694730212573138273e-01 3.051137104271038902e-01 5.397969174622999633e-01 2.052052619028183200e-01 4.857888583671240434e-01 7.016599123961292372e-01 4.179288712039902487e-01 7.024488054015211036e-01 8.441355581346430270e-01 7.288564129976023986e-01 1.607868743398256084e-01 6.851452230768320106e-01 6.190150123892483869e-01 5.195855698231559572e-01 5.692803904829855099e-01 1.562633765360759153e-01 7.750920795461839763e-01 8.746083743274609690e-01 3.688228670097690176e-01 7.205631121395317251e-01 5.061416394440199085e-01 8.393827506796939231e-01 5.853317935586627163e-01 6.188920696498880769e-01 5.200312765512559166e-01 5.826921464850624011e-01 1.134731554753393601e+00 4.277907838410869301e-01 6.942127149341130732e-01 6.157709412148373307e-01 8.006623192317913196e-01 4.021782574993645332e-01 8.818323273884109970e-01 7.043111405808303305e-01 5.370423287184312722e-01
8.952164720181251534e-01 1.630772416570568373e+00 9.207811014487455870e-01 1.291035989043431309e+00 8.439005484878290275e-01 0.000000000000000000e+00 9.651573781140347918e-01 1.326619179283935024e+00 1.032844552229126300e+00 8.100939116709849896e-01 8.044309624405528991e-01 1.099868957951970261e+00 1.213994142875270965e+00 5.364532882729194929e-01 7.019645611258954476e-01 4.962995213395375860e-01 6.937172636638764267e-01 5.260536142176905905e-01 1.105469240593896840e+00 6.633506028251887621e-01 1.041017968882957945e+00 6.350297685334901354e-01 8.593564654035192873e-01 3.235119351255327236e-01 9.246374931451314394e-01 7.220874444767770850e-01 6.959631089187660047e-01 2.945586974571721695e-01 1.361545535206932334e+00 7.484434004520917894e-01 1.065720371552616008e+00 9.089113597089620855e-01 6.498487922588106480e-01 5.909688860670189170e-01 6.550418475164178078e-01 3.242192287909671511e-01 1.043767408708867528e+00 8.208510221848538402e-01 5.580181244470260316e-01 4.490426846249711001e-01 1.297677179652066748e+00 6.924385483132130537e-01 1.089277147090049080e+00 2.367979167971033527e-01 7.260395651544391260e-01 8.567115898911479288e-01 1.178492801270387025e+00 5.271278840232064278e-01 6.845111513538897352e-01 5.209638916483975146e-01 1.205049255739824021e+00 1.276590544563483309e+00 7.280624148435058673e-01 1.030073540352890227e+00 1.022391721690004251e+00 1.132266895991815847e+00 7.337214316795356295e-01 8.625584618439986473e-01 6.764663376279876905e-01 9.578697117172757514e-01 1.834682397817323507e-01 7.279555347328793280e-01 4.296914714633014443e-01 1.026105911869986897e+00 6.986355009776985536e-01 1.181038484997828375e+00 5.961085815782165565e-01 5.167523631833000897e-01 7.610391999549995790e-01 9.366336556330184804e-01 4.656962695228071825e-01 7.492671911781275673e-01 1.748210678176884136e-01 7.364268284461863434e-01 1.633387921277169585e-01 8.134787145903323857e-01 7.938787135820429830e-01 3.830925778039159235e-01 1.163674268807159073e+00 5.990964811167167614e-01 8.852941731881002196e-01 6.727342501903139649e-01 8.025040826223522883e-01 1.035014505238425864e+00 8.998964477380105853e-01 3.761818074844803794e-01 1.471651369577153146e+00 1.348240247272105341e+00 8.085696728058903160e-01 5.976991851909256859e-01 6.259250553739882372e-01 9.317743577790490450e-01 5.683253665310061820e-01 9.893226534972424657e-01 7.693914612795106356e-01 6.064519939737140763e-01 1.130278709994508857e+00 1.221481464747647960e+00 1.218504066764373839e+00 4.054237186140794424e-01
1.196454923171536455e+00 1.475220294411416555e+00 9.280113604879932643e-01 1.164608285926771014e+00 8.435952691724925012e-01 9.651573781140347918e-01 0.000000000000000000e+00 1.126652689406915320e+00 1.424621860492998549e+00 9.671881617944263487e-01 1.214405506869242313e+00 1.084756840254166965e+00 9.858330441757134910e-01 8.304861714044182719e-01 5.598536624084892166e-01 9.901868468740174789e-01 1.110355669077272234e+00 7.127948328901149155e-01 1.154716886388508446e+00 4.956737761777847973e-01 8.990420318120329046e-01 7.897493644372388655e-01 9.866983551202151981e-01 7.651473853974573025e-01 6.936840943268035575e-01 8.669617295729927786e-01 6.995296539042544781e-01 8.726259166893188812e-01 1.205993413047780294e+00 2.882146136226297339e-01 8.511559759067941489e-01 8.400931413641281598e-01 8.983060053829885483e-01 8.820182257604819442e-01 8.182449679147854038e-01 8.528084758123609666e-01 9.085586858112485453e-01 1.199811181741325061e+00 9.678053003299587065e-01 5.712786102203151195e-01 1.302183174179878167e+00 7.453842769538494561e-01 9.681711574326827829e-01 9.421202619971946746e-01 6.704760781716206930e-01 6.357874340228935051e-01 9.902689528904368155e-01 9.730800203292609973e-01 8.390133345241496121e-01 5.427484400592335057e-01 1.053131406582945573e+00 1.132675466860953328e+00 7.398980479153414169e-01 9.364358776534603690e-01 1.154372847873488483e+00 9.655822108814188232e-01 5.014387542664558994e-01 7.510624784748672900e-01 8.948837693925372205e-01 9.659893597869241288e-01 8.578811831537445087e-01 9.903655632070804682e-01 7.409973135680945067e-01 7.989965560073454265e-01 3.220732440779101036e-01 1.044394550635720176e+00 8.083424110986676681e-01 7.361323908813666161e-01 6.413488976743388914e-01 1.007493613426786228e+00 8.685949044850882483e-01 8.095532942236490781e-01 8.019305445127425935e-01 1.042316304418291484e+00 1.003209265337706269e+00 9.986501304007379121e-01 1.746151536514962133e-01 7.097118784698366323e-01 1.232051955459732007e+00 9.403533259389037502e-01 7.480232942931104301e-01 1.025757613189823170e+00 7.966347724424776011e-01 8.396833793265089385e-01 1.531627726506298026e-01 9.154659542993617283e-01 1.316099247418000884e+00 1.160326803601628987e+00 9.572112591542024651e-01 3.940530276678146926e-01 7.830193054974298184e-01 1.332912301037042058e+00 7.136242497690263864e-01 8.167421634927625185e-01 6.909314873722754990e-01 9.988430655154397764e-01 9.738180308586023015e-01 1.024417525616997171e+00 1.183263351595969182e+00 6.089040619465165838e-01
1.577503225968124756e+00 9.911444935046497262e-01 1.187210467332404873e+00 8.066876366766434492e-01 9.748508248657024033e-01 1.326619179283935024e+00 1.126652689406915320e+00 0.000000000000000000e+00 1.804093529281959540e+00 1.348236464591015427e+00 1.575867308039142989e+00 7.896616422880569086e-01 5.415872425160437320e-01 1.196329769902708673e+00 6.394112283617868764e-01 1.349670447069213353e+00 1.471817470247172688e+00 1.022562127059279069e+00 9.257833545861777758e-01 9.008289014768953162e-01 4.961013588328637702e-01 1.171621325202369279e+00 9.705195541477705801e-01 1.126609186567357312e+00 6.623108927358912768e-01 1.252868534616609519e+00 9.290794982888367359e-01 1.233892268756282107e+00 7.154176477759982555e-01 8.403346999160773434e-01 2.886492315076631954e-01 6.990839649082026819e-01 1.279354308179577737e+00 1.219300021580538740e+00 1.199293270711373927e+00 1.214270276982260865e+00 7.836050877601464792e-01 1.580859484537913584e+00 1.329267101499858716e+00 9.391810213010417518e-01 8.224753072087914729e-01 9.825069458715857129e-01 6.288991207901210023e-01 1.303582063167093796e+00 8.349832825445344664e-01 4.947853258405949806e-01 2.121890890726053636e-01 1.334541821499159786e+00 1.221102708022769212e+00 8.531562423323962863e-01 6.014295489110529358e-01 7.397474514103796750e-01 1.027477691872136223e+00 6.468836608930110810e-01 1.018800117000287830e+00 4.319047286718572520e-01 6.958132949621690377e-01 5.212502394681053364e-01 1.032852697839532929e+00 9.703770979333542490e-01 1.219342984323644741e+00 1.371413866003669435e+00 1.099320021409352588e+00 4.775431226696902343e-01 8.918244472919411026e-01 6.653046623610898713e-01 1.157584561465934803e+00 1.104817420886082369e+00 8.227779007216639018e-01 8.377393758648529198e-01 1.234261360097096860e+00 8.642441477182708498e-01 1.163392345682642715e+00 1.423364607214880229e+00 1.364475617404669716e+00 1.119142983396005153e+00 9.784408953424560407e-01 1.075378334081845244e+00 9.062311385967305455e-01 1.321401628735492828e+00 8.238130720735327150e-01 1.406805915986412803e+00 1.052765765989000624e+00 6.400988790999251332e-01 9.896755462790568503e-01 1.275001060933569574e+00 8.320234465112336109e-01 6.454089099749515945e-01 1.341185683089648473e+00 7.570154488104879897e-01 1.164067608294018452e+00 1.703023334831881730e+00 1.099346388892537885e+00 3.657243098185913865e-01 6.927082409295873822e-01 1.377700971026547094e+00 6.814565188677279561e-01 1.413622449280119986e-01 7.245288711171051776e-01 9.616236576680575743e-01
7.737159734265321998e-01 2.108246766568592445e+00 1.398255451446770659e+00 1.768510339041456270e+00 1.226441114209350092e+00 1.032844552229126300e+00 1.424621860492998549e+00 1.804093529281959540e+00 0.000000000000000000e+00 1.028846131537476172e+00 7.774286181878670154e-01 1.578050598636737245e+00 1.595486536594324489e+00 7.579482167468915010e-01 1.179438911123919853e+00 8.263068833465290197e-01 4.383127454379887045e-01 1.004235254902457575e+00 1.564275627879743169e+00 1.048770858372084946e+00 1.518492318880982905e+00 8.820497416874630847e-01 1.337538106088285828e+00 8.613699215290966382e-01 1.283505342572859753e+00 9.883568989691919882e-01 1.174144749603533100e+00 9.949576162335668217e-01 1.839019885204956628e+00 1.219029063152676562e+00 1.540158321442941070e+00 1.387093000393728959e+00 5.624893888537915165e-01 1.081876870473004848e+00 7.947738199395427694e-01 7.330859604206011459e-01 1.391217523098682740e+00 2.411233315966711255e-01 5.670496598792806875e-01 8.664891419885454305e-01 1.784554332462351178e+00 1.022284644040298618e+00 1.566751497088074041e+00 9.243900406324031538e-01 1.204221205839206332e+00 1.331149539781472768e+00 1.655967151268411319e+00 6.183114762253768548e-01 9.371165773622610606e-01 9.984382416464220311e-01 1.682523605737848982e+00 1.644708569252688157e+00 1.205536764841530717e+00 1.507547890350915853e+00 1.502491083385709691e+00 1.609741245989841030e+00 1.208159381569860802e+00 1.340032811842023053e+00 1.154647978312755230e+00 1.393639736310652300e+00 9.595668153135099576e-01 9.202702806358769028e-01 9.078731121480684285e-01 1.486984367246241057e+00 1.134362623798899072e+00 1.658512834995853114e+00 9.616716760825578802e-01 7.138536820334844268e-01 1.114988436459422028e+00 1.414815296317785798e+00 5.947743583489342178e-01 1.227448831862894663e+00 8.602346824862096009e-01 6.212862116139961088e-01 1.108362469153284957e+00 1.301319024845080552e+00 1.250006706841501947e+00 7.305430363854817921e-01 1.641855909491925392e+00 6.910328759168318236e-01 1.237568870733913418e+00 5.288712407030230489e-01 1.279978432620376472e+00 1.388963741742848201e+00 1.365214436965877853e+00 9.046667958926283282e-01 1.949125719575176552e+00 1.700514944817917318e+00 1.069187981902259166e+00 1.069451854135598179e+00 8.649939086426781110e-01 1.450263953182648058e-01 8.334022871451567394e-01 1.466797003495267093e+00 1.246865811277535929e+00 4.323709573189141175e-01 1.482553407540321722e+00 1.698955814745672255e+00 1.696685707449141045e+00 8.836053592988464267e-01
8.000414424649264777e-01 1.670724531414912395e+00 1.020079897567236049e+00 1.350314039725434734e+00 7.412768954627311224e-01 8.100939116709849896e-01 9.671881617944263487e-01 1.348236464591015427e+00 1.028846131537476172e+00 0.000000000000000000e+00 8.924680471962569417e-01 1.246281624055655124e+00 1.137185377260798491e+00 5.319036774620099495e-01 7.472278588525711474e-01 4.916608792589514110e-01 7.432330018692877571e-01 6.775507311623232276e-01 1.071428303316459552e+00 5.904696990385580602e-01 1.091032718738287111e+00 3.371458193907960754e-01 9.718337267175543026e-01 6.133924430476316303e-01 8.252041832393337550e-01 2.963674083336292897e-01 8.090182008510602429e-01 7.288369215684803448e-01 1.389743209104356669e+00 7.615953644541049172e-01 1.082964350419066246e+00 9.916948869106566589e-01 4.978238705850402956e-01 6.155126127897744270e-01 2.725432778459193073e-01 6.525115796113003519e-01 9.274521395001039670e-01 8.033415054123731469e-01 6.662190846823481394e-01 4.090554432899736192e-01 1.291707007899067339e+00 5.596643248809868298e-01 1.152913847255209401e+00 7.615002125183504278e-01 8.219813513110053593e-01 8.739555687575982779e-01 1.208028681528473314e+00 5.862539269250756080e-01 2.083891314933831451e-01 6.229786558211332093e-01 1.250966401020194407e+00 1.163714323572647924e+00 8.294115876010683674e-01 1.103215311992184144e+00 1.061339966180952610e+00 1.173302323808108394e+00 7.509654105459857565e-01 9.285487960685743225e-01 8.130473207485398035e-01 9.008727326112719869e-01 7.073889671922031219e-01 2.796526176058645174e-01 6.128883661634608737e-01 1.028683207912713948e+00 6.760614644653726302e-01 1.232466391347291745e+00 4.361631850356273432e-01 3.573182902850458031e-01 6.566872771258954744e-01 1.090925584669109272e+00 5.040649297242555393e-01 8.990210161851688309e-01 6.468670780696929024e-01 6.465405754627699952e-01 8.578901769659738052e-01 8.187241509907268178e-01 7.925730081429300800e-01 4.852615822644510968e-01 1.218851628552612976e+00 4.351702587787834586e-01 7.792677114003870864e-01 6.214068438470559119e-01 8.937644757153003772e-01 9.306625824093224253e-01 9.077807382673052095e-01 6.228558675487102514e-01 1.512284266046833192e+00 1.242213785484391986e+00 1.466569147210474711e-01 6.120181554370258681e-01 1.941065485322403250e-01 9.371365720815199030e-01 3.554927347307690333e-01 1.025710041162818831e+00 8.425332329188042202e-01 6.030673365599179547e-01 1.024252248206795501e+00 1.245169275334325310e+00 1.372795995800464741e+00 5.419936372700712157e-01
7.005660713414338936e-01 1.880020545325776116e+00 1.170029230203954107e+00 1.540284117798639940e+00 1.090063029868130640e+00 8.044309624405528991e-01 1.214405506869242313e+00 1.575867308039142989e+00 7.774286181878670154e-01 8.924680471962569417e-01 0.000000000000000000e+00 1.349824377393920916e+00 1.459108452253105481e+00 5.661342527006475445e-01 9.512126898811035236e-01 6.231457097468326989e-01 4.463469294526472564e-01 7.760090336596412453e-01 1.375674869824557778e+00 9.099875350463342283e-01 1.290266097638166798e+00 7.456716573462438546e-01 1.109311884845469720e+00 6.331437002862803087e-01 1.147127258231640745e+00 8.519788146279727581e-01 9.459185283607169925e-01 7.667313949907504922e-01 1.610793663962140299e+00 9.976915292072995323e-01 1.314968500307823529e+00 1.158866779150912629e+00 4.929871419824854994e-01 8.542745462625394026e-01 6.649328970933892080e-01 5.048464106037425791e-01 1.254839438757463732e+00 5.796001535084255307e-01 2.481975075020888821e-01 6.793330459228489326e-01 1.557291268663998807e+00 8.859065596990796099e-01 1.338525275845257712e+00 7.018737615438117583e-01 9.759949845963897808e-01 1.105959718646356338e+00 1.427740930025594768e+00 4.152503037814023745e-01 8.007384930210418306e-01 7.702120204036057016e-01 1.454297384495032874e+00 1.508330484911468927e+00 9.773105435987142764e-01 1.279321669108099080e+00 1.274264862142893362e+00 1.381515024747024256e+00 9.829695604347437055e-01 1.111806590599207167e+00 9.264217570699383453e-01 1.228075340947936578e+00 7.313405940706936281e-01 7.965049142876663435e-01 6.796468909052520990e-01 1.275354040625195529e+00 9.478836297329065186e-01 1.430286613753036340e+00 8.100431724934946676e-01 5.774755976922651968e-01 9.786103521182026865e-01 1.186589075074969024e+00 4.287770520089336790e-01 9.992226106200785551e-01 6.318209826579560540e-01 5.457393774819606636e-01 8.848587407992634102e-01 1.073092803602264222e+00 1.043126842337250615e+00 5.056504137713149216e-01 1.413629688249109062e+00 5.709878532312543387e-01 1.101190786392694632e+00 4.451834083029115319e-01 1.051752211377560586e+00 1.252585657401629193e+00 1.149144576493218439e+00 6.875183145141737784e-01 1.720899498332360222e+00 1.564136860476698310e+00 9.328098975610400467e-01 8.469473139461336508e-01 7.286158243014588809e-01 6.746999885057610724e-01 6.970242028039375093e-01 1.238570782252450542e+00 1.018639590034719156e+00 3.688463028029942969e-01 1.346175323199102936e+00 1.470729593502855703e+00 1.468459486206324272e+00 6.553791380560300972e-01
1.440422518425736209e+00 6.118987956609376333e-01 9.691445952953041676e-01 6.039667351453278377e-01 6.157974006384107080e-01 1.099868957951970261e+00 1.084756840254166965e+00 7.896616422880569086e-01 1.578050598636737245e+00 1.246281624055655124e+00 1.349824377393920916e+00 0.000000000000000000e+00 5.324939107059497578e-01 1.054468249062606722e+00 5.308042300626714116e-01 9.471877399942754128e-01 1.245774539601950837e+00 5.763854055566726142e-01 3.604251506313859155e-01 8.739424686687875532e-01 3.498894430538788680e-01 1.069666484667009199e+00 3.333342942952273735e-01 8.983286434539893284e-01 7.380119270671070542e-01 1.027710214559657498e+00 6.969985424390975348e-01 8.996957507215885830e-01 3.384602822465174188e-01 8.017068227404955394e-01 5.561883688179274365e-01 2.711178056727002184e-01 1.162127701468841812e+00 7.001204992843259589e-01 1.097338430176014068e+00 9.882273463370389033e-01 5.958262130173094251e-01 1.366057068592464674e+00 1.103224170854636643e+00 8.372261807656815602e-01 2.453723029217849960e-01 8.123248142749824874e-01 3.938472235481433326e-01 1.022763987266595453e+00 5.085560320148507785e-01 5.200181359449156382e-01 5.827141378840418051e-01 1.108498890853938379e+00 1.119147867487409131e+00 6.733929740064992231e-01 1.982179490179256098e-01 4.182420617960417863e-01 8.271958660448035516e-01 1.904608300183453229e-01 2.670611027740359411e-01 4.049520295879502907e-01 6.827282922474297022e-01 3.340677792184731376e-01 4.833958772287555439e-01 4.815319702474447072e-01 9.527146026849883098e-01 1.071211919172792015e+00 7.191568112447144223e-01 5.776404752779170648e-01 8.481968545656950464e-01 4.975087502653090521e-01 8.597560481322437109e-01 9.854681302480516880e-01 7.999781147182386531e-01 1.723608646709192393e-01 1.010902315930417794e+00 3.554797455599680300e-01 9.366421243506782846e-01 1.281632874853796400e+00 1.058054551908230723e+00 4.927456566110509084e-01 9.335634391325020598e-01 8.957068676995064704e-01 1.640827132448976211e-01 1.093008756831013395e+00 6.734106563544143276e-01 1.234854997102366125e+00 8.307235876152930798e-01 7.070236505077892586e-01 9.510476691034748242e-01 8.747694777857996096e-01 4.545144324942242409e-01 3.956016882491409370e-01 1.172686871616805293e+00 7.016393224688559638e-01 1.062112767758658149e+00 1.476980404186659879e+00 9.944443787291161740e-01 4.497896093130098749e-01 4.059115642801757184e-01 1.151658040381324577e+00 5.630762509717976982e-01 6.899630394305804604e-01 1.363225324661312132e-01 7.181660654259871546e-01
1.367319599272862174e+00 5.720566657124150911e-01 1.117007494345992669e+00 7.361805912367989091e-01 5.599479913214363558e-01 1.213994142875270965e+00 9.858330441757134910e-01 5.415872425160437320e-01 1.595486536594324489e+00 1.137185377260798491e+00 1.459108452253105481e+00 5.324939107059497578e-01 0.000000000000000000e+00 1.066621880993362526e+00 5.689659830369884208e-01 9.919043765375311628e-01 1.310025281278962561e+00 9.464674904101486597e-01 3.850893125654827887e-01 6.220267025550685336e-01 3.803662823721785102e-01 9.576434750752405023e-01 6.908850839648319475e-01 1.013984150158693032e+00 3.123071280584266973e-01 9.180567449714995831e-01 8.588971375000119535e-01 1.094786202233662742e+00 2.918606020423206160e-01 7.008256702022747087e-01 2.748250809349627732e-01 6.469150303256155921e-01 1.069170681484314711e+00 8.221293044574239373e-01 9.891096440161120107e-01 1.101645240573596807e+00 2.986880871672693560e-01 1.370675857842651002e+00 1.216642065091194658e+00 8.036484350651665887e-01 3.286366766572849651e-01 6.179465314148427924e-01 5.676478133037307083e-01 1.177458538139690036e+00 7.655176970421101457e-01 3.662080002834278147e-01 3.856171609698441638e-01 1.196499773943015876e+00 9.563696447069263140e-01 7.656117527485039043e-01 3.579619242211401486e-01 1.983856705781633090e-01 9.469207993589285888e-01 5.071833695461825942e-01 5.648726309127629630e-01 1.898292946986093466e-01 4.843942899092573140e-01 4.607962033237077981e-01 8.074198714501779062e-01 4.567945378997714245e-01 1.106717947914980460e+00 1.018755643550511847e+00 9.732921995729394427e-01 1.878882310052835125e-01 7.161064314925058572e-01 5.680035092701249955e-01 7.998184909342525017e-01 9.088423398472746939e-01 4.851076264492972245e-01 6.908534017452897524e-01 1.070705334781104190e+00 8.109165963010490641e-01 1.050767309273978212e+00 1.213180980519618091e+00 1.252046030098942220e+00 6.438950597277566246e-01 8.353450354655482801e-01 9.589480945644213161e-01 4.780365996695968844e-01 1.072108479661070257e+00 4.130608230594128849e-01 1.196622289291149777e+00 9.825627930025888634e-01 2.068306200358230040e-01 8.475823670279207800e-01 1.025707362682396484e+00 4.136164003443353887e-01 1.778435282713452803e-01 1.037297987802394017e+00 6.353884987177554899e-01 9.517375688700374647e-01 1.503776977138368443e+00 8.040211385837328084e-01 3.432613535218365097e-01 6.293404955379956478e-01 1.169707741616766050e+00 1.577697338220718781e-01 5.043220889649375760e-01 4.089829906139346716e-01 8.554185025139923182e-01
5.627826876612623819e-01 1.502431288775178286e+00 8.367272738549060840e-01 1.176689297423568314e+00 6.981916296720709347e-01 5.364532882729194929e-01 8.304861714044182719e-01 1.196329769902708673e+00 7.579482167468915010e-01 5.319036774620099495e-01 5.661342527006475445e-01 1.054468249062606722e+00 1.066621880993362526e+00 0.000000000000000000e+00 5.743820742767482557e-01 4.900024769944616443e-01 4.446654288250067033e-01 4.806529053283270514e-01 1.041154936681293997e+00 5.199062027711225387e-01 9.174287305926499547e-01 3.705010100271587392e-01 8.139557565141557482e-01 3.513315669339190928e-01 7.546406869718979005e-01 4.753592752378563713e-01 6.222871708532515811e-01 4.846247025777677409e-01 1.233204407411542247e+00 6.137721937424749363e-01 9.316257590626300100e-01 8.109798118504873976e-01 2.686264486677596985e-01 5.593725061262998510e-01 3.255896970461963913e-01 2.738657603545048835e-01 8.629680385614038052e-01 5.357966855301309339e-01 3.188535551969983728e-01 2.844248266959535920e-01 1.261433641263902228e+00 4.940351595030196830e-01 9.790172401189856100e-01 4.706635601991837614e-01 6.412662762508360981e-01 7.226169774011621527e-01 1.049508950902560578e+00 3.339106698277455876e-01 4.241189536309253882e-01 4.373416276810803138e-01 1.078120616444371294e+00 1.116459084715409000e+00 6.460589638887379582e-01 9.225002369320143281e-01 9.793628220066538104e-01 1.003751494326610150e+00 5.996268191895499644e-01 7.525497097691323800e-01 6.315197169336986827e-01 8.653902517733734756e-01 4.492339016577110433e-01 4.849033730629765393e-01 3.863098861765851821e-01 8.920112993800010104e-01 5.639239436342061706e-01 1.058841649045425770e+00 4.483525437377723355e-01 1.755531620146193739e-01 5.861237808584595088e-01 8.912329467436549413e-01 1.646913489046320789e-01 7.038664822887642503e-01 3.678321511257759968e-01 4.056957492354897332e-01 6.120754429302489585e-01 7.781907634660245598e-01 6.592075068724263520e-01 1.587613813631003623e-01 1.118727648112869399e+00 3.272973091183551397e-01 7.087042151329513429e-01 4.006932066288557137e-01 7.104118520029699679e-01 8.600990861418861266e-01 7.652252410283942874e-01 5.002017113587389208e-01 1.343310241781762393e+00 1.171650289216956020e+00 5.561903581709238820e-01 4.630279784813093880e-01 3.595051980979050987e-01 6.600494721692475864e-01 3.204046634138211225e-01 8.603388031294163518e-01 6.618181578586348479e-01 3.290897500912201568e-01 9.536887519393598689e-01 1.092497614379821735e+00 1.173103357875010078e+00 3.505694914216208047e-01
9.679865709944290852e-01 9.288078554446723700e-01 5.529069160935126126e-01 6.106556757352750164e-01 5.500274654185766110e-01 7.019645611258954476e-01 5.598536624084892166e-01 6.394112283617868764e-01 1.179438911123919853e+00 7.472278588525711474e-01 9.512126898811035236e-01 5.308042300626714116e-01 5.689659830369884208e-01 5.743820742767482557e-01 0.000000000000000000e+00 7.349012013668603238e-01 8.471628520891338887e-01 4.193407668946471656e-01 8.113472409190498613e-01 3.574619263556836901e-01 3.462065484871815757e-01 5.706127194639257771e-01 4.832040364280336675e-01 5.019545684093179583e-01 3.324689698230085533e-01 6.523209545370129980e-01 2.949935604603714512e-01 6.086796278280988126e-01 6.595809740810362198e-01 2.811590595735358744e-01 3.855017012206580773e-01 2.892088489694748521e-01 6.720369275228650352e-01 6.114741756927324356e-01 5.982846649729303135e-01 5.896156588242218444e-01 5.626611886403635188e-01 9.674453810796473929e-01 7.046124833418195843e-01 3.381724155625976391e-01 7.532820215491535798e-01 5.183145738180422457e-01 4.142185472411871183e-01 6.789274450090553303e-01 2.182432359215080164e-01 2.035354424777711946e-01 4.843322062750859414e-01 7.098872033411218752e-01 6.200941022843253769e-01 2.181189114125100803e-01 5.037385421676227049e-01 7.197803442876947733e-01 3.888271607926703788e-01 3.824832674619647044e-01 6.486799556020542701e-01 4.320245758709123085e-01 1.869168969221558230e-01 1.971098682833716254e-01 4.744438155549262071e-01 6.518682057421523179e-01 5.946883661656050535e-01 7.704052602652251558e-01 4.736173186623534592e-01 3.810777520317051859e-01 3.224911070175021099e-01 4.915590673108684583e-01 5.947138157384639356e-01 4.935822843524997339e-01 3.556553300090813940e-01 4.676192144666196371e-01 6.103158208157399844e-01 3.276942481694404274e-01 5.387377275246034714e-01 8.123132809675259747e-01 7.392629764764861999e-01 5.742140074950006223e-01 4.042036148951901331e-01 4.514044651595855440e-01 6.780993452682362310e-01 7.203930229970487709e-01 4.482761619772862027e-01 8.031170105231575373e-01 4.184622147501084743e-01 4.624741437845902303e-01 4.319974407179147380e-01 6.495532942274873101e-01 7.696868084512565877e-01 6.498333524957787821e-01 7.406381030100521734e-01 1.759335749206629718e-01 5.630590025555747280e-01 1.078368716673842931e+00 4.987988088129414188e-01 2.960183008065618293e-01 1.436482030629156748e-01 7.530463528685076291e-01 5.829129580689319523e-01 5.342735138254994798e-01 6.338704871806465357e-01 3.359209549210588897e-01
6.182103453812287652e-01 1.464421052782310273e+00 9.330765129809266423e-01 1.319868775939681438e+00 4.858418901027889980e-01 4.962995213395375860e-01 9.901868468740174789e-01 1.349670447069213353e+00 8.263068833465290197e-01 4.916608792589514110e-01 6.231457097468326989e-01 9.471877399942754128e-01 9.919043765375311628e-01 4.900024769944616443e-01 7.349012013668603238e-01 0.000000000000000000e+00 4.385263202642273872e-01 4.314689111669027244e-01 7.578871608587735009e-01 5.315338279524883802e-01 1.073954609123922932e+00 4.934489733996723082e-01 6.292860913541241663e-01 4.566739349533428527e-01 6.913634768545677822e-01 3.061303238297840013e-01 6.889276703884323894e-01 3.010879862325597789e-01 1.183439730471753659e+00 7.840998837767916285e-01 1.069813350363113535e+00 7.965946158478183214e-01 3.513297666160723476e-01 2.783830138509302832e-01 2.572744663917355123e-01 2.501223726327521102e-01 7.100089667707524255e-01 5.906301364550550215e-01 4.058771023270651424e-01 4.409229028771297632e-01 9.705787039237434577e-01 3.766926072517362001e-01 1.115264279506470668e+00 2.780934570123798633e-01 6.379885621264581586e-01 8.556881381305347922e-01 1.212222590059394367e+00 2.129020389611270825e-01 4.441867860505114285e-01 5.480463488929331328e-01 1.134636001766494484e+00 9.140971506265771485e-01 7.506466218588253581e-01 1.012415264266971926e+00 7.368565626166967419e-01 1.165383169175099987e+00 6.706201728874320311e-01 8.949885350406079354e-01 4.690009727468530398e-01 6.098722052510597846e-01 4.536899746810899581e-01 2.397762374921548201e-01 2.640463365771190674e-01 9.190201564220843444e-01 6.796939610297906276e-01 1.213975125238792918e+00 1.920858856032782724e-01 3.806336558737916098e-01 5.328636116799935207e-01 7.748268753233563677e-01 3.934124623970169932e-01 6.115491463372358938e-01 3.737000243067129523e-01 4.748207724917127837e-01 4.247291999865927536e-01 4.975870287888392030e-01 8.177601466911277317e-01 4.174180781183990940e-01 8.866786026685310462e-01 1.722998057533208505e-01 5.896549514049326257e-01 3.210887119076634155e-01 8.295691832339211480e-01 7.869631549657342129e-01 9.338994930756493451e-01 1.511532968321710468e-01 1.305980787414230626e+00 1.039726688996907233e+00 4.560199273030921541e-01 6.333556685156258581e-01 4.346513396383662742e-01 7.196584456223742432e-01 3.030929115493917192e-01 1.023052442286249919e+00 7.548878501312481504e-01 4.261911986712436096e-01 8.432541909931855484e-01 1.253433618232472124e+00 1.044853421341574773e+00 4.024553801542914977e-01
