0.000000000000000000e+00 2.055076826747411189e+01 1.520808619730632927e+01 1.466661028337460237e+01 1.113328657456617954e+01 7.895084119687220792e+00 7.813383117582147541e+00 1.734588707556951448e+01 7.559903816785355168e+00 1.980571697528292674e+01 9.731435101427035050e+00 1.574794221545963779e+01 1.449882321627952031e+01 1.247393654440581301e+01 4.912644139773572505e+00 1.824405747981975878e+01 4.435424512274289910e+00 1.087119971635119242e+01 1.358312117542636521e+01 1.404245195162656756e+01 9.413621724091314036e+00 1.137124563754855977e+01 1.750636821582552116e+01 1.942702711765506507e+01 1.691821016516550102e+01 7.114086460204304352e+00 4.037688531627186883e+00 1.709678097908023631e+01 7.608069679939886143e+00 1.015679441021080187e+01 1.417690317575348224e+01 8.116591746609479685e+00 1.123470092412381049e+01 4.552175859992423135e+00 1.709695201156753086e+01 1.800951721160978636e+01 4.528909447468395300e+00 1.060996421481606333e+01 1.387237642083843348e+01 1.156690022605629942e+01 1.714237875396466393e+01 1.436383714897960573e+01 2.574237311861092170e+00 1.175543587313962490e+01 1.010346824972873314e+01 7.124119252027490745e+00 9.144010029560375230e+00 1.726414404625553445e+01 6.987577511597799607e+00 1.439660752399025867e+01 1.232392808681506757e+01 1.567155180460107822e+01 1.601574259448797832e+01 1.450862484602720670e+01 2.328368555174156640e+00 1.124027870667694096e+01 5.414694543900814061e+00 2.330596701169205254e+00 1.928788234072534280e+01 1.777560711987703002e+01 1.384178147349641641e+01 6.249179976651309865e+00 1.178518288379457069e+01 1.296145435832024262e+01 9.347471536178105112e+00 1.244046174152780715e+01 8.107376006529912971e+00 1.660655903738842909e+01 1.326216542182570102e+01 8.933834025792398492e+00 9.786958343745455480e+00 1.986325760979950417e+01 1.698378800133800937e+01 1.899730990114828799e+01 5.880019373639054692e+00 9.793930382816240510e+00 1.624762729561986419e+01 1.885115597844353985e+01 1.285663403269575333e+01 1.701564697670830029e+01 8.141737582223548486e+00 6.741729850308855632e+00 1.240624839567308335e+01 1.625808372685509440e+01 8.893521717416117411e+00 6.324196760029161979e+00 9.378107244641126883e+00 1.532365169095277579e+01 4.551823413532122053e+00 5.322656138105683610e+00 1.589798276703151991e+01 1.886943778876725375e+01 3.311900232251216991e+00 1.016793003107753179e+01 1.555744357541977152e+01 1.293878077136534799e+01 6.069052570672848645e+00 9.261143235733484858e+00 5.426655055344301815e+00 1.048395289073902070e+01
2.055076826747411189e+01 0.000000000000000000e+00 1.495248862181879623e+01 1.485874250546807573e+01 1.109908148270795714e+01 1.767554828816188461e+01 1.942535290276696003e+01 7.675273047381899083e+00 1.333948329097653307e+01 7.524905764409564490e+00 1.229538638546700824e+01 5.712429820712946693e+00 6.891109687552147811e+00 1.069215581195279974e+01 1.593219306252505163e+01 1.205853181697330001e+01 1.787867714717416590e+01 1.570644469458432901e+01 9.657656754849371694e+00 1.147591726165480353e+01 1.269292569506837509e+01 1.575778642664861096e+01 3.901142147604645949e+00 3.955978201691469298e+00 1.111199920436379251e+01 1.422455537121737379e+01 1.820718649189838700e+01 3.478851885278172684e+00 1.619138312193486229e+01 1.866341323133127261e+01 7.539242863655146287e+00 1.535517129203707931e+01 9.403833935332293947e+00 1.638951084195342389e+01 9.096773667344312031e+00 2.871705983675219898e+00 2.012030930353148861e+01 1.333149451951437037e+01 8.244152073984889029e+00 1.363244468312431223e+01 6.171881262443267957e+00 1.211886206904116037e+01 1.846624957664922206e+01 9.153671703437858298e+00 1.108367349720867168e+01 1.346361926098138895e+01 1.180276807620230350e+01 3.578233940942874725e+00 1.788402261360666756e+01 9.264357057938656936e+00 1.693173611829049818e+01 5.212162143811925219e+00 1.253100161405916246e+01 1.000922894635843541e+01 1.864522330823272611e+01 1.148564376362526751e+01 1.555113463266196838e+01 1.935997611736862467e+01 9.842720828884615969e+00 3.723766418871526263e+00 1.351026601337558652e+01 1.627355610072572034e+01 1.151288794615300937e+01 1.418329022110857274e+01 1.329695876441668645e+01 9.080603795189679417e+00 1.296046722149476338e+01 5.719894210811766300e+00 1.533982836645684067e+01 1.745947366404222123e+01 1.693080242380062117e+01 5.846311840309831531e+00 9.229002921888435296e+00 2.086995920357372913e+00 1.819442720789713164e+01 1.471459216191192532e+01 1.090482262992463802e+01 2.068411257171910655e+00 9.954980333971931827e+00 4.675062561747150625e+00 1.398816721549841979e+01 1.438579429420860301e+01 1.239943498757428486e+01 1.401949467633696145e+01 1.173766570530706588e+01 1.514504324227233134e+01 1.515811888479109903e+01 5.245519914477562828e+00 1.675096533839285229e+01 1.895101476682975061e+01 1.312746878195382472e+01 1.726025011565133660e+00 1.750848245191055597e+01 1.082500254940504192e+01 8.258843283992908013e+00 9.467563755125095071e+00 1.674504064214310617e+01 1.264249068966480216e+01 1.526127477865371596e+01 1.707907088456645894e+01
1.520808619730632927e+01 1.495248862181879623e+01 0.000000000000000000e+00 2.120702498205134390e+01 1.101831081127824419e+01 8.075668721102314151e+00 1.959170983779806363e+01 1.960776620001790604e+01 1.350086135560371225e+01 7.599508608782945096e+00 6.439313518181809748e+00 1.428900587235654029e+01 8.561112689760575378e+00 1.644621989048559030e+01 1.037949991559695739e+01 4.691126147750106057e+00 1.520664682176632532e+01 1.782255054289387886e+01 1.368802846563485964e+01 4.406114932476365098e+00 1.314828506656404628e+01 4.102793443983744126e+00 1.753286628858448992e+01 1.143388133937257223e+01 2.027580951132427245e+01 1.043802439675561544e+01 1.175019440852424424e+01 1.187937720523962959e+01 1.494465373412657527e+01 1.993678982008700729e+01 1.653166176340000604e+01 7.259054828721203556e+00 7.823142837751476009e+00 1.221921881303840074e+01 5.999867917456549904e+00 1.475585070112425434e+01 1.802430540308575146e+01 1.673256648240254307e+01 1.103089883640191005e+01 3.914995591337430358e+00 8.926145614422308583e+00 1.890053271258565815e+01 1.292588151551798781e+01 1.427586342557207821e+01 1.516613262109880367e+01 8.335903458425361734e+00 9.300523288294243685e+00 1.152390192779393097e+01 1.716756082843155795e+01 6.660992313776850082e+00 2.012465473415960204e+01 1.615401740871712732e+01 2.421487007759634213e+00 1.777114216180287798e+01 1.363919129411043052e+01 1.293203833733327102e+01 1.126817824814964375e+01 1.639572189123848744e+01 5.768863656612964519e+00 1.336561168632425201e+01 2.201544282049020751e+00 9.352208728801757687e+00 5.493940174184922753e+00 1.910985480284097093e+01 1.136452462460282931e+01 9.699564802805204167e+00 1.305958034352718045e+01 1.759620401049975413e+01 2.105403351033473314e+00 1.799632853059640070e+01 6.015399352278985035e+00 9.582088606679308285e+00 1.973351326052206289e+01 1.318908641714272889e+01 1.009558346190213740e+01 5.428623148200559356e+00 4.374815318279840604e+00 1.669133741413706318e+01 1.160092836260824001e+01 1.184679380338094035e+01 1.178493029912215562e+01 8.466356346997475413e+00 1.806122244509367647e+01 2.208690092231668789e+00 8.146923697443462231e+00 1.305617119091476219e+01 1.602088206977599327e+01 1.015479851762541585e+01 1.110288454922786272e+01 1.733043284977230059e+01 2.060051930425759892e+01 1.346634274881497362e+01 1.208588487381194732e+01 1.441034687049434382e+01 1.817514291787344760e+01 7.001189389334959934e+00 1.429803693490451622e+01 1.507285938269489911e+01 9.991862827086956500e+00 1.869017509070711824e+01
1.466661028337460237e+01 1.485874250546807573e+01 2.120702498205134390e+01 0.000000000000000000e+00 1.123975624862738343e+01 1.809019764835153410e+01 7.951984103308398666e+00 7.573498212704141253e+00 7.762053312790108350e+00 1.964012199284472615e+01 1.507911186889638699e+01 1.035170433054102190e+01 1.450405696519766963e+01 4.953581963644569264e+00 1.315015758581656158e+01 1.992781591717198353e+01 1.047040260322641814e+01 4.250713978649737435e+00 9.656900118448806580e+00 1.692817686410517197e+01 9.034406448716239879e+00 1.859818450952705859e+01 1.126749408085623294e+01 1.800188507917242831e+01 3.787103426786881943e+00 1.104101824649145769e+01 1.670690361071139662e+01 1.376777953345917460e+01 7.462055853342338452e+00 4.836149377911707958e+00 7.620373095248341500e+00 1.542244617427818909e+01 1.358428189765399097e+01 1.051191407338112249e+01 1.739515325755813535e+01 1.201129770965155252e+01 1.107100141383390834e+01 4.641410228942910443e+00 1.223273902783250122e+01 1.732937734064981328e+01 1.712739633192021671e+01 2.769660953328477504e+00 1.459129797883840141e+01 7.356837826728229501e+00 6.523809069112468606e+00 1.288465093002371908e+01 1.258735617078324154e+01 1.593552435566875580e+01 7.691973708925419650e+00 1.523534508036791735e+01 2.368065679383210664e+00 9.662054244889565879e+00 1.913587545066598850e+01 5.042996806256399900e+00 1.272142866031720843e+01 8.978958502845928891e+00 9.947185056877836828e+00 1.262729367244982903e+01 1.966356845793790598e+01 1.202314400504538483e+01 1.928555637785584764e+01 1.535161743707766746e+01 1.604514901671376492e+01 2.123067428869525486e+00 1.111041433382718324e+01 1.169450866620426588e+01 8.413213808534861116e+00 9.334091735522543232e+00 1.980528608656647549e+01 5.732776257582205659e+00 1.866746004809292714e+01 1.886289090556775960e+01 5.703217710623690984e+00 1.671107503164336094e+01 1.748357056193884773e+01 1.613927020488830877e+01 1.767529598178968797e+01 1.281174243588453443e+01 1.043100357406293455e+01 1.280209956198115151e+01 9.934724544465913354e+00 1.365026616746043686e+01 3.482698081519008060e+00 2.073305751380187445e+01 1.332870239159746362e+01 8.850838042234991931e+00 5.689063918966167144e+00 1.500116913984528999e+01 1.484819439554177656e+01 9.409805812883396570e+00 1.736802733305802038e+00 1.380422649075178398e+01 1.289020525246976412e+01 7.732760998776086581e+00 6.651809252989268728e+00 1.431798286931307018e+01 9.035385047098923650e+00 6.396375253329812161e+00 1.156849922683156073e+01 4.391650363764473042e+00
1.113328657456617954e+01 1.109908148270795714e+01 1.101831081127824419e+01 1.123975624862738343e+01 0.000000000000000000e+00 1.183302219042237091e+01 1.472989536798735521e+01 1.001406934832505868e+01 7.609999822574270212e+00 1.047745234882815168e+01 6.035533944281281649e+00 8.303094774446762472e+00 5.190774760787329356e+00 6.442705760444183305e+00 7.443786939889212029e+00 1.019941690419605962e+01 1.095487971289602847e+01 1.109221859595215420e+01 4.233276407021539178e+00 6.860158372943834237e+00 4.172833600225677841e+00 1.076332082752522012e+01 1.007958686852177621e+01 1.009876249120029357e+01 1.042474086122874688e+01 4.161862919579681908e+00 1.116263839860182294e+01 7.645094194314077107e+00 1.046252103624814644e+01 1.425587112348596186e+01 6.840978161637449873e+00 8.827397904768030656e+00 3.201600333095015571e+00 8.045659287757629841e+00 8.072674336704734444e+00 1.056466977059690926e+01 1.375364416493180109e+01 8.299745074629115038e+00 2.993576135657830317e+00 8.140701949641183433e+00 7.814114127509882657e+00 8.930745020713453997e+00 9.161115700155702868e+00 4.309652355418991831e+00 5.778056447187341682e+00 5.808877484509677558e+00 2.548743373359163122e+00 7.816795909377841411e+00 1.284382321628767265e+01 5.589224563603037765e+00 1.266044440021228290e+01 8.226704363588197566e+00 9.249868443827796938e+00 7.852803707854632442e+00 9.537502584532555616e+00 2.416662054156171635e+00 6.593444842297590647e+00 1.217926131670427736e+01 1.034137850383431356e+01 9.082778074885455410e+00 8.877352954661704487e+00 9.467352901933558940e+00 5.586474911745229477e+00 1.003825583819195799e+01 2.258209207683580466e+00 2.119974516365979333e+00 6.039540027170513525e+00 9.252093569288962982e+00 1.084962542718235490e+01 1.280714921334209855e+01 1.165790997685831698e+01 1.053499298334471845e+01 1.004237582442039844e+01 9.545623116382124351e+00 1.166665382062807410e+01 8.872066064172408062e+00 7.890591967835960396e+00 1.140630853743066808e+01 2.239787605703975615e+00 7.563960191942138422e+00 4.020517817792723214e+00 7.314884443618702825e+00 8.139828706470421338e+00 1.073843541373117638e+01 4.334875281264123359e+00 8.604093181691805370e+00 1.023947059739143484e+01 5.871964906186615707e+00 9.194071289429778915e+00 1.304843184064016803e+01 1.065571596334623727e+01 9.417751004001097215e+00 8.093046886263037365e+00 4.081986751586534012e+00 8.484005481771779600e+00 4.382171352201678971e+00 1.003425504120069434e+01 7.220304060841131744e+00 5.706631519221884830e+00 1.257044688762630180e+01
7.895084119687220792e+00 1.767554828816188461e+01 8.075668721102314151e+00 1.809019764835153410e+01 1.183302219042237091e+01 0.000000000000000000e+00 1.427957036950773251e+01 2.018764219560805984e+01 1.038677597271605357e+01 1.348008469218903116e+01 5.987494243302565522e+00 1.673858898482237123e+01 1.084788489844052428e+01 1.530080870033651230e+01 5.007026336090311780e+00 1.188139743346112098e+01 9.789433732919881948e+00 1.427592502459334334e+01 1.482211536076300540e+01 7.677563242972629709e+00 1.217481646424435304e+01 4.006091301256891057e+00 2.010563572744333527e+01 1.437427703621112052e+01 1.997292424495891083e+01 8.614744909202903145e+00 3.881722441828704184e+00 1.437751091821870730e+01 1.133555115168604566e+01 1.632088466415308048e+01 1.700377533168417443e+01 3.116708973198635046e+00 8.856173265599107225e+00 8.061707362250007947e+00 1.073494367826470430e+01 1.731359809252616699e+01 1.104638296508418804e+01 1.361596549244383247e+01 1.292764188888047805e+01 4.806783507635440600e+00 1.154642015166583668e+01 1.736486336482263226e+01 5.340310440616023335e+00 1.458230802907032242e+01 1.293034040565943421e+01 6.178034797725768357e+00 9.402943680659735293e+00 1.412154256128345864e+01 1.287430710152598756e+01 8.448896204034253898e+00 1.653169028482091463e+01 1.849842396053176685e+01 9.649390254271663636e+00 1.750929453247169931e+01 7.208766301878185345e+00 1.383688104773649563e+01 8.161708333915237645e+00 9.243697894888434519e+00 1.292534138386905340e+01 1.581519479879008649e+01 7.125492554763418696e+00 2.781235268080807899e+00 6.362421948178592856e+00 1.599302746914115225e+01 1.097585064131781429e+01 1.088831397365213860e+01 1.092273377525140710e+01 1.943343119331913726e+01 5.983814978252780747e+00 1.436433004806781533e+01 2.060269368823328229e+00 1.354690336387434968e+01 1.998421430091076800e+01 1.606951286785862720e+01 2.035991740640719527e+00 2.960956126249965958e+00 9.885213620640557863e+00 1.926410685299590497e+01 1.277525290766012311e+01 1.429637691584677306e+01 1.065489345445659808e+01 4.784742812253504951e+00 1.540727461151610633e+01 9.582711495485359166e+00 7.502600655177826816e+00 9.489381253705497343e+00 1.260631951966794873e+01 1.260438163009124679e+01 3.616142204187291043e+00 1.174050889586100155e+01 1.917013220122321115e+01 1.603994335270657956e+01 5.921583661271395904e+00 1.299307893782866152e+01 1.853410757686830124e+01 8.489878568317383412e+00 1.033950190940970693e+01 1.208801539166418237e+01 6.580569418234365031e+00 1.509058462681685064e+01
7.813383117582147541e+00 1.942535290276696003e+01 1.959170983779806363e+01 7.951984103308398666e+00 1.472989536798735521e+01 1.427957036950773251e+01 0.000000000000000000e+00 1.215726526429470056e+01 7.746381831098505977e+00 2.370033355379693418e+01 1.404827163297305148e+01 1.488053326644836893e+01 1.841365596575611008e+01 9.061262440739321633e+00 9.679316566677998779e+00 2.256089401136577166e+01 4.547085685392523224e+00 4.269829629185356801e+00 1.406808778251584258e+01 1.835928848317258044e+01 1.142514105354491427e+01 1.610473678561310962e+01 1.584897866712267600e+01 2.255859933059257827e+01 1.028246534960104341e+01 1.124366491094125919e+01 1.165177695322437579e+01 1.830040613813589090e+01 4.906549992731770615e+00 3.239480560949123955e+00 1.215032329465171301e+01 1.277403401389204340e+01 1.555153745566982515e+01 7.486531453142617920e+00 2.130392035272659257e+01 1.657120739155497446e+01 3.391590293140514856e+00 6.433493458862919567e+00 1.617624625702793040e+01 1.589716895594413337e+01 2.103699533247867137e+01 7.857412254728526335e+00 9.294845119981914650e+00 1.161708154292761463e+01 9.072783284469950971e+00 1.141910776515798531e+01 1.337325768307507801e+01 2.047967616075446884e+01 2.468775270641713426e+00 1.871344405553626800e+01 5.609301906748869193e+00 1.421659419939192226e+01 2.033257912603399120e+01 9.564852539151043942e+00 7.185822008597728683e+00 1.239754466957260171e+01 8.795028841644077389e+00 5.489443809391206130e+00 2.357262451985616636e+01 1.655309420444875812e+01 1.816028643150366406e+01 1.172203999816494324e+01 1.610201941534058179e+01 6.347534248495154685e+00 1.333162587737011862e+01 1.545555714961083460e+01 9.490890219714398057e+00 1.391691050831693843e+01 1.778083644689601428e+01 2.247180340418165390e+00 1.536059535186180547e+01 2.340922443198837755e+01 1.067765632735617487e+01 2.127423324748478350e+01 1.300428223301337027e+01 1.416308668959749539e+01 2.056446382716588062e+01 1.738565156150487923e+01 1.434608682388898160e+01 1.733092849788850387e+01 1.153013184770882660e+01 1.125296698563227338e+01 7.139958363472063141e+00 2.057658868486233317e+01 1.319161183136229454e+01 6.750929096520873252e+00 4.904643109214376295e+00 1.907395058133957733e+01 1.072468573727397789e+01 2.546709388754067938e+00 9.196454321821233791e+00 1.835239708714945550e+01 8.590055152536981709e+00 1.076835916695300277e+01 1.119569044657976953e+01 1.725561730291136087e+01 5.306372335903182247e+00 7.671240790486954175e+00 9.606330020366421252e+00 3.862689414897818363e+00
1.734588707556951448e+01 7.675273047381899083e+00 1.960776620001790604e+01 7.573498212704141253e+00 1.001406934832505868e+01 2.018764219560805984e+01 1.215726526429470056e+01 0.000000000000000000e+00 9.808569087551518351e+00 1.360738248341801260e+01 1.495980658305971289e+01 5.795203502246783600e+00 1.122246947183733923e+01 4.974925965403537376e+00 1.524760213307309975e+01 1.685397724751346260e+01 1.307929421823998872e+01 8.424968185589744252e+00 6.302438650630544537e+00 1.531125696861427699e+01 9.243366811178574949e+00 1.958761714277171961e+01 3.954256737082407103e+00 1.085897882928943581e+01 3.825716284214387919e+00 1.223204976265755484e+01 1.892367048879657077e+01 7.797316689116331467e+00 9.756211757813224139e+00 1.137816893856734346e+01 3.183866863923876522e+00 1.751824713750167817e+01 1.197313148101689428e+01 1.279539717243157071e+01 1.367682597689941204e+01 5.186756490303704226e+00 1.415379508385164797e+01 6.735922860753441377e+00 9.186355371340665599e+00 1.700257687096296166e+01 1.131748614829914956e+01 4.837385560046575605e+00 1.681222412706544134e+01 5.732547391125822678e+00 7.293033925815511687e+00 1.493885323518885677e+01 1.237064672667612264e+01 9.297559570200897738e+00 1.075362995291925650e+01 1.343857327379156530e+01 9.646491825526572583e+00 3.560650193693598364e+00 1.718627919225826517e+01 2.885744380357525340e+00 1.506460928045117420e+01 8.060853454420676911e+00 1.204277925000272731e+01 1.546852257916426865e+01 1.531229386096082301e+01 6.306182461544567630e+00 1.767440596121875274e+01 1.744906198433420386e+01 1.443399860007666824e+01 6.898045928344632927e+00 1.091463762313771468e+01 1.006607041927924584e+01 9.510908337604961460e+00 2.012029796957220285e+00 1.963904790829168334e+01 1.018509354456908333e+01 2.049994417159363991e+01 1.217919921862405630e+01 1.872211642431479417e+00 9.534528426925628963e+00 1.961443830812268274e+01 1.781618908705401338e+01 1.538236795783559785e+01 5.610092356035158545e+00 8.249208634884853453e+00 8.045792905024578445e+00 1.053860833160861787e+01 1.574606713068391528e+01 5.148618085158479296e+00 1.879839121361879606e+01 1.337699335101469522e+01 1.112449954154218013e+01 8.034634318790189411e+00 9.466214060722895951e+00 1.700382032971229762e+01 1.246145734537262051e+01 5.841430931577603403e+00 6.975523935464824632e+00 1.513841723672996054e+01 7.379578300306432581e+00 1.801059166515010190e+00 1.269676278195245089e+01 1.140331093308272870e+01 8.103443743443976999e+00 1.366430019005503915e+01 9.793826591802526238e+00
7.559903816785355168e+00 1.333948329097653307e+01 1.350086135560371225e+01 7.762053312790108350e+00 7.609999822574270212e+00 1.038677597271605357e+01 7.746381831098505977e+00 9.808569087551518351e+00 0.000000000000000000e+00 1.658581600535176293e+01 7.726443398809295537e+00 8.211733611293444923e+00 1.129913841731094060e+01 4.923392550845651527e+00 5.446735910181095264e+00 1.598463633501199510e+01 4.558075965482637493e+00 4.501210434812745298e+00 6.953570234070675760e+00 1.178571043530209117e+01 4.134472210331067821e+00 1.089311924985853608e+01 9.960642415115174231e+00 1.620712614772390836e+01 9.597352827360687400e+00 3.760246491147757553e+00 9.122804265904560950e+00 1.209449404671262407e+01 3.372345909878081915e+00 7.661512071278921532e+00 6.624702223627635611e+00 7.717380914609671905e+00 8.616522854521374342e+00 3.071735652168704256e+00 1.418940280428142131e+01 1.047330860744358993e+01 6.993477101473562385e+00 3.241891696795602407e+00 9.061728708582757363e+00 9.592055443839088369e+00 1.392247778403349479e+01 6.989291947224407053e+00 7.011357904173434186e+00 4.573200662236724945e+00 2.557742449018391095e+00 5.177339839741955885e+00 6.246351702600289713e+00 1.390426403608561934e+01 5.598164429251752061e+00 1.186266805455690587e+01 6.853906577352454121e+00 8.135343200434883570e+00 1.376483792093732816e+01 7.133723114873473214e+00 5.329435229875348234e+00 5.262566096134377425e+00 2.242119797209316978e+00 6.024809994450541772e+00 1.645810697141099865e+01 1.023939851571083359e+01 1.184772198986951963e+01 7.648195761442201146e+00 9.476270399727580340e+00 5.643488203852647267e+00 5.835343333524738441e+00 8.341039601165666895e+00 2.060585830698809406e+00 9.054358085262588673e+00 1.210000064357111782e+01 5.906416341346008458e+00 1.096239478842439929e+01 1.664335663986831904e+01 9.608642883312551675e+00 1.517316283706954572e+01 9.813572085230676478e+00 8.434204945219791583e+00 1.398786986251471376e+01 1.131494737427734343e+01 7.231569275443808564e+00 1.066212884273357808e+01 4.113830861696489372e+00 5.945200907791913458e+00 5.031703193917882899e+00 1.426402424322819407e+01 6.211086882374923235e+00 1.824355887655792596e+00 2.872260700436183534e+00 1.195943303289439363e+01 7.202954106820292246e+00 6.131977554772974237e+00 8.794560783624984168e+00 1.221689639489519230e+01 5.337551013837956049e+00 3.621080489233635902e+00 8.158536159270074251e+00 1.043287291872863065e+01 3.457276129321773972e+00 1.708080878659158364e+00 3.863433967163035998e+00 5.902000758306884087e+00
1.980571697528292674e+01 7.524905764409564490e+00 7.599508608782945096e+00 1.964012199284472615e+01 1.047745234882815168e+01 1.348008469218903116e+01 2.370033355379693418e+01 1.360738248341801260e+01 1.658581600535176293e+01 0.000000000000000000e+00 1.012616644213776240e+01 9.810214584932291260e+00 5.326363779601064330e+00 1.488322498223862134e+01 1.518575018550778566e+01 4.705551803937447986e+00 1.975447161081106628e+01 2.006265678176173139e+01 1.048718674244292437e+01 5.927614011493864687e+00 1.384316073534489533e+01 9.723202638621366134e+00 1.104374134629842175e+01 3.891464755034861334e+00 1.590919408746931829e+01 1.350987044341689369e+01 1.668218334758327970e+01 5.872557487907407392e+00 1.943443703524588528e+01 2.322119615329493669e+01 1.214194575944502574e+01 1.236895752204152643e+01 8.587549794020604921e+00 1.677475236556112392e+01 2.899898311135532314e+00 8.550324656660206912e+00 2.256331423055077678e+01 1.727018326043869934e+01 7.801469503502907799e+00 8.747590411245685260e+00 2.667082774240995935e+00 1.689758080924210759e+01 1.772119828445804401e+01 1.245104535368995613e+01 1.473151302791394102e+01 1.271856796879020735e+01 1.108808314840182341e+01 4.497618268429366850e+00 2.168898587020458280e+01 5.430451916065146989e+00 2.162332871161422787e+01 1.019886923606460982e+01 5.178021601023314879e+00 1.467695915815840735e+01 1.821642977299000066e+01 1.159406350722797185e+01 1.572279543506861543e+01 2.094958833490163030e+01 2.489740815848764832e+00 7.888744516012983432e+00 6.726289629829550698e+00 1.431161199047987509e+01 8.056524972948418295e+00 1.887860998622162256e+01 1.258227383661619925e+01 8.448398471235089247e+00 1.517971132282068325e+01 1.159733121376165954e+01 8.272550261120963810e+00 2.177758739915168462e+01 1.154635188729299600e+01 2.039672022341592506e+00 1.458935765362550363e+01 5.646669832805010891e+00 1.520821343790156988e+01 1.051912856593907364e+01 3.837544524588758943e+00 9.593192684444247220e+00 9.373395206502589616e+00 7.420510477853380138e+00 1.375827906837299430e+01 1.326229564930219063e+01 1.688328290691417877e+01 6.666514663301108534e+00 1.102288435991181537e+01 1.754941695390991185e+01 1.920990878320100492e+01 5.231580163794307126e+00 1.599775357321031422e+01 2.186445005232879879e+01 1.790894514108495272e+01 6.889323044833854048e+00 1.676343115971936726e+01 1.306447885742463555e+01 1.311709603888017739e+01 6.959518501978690708e+00 1.884112526263316667e+01 1.619074224665071426e+01 1.451622348646253791e+01 2.153906096880594134e+01
9.731435101427035050e+00 1.229538638546700824e+01 6.439313518181809748e+00 1.507911186889638699e+01 6.035533944281281649e+00 5.987494243302565522e+00 1.404827163297305148e+01 1.495980658305971289e+01 7.726443398809295537e+00 1.012616644213776240e+01 0.000000000000000000e+00 1.124988630470233453e+01 5.404276697914856875e+00 1.164077561888061396e+01 5.111468311651871765e+00 8.539610252345134711e+00 9.680189736955174595e+00 1.207913325730649134e+01 9.004776730518749162e+00 4.338004724151947933e+00 7.328601029580251947e+00 5.263820050795266603e+00 1.472086103723701811e+01 9.805228261855582161e+00 1.553604873435727995e+01 4.069268450727663300e+00 6.582863956712188269e+00 8.888808238098674153e+00 9.360155161389990042e+00 1.435357875292239882e+01 1.179351617517231077e+01 3.072486074958557634e+00 3.054825819442942070e+00 6.700470491705232234e+00 7.392504784092917447e+00 1.190009102919546358e+01 1.248903235669485490e+01 1.044834751238593462e+01 7.136866504294905766e+00 2.677473122916234072e+00 7.473732084584344015e+00 1.381924224010765556e+01 7.646916410602148773e+00 9.536102648605089271e+00 9.078351030948711653e+00 2.644286094934301445e+00 3.608650686622868697e+00 8.741936423950168233e+00 1.161470399634868045e+01 4.695714526072610084e+00 1.439056124171401230e+01 1.311489784106292689e+01 6.311295367013358693e+00 1.303138138483588904e+01 8.142147899134108968e+00 8.185255185464781036e+00 5.648513561212721967e+00 1.087530646104573329e+01 9.583435113250734716e+00 1.032649211867005157e+01 4.409909347681121083e+00 4.200741768350613192e+00 2.084289885876922543e+00 1.295606658531404598e+01 5.797177573370661641e+00 5.070975343407877034e+00 6.757045602180231647e+00 1.419724782188369616e+01 5.671238337414989061e+00 1.241855330671487145e+01 5.991932842602556875e+00 1.018437527305636969e+01 1.499536767229436407e+01 1.069065308187551011e+01 5.911741990818607739e+00 3.026538117052600452e+00 6.543180068145241890e+00 1.387933216278959314e+01 6.957914277415865101e+00 8.807674235726738132e+00 5.819721169159255858e+00 3.186827299823601134e+00 1.186109148560558424e+01 6.719359409129948446e+00 1.925674368147848536e+00 7.475135080054010395e+00 1.039422646532437966e+01 7.115678949971211864e+00 5.923471699354422526e+00 1.179016817847289111e+01 1.564855536686058102e+01 1.065582636831953423e+01 6.689149285863470240e+00 8.922561916474489152e+00 1.343699732964573812e+01 3.239930303544340084e+00 8.766843388777274981e+00 8.691189641369460261e+00 4.441941612606632006e+00 1.310567651797051525e+01
1.574794221545963779e+01 5.712429820712946693e+00 1.428900587235654029e+01 1.035170433054102190e+01 8.303094774446762472e+00 1.673858898482237123e+01 1.488053326644836893e+01 5.795203502246783600e+00 8.211733611293444923e+00 9.810214584932291260e+00 1.124988630470233453e+01 0.000000000000000000e+00 5.903709144175988577e+00 5.836536299761782232e+00 1.363477430885537345e+01 1.157540805029791997e+01 1.275601542200998573e+01 1.119674577248157021e+01 4.529907075166278219e+00 1.054417814003993037e+01 7.565176015385284281e+00 1.482937247001242831e+01 5.547946988503874799e+00 8.777936795490200339e+00 7.238934673845608181e+00 1.055385896686426150e+01 1.711427727010816469e+01 4.202221622081220964e+00 1.139201317063583652e+01 1.415637505640421523e+01 3.092390900773411833e+00 1.427400675761493964e+01 8.310924713542078734e+00 1.126176116227032331e+01 8.691157690684036652e+00 2.840723837037725907e+00 1.519141655800091151e+01 8.566459080277116556e+00 7.151242852194670263e+00 1.269747244532144670e+01 7.212219739297890619e+00 7.609163146938407785e+00 1.519939630284772036e+01 4.025922023754767487e+00 5.984812699150115378e+00 1.237071003919117373e+01 1.065795064913644730e+01 6.683621106636562281e+00 1.319035324871139991e+01 8.326456026640531860e+00 1.242469794336344080e+01 2.766432574925988597e+00 1.186751886459690297e+01 5.317476653263270236e+00 1.351747362854962731e+01 6.357894083942182029e+00 1.042338495297886958e+01 1.423222643768554008e+01 1.073117766037362131e+01 2.240765539491381020e+00 1.263603176713906784e+01 1.518064687893549447e+01 1.057316241574407556e+01 9.676252046181511801e+00 9.217408878627953328e+00 7.987694573399463316e+00 7.832717541811672568e+00 4.762395523926716834e+00 1.449861336670645073e+01 1.293649279338989722e+01 1.599840294821336428e+01 9.613169377870470100e+00 6.411018734740760117e+00 7.531743541654590146e+00 1.711326267347499197e+01 1.377763285857241193e+01 1.006360763017424276e+01 4.952397719928409714e+00 6.476677059420590687e+00 2.469139616606961241e+00 8.860417535815326318e+00 1.329288507241838424e+01 7.746221931645970393e+00 1.349359307090182547e+01 1.064475648351684889e+01 1.002229534418315104e+01 1.046444951989582428e+01 4.702899891819384059e+00 1.539099250549457309e+01 1.415164481553073195e+01 8.620527478781241371e+00 4.556960128056732451e+00 1.352558941251223601e+01 5.697252869721951107e+00 4.733403889346311288e+00 8.526709306174957703e+00 1.165521558584912754e+01 7.617941908283252239e+00 1.204887288086530184e+01 1.257203270963939445e+01
1.449882321627952031e+01 6.891109687552147811e+00 8.561112689760575378e+00 1.450405696519766963e+01 5.190774760787329356e+00 1.084788489844052428e+01 1.841365596575611008e+01 1.122246947183733923e+01 1.129913841731094060e+01 5.326363779601064330e+00 5.404276697914856875e+00 5.903709144175988577e+00 0.000000000000000000e+00 9.596547394197793679e+00 9.878856426504356136e+00 6.027450133179782732e+00 1.444757785180765985e+01 1.477597919372090551e+01 5.549831403124581009e+00 4.682970381429176321e+00 8.556483147304073000e+00 8.993114295330308039e+00 9.316584339322160346e+00 4.947673921973202660e+00 1.271094855008447055e+01 8.202976684413480157e+00 1.136499797239187082e+01 3.542631077572324649e+00 1.412754327624247530e+01 1.793451856525411259e+01 8.711251067920786184e+00 8.470312792485112041e+00 3.280656035017183392e+00 1.146785860655771039e+01 3.259809943334496474e+00 6.506900336450634370e+00 1.725642047154734016e+01 1.198350567239787523e+01 2.708750041718005264e+00 6.816172051438231350e+00 2.663025558282795302e+00 1.176045481839937956e+01 1.241430452545463048e+01 7.164367765649132913e+00 9.444835439873116911e+00 7.411674209786793810e+00 5.781189389398407208e+00 3.337659726035311802e+00 1.638209211120116038e+01 2.433622557845747547e+00 1.633665112357340377e+01 7.768720680536576495e+00 6.139625682000943385e+00 1.028302549940041644e+01 1.290953601398659423e+01 6.307385919187150414e+00 1.041590167606520190e+01 1.564269457589821677e+01 5.395823740666603641e+00 4.980314958143702952e+00 6.843116597141271740e+00 9.393487894929974047e+00 4.679704984787915301e+00 1.359193239818080556e+01 7.275380077612783936e+00 3.157504767141435575e+00 9.893033734779860922e+00 9.210907282319196199e+00 8.719911318865502636e+00 1.649090981111086407e+01 1.013035041355919752e+01 5.383904414117631099e+00 1.197330399908579324e+01 5.286376383960657677e+00 1.130956870834516259e+01 7.886928772190570314e+00 4.284905582333297325e+00 8.475055464874733602e+00 4.086717618461765511e+00 3.461497075200388629e+00 8.451385309369580767e+00 7.955401890298770873e+00 1.159660531887335289e+01 7.834525809853738032e+00 5.715990600908395614e+00 1.224252319490649477e+01 1.392323119516019325e+01 1.769501789444862583e+00 1.069085981420690068e+01 1.655755629332537637e+01 1.320608273469076899e+01 5.251549670404678238e+00 1.145653740071595372e+01 7.777801269383812333e+00 1.035860473110465207e+01 2.631402853017664523e+00 1.353423150362976024e+01 1.090406465860989194e+01 9.209329727459115489e+00 1.625238338076512079e+01
1.247393654440581301e+01 1.069215581195279974e+01 1.644621989048559030e+01 4.953581963644569264e+00 6.442705760444183305e+00 1.530080870033651230e+01 9.061262440739321633e+00 4.974925965403537376e+00 4.923392550845651527e+00 1.488322498223862134e+01 1.164077561888061396e+01 5.836536299761782232e+00 9.596547394197793679e+00 0.000000000000000000e+00 1.036076863780155755e+01 1.497593222409878955e+01 8.273496830728465312e+00 5.399034883714831423e+00 5.109699982980260735e+00 1.205790949907315834e+01 4.662301348849794635e+00 1.580765197129592714e+01 7.146938921960283686e+00 1.378941809787683148e+01 4.900724637078746504e+00 7.632619325361321039e+00 1.403683699352501968e+01 9.455185043599277250e+00 5.559425389731036837e+00 8.479808191121295025e+00 3.173157660260639723e+00 1.263191363604705764e+01 8.719784011475775642e+00 7.940397516178782311e+00 1.248764368655827361e+01 7.826820180647777292e+00 9.428153491578695977e+00 2.738233169334675754e+00 7.353653436202017168e+00 1.374922940142184480e+01 1.221988676092035142e+01 2.677344239086116851e+00 1.192539063179389736e+01 2.600100923685474186e+00 2.592129270632931526e+00 1.009411839179259118e+01 8.461612140163877527e+00 1.169902717607358333e+01 7.369681527274143384e+00 1.029301331835957178e+01 6.819126327472905480e+00 5.487556917813050106e+00 1.424387344049644177e+01 2.409023025997851342e+00 1.021170317761923307e+01 4.217042509213309920e+00 7.156652518646703598e+00 1.064762097582131872e+01 1.475605888693803713e+01 7.614178838010115413e+00 1.442105849167763232e+01 1.256222848906265988e+01 1.118065113053555315e+01 3.995385003983007444e+00 6.512253572989582295e+00 6.818415363794966488e+00 4.911477900308732103e+00 5.219021824116175878e+00 1.638570043875056470e+01 7.125564101550219576e+00 1.587692750986178680e+01 1.462857544730749204e+01 4.752089203640509574e+00 1.252694392460990791e+01 1.472760481285113521e+01 1.334873766665717909e+01 1.272627462695418465e+01 8.667161091655515293e+00 5.523494003063066593e+00 8.286931531201918943e+00 5.939177894312387629e+00 1.085973362922930008e+01 2.000569178529933545e+00 1.586122956525215422e+01 9.717745002445969504e+00 6.181302539123398887e+00 4.643777798458575745e+00 1.025135776051365077e+01 1.211698683444075186e+01 8.319057034625927827e+00 4.636646219750465647e+00 9.572366197493755280e+00 1.025158374145842011e+01 3.011261822392899301e+00 3.248274428016262760e+00 9.446154920763353502e+00 6.626538505329175877e+00 3.286506084905044034e+00 8.777966688600423950e+00 6.839332396717460405e+00
4.912644139773572505e+00 1.593219306252505163e+01 1.037949991559695739e+01 1.315015758581656158e+01 7.443786939889212029e+00 5.007026336090311780e+00 9.679316566677998779e+00 1.524760213307309975e+01 5.446735910181095264e+00 1.518575018550778566e+01 5.111468311651871765e+00 1.363477430885537345e+01 9.878856426504356136e+00 1.036076863780155755e+01 0.000000000000000000e+00 1.362409069004459106e+01 5.210683325156586498e+00 9.288666100477529497e+00 1.146362136580668967e+01 9.422485161851403390e+00 7.265772331056292721e+00 6.468772024131519416e+00 1.539320030922126570e+01 1.480706032787991333e+01 1.503288418242396141e+01 3.822504682411582255e+00 3.722093735672810322e+00 1.247820577413116894e+01 6.348134814881366772e+00 1.133148679285023697e+01 1.206373526914921790e+01 3.234536882001521008e+00 6.614734134348647210e+00 3.065642529077952982e+00 1.247698522179237379e+01 1.548948856522795836e+01 7.951496127389639845e+00 8.675925429908874165e+00 9.930229847494208784e+00 6.774443558553958411e+00 1.252241196418951219e+01 1.242482330228767040e+01 2.567878487140583310e+00 9.642267966535362334e+00 7.990300343124480342e+00 2.544874256279292979e+00 5.045333374386165914e+00 1.264417725648037205e+01 8.047832482508114893e+00 9.776640734215087392e+00 1.154443136070510256e+01 1.355838389799681032e+01 1.139577580471281060e+01 1.256925446993674100e+01 3.421538324132243236e+00 9.000763100961043151e+00 3.252664200727183541e+00 6.202011513418675293e+00 1.466791555095018751e+01 1.391588965470255346e+01 9.138018981783048389e+00 2.234464446601893250e+00 7.165216094019402959e+00 1.105298740660619394e+01 6.171841644864664467e+00 7.847820613105457532e+00 5.994208099925654842e+00 1.449339113078417363e+01 8.422575788084959214e+00 9.373232219608695459e+00 5.867300000312103414e+00 1.524329082002435243e+01 1.504417423837582390e+01 1.437873469619922240e+01 4.381261043447482351e+00 4.973591244925509081e+00 1.162766050584469646e+01 1.673798807183927906e+01 9.563528109317667614e+00 1.239707177175924002e+01 5.807233468413509847e+00 1.971464325722902533e+00 1.046723454898114802e+01 1.157182633436424624e+01 4.300880588993771347e+00 4.509017937059684122e+00 7.628688740902556553e+00 1.070507648600370842e+01 1.774817516376625104e+00 7.373759558103915701e+00 1.423009213868825462e+01 1.425086258381819171e+01 1.707686842378062453e+00 8.054762124473276330e+00 1.359406751433334826e+01 8.318813981590182038e+00 5.406543466593977776e+00 7.147975329129222288e+00 1.740654811116996603e+00 1.010316829001217442e+01
1.824405747981975878e+01 1.205853181697330001e+01 4.691126147750106057e+00 1.992781591717198353e+01 1.019941690419605962e+01 1.188139743346112098e+01 2.256089401136577166e+01 1.685397724751346260e+01 1.598463633501199510e+01 4.705551803937447986e+00 8.539610252345134711e+00 1.157540805029791997e+01 6.027450133179782732e+00 1.497593222409878955e+01 1.362409069004459106e+01 0.000000000000000000e+00 1.819281211534789833e+01 2.006674431116941193e+01 1.156894892630988991e+01 4.219813111463520450e+00 1.347188173615494833e+01 7.963510714664421286e+00 1.466718701586147766e+01 8.539924534527077782e+00 1.866342968432532956e+01 1.229043412988690598e+01 1.509918138734762394e+01 9.056660558397128469e+00 1.787277753978271377e+01 2.286620113131511900e+01 1.464596208020598667e+01 1.077027026331361270e+01 7.401283633316097621e+00 1.521309287009794886e+01 3.186553971628335091e+00 1.191571046385825383e+01 2.100165473508757685e+01 1.727427078984637987e+01 8.736200174897790660e+00 7.104091523893559135e+00 6.059267978050978165e+00 1.730567890019538524e+01 1.615953878899486185e+01 1.268145573888648769e+01 1.473560055732160912e+01 1.115690847332701985e+01 9.901816987697316108e+00 8.637124349308846760e+00 2.012732637474139352e+01 4.747278531289983228e+00 2.162741624102189064e+01 1.342225431618314246e+01 2.323878241689227409e+00 1.617209084960183674e+01 1.665477027752682559e+01 1.159068332723630412e+01 1.416113593960543682e+01 1.938792883943845169e+01 2.221494389262165026e+00 1.065201386426563346e+01 4.896397752448686802e+00 1.272861003024421223e+01 6.510740871697253240e+00 1.893771648229666482e+01 1.139600767591169905e+01 8.261407833098209252e+00 1.437833345895774961e+01 1.484282398357697019e+01 6.422023791225235811e+00 2.093117568510757209e+01 9.855549775357715703e+00 6.688131801833807621e+00 1.782050862214105535e+01 1.029512961229722912e+01 1.360952617917365615e+01 8.920441307211159909e+00 2.321847743043307322e+00 1.382565814141405447e+01 9.742991842013822179e+00 9.133195981322320023e+00 1.257201290766848700e+01 1.169980110189216305e+01 1.696506139963368298e+01 2.484025247152323423e+00 9.796374478924299467e+00 1.598775745844672080e+01 1.882816310547823946e+01 7.441200695566797307e+00 1.443609407774713560e+01 2.030279055686561307e+01 1.900201038750119409e+01 1.060066347609197379e+01 1.520177166425619220e+01 1.306856638683230543e+01 1.627144057867865357e+01 5.854570408552984162e+00 1.727946576717000227e+01 1.619482977605838059e+01 1.295456399099934330e+01 2.154314849821360767e+01
