0.000000000000000000e+00 5.447102232704940095e-01 4.483865066285448453e-01 4.509917656638872674e-01 3.612433679464139846e-01 3.184261716803897246e-01 2.578462414500173883e-01 3.803342194221513428e-01 3.100710545818191055e-01 2.215041818249205152e-01 2.130176160946461450e-01 1.944998806887241749e-01 1.797662103471111827e-01 2.156512172837976582e-01 4.609420995231411355e-01 1.546680929708973418e-01 2.653263195894482451e-01 4.552197493857144117e-01 1.550288514834248510e-01 3.799230026736344357e-01 3.216819676331337807e-01 4.812315745002818113e-01 1.235133489475291058e-01 2.514283677039959586e-01 1.233808506412026884e-01 3.543454768695790680e-01 3.462409683261598592e-01 1.229890056898274436e-01 2.890561829174182473e-01 1.256250971445900533e-01 1.082556832135740110e-01 2.381525965265540445e-01 2.171082552210259753e-01 1.147148544248927649e-01 2.038243632141860662e-01 4.474550786329108965e-01 1.277374392632062428e-01 4.931600303704219979e-01 4.996977717193940571e-01 3.845343044162058410e-01 2.862751206090531353e-01 3.331400174911771650e-01 3.939851023928508389e-01 3.087014277484715352e-01 1.530139227810686231e-01 1.701933456522889965e-01 3.846451034223045684e-01 3.679147729377524878e-01 3.851795274509820510e-01 4.043013388774379102e-01 1.956692571065866415e-01 2.005915208127839744e-01 2.695932160028067237e-01 1.830957863298683097e-01 7.596368599046740555e-02 7.517114839633273760e-02 3.371295514280574501e-01 3.845366040104942762e-01 3.222207957348497964e-01 1.165818631810991851e-01 2.880405216703533222e-01 3.494213427412871664e-01 2.080358663391475571e-01 1.602099436960373324e-01 1.189661768260368291e-01 3.172585448715552481e-01 2.204591817024078026e-01 4.800226610612906009e-01 6.780065573480603680e-02 2.742911014123403657e-01 4.369425217265174299e-01 5.333396647121334544e-01 6.507554060252883354e-02 1.437907799750238191e-01 4.743685128211607149e-01 2.665217923444865300e-01 1.011771476866930031e-01 2.976621036872276194e-01 1.660220045802812960e-01 1.657723066482651997e-01 4.251326163860697505e-01 1.260612084729529347e-01 2.441932965187592064e-01 1.708028736382358193e-01 3.642513170303623982e-01 3.418995312149364363e-01 2.724515117225359551e-01 2.281338938881904699e-01 6.430030538841807752e-02 1.711881784422129016e-01 3.967821437255548145e-01 3.930864552825852898e-01 3.254325710920517034e-01 6.130214494174893169e-02 3.048970683770265144e-01 1.762958584343342905e-01 1.182739108276197326e-01 3.085050510348799069e-01 6.960516669172453486e-02 2.316882289145870411e-01
5.447102232704940095e-01 0.000000000000000000e+00 4.544768245925139283e-01 4.203404867705680670e-01 4.121910544602089832e-01 8.285917913479611263e-01 6.582048340530121111e-01 2.403757217177887595e-01 2.633620559079344892e-01 6.628925125564919529e-01 4.770073639996472714e-01 4.483755565137271804e-01 6.809555776880992228e-01 4.791444236231859888e-01 1.648385839399064690e-01 5.330949157716621256e-01 3.324065705010793570e-01 1.619620691663230250e-01 5.701097304300590807e-01 2.899990179052305828e-01 3.088102242388706675e-01 1.293942091428633701e-01 4.920657214869527118e-01 3.580083193147524656e-01 4.679455647511081562e-01 3.442241260473436482e-01 1.985151928929885790e-01 5.648887138665555918e-01 3.479833916627254053e-01 5.734523345839729336e-01 6.000256966511984258e-01 4.917602649195148001e-01 7.272738748885974047e-01 5.092888712944731999e-01 3.590647441749397206e-01 9.882704658110980089e-02 4.853055758648301410e-01 9.320555642450024936e-02 9.446319856647171498e-02 2.435945956175907812e-01 4.219000029911192939e-01 3.316640755070350832e-01 2.300888197821694958e-01 2.731869139108342170e-01 4.149832286774995938e-01 5.518858447977037507e-01 3.460461526582944147e-01 3.756995674397414220e-01 1.850209931509054773e-01 1.798287667314095728e-01 5.972173477523112783e-01 4.389454697715383658e-01 3.193919246713323723e-01 4.623705344910241655e-01 5.669117512119841162e-01 5.506027934545915103e-01 2.835748750075759994e-01 3.410572547346376604e-01 3.545301211259390683e-01 6.295844021863504780e-01 2.582610057047912688e-01 3.044645533100195367e-01 3.809206462924156211e-01 6.015982744276089367e-01 5.359092449019883242e-01 2.858408850663459178e-01 3.713561518758211610e-01 8.172749282733804410e-02 5.030752900892235813e-01 4.214687385522254415e-01 1.666097549660115473e-01 8.095300478979905456e-02 5.967861057577333872e-01 5.125205669540940923e-01 1.274379693986503193e-01 3.128323527836336382e-01 5.394031212088929994e-01 4.655039717709048563e-01 5.090196681214285146e-01 4.734352152473394471e-01 1.813163941751355646e-01 5.149098002664337370e-01 7.543589161863306636e-01 4.977569233540570792e-01 2.381096976434038948e-01 2.317294784624221726e-01 7.826171313901073567e-01 4.177639434672260066e-01 5.468762407992233676e-01 5.336938062338977273e-01 4.081640990955088810e-01 3.720262648349080825e-01 2.683411280714949054e-01 4.968061134673673607e-01 3.251746365693665153e-01 6.892983974395854307e-01 5.531859891391756046e-01 3.370821007962629956e-01 5.899936371932611445e-01 4.337361871090081866e-01
4.483865066285448453e-01 4.544768245925139283e-01 0.000000000000000000e+00 4.215202836508919471e-01 4.191095936887884732e-01 7.538130201936452668e-01 5.611821440925649496e-01 2.425532405999583641e-01 3.360340590657454052e-01 5.669665704686436269e-01 3.799846740392007205e-01 4.014613347180973624e-01 6.135016076228628767e-01 4.346969399849471283e-01 3.689282712136596198e-01 4.582277290281538962e-01 2.116782502230510898e-01 3.918707001688400138e-01 4.730870404696123632e-01 3.378496344968062171e-01 2.922104856201383494e-01 3.698491752733264470e-01 4.254231679687495160e-01 3.090584868467163848e-01 3.743560199216495188e-01 1.270958315762630852e-01 2.791494463277189864e-01 5.179356317421726086e-01 3.873572954249197009e-01 4.772047431515885063e-01 5.382703938269933763e-01 4.581926666182077890e-01 6.524951037342814342e-01 4.465070115544440554e-01 2.827245231076174203e-01 3.601046953480551704e-01 3.882828859043836456e-01 3.944441999028969192e-01 3.830797419473623289e-01 3.947504404661493216e-01 3.866401323993410855e-01 2.150629104308723061e-01 3.174274345670911601e-01 1.889882510737166954e-01 3.179605387170532094e-01 4.548631548372570887e-01 3.476495196095384932e-01 8.589738042640959748e-02 3.541951919266745352e-01 2.977168605594588402e-01 5.001946577918646719e-01 3.483449961034947862e-01 2.674149382169244693e-01 3.899471417933313422e-01 5.199975294163541317e-01 4.535801034941448484e-01 3.001339676152913194e-01 3.735500311405607898e-01 1.800391533400382549e-01 5.519687116943544636e-01 2.241215079716479819e-01 4.099331828692283630e-01 3.507353567011721185e-01 5.056723323397602776e-01 4.748360171960854803e-01 2.739445035294938435e-01 2.743334619153748877e-01 3.881159629532558442e-01 4.068276986568393760e-01 4.180213446507997643e-01 3.256695147637589938e-01 4.272893874328561603e-01 5.004623891157843341e-01 4.392004279847506742e-01 3.823546845116791437e-01 3.290021020252825723e-01 4.657995757316235053e-01 4.584992139839044190e-01 4.621054463257987521e-01 4.157129804237191251e-01 3.300826678078796483e-01 4.676770055888489486e-01 6.795801450320146930e-01 4.007342333936105283e-01 2.315659910371944963e-01 3.026876479856564495e-01 7.078383602357914972e-01 3.745900942858595983e-01 4.850056912694024613e-01 4.884240122972635656e-01 5.741757343047156070e-02 3.636149732695899695e-01 3.574776154442083631e-01 3.997834235069209208e-01 1.434894382515184419e-01 6.116827069475896383e-01 4.595964443097166896e-01 3.274363670923252090e-01 5.171692898538454708e-01 4.001685888077011755e-01
4.509917656638872674e-01 4.203404867705680670e-01 4.215202836508919471e-01 0.000000000000000000e+00 4.510005975658718524e-01 7.564182792289877444e-01 5.644863764464052025e-01 3.538111548112801152e-01 2.283472156561956734e-01 5.691740549498853774e-01 3.832889063930408069e-01 3.829295397202192031e-01 6.161068666582054654e-01 4.505525554878807015e-01 3.533879261780071834e-01 4.415865238232392076e-01 2.636652866836872722e-01 3.370032334042800115e-01 4.763912728234523941e-01 3.926656207774064655e-01 1.300935675862449903e-01 3.896693144372506135e-01 4.287274003225895469e-01 3.378067352201599705e-01 3.742271071445016917e-01 3.178187218736070463e-01 2.366177848303315789e-01 4.994426970730473370e-01 3.342695786895707455e-01 4.797338769773661915e-01 5.415746261808334072e-01 4.396608716203295186e-01 6.551003627696240228e-01 4.285516484039276208e-01 2.606559817489110253e-01 3.219793892752017550e-01 3.915871182582236765e-01 4.012752146216049254e-01 3.902984135174835667e-01 3.224207043176972043e-01 4.317448518226081333e-01 3.419563136196958064e-01 4.048283103563528607e-01 2.721411391461649454e-01 3.212647710708931847e-01 4.581673871910970086e-01 7.965344319946338070e-02 3.389234104627690258e-01 2.576325232468306137e-01 3.147601619513216709e-01 5.034988901457047028e-01 3.516492284573348170e-01 2.068071174457674632e-01 3.719917786428149631e-01 5.014657344184758614e-01 4.568843358479847128e-01 1.548460021276478471e-01 4.186709207926964105e-01 3.028417117365764799e-01 5.545739707296970522e-01 2.157881739079841599e-01 3.388449450230912041e-01 3.319570597065652495e-01 5.078798168210022501e-01 4.781402495499255112e-01 3.612365777210743700e-01 2.776376942692148075e-01 3.614724572444127371e-01 4.093568324826172278e-01 3.956377165572511623e-01 3.689620320139826437e-01 4.414548489633163264e-01 5.030676481511268117e-01 4.425046603385906496e-01 3.665413052463553645e-01 2.773850539805963189e-01 4.490243653606836305e-01 4.567535644013092644e-01 4.435736513279204818e-01 4.190172127775591560e-01 3.310088094243870960e-01 4.491452105909707337e-01 6.821854040673573927e-01 4.040384657474505592e-01 3.178763109245290597e-01 1.975939447295250451e-01 7.104436192711341969e-01 4.011926972245438705e-01 4.883099236232424922e-01 4.917539710508617712e-01 3.739873876286822219e-01 6.083564895126908345e-02 2.823246825168595486e-01 4.030876558607609517e-01 2.821023122801539218e-01 6.142879659829322270e-01 4.594675315325688070e-01 3.738335350124339374e-01 5.197745488891879484e-01 3.816367938098230161e-01
3.612433679464139846e-01 4.121910544602089832e-01 4.191095936887884732e-01 4.510005975658718524e-01 0.000000000000000000e+00 5.793471217857917299e-01 4.617827119126342028e-01 2.556799436539916037e-01 2.294366664591337424e-01 4.641380707644874315e-01 2.685199204908258475e-01 1.998857698970343266e-01 4.310090309344194459e-01 1.709587601035223448e-01 3.970501412024023402e-01 3.130292546900698136e-01 2.308259746015699221e-01 2.525207116151844677e-01 3.523303788113377744e-01 1.494664419814013268e-01 3.361969635781436594e-01 3.504887446220256719e-01 2.553183162151789753e-01 1.321981850686067828e-01 2.696112560690313575e-01 2.949821477370945244e-01 3.392067624455870622e-01 2.438436570373969936e-01 1.185758572315209758e-01 3.813577349452034748e-01 3.309838465479314484e-01 1.293055852311271181e-01 4.780292053264280638e-01 2.760534141978585043e-01 2.113184050091780064e-01 3.287186983323871492e-01 2.888834537244525102e-01 4.130541740034914255e-01 3.363936303251215953e-01 1.688137502363515341e-01 8.705055485544965777e-02 2.207923840576901109e-01 2.029096620048230770e-01 2.953425287502492447e-01 2.450226539733368625e-01 3.428571999692834327e-01 3.800810191003407001e-01 3.492342343093245982e-01 2.590060510840787034e-01 3.143861960500886621e-01 3.974505234233133288e-01 2.021980644997647125e-01 2.572021054321935174e-01 2.348896975432736012e-01 2.970968222063661845e-01 3.284399907567050469e-01 2.982109075156875733e-01 7.889464226298885385e-02 2.691856030313865000e-01 3.833506723579698239e-01 3.025555176153632009e-01 1.201069618672825773e-01 1.540430132032353516e-01 3.947928630786395332e-01 2.706560961208772653e-01 1.600724398880767618e-01 1.972602988353515385e-01 3.882182925427921094e-01 3.164808104168652103e-01 1.208184686307994665e-01 2.690084984274118129e-01 3.919928394676275296e-01 3.507550998969087286e-01 2.757731616823203558e-01 4.102035202707505213e-01 1.842043017259979432e-01 3.119222842611423241e-01 7.147064076161452340e-02 1.992194893956510393e-01 2.136064011618219183e-01 3.757459193011014609e-01 2.560348372823591512e-01 5.050034532179447089e-01 2.994172071116086298e-01 2.894013640662121967e-01 2.877370088248879521e-01 5.333724618279380714e-01 1.423857478623028472e-01 3.062193363620752673e-01 1.947733101285257784e-01 3.628373038509841719e-01 4.038390248152208817e-01 1.756139834433369518e-01 3.156995749708543242e-01 2.862165297485986248e-01 4.401434924743142796e-01 3.504787959728536406e-01 1.172873634843037138e-01 2.989072140996654192e-01 1.633304990888765074e-01
3.184261716803897246e-01 8.285917913479611263e-01 7.538130201936452668e-01 7.564182792289877444e-01 5.793471217857917299e-01 0.000000000000000000e+00 5.363941079602490003e-01 6.162123088451284536e-01 6.158511219456173080e-01 5.370767505107395534e-01 4.694877270680997139e-01 4.673230472758190257e-01 1.734460711855475012e-01 4.159361700960535480e-01 7.663686130882415570e-01 4.702406616567164077e-01 5.707528331545485001e-01 7.200566295766275271e-01 4.298162965121313794e-01 6.029974475219461727e-01 6.271084811982340357e-01 7.348895571194705711e-01 3.465227840426759465e-01 4.705834720332090493e-01 4.292411781561601414e-01 6.551197079659772937e-01 6.516674818912601141e-01 3.581901273395219909e-01 5.949165104323754782e-01 4.411976658304092025e-01 2.581509817703289134e-01 4.816836196321571117e-01 1.065923972514306456e-01 4.242439098658327135e-01 5.092508767792864877e-01 7.528815921980113179e-01 4.190896942526023405e-01 7.823890318823075729e-01 7.341285927814894530e-01 6.844247494175099700e-01 4.922965669303421832e-01 5.791268064054890807e-01 6.230670989892698186e-01 6.141279413135718457e-01 4.584404363461690446e-01 4.532338619522492396e-01 6.900716169874048234e-01 6.733412865028527428e-01 6.909595948147800870e-01 6.837210539289044764e-01 4.742171236168182258e-01 4.184914924202616238e-01 5.753732833666050928e-01 4.969713529813086783e-01 3.600738903878751840e-01 3.488936972783462376e-01 6.425560649931577606e-01 6.064350382788449290e-01 6.152674133320454875e-01 2.098440221326451360e-01 5.934670352354535217e-01 6.552014101050854800e-01 5.138961938541050101e-01 4.757825123818564261e-01 3.151377131416391308e-01 5.463405414679742833e-01 5.099862625862834342e-01 7.854491746263909668e-01 3.833732244206251583e-01 5.332607457675822005e-01 6.660245183229362986e-01 7.867188646615796976e-01 2.684763384222908500e-01 3.960757324552618419e-01 7.797950263862609699e-01 5.723018597082848435e-01 4.167497163725121245e-01 5.294377818644393496e-01 4.156126015882823377e-01 3.720629631897239831e-01 7.305591299511700054e-01 4.106383096518491649e-01 7.441674312130795721e-02 4.559869386317093598e-01 6.495389242950949660e-01 6.473260447800366357e-01 5.822361798714876385e-02 4.431746828822179518e-01 2.925681054390463776e-01 3.846468862107270126e-01 7.022086572906550694e-01 6.985129688476855447e-01 6.312126384558499614e-01 3.613245849435816615e-01 6.103235819421266584e-01 1.548542365420562950e-01 4.338464795134387986e-01 5.292423774244998658e-01 3.050387987387145894e-01 4.981570124350591655e-01
2.578462414500173883e-01 6.582048340530121111e-01 5.611821440925649496e-01 5.644863764464052025e-01 4.617827119126342028e-01 5.363941079602490003e-01 0.000000000000000000e+00 4.660613425074467964e-01 4.435480457451576042e-01 4.409795498788294243e-01 2.347488481691281104e-01 3.867028359491470613e-01 3.887578943003868193e-01 3.645164271196577044e-01 5.744367103056591262e-01 3.676326648572590394e-01 3.760472326021949141e-01 5.739261115433389460e-01 1.442779802419701940e-01 4.619985023327646267e-01 4.351765784156517713e-01 5.887590390861818790e-01 2.398977844108716451e-01 3.295845268440275033e-01 2.823751055257996412e-01 4.671411143335993943e-01 4.597355791086778498e-01 3.710583032813767335e-01 4.275680722240321474e-01 3.512177225617742482e-01 3.146569436454663138e-01 4.505945351980078506e-01 4.350761915008851122e-01 3.628314136558816183e-01 3.275606530952384077e-01 5.609496894154287761e-01 1.831487462308508951e-01 6.066546411529399885e-01 5.879980747482007608e-01 5.180112955795443952e-01 3.816508778852943928e-01 4.219373043452719907e-01 4.769365809559811265e-01 4.214970652124919726e-01 2.539880825954494159e-01 1.419367121743042859e-01 4.981397142048225590e-01 4.807104104017729251e-01 5.165546707358460443e-01 5.177959496599559008e-01 7.744784316295101612e-02 2.776357982323889861e-01 3.869842797218899788e-01 3.512580249134291122e-01 3.309693962112167376e-01 1.916853093074860903e-01 4.506241622105754407e-01 4.654360930896633830e-01 4.350164331988701782e-01 3.373867187986380745e-01 4.015351324528713128e-01 4.828983339046257761e-01 3.512650714476635572e-01 3.796853117499462971e-01 3.057483430606014463e-01 4.002100234346854801e-01 3.141124598475042995e-01 5.935172718438086470e-01 2.766779827281538040e-01 4.185510593972912030e-01 5.198940002896476065e-01 6.405883466282906724e-01 2.961146301686264359e-01 1.872373566070876516e-01 5.878631236036787611e-01 3.999987835078251397e-01 3.304052190059170169e-01 4.535099594698578374e-01 4.199227249078865687e-01 3.005843996023266906e-01 5.386272271685875745e-01 3.818542493129347126e-01 4.621612327986183710e-01 1.776934209105888451e-01 4.770469544943829465e-01 4.553941419974543159e-01 4.904194480023950642e-01 3.344118230976858008e-01 2.438260025212025395e-01 3.837923466711041232e-01 5.095777811895753073e-01 5.065810660651033359e-01 4.589095622553902576e-01 2.175821999006075924e-01 4.176927058410469518e-01 3.971007140518731937e-01 3.377492788815286695e-01 3.882434322353181533e-01 3.149104725268869753e-01 3.925704573875012371e-01
3.803342194221513428e-01 2.403757217177887595e-01 2.425532405999583641e-01 3.538111548112801152e-01 2.556799436539916037e-01 6.162123088451284536e-01 4.660613425074467964e-01 0.000000000000000000e+00 2.329719964320602077e-01 4.989142832622500690e-01 2.727985510856384965e-01 3.406092135583464464e-01 4.685760951852664391e-01 2.712672899501502588e-01 1.659310727619872639e-01 3.920407119814449670e-01 1.528489426484632152e-01 1.495379787249213610e-01 3.758248295877412160e-01 1.523746443142007245e-01 2.245013567805266008e-01 1.408293306322701555e-01 2.796862389841198171e-01 1.456288368119194598e-01 3.074439511878841458e-01 1.243091027104522711e-01 1.251991828200956225e-01 3.632783840629599248e-01 2.851743756621755166e-01 4.091524559451948373e-01 3.876462141483655865e-01 3.347229188474469819e-01 5.148943923857647320e-01 3.823193703663153031e-01 2.223998604306238469e-01 1.709056361608795316e-01 2.931620843192651593e-01 1.783746749850545488e-01 1.479472356575955161e-01 1.895690139606362457e-01 2.232104823645441882e-01 1.032785033961260007e-01 8.950129107179946586e-02 8.951840888382643635e-02 2.417303206228854917e-01 3.554570099033760866e-01 2.799403907699266614e-01 1.693746411526159956e-01 1.740162554487321989e-01 7.970669703165192410e-02 4.050738562067462967e-01 2.256925152761681541e-01 1.997058093773126652e-01 3.257595006052025344e-01 4.355079002938523347e-01 3.528079135256458887e-01 2.250513558874351616e-01 1.896939545690995155e-01 1.429182116682242154e-01 4.172049196835176388e-01 1.553975532928910108e-01 2.195227750984074799e-01 2.905235110922067543e-01 4.376200451333668306e-01 3.235297623991554294e-01 9.678505502980040698e-02 1.659113763301207078e-01 1.987073544044874185e-01 3.387754114504457625e-01 3.561854117931655406e-01 8.492888001430751177e-02 1.948217837068568770e-01 3.872661331107963290e-01 2.992676124587237974e-01 1.749915237237290588e-01 2.686774393482890266e-01 3.977472885252298918e-01 2.950695639491074940e-01 3.834059324043933570e-01 2.610557327445064968e-01 1.327381284014611529e-01 4.055809090512558224e-01 5.419794336834979909e-01 3.036958377064212233e-01 6.022472804328815599e-02 1.833570411194710981e-01 5.702376488872747951e-01 2.111604442510627011e-01 3.344967582963905839e-01 3.258166725608618863e-01 1.894601559498790555e-01 2.959058444299780821e-01 2.469171716415105022e-01 3.317311363005273628e-01 1.223890576627245652e-01 4.769189149367527580e-01 3.926843755759512611e-01 1.510705437661942208e-01 3.776141546904283608e-01 3.393164676479502595e-01
3.100710545818191055e-01 2.633620559079344892e-01 3.360340590657454052e-01 2.283472156561956734e-01 2.294366664591337424e-01 6.158511219456173080e-01 4.435480457451576042e-01 2.329719964320602077e-01 0.000000000000000000e+00 4.212056046021633304e-01 2.669060960938912097e-01 1.949803991472583709e-01 4.755397093748352511e-01 3.365450758464345604e-01 2.133963946528838751e-01 2.729654497515935918e-01 1.529738720266488050e-01 1.552378964798415695e-01 3.554529421222047958e-01 1.671078879418529117e-01 1.325125191655207035e-01 2.606804550998294001e-01 3.147199206811433503e-01 2.271153205631214478e-01 2.220023361676204676e-01 2.345508097005785664e-01 1.186668116358742947e-01 3.114935565000866990e-01 1.127056475828325660e-01 3.352998607469415693e-01 4.040291822412981348e-01 2.405371388423808432e-01 5.145332054862536975e-01 2.547391471273375285e-01 1.163779830322108633e-01 1.650009584125683992e-01 2.706487875569759671e-01 2.648530279242443664e-01 2.304722787725192179e-01 9.407348866150172517e-02 3.113735683334455939e-01 2.347864318543513018e-01 1.948210705328974890e-01 1.888732269731364932e-01 1.895599631497082160e-01 3.372290564898494103e-01 1.574276371906643823e-01 2.555623253749529922e-01 7.834106275702895639e-02 1.857713026139003742e-01 3.825605594444571045e-01 2.376417488158885094e-01 7.621088427420977252e-02 2.022410684709556317e-01 3.135165938455152235e-01 3.196402437973014377e-01 8.136643784839528437e-02 1.945551998686456119e-01 2.098683481720502453e-01 4.140068134463269489e-01 1.384652691956443360e-01 1.172810139163530108e-01 1.275254889259468394e-01 3.599113664732802587e-01 3.641327699084794256e-01 2.276343251397263123e-01 1.669462796121763126e-01 2.091984936637696080e-01 2.654751335639091714e-01 1.783986389048242138e-01 2.338513906952308097e-01 3.004605407274216766e-01 3.625004908677566529e-01 3.284971806971445085e-01 2.265497737212319729e-01 6.174925109063297834e-02 2.792736551888242991e-01 2.395144867488822327e-01 2.556245107549597329e-01 3.050097331361130149e-01 1.945500453747234515e-01 2.615146428999649553e-01 5.416182467839868453e-01 2.834907254284945721e-01 2.017238068004896800e-01 5.971517027707808067e-02 5.698764619877635385e-01 2.871852175830976739e-01 3.502304091837405986e-01 3.132137705984913700e-01 2.844296961627553189e-01 1.858061073619471371e-01 6.076075141012136915e-02 2.632752958065253668e-01 1.925446208142269910e-01 4.737208086995620682e-01 3.062939105389015926e-01 2.520066513757132087e-01 3.629995930529861803e-01 1.825130610318742852e-01
2.215041818249205152e-01 6.628925125564919529e-01 5.669665704686436269e-01 5.691740549498853774e-01 4.641380707644874315e-01 5.370767505107395534e-01 4.409795498788294243e-01 4.989142832622500690e-01 4.212056046021633304e-01 0.000000000000000000e+00 3.472903736065057201e-01 2.978591990849204785e-01 3.976652968301270241e-01 4.323297641061564778e-01 5.791243888091391900e-01 1.700879822960001952e-01 3.839063834295469713e-01 5.663542994060585256e-01 3.411916500731249635e-01 4.985030665137331618e-01 4.398642569191319462e-01 5.994138637862798102e-01 3.374529585280333088e-01 3.700084315440945737e-01 2.184198796740860760e-01 4.729255407096776276e-01 4.644232576121581357e-01 3.365791412687502704e-01 3.961635347627909254e-01 1.276364608273315715e-01 3.261547696965897969e-01 3.943653472644982338e-01 4.357588340513759984e-01 2.283113950925143576e-01 3.190395128665911573e-01 5.656373679189090620e-01 2.679029170899013823e-01 6.113423196564199413e-01 6.178800610053920561e-01 4.956688544365502325e-01 4.470505459418202543e-01 4.517200813312758356e-01 5.125651662329496761e-01 4.272814915885702058e-01 2.720414022494588302e-01 3.413556360773824516e-01 5.028273927083027894e-01 4.864948367778511584e-01 4.963140774713263315e-01 5.224836281634360757e-01 3.788025655353987053e-01 3.388805415411231814e-01 3.842527505638030916e-01 2.397609716087033271e-01 2.685397834902322756e-01 2.791678570351123212e-01 4.553118407140555601e-01 4.916439558558670098e-01 4.408008595749484115e-01 3.352324420114490833e-01 4.062228109563515432e-01 4.605558927616315024e-01 3.131082421351706335e-01 7.065563545593835093e-02 3.356447236483955932e-01 4.358386087116539742e-01 3.390392455425064733e-01 5.982049503472887109e-01 1.643015671506756481e-01 3.773810455108797535e-01 5.555225855666160450e-01 6.515219539981317309e-01 2.837261194328787317e-01 3.402852983757797545e-01 5.925508021071587139e-01 3.776563423648309215e-01 1.737462488942285166e-01 4.384968933549378001e-01 3.369717341096295504e-01 3.797119162287693195e-01 5.433149056720679715e-01 2.744454034263384412e-01 4.628438753491092572e-01 3.314581871722450668e-01 4.828313808704611243e-01 4.600818205009344353e-01 4.911020905528859504e-01 4.051913971835856554e-01 2.782399149689221973e-01 3.833126170905527541e-01 5.153622075656536516e-01 5.112687445685835108e-01 4.365671211123960949e-01 2.238886017713550280e-01 4.234771322171251295e-01 3.949464372646842025e-01 1.209669032197011052e-01 4.270851148749785775e-01 2.873412857414445742e-01 3.363412694539915648e-01
2.130176160946461450e-01 4.770073639996472714e-01 3.799846740392007205e-01 3.832889063930408069e-01 2.685199204908258475e-01 4.694877270680997139e-01 2.347488481691281104e-01 2.727985510856384965e-01 2.669060960938912097e-01 3.472903736065057201e-01 0.000000000000000000e+00 2.220117992469893831e-01 3.218515134082375329e-01 1.915119984111653406e-01 3.932392402522945640e-01 2.597677595081875346e-01 1.948497625488304075e-01 3.806633201215303686e-01 1.469752320822889091e-01 2.687357109109563269e-01 2.539791083622871537e-01 3.954962476643735236e-01 1.229649430254237258e-01 1.363217354222190925e-01 1.660086507083282648e-01 2.859436442802348322e-01 2.785381090553133432e-01 2.393076955099168179e-01 2.551608853789827380e-01 2.575285462894503774e-01 2.469495788399626579e-01 2.759703487583808346e-01 3.681698106087358813e-01 2.578618554801155316e-01 1.505281130616803464e-01 3.797522193620643249e-01 9.356377328844220354e-02 4.254571710995754263e-01 3.947352833263926830e-01 3.413693459282779452e-01 1.996469289496051180e-01 2.286745129234636353e-01 2.836737895341727711e-01 2.402995951591274104e-01 9.052657340839451172e-02 9.281213599482382448e-02 3.169422441514580524e-01 2.995129403484083075e-01 3.353572006824815377e-01 3.365984796065913387e-01 1.738196342054714738e-01 7.988936309661563706e-02 2.057868096685254167e-01 1.947799408296703727e-01 2.861407708558453833e-01 1.510985134550510700e-01 2.694266921572108786e-01 2.721733016678550832e-01 2.538189631455056161e-01 2.704803379064887880e-01 2.203376623995067507e-01 3.062563842533593261e-01 1.795533424972710623e-01 2.859961354776224818e-01 1.888038915741931945e-01 2.069472320128771803e-01 1.329149897941398206e-01 4.123198017904440849e-01 1.871515017947013859e-01 2.468393304468987637e-01 3.266312088678393621e-01 4.473255552064825391e-01 2.379906977898259002e-01 8.199346772407993533e-02 4.066656535503140324e-01 2.233568338565586897e-01 2.461233788694854874e-01 2.715060105341684515e-01 2.801177374122673092e-01 1.446377254672506218e-01 3.574297571152231789e-01 2.811233941650561063e-01 3.952548519064690846e-01 5.907644365841058232e-02 2.958494844410183289e-01 2.741966719440898093e-01 4.235130671102457778e-01 1.524078741619965260e-01 1.804291846847327352e-01 2.225284775687357830e-01 3.283803111362105787e-01 3.253835960117387738e-01 2.822676126041239186e-01 1.601504523498681332e-01 2.364952357876823341e-01 3.301943331597238518e-01 2.432120066938501246e-01 1.949806408135097979e-01 2.419870104264346677e-01 2.215047265322618308e-01
1.944998806887241749e-01 4.483755565137271804e-01 4.014613347180973624e-01 3.829295397202192031e-01 1.998857698970343266e-01 4.673230472758190257e-01 3.867028359491470613e-01 3.406092135583464464e-01 1.949803991472583709e-01 2.978591990849204785e-01 2.220117992469893831e-01 0.000000000000000000e+00 3.189118818709857361e-01 1.746886052486311680e-01 3.995932506009349794e-01 1.557342958046598613e-01 2.184011476790008177e-01 3.295883437333479993e-01 2.986077323261941974e-01 2.861122683493895758e-01 2.536197416894656609e-01 4.296390575633429743e-01 2.520750309398579470e-01 2.117033618401910622e-01 1.280777718750563954e-01 3.052570561714589847e-01 2.828231092532592084e-01 1.165131573528282866e-01 1.343295756827826981e-01 2.166398154439811152e-01 2.188866974844977942e-01 1.112915744477144669e-01 3.729671187464885795e-01 1.010266509365739668e-01 1.224432046699232418e-01 3.500144590183609794e-01 2.138035777609653965e-01 4.412449577476972862e-01 4.095256311329565357e-01 2.569377072107901783e-01 2.397868268318549267e-01 2.934150116273722131e-01 3.542600965290459425e-01 2.595794734440168283e-01 1.327147533536976176e-01 2.803838466938388674e-01 3.165828774786364486e-01 3.209896010273050049e-01 2.633545633628215366e-01 3.533019828397517825e-01 3.257153496484465061e-01 1.988958721926083750e-01 1.874896497916536953e-01 7.699718190317597633e-02 1.185361946982567832e-01 2.499013138735267925e-01 2.563918507288934778e-01 2.298099967758588102e-01 2.752956238244023135e-01 2.724407267065617755e-01 2.364051130078552443e-01 2.084945418499376535e-01 7.141608646433729446e-02 2.285139913990726634e-01 1.842905123022692271e-01 2.775335390077503517e-01 1.807341758386029062e-01 3.961216748432097035e-01 1.778748392483294471e-01 1.091969271969909366e-01 3.972175158627125335e-01 4.814245920894086872e-01 2.124382159551949367e-01 2.861315734111606335e-01 4.127466296692831604e-01 1.355432037300935422e-01 1.456434125815754821e-01 1.679277452472915932e-01 6.108608994064284453e-02 2.016008236996952863e-01 3.709785525504794568e-01 7.205057406106872564e-02 3.929063041545110546e-01 2.374226246558635012e-01 3.151293627259076913e-01 2.532807415130125528e-01 4.283103752479986426e-01 2.348540490440987616e-01 2.311890693200172875e-01 1.186753497841743915e-01 3.498569718151073316e-01 3.250242293389171699e-01 1.978359738866360129e-01 1.935363658827508049e-01 2.579718964665790315e-01 3.321547219597970058e-01 2.023781999062012893e-01 2.687800451710750105e-01 1.680191939057278649e-01 5.741011976841747105e-02
1.797662103471111827e-01 6.809555776880992228e-01 6.135016076228628767e-01 6.161068666582054654e-01 4.310090309344194459e-01 1.734460711855475012e-01 3.887578943003868193e-01 4.685760951852664391e-01 4.755397093748352511e-01 3.976652968301270241e-01 3.218515134082375329e-01 3.189118818709857361e-01 0.000000000000000000e+00 2.682999564361914224e-01 6.254629029168661258e-01 3.308292079761037674e-01 4.292715712423669228e-01 5.724204159167656236e-01 2.821800828522691984e-01 4.553612338620842692e-01 4.867970686274520342e-01 5.872533434596085566e-01 1.988865703828138487e-01 3.229472583733469793e-01 2.889297655853778624e-01 5.074834943061153902e-01 5.113560693204781682e-01 2.097789619346886458e-01 4.475201519048508381e-01 3.017862121497966177e-01 1.076452473141492200e-01 3.332724542273238777e-01 1.011688610186988191e-01 2.855839485325541993e-01 3.689394642085041531e-01 6.125701796272291499e-01 2.738228115339234603e-01 6.347528182224453364e-01 5.864923791216275495e-01 5.367885357576480665e-01 3.446603532704801132e-01 4.314905927456270107e-01 4.754308853294077486e-01 4.738165287427897332e-01 3.181290237753868211e-01 3.055976482923871140e-01 5.497602044166227664e-01 5.330298739320705748e-01 5.506481822439981411e-01 5.360848402690425729e-01 3.265809099569561003e-01 2.708552787603995538e-01 4.350618707958229803e-01 3.578126849730072223e-01 2.171603780795977323e-01 2.012574836184841398e-01 5.022446524223757036e-01 4.587988246189829700e-01 4.676311996721835285e-01 7.236453374329687716e-02 4.531556226646715757e-01 5.148899975343033120e-01 3.735847812833228421e-01 3.363710587012437858e-01 1.675014994817770608e-01 3.987043278081121578e-01 3.623500489264212532e-01 6.451377620556086878e-01 2.439617707400125179e-01 3.848495803627488554e-01 5.183883046630743952e-01 6.390826510017173501e-01 1.324276560474992037e-01 2.484395187953997719e-01 6.345233538786075878e-01 4.319904471375027311e-01 2.773382626918994842e-01 3.810266164596060046e-01 2.672014361834490481e-01 2.244267495298618575e-01 5.902477173803877264e-01 2.622271442470158198e-01 9.902932806423951628e-02 3.083507249718472343e-01 5.019027106352331735e-01 5.070146322092546898e-01 1.524915428671306528e-01 2.955384692223558263e-01 1.449318917791842798e-01 2.362357208058936953e-01 5.618972447198729014e-01 5.582015562769034878e-01 4.909012258850678490e-01 2.201789677599510775e-01 4.700121693713446569e-01 5.548820022183136719e-02 2.944350258328262138e-01 3.816061637646376847e-01 1.548050725615509882e-01 3.497458470302259315e-01
2.156512172837976582e-01 4.791444236231859888e-01 4.346969399849471283e-01 4.505525554878807015e-01 1.709587601035223448e-01 4.159361700960535480e-01 3.645164271196577044e-01 2.712672899501502588e-01 3.365450758464345604e-01 4.323297641061564778e-01 1.915119984111653406e-01 1.746886052486311680e-01 2.682999564361914224e-01 0.000000000000000000e+00 4.281540976817500566e-01 3.182016499977907698e-01 2.449977439789802480e-01 3.623773120192949615e-01 2.536678327592596371e-01 2.335904394525671335e-01 3.212427574571272149e-01 3.881914299888375997e-01 1.260145402460323416e-01 1.266064908393044752e-01 2.611410539446177848e-01 3.105694940332532350e-01 3.458017581501532933e-01 1.220117530400661454e-01 2.474186141184474830e-01 3.364506794258259603e-01 1.728154555801003633e-01 1.030246977665246338e-01 3.146182536366897708e-01 2.366091589847932330e-01 2.201670928142236694e-01 4.383032660443577644e-01 2.165773806437019944e-01 4.374440129873292671e-01 3.846812250567142599e-01 3.197401404689992899e-01 8.750451647975462932e-02 2.363797303538487660e-01 2.672782287096829856e-01 3.075632442539674161e-01 1.791547918554427521e-01 2.447430497268195115e-01 3.842058932462980025e-01 3.634060036867349242e-01 4.026208497773215989e-01 3.387760350339265036e-01 2.993363731808494910e-01 1.145212476595390133e-01 2.730504587633654223e-01 2.395436746586823706e-01 1.931709143539243612e-01 1.991362147875584132e-01 3.366903412520508843e-01 2.060399064077554354e-01 2.833573724087968815e-01 2.199397206682314199e-01 2.876013114943467563e-01 2.839938856912139209e-01 2.182854383647236385e-01 3.710355259772732395e-01 1.072451444311389446e-01 1.942282459621280377e-01 1.867579922862227237e-01 4.661049842879655958e-01 2.779996234548787193e-01 1.743192094925999081e-01 3.165771505981609391e-01 4.374836481774330155e-01 1.934737139557096419e-01 1.776590114398564624e-01 4.372145486434919071e-01 2.769596009038239326e-01 2.863400135693384696e-01 1.487471492304087983e-01 1.196918760512208080e-01 6.680109874771211764e-02 4.001357582849393024e-01 1.900774063901217170e-01 3.417032949344230297e-01 2.271111340308580862e-01 3.049887103623708517e-01 3.414603210389297594e-01 3.699615101381997784e-01 6.230518756124783092e-02 1.576208477790087548e-01 6.449116121654711875e-02 3.784246501471428825e-01 3.926472451065787239e-01 3.270608777096779551e-01 2.508480402989156643e-01 3.003882991260089508e-01 2.767325407845759866e-01 3.290994931088556674e-01 1.511218277811434418e-01 1.532115103430476688e-01 1.560557665784493842e-01
4.609420995231411355e-01 1.648385839399064690e-01 3.689282712136596198e-01 3.533879261780071834e-01 3.970501412024023402e-01 7.663686130882415570e-01 5.744367103056591262e-01 1.659310727619872639e-01 2.133963946528838751e-01 5.791243888091391900e-01 3.932392402522945640e-01 3.995932506009349794e-01 6.254629029168661258e-01 4.281540976817500566e-01 0.000000000000000000e+00 4.582502347039550394e-01 2.486384467537267884e-01 1.792560030500790214e-01 4.863416066827062068e-01 2.880440748240605808e-01 2.345420736978308662e-01 1.308727102605118930e-01 4.365730467157196149e-01 3.025156445435193131e-01 3.841774410037555598e-01 2.586755726684893952e-01 1.167701413476757294e-01 5.161064079537630578e-01 3.144058336879716475e-01 4.896842108366201152e-01 5.445330218799655508e-01 4.437042842381116459e-01 6.650506966288776134e-01 4.452153592846434527e-01 2.773196926296269127e-01 9.864050698342799461e-02 4.015374521174775446e-01 1.042803391486835790e-01 1.851766241035208149e-01 2.310517174281210007e-01 3.800972900961441248e-01 2.607844008382633194e-01 2.048572903920539146e-01 1.886619127658145934e-01 3.312151049301469974e-01 4.681177210503509323e-01 2.790935920657335867e-01 2.911745662947217705e-01 1.436995971827058072e-01 8.937806264782346966e-02 5.134492240049584044e-01 3.615995623165886297e-01 2.402788528757840159e-01 3.886554895235307949e-01 5.181294452991915822e-01 4.668346697072386919e-01 2.166223144150152546e-01 3.352819848315913287e-01 2.707619973785865830e-01 5.645243045889509759e-01 1.744928819574385892e-01 2.851521766630849553e-01 3.328646656110124669e-01 5.178301506802560628e-01 4.804165701307553382e-01 2.472008714507342164e-01 2.875880281284686202e-01 8.701055718947232898e-02 4.193071663418710404e-01 3.812288019648231718e-01 1.628559606487429701e-01 1.678308135212316643e-01 5.130179820103805133e-01 4.524549941978445178e-01 6.715637450583016033e-02 2.647763721022304284e-01 4.656880762413994068e-01 4.423446498088812184e-01 4.602373622086363136e-01 4.179425404761063501e-01 6.057021809123544487e-02 4.658089214716865656e-01 6.921357379266110943e-01 4.139887996067044273e-01 1.459087673665031004e-01 1.681377520996026609e-01 7.203939531303877875e-01 3.680472519826625266e-01 4.913835660279903261e-01 4.827034802924617951e-01 3.226155457166547391e-01 3.027379862456177073e-01 2.405469677659761996e-01 4.130379897200147643e-01 2.406496354243468916e-01 6.242382998421862617e-01 4.694178653918227306e-01 3.014863601871280441e-01 5.297248827484418721e-01 3.856802064276050324e-01
1.546680929708973418e-01 5.330949157716621256e-01 4.582277290281538962e-01 4.415865238232392076e-01 3.130292546900698136e-01 4.702406616567164077e-01 3.676326648572590394e-01 3.920407119814449670e-01 2.729654497515935918e-01 1.700879822960001952e-01 2.597677595081875346e-01 1.557342958046598613e-01 3.308292079761037674e-01 3.182016499977907698e-01 4.582502347039550394e-01 0.000000000000000000e+00 2.751675419890572960e-01 4.181141445554888425e-01 2.678447650515545231e-01 3.875918118918689204e-01 3.122767257924857209e-01 4.869986127726522729e-01 2.687593335683820528e-01 2.631348602632895828e-01 1.188176642045892378e-01 3.620234504815154075e-01 3.414800933562792684e-01 2.352653399513587040e-01 2.420415341144546706e-01 1.116631359632923176e-01 2.593186808425665402e-01 2.437749493823928582e-01 3.689227451973527416e-01 1.037299365356642994e-01 1.811001887729432880e-01 4.347338182762958136e-01 1.921570802062402272e-01 4.989270686427924595e-01 4.980514319550974345e-01 3.474286995859802718e-01 3.402646972736037556e-01 3.448465100504707337e-01 4.056915949521444631e-01 3.163458677540733621e-01 1.692411860997930229e-01 2.680087510558120112e-01 3.752398615816565086e-01 3.777559953373615387e-01 3.480739226207564263e-01 4.100683771498083718e-01 3.054556805138282649e-01 2.453217931141598585e-01 2.461466338946738108e-01 7.988769128193520808e-02 1.651747069918296507e-01 2.069066647405606030e-01 3.277243095874093903e-01 3.375219552075306995e-01 3.320620181344588473e-01 2.683963531574258821e-01 2.938075599427237838e-01 3.099740853924170536e-01 1.589862414868344065e-01 1.032630695576536028e-01 2.688086347943723919e-01 3.289650374308489278e-01 2.321656742617013158e-01 4.756981960042964697e-01 9.095468212910527706e-02 2.262722294364621078e-01 4.486490142858110541e-01 5.391067029845038050e-01 2.168900305788555305e-01 2.669384133542093140e-01 4.714036137723032205e-01 2.270745349956164449e-01 6.228143736362996147e-02 2.873880772805201267e-01 2.059572988577567654e-01 3.127299025939095367e-01 4.296355366534995168e-01 1.475772176072590036e-01 3.960077864950860005e-01 2.581113021506746819e-01 3.718957570359642251e-01 3.312657921173476905e-01 4.242660016988626936e-01 3.026411470038620211e-01 2.114038261148989961e-01 2.635465587012882915e-01 4.066233661251638654e-01 3.836812134419372300e-01 2.883269662618262452e-01 1.505417167497846431e-01 3.147382907766355653e-01 3.281103484106610568e-01 5.655570539808939257e-02 3.202115435941734756e-01 2.205051968874214008e-01 1.857508715718862724e-01
