0.000000000000000000e+00 3.122131976469268011e+01 2.101097276441705475e+01 2.047455580201487635e+01 1.644445855617538044e+01 1.512783321369252043e+01 1.576555626218478423e+01 1.218864440588007092e+01 2.212798795512791727e+01 1.210874117219969648e+01 2.293944640159643811e+01 1.153229767850428189e+01 2.588014560138559972e+01 2.105172482458526773e+01 1.474953605674736856e+01 8.945656414278566615e+00 2.452946727936410909e+01 1.929876699047428801e+01 1.281191995363758451e+01 7.870541722432812470e+00 1.300602234661361223e+01 7.406668603325627487e+00 7.084191326974929481e+00 2.316840980443592457e+01 2.882719221393215037e+01
3.122131976469268011e+01 0.000000000000000000e+00 3.033216957912166123e+01 2.034418116941928645e+01 1.637078299108825163e+01 1.804956074315423464e+01 2.023803181133616746e+01 3.139307880772802761e+01 1.183569239338790702e+01 3.055969216247257947e+01 1.257333693277060327e+01 2.714671391993474359e+01 1.075877693626157594e+01 1.117556886734168309e+01 2.117095185590798323e+01 2.274756282548024444e+01 8.379306897207218441e+00 2.106600984507932850e+01 2.172864837906054092e+01 3.382438021624503932e+01 2.410046028764732284e+01 2.409721293834131828e+01 3.355638182271466974e+01 1.698971758081616912e+01 7.321044541472285339e+00
2.101097276441705475e+01 3.033216957912166123e+01 0.000000000000000000e+00 3.376763724052406701e+01 1.629293110288334390e+01 1.922339158213664589e+01 2.658261744444191166e+01 1.275130446474891066e+01 3.366106325515361419e+01 1.155833606705106753e+01 2.116713023826827467e+01 2.328269105082110357e+01 2.776277726775258614e+01 2.647175054159595575e+01 9.696188793210515300e+00 1.847276058265932264e+01 2.218995672868103242e+01 2.755689075670792576e+01 2.812070173939921247e+01 1.919415594640383560e+01 9.514360573458189307e+00 1.580754886514923285e+01 1.809455883358860007e+01 2.801775138699948542e+01 3.335606930104865597e+01
2.047455580201487635e+01 2.034418116941928645e+01 3.376763724052406701e+01 0.000000000000000000e+00 2.445161994963356378e+01 1.493098232953205340e+01 1.458739446027508713e+01 2.808893603248256809e+01 1.167540743384588708e+01 2.724005394170346861e+01 2.047725160807094724e+01 1.115835242009392125e+01 1.071174198839288394e+01 1.991260788073801180e+01 2.425031485489414251e+01 1.727231493923546779e+01 2.416828397679768869e+01 7.937342052280447646e+00 7.842018283373616505e+00 2.688651270590553111e+01 2.621285178463880428e+01 1.820319737278876815e+01 2.556939471031605748e+01 9.252054859754430538e+00 1.314257884638507967e+01
1.644445855617538044e+01 1.637078299108825163e+01 1.629293110288334390e+01 2.445161994963356378e+01 0.000000000000000000e+00 1.524296362137275374e+01 1.487439312608899655e+01 1.515121313147949245e+01 2.117340812327752175e+01 2.093319361281246316e+01 1.232822671353221011e+01 2.120774049950103901e+01 2.065249602328759693e+01 1.066783133183923660e+01 1.035240172937436576e+01 8.521522038451289305e+00 8.345486173411909903e+00 2.319677046157224964e+01 1.684559409388362994e+01 1.774781623143316978e+01 8.184647915772503168e+00 1.762032119276961950e+01 2.331941525573169827e+01 2.210591233443054549e+01 2.301089678937314886e+01
1.512783321369252043e+01 1.804956074315423464e+01 1.922339158213664589e+01 1.493098232953205340e+01 1.524296362137275374e+01 0.000000000000000000e+00 2.458559213634440965e+01 2.406844995606491722e+01 2.149269225842774489e+01 1.553104173003065824e+01 1.116332516724314594e+01 1.117273622123595089e+01 1.075231238769309527e+01 2.530963005179740932e+01 9.706069196506721397e+00 2.008309856136310856e+01 1.505925696320018581e+01 8.452838556705614792e+00 1.740051199863349396e+01 2.269638947060260037e+01 1.659103244226656315e+01 7.775434489237771807e+00 1.744798392129408882e+01 9.677968828741505547e+00 1.728340223539223786e+01
1.576555626218478423e+01 2.023803181133616746e+01 2.658261744444191166e+01 1.458739446027508713e+01 1.487439312608899655e+01 2.458559213634440965e+01 0.000000000000000000e+00 2.066225428331301117e+01 1.219196002536416046e+01 2.588732740046948422e+01 2.691264260587252366e+01 1.554884676633702334e+01 2.169951802903482019e+01 1.120872298463316419e+01 2.303575148069658596e+01 8.911994497334688958e+00 2.039110678624897588e+01 1.844794843055458600e+01 8.009257878503049710e+00 2.115126318988244591e+01 1.706874163393157318e+01 1.815140907968769923e+01 2.258473639644207509e+01 2.126007193672479190e+01 1.890495458453479216e+01
1.218864440588007092e+01 3.139307880772802761e+01 1.275130446474891066e+01 2.808893603248256809e+01 1.515121313147949245e+01 2.406844995606491722e+01 2.066225428331301117e+01 0.000000000000000000e+00 2.816108557858152750e+01 2.144991055340453912e+01 2.303003207986017742e+01 2.208964855728132193e+01 3.159618043783646968e+01 2.294103530706782834e+01 1.499013786955304717e+01 1.178331828026545836e+01 2.301377191052081272e+01 2.892549653217343675e+01 2.048291017673264136e+01 7.831781466164537520e+00 7.785910945712061881e+00 1.944245177058778751e+01 1.608212601801881547e+01 3.206610888196838260e+01 3.494775638081052449e+01
2.212798795512791727e+01 1.183569239338790702e+01 3.366106325515361419e+01 1.167540743384588708e+01 2.117340812327752175e+01 2.149269225842774489e+01 1.219196002536416046e+01 2.816108557858152750e+01 0.000000000000000000e+00 3.162494679169421019e+01 2.233805450432016571e+01 1.768680985945618289e+01 1.268075196302005381e+01 1.137499694707412701e+01 3.004810753109432753e+01 1.641082579260318752e+01 1.946284445063812640e+01 1.530532166873624433e+01 1.033926650600611552e+01 2.802322256262330669e+01 2.430681362481904628e+01 2.362500269233413164e+01 2.875017158204377665e+01 1.535887498039342347e+01 6.904496807923622193e+00
1.210874117219969648e+01 3.055969216247257947e+01 1.155833606705106753e+01 2.724005394170346861e+01 2.093319361281246316e+01 1.553104173003065824e+01 2.588732740046948422e+01 2.144991055340453912e+01 3.162494679169421019e+01 0.000000000000000000e+00 2.153884754603548402e+01 1.668468904794490726e+01 2.604876789264284298e+01 3.130128707544399091e+01 1.059249948387632934e+01 2.044597926186385095e+01 2.455646845861276617e+01 2.246137759157285529e+01 2.201280415253948775e+01 1.544677396451082529e+01 1.724263296904400988e+01 9.469063501207722666e+00 7.810374307383336046e+00 2.470847307630540968e+01 3.206478902588034430e+01
2.293944640159643811e+01 1.257333693277060327e+01 2.116713023826827467e+01 2.047725160807094724e+01 1.232822671353221011e+01 1.116332516724314594e+01 2.691264260587252366e+01 2.303003207986017742e+01 2.233805450432016571e+01 2.153884754603548402e+01 0.000000000000000000e+00 2.158665634237542008e+01 1.179494903518783566e+01 1.880773693388979240e+01 1.194110693150600966e+01 1.917960762781181572e+01 8.211295828104674399e+00 1.711511254575008678e+01 2.570990149239457878e+01 2.771872848212591478e+01 1.524412113414811287e+01 1.555530658073261208e+01 2.487898150133145236e+01 1.376103835200168568e+01 1.563281382750678183e+01
1.153229767850428189e+01 2.714671391993474359e+01 2.328269105082110357e+01 1.115835242009392125e+01 2.120774049950103901e+01 1.117273622123595089e+01 1.554884676633702334e+01 2.208964855728132193e+01 1.768680985945618289e+01 1.668468904794490726e+01 2.158665634237542008e+01 0.000000000000000000e+00 1.731643178840610631e+01 2.212676536815694206e+01 1.491752757249068750e+01 1.268621846104976036e+01 2.543852628018248296e+01 8.048503031705850574e+00 8.213953085637022866e+00 1.879691211715606514e+01 2.094822341355787998e+01 7.616657176304719279e+00 1.557177972410497979e+01 1.478816961509324202e+01 2.011107311953902155e+01
2.588014560138559972e+01 1.075877693626157594e+01 2.776277726775258614e+01 1.071174198839288394e+01 2.065249602328759693e+01 1.075231238769309527e+01 2.169951802903482019e+01 3.159618043783646968e+01 1.268075196302005381e+01 2.604876789264284298e+01 1.179494903518783566e+01 1.731643178840610631e+01 0.000000000000000000e+00 2.094798969150542334e+01 1.806658847454206551e+01 2.500179179541477836e+01 1.439379628797641431e+01 1.091930446282919220e+01 1.558781546957872521e+01 3.344870185829569209e+01 2.381026949212439803e+01 1.852774687693087330e+01 2.820029630898719475e+01 7.056725953921972661e+00 6.700031214512129019e+00
2.105172482458526773e+01 1.117556886734168309e+01 2.647175054159595575e+01 1.991260788073801180e+01 1.066783133183923660e+01 2.530963005179740932e+01 1.120872298463316419e+01 2.294103530706782834e+01 1.137499694707412701e+01 3.130128707544399091e+01 1.880773693388979240e+01 2.212676536815694206e+01 2.094798969150542334e+01 0.000000000000000000e+00 2.072049519200589529e+01 1.230478829089438975e+01 1.061068935900218158e+01 2.491050728665725700e+01 1.436069228924324470e+01 2.428780984292328782e+01 1.800062145867152807e+01 2.445241414156473070e+01 2.802508405050470586e+01 2.621655866126324597e+01 1.502351851182115361e+01
1.474953605674736856e+01 2.117095185590798323e+01 9.696188793210515300e+00 2.425031485489414251e+01 1.035240172937436576e+01 9.706069196506721397e+00 2.303575148069658596e+01 1.499013786955304717e+01 3.004810753109432753e+01 1.059249948387632934e+01 1.194110693150600966e+01 1.491752757249068750e+01 1.806658847454206551e+01 2.072049519200589529e+01 0.000000000000000000e+00 1.492589461891399516e+01 1.404772017490954106e+01 1.803956837107799061e+01 2.147501473808355499e+01 2.027113256850044820e+01 7.718572430503069626e+00 7.632723060507016655e+00 1.547050393694089188e+01 1.832156259378896124e+01 2.365988050783813179e+01
8.945656414278566615e+00 2.274756282548024444e+01 1.847276058265932264e+01 1.727231493923546779e+01 8.521522038451289305e+00 2.008309856136310856e+01 8.911994497334688958e+00 1.178331828026545836e+01 1.641082579260318752e+01 2.044597926186385095e+01 1.917960762781181572e+01 1.268621846104976036e+01 2.500179179541477836e+01 1.230478829089438975e+01 1.492589461891399516e+01 0.000000000000000000e+00 1.660653076164001618e+01 1.833394193414725493e+01 9.666289083485541056e+00 1.223926869254776761e+01 8.958884772148980602e+00 1.338038407687785813e+01 1.586099356425816431e+01 2.367413095071313833e+01 2.319749659483220228e+01
2.452946727936410909e+01 8.379306897207218441e+00 2.218995672868103242e+01 2.416828397679768869e+01 8.345486173411909903e+00 1.505925696320018581e+01 2.039110678624897588e+01 2.301377191052081272e+01 1.946284445063812640e+01 2.455646845861276617e+01 8.211295828104674399e+00 2.543852628018248296e+01 1.439379628797641431e+01 1.061068935900218158e+01 1.404772017490954106e+01 1.660653076164001618e+01 0.000000000000000000e+00 2.088773480489262369e+01 2.385135973240481633e+01 2.583282495462190198e+01 1.582315852488578578e+01 1.932309373829420451e+01 2.823741052921417349e+01 1.748885475801450085e+01 1.471084442493117450e+01
1.929876699047428801e+01 2.106600984507932850e+01 2.755689075670792576e+01 7.937342052280447646e+00 2.319677046157224964e+01 8.452838556705614792e+00 1.844794843055458600e+01 2.892549653217343675e+01 1.530532166873624433e+01 2.246137759157285529e+01 1.711511254575008678e+01 8.048503031705850574e+00 1.091930446282919220e+01 2.491050728665725700e+01 1.803956837107799061e+01 1.833394193414725493e+01 2.088773480489262369e+01 0.000000000000000000e+00 1.054981499741400519e+01 2.656338142912607481e+01 2.492453161683784302e+01 1.355669121056520154e+01 2.289585941376874345e+01 7.154189628013402746e+00 1.420206883063189096e+01
1.281191995363758451e+01 2.172864837906054092e+01 2.812070173939921247e+01 7.842018283373616505e+00 1.684559409388362994e+01 1.740051199863349396e+01 8.009257878503049710e+00 2.048291017673264136e+01 1.033926650600611552e+01 2.201280415253948775e+01 2.570990149239457878e+01 8.213953085637022866e+00 1.558781546957872521e+01 1.436069228924324470e+01 2.147501473808355499e+01 9.666289083485541056e+00 2.385135973240481633e+01 1.054981499741400519e+01 0.000000000000000000e+00 1.922387685752824638e+01 1.860682592888886333e+01 1.400250644056999860e+01 1.934837918780528199e+01 1.472694063544225251e+01 1.630398899299621007e+01
7.870541722432812470e+00 3.382438021624503932e+01 1.919415594640383560e+01 2.688651270590553111e+01 1.774781623143316978e+01 2.269638947060260037e+01 2.115126318988244591e+01 7.831781466164537520e+00 2.802322256262330669e+01 1.544677396451082529e+01 2.771872848212591478e+01 1.879691211715606514e+01 3.344870185829569209e+01 2.428780984292328782e+01 2.027113256850044820e+01 1.223926869254776761e+01 2.583282495462190198e+01 2.656338142912607481e+01 1.922387685752824638e+01 0.000000000000000000e+00 1.266267877584235002e+01 1.497522486023571275e+01 8.841967488543392761e+00 3.078728257531901136e+01 3.473621712179394194e+01
1.300602234661361223e+01 2.410046028764732284e+01 9.514360573458189307e+00 2.621285178463880428e+01 8.184647915772503168e+00 1.659103244226656315e+01 1.706874163393157318e+01 7.785910945712061881e+00 2.430681362481904628e+01 1.724263296904400988e+01 1.524412113414811287e+01 2.094822341355787998e+01 2.381026949212439803e+01 1.800062145867152807e+01 7.718572430503069626e+00 8.958884772148980602e+00 1.582315852488578578e+01 2.492453161683784302e+01 1.860682592888886333e+01 1.266267877584235002e+01 0.000000000000000000e+00 1.535129549101008806e+01 1.929787324500889056e+01 2.458869136817003209e+01 2.758757989842678882e+01
7.406668603325627487e+00 2.409721293834131828e+01 1.580754886514923285e+01 1.820319737278876815e+01 1.762032119276961950e+01 7.775434489237771807e+00 1.815140907968769923e+01 1.944245177058778751e+01 2.362500269233413164e+01 9.469063501207722666e+00 1.555530658073261208e+01 7.616657176304719279e+00 1.852774687693087330e+01 2.445241414156473070e+01 7.632723060507016655e+00 1.338038407687785813e+01 1.932309373829420451e+01 1.355669121056520154e+01 1.400250644056999860e+01 1.497522486023571275e+01 1.535129549101008806e+01 0.000000000000000000e+00 9.726819310927206530e+00 1.621884682275829093e+01 2.505883672463001233e+01
7.084191326974929481e+00 3.355638182271466974e+01 1.809455883358860007e+01 2.556939471031605748e+01 2.331941525573169827e+01 1.744798392129408882e+01 2.258473639644207509e+01 1.608212601801881547e+01 2.875017158204377665e+01 7.810374307383336046e+00 2.487898150133145236e+01 1.557177972410497979e+01 2.820029630898719475e+01 2.802508405050470586e+01 1.547050393694089188e+01 1.586099356425816431e+01 2.823741052921417349e+01 2.289585941376874345e+01 1.934837918780528199e+01 8.841967488543392761e+00 1.929787324500889056e+01 9.726819310927206530e+00 0.000000000000000000e+00 2.579732365255767945e+01 3.473138615668631957e+01
2.316840980443592457e+01 1.698971758081616912e+01 2.801775138699948542e+01 9.252054859754430538e+00 2.210591233443054549e+01 9.677968828741505547e+00 2.126007193672479190e+01 3.206610888196838260e+01 1.535887498039342347e+01 2.470847307630540968e+01 1.376103835200168568e+01 1.478816961509324202e+01 7.056725953921972661e+00 2.621655866126324597e+01 1.832156259378896124e+01 2.367413095071313833e+01 1.748885475801450085e+01 7.154189628013402746e+00 1.472694063544225251e+01 3.078728257531901136e+01 2.458869136817003209e+01 1.621884682275829093e+01 2.579732365255767945e+01 0.000000000000000000e+00 1.339400829065388443e+01
2.882719221393215037e+01 7.321044541472285339e+00 3.335606930104865597e+01 1.314257884638507967e+01 2.301089678937314886e+01 1.728340223539223786e+01 1.890495458453479216e+01 3.494775638081052449e+01 6.904496807923622193e+00 3.206478902588034430e+01 1.563281382750678183e+01 2.011107311953902155e+01 6.700031214512129019e+00 1.502351851182115361e+01 2.365988050783813179e+01 2.319749659483220228e+01 1.471084442493117450e+01 1.420206883063189096e+01 1.630398899299621007e+01 3.473621712179394194e+01 2.758757989842678882e+01 2.505883672463001233e+01 3.473138615668631957e+01 1.339400829065388443e+01 0.000000000000000000e+00
