0.000000000000000000e+00 5.634506470999895988e-01 5.537034439444822320e-01 4.982541689929918527e-01 4.509749442158341171e-01 3.640034417330832994e-01 3.383283642170665240e-01 3.186224524920372447e-01 3.192804476576322492e-01 2.887926167632404173e-01 2.546234392285784409e-01 2.191620456435797448e-01 2.171700994400429241e-01 3.171064798955483544e-01 3.595826710827071393e-01 3.712904858749901948e-01 1.935746752192256948e-01 2.650768086679351487e-01 1.811893008810065986e-01 4.485585694344050300e-01 1.587255987021256864e-01 1.638756951580309651e-01 2.969998664605669192e-01 3.459084766237536801e-01 2.192702490416724992e-01 1.833898288234436791e-01 2.008829967629406632e-01 3.608290902015064416e-01 3.027227184712840691e-01 4.906048013203943015e-01 1.685451359579627217e-01 5.269684083042507350e-01 1.261034939883504125e-01 4.818666276972983775e-01 1.886776690056693462e-01 5.009574821685639501e-01 3.018007190081739566e-01 2.244318414577446130e-01 2.534139300584779542e-01 2.467889075794678366e-01 2.965983444786041701e-01 2.305331062725411995e-01 3.761812658413098975e-01 3.863787848185207263e-01 4.612422665538296052e-01 2.364701347850767521e-01 1.203152311403628272e-01 3.917274469379417035e-01 1.168911590459446592e-01 2.521186227024344029e-01
5.634506470999895988e-01 0.000000000000000000e+00 9.977825446942257814e-01 5.858398413878581623e-01 5.787893912169828070e-01 9.035841658043890501e-01 8.936000303822810853e-01 3.355650960620891188e-01 2.920594514697121835e-01 6.196083942539458711e-01 4.444399792952875572e-01 7.034552523717700900e-01 6.975281472218308743e-01 4.415326157316320499e-01 8.064119328007353094e-01 1.995772536470378777e-01 4.770614816485476140e-01 8.042188193799845175e-01 3.943973402027635689e-01 1.774547338369323879e-01 4.966977910907455773e-01 7.155352539470616335e-01 4.496083811222456039e-01 4.591506614525286967e-01 7.745419152068867552e-01 4.449160561796552393e-01 7.404637208342456089e-01 3.223313659080592752e-01 3.151425526306849689e-01 1.322443850681794819e-01 5.859128947784641994e-01 1.217080242219427400e-01 6.526040716988101842e-01 1.232552178872128035e-01 5.996628381053205059e-01 1.209896100800034041e-01 2.724858795571020176e-01 3.585497693542740727e-01 7.229728734316189787e-01 5.139671850107020434e-01 8.361790685499097542e-01 3.800368949972334209e-01 2.590247467364011902e-01 2.001923347686218324e-01 9.040156841624065187e-01 7.917418009502911191e-01 4.798450405189554346e-01 4.368675502484207218e-01 6.564718831172500213e-01 3.776112634832562431e-01
5.537034439444822320e-01 9.977825446942257814e-01 0.000000000000000000e+00 9.962755176785222933e-01 1.000736194840067261e+00 7.302901482683483714e-01 7.399949993362464618e-01 6.841071951283748120e-01 8.208552051215675105e-01 3.892461367968849673e-01 8.066462152090297932e-01 5.439775387773888582e-01 6.001504057146126447e-01 8.136446282056618573e-01 2.025571791388402210e-01 8.477138497356694335e-01 5.428695536077213779e-01 6.072149831370161621e-01 6.871855954300546410e-01 8.706506404382032827e-01 5.910222068531937323e-01 4.230625423983615518e-01 8.467611170847998414e-01 8.439298253092838431e-01 5.906653418818583745e-01 6.838390040689349414e-01 4.760465067639634840e-01 8.285763865948465590e-01 8.254372576619225521e-01 9.806769517614581932e-01 4.568941944801347410e-01 9.490205091594805520e-01 5.649478330775251633e-01 9.280077387366069130e-01 4.940056436804718398e-01 9.910296326096280639e-01 7.510964947619791499e-01 7.481253017794023963e-01 3.004375991459909967e-01 4.946295551736893947e-01 6.628850510138689645e-01 6.425619961568760363e-01 7.800582809524754246e-01 9.055142048729579729e-01 1.046383032778228361e-01 6.422286913589939639e-01 5.885789167425397039e-01 8.917783429030965436e-01 5.306230532527644872e-01 7.336866322249211425e-01
4.982541689929918527e-01 5.858398413878581623e-01 9.962755176785222933e-01 0.000000000000000000e+00 6.518170846502403526e-01 7.869450268916314828e-01 8.007052998778994013e-01 4.404841245872853639e-01 3.218111008876118895e-01 6.440179910428671661e-01 5.093117642063287320e-01 6.984268412161358519e-01 6.005481019463462244e-01 2.745428261729868091e-01 8.021547448167475336e-01 5.091486445995193622e-01 6.031543804534459374e-01 6.880183938264831101e-01 5.070654218236249067e-01 4.292605432240371721e-01 4.538099881274710312e-01 6.064477688920713039e-01 5.002242488072525806e-01 1.549816169069610228e-01 6.816471847025051822e-01 3.164412043435475552e-01 6.238245819214887078e-01 2.796320103027349901e-01 4.512066768389023652e-01 5.412675043866729263e-01 6.573194301931469807e-01 5.456211804746431415e-01 5.998588384540173291e-01 6.029027043782998474e-01 5.343898083590045145e-01 5.817035779074205548e-01 5.023482775587099214e-01 3.706175053817444831e-01 6.959860037925181819e-01 5.658066121330553866e-01 7.195399296371521869e-01 5.450083043024326335e-01 4.136556237337219444e-01 4.116990819542948321e-01 9.038143402878699995e-01 6.988470704459094351e-01 5.630873401995303285e-01 1.709094806902907437e-01 5.398327442044924540e-01 3.383890720015943487e-01
4.509749442158341171e-01 5.787893912169828070e-01 1.000736194840067261e+00 6.518170846502403526e-01 0.000000000000000000e+00 8.057142313626208807e-01 7.876611540886713225e-01 4.869349952507901480e-01 3.640196104105732355e-01 6.926218602355320719e-01 2.746298717468316775e-01 6.435638515158708106e-01 6.512190474232999460e-01 5.073124953015223371e-01 8.066154219782922796e-01 4.021989984797533779e-01 5.331519718395216767e-01 7.067875982974723970e-01 3.535701041938277833e-01 4.835344947371008617e-01 5.293487881442483500e-01 6.109084460536160499e-01 1.571023314768369428e-01 4.994713922810019024e-01 6.686030389132773255e-01 3.819883574689161287e-01 6.425937863924779947e-01 4.786069089734909521e-01 2.636468385862978936e-01 5.066941667278602734e-01 5.605583322818262770e-01 5.834387119739723460e-01 5.770114127017088590e-01 5.208872658504281050e-01 5.951684915943538101e-01 5.239441693971828018e-01 3.989584413418187370e-01 2.853342564782201385e-01 7.004466809540627059e-01 6.458849673620693510e-01 7.383091341081415848e-01 4.439014983208053877e-01 5.185307281430756587e-01 3.940353644191385007e-01 9.082750174494148565e-01 6.858029246566816894e-01 4.326259346955924623e-01 5.376330904213628692e-01 5.586019486754818519e-01 4.845459071461089562e-01
3.640034417330832994e-01 9.035841658043890501e-01 7.302901482683483714e-01 7.869450268916314828e-01 8.057142313626208807e-01 0.000000000000000000e+00 5.875339599492104270e-01 5.875935527495436128e-01 6.115247143346765890e-01 4.148553650046350461e-01 6.128931912975804641e-01 4.648540666613000250e-01 2.396962859105224164e-01 6.057973377941875404e-01 5.361693754065732787e-01 7.335055124299587614e-01 5.460690023040943863e-01 1.907385358275535681e-01 5.441100545129826660e-01 7.372494273330445491e-01 4.357363630390144182e-01 3.506132335318408177e-01 6.517391536073533498e-01 6.345993345223929216e-01 4.545120643053528475e-01 4.745085132820437979e-01 2.598741751091005470e-01 6.495199481001456832e-01 6.649377450262523581e-01 8.492001468830843169e-01 4.888153904663027349e-01 8.501758999870401290e-01 4.022775191009646534e-01 8.440816542522668886e-01 3.446949688175269255e-01 8.631725087235326832e-01 6.647214726401502460e-01 5.531033383019559047e-01 4.300006343823440380e-01 4.239955547607872077e-01 1.056263929082331965e-01 5.934538599045171559e-01 6.648721237399493056e-01 7.104922413955117033e-01 6.378289708776959666e-01 4.856757305172205719e-01 4.843186728734460988e-01 6.824478521162056222e-01 2.505725730638615478e-01 5.408094806010734779e-01
3.383283642170665240e-01 8.936000303822810853e-01 7.399949993362464618e-01 8.007052998778994013e-01 7.876611540886713225e-01 5.875339599492104270e-01 0.000000000000000000e+00 6.210735833769444048e-01 6.252849873209445075e-01 4.663478025050324383e-01 5.926780975288380438e-01 2.352996372875088837e-01 4.449113223480331558e-01 6.195576107804555699e-01 5.436598979650060226e-01 7.095518245895812148e-01 4.849033720540107395e-01 4.827061486713810079e-01 5.195176650980731781e-01 7.510097003193121346e-01 4.568647357368800788e-01 3.195376030225791641e-01 6.336860763334041247e-01 6.483596075086608401e-01 1.599128621983283982e-01 4.882687862683118274e-01 4.131813951367980797e-01 6.632802210864137127e-01 6.409840571858751446e-01 8.288661400349851549e-01 3.642674980651833816e-01 8.639361729733076034e-01 2.936576405973791437e-01 8.201279664118894530e-01 4.532123122675898452e-01 8.392188208831550256e-01 6.401290832252404250e-01 5.350502610280069016e-01 4.401866253963645503e-01 5.139525030189129318e-01 5.201288626947311311e-01 5.570310356564684984e-01 6.786323967262170020e-01 6.969972043887830981e-01 6.458928348580049716e-01 1.042730271780018952e-01 4.586435953574293234e-01 6.962081251024734296e-01 3.549290749800392830e-01 5.545697535873413964e-01
3.186224524920372447e-01 3.355650960620891188e-01 6.841071951283748120e-01 4.404841245872853639e-01 4.869349952507901480e-01 5.875935527495436128e-01 6.210735833769444048e-01 0.000000000000000000e+00 3.262581038179225845e-01 2.972731752846077269e-01 3.128595900178104960e-01 4.336340249202235153e-01 3.784668931319370988e-01 2.128458834810757760e-01 4.979640042566847447e-01 2.041141874038100434e-01 1.889282109581364444e-01 4.686537233178952877e-01 1.715031929697273250e-01 1.994789680570049073e-01 1.707800900790068244e-01 4.268160523911162518e-01 3.691877866321697232e-01 2.906298711522501965e-01 5.020154682015504077e-01 1.965093754734139053e-01 4.076235870803454064e-01 1.917924128770796544e-01 2.734325878355343686e-01 3.367272886511289975e-01 3.160916673269175137e-01 2.796125840584868238e-01 4.185253708161680297e-01 2.673699060789697102e-01 2.640977420432311096e-01 3.430205932546204761e-01 1.140336090047518458e-01 3.258868398816655021e-01 3.984833283756019084e-01 1.894776399546853896e-01 5.134935226115707740e-01 1.102156675456868185e-01 1.056892969673512706e-01 2.968897533482390827e-01 5.911980125677457343e-01 5.192153539449546606e-01 2.210601831353081193e-01 2.757629102920967079e-01 3.592133958594423970e-01 1.134095709753552284e-01
3.192804476576322492e-01 2.920594514697121835e-01 8.208552051215675105e-01 3.218111008876118895e-01 3.640196104105732355e-01 6.115247143346765890e-01 6.252849873209445075e-01 3.262581038179225845e-01 0.000000000000000000e+00 5.026621893496378002e-01 2.551449429563102389e-01 5.230065286591811802e-01 4.570295303953559318e-01 2.109386412988074611e-01 6.267344322597926398e-01 1.980247305978511951e-01 4.657758318896972893e-01 5.125980812695283273e-01 2.966878401295231504e-01 1.698631604666114570e-01 3.215555371218634662e-01 4.310274563351163546e-01 2.203205606052219823e-01 1.781436199489068728e-01 5.062268721455505105e-01 1.528566047099431391e-01 4.484042693645338695e-01 1.433861677927826539e-01 1.351330050357337220e-01 2.385946713731432189e-01 4.695265931121669345e-01 2.761211031419218420e-01 4.244385258970624908e-01 3.057965731698624734e-01 3.930340066657753151e-01 2.739519289009678671e-01 2.937763722398192279e-01 1.108617116106745543e-01 5.205656912355635102e-01 4.480151429658062456e-01 5.441196170801972931e-01 3.655320959412833859e-01 2.235904489679761131e-01 1.039474329478422832e-01 7.283940277309152167e-01 5.234267578889547634e-01 3.617522607554432557e-01 1.921383121537363903e-01 3.644124316475378933e-01 2.239672980153566140e-01
2.887926167632404173e-01 6.196083942539458711e-01 3.892461367968849673e-01 6.440179910428671661e-01 6.926218602355320719e-01 4.148553650046350461e-01 4.663478025050324383e-01 2.972731752846077269e-01 5.026621893496378002e-01 0.000000000000000000e+00 5.066980400180521871e-01 2.409589093017585060e-01 2.273542392525512712e-01 4.340328404595116263e-01 2.006908289720770178e-01 4.865778696211674470e-01 1.852618150849836554e-01 2.829521481000772942e-01 3.500022418776245758e-01 4.841264024010010769e-01 2.182260403911323032e-01 1.586328551632420203e-01 5.508215965229490418e-01 4.916722986736287160e-01 3.262356546467388707e-01 3.498055846396946333e-01 1.614460631090314235e-01 4.420521485576442422e-01 5.006065911354935505e-01 6.191909708684864011e-01 1.320635279537058226e-01 5.675144302369694582e-01 2.582454311530331115e-01 5.498335882963268917e-01 1.212094772184102998e-01 6.254842754719782683e-01 3.904492044826821107e-01 4.521857812175517632e-01 1.079011269526461841e-01 1.077955353299223373e-01 3.441306699035943661e-01 2.891394753720678557e-01 3.932242611087083395e-01 5.673557185733909547e-01 2.963369542362560005e-01 3.620747753270305846e-01 2.637482502161108133e-01 5.174628605984492591e-01 2.356325249413262490e-01 3.540748444787708560e-01
2.546234392285784409e-01 4.444399792952875572e-01 8.066462152090297932e-01 5.093117642063287320e-01 2.746298717468316775e-01 6.128931912975804641e-01 5.926780975288380438e-01 3.128595900178104960e-01 2.551449429563102389e-01 5.066980400180521871e-01 0.000000000000000000e+00 4.576400312983908703e-01 4.583980073582598624e-01 3.623460799692460599e-01 6.125254423472550336e-01 2.611236337737400381e-01 3.472281516220417918e-01 5.139665582324323134e-01 1.676462839763478985e-01 3.693622513182415190e-01 3.485004531134232031e-01 4.168184664225788594e-01 1.712293355960556041e-01 3.569660718370905039e-01 4.736199823534440467e-01 2.169732992274489014e-01 4.497727463274378001e-01 3.651068270856575593e-01 1.329553314668004971e-01 3.723447548061649681e-01 3.746345120643463367e-01 4.404398351225932706e-01 3.806599077144532384e-01 3.734256627828256292e-01 4.075935826853553379e-01 3.884346741013999793e-01 2.288139556785401818e-01 1.572571027380559594e-01 5.063567013230259040e-01 4.599611471445897992e-01 5.454880940431011682e-01 2.698260930878257358e-01 3.444553229100958958e-01 2.798631210002791581e-01 7.141850378183776105e-01 4.908198680968482441e-01 2.467021144781126329e-01 3.951277699774514152e-01 3.657809086104418239e-01 3.203846336069850476e-01
2.191620456435797448e-01 7.034552523717700900e-01 5.439775387773888582e-01 6.984268412161358519e-01 6.435638515158708106e-01 4.648540666613000250e-01 2.352996372875088837e-01 4.336340249202235153e-01 5.230065286591811802e-01 2.409589093017585060e-01 4.576400312983908703e-01 0.000000000000000000e+00 3.330631102145962252e-01 5.172791521186920205e-01 3.480977338468185245e-01 5.165984890105889127e-01 2.512906937720791323e-01 3.490065405548210542e-01 3.242293488980847460e-01 6.022853521754558681e-01 3.545862770751166404e-01 1.602043497799142124e-01 5.066776284293645904e-01 5.460811488468975128e-01 1.537816133345930869e-01 3.859903276065483890e-01 2.794817870202381815e-01 5.610017624246500523e-01 4.515485824158322892e-01 6.359128044559927417e-01 1.307311405423928208e-01 6.588189603635288272e-01 1.194690805484154572e-01 6.227353014885942395e-01 3.413641001341529702e-01 6.462654853041627234e-01 4.346207118774800815e-01 4.327718023662435187e-01 2.498489452579641390e-01 2.803398247369815466e-01 3.974489694068208401e-01 3.234183573745367246e-01 5.155477031470037108e-01 5.732575735761524793e-01 4.502106782455691514e-01 1.310266101095070301e-01 2.388441332735268541e-01 5.939296664407102133e-01 2.430808628466023524e-01 4.522912949255780690e-01
2.171700994400429241e-01 6.975281472218308743e-01 6.001504057146126447e-01 6.005481019463462244e-01 6.512190474232999460e-01 2.396962859105224164e-01 4.449113223480331558e-01 3.784668931319370988e-01 4.570295303953559318e-01 2.273542392525512712e-01 4.583980073582598624e-01 3.330631102145962252e-01 0.000000000000000000e+00 4.128642678973750146e-01 4.149955893773733528e-01 5.790103284906378267e-01 3.454576627571547265e-01 1.698618487291444490e-01 3.922908105138100399e-01 5.209723873063282218e-01 2.162308678005230578e-01 2.328763079270136649e-01 4.972439696680326926e-01 4.482024095771078298e-01 3.227211078586491588e-01 3.063356955431736361e-01 1.572260738451706219e-01 4.396154252374031013e-01 5.104425610869315344e-01 6.578833809040940395e-01 3.344411832235171800e-01 6.338988599603239127e-01 2.596548814997873822e-01 6.428218032584226416e-01 1.180706720710749391e-01 7.008012058178569870e-01 4.911739024806651144e-01 3.986081543626354695e-01 3.092982121168358356e-01 2.253745522298075954e-01 1.722911886560432315e-01 4.209464658152282102e-01 4.483631780375594844e-01 5.559970574561908796e-01 5.072412231539837890e-01 3.430530929160433562e-01 3.374853305804056958e-01 4.960509271709204193e-01 1.021587155015870052e-01 3.329062719166342998e-01
3.171064798955483544e-01 4.415326157316320499e-01 8.136446282056618573e-01 2.745428261729868091e-01 5.073124953015223371e-01 6.057973377941875404e-01 6.195576107804555699e-01 2.128458834810757760e-01 2.109386412988074611e-01 4.340328404595116263e-01 3.623460799692460599e-01 5.172791521186920205e-01 4.128642678973750146e-01 0.000000000000000000e+00 6.210070557193035912e-01 3.711563822530037360e-01 3.730247004130330946e-01 5.068707047290393897e-01 3.379141202675114974e-01 2.650809691274150781e-01 2.236803080870584381e-01 4.253000797946274170e-01 3.533374175462550837e-01 1.569856552432395136e-01 5.004994956050614618e-01 1.472899027874341460e-01 4.426768928240449319e-01 1.380289142535097990e-01 3.129529887587447212e-01 4.018878494138948265e-01 4.814819091884459112e-01 3.843494265234544960e-01 4.187111493565734421e-01 4.196537360348259749e-01 3.312202790597378321e-01 4.448056743276579406e-01 2.944633300389567498e-01 2.278622326146771682e-01 5.148383146950743505e-01 3.356769320926426547e-01 5.383922405397082445e-01 3.148786242620199571e-01 2.204041710864631243e-01 2.880362927652809768e-01 7.207354456450327795e-01 5.176993813484656037e-01 3.872498191948293700e-01 1.084076900000334048e-01 3.586850551070488446e-01 1.013836411832488293e-01
3.595826710827071393e-01 8.064119328007353094e-01 2.025571791388402210e-01 8.021547448167475336e-01 8.066154219782922796e-01 5.361693754065732787e-01 5.436598979650060226e-01 4.979640042566847447e-01 6.267344322597926398e-01 2.006908289720770178e-01 6.125254423472550336e-01 3.480977338468185245e-01 4.149955893773733528e-01 6.210070557193035912e-01 0.000000000000000000e+00 6.542318815346155336e-01 3.504143418600786930e-01 4.180667563789689511e-01 4.937036272290010741e-01 6.848172313730781502e-01 4.058673905159544404e-01 2.267274410271210572e-01 6.526403442230249707e-01 6.498090524475089724e-01 3.943302405106178798e-01 4.897182312071599597e-01 2.857841496057900721e-01 6.427429775297213155e-01 6.319552894608688742e-01 7.871949835604044043e-01 2.634122262790811742e-01 7.576498972659895248e-01 3.711925046516728610e-01 7.366371268431164410e-01 3.088508273432324369e-01 7.975476644085741640e-01 5.586412830143363539e-01 5.540045289176276366e-01 1.103545150345002918e-01 3.084863643019993273e-01 4.687642781520940938e-01 4.490800279558225250e-01 5.939150900807853573e-01 7.113934320111831022e-01 1.030810480547153934e-01 4.458935899877534692e-01 3.950969485414860816e-01 6.976575700413215619e-01 3.365022803909894500e-01 5.485318158876817396e-01
3.712904858749901948e-01 1.995772536470378777e-01 8.477138497356694335e-01 5.091486445995193622e-01 4.021989984797533779e-01 7.335055124299587614e-01 7.095518245895812148e-01 2.041141874038100434e-01 1.980247305978511951e-01 4.865778696211674470e-01 2.611236337737400381e-01 5.165984890105889127e-01 5.790103284906378267e-01 3.711563822530037360e-01 6.542318815346155336e-01 0.000000000000000000e+00 3.165734791858841324e-01 6.345788793648102777e-01 2.022371789777642759e-01 1.668101143150018673e-01 3.748942774828168956e-01 5.350991555305455449e-01 2.844517898611331197e-01 3.723559351250758653e-01 5.904937094141872178e-01 3.277569971043307051e-01 5.703850674598157644e-01 2.547322242902463341e-01 1.385521598934555398e-01 1.351631035366436528e-01 4.038375691983107640e-01 1.885161188128329224e-01 4.604439104738110577e-01 1.186882673706748381e-01 4.682119294470410975e-01 1.455157843848134402e-01 1.117243629348836781e-01 2.219268460887504624e-01 5.614809247205226894e-01 3.809366603779236748e-01 6.661004151754794655e-01 2.111851609229359328e-01 1.507522111665405840e-01 1.112391013737291240e-01 7.539469892038498378e-01 6.076935951575915817e-01 2.898610778062608584e-01 3.643776480213578028e-01 4.863932297428197327e-01 2.718564174507414610e-01
1.935746752192256948e-01 4.770614816485476140e-01 5.428695536077213779e-01 6.031543804534459374e-01 5.331519718395216767e-01 5.460690023040943863e-01 4.849033720540107395e-01 1.889282109581364444e-01 4.657758318896972893e-01 1.852618150849836554e-01 3.472281516220417918e-01 2.512906937720791323e-01 3.454576627571547265e-01 3.730247004130330946e-01 3.504143418600786930e-01 3.165734791858841324e-01 0.000000000000000000e+00 4.271291728724461167e-01 1.795818676456938656e-01 3.653888618300069058e-01 1.990378261801586668e-01 2.818231947914542346e-01 4.178313689307319168e-01 4.508086880842074873e-01 4.015218302055144073e-01 3.475244168757843366e-01 3.458096282754260509e-01 3.721792468514582009e-01 3.357874091684978080e-01 4.517365827225277020e-01 1.337483361787730751e-01 4.285562478380054996e-01 2.443742932617925523e-01 3.963415307653716524e-01 2.309845292964575192e-01 4.620892635706974061e-01 2.082269411542576609e-01 3.709272256898096254e-01 2.576633850459856823e-01 1.227069836603603692e-01 4.719689721661216031e-01 1.053883182629481857e-01 2.770892586572460958e-01 4.157725920809170472e-01 4.491026930759018376e-01 3.806303448760088304e-01 1.040235711342539920e-01 4.561497442664752544e-01 3.084475343707560602e-01 2.930667044322923243e-01
2.650768086679351487e-01 8.042188193799845175e-01 6.072149831370161621e-01 6.880183938264831101e-01 7.067875982974723970e-01 1.907385358275535681e-01 4.827061486713810079e-01 4.686537233178952877e-01 5.125980812695283273e-01 2.829521481000772942e-01 5.139665582324323134e-01 3.490065405548210542e-01 1.698618487291444490e-01 5.068707047290393897e-01 4.180667563789689511e-01 6.345788793648102777e-01 4.271291728724461167e-01 0.000000000000000000e+00 4.451834214478345708e-01 6.383227942678960654e-01 3.364202370539275400e-01 2.347657074253617915e-01 5.528125205422051991e-01 5.356727014572447709e-01 3.386645381988739878e-01 3.755818802168957582e-01 1.380429169504807929e-01 5.505933150349973104e-01 5.660111119611039854e-01 7.502735138179358332e-01 3.729678643598237642e-01 7.482663073763816675e-01 3.021083768458917573e-01 7.360236293968648313e-01 2.337665704156681457e-01 7.642458756583840884e-01 5.657948395750018733e-01 4.541767052368077540e-01 3.107499237102079870e-01 3.050557253291389936e-01 1.065032858058714699e-01 4.945272268393691717e-01 5.646048091419957338e-01 6.115656083303632196e-01 5.149185831347380393e-01 3.808479192393912638e-01 3.853920398082979482e-01 5.835212190510573604e-01 1.516459399987133139e-01 4.418828475359253272e-01
1.811893008810065986e-01 3.943973402027635689e-01 6.871855954300546410e-01 5.070654218236249067e-01 3.535701041938277833e-01 5.441100545129826660e-01 5.195176650980731781e-01 1.715031929697273250e-01 2.966878401295231504e-01 3.500022418776245758e-01 1.676462839763478985e-01 3.242293488980847460e-01 3.922908105138100399e-01 3.379141202675114974e-01 4.937036272290010741e-01 2.022371789777642759e-01 1.795818676456938656e-01 4.451834214478345708e-01 0.000000000000000000e+00 3.053987502351841465e-01 3.010105026543101747e-01 3.450649960390376192e-01 2.382495012850380511e-01 3.547197294543867341e-01 4.004595499226792366e-01 1.906242174800773237e-01 3.809896095428400575e-01 3.606537984754516479e-01 1.615548350937894007e-01 3.215514944231684380e-01 2.343672626068477038e-01 3.619323584232572166e-01 2.680747703613068356e-01 3.091617435253145585e-01 3.547818079950840198e-01 3.319041752713381421e-01 1.346439894177016150e-01 2.065909910770057367e-01 4.009526704149081189e-01 2.968995172870284582e-01 4.767049572585034811e-01 1.163614400898650147e-01 2.386201484791940497e-01 2.736410783118061185e-01 5.934187348982350452e-01 4.176594356660834340e-01 1.026825403444426577e-01 3.989618355945753758e-01 2.969977718258440813e-01 2.849127639450825811e-01
4.485585694344050300e-01 1.774547338369323879e-01 8.706506404382032827e-01 4.292605432240371721e-01 4.835344947371008617e-01 7.372494273330445491e-01 7.510097003193121346e-01 1.994789680570049073e-01 1.698631604666114570e-01 4.841264024010010769e-01 3.693622513182415190e-01 6.022853521754558681e-01 5.209723873063282218e-01 2.650809691274150781e-01 6.848172313730781502e-01 1.668101143150018673e-01 3.653888618300069058e-01 6.383227942678960654e-01 3.053987502351841465e-01 0.000000000000000000e+00 3.192430572538131894e-01 5.567521693334840371e-01 3.516558835515368742e-01 3.139331440977135013e-01 6.319515851439181375e-01 3.062587371540539949e-01 5.741289823629015521e-01 1.589537945109343875e-01 2.420093424396086990e-01 1.457795904018646393e-01 4.847429945821497554e-01 1.213039793977302994e-01 5.501632388954300623e-01 1.990263296294305928e-01 4.393283984686910393e-01 1.902037273192612177e-01 1.775379121930691084e-01 2.473683975906604826e-01 5.850267736854305456e-01 3.857704940341319944e-01 6.698443300785652532e-01 2.788669948009190880e-01 1.052890386890518726e-01 1.035690174123453516e-01 7.777414578775743159e-01 6.491514708873225015e-01 3.796445811326693565e-01 2.695456507690670023e-01 4.901371446459055203e-01 2.011596168790392991e-01
1.587255987021256864e-01 4.966977910907455773e-01 5.910222068531937323e-01 4.538099881274710312e-01 5.293487881442483500e-01 4.357363630390144182e-01 4.568647357368800788e-01 1.707800900790068244e-01 3.215555371218634662e-01 2.182260403911323032e-01 3.485004531134232031e-01 3.545862770751166404e-01 2.162308678005230578e-01 2.236803080870584381e-01 4.058673905159544404e-01 3.748942774828168956e-01 1.990378261801586668e-01 3.364202370539275400e-01 3.010105026543101747e-01 3.192430572538131894e-01 0.000000000000000000e+00 2.594643134674808338e-01 3.753737103889811522e-01 3.014642957582328031e-01 3.378066205614860262e-01 1.686989324119202438e-01 2.726159180688719208e-01 2.399273169275696616e-01 3.891149316801734703e-01 4.581952725942602944e-01 3.007539733289321671e-01 4.321695299078087138e-01 2.561059861968045803e-01 4.361614419511968821e-01 1.237158651882619698e-01 5.011130975080234640e-01 2.848136990837586979e-01 2.767378950835839291e-01 3.001700132554168676e-01 1.392977875289312939e-01 3.683312657845352889e-01 2.232919837553505593e-01 2.454988977012700080e-01 3.819812052365512134e-01 4.981130242925647655e-01 3.550065063048902791e-01 2.610316907272330345e-01 3.071103282259961542e-01 1.886240803518758891e-01 1.437223121063176956e-01
1.638756951580309651e-01 7.155352539470616335e-01 4.230625423983615518e-01 6.064477688920713039e-01 6.109084460536160499e-01 3.506132335318408177e-01 3.195376030225791641e-01 4.268160523911162518e-01 4.310274563351163546e-01 1.586328551632420203e-01 4.168184664225788594e-01 1.602043497799142124e-01 2.328763079270136649e-01 4.253000797946274170e-01 2.267274410271210572e-01 5.350991555305455449e-01 2.818231947914542346e-01 2.347657074253617915e-01 3.450649960390376192e-01 5.567521693334840371e-01 2.594643134674808338e-01 0.000000000000000000e+00 4.569333682983485745e-01 4.541020765228327427e-01 1.702079455681911047e-01 2.940112552824837300e-01 1.416718569080762380e-01 4.690226901005854487e-01 4.665313881268392526e-01 6.543943615740792641e-01 1.480748586126811039e-01 6.696786419874795060e-01 1.719365333710903831e-01 6.456752973528537831e-01 2.221477852561493938e-01 6.647661518241192447e-01 4.651532128968552948e-01 3.582975529929514069e-01 1.232541684584796127e-01 2.516085553258079477e-01 2.832081362773616884e-01 3.539508583939117714e-01 4.843748657403888491e-01 5.156864560865067615e-01 3.289603779201197287e-01 2.216365206863680215e-01 2.797595808750860669e-01 5.019505941166453322e-01 1.428940605590197366e-01 3.603122226015134100e-01
2.969998664605669192e-01 4.496083811222456039e-01 8.467611170847998414e-01 5.002242488072525806e-01 1.571023314768369428e-01 6.517391536073533498e-01 6.336860763334041247e-01 3.691877866321697232e-01 2.203205606052219823e-01 5.508215965229490418e-01 1.712293355960556041e-01 5.066776284293645904e-01 4.972439696680326926e-01 3.533374175462550837e-01 6.526403442230249707e-01 2.844517898611331197e-01 4.178313689307319168e-01 5.528125205422051991e-01 2.382495012850380511e-01 3.516558835515368742e-01 3.753737103889811522e-01 4.569333682983485745e-01 0.000000000000000000e+00 3.478785564380143525e-01 5.146279611580101276e-01 2.280132797136488754e-01 4.886187086372106303e-01 3.349078591681397543e-01 1.458996299676776076e-01 3.813977602398909150e-01 4.396804769254418210e-01 4.515601007884085805e-01 4.230363349464415501e-01 4.031400572318080688e-01 4.411934138390863902e-01 3.986477629092134989e-01 2.812112327231984787e-01 1.314923484794110475e-01 5.464716031987957301e-01 4.961745501391174873e-01 5.843340563528740539e-01 3.261542897021850185e-01 4.007835195244551785e-01 2.621567532335745687e-01 7.542999396941476586e-01 5.318278469014143806e-01 3.173053317868027579e-01 3.860402545783752637e-01 4.046268709202146541e-01 3.305708293908417028e-01
3.459084766237536801e-01 4.591506614525286967e-01 8.439298253092838431e-01 1.549816169069610228e-01 4.994713922810019024e-01 6.345993345223929216e-01 6.483596075086608401e-01 2.906298711522501965e-01 1.781436199489068728e-01 4.916722986736287160e-01 3.569660718370905039e-01 5.460811488468975128e-01 4.482024095771078298e-01 1.569856552432395136e-01 6.498090524475089724e-01 3.723559351250758653e-01 4.508086880842074873e-01 5.356727014572447709e-01 3.547197294543867341e-01 3.139331440977135013e-01 3.014642957582328031e-01 4.541020765228327427e-01 3.478785564380143525e-01 0.000000000000000000e+00 5.293014923332668431e-01 1.640955119743094104e-01 4.714788895522502021e-01 1.806873425849943038e-01 2.990907181977542351e-01 4.102634687119975920e-01 5.049737378239085306e-01 4.302937813483195262e-01 4.475131460847787679e-01 4.774653705087167910e-01 3.820441159897662309e-01 4.456207262398220736e-01 3.811008753922196512e-01 2.182718130125063938e-01 5.436403114232798428e-01 4.134609197638170475e-01 5.671942372679136257e-01 3.926626119331943499e-01 3.157345145333418923e-01 2.756162302866965730e-01 7.514686479186315493e-01 5.465013780766710960e-01 4.107416478302919338e-01 1.022620361486678287e-01 3.874870518352542259e-01 1.860433796323562317e-01
2.192702490416724992e-01 7.745419152068867552e-01 5.906653418818583745e-01 6.816471847025051822e-01 6.686030389132773255e-01 4.545120643053528475e-01 1.599128621983283982e-01 5.020154682015504077e-01 5.062268721455505105e-01 3.262356546467388707e-01 4.736199823534440467e-01 1.537816133345930869e-01 3.227211078586491588e-01 5.004994956050614618e-01 3.943302405106178798e-01 5.904937094141872178e-01 4.015218302055144073e-01 3.386645381988739878e-01 4.004595499226792366e-01 6.319515851439181375e-01 3.378066205614860262e-01 1.702079455681911047e-01 5.146279611580101276e-01 5.293014923332668431e-01 0.000000000000000000e+00 3.692106710929178304e-01 2.691397846642910596e-01 5.442221059110194936e-01 5.219259420104809255e-01 7.098080248595911579e-01 2.808859562166870494e-01 7.448780577979134954e-01 1.745995254219851744e-01 7.010698512364952339e-01 3.310220977782059038e-01 7.201607057077610285e-01 5.210709680498464280e-01 4.159921458526129601e-01 2.908569679419764631e-01 4.005892857227651982e-01 3.871069670508737182e-01 4.498033553142138374e-01 5.595742815508230050e-01 5.779390892133891011e-01 4.965631774036166624e-01 1.026838919601884836e-01 3.395854801820353819e-01 5.771500099270794326e-01 2.327388604906552583e-01 4.355116384119475659e-01
1.833898288234436791e-01 4.449160561796552393e-01 6.838390040689349414e-01 3.164412043435475552e-01 3.819883574689161287e-01 4.745085132820437979e-01 4.882687862683118274e-01 1.965093754734139053e-01 1.528566047099431391e-01 3.498055846396946333e-01 2.169732992274489014e-01 3.859903276065483890e-01 3.063356955431736361e-01 1.472899027874341460e-01 4.897182312071599597e-01 3.277569971043307051e-01 3.475244168757843366e-01 3.755818802168957582e-01 1.906242174800773237e-01 3.062587371540539949e-01 1.686989324119202438e-01 2.940112552824837300e-01 2.280132797136488754e-01 1.640955119743094104e-01 3.692106710929178304e-01 0.000000000000000000e+00 3.113880683119012449e-01 2.013836437216088016e-01 2.377818925410378759e-01 3.914512760830862748e-01 3.408782258495990369e-01 4.205298764607343642e-01 2.874223248444298662e-01 4.300070147375426033e-01 2.401774019558321482e-01 4.194632608581685962e-01 2.895066701401222131e-01 1.293774644082516245e-01 3.835494901829308301e-01 2.951585382558630788e-01 4.071034160275646685e-01 2.985421162543580587e-01 2.355483895166796682e-01 2.520198605974466877e-01 5.913778266782825366e-01 3.864105568363219723e-01 2.466461358559824957e-01 2.083376181144981076e-01 2.273962305949052964e-01 1.052425373014057308e-01
2.008829967629406632e-01 7.404637208342456089e-01 4.760465067639634840e-01 6.238245819214887078e-01 6.425937863924779947e-01 2.598741751091005470e-01 4.131813951367980797e-01 4.076235870803454064e-01 4.484042693645338695e-01 1.614460631090314235e-01 4.497727463274378001e-01 2.794817870202381815e-01 1.572260738451706219e-01 4.426768928240449319e-01 2.857841496057900721e-01 5.703850674598157644e-01 3.458096282754260509e-01 1.380429169504807929e-01 3.809896095428400575e-01 5.741289823629015521e-01 2.726159180688719208e-01 1.416718569080762380e-01 4.886187086372106303e-01 4.714788895522502021e-01 2.691397846642910596e-01 3.113880683119012449e-01 0.000000000000000000e+00 4.863995031300029637e-01 5.018173000561094721e-01 6.860797019129414309e-01 2.623673847339711984e-01 6.870554550168970209e-01 2.325836233113088292e-01 6.749934931593152276e-01 1.746076857547583516e-01 7.000520637533895751e-01 5.016010276700073600e-01 3.899828933318133517e-01 1.784673169370291357e-01 2.345441212209505577e-01 1.924690778546213621e-01 4.303334149343746029e-01 5.017516787698064196e-01 5.473717964253688173e-01 3.837501067616854722e-01 3.113231657048083356e-01 3.211982279033035459e-01 5.193274071460628472e-01 1.160954805356192582e-01 3.776890356309309249e-01
3.608290902015064416e-01 3.223313659080592752e-01 8.285763865948465590e-01 2.796320103027349901e-01 4.786069089734909521e-01 6.495199481001456832e-01 6.632802210864137127e-01 1.917924128770796544e-01 1.433861677927826539e-01 4.420521485576442422e-01 3.651068270856575593e-01 5.610017624246500523e-01 4.396154252374031013e-01 1.380289142535097990e-01 6.427429775297213155e-01 2.547322242902463341e-01 3.721792468514582009e-01 5.505933150349973104e-01 3.606537984754516479e-01 1.589537945109343875e-01 2.399273169275696616e-01 4.690226901005854487e-01 3.349078591681397543e-01 1.806873425849943038e-01 5.442221059110194936e-01 2.013836437216088016e-01 4.863995031300029637e-01 0.000000000000000000e+00 2.377539182070247670e-01 2.777590289068742058e-01 5.051524259907760328e-01 2.796004891259083469e-01 4.624337596625315849e-01 3.289756569863752089e-01 3.579714363997659743e-01 3.206768538206374308e-01 2.509272770566929323e-01 2.254490101735922847e-01 5.400973301829864459e-01 3.436962401907752152e-01 5.821148508456663873e-01 3.020080804227663895e-01 1.515790570944600679e-01 1.572826616450219150e-01 7.356672040342177032e-01 5.614219916544236355e-01 4.128525960123877736e-01 1.197430178366194753e-01 4.024076654130069319e-01 1.087104674990720249e-01
3.027227184712840691e-01 3.151425526306849689e-01 8.254372576619225521e-01 4.512066768389023652e-01 2.636468385862978936e-01 6.649377450262523581e-01 6.409840571858751446e-01 2.734325878355343686e-01 1.351330050357337220e-01 5.006065911354935505e-01 1.329553314668004971e-01 4.515485824158322892e-01 5.104425610869315344e-01 3.129529887587447212e-01 6.319552894608688742e-01 1.385521598934555398e-01 3.357874091684978080e-01 5.660111119611039854e-01 1.615548350937894007e-01 2.420093424396086990e-01 3.891149316801734703e-01 4.665313881268392526e-01 1.458996299676776076e-01 2.990907181977542351e-01 5.219259420104809255e-01 2.377818925410378759e-01 5.018173000561094721e-01 2.377539182070247670e-01 0.000000000000000000e+00 2.430473281415623799e-01 3.685430631817877556e-01 3.258595224869896834e-01 3.953940038790544897e-01 2.572404272641303224e-01 4.549346351302788194e-01 2.602973308108850747e-01 1.800088644181735698e-01 1.233130442005343080e-01 5.380298391930392610e-01 4.442069740702208058e-01 5.975326477717730622e-01 2.303990909055496916e-01 2.695631997852471762e-01 1.525102121216463935e-01 7.316703971301030673e-01 5.391258277538850674e-01 2.406106655955541074e-01 3.272713171894701123e-01 4.178254623391135514e-01 3.244381852481019735e-01
4.906048013203943015e-01 1.322443850681794819e-01 9.806769517614581932e-01 5.412675043866729263e-01 5.066941667278602734e-01 8.492001468830843169e-01 8.288661400349851549e-01 3.367272886511289975e-01 2.385946713731432189e-01 6.191909708684864011e-01 3.723447548061649681e-01 6.359128044559927417e-01 6.578833809040940395e-01 4.018878494138948265e-01 7.871949835604044043e-01 1.351631035366436528e-01 4.517365827225277020e-01 7.502735138179358332e-01 3.215514944231684380e-01 1.457795904018646393e-01 4.581952725942602944e-01 6.543943615740792641e-01 3.813977602398909150e-01 4.102634687119975920e-01 7.098080248595911579e-01 3.914512760830862748e-01 6.860797019129414309e-01 2.777590289068742058e-01 2.430473281415623799e-01 0.000000000000000000e+00 5.311031562075598789e-01 1.614836294951587647e-01 5.797582259192148868e-01 1.903669809209114772e-01 5.762393920664566904e-01 1.173549801810309934e-01 2.468874664715273726e-01 2.960968085811278572e-01 6.944440267463111160e-01 5.135497616252426845e-01 7.817950496286050210e-01 3.463482644595796689e-01 2.510686290909165952e-01 1.457196873179379681e-01 8.869100912296382644e-01 7.270079106029955218e-01 4.144404347794976573e-01 3.922952132472356523e-01 6.020878641959452882e-01 3.379664971655190753e-01
1.685451359579627217e-01 5.859128947784641994e-01 4.568941944801347410e-01 6.573194301931469807e-01 5.605583322818262770e-01 4.888153904663027349e-01 3.642674980651833816e-01 3.160916673269175137e-01 4.695265931121669345e-01 1.320635279537058226e-01 3.746345120643463367e-01 1.307311405423928208e-01 3.344411832235171800e-01 4.814819091884459112e-01 2.634122262790811742e-01 4.038375691983107640e-01 1.337483361787730751e-01 3.729678643598237642e-01 2.343672626068477038e-01 4.847429945821497554e-01 3.007539733289321671e-01 1.480748586126811039e-01 4.396804769254418210e-01 5.049737378239085306e-01 2.808859562166870494e-01 3.408782258495990369e-01 2.623673847339711984e-01 5.051524259907760328e-01 3.685430631817877556e-01 5.311031562075598789e-01 0.000000000000000000e+00 5.412766027702228255e-01 1.338796852914405922e-01 5.051929438952881268e-01 2.199680497628199172e-01 5.414558370557297495e-01 3.170783542841741909e-01 3.746779869122793261e-01 1.706612694649881634e-01 1.614561858000008732e-01 4.214102932118235501e-01 2.058759997812306675e-01 3.980053455536977647e-01 4.902520543421078347e-01 3.631273339483150897e-01 2.599944708871815280e-01 1.316847222624050184e-01 5.492158439640972833e-01 2.704684860506244570e-01 4.171751219119027576e-01
5.269684083042507350e-01 1.217080242219427400e-01 9.490205091594805520e-01 5.456211804746431415e-01 5.834387119739723460e-01 8.501758999870401290e-01 8.639361729733076034e-01 2.796125840584868238e-01 2.761211031419218420e-01 5.675144302369694582e-01 4.404398351225932706e-01 6.588189603635288272e-01 6.338988599603239127e-01 3.843494265234544960e-01 7.576498972659895248e-01 1.885161188128329224e-01 4.285562478380054996e-01 7.482663073763816675e-01 3.619323584232572166e-01 1.213039793977302994e-01 4.321695299078087138e-01 6.696786419874795060e-01 4.515601007884085805e-01 4.302937813483195262e-01 7.448780577979134954e-01 4.205298764607343642e-01 6.870554550168970209e-01 2.796004891259083469e-01 3.258595224869896834e-01 1.614836294951587647e-01 5.412766027702228255e-01 0.000000000000000000e+00 6.138538777845509165e-01 1.278730264642309877e-01 5.437103261017176559e-01 2.056870769951695543e-01 2.318911922006952342e-01 3.532256743418999423e-01 6.705379631449704947e-01 4.615322747240543366e-01 7.827708027325606110e-01 3.354006029889922691e-01 1.927949628610324539e-01 1.992716592908209683e-01 8.552536486276607341e-01 7.620779435413178593e-01 4.361781893207424821e-01 3.888141081651063091e-01 6.030636172999011002e-01 3.152873391593286057e-01
