0.000000000000000000e+00 3.110112621336281080e+01 2.102933182159933168e+01 2.023497339350796054e+01 1.624150848943815717e+01 1.732199946765634024e+01 2.255286497560606307e+01 1.220428301886872013e+01 2.194253643827784472e+01 1.193188982959189559e+01 1.210905906286440015e+01 1.350068854318826972e+01 2.152795675327151770e+01 2.590518194316080169e+01 1.261897429576617569e+01 9.135616560924020746e+00 1.343353558135541626e+01 2.502065103626200582e+01 7.874225024775276971e+00 1.798935774978432534e+01 1.987467100941272236e+01 7.085217433267347431e+00 2.461189241983201370e+01 6.775387579723460618e+00 6.689448946348032443e+00 2.115952349493074180e+01 2.825281950610096615e+01 1.399007751587137349e+01 1.562642211314030760e+01 1.791361009106465829e+01 1.217027121564597003e+01 1.929152466722312553e+01 6.452530424873648585e+00 2.580163403935178934e+01 1.052415345189953300e+01 2.357761485869490414e+01 1.631099592734084069e+01 1.465282538440951399e+01 1.604619674200376522e+01 2.297887841216408589e+01 1.675334897049256000e+01 2.642230201448253624e+01 1.613863105258639763e+01 1.714955591113801248e+01 1.847551091675224555e+01 1.723263730199381527e+01 1.264431801016974433e+01 2.154427897049349738e+01 2.630659567627512629e+01 4.771343038384117996e+00
3.110112621336281080e+01 0.000000000000000000e+00 3.023037957594664960e+01 2.041606635526176561e+01 1.924607336475021313e+01 1.592970782096709925e+01 1.276129663576449502e+01 3.128926654580127220e+01 1.299885821406513386e+01 2.679605042859917674e+01 3.044229823792694489e+01 1.953808555599339414e+01 1.074168776952079973e+01 1.033916190722882966e+01 2.287485795988573045e+01 2.224042201400882846e+01 2.390800926382081570e+01 8.333587545750340553e+00 3.372596877835937335e+01 1.550072816609185722e+01 1.991227553534620398e+01 3.344411518752444579e+01 7.417194020825603751e+00 2.650708561301186705e+01 2.546209623469045624e+01 1.053980929721205229e+01 7.406415440794738458e+00 2.580893220946015987e+01 1.594612191346374175e+01 1.371115276090190527e+01 2.092061953016883180e+01 1.431565759306670493e+01 2.762711025614927607e+01 6.139126991951230572e+00 2.153553126440174381e+01 1.667428990866532246e+01 2.937258536095239236e+01 2.424470392628083815e+01 2.236284907770837549e+01 1.400002859576491865e+01 2.367399543272762585e+01 5.390416636928253347e+00 1.615856107493076976e+01 1.782231596997764811e+01 2.720020774311612399e+01 1.878793198155260313e+01 2.027542499425724998e+01 1.075523882599937409e+01 5.503204007656255392e+00 2.686931019669658482e+01
2.102933182159933168e+01 3.023037957594664960e+01 0.000000000000000000e+00 2.781711803402704319e+01 2.627259276527309240e+01 1.593267977486859621e+01 2.230600208610372093e+01 1.275432889883805920e+01 3.469390821957799886e+01 2.214803979726989880e+01 1.156583265730203891e+01 1.248564634259303396e+01 2.730549377723806970e+01 2.731786135982199681e+01 2.857765557235024190e+01 1.796678439669777916e+01 9.184097650338250318e+00 2.193230178437180200e+01 1.920139251042805029e+01 2.050527668143905657e+01 3.368579424376345344e+01 1.810170711585515591e+01 3.456010408671212986e+01 2.247613732406633957e+01 1.433988287525129657e+01 2.268926974264995167e+01 3.356421628921528821e+01 7.535634020406722478e+00 2.011763290873269838e+01 2.842409159279762321e+01 1.849987055175035522e+01 1.598406419912869225e+01 1.515240490927452655e+01 2.540559498065750788e+01 2.403960406419213669e+01 2.793792755507313785e+01 6.170426238739573854e+00 2.716057494291855434e+01 2.418761789055128730e+01 3.135935588579145517e+01 8.044093322580462058e+00 2.912414148609396491e+01 2.394821336153163216e+01 3.166566760823497262e+01 4.968375423794149981e+00 1.156858284931611891e+01 1.392738836892326049e+01 2.211914423285100639e+01 2.561326734665352589e+01 1.905282999245147835e+01
2.023497339350796054e+01 2.041606635526176561e+01 2.781711803402704319e+01 0.000000000000000000e+00 1.861084809672380302e+01 2.228285342859727081e+01 1.586912155622690612e+01 2.926410857106967001e+01 1.228557587746330171e+01 1.198766509573537320e+01 2.271648160943354000e+01 1.540195644975663747e+01 2.405281001007802288e+01 1.028013586434399862e+01 9.309566881456152743e+00 1.919128760099120257e+01 2.479153177223135884e+01 1.938211061747746200e+01 2.730837580141861665e+01 8.468284338354953533e+00 7.377270556384861955e+00 2.355049078430320364e+01 1.851189750877587770e+01 1.379298779517263718e+01 1.626548364357293508e+01 2.569049495789652937e+01 1.348102297900873658e+01 2.134112475499820505e+01 2.372788443453967488e+01 1.663952363995992201e+01 9.603082010758829057e+00 1.602209763486131777e+01 2.347242987313595464e+01 1.540266170608055241e+01 1.501750081316553143e+01 6.036224900011255556e+00 2.857973625863321132e+01 6.115664103574847132e+00 6.952728158721738438e+00 6.825729904580894569e+00 2.173505948768448448e+01 2.420606780375218747e+01 1.996817312232598596e+01 1.055207489231543860e+01 2.477925440330312057e+01 1.962606890658625147e+01 2.401595565224814521e+01 1.166328918137819315e+01 2.270153553582710515e+01 1.924094276050931640e+01
1.624150848943815717e+01 1.924607336475021313e+01 2.627259276527309240e+01 1.861084809672380302e+01 0.000000000000000000e+00 1.561665926052888942e+01 2.820612246688514446e+01 2.048440981507746983e+01 1.218365350488644161e+01 1.844706325566340155e+01 2.650700505842858590e+01 2.414088505544447116e+01 1.055090395070040188e+01 2.142041411602344070e+01 9.549597398806806581e+00 8.869086709390094470e+00 1.717022310016922404e+01 2.105345252089425045e+01 2.097181027565513034e+01 2.531086663687155180e+01 1.391580306043953996e+01 2.318368783146132728e+01 1.313389662714948614e+01 1.193058316378926165e+01 2.005414453726792701e+01 1.438352354899479657e+01 1.769852592278346393e+01 2.713981469921371570e+01 9.801698752933289072e+00 6.435614298382129839e+00 2.188847507957483884e+01 2.169656227529504378e+01 1.551640542504424047e+01 2.475740704432885053e+01 6.194744834688099111e+00 1.948662630386829520e+01 2.257801348062464086e+01 1.507385537734762870e+01 2.037412367644499511e+01 1.603826153195639392e+01 2.213328064253855487e+01 1.540585089610401504e+01 5.478323723943899104e+00 9.249895815920636366e+00 2.383492558897582825e+01 1.835418249163967630e+01 1.312919898941685837e+01 2.598803417471635058e+01 1.872021444351375408e+01 1.225546828745276784e+01
1.732199946765634024e+01 1.592970782096709925e+01 1.593267977486859621e+01 2.228285342859727081e+01 1.561665926052888942e+01 0.000000000000000000e+00 1.277282658828930018e+01 1.544813683887575984e+01 2.378150215130647638e+01 2.173410586368964204e+01 2.013641343757515756e+01 1.065510286027527087e+01 1.234391591802966204e+01 1.900139850948854914e+01 1.880327698626148702e+01 8.910616954798195266e+00 8.293151419870655516e+00 8.054873126718142373e+00 1.845154405580619894e+01 1.397660710502711545e+01 2.520690575521270560e+01 2.419444660260113622e+01 1.947388731805002848e+01 1.663638426449707097e+01 1.756176890646031197e+01 6.821776326983439276e+00 2.247125831258293260e+01 1.425729143667092913e+01 6.919904964801155245e+00 1.708879384469502938e+01 1.581392950592984370e+01 6.300676930387298036e+00 1.215426143047228713e+01 1.391645464249538833e+01 1.391108193263911552e+01 2.096029033302930955e+01 1.390051020165928897e+01 2.265813221369966612e+01 1.991475603819253593e+01 2.408538479812352051e+01 1.056345724638471317e+01 1.336552647870677646e+01 1.175793726672934625e+01 2.104337575777954683e+01 1.299099707514004898e+01 5.178659339231145076e+00 4.825075661648828174e+00 1.323516396319053356e+01 1.049724100570653995e+01 1.281196034058494959e+01
2.255286497560606307e+01 1.276129663576449502e+01 2.230600208610372093e+01 1.586912155622690612e+01 2.820612246688514446e+01 1.277282658828930018e+01 0.000000000000000000e+00 2.446043684345380598e+01 2.126287658212864073e+01 1.870080182823178916e+01 2.152697445038279511e+01 1.058980606489110166e+01 2.047480439542577813e+01 1.065582707930571260e+01 2.361698531190938510e+01 2.013717926220683552e+01 1.656353252995049274e+01 8.119201863903372285e+00 2.915473954264662027e+01 7.832343739764363377e+00 1.936807425610166788e+01 2.455671483948269440e+01 1.916136780888703939e+01 2.093867007710810313e+01 1.657469588664869775e+01 1.442758620432243255e+01 1.563209889534161334e+01 1.729158371654265380e+01 1.856520022254987268e+01 2.585965013765439124e+01 1.220068647399485862e+01 6.878968952198080800e+00 2.277489231956765892e+01 7.537857391707678545e+00 2.618231974763020986e+01 1.298165835277334601e+01 2.147407733384048356e+01 2.001515368056023547e+01 1.494388687943997951e+01 1.570004728653607273e+01 1.550422008576880550e+01 1.628402796850147993e+01 2.326970074805182520e+01 2.195517941270654916e+01 1.926845303970809908e+01 1.138459235823653692e+01 1.578644569853707402e+01 4.877482110098871892e+00 1.230549390261242415e+01 2.383989653629882355e+01
1.220428301886872013e+01 3.128926654580127220e+01 1.275432889883805920e+01 2.926410857106967001e+01 2.048440981507746983e+01 1.544813683887575984e+01 2.446043684345380598e+01 0.000000000000000000e+00 2.840746010697892032e+01 2.284533636619776331e+01 2.146079584011100749e+01 1.824053890004124412e+01 2.375792383805543295e+01 3.102375971223935736e+01 2.085843315189827152e+01 1.161532310568738069e+01 8.195934979684487587e+00 2.296885910032865397e+01 7.836514635681798069e+00 2.489440639870898053e+01 2.768271376525964556e+01 1.609582204528909344e+01 2.952883598560064016e+01 1.648524132488934058e+01 1.889373196521674458e+01 2.134235429250394134e+01 3.437902339497199478e+01 1.611417168926947241e+01 1.648617699227904509e+01 2.293540568829844162e+01 2.374620521503417336e+01 1.795087665186369463e+01 6.143513155868545184e+00 2.697327380946335751e+01 1.646322610028205702e+01 3.199189173777723028e+01 6.656327567531353573e+00 2.420457378385301439e+01 2.733619814349250632e+01 3.066618995964540417e+01 1.193839204902092277e+01 2.750165702773060517e+01 1.930220797618499873e+01 2.402375799616569196e+01 1.237215678028127108e+01 1.334313848207741593e+01 1.124277275242755181e+01 2.525752516594133468e+01 2.590490778360153712e+01 1.064304200359345565e+01
2.194253643827784472e+01 1.299885821406513386e+01 3.469390821957799886e+01 1.228557587746330171e+01 1.218365350488644161e+01 2.378150215130647638e+01 2.126287658212864073e+01 2.840746010697892032e+01 0.000000000000000000e+00 1.940632259007016458e+01 3.132892068781763939e+01 2.499533250978559806e+01 1.299113525297894434e+01 1.082173068901203195e+01 1.031342379610882354e+01 1.737145954925453140e+01 2.562151574886027916e+01 2.105887434733903518e+01 2.792804505686456196e+01 1.690521741261695610e+01 8.963859823584204634e+00 2.854878213034033152e+01 6.965376293557532072e+00 1.660863256588791259e+01 2.465640082480670614e+01 1.949570299801133189e+01 6.643999673453667043e+00 3.138293350334979692e+01 1.732962169000766295e+01 6.852600647670140432e+00 2.053309759699820347e+01 2.398712098267986548e+01 2.265718479337768798e+01 1.540528350505376842e+01 1.295684974252235477e+01 1.151773468188405403e+01 3.102930612931569954e+01 1.481102316582588863e+01 1.796912133704135073e+01 6.087969721369464793e+00 3.048947348645965150e+01 1.358110674033714815e+01 1.245393284806567991e+01 5.230384089866534580e+00 3.225624104328073116e+01 2.670036975994426598e+01 2.143366317962034984e+01 1.652372521431748709e+01 1.724402570022358105e+01 1.889892891498506700e+01
1.193188982959189559e+01 2.679605042859917674e+01 2.214803979726989880e+01 1.198766509573537320e+01 1.844706325566340155e+01 2.173410586368964204e+01 1.870080182823178916e+01 2.284533636619776331e+01 1.940632259007016458e+01 0.000000000000000000e+00 1.564252757567158270e+01 1.141636180920674093e+01 2.501167880022483914e+01 1.794091503353931927e+01 9.576092758541397743e+00 1.523439594834688293e+01 2.097874644265375821e+01 2.236800328879701638e+01 1.941946612697622143e+01 1.144518600324418678e+01 1.459761683951233735e+01 1.481669336454780783e+01 2.487292343163358410e+01 7.466799489848666482e+00 8.691722161569488847e+00 2.744944453064206158e+01 2.307778441898161859e+01 1.539252349356185334e+01 2.133307943818857666e+01 1.873471245251785788e+01 6.573767871179868827e+00 1.668791176065259663e+01 1.682516115995597517e+01 2.082559125575429348e+01 1.328074403885025490e+01 1.523690685683433799e+01 2.448427815012793474e+01 6.787943555124144268e+00 5.670151841242245361e+00 1.633137887935696497e+01 1.716589265207593940e+01 2.957820778022313490e+01 1.979306927690155504e+01 1.422638473203185683e+01 1.944234379288086600e+01 1.697737327884000536e+01 1.939874817419983088e+01 1.617427341080972170e+01 2.669232442674920947e+01 1.231328924472102315e+01
1.210905906286440015e+01 3.044229823792694489e+01 1.156583265730203891e+01 2.271648160943354000e+01 2.650700505842858590e+01 2.013641343757515756e+01 2.152697445038279511e+01 2.146079584011100749e+01 3.132892068781763939e+01 1.564252757567158270e+01 0.000000000000000000e+00 1.117779232404951806e+01 3.214991691348556913e+01 2.574069049830675482e+01 2.118295831098891213e+01 2.083539095739221381e+01 1.683979155731816135e+01 2.373246777988771328e+01 1.545591703791900251e+01 1.797312262024876617e+01 2.773816458784032690e+01 7.810660627005985290e+00 3.450633730450904579e+01 1.478118413665332298e+01 7.089624279105786187e+00 2.646366038396231701e+01 3.225682825509350948e+01 6.550571946223477937e+00 2.612822441199296364e+01 2.780805497574170815e+01 1.330985233597958661e+01 1.719058289142641271e+01 1.821943619626048516e+01 2.493675693025895868e+01 2.076803426342586789e+01 2.496110901687702821e+01 1.618198673067133697e+01 2.055486867996403433e+01 1.887811116332782646e+01 2.797091482109416916e+01 1.170472575068984789e+01 3.245092703973482884e+01 2.709090764000719886e+01 2.628459062872829932e+01 1.191746146623146174e+01 1.530163043251031318e+01 2.026159717183742970e+01 2.092439922135180908e+01 2.832068643782850614e+01 1.662151808613894843e+01
1.350068854318826972e+01 1.953808555599339414e+01 1.248564634259303396e+01 1.540195644975663747e+01 2.414088505544447116e+01 1.065510286027527087e+01 1.058980606489110166e+01 1.824053890004124412e+01 2.499533250978559806e+01 1.141636180920674093e+01 1.117779232404951806e+01 0.000000000000000000e+00 2.263167594480062661e+01 1.527249807399807047e+01 1.823710954027235331e+01 1.583507668686915792e+01 1.040767968377482156e+01 1.275369778113966746e+01 2.107261546136126285e+01 8.090115097168641967e+00 2.127063265949302817e+01 1.465656159551699744e+01 2.567173668693030208e+01 1.240888101454249615e+01 7.097506846530451163e+00 1.644723033533795586e+01 2.157190988608155280e+01 6.892253329538752915e+00 1.683349211264188838e+01 2.561646721455198517e+01 6.372182047675667427e+00 6.169433708285513518e+00 1.695234321170389435e+01 1.404822626975093947e+01 1.861525890392578475e+01 1.552276597080271969e+01 1.410296246423892619e+01 1.676567350983628302e+01 1.228708745941553637e+01 1.897253238675660469e+01 6.814485392120504414e+00 2.181163214939621398e+01 2.110429234796373521e+01 2.303583916824067757e+01 9.447782711869109562e+00 5.823263955955228610e+00 1.105340914412870745e+01 1.013030527862693120e+01 1.738370449919820615e+01 1.567442310654787363e+01
2.152795675327151770e+01 1.074168776952079973e+01 2.730549377723806970e+01 2.405281001007802288e+01 1.055090395070040188e+01 1.234391591802966204e+01 2.047480439542577813e+01 2.375792383805543295e+01 1.299113525297894434e+01 2.501167880022483914e+01 3.214991691348556913e+01 2.263167594480062661e+01 0.000000000000000000e+00 2.025493673924583149e+01 1.605315124601979448e+01 1.264457329658697660e+01 1.888725125594678644e+01 1.255059082136547133e+01 2.479860158219643651e+01 2.389063294868880050e+01 1.921587997995645836e+01 2.850154658615104353e+01 7.744304361356464383e+00 1.805364655918331707e+01 2.608753409132057399e+01 6.915946155721743871e+00 1.387967322739398313e+01 2.611238976211788199e+01 7.271746845776386081e+00 7.712053393122294764e+00 2.779050259045519411e+01 1.818110341841286726e+01 1.889439095501040811e+01 1.587987984799729979e+01 1.291358590500404091e+01 2.423176896220992660e+01 2.483685427149754332e+01 2.161071984155966419e+01 2.691098814065702527e+01 1.892319152240127167e+01 2.206709008752693890e+01 5.397877902194244903e+00 5.663428330609555417e+00 1.381758421942014436e+01 2.447162760843615814e+01 1.718713135979670525e+01 1.393199499357351279e+01 1.939934085337475977e+01 8.169310492813345093e+00 1.702780910781703128e+01
2.590518194316080169e+01 1.033916190722882966e+01 2.731786135982199681e+01 1.028013586434399862e+01 2.142041411602344070e+01 1.900139850948854914e+01 1.065582707930571260e+01 3.102375971223935736e+01 1.082173068901203195e+01 1.794091503353931927e+01 2.574069049830675482e+01 1.527249807399807047e+01 2.025493673924583149e+01 0.000000000000000000e+00 1.577229624915506179e+01 2.574689257054905411e+01 2.315198039111408335e+01 1.228493436699541697e+01 3.347710886133380370e+01 8.142956727865071187e+00 1.094116443966368557e+01 2.822033943120074184e+01 1.353428357704438056e+01 2.193214236265146511e+01 2.059929330697586636e+01 1.889133981831113474e+01 6.908236076032579831e+00 2.207592777847469279e+01 2.438595970141774316e+01 1.684870740174057602e+01 1.384836031230345021e+01 1.350517955014467653e+01 2.924021095182890306e+01 6.323802076637537795e+00 2.078408138549963269e+01 6.489163053076013377e+00 2.730422730009954790e+01 1.507718361152292452e+01 1.325119280864404026e+01 5.573142692703121348e+00 2.061465426804344148e+01 1.535363642077595969e+01 2.220304018089377607e+01 1.241106917379865848e+01 2.427999772909806353e+01 1.803190310884587078e+01 2.219992856510899060e+01 5.778344969206842485e+00 1.401573448524082011e+01 2.638332830211131963e+01
1.261897429576617569e+01 2.287485795988573045e+01 2.857765557235024190e+01 9.309566881456152743e+00 9.549597398806806581e+00 1.880327698626148702e+01 2.361698531190938510e+01 2.085843315189827152e+01 1.031342379610882354e+01 9.576092758541397743e+00 2.118295831098891213e+01 1.823710954027235331e+01 1.605315124601979448e+01 1.577229624915506179e+01 0.000000000000000000e+00 1.075998482416269830e+01 1.960466611873801668e+01 2.655331085726258777e+01 1.907930158910554397e+01 1.599009123063250470e+01 7.286399756793508153e+00 1.886841998281417077e+01 1.570644394242831510e+01 6.699146309172598457e+00 1.451043844797797711e+01 2.006104547414540917e+01 1.623756925424270747e+01 2.169387963146157361e+01 1.474741950629280041e+01 9.494269086982313866e+00 1.531852348765417027e+01 2.326626231643429321e+01 1.510815783829704095e+01 2.204594904872496386e+01 6.037035884918662276e+00 1.264883532386840770e+01 2.407009485343849065e+01 5.847973847710105311e+00 1.114824214680747438e+01 1.040400488228520359e+01 2.371595550139934616e+01 2.052241746629098884e+01 1.115584564909451082e+01 5.176431806508237088e+00 2.594056821519911082e+01 2.078862551020847604e+01 1.558465287541963740e+01 1.941391106641493991e+01 2.422246173883313602e+01 1.091759474171549549e+01
9.135616560924020746e+00 2.224042201400882846e+01 1.796678439669777916e+01 1.919128760099120257e+01 8.869086709390094470e+00 8.910616954798195266e+00 2.013717926220683552e+01 1.161532310568738069e+01 1.737145954925453140e+01 1.523439594834688293e+01 2.083539095739221381e+01 1.583507668686915792e+01 1.264457329658697660e+01 2.574689257054905411e+01 1.075998482416269830e+01 0.000000000000000000e+00 8.864414731593896590e+00 1.660926852340386617e+01 1.215402828560945458e+01 2.091659296638854926e+01 1.738445924757150607e+01 1.601431529280637989e+01 1.791351287991325947e+01 7.796755683752897070e+00 1.480423759315432086e+01 1.221631425185087494e+01 2.276370028928461764e+01 1.883400633063839180e+01 6.490805552216286856e+00 1.132008258261106981e+01 1.722051282492891033e+01 1.362761907061672240e+01 6.651230596209540380e+00 2.234846201377596486e+01 6.088635424997921319e+00 2.310146874756826918e+01 1.373781518397531975e+01 1.413175281377455050e+01 1.903668410758028529e+01 2.036793544195726469e+01 1.382747227396323630e+01 1.734886280569378414e+01 7.700972268869824333e+00 1.371469896904077146e+01 1.552911722040051501e+01 1.004837412306435240e+01 4.839116202123420862e+00 2.076570980830799229e+01 1.747435973506811990e+01 4.628888182687755481e+00
1.343353558135541626e+01 2.390800926382081570e+01 9.184097650338250318e+00 2.479153177223135884e+01 1.717022310016922404e+01 8.293151419870655516e+00 1.656353252995049274e+01 8.195934979684487587e+00 2.562151574886027916e+01 2.097874644265375821e+01 1.683979155731816135e+01 1.040767968377482156e+01 1.888725125594678644e+01 2.315198039111408335e+01 1.960466611873801668e+01 8.864414731593896590e+00 0.000000000000000000e+00 1.560993147224596989e+01 1.307872138320139577e+01 1.702671177439136585e+01 2.623305822166184598e+01 1.972399906305273731e+01 2.579767699563946337e+01 1.554571824024777094e+01 1.518740313677122877e+01 1.450975892120886357e+01 2.771982079512853758e+01 1.081247735656234710e+01 1.163042509117409296e+01 1.947651125315976728e+01 1.663473315231269467e+01 1.007909733073842062e+01 7.151281203309763690e+00 1.910149448833808705e+01 1.493723439908825412e+01 2.412419711345961559e+01 6.025422830443311284e+00 2.297643410834987776e+01 2.199104423922396023e+01 2.754043693512579338e+01 5.496792760312560588e+00 2.116704554340800470e+01 1.506220877435533190e+01 2.256329794313109716e+01 6.746430474040984393e+00 5.471359160952141032e+00 5.055464066617083141e+00 1.738574584481607133e+01 1.879039242557719902e+01 9.950460327347594003e+00
2.502065103626200582e+01 8.333587545750340553e+00 2.193230178437180200e+01 1.938211061747746200e+01 2.105345252089425045e+01 8.054873126718142373e+00 8.119201863903372285e+00 2.296885910032865397e+01 2.105887434733903518e+01 2.236800328879701638e+01 2.373246777988771328e+01 1.275369778113966746e+01 1.255059082136547133e+01 1.228493436699541697e+01 2.655331085726258777e+01 1.660926852340386617e+01 1.560993147224596989e+01 0.000000000000000000e+00 2.614012307402009938e+01 1.160796713672968572e+01 2.236441017615794635e+01 2.737028786409578629e+01 1.552100300432549140e+01 2.407882325745555718e+01 1.949492473570436957e+01 6.669928971899458325e+00 1.441638518586479378e+01 1.836678272700482495e+01 1.237422543876015091e+01 1.995221121878422466e+01 1.602831439211287545e+01 6.628378414656485695e+00 1.984284044868618935e+01 6.230873420027013054e+00 2.166111580364023936e+01 1.610556122839669158e+01 2.107450756937755898e+01 2.375823801698758686e+01 1.878008441559280683e+01 1.778712753036502647e+01 1.541181613750846502e+01 9.392300706304652635e+00 1.557512879695035579e+01 2.468452190477728436e+01 1.890212995154128350e+01 1.048985418997776087e+01 1.251365467986273217e+01 7.838043767861966771e+00 4.669831934648652982e+00 2.051061190919061872e+01
7.874225024775276971e+00 3.372596877835937335e+01 1.920139251042805029e+01 2.730837580141861665e+01 2.097181027565513034e+01 1.845154405580619894e+01 2.915473954264662027e+01 7.836514635681798069e+00 2.792804505686456196e+01 1.941946612697622143e+01 1.545591703791900251e+01 2.107261546136126285e+01 2.479860158219643651e+01 3.347710886133380370e+01 1.907930158910554397e+01 1.215402828560945458e+01 1.307872138320139577e+01 2.614012307402009938e+01 0.000000000000000000e+00 2.556128466795733090e+01 2.633527696614104485e+01 8.850350366579414541e+00 3.001623644617830422e+01 1.379998281130356297e+01 1.423015955696372181e+01 2.363323084597680435e+01 3.416306994376088824e+01 1.858606068523630483e+01 1.831529500424304757e+01 2.342280614887610213e+01 1.974219813381896671e+01 2.264517935105650537e+01 6.663133644028012448e+00 3.148313704614639974e+01 1.608905844026253718e+01 3.120394199362990051e+01 1.378353802545211693e+01 2.192516057601637769e+01 2.367252387693875448e+01 2.939968731270608515e+01 1.791429509203516091e+01 2.934736387876248642e+01 1.984332463021302573e+01 2.342237330192724443e+01 1.834805982329551099e+01 1.803744118127022489e+01 1.379556092913437126e+01 2.911620588866648518e+01 2.827193246638138291e+01 9.029116141879494961e+00
1.798935774978432534e+01 1.550072816609185722e+01 2.050527668143905657e+01 8.468284338354953533e+00 2.531086663687155180e+01 1.397660710502711545e+01 7.832343739764363377e+00 2.489440639870898053e+01 1.690521741261695610e+01 1.144518600324418678e+01 1.797312262024876617e+01 8.090115097168641967e+00 2.389063294868880050e+01 8.142956727865071187e+00 1.599009123063250470e+01 2.091659296638854926e+01 1.702671177439136585e+01 1.160796713672968572e+01 2.556128466795733090e+01 0.000000000000000000e+00 1.358084373429144520e+01 2.030451523782426548e+01 2.094639468251360270e+01 1.622572941051419804e+01 1.270160067172857232e+01 1.791635147714875842e+01 1.487236247066176631e+01 1.447771609073284438e+01 2.089651206982826537e+01 2.253609518176672921e+01 6.350818206286771961e+00 7.675930174639812087e+00 2.351884286693752912e+01 9.486720033826127718e+00 2.160082505723112689e+01 7.432650873634076838e+00 2.086537523730404686e+01 1.222536399239871940e+01 7.297709511975931207e+00 1.088241728958796806e+01 1.417580220524794932e+01 1.952869708372835333e+01 2.552976235537187932e+01 1.648635831672283913e+01 1.746741305071512684e+01 1.186124890874626381e+01 1.655049236965870207e+01 4.754527940781894557e+00 1.572132245587545007e+01 1.967519457084435786e+01
1.987467100941272236e+01 1.991227553534620398e+01 3.368579424376345344e+01 7.377270556384861955e+00 1.391580306043953996e+01 2.520690575521270560e+01 1.936807425610166788e+01 2.768271376525964556e+01 8.963859823584204634e+00 1.459761683951233735e+01 2.773816458784032690e+01 2.127063265949302817e+01 1.921587997995645836e+01 1.094116443966368557e+01 7.286399756793508153e+00 1.738445924757150607e+01 2.623305822166184598e+01 2.236441017615794635e+01 2.633527696614104485e+01 1.358084373429144520e+01 0.000000000000000000e+00 2.563402021058256253e+01 1.575157725871114245e+01 1.383747828389674694e+01 2.090647730202383769e+01 2.415095965019787982e+01 1.259755034257600848e+01 2.749679334608114090e+01 1.992614966159043988e+01 1.165701047311536165e+01 1.607149238087663790e+01 2.112793646307165574e+01 2.193243845165840611e+01 1.714377217047516666e+01 1.242164806252207576e+01 7.756603401288190369e+00 3.077446432462664205e+01 9.049793218071817691e+00 1.346867768616584549e+01 5.918066715479109341e+00 2.760373569742088407e+01 2.228815407714035857e+01 1.524575982514698502e+01 5.531185335209867660e+00 3.064793061303953081e+01 2.542705730824415511e+01 2.221304497834345426e+01 1.456473281240559636e+01 2.476338164019166044e+01 1.802089497913376803e+01
7.085217433267347431e+00 3.344411518752444579e+01 1.810170711585515591e+01 2.355049078430320364e+01 2.318368783146132728e+01 2.419444660260113622e+01 2.455671483948269440e+01 1.609582204528909344e+01 2.854878213034033152e+01 1.481669336454780783e+01 7.810660627005985290e+00 1.465656159551699744e+01 2.850154658615104353e+01 2.822033943120074184e+01 1.886841998281417077e+01 1.601431529280637989e+01 1.972399906305273731e+01 2.737028786409578629e+01 8.850350366579414541e+00 2.030451523782426548e+01 2.563402021058256253e+01 0.000000000000000000e+00 3.134850469544127449e+01 1.218638836526557512e+01 8.033420291634588040e+00 2.803491147797799243e+01 3.478199765619067563e+01 1.164204731398062087e+01 2.250512084502267385e+01 2.465022236667392264e+01 1.456123278202319504e+01 2.076486943482654013e+01 1.257271785974297629e+01 2.789985453848811758e+01 1.737303445091576748e+01 2.633408389487945556e+01 2.083262570125443958e+01 1.892560878324848872e+01 1.885486962335660266e+01 2.803559211656604333e+01 1.658299636562807677e+01 3.336317809850017113e+01 2.311222088546591991e+01 2.368906306328399936e+01 1.745893173909291107e+01 2.015333654990411461e+01 1.942847157533457647e+01 2.380547719238818516e+01 3.200590195519846048e+01 1.164673102143135530e+01
2.461189241983201370e+01 7.417194020825603751e+00 3.456010408671212986e+01 1.851189750877587770e+01 1.313389662714948614e+01 1.947388731805002848e+01 1.916136780888703939e+01 2.952883598560064016e+01 6.965376293557532072e+00 2.487292343163358410e+01 3.450633730450904579e+01 2.567173668693030208e+01 7.744304361356464383e+00 1.353428357704438056e+01 1.570644394242831510e+01 1.791351287991325947e+01 2.579767699563946337e+01 1.552100300432549140e+01 3.001623644617830422e+01 2.094639468251360270e+01 1.575157725871114245e+01 3.134850469544127449e+01 0.000000000000000000e+00 1.990586852877683555e+01 2.804469590502384690e+01 1.303844588934388504e+01 6.626047501011794516e+00 3.243094733582729816e+01 1.464438644009801926e+01 6.698282328767356297e+00 2.667882837802577356e+01 2.097376443909996979e+01 2.456083159556741080e+01 1.162351041717936972e+01 1.517112703773546478e+01 1.752282844592564359e+01 3.147773193091737198e+01 2.077248141612101406e+01 2.411485211806891371e+01 1.191551381708799617e+01 2.957424306212403309e+01 6.615730446779614304e+00 1.076269791311179347e+01 1.097996343536832775e+01 3.183724266074626286e+01 2.426673783390744177e+01 2.099135900446987790e+01 1.627160508378097958e+01 1.097712962699576167e+01 2.129744430980268888e+01
6.775387579723460618e+00 2.650708561301186705e+01 2.247613732406633957e+01 1.379298779517263718e+01 1.193058316378926165e+01 1.663638426449707097e+01 2.093867007710810313e+01 1.648524132488934058e+01 1.660863256588791259e+01 7.466799489848666482e+00 1.478118413665332298e+01 1.240888101454249615e+01 1.805364655918331707e+01 2.193214236265146511e+01 6.699146309172598457e+00 7.796755683752897070e+00 1.554571824024777094e+01 2.407882325745555718e+01 1.379998281130356297e+01 1.622572941051419804e+01 1.383747828389674694e+01 1.218638836526557512e+01 1.990586852877683555e+01 0.000000000000000000e+00 8.151390800054368668e+00 2.001306993560377023e+01 2.291382738097670568e+01 1.545201936957770883e+01 1.397312812437821350e+01 1.320758620000947836e+01 9.957891915785577197e+00 1.805172218567991749e+01 1.050699059527531176e+01 2.417178059709157978e+01 6.213145659716424518e+00 1.826992049391304818e+01 1.992545901893974758e+01 8.210839786074197733e+00 1.198976948780722473e+01 1.709007455951162413e+01 1.770041386040269416e+01 2.326084297834621495e+01 1.267708862810557591e+01 1.169905369977690945e+01 1.989529427658467498e+01 1.672967763171822853e+01 1.199272652783657733e+01 1.988027532223711091e+01 2.520790255596997653e+01 5.984826674256561674e+00
6.689448946348032443e+00 2.546209623469045624e+01 1.433988287525129657e+01 1.626548364357293508e+01 2.005414453726792701e+01 1.756176890646031197e+01 1.657469588664869775e+01 1.889373196521674458e+01 2.465640082480670614e+01 8.691722161569488847e+00 7.089624279105786187e+00 7.097506846530451163e+00 2.608753409132057399e+01 2.059929330697586636e+01 1.451043844797797711e+01 1.480423759315432086e+01 1.518740313677122877e+01 1.949492473570436957e+01 1.423015955696372181e+01 1.270160067172857232e+01 2.090647730202383769e+01 8.033420291634588040e+00 2.804469590502384690e+01 8.151390800054368668e+00 0.000000000000000000e+00 2.347425242354578501e+01 2.712247921139985962e+01 7.300628569523340161e+00 2.110704350801288953e+01 2.134641357625649860e+01 7.044117530292361984e+00 1.291305499735185336e+01 1.314197937122168014e+01 1.991305929294950161e+01 1.431517374226521433e+01 1.893015816317905120e+01 1.744798870812678970e+01 1.360406326586192804e+01 1.212762800057061874e+01 2.151991685523356779e+01 1.006390002414452489e+01 2.870484667593279937e+01 2.069820839063546103e+01 1.961207076571734831e+01 1.178606197040421399e+01 1.272698590139546759e+01 1.788186366131519023e+01 1.582225415123767576e+01 2.416475667035301811e+01 1.061650237160264076e+01
2.115952349493074180e+01 1.053980929721205229e+01 2.268926974264995167e+01 2.569049495789652937e+01 1.438352354899479657e+01 6.821776326983439276e+00 1.442758620432243255e+01 2.134235429250394134e+01 1.949570299801133189e+01 2.744944453064206158e+01 2.646366038396231701e+01 1.644723033533795586e+01 6.915946155721743871e+00 1.889133981831113474e+01 2.006104547414540917e+01 1.221631425185087494e+01 1.450975892120886357e+01 6.669928971899458325e+00 2.363323084597680435e+01 1.791635147714875842e+01 2.415095965019787982e+01 2.803491147797799243e+01 1.303844588934388504e+01 2.001306993560377023e+01 2.347425242354578501e+01 0.000000000000000000e+00 1.725239540717766573e+01 2.094264015008688062e+01 6.654203991220322578e+00 1.382996420009288308e+01 2.145275215994505302e+01 1.134863392755961442e+01 1.757251824621936720e+01 1.266037795885978312e+01 1.608523587614166317e+01 2.241394556881576250e+01 2.036763032649469807e+01 2.553898446431075797e+01 2.508846875601187421e+01 2.389786868372198825e+01 1.725806169326467554e+01 6.658484583844447080e+00 8.905199825050896578e+00 1.924587521960886249e+01 1.971032041860885187e+01 1.186400805264710101e+01 1.022508042405966400e+01 1.414642810828103769e+01 5.598989938331236260e+00 1.664948436785935826e+01
2.825281950610096615e+01 7.406415440794738458e+00 3.356421628921528821e+01 1.348102297900873658e+01 1.769852592278346393e+01 2.247125831258293260e+01 1.563209889534161334e+01 3.437902339497199478e+01 6.643999673453667043e+00 2.307778441898161859e+01 3.225682825509350948e+01 2.157190988608155280e+01 1.387967322739398313e+01 6.908236076032579831e+00 1.623756925424270747e+01 2.276370028928461764e+01 2.771982079512853758e+01 1.441638518586479378e+01 3.416306994376088824e+01 1.487236247066176631e+01 1.259755034257600848e+01 3.478199765619067563e+01 6.626047501011794516e+00 2.291382738097670568e+01 2.712247921139985962e+01 1.725239540717766573e+01 0.000000000000000000e+00 2.841290470785660816e+01 2.097343400770655819e+01 1.156961507825065993e+01 2.068087007973674929e+01 1.807301995415913964e+01 2.886261327738126781e+01 9.153047725507388321e+00 1.916227822652592749e+01 1.195670152365408789e+01 3.309180765493787391e+01 1.709922589524718006e+01 1.891991354148014537e+01 6.766581827597532239e+00 2.680566805841929678e+01 1.089223180132233182e+01 1.678071143165914947e+01 1.135837090378475800e+01 3.052635265849135848e+01 2.259974351286033212e+01 2.666954322782509834e+01 1.155475386643878366e+01 1.273533949912354579e+01 2.513395380188140038e+01
1.399007751587137349e+01 2.580893220946015987e+01 7.535634020406722478e+00 2.134112475499820505e+01 2.713981469921371570e+01 1.425729143667092913e+01 1.729158371654265380e+01 1.611417168926947241e+01 3.138293350334979692e+01 1.539252349356185334e+01 6.550571946223477937e+00 6.892253329538752915e+00 2.611238976211788199e+01 2.207592777847469279e+01 2.169387963146157361e+01 1.883400633063839180e+01 1.081247735656234710e+01 1.836678272700482495e+01 1.858606068523630483e+01 1.447771609073284438e+01 2.749679334608114090e+01 1.164204731398062087e+01 3.243094733582729816e+01 1.545201936957770883e+01 7.300628569523340161e+00 2.094264015008688062e+01 2.841290470785660816e+01 0.000000000000000000e+00 1.997064882476303183e+01 2.864704214577982810e+01 1.186493559701303724e+01 1.182489783854353327e+01 1.796375855987211168e+01 2.080743691864792311e+01 2.161580231178854916e+01 2.191036696436691855e+01 1.083536257982979834e+01 2.032603104436610764e+01 1.752276853439963133e+01 2.536013338032080355e+01 5.434410935926872632e+00 2.695383545680175530e+01 2.419231670839463533e+01 2.654184130176614076e+01 5.920489276051611682e+00 9.288381035654404982e+00 1.409213387106338011e+01 1.697130010040198655e+01 2.290378515836266970e+01 1.791713094112598270e+01
1.562642211314030760e+01 1.594612191346374175e+01 2.011763290873269838e+01 2.372788443453967488e+01 9.801698752933289072e+00 6.919904964801155245e+00 1.856520022254987268e+01 1.648617699227904509e+01 1.732962169000766295e+01 2.133307943818857666e+01 2.612822441199296364e+01 1.683349211264188838e+01 7.271746845776386081e+00 2.438595970141774316e+01 1.474741950629280041e+01 6.490805552216286856e+00 1.163042509117409296e+01 1.237422543876015091e+01 1.831529500424304757e+01 2.089651206982826537e+01 1.992614966159043988e+01 2.250512084502267385e+01 1.464438644009801926e+01 1.397312812437821350e+01 2.110704350801288953e+01 6.654203991220322578e+00 2.097343400770655819e+01 1.997064882476303183e+01 0.000000000000000000e+00 1.047702104233752252e+01 2.214327315989234890e+01 1.322058189518845062e+01 1.227608297503881829e+01 1.860509885878716574e+01 9.659771830375197155e+00 2.547052815596657283e+01 1.758002810672485339e+01 1.926742038069788521e+01 2.456768867979524629e+01 2.199956357855355904e+01 1.525930519484800207e+01 1.113784557101003259e+01 5.339283182295999630e+00 1.522034775291995246e+01 1.739477148276683849e+01 1.104678954883708997e+01 6.675168828800821075e+00 1.895441574172059873e+01 1.195855216292878609e+01 1.111969373490404145e+01
1.791361009106465829e+01 1.371115276090190527e+01 2.842409159279762321e+01 1.663952363995992201e+01 6.435614298382129839e+00 1.708879384469502938e+01 2.585965013765439124e+01 2.293540568829844162e+01 6.852600647670140432e+00 1.873471245251785788e+01 2.780805497574170815e+01 2.561646721455198517e+01 7.712053393122294764e+00 1.684870740174057602e+01 9.494269086982313866e+00 1.132008258261106981e+01 1.947651125315976728e+01 1.995221121878422466e+01 2.342280614887610213e+01 2.253609518176672921e+01 1.165701047311536165e+01 2.465022236667392264e+01 6.698282328767356297e+00 1.320758620000947836e+01 2.134641357625649860e+01 1.382996420009288308e+01 1.156961507825065993e+01 2.864704214577982810e+01 1.047702104233752252e+01 0.000000000000000000e+00 2.315465372001636624e+01 2.338947077508232297e+01 1.796740129826521937e+01 1.832179274594672336e+01 8.472844708968109373e+00 1.671185484876346194e+01 2.488430163361518765e+01 1.509826427556748207e+01 2.039853257466485204e+01 1.183867575399248651e+01 2.421965685967928295e+01 1.139510690576785557e+01 5.601332200395540362e+00 6.181740646082053203e+00 2.598642441650035551e+01 2.043055313316388677e+01 1.516384655283998306e+01 2.248444712267188805e+01 1.557093089023210553e+01 1.459916198103533702e+01
1.217027121564597003e+01 2.092061953016883180e+01 1.849987055175035522e+01 9.603082010758829057e+00 2.188847507957483884e+01 1.581392950592984370e+01 1.220068647399485862e+01 2.374620521503417336e+01 2.053309759699820347e+01 6.573767871179868827e+00 1.330985233597958661e+01 6.372182047675667427e+00 2.779050259045519411e+01 1.384836031230345021e+01 1.531852348765417027e+01 1.722051282492891033e+01 1.663473315231269467e+01 1.602831439211287545e+01 1.974219813381896671e+01 6.350818206286771961e+00 1.607149238087663790e+01 1.456123278202319504e+01 2.667882837802577356e+01 9.957891915785577197e+00 7.044117530292361984e+00 2.145275215994505302e+01 2.068087007973674929e+01 1.186493559701303724e+01 2.214327315989234890e+01 2.315465372001636624e+01 0.000000000000000000e+00 1.045083914307941875e+01 1.771038378792028212e+01 1.512994566950440323e+01 1.616426980516887113e+01 1.190785694212681101e+01 2.033751398161282609e+01 1.188775638595573447e+01 6.009578913732163130e+00 1.485751522241945821e+01 1.311618268147355160e+01 2.464696493527219801e+01 2.254730445353911250e+01 1.905850533916386524e+01 1.560854207959245876e+01 1.146927028666758730e+01 1.662204961486386168e+01 1.079006108447402745e+01 2.064601299254859867e+01 1.342809389400629172e+01
1.929152466722312553e+01 1.431565759306670493e+01 1.598406419912869225e+01 1.602209763486131777e+01 2.169656227529504378e+01 6.300676930387298036e+00 6.878968952198080800e+00 1.795087665186369463e+01 2.398712098267986548e+01 1.668791176065259663e+01 1.719058289142641271e+01 6.169433708285513518e+00 1.818110341841286726e+01 1.350517955014467653e+01 2.326626231643429321e+01 1.362761907061672240e+01 1.007909733073842062e+01 6.628378414656485695e+00 2.264517935105650537e+01 7.675930174639812087e+00 2.112793646307165574e+01 2.076486943482654013e+01 2.097376443909996979e+01 1.805172218567991749e+01 1.291305499735185336e+01 1.134863392755961442e+01 1.807301995415913964e+01 1.182489783854353327e+01 1.322058189518845062e+01 2.338947077508232297e+01 1.045083914307941875e+01 0.000000000000000000e+00 1.626533212797754757e+01 9.454693647368687337e+00 1.967275955604010562e+01 1.465961340264201063e+01 1.514153991964937696e+01 1.937958250553717576e+01 1.408227317183975913e+01 1.807585322430818664e+01 9.409687561727562155e+00 1.593428345399266455e+01 1.800683011956362378e+01 2.391020113321400942e+01 1.295389236629816843e+01 4.919485816348933227e+00 9.276885506946960902e+00 7.738945003846667170e+00 1.129821034930514045e+01 1.733033634470870510e+01
