0.000000000000000000e+00 6.353258129479123495e-01 6.261813715739028563e-01 5.671829458341502983e-01 3.283572257480329992e-01 3.243056664142790479e-01 2.696986657406691967e-01 2.558403414262717668e-01 2.542759113887733680e-01 4.574018182150754175e-01 4.736001242169325942e-01 1.760712077501861705e-01 1.687773559038912852e-01 3.916689053064527082e-01 1.646925835054402487e-01 1.578318906975215152e-01 5.179646629831711202e-01 1.397094031592587271e-01 5.258861157123190244e-01 3.122589142706140852e-01 2.090888395179260895e-01 5.110136295200170542e-01 2.725716968017724562e-01 1.456238354645000566e-01 4.850150657068870719e-01
6.353258129479123495e-01 0.000000000000000000e+00 4.702994883462643383e-01 4.192657674733297202e-01 9.011043339632914817e-01 3.246313748720111581e-01 7.271119458330241869e-01 6.960304851856485842e-01 5.048207432999822775e-01 3.475122309427991496e-01 1.781839530028286878e-01 4.760816001726828617e-01 5.889462538480579878e-01 3.358299826348773998e-01 7.432238371595663029e-01 5.266601713731143830e-01 4.081704668147281279e-01 5.819958623763890060e-01 3.080531049275637145e-01 3.714479796232783571e-01 4.275935595149434332e-01 3.512960768995371241e-01 4.202327349205042806e-01 6.330725606972965602e-01 3.201410742192433712e-01
6.261813715739028563e-01 4.702994883462643383e-01 0.000000000000000000e+00 4.143206446049533254e-01 9.043748410398479987e-01 3.857638149528906379e-01 6.931258662254258240e-01 7.185950034420904853e-01 4.238740455192343548e-01 2.173023959007420181e-01 3.003028795209532475e-01 5.498286938383402100e-01 5.487341990996731367e-01 3.591743582601630291e-01 7.331714001105013034e-01 5.492246896295566172e-01 3.468087869351038632e-01 5.503209981473908829e-01 2.900787309433709438e-01 3.193066731181866125e-01 4.300855738370631953e-01 1.220846485258462732e-01 4.400142063152031047e-01 6.529984182790595781e-01 3.517524875337042500e-01
5.671829458341502983e-01 4.192657674733297202e-01 4.143206446049533254e-01 0.000000000000000000e+00 7.890639595734515455e-01 3.422811967536107391e-01 6.751977286820273205e-01 6.827983750213493241e-01 3.609213737044591475e-01 2.497921236256908373e-01 2.501398110564156396e-01 3.936727651908775161e-01 5.293374212509593946e-01 1.769858645295726840e-01 6.193220383220252589e-01 5.139010937731107731e-01 1.378604406753954348e-01 4.431857851572795215e-01 1.360972070307971404e-01 3.713955306560228764e-01 4.513224766359397178e-01 3.040066051527336444e-01 2.947244615210177776e-01 6.179382352323179450e-01 1.153973289933124258e-01
3.283572257480329992e-01 9.011043339632914817e-01 9.043748410398479987e-01 7.890639595734515455e-01 0.000000000000000000e+00 5.951096833268781916e-01 5.737997133997906340e-01 5.811845190300948261e-01 4.906493307289621075e-01 6.927120396741772712e-01 7.539923062892922578e-01 4.250227337906083980e-01 4.462818270646999874e-01 6.175847337903591638e-01 1.737657343064837601e-01 4.785889757483520190e-01 7.323091027163699529e-01 3.540538428924573933e-01 7.631823131696361395e-01 6.080877670489245324e-01 5.268753177041505253e-01 7.973620231748350662e-01 4.962582562228210481e-01 4.716753964098902574e-01 7.267935489041386088e-01
3.243056664142790479e-01 3.246313748720111581e-01 3.857638149528906379e-01 3.422811967536107391e-01 5.951096833268781916e-01 0.000000000000000000e+00 4.441658154428019811e-01 3.784458083883290858e-01 2.615453658239801360e-01 2.382373769689183907e-01 1.777989922134425860e-01 1.795968722341779733e-01 3.121060708061138556e-01 1.696480661319133554e-01 4.381900908295418007e-01 2.090754945757948846e-01 3.065766858394415317e-01 3.095667260775894492e-01 2.745366237896822437e-01 1.324798182520866008e-01 1.393341197438945911e-01 2.650987180804918464e-01 1.702715138146480567e-01 3.154030510074469773e-01 2.356031597773820263e-01
2.696986657406691967e-01 7.271119458330241869e-01 6.931258662254258240e-01 6.751977286820273205e-01 5.737997133997906340e-01 4.441658154428019811e-01 0.000000000000000000e+00 4.467281637911365566e-01 3.276718081585061615e-01 5.130747307367871102e-01 5.570349926164045451e-01 4.124638134452178750e-01 1.763009877629416744e-01 5.280029907864659533e-01 4.101350711571982166e-01 3.042638771846803980e-01 5.976127783935023530e-01 3.252675284176464454e-01 6.081991746878870897e-01 3.738199859338859343e-01 3.133845236734559281e-01 5.789459194102143380e-01 4.401322332091700540e-01 3.570744428033872930e-01 6.328259515530630930e-01
2.558403414262717668e-01 6.960304851856485842e-01 7.185950034420904853e-01 6.827983750213493241e-01 5.811845190300948261e-01 3.784458083883290858e-01 4.467281637911365566e-01 0.000000000000000000e+00 4.028015810940632768e-01 5.591867180129221904e-01 5.476063934419423962e-01 3.227447769282580925e-01 3.468642062361254053e-01 5.097803019438869043e-01 4.175198767875021311e-01 1.693703138125340624e-01 6.463517302493734240e-01 3.887293871374382093e-01 6.076996916498320633e-01 4.181290328574913673e-01 2.946475720300657519e-01 5.982617859406417216e-01 4.286182427891651603e-01 1.191830056325697967e-01 5.846980031892579088e-01
2.542759113887733680e-01 5.048207432999822775e-01 4.238740455192343548e-01 3.609213737044591475e-01 4.906493307289621075e-01 2.615453658239801360e-01 3.276718081585061615e-01 4.028015810940632768e-01 0.000000000000000000e+00 2.165471441735514480e-01 3.315366437235809371e-01 1.929743218543987504e-01 1.702572789503296602e-01 2.129942389438427564e-01 3.170947689568295869e-01 2.392086110880431993e-01 2.833364234159344575e-01 1.404971398522451564e-01 3.026525103973343733e-01 1.479402349614761247e-01 1.287444882375477773e-01 3.133338168182001615e-01 1.203857743921084023e-01 3.287896650693506451e-01 3.185495965754949754e-01
4.574018182150754175e-01 3.475122309427991496e-01 2.173023959007420181e-01 2.497921236256908373e-01 6.927120396741772712e-01 2.382373769689183907e-01 5.130747307367871102e-01 5.591867180129221904e-01 2.165471441735514480e-01 0.000000000000000000e+00 1.777230080109813426e-01 3.502233989267288239e-01 3.683187631367831893e-01 1.674936730966969933e-01 5.215085987448302429e-01 3.898164042003879892e-01 1.755584756947129732e-01 3.386581967817199335e-01 1.413349644213551803e-01 1.558067218328959558e-01 2.706772884078945673e-01 1.221744403791880512e-01 2.324280094419655107e-01 4.912483377617656854e-01 2.073377588274943062e-01
4.736001242169325942e-01 1.781839530028286878e-01 3.003028795209532475e-01 2.501398110564156396e-01 7.539923062892922578e-01 1.777989922134425860e-01 5.570349926164045451e-01 5.476063934419423962e-01 3.315366437235809371e-01 1.777230080109813426e-01 0.000000000000000000e+00 3.335792428644868690e-01 4.156621542716567030e-01 1.805693657752721337e-01 5.927277177899068494e-01 3.782360796294085281e-01 2.383812438829101821e-01 4.288458461040854930e-01 1.382638819957458520e-01 1.981638800468769890e-01 2.659275438868333730e-01 1.812994680742259224e-01 2.670827186482007121e-01 4.846874158873883398e-01 1.525911564075868032e-01
1.760712077501861705e-01 4.760816001726828617e-01 5.498286938383402100e-01 3.936727651908775161e-01 4.250227337906083980e-01 1.795968722341779733e-01 4.124638134452178750e-01 3.227447769282580925e-01 1.929743218543987504e-01 3.502233989267288239e-01 3.335792428644868690e-01 0.000000000000000000e+00 2.796555402567464377e-01 2.173716875035766050e-01 2.671422369868832747e-01 1.596960885703972155e-01 3.515284714146712508e-01 1.365606479257304162e-01 3.818664208527102755e-01 2.820654148485812751e-01 1.598439481502368364e-01 4.291635969659413630e-01 1.179573201652067971e-01 2.476423192050120903e-01 3.089438579567008736e-01
1.687773559038912852e-01 5.889462538480579878e-01 5.487341990996731367e-01 5.293374212509593946e-01 4.462818270646999874e-01 3.121060708061138556e-01 1.763009877629416744e-01 3.468642062361254053e-01 1.702572789503296602e-01 3.683187631367831893e-01 4.156621542716567030e-01 2.796555402567464377e-01 0.000000000000000000e+00 3.743192009843749890e-01 2.763929150001641633e-01 1.962261480573500305e-01 4.517524709624344825e-01 1.551688256633336205e-01 4.667171414067791124e-01 2.294283188081333580e-01 1.813247790367679135e-01 4.345542522844616506e-01 2.681495262860644213e-01 2.659404605907759178e-01 4.869656441219951115e-01
3.916689053064527082e-01 3.358299826348773998e-01 3.591743582601630291e-01 1.769858645295726840e-01 6.175847337903591638e-01 1.696480661319133554e-01 5.280029907864659533e-01 5.097803019438869043e-01 2.129942389438427564e-01 1.674936730966969933e-01 1.805693657752721337e-01 2.173716875035766050e-01 3.743192009843749890e-01 0.000000000000000000e+00 4.496776588272394237e-01 3.408830206956481312e-01 1.378955757001035509e-01 2.735414056624933532e-01 1.929303393302626290e-01 2.328290793387104429e-01 2.880119835182033405e-01 2.500447193184585637e-01 1.215066592247657090e-01 4.449201621548553587e-01 1.133366549181697991e-01
1.646925835054402487e-01 7.432238371595663029e-01 7.331714001105013034e-01 6.193220383220252589e-01 1.737657343064837601e-01 4.381900908295418007e-01 4.101350711571982166e-01 4.175198767875021311e-01 3.170947689568295869e-01 5.215085987448302429e-01 5.927277177899068494e-01 2.671422369868832747e-01 2.763929150001641633e-01 4.496776588272394237e-01 0.000000000000000000e+00 3.149243335057592685e-01 5.611056617870227026e-01 1.828504019631102540e-01 5.919788722402890002e-01 4.345332052767920672e-01 3.632106754615577748e-01 6.238074614027029341e-01 3.289619328493073036e-01 3.080107541672975624e-01 5.607034799009013026e-01
1.578318906975215152e-01 5.266601713731143830e-01 5.492246896295566172e-01 5.139010937731107731e-01 4.785889757483520190e-01 2.090754945757948846e-01 3.042638771846803980e-01 1.693703138125340624e-01 2.392086110880431993e-01 3.898164042003879892e-01 3.782360796294085281e-01 1.596960885703972155e-01 1.962261480573500305e-01 3.408830206956481312e-01 3.149243335057592685e-01 0.000000000000000000e+00 4.774544490011346509e-01 2.575220136419201222e-01 4.383293778372979177e-01 2.496337911119823894e-01 1.252772582175316896e-01 4.288914721281075204e-01 2.652240130907174143e-01 1.119236850761703983e-01 4.158007219410191357e-01
5.179646629831711202e-01 4.081704668147281279e-01 3.468087869351038632e-01 1.378604406753954348e-01 7.323091027163699529e-01 3.065766858394415317e-01 5.976127783935023530e-01 6.463517302493734240e-01 2.833364234159344575e-01 1.755584756947129732e-01 2.383812438829101821e-01 3.515284714146712508e-01 4.517524709624344825e-01 1.378955757001035509e-01 5.611056617870227026e-01 4.774544490011346509e-01 0.000000000000000000e+00 3.782552598239124486e-01 1.457881072447556048e-01 2.898606612749639044e-01 3.959403246579931701e-01 2.364947474828841267e-01 2.525801677448114013e-01 5.814915904603419339e-01 1.321625913463241875e-01
1.397094031592587271e-01 5.819958623763890060e-01 5.503209981473908829e-01 4.431857851572795215e-01 3.540538428924573933e-01 3.095667260775894492e-01 3.252675284176464454e-01 3.887293871374382093e-01 1.404971398522451564e-01 3.386581967817199335e-01 4.288458461040854930e-01 1.365606479257304162e-01 1.551688256633336205e-01 2.735414056624933532e-01 1.828504019631102540e-01 2.575220136419201222e-01 3.782552598239124486e-01 0.000000000000000000e+00 4.091284702771788018e-01 2.703777453555782917e-01 2.373763394256180048e-01 4.504344749564322403e-01 1.617631274558847532e-01 2.798658257820808570e-01 3.868780605806630968e-01
5.258861157123190244e-01 3.080531049275637145e-01 2.900787309433709438e-01 1.360972070307971404e-01 7.631823131696361395e-01 2.745366237896822437e-01 6.081991746878870897e-01 6.076996916498320633e-01 3.026525103973343733e-01 1.413349644213551803e-01 1.382638819957458520e-01 3.818664208527102755e-01 4.667171414067791124e-01 1.929303393302626290e-01 5.919788722402890002e-01 4.383293778372979177e-01 1.457881072447556048e-01 4.091284702771788018e-01 0.000000000000000000e+00 2.493280621183594781e-01 3.192108811608235786e-01 1.715234687388337287e-01 2.908878630735674542e-01 5.432156515378672168e-01 1.117597074524500494e-01
3.122589142706140852e-01 3.714479796232783571e-01 3.193066731181866125e-01 3.713955306560228764e-01 6.080877670489245324e-01 1.324798182520866008e-01 3.738199859338859343e-01 4.181290328574913673e-01 1.479402349614761247e-01 1.558067218328959558e-01 1.981638800468769890e-01 2.820654148485812751e-01 2.294283188081333580e-01 2.328290793387104429e-01 4.345332052767920672e-01 2.496337911119823894e-01 2.898606612749639044e-01 2.703777453555782917e-01 2.493280621183594781e-01 0.000000000000000000e+00 1.243565328944506859e-01 2.051267263029752930e-01 2.234940630589581922e-01 3.441171168327787910e-01 2.996914737467273881e-01
2.090888395179260895e-01 4.275935595149434332e-01 4.300855738370631953e-01 4.513224766359397178e-01 5.268753177041505253e-01 1.393341197438945911e-01 3.133845236734559281e-01 2.946475720300657519e-01 1.287444882375477773e-01 2.706772884078945673e-01 2.659275438868333730e-01 1.598439481502368364e-01 1.813247790367679135e-01 2.880119835182033405e-01 3.632106754615577748e-01 1.252772582175316896e-01 3.959403246579931701e-01 2.373763394256180048e-01 3.192108811608235786e-01 1.243565328944506859e-01 0.000000000000000000e+00 3.097729754516330702e-01 2.180134137605488631e-01 2.268844349182402853e-01 3.629296847635744006e-01
5.110136295200170542e-01 3.512960768995371241e-01 1.220846485258462732e-01 3.040066051527336444e-01 7.973620231748350662e-01 2.650987180804918464e-01 5.789459194102143380e-01 5.982617859406417216e-01 3.133338168182001615e-01 1.221744403791880512e-01 1.812994680742259224e-01 4.291635969659413630e-01 4.345542522844616506e-01 2.500447193184585637e-01 6.238074614027029341e-01 4.288914721281075204e-01 2.364947474828841267e-01 4.504344749564322403e-01 1.715234687388337287e-01 2.051267263029752930e-01 3.097729754516330702e-01 0.000000000000000000e+00 3.397744147683434690e-01 5.337777458286769861e-01 2.331972253291670349e-01
2.725716968017724562e-01 4.202327349205042806e-01 4.400142063152031047e-01 2.947244615210177776e-01 4.962582562228210481e-01 1.702715138146480567e-01 4.401322332091700540e-01 4.286182427891651603e-01 1.203857743921084023e-01 2.324280094419655107e-01 2.670827186482007121e-01 1.179573201652067971e-01 2.681495262860644213e-01 1.215066592247657090e-01 3.289619328493073036e-01 2.652240130907174143e-01 2.525801677448114013e-01 1.617631274558847532e-01 2.908878630735674542e-01 2.234940630589581922e-01 2.180134137605488631e-01 3.397744147683434690e-01 0.000000000000000000e+00 3.535157850659192968e-01 2.318024778129083308e-01
1.456238354645000566e-01 6.330725606972965602e-01 6.529984182790595781e-01 6.179382352323179450e-01 4.716753964098902574e-01 3.154030510074469773e-01 3.570744428033872930e-01 1.191830056325697967e-01 3.287896650693506451e-01 4.912483377617656854e-01 4.846874158873883398e-01 2.476423192050120903e-01 2.659404605907759178e-01 4.449201621548553587e-01 3.080107541672975624e-01 1.119236850761703983e-01 5.814915904603419339e-01 2.798658257820808570e-01 5.432156515378672168e-01 3.441171168327787910e-01 2.268844349182402853e-01 5.337777458286769861e-01 3.535157850659192968e-01 0.000000000000000000e+00 5.198378634002264187e-01
4.850150657068870719e-01 3.201410742192433712e-01 3.517524875337042500e-01 1.153973289933124258e-01 7.267935489041386088e-01 2.356031597773820263e-01 6.328259515530630930e-01 5.846980031892579088e-01 3.185495965754949754e-01 2.073377588274943062e-01 1.525911564075868032e-01 3.089438579567008736e-01 4.869656441219951115e-01 1.133366549181697991e-01 5.607034799009013026e-01 4.158007219410191357e-01 1.321625913463241875e-01 3.868780605806630968e-01 1.117597074524500494e-01 2.996914737467273881e-01 3.629296847635744006e-01 2.331972253291670349e-01 2.318024778129083308e-01 5.198378634002264187e-01 0.000000000000000000e+00
