0.000000000000000000e+00 1.107558183355281223e+00 9.579034358609015420e-01 9.813134802604566165e-01 6.776621832517194521e-01 6.520894413230660103e-01 5.670168663081113225e-01 4.609766389042149748e-01 5.217649066096951005e-01 4.099154724951929452e-01 3.556086146629291456e-01 6.385474794706063051e-01 7.109150014911881366e-01 2.956591952940447188e-01 7.634270299884389210e-01 8.453412546398934024e-01 4.880551205838914997e-01 2.386166079859933509e-01 2.304375269816757998e-01 2.754320408448885926e-01 4.765441009724015187e-01 4.449139566001815149e-01 2.240731095726978817e-01 1.915141262541115719e-01 5.998580522579161078e-01
1.107558183355281223e+00 0.000000000000000000e+00 8.881932813231804280e-01 8.766687527847648598e-01 1.283857796920460315e+00 1.341098660647398022e+00 5.650891675438761697e-01 1.536899225220427878e+00 7.250719709609149133e-01 9.122300527934449343e-01 1.027333249035759399e+00 5.394611597582129603e-01 6.079689855757407502e-01 8.186793823357760846e-01 8.099826691499995013e-01 2.813913776609835438e-01 7.108462914527773346e-01 1.333714664719880094e+00 1.029946805046007441e+00 8.751431224083204841e-01 1.092369282053143431e+00 7.302211661112153473e-01 9.695321958926513828e-01 9.998587663993894203e-01 7.200682077697901917e-01
9.579034358609015420e-01 8.881932813231804280e-01 0.000000000000000000e+00 8.795977260275130716e-01 1.293494784776349160e+00 1.423995945416036690e+00 7.163527732330694509e-01 1.400535646865923134e+00 4.550523141376271452e-01 9.061916838014262288e-01 1.090638587186891328e+00 4.003417407076431123e-01 5.870364492096169506e-01 7.070961369428171439e-01 2.868388029472714873e-01 6.401284082079360394e-01 6.802517010762401117e-01 1.193530855630574816e+00 9.125923982499506426e-01 8.873584489542868381e-01 1.096802709610618543e+00 8.268665807997767070e-01 1.064853207819374648e+00 7.939661291590939252e-01 4.056241492294991868e-01
9.813134802604566165e-01 8.766687527847648598e-01 8.795977260275130716e-01 0.000000000000000000e+00 1.162791763248137045e+00 1.272067561859768769e+00 5.695309171115477964e-01 1.430597351400911377e+00 5.901572194108610780e-01 7.713205565291203492e-01 9.637681493460498183e-01 6.276779226034584491e-01 3.036369672408994469e-01 7.956906988320729956e-01 8.101397089974960997e-01 5.973047212860896904e-01 5.267726547015398886e-01 1.217949424707451156e+00 8.570266842083456016e-01 8.589074075256248886e-01 9.713032483808201611e-01 6.368290027793157559e-01 8.744152122443518138e-01 7.936955900138443765e-01 7.695362846533693180e-01
6.776621832517194521e-01 1.283857796920460315e+00 1.293494784776349160e+00 1.162791763248137045e+00 0.000000000000000000e+00 9.758128632901362787e-01 7.705494763081086607e-01 1.104328424857947466e+00 8.514009523496125498e-01 4.045072951797499816e-01 7.004981085665007434e-01 1.040897176532313617e+00 9.310509615677524664e-01 7.458046279120793542e-01 1.117697629761653211e+00 1.003095546260775794e+00 6.784370188802136825e-01 8.888701478540294021e-01 4.879814946780482998e-01 7.055889536603575651e-01 2.151330192397231666e-01 5.711480007385378865e-01 5.198442903258534420e-01 6.175512036414432249e-01 9.860067896241283547e-01
6.520894413230660103e-01 1.341098660647398022e+00 1.423995945416036690e+00 1.272067561859768769e+00 9.758128632901362787e-01 0.000000000000000000e+00 7.801211116149864289e-01 1.055989445692523176e+00 1.045512846811707863e+00 6.458765393642246222e-01 3.529038725476972838e-01 1.034597986327697283e+00 1.028744172811861812e+00 7.749107600129017115e-01 1.251627471033851524e+00 1.060336409987713946e+00 8.400641846045867611e-01 8.440850278765030801e-01 7.115780388496750763e-01 5.777805170949841251e-01 7.833523917571754147e-01 6.352385590804531246e-01 4.770752333700254422e-01 8.315810935311858110e-01 1.064435818865681282e+00
5.670168663081113225e-01 5.650891675438761697e-01 7.163527732330694509e-01 5.695309171115477964e-01 7.705494763081086607e-01 7.801211116149864289e-01 0.000000000000000000e+00 9.900837461049674104e-01 4.485245413787958269e-01 3.989217321810934469e-01 4.629267558693660467e-01 3.279584270720606876e-01 3.133285373474632429e-01 3.028567987072242618e-01 5.889985943739547425e-01 2.958672485289568499e-01 2.611319027377576041e-01 7.868991856044191824e-01 5.441965817410941986e-01 3.242436705372680472e-01 5.790609614407918881e-01 1.994014755695707741e-01 4.245050078671577243e-01 4.988149891334230923e-01 4.120446502607368888e-01
4.609766389042149748e-01 1.536899225220427878e+00 1.400535646865923134e+00 1.430597351400911377e+00 1.104328424857947466e+00 1.055989445692523176e+00 9.900837461049674104e-01 0.000000000000000000e+00 9.676426392126616927e-01 8.297580321418039917e-01 7.595086190323865338e-01 1.074103442268048436e+00 1.160198872631642786e+00 7.274089870708082550e-01 1.203855874874564025e+00 1.268408134436749490e+00 9.385008657880181682e-01 2.311794250862730105e-01 6.797015443174898586e-01 6.861909108114059297e-01 9.074299518489455929e-01 8.571819612996314230e-01 6.318244363606496661e-01 6.404659116391849816e-01 1.039202594789823353e+00
5.217649066096951005e-01 7.250719709609149133e-01 4.550523141376271452e-01 5.901572194108610780e-01 8.514009523496125498e-01 1.045512846811707863e+00 4.485245413787958269e-01 9.676426392126616927e-01 0.000000000000000000e+00 4.640978513746899514e-01 7.076879616106864779e-01 3.161698280235525904e-01 3.032854318947648120e-01 2.910881149917287081e-01 2.991514913429823008e-01 4.720644481860181707e-01 2.535325185270018156e-01 7.573923263793683747e-01 4.704985658232143098e-01 5.021563338707561996e-01 6.547088771838820431e-01 4.654593210468513931e-01 6.424259662647054947e-01 3.519526901986980705e-01 2.058776839818958759e-01
4.099154724951929452e-01 9.122300527934449343e-01 9.061916838014262288e-01 7.713205565291203492e-01 4.045072951797499816e-01 6.458765393642246222e-01 3.989217321810934469e-01 8.297580321418039917e-01 4.640978513746899514e-01 0.000000000000000000e+00 3.559276024386301418e-01 6.535940755573911298e-01 5.407650305239574129e-01 3.585015269371569779e-01 7.303945287867303904e-01 6.314678021337606362e-01 2.823275551679890194e-01 6.146519540618573529e-01 2.298734712095487631e-01 3.392163073139677354e-01 2.130187803124328760e-01 1.995202566115227005e-01 2.164103596773684079e-01 2.405656370179625192e-01 5.987036886492056453e-01
3.556086146629291456e-01 1.027333249035759399e+00 1.090638587186891328e+00 9.637681493460498183e-01 7.004981085665007434e-01 3.529038725476972838e-01 4.629267558693660467e-01 7.595086190323865338e-01 7.076879616106864779e-01 3.559276024386301418e-01 0.000000000000000000e+00 7.069144518956539391e-01 7.191278845837681954e-01 4.370858748118806592e-01 9.138025858328305828e-01 7.465709983760745461e-01 5.409082983815628465e-01 5.476042012163663264e-01 4.263402391887641252e-01 2.282875724800456918e-01 5.080376370335402125e-01 3.269391465667338958e-01 1.988506083763575960e-01 5.228740621604766048e-01 7.266109336646601191e-01
6.385474794706063051e-01 5.394611597582129603e-01 4.003417407076431123e-01 6.276779226034584491e-01 1.040897176532313617e+00 1.034597986327697283e+00 3.279584270720606876e-01 1.074103442268048436e+00 3.161698280235525904e-01 6.535940755573911298e-01 7.069144518956539391e-01 0.000000000000000000e+00 3.351166457855621061e-01 3.466944551972406252e-01 2.981204901390063222e-01 2.913962866429683496e-01 4.658405204854428883e-01 8.719080585266704153e-01 6.599947900059156547e-01 5.111964421710961659e-01 8.442051013665837766e-01 5.078633244982978523e-01 7.138553638481918151e-01 5.115630833291843205e-01 1.869491805966455034e-01
7.109150014911881366e-01 6.079689855757407502e-01 5.870364492096169506e-01 3.036369672408994469e-01 9.310509615677524664e-01 1.028744172811861812e+00 3.133285373474632429e-01 1.160198872631642786e+00 3.032854318947648120e-01 5.407650305239574129e-01 7.191278845837681954e-01 3.351166457855621061e-01 0.000000000000000000e+00 5.252431423199052096e-01 5.175784321795999787e-01 3.286049540770654698e-01 2.595388712891194549e-01 9.475509459381825650e-01 5.893732941036617934e-01 6.045619253826116646e-01 7.395624467004354718e-01 3.935056137314084101e-01 6.310918231964443015e-01 5.232971112445758965e-01 4.760036113715653272e-01
2.956591952940447188e-01 8.186793823357760846e-01 7.070961369428171439e-01 7.956906988320729956e-01 7.458046279120793542e-01 7.749107600129017115e-01 3.028567987072242618e-01 7.274089870708082550e-01 2.910881149917287081e-01 3.585015269371569779e-01 4.370858748118806592e-01 3.466944551972406252e-01 5.252431423199052096e-01 0.000000000000000000e+00 5.009870433956163938e-01 5.568191699732922828e-01 3.286804673963640289e-01 5.252136033294299011e-01 3.599704740600545572e-01 2.306443240094245561e-01 5.491125527463491807e-01 3.184086298190332287e-01 4.692412595264386921e-01 1.963446597141636496e-01 3.233623244112887596e-01
7.634270299884389210e-01 8.099826691499995013e-01 2.868388029472714873e-01 8.101397089974960997e-01 1.117697629761653211e+00 1.251627471033851524e+00 5.889985943739547425e-01 1.203855874874564025e+00 2.991514913429823008e-01 7.303945287867303904e-01 9.138025858328305828e-01 2.981204901390063222e-01 5.175784321795999787e-01 5.009870433956163938e-01 0.000000000000000000e+00 5.619177960347548906e-01 5.504466306919711949e-01 9.988079761170016724e-01 7.367952432352550263e-01 7.092961569134225153e-01 9.210055545959227041e-01 7.558693622469589979e-01 9.087226436767461557e-01 6.138660940110891584e-01 1.871916521681702972e-01
8.453412546398934024e-01 2.813913776609835438e-01 6.401284082079360394e-01 5.973047212860896904e-01 1.003095546260775794e+00 1.060336409987713946e+00 2.958672485289568499e-01 1.268408134436749490e+00 4.720644481860181707e-01 6.314678021337606362e-01 7.465709983760745461e-01 2.913962866429683496e-01 3.286049540770654698e-01 5.568191699732922828e-01 5.619177960347548906e-01 0.000000000000000000e+00 4.314822599541019432e-01 1.065223573936201484e+00 7.491845543863232537e-01 6.059212033934012753e-01 8.116070313934587999e-01 4.494589154515310492e-01 6.887699452329670846e-01 7.204947349007141399e-01 4.720033346545455810e-01
4.880551205838914997e-01 7.108462914527773346e-01 6.802517010762401117e-01 5.267726547015398886e-01 6.784370188802136825e-01 8.400641846045867611e-01 2.611319027377576041e-01 9.385008657880181682e-01 2.535325185270018156e-01 2.823275551679890194e-01 5.409082983815628465e-01 4.658405204854428883e-01 2.595388712891194549e-01 3.286804673963640289e-01 5.504466306919711949e-01 4.314822599541019432e-01 0.000000000000000000e+00 7.226202403124425411e-01 3.391848271016205674e-01 4.786663063725209999e-01 4.863338572469950161e-01 2.303123826715408329e-01 4.243718685995607753e-01 3.022831799206439074e-01 4.578457907972393048e-01
2.386166079859933509e-01 1.333714664719880094e+00 1.193530855630574816e+00 1.217949424707451156e+00 8.888701478540294021e-01 8.440850278765030801e-01 7.868991856044191824e-01 2.311794250862730105e-01 7.573923263793683747e-01 6.146519540618573529e-01 5.476042012163663264e-01 8.719080585266704153e-01 9.475509459381825650e-01 5.252136033294299011e-01 9.988079761170016724e-01 1.065223573936201484e+00 7.226202403124425411e-01 0.000000000000000000e+00 4.633870673421192632e-01 4.809722140121525102e-01 6.911154748735754971e-01 6.422500466930783913e-01 4.173157190783027826e-01 4.281500707011061668e-01 8.348952400917031280e-01
2.304375269816757998e-01 1.029946805046007441e+00 9.125923982499506426e-01 8.570266842083456016e-01 4.879814946780482998e-01 7.115780388496750763e-01 5.441965817410941986e-01 6.797015443174898586e-01 4.704985658232143098e-01 2.298734712095487631e-01 4.263402391887641252e-01 6.599947900059156547e-01 5.893732941036617934e-01 3.599704740600545572e-01 7.367952432352550263e-01 7.491845543863232537e-01 3.391848271016205674e-01 4.633870673421192632e-01 0.000000000000000000e+00 4.265607203739137376e-01 2.810173462912429754e-01 3.526714602391788356e-01 2.345028054796497730e-01 1.938207085457218648e-01 6.051044030977300592e-01
2.754320408448885926e-01 8.751431224083204841e-01 8.873584489542868381e-01 8.589074075256248886e-01 7.055889536603575651e-01 5.777805170949841251e-01 3.242436705372680472e-01 6.861909108114059297e-01 5.021563338707561996e-01 3.392163073139677354e-01 2.282875724800456918e-01 5.111964421710961659e-01 6.045619253826116646e-01 2.306443240094245561e-01 7.092961569134225153e-01 6.059212033934012753e-01 4.786663063725209999e-01 4.809722140121525102e-01 4.265607203739137376e-01 0.000000000000000000e+00 5.145477716614530461e-01 2.513404506695857132e-01 2.992093044927163770e-01 3.055454804423578530e-01 5.221045047452519405e-01
4.765441009724015187e-01 1.092369282053143431e+00 1.096802709610618543e+00 9.713032483808201611e-01 2.151330192397231666e-01 7.833523917571754147e-01 5.790609614407918881e-01 9.074299518489455929e-01 6.547088771838820431e-01 2.130187803124328760e-01 5.080376370335402125e-01 8.442051013665837766e-01 7.395624467004354718e-01 5.491125527463491807e-01 9.210055545959227041e-01 8.116070313934587999e-01 4.863338572469950161e-01 6.911154748735754971e-01 2.810173462912429754e-01 5.145477716614530461e-01 0.000000000000000000e+00 3.796594858712208920e-01 3.260281342425060402e-01 4.193915699308575218e-01 7.893147144583978481e-01
4.449139566001815149e-01 7.302211661112153473e-01 8.268665807997767070e-01 6.368290027793157559e-01 5.711480007385378865e-01 6.352385590804531246e-01 1.994014755695707741e-01 8.571819612996314230e-01 4.654593210468513931e-01 1.995202566115227005e-01 3.269391465667338958e-01 5.078633244982978523e-01 3.935056137314084101e-01 3.184086298190332287e-01 7.558693622469589979e-01 4.494589154515310492e-01 2.303123826715408329e-01 6.422500466930783913e-01 3.526714602391788356e-01 2.513404506695857132e-01 3.796594858712208920e-01 0.000000000000000000e+00 2.430178221763124313e-01 3.393712237375962060e-01 5.789154181337410332e-01
2.240731095726978817e-01 9.695321958926513828e-01 1.064853207819374648e+00 8.744152122443518138e-01 5.198442903258534420e-01 4.770752333700254422e-01 4.245050078671577243e-01 6.318244363606496661e-01 6.424259662647054947e-01 2.164103596773684079e-01 1.988506083763575960e-01 7.138553638481918151e-01 6.310918231964443015e-01 4.692412595264386921e-01 9.087226436767461557e-01 6.887699452329670846e-01 4.243718685995607753e-01 4.173157190783027826e-01 2.345028054796497730e-01 2.992093044927163770e-01 3.260281342425060402e-01 2.430178221763124313e-01 0.000000000000000000e+00 4.026873923332489613e-01 7.587663183792181520e-01
1.915141262541115719e-01 9.998587663993894203e-01 7.939661291590939252e-01 7.936955900138443765e-01 6.175512036414432249e-01 8.315810935311858110e-01 4.988149891334230923e-01 6.404659116391849816e-01 3.519526901986980705e-01 2.405656370179625192e-01 5.228740621604766048e-01 5.115630833291843205e-01 5.232971112445758965e-01 1.963446597141636496e-01 6.138660940110891584e-01 7.204947349007141399e-01 3.022831799206439074e-01 4.281500707011061668e-01 1.938207085457218648e-01 3.055454804423578530e-01 4.193915699308575218e-01 3.393712237375962060e-01 4.026873923332489613e-01 0.000000000000000000e+00 4.614549102449898021e-01
5.998580522579161078e-01 7.200682077697901917e-01 4.056241492294991868e-01 7.695362846533693180e-01 9.860067896241283547e-01 1.064435818865681282e+00 4.120446502607368888e-01 1.039202594789823353e+00 2.058776839818958759e-01 5.987036886492056453e-01 7.266109336646601191e-01 1.869491805966455034e-01 4.760036113715653272e-01 3.233623244112887596e-01 1.871916521681702972e-01 4.720033346545455810e-01 4.578457907972393048e-01 8.348952400917031280e-01 6.051044030977300592e-01 5.221045047452519405e-01 7.893147144583978481e-01 5.789154181337410332e-01 7.587663183792181520e-01 4.614549102449898021e-01 0.000000000000000000e+00
