0.000000000000000000e+00 1.516379219434821124e+00 1.508460700575611213e+00 9.968433962455504060e-01 9.760634299599825203e-01 1.223648271823164269e+00 6.683225496395154286e-01 6.058789121137413414e-01 1.090151845441714507e+00 1.100360468452152407e+00 3.867881551449164901e-01 7.927050353791681436e-01 6.813953667539914827e-01 6.948069863674600777e-01 9.489507378335783061e-01 4.776671534981710154e-01 2.775283072065951595e-01 8.608127136703660476e-01 7.013229215724688936e-01 1.012476648391940959e+00 1.278354409272316472e+00 2.346824164509472288e-01 1.297204455782001942e+00 4.940832204686363971e-01 8.181953404635071703e-01 5.391014493979532363e-01 6.518261592813074934e-01 6.536928578419031188e-01 1.838276906617057338e-01 8.088582083178716964e-01 1.888934683932738945e-01 7.982461500872163329e-01 9.811564767434051149e-01 5.311672751742779752e-01 7.908979340888531162e-01 8.337392446523581579e-01 9.666027073286804772e-01 4.777488552481310990e-01 4.063883167244700667e-01 1.009011309849650484e+00 1.585670927694380894e-01 6.474666664904102920e-01 9.227233917619680481e-01 3.552300379218211179e-01 5.467178194451832729e-01 7.185754090319984577e-01 5.581094601971383629e-01 1.100813016246721121e+00 6.790330215586894980e-01 1.395820042649633441e+00 9.663903635560241456e-01 7.982587424931689712e-01 1.178456488831519211e+00 1.396662074691401134e+00 2.457063415757213265e-01 1.045302569837615714e+00 8.913395174494624928e-01 2.658223139863682416e-01 1.206976659686591846e+00 6.013246341940966522e-01 5.661437366229108425e-01 6.277550222551586678e-01 1.242400527269291732e-01 3.436818595376431862e-01 1.097747724639529299e+00 9.284525349791615811e-01 2.965340634771497230e-01 8.800667443891440067e-01 1.166785189248065319e-01 8.271283755201983556e-01 1.085369933370094880e-01 1.018934497151009033e+00 9.999256847674165005e-01 9.081087072593031495e-01 5.727203567915691851e-01
1.516379219434821124e+00 0.000000000000000000e+00 1.348984567581180682e+00 1.467193170793460455e+00 1.511037256988498445e+00 9.236826739486379001e-01 8.601681655421692385e-01 1.075425112582455656e+00 9.147655627264404954e-01 4.510864863676698477e-01 1.206765814682879023e+00 9.068377708654535851e-01 1.175677425923850716e+00 1.147118201378374502e+00 7.491041444087331858e-01 1.102091563250391371e+00 1.486111920680710519e+00 8.762662636086276935e-01 9.124430537508025907e-01 7.018915662310234449e-01 1.118878276277886163e+00 1.307714400699953261e+00 2.301067953367271213e-01 1.142277602166678063e+00 7.202597029143963381e-01 1.041385653120845856e+00 1.085369456332125671e+00 9.036324925767269534e-01 1.479469424946378453e+00 8.571783468570353115e-01 1.340662339599800523e+00 1.340891005749945464e+00 7.481526044885795645e-01 1.076850020919403406e+00 7.833940362941146374e-01 1.314576752750695077e+00 5.884209010401550977e-01 1.220850939170359695e+00 1.112586733927391158e+00 8.533787405047975616e-01 1.513040615407007961e+00 1.006508163462366268e+00 8.436636561004633439e-01 1.284284890885482255e+00 9.696613999896385172e-01 9.932527072461009299e-01 1.042128017977363541e+00 8.081776381356051697e-01 9.038132814659440850e-01 1.282464699502172123e-01 8.344111624308487851e-01 9.530813708886860525e-01 3.397605425681827773e-01 1.237185941696970604e+00 1.367069279093247491e+00 5.750768105546801845e-01 7.773961898130025139e-01 1.324753590234687195e+00 1.039354202569586105e+00 1.031210098401068365e+00 1.140955811042682511e+00 1.111698220184703434e+00 1.415762847636276467e+00 1.204680153204607196e+00 9.382715916450992122e-01 6.198657458166269008e-01 1.226831956002518709e+00 6.642653543154460882e-01 1.580025176196932613e+00 7.913174700914283877e-01 1.427865340687097584e+00 4.991994631470615396e-01 7.690534821836524371e-01 1.449141918001605633e+00 9.632211173511833202e-01
1.508460700575611213e+00 1.348984567581180682e+00 0.000000000000000000e+00 1.514462317744137643e+00 1.457780004572179156e+00 9.233414738035004010e-01 9.980906180041640985e-01 9.025817884618697606e-01 4.618179981439383130e-01 9.284995396770295839e-01 1.209239253002661885e+00 9.489675118500967566e-01 1.122420173507531205e+00 1.194387348329051024e+00 7.447789109069850033e-01 1.161138325063240773e+00 1.498136572558879998e+00 6.959052884018364082e-01 8.842576084750316534e-01 7.860126181596315265e-01 2.361229279205632470e-01 1.288717835302019443e+00 1.128488291720204817e+00 1.037708483225307621e+00 8.926037124962550307e-01 1.118494306621292456e+00 9.742020025557415197e-01 1.075976502158585424e+00 1.471630388084705254e+00 7.246623373998127837e-01 1.385659712822798095e+00 1.287633753333625952e+00 6.214413432108478741e-01 1.037119878440288190e+00 8.623822247141631481e-01 1.362362404080788236e+00 7.806263569747854403e-01 1.044871076830120149e+00 1.245346387188933646e+00 6.239521130843569408e-01 1.543080939512941452e+00 8.864824336180773257e-01 8.077616993717601224e-01 1.161855435670308578e+00 1.119713057245772303e+00 8.170151274340690106e-01 1.087836143154019775e+00 8.005062182270572535e-01 9.611983097250770269e-01 1.228425390795992778e+00 5.517605185140065371e-01 8.524842272143572375e-01 1.011646279082889954e+00 1.245505136462655427e-01 1.380710676519360192e+00 8.642127962432144539e-01 8.817114332655080489e-01 1.286188206950553026e+00 3.330068398544415165e-01 1.094488119122439373e+00 1.062133644229745322e+00 1.170956132564091590e+00 1.393230598971549661e+00 1.185610203410310426e+00 4.115456261212798172e-01 8.281844617454557911e-01 1.305010755761961683e+00 7.854100350395872843e-01 1.616234310555276554e+00 7.727688346329412150e-01 1.465512263235935420e+00 8.528704951742877016e-01 7.255202699924745424e-01 1.395884665585286566e+00 1.081001307605947259e+00
9.968433962455504060e-01 1.467193170793460455e+00 1.514462317744137643e+00 0.000000000000000000e+00 1.091905861476863526e+00 1.253167824132342068e+00 6.459297776855009721e-01 8.956829758463047408e-01 1.094127297470599558e+00 1.053871257405689210e+00 6.333525633224306173e-01 9.786525064497315629e-01 7.568113720899494190e-01 3.231904272030747260e-01 8.552370356649786620e-01 8.123392908799059731e-01 9.930291819981770240e-01 1.001982844634730974e+00 6.386673278600896175e-01 1.041561641188244236e+00 1.284356026440842902e+00 8.348924400260513412e-01 1.248018407140641273e+00 7.552270041732471739e-01 8.439457687334335212e-01 5.070779555013765760e-01 9.780864154736916838e-01 7.976909635627822404e-01 1.000717680344957117e+00 8.177684558489086708e-01 8.097825667830957919e-01 9.173866740906768680e-01 9.651580670685895313e-01 5.976126406149472325e-01 6.928621501342340228e-01 1.698861302182258226e-01 9.158362561974013882e-01 8.982833484747225761e-01 6.605479763605680565e-01 1.084729971167236018e+00 1.006374023810376883e+00 7.391834396364580506e-01 1.077518056559751525e+00 7.512625143138339512e-01 6.683254791076751467e-01 9.887085254932311829e-01 4.652407809562182361e-01 1.136031553128008520e+00 5.633798893275168140e-01 1.346633994008273216e+00 9.931462934331133363e-01 1.104016049299137103e+00 1.129270440190158098e+00 1.402663691859927342e+00 8.744670108414690501e-01 1.019069210936554448e+00 9.625640157808229569e-01 7.594463833133852093e-01 1.207602833351997473e+00 8.736268031045971716e-01 7.271261807466913307e-01 3.708662161631767207e-01 9.225575645082272347e-01 7.942267718481477168e-01 1.103749341808055506e+00 9.009235928672576499e-01 7.115584370260865654e-01 8.038794079630853240e-01 1.066497883697118620e+00 7.416934831111960946e-01 9.149280093939651248e-01 9.697484485096479201e-01 1.084907569716216491e+00 1.027575612368321067e+00 5.641490458029309041e-01
9.760634299599825203e-01 1.511037256988498445e+00 1.457780004572179156e+00 1.091905861476863526e+00 0.000000000000000000e+00 1.252786829211685937e+00 7.971586929486891293e-01 7.240670190911470128e-01 1.038727280126704233e+00 1.098804030115488661e+00 6.383601807936267747e-01 1.082782567701688237e+00 3.364961485730750268e-01 7.718308920617774627e-01 8.502536851453966760e-01 8.553890198648768095e-01 1.010646397895110349e+00 8.998929108432442980e-01 6.002808517801561106e-01 1.096230537675307204e+00 1.227673713268884637e+00 7.794017281084835158e-01 1.290676835992250471e+00 5.498870304612356597e-01 9.608877264284907405e-01 7.233556882323836090e-01 8.895805805510162978e-01 9.568544692603019319e-01 9.595871244684588408e-01 7.355472970046130765e-01 8.361949250716986803e-01 1.847864259409317811e-01 9.201500311097527973e-01 4.983543721989691644e-01 7.554911496418073025e-01 9.360847456663361488e-01 9.567595157211878920e-01 7.242213401234381953e-01 7.779908302717064572e-01 1.017608951593947930e+00 1.045540799900781304e+00 5.888517374396510240e-01 1.030952128567600656e+00 6.508257474693007749e-01 8.307257936612791882e-01 8.391948380175132671e-01 6.314298999938624535e-01 1.132356065259497502e+00 6.545783795706114905e-01 1.390478080203310984e+00 9.313728968508788730e-01 9.617647171205582213e-01 1.173114526385196088e+00 1.345981378687969521e+00 8.932205018555908760e-01 1.071393004180623221e+00 1.088894206177817514e+00 7.217798354269433503e-01 1.152202816008101705e+00 9.218964268127100015e-01 4.317664270633090329e-01 7.459926371328294836e-01 8.670704193295489803e-01 7.547342040844491340e-01 1.047067028636098129e+00 9.680325627556058965e-01 7.688283737017854724e-01 8.526914556355097430e-01 1.080759792891877957e+00 7.257839824473178991e-01 9.467718270179014128e-01 1.013711640985446527e+00 1.037887177154884322e+00 1.055968728857029637e-01 7.245020915229388736e-01
1.223648271823164269e+00 9.236826739486379001e-01 9.233414738035004010e-01 1.253167824132342068e+00 1.252786829211685937e+00 0.000000000000000000e+00 6.465780438182496814e-01 6.265509322853181073e-01 4.652309851699052978e-01 4.774767900870309223e-01 9.911794462477394596e-01 4.602884982717139750e-01 9.174269981470383195e-01 9.330928547172562260e-01 4.874056204319468510e-01 7.633712959266600873e-01 1.199518109819412315e+00 3.804478963173395512e-01 6.713720878121218760e-01 2.529226964837342773e-01 6.925185131584324916e-01 9.964931173131907904e-01 6.967081484219518339e-01 8.101739521446417180e-01 4.402386365390875134e-01 8.341880048154772798e-01 5.886167521952857529e-01 5.826214989634314056e-01 1.176797450470846274e+00 5.231857032654623207e-01 1.061069356321136636e+00 1.082640577973133178e+00 3.371022499735182865e-01 8.321267030797945274e-01 5.674667036913275675e-01 1.101067910468993327e+00 3.679006169648005864e-01 7.458994165750328920e-01 8.465251622797658193e-01 3.298761325769281605e-01 1.232975752777521583e+00 6.801634088124866029e-01 3.160787752417527074e-01 8.974633423110294217e-01 7.048625774622105933e-01 5.050728627911658108e-01 8.265416495422245324e-01 1.331244224497109552e-01 6.916569146976678795e-01 8.083160691762999450e-01 4.586785041334440760e-01 4.314523501298906938e-01 5.998054764135862804e-01 8.128086741006298466e-01 1.078317820819128414e+00 3.712020199264034481e-01 3.435090795881047820e-01 1.025661401694433428e+00 5.943895728617001328e-01 6.483021040049682382e-01 8.588875459543152679e-01 9.045005718793341920e-01 1.107030574498927278e+00 8.835689612897639211e-01 5.351261674857268336e-01 4.144186073899312484e-01 9.517285308787446496e-01 4.511573960620993695e-01 1.299960313567446013e+00 5.483538413080200069e-01 1.147800478057610318e+00 4.787393453539399157e-01 2.305985784918556936e-01 1.190891490224793570e+00 7.555874247247262865e-01
6.683225496395154286e-01 8.601681655421692385e-01 9.980906180041640985e-01 6.459297776855009721e-01 7.971586929486891293e-01 6.465780438182496814e-01 0.000000000000000000e+00 5.746619992259726084e-01 5.638716131494239114e-01 4.468462521543977162e-01 3.896246151777146283e-01 3.657705871029964806e-01 4.617988618840410675e-01 3.307889840661736303e-01 3.392649137526811964e-01 2.988034604007993034e-01 6.397948712573268137e-01 5.220828854332837388e-01 2.729143537249573148e-01 4.090437069175192342e-01 7.679843267008694685e-01 4.650518170471955592e-01 6.409934018893498342e-01 4.583799527038719401e-01 2.108707772085642584e-01 2.032590131967282887e-01 4.215477070064698184e-01 1.848090442160473801e-01 6.354085502013901987e-01 3.798765046768929343e-01 4.912038914011664925e-01 6.247839631123087711e-01 4.109310719164289138e-01 3.249555878852736224e-01 1.736388337209711086e-01 4.913376293481748758e-01 3.103916534360279256e-01 4.599531963626005693e-01 2.619342329150451953e-01 5.545765806399767239e-01 6.665988987038381497e-01 4.181624630161260847e-01 4.429534266045801472e-01 4.800294837118180835e-01 1.398835073645212923e-01 5.920548844293868074e-01 2.419572813753240459e-01 5.311232765238279585e-01 1.425803133780776388e-01 7.396089887569815557e-01 4.806434817230172962e-01 4.787725857644158367e-01 5.222454349388666595e-01 8.862919921199537976e-01 5.207522296698636755e-01 4.120442056852630097e-01 3.279993858256515793e-01 4.944820213382427609e-01 6.884602529925692993e-01 3.051332719708651497e-01 4.302791292773159859e-01 2.852213290186826344e-01 5.731002639835196533e-01 3.684662347875188315e-01 5.873776420680824062e-01 2.920349180751933282e-01 3.773735078038844004e-01 2.126805829645771473e-01 7.335834594937622466e-01 2.697839558775439461e-01 5.814236239839269960e-01 3.627234432583565926e-01 4.849233748335446958e-01 7.330348753639692738e-01 1.144858288794891460e-01
6.058789121137413414e-01 1.075425112582455656e+00 9.025817884618697606e-01 8.956829758463047408e-01 7.240670190911470128e-01 6.265509322853181073e-01 5.746619992259726084e-01 0.000000000000000000e+00 4.842729333279732207e-01 6.567791204085916545e-01 3.964571425004725369e-01 3.656506036368176726e-01 3.887071880264989510e-01 5.756080064312188993e-01 4.312844229170080812e-01 3.010686856039344605e-01 5.955547840970102369e-01 2.609521169395253581e-01 3.079725227546523114e-01 4.969531382165562894e-01 6.724754971585750196e-01 3.861360468401504042e-01 8.549288367214799012e-01 2.133461379138055780e-01 5.423387157997144881e-01 5.271328026018249346e-01 2.087236436424485531e-01 4.001831222218521500e-01 5.690485996228357157e-01 2.360202015865850433e-01 4.830779243609285567e-01 5.586896678233292945e-01 3.754693108224048670e-01 3.295782687183194115e-01 4.536311244561749279e-01 7.435830621829554454e-01 5.070669019760599694e-01 1.607626489867147179e-01 3.864765180091536689e-01 4.031323977359090316e-01 6.404991510510715802e-01 1.564995362098465792e-01 3.492207228446641554e-01 2.769307254086121328e-01 4.576474709377011396e-01 1.372018722960704762e-01 4.500004734577689458e-01 5.037156767088749598e-01 4.390068639202665546e-01 9.548659357972676398e-01 3.605114514422828598e-01 2.494857922003138884e-01 7.380868240841644834e-01 7.907831625776594597e-01 4.781288880574907640e-01 6.128877993250332334e-01 4.263756621634191557e-01 4.051287847920158613e-01 6.010977475728507269e-01 2.726055163975107942e-01 3.078445683098085528e-01 5.521767906662591319e-01 4.906488105096801222e-01 2.830284149484412759e-01 4.918688125257881238e-01 5.514703554876082547e-01 4.024289673000923662e-01 4.877278385383603254e-01 7.136525220934069047e-01 3.452348727965124930e-01 5.629304747740658810e-01 5.793110401755624528e-01 4.000650880365757556e-01 6.650671762508784113e-01 5.282792058923805323e-01
1.090151845441714507e+00 9.147655627264404954e-01 4.618179981439383130e-01 1.094127297470599558e+00 1.038727280126704233e+00 4.652309851699052978e-01 5.638716131494239114e-01 4.842729333279732207e-01 0.000000000000000000e+00 4.812276966014464308e-01 7.901865285571870734e-01 4.966685423385726605e-01 7.033674490620563935e-01 7.740523280555133834e-01 3.215193533249929292e-01 7.327885679237973182e-01 1.079827717424983291e+00 2.606829764434817065e-01 4.639225882014932911e-01 3.282389353915484143e-01 2.360194858416992392e-01 8.704089801681232919e-01 6.942692868654649629e-01 6.227073790907580175e-01 4.583847076415148436e-01 6.981592863477547040e-01 5.431062876392953598e-01 6.417574973038451258e-01 1.053321532950808770e+00 3.079802550910213377e-01 9.673508576889014998e-01 8.685810288881511410e-01 1.797541421275465900e-01 6.180671539948128235e-01 4.391226671321713515e-01 9.420273838072497075e-01 3.347013163746445086e-01 6.265622216962233315e-01 8.248694578495207042e-01 1.625643940809657628e-01 1.124772084379044745e+00 4.714813294835278890e-01 3.510263578042793209e-01 7.468543315357597523e-01 6.854940523910324490e-01 3.987062723001724152e-01 6.675011228804814678e-01 3.423957295934622058e-01 5.408632894515387202e-01 7.942063859412530347e-01 1.280662089606895704e-01 4.135380633475693180e-01 5.774272742281496562e-01 3.500943447039425727e-01 9.624018213854635961e-01 4.134157857067939368e-01 4.236009446319130012e-01 8.711871028160039776e-01 1.328660972021382114e-01 6.633924042059932136e-01 6.448279968693332309e-01 7.506211122905537270e-01 9.749217438376527323e-01 7.673013482764142745e-01 1.147522572192775786e-01 3.939654568907156040e-01 8.867019006280653093e-01 3.511910301848468752e-01 1.197925455421379848e+00 3.524338143594028527e-01 1.047203408102038935e+00 4.186514903195474591e-01 2.662161394550355831e-01 9.768319411398114216e-01 6.606662873324089524e-01
1.100360468452152407e+00 4.510864863676698477e-01 9.284995396770295839e-01 1.053871257405689210e+00 1.098804030115488661e+00 4.774767900870309223e-01 4.468462521543977162e-01 6.567791204085916545e-01 4.812276966014464308e-01 0.000000000000000000e+00 7.943884803884706525e-01 4.623258258719379898e-01 7.634441990508409326e-01 7.337962879906033686e-01 3.310457340319892805e-01 6.799057066260184579e-01 1.070093169698041580e+00 4.576202714347640810e-01 5.002098268777925849e-01 2.520566681042121226e-01 6.957827234209699174e-01 8.907066193400725584e-01 2.305654755536531431e-01 7.300443752936681685e-01 2.980738462900238139e-01 6.280637397330750549e-01 6.396377736551869253e-01 4.814466359523542072e-01 1.062955452630248043e+00 4.385323546831711439e-01 9.246435886171313623e-01 9.286577788769357911e-01 3.092311487916010737e-01 6.646167940463932888e-01 3.710167019997064330e-01 9.012548393629247201e-01 1.643641062574052736e-01 7.986650825459866709e-01 6.988730089459798123e-01 4.089153296087467138e-01 1.097021864424339244e+00 5.942749365893563729e-01 3.974577722388560330e-01 8.720516640124726937e-01 5.536426490069693562e-01 5.746067150722368178e-01 6.297506836829557253e-01 3.619717542739985805e-01 4.904913680781725627e-01 3.337427006080396774e-01 4.157651702569849506e-01 5.060316479915646370e-01 1.263402344580097647e-01 8.170632050097217380e-01 9.510505281105786635e-01 1.239903241870104755e-01 3.300347542127966549e-01 9.123762559402800454e-01 6.085016388919224362e-01 6.060031506714351757e-01 7.287225841696726159e-01 6.983763067969319671e-01 9.987550662763966525e-01 7.857632974011512506e-01 5.196255994712351001e-01 1.790419293963594893e-01 8.108132050198493257e-01 2.518880200210380504e-01 1.164006425214263896e+00 3.790842432184183819e-01 1.011846589704428201e+00 1.081934744536400955e-01 3.228475983220455148e-01 1.036908691128596294e+00 5.498992039634118534e-01
3.867881551449164901e-01 1.206765814682879023e+00 1.209239253002661885e+00 6.333525633224306173e-01 6.383601807936267747e-01 9.911794462477394596e-01 3.896246151777146283e-01 3.964571425004725369e-01 7.901865285571870734e-01 7.943884803884706525e-01 0.000000000000000000e+00 6.030592775306642395e-01 3.333605145723316787e-01 3.262872379099712172e-01 5.807426061797729133e-01 3.159859111911058061e-01 4.140380689863240038e-01 6.475976480043529326e-01 3.350055844714629472e-01 7.681452328306090926e-01 9.791329616993675877e-01 2.323844355402279738e-01 9.875910510300592859e-01 2.243367424556940160e-01 5.619724586095810048e-01 2.018733692018480352e-01 5.001395523626270823e-01 4.281733805689285077e-01 4.006783431697166775e-01 4.870065454350957501e-01 2.081911381569067077e-01 4.600990654119567758e-01 6.709804986475771393e-01 1.729529655868067561e-01 4.313463098974576471e-01 4.689661134910073081e-01 6.544573086017486663e-01 3.007845399390208785e-01 1.629027644176589962e-01 7.699516885693242774e-01 4.141499393192031309e-01 3.632336269636191606e-01 7.446290490326266109e-01 1.479940621503955389e-01 2.971167867739424873e-01 5.326101984840329040e-01 1.841058409971877696e-01 8.740431752434056900e-01 3.090407612456180231e-01 1.086206637897690896e+00 6.828321452813618242e-01 6.252236456749642457e-01 8.688430840795763332e-01 1.097440627118451806e+00 2.967645480282196657e-01 7.603755076203471130e-01 6.613328132005212856e-01 1.285554494630927469e-01 9.036620644385845447e-01 4.332179397516395802e-01 2.390731016292031164e-01 2.642641893320390456e-01 2.938717762417104029e-01 2.563080918138749831e-01 7.985262770665805254e-01 6.422298895510505368e-01 1.397968710315984631e-01 5.425004603674327130e-01 4.713994154419537952e-01 4.618301130989448389e-01 3.219215846899683986e-01 7.094401986798269943e-01 7.960230034329394133e-01 5.703430509059645992e-01 2.789931002576074848e-01
7.927050353791681436e-01 9.068377708654535851e-01 9.489675118500967566e-01 9.786525064497315629e-01 1.082782567701688237e+00 4.602884982717139750e-01 3.657705871029964806e-01 3.656506036368176726e-01 4.966685423385726605e-01 4.623258258719379898e-01 6.030592775306642395e-01 0.000000000000000000e+00 7.486547578789358726e-01 6.646334646018250414e-01 4.721154685199336343e-01 3.161795060501198518e-01 7.599532958130678084e-01 2.618244687148645888e-01 6.037915453094819807e-01 2.571981865396625877e-01 7.211681967174231600e-01 5.646480800991006133e-01 6.906460333313748645e-01 5.543841172069435830e-01 2.060911767186580645e-01 4.968819258376981352e-01 1.935393438373139152e-01 1.809615428869491005e-01 7.389254969748775270e-01 4.319611977783108236e-01 6.385239580966769468e-01 9.172459943953390482e-01 3.953994214118557449e-01 6.654325870345337846e-01 4.332411976952889043e-01 8.240603581124055221e-01 3.707811230476660835e-01 3.796868898739794163e-01 4.409786790872619044e-01 3.405147516611627956e-01 7.991590115987646792e-01 5.070216607677024978e-01 1.507772265968000402e-01 5.242139525595159721e-01 3.211920013562016285e-01 2.550972526117802341e-01 5.808101667009988311e-01 3.388526511753526260e-01 4.915843109648583842e-01 7.860395915805054035e-01 3.972069933360899419e-01 1.278898752989327814e-01 5.671965362492685792e-01 8.371688859658865667e-01 6.383169674506444791e-01 3.555331280131182603e-01 1.374960090387344347e-01 6.194491133105959335e-01 6.295346395407107609e-01 1.918043612213125582e-01 6.625241422266032743e-01 6.177297187434527270e-01 6.736403481773289847e-01 4.493020583948532098e-01 5.406539619980708089e-01 2.887575893312581132e-01 5.342455978045764775e-01 3.503129659958598707e-01 8.716632336004123127e-01 4.944103368459885628e-01 7.195033980905770621e-01 4.080310607297445991e-01 2.579306734271528678e-01 1.023741630194598962e+00 4.145034606468005478e-01
6.813953667539914827e-01 1.175677425923850716e+00 1.122420173507531205e+00 7.568113720899494190e-01 3.364961485730750268e-01 9.174269981470383195e-01 4.617988618840410675e-01 3.887071880264989510e-01 7.033674490620563935e-01 7.634441990508409326e-01 3.333605145723316787e-01 7.486547578789358726e-01 0.000000000000000000e+00 4.367364026748635775e-01 5.148938540807487252e-01 5.261924576530306874e-01 7.079635644090567226e-01 5.645330797785962362e-01 2.649210207155081043e-01 7.608707066106592531e-01 8.923138822042367968e-01 4.808102310653046829e-01 9.553170049276022979e-01 2.226550155574657242e-01 6.255278953638427897e-01 3.882611988454696128e-01 5.554527707282641558e-01 6.217599798733880467e-01 6.609956274252798414e-01 4.001874659399650147e-01 5.311952588504036399e-01 1.744586496942326370e-01 5.847902000451048465e-01 1.716306231040075625e-01 4.201313185771592407e-01 6.024520782709208433e-01 6.213996846565399412e-01 3.934180289033156197e-01 4.694224321063335537e-01 6.822491205293002015e-01 7.405411336794859301e-01 2.534919063750030732e-01 6.955922975029525945e-01 3.445205261341948155e-01 4.956313042743655251e-01 5.038350069528654274e-01 2.977972325984475366e-01 7.969962341948496620e-01 3.192185485059634287e-01 1.055118249138662812e+00 5.960130657862311443e-01 6.264048860559102705e-01 8.377546953205478042e-01 1.010621547623321126e+00 5.905376683695371387e-01 7.360331731159749369e-01 7.535343751131694523e-01 4.223058367413258796e-01 8.168429849434538648e-01 5.910931155925877034e-01 1.191782303476659755e-01 4.123599697374144557e-01 5.724023561235582758e-01 4.403566800787214741e-01 7.117071975714498455e-01 6.326727316909579457e-01 4.616973549910419750e-01 5.173316245708617922e-01 7.860917296858870307e-01 3.904241513826698373e-01 6.458617888734611290e-01 6.783518099207986873e-01 7.025273460902364819e-01 2.763599882243795158e-01 3.894076021360252104e-01
6.948069863674600777e-01 1.147118201378374502e+00 1.194387348329051024e+00 3.231904272030747260e-01 7.718308920617774627e-01 9.330928547172562260e-01 3.307889840661736303e-01 5.756080064312188993e-01 7.740523280555133834e-01 7.337962879906033686e-01 3.262872379099712172e-01 6.646334646018250414e-01 4.367364026748635775e-01 0.000000000000000000e+00 5.351620662498925984e-01 5.041165926608386361e-01 6.909927721200868067e-01 6.819078752196446880e-01 3.185923584450037760e-01 7.241471811339232900e-01 9.642810570257568381e-01 5.354699658513801808e-01 9.279434377255554312e-01 4.351520347581613324e-01 5.274653143079915951e-01 2.068356891689465682e-01 6.661394394688030518e-01 4.836719217148758299e-01 6.986812704668671214e-01 4.976934864338228293e-01 5.077461569050054635e-01 5.972786749643272941e-01 6.450830976535036898e-01 2.775046414885978252e-01 3.727871807191481812e-01 1.706640700368980967e-01 5.957612867823155467e-01 5.874783086116753816e-01 3.670502476234154265e-01 7.646550017521501763e-01 7.043376139322867768e-01 4.191084702213722646e-01 7.623772629404240719e-01 4.413950474683664971e-01 3.563537060933648082e-01 6.686335560781453413e-01 1.504635811311338389e-01 8.159565837129224564e-01 2.433049199124308060e-01 1.026559024593187264e+00 6.730713240180271617e-01 7.867322064989484831e-01 8.091954707750721454e-01 1.082588722444841389e+00 5.724306009633790548e-01 6.989942415214686067e-01 6.474232221614953930e-01 4.531694512014033394e-01 8.875278639369108546e-01 5.616798270997086506e-01 4.070512113316054892e-01 1.181544302258475537e-01 6.162806323962454202e-01 4.966071448029646951e-01 7.836743723929696648e-01 5.808486234521718083e-01 4.095220271479964591e-01 4.838044385479994824e-01 7.644614738190282921e-01 4.216185136961102531e-01 6.128915995158749075e-01 6.496734790945620786e-01 7.648326003011306495e-01 7.074676132419713825e-01 2.501300039550244936e-01
9.489507378335783061e-01 7.491041444087331858e-01 7.447789109069850033e-01 8.552370356649786620e-01 8.502536851453966760e-01 4.874056204319468510e-01 3.392649137526811964e-01 4.312844229170080812e-01 3.215193533249929292e-01 3.310457340319892805e-01 5.807426061797729133e-01 4.721154685199336343e-01 5.148938540807487252e-01 5.351620662498925984e-01 0.000000000000000000e+00 6.300564821775600510e-01 9.534500437367692260e-01 2.689983006923536424e-01 2.553977659861985661e-01 3.171205486728702616e-01 5.146726196036899292e-01 7.537459364120941974e-01 5.286078685477577643e-01 4.688138625364243750e-01 2.768263202866553807e-01 4.565576360837569347e-01 5.468509722904182357e-01 4.538387403603544867e-01 9.345228351396839273e-01 1.952642213304230656e-01 7.793463973231776754e-01 6.801074339068435837e-01 1.810347185610146348e-01 4.239904458806280085e-01 1.851088662119469153e-01 7.031371220016292556e-01 1.823233717979863278e-01 5.585975595234526914e-01 5.755894053944872191e-01 3.250146423043983601e-01 9.762626630167983155e-01 3.254318280861622226e-01 4.036264849750161310e-01 6.108211512552290667e-01 4.711365291412817347e-01 3.859847443298260461e-01 4.286108610748607939e-01 3.692773722802276670e-01 2.992616391875410620e-01 6.285449676235457250e-01 2.271431995145744842e-01 4.255772395048741386e-01 4.112554762329059810e-01 6.329802850227747024e-01 8.344074021493058657e-01 3.055963988025289235e-01 3.541878770791610509e-01 6.845914742047336521e-01 4.379194265148440013e-01 5.814163461846959535e-01 4.704772522066891227e-01 5.117308504849331641e-01 8.426050675878437035e-01 6.687106191123979304e-01 3.340659349709030335e-01 2.192971891923907735e-01 6.813351921335701888e-01 1.351099047222778793e-01 1.041535520374456736e+00 1.244697026980789017e-01 8.899656460713035733e-01 2.523657575522228469e-01 3.093694785677599257e-01 7.883583461585039753e-01 4.098575402942432611e-01
4.776671534981710154e-01 1.102091563250391371e+00 1.161138325063240773e+00 8.123392908799059731e-01 8.553890198648768095e-01 7.633712959266600873e-01 2.988034604007993034e-01 3.010686856039344605e-01 7.327885679237973182e-01 6.799057066260184579e-01 3.159859111911058061e-01 3.161795060501198518e-01 5.261924576530306874e-01 5.041165926608386361e-01 6.300564821775600510e-01 0.000000000000000000e+00 4.452028200728539997e-01 4.836237188705784229e-01 5.124340348958282831e-01 5.507952432950637967e-01 9.310320337599464757e-01 2.496101982181034296e-01 8.829167995975719663e-01 3.061416555416208163e-01 3.818318603359948105e-01 3.060613746019001380e-01 1.970918238252544197e-01 1.984590706736645283e-01 4.241172430028264384e-01 5.370888871905195039e-01 3.258564721562607902e-01 6.781104412624543443e-01 6.340258474237762121e-01 4.338012621711262451e-01 4.553351355070874296e-01 6.528967101983410570e-01 5.607018218715692504e-01 1.678736244609794204e-01 1.607067357735232349e-01 6.207708803636290407e-01 4.859055498278507246e-01 4.108224535507154496e-01 4.631659771588617081e-01 2.186739681755165143e-01 1.589199530362780388e-01 3.441231976291723171e-01 4.060923081214347086e-01 6.479165286322383643e-01 3.741903713790222241e-01 9.815323864652036878e-01 6.159861715791693504e-01 3.537053014062513379e-01 7.641507966763760873e-01 1.049339699179030916e+00 3.246064517020482709e-01 6.089390897101033540e-01 4.198622163385554162e-01 3.041323488762706639e-01 8.549008363170029767e-01 1.248572624467919889e-01 4.240522096145596942e-01 4.434741396792251100e-01 3.588320942052776741e-01 1.339852939605278570e-01 7.504253491271595244e-01 5.015855538797318047e-01 2.252328746646415081e-01 4.949465774552818664e-01 5.584097718294984691e-01 5.625852268618856122e-01 4.062499363196632185e-01 6.043598914098629038e-01 5.660967998642155719e-01 7.878737433113284228e-01 2.600927288238783497e-01
2.775283072065951595e-01 1.486111920680710519e+00 1.498136572558879998e+00 9.930291819981770240e-01 1.010646397895110349e+00 1.199518109819412315e+00 6.397948712573268137e-01 5.955547840970102369e-01 1.079827717424983291e+00 1.070093169698041580e+00 4.140380689863240038e-01 7.599532958130678084e-01 7.079635644090567226e-01 6.909927721200868067e-01 9.534500437367692260e-01 4.452028200728539997e-01 0.000000000000000000e+00 8.494434019797443280e-01 7.269387600499328528e-01 9.762552541128575179e-01 1.268030281255585257e+00 2.350459693032705966e-01 1.266937157027891114e+00 5.076190580657283791e-01 7.879280417093963429e-01 5.276346932473510165e-01 6.230537598347989370e-01 6.174714635628195669e-01 1.803483708549346309e-01 8.059279538811893184e-01 2.380523027177122997e-01 8.329283731455567885e-01 9.710240949194148818e-01 5.743052304885903903e-01 7.683411775248222275e-01 8.299250304049848870e-01 9.363354085745696498e-01 4.575876725759476238e-01 3.778606383422815074e-01 9.986871818329188244e-01 1.532620635040174428e-01 6.458870611563267694e-01 8.977460513967396860e-01 3.670046583307897126e-01 5.164505206910725565e-01 6.984142263598149825e-01 5.542952459497652029e-01 1.076682854242969167e+00 6.576946819566444891e-01 1.365552743895522836e+00 9.560662355392929301e-01 7.735052800109735172e-01 1.148189190077408162e+00 1.386337946674669919e+00 1.233662669103107040e-01 1.015035271083504886e+00 8.580878530586107944e-01 3.500984109679148304e-01 1.196652531669861075e+00 5.688603007687795809e-01 5.936922269353951398e-01 6.239408080077852858e-01 2.458883597593928549e-01 3.159953780259521783e-01 1.087423596622798083e+00 8.981852362250507538e-01 2.814707449720902921e-01 8.515390660069553919e-01 2.599226028304266745e-01 8.532981837929356494e-01 1.815511654910823003e-01 9.886671983968982058e-01 9.766951559572988328e-01 9.426916751944310890e-01 5.447149665978292532e-01
8.608127136703660476e-01 8.762662636086276935e-01 6.959052884018364082e-01 1.001982844634730974e+00 8.998929108432442980e-01 3.804478963173395512e-01 5.220828854332837388e-01 2.609521169395253581e-01 2.606829764434817065e-01 4.576202714347640810e-01 6.475976480043529326e-01 2.618244687148645888e-01 5.645330797785962362e-01 6.819078752196446880e-01 2.689983006923536424e-01 4.836237188705784229e-01 8.494434019797443280e-01 0.000000000000000000e+00 3.644938725942840074e-01 2.573626756864868526e-01 4.662430396543820188e-01 6.410698483967750549e-01 6.557699877476524941e-01 4.311500182241996826e-01 3.756622667228991519e-01 6.213723670319283299e-01 2.939414385860764090e-01 4.339380616623796927e-01 8.238793694505991416e-01 1.842143887858216644e-01 7.334975333662794306e-01 7.372315471376982288e-01 1.729162061571314912e-01 4.920270264574462815e-01 3.679268378925494853e-01 8.498829309713813451e-01 3.079080530022327289e-01 3.918557294037968153e-01 6.239580623274195714e-01 1.557519392138245751e-01 8.922631387989867768e-01 3.115705640089908024e-01 1.458399058431033291e-01 5.318645269652368945e-01 5.741685201316322207e-01 1.510291756199294566e-01 5.708483154917219915e-01 2.576126407408964036e-01 4.640763701357126236e-01 7.557070868234402328e-01 1.457972497775927023e-01 1.565789388125206349e-01 5.389279751103371874e-01 5.841066625176264404e-01 7.308589837865552274e-01 3.709279526389628323e-01 2.551014511648813654e-01 6.600625863486405676e-01 3.827952448366868654e-01 4.141432964710061726e-01 4.986156574080243264e-01 6.584766594546849205e-01 7.455826120663047174e-01 5.334480239537922053e-01 2.852010016457949826e-01 3.525924266420880082e-01 6.528485763054430180e-01 3.098179999362193349e-01 9.660508330395169985e-01 2.756468950435767007e-01 8.138909975296818589e-01 3.801521912017349347e-01 1.514266874002493102e-01 8.406563549658032652e-01 5.838793680165828004e-01
7.013229215724688936e-01 9.124430537508025907e-01 8.842576084750316534e-01 6.386673278600896175e-01 6.002808517801561106e-01 6.713720878121218760e-01 2.729143537249573148e-01 3.079725227546523114e-01 4.639225882014932911e-01 5.002098268777925849e-01 3.350055844714629472e-01 6.037915453094819807e-01 2.649210207155081043e-01 3.185923584450037760e-01 2.553977659861985661e-01 5.124340348958282831e-01 7.269387600499328528e-01 3.644938725942840074e-01 0.000000000000000000e+00 5.085459328312021965e-01 6.541513171717366903e-01 5.081905045435023416e-01 6.920826327545542833e-01 2.391168540661427477e-01 3.977003685908239716e-01 2.696685348784591540e-01 5.149351871146824466e-01 4.577233979410046949e-01 6.862922741709351904e-01 1.802794838084622597e-01 5.336093756148676537e-01 4.301346005416028517e-01 3.404487262867871289e-01 1.740129054165195088e-01 1.705503476141931318e-01 4.865674141967404887e-01 3.581653124834915936e-01 3.671241507389806369e-01 4.045079598773529406e-01 4.545252618981304171e-01 7.368961118361534446e-01 1.514729865448057877e-01 5.079997499606181410e-01 3.811241427849473284e-01 3.596832061078001908e-01 3.742839979392970085e-01 2.063544428974379841e-01 5.513219752566429488e-01 1.469628222385454819e-01 7.918838769656147969e-01 3.629415841640071250e-01 4.843508062878403853e-01 5.745203231474997896e-01 7.724589825908212415e-01 6.089600764870168881e-01 4.727988009429268113e-01 4.912470168872187237e-01 4.369636579436239621e-01 5.773981240828907069e-01 5.558494194101522012e-01 2.301994058343398153e-01 2.951611426800441751e-01 5.926322342226031381e-01 4.484717165099459391e-01 4.735446325389499056e-01 3.694383595179095980e-01 4.502236725958999597e-01 2.540972523978135000e-01 7.959873205445255895e-01 1.316432823878067038e-01 6.453255683080313387e-01 4.151174377477505617e-01 4.871097595565742622e-01 5.383855127932628548e-01 2.546264064714789388e-01
1.012476648391940959e+00 7.018915662310234449e-01 7.860126181596315265e-01 1.041561641188244236e+00 1.096230537675307204e+00 2.529226964837342773e-01 4.090437069175192342e-01 4.969531382165562894e-01 3.282389353915484143e-01 2.520566681042121226e-01 7.681452328306090926e-01 2.571981865396625877e-01 7.608707066106592531e-01 7.241471811339232900e-01 3.171205486728702616e-01 5.507952432950637967e-01 9.762552541128575179e-01 2.573626756864868526e-01 5.085459328312021965e-01 0.000000000000000000e+00 5.532958019035718600e-01 7.850668619864430431e-01 4.763583168527338318e-01 6.870370404979717627e-01 2.061727742210279768e-01 6.068262721412353011e-01 4.104205294917965818e-01 3.587837905500378954e-01 9.573156952766186389e-01 3.674664354198325933e-01 8.372316479077430706e-01 9.260842864367538896e-01 1.849591514272395376e-01 6.755704115434157941e-01 3.749984577285774279e-01 8.871167880707164777e-01 1.801943355250437973e-01 5.989952036516972278e-01 6.176156887085243463e-01 2.045589110638186825e-01 1.009138044364128239e+00 5.315518591471725118e-01 1.507199827230828737e-01 7.495792097902541640e-01 4.759531038909687317e-01 3.627388332716764974e-01 6.213463463505202178e-01 1.374679291893124433e-01 4.828644542438147447e-01 5.857993687122516890e-01 3.107322470807434844e-01 2.706373041617832209e-01 3.783969025622218596e-01 6.745762834923235696e-01 8.544801124057351815e-01 1.282811187764051342e-01 1.319065216794210738e-01 8.444883652614553204e-01 4.573975230833433048e-01 4.406121822929091603e-01 7.023312544179362016e-01 6.831714967708589770e-01 8.931153089227672481e-01 6.743413103457127633e-01 3.880679917703946380e-01 1.715395799451464864e-01 7.278908224653513059e-01 2.707500550551248386e-01 1.076122605154052225e+00 3.854589531844122563e-01 9.239627696442169746e-01 2.610194837853898608e-01 1.075133578610028562e-01 1.034335198688415058e+00 5.180530878239960613e-01
1.278354409272316472e+00 1.118878276277886163e+00 2.361229279205632470e-01 1.284356026440842902e+00 1.227673713268884637e+00 6.925185131584324916e-01 7.679843267008694685e-01 6.724754971585750196e-01 2.360194858416992392e-01 6.957827234209699174e-01 9.791329616993675877e-01 7.211681967174231600e-01 8.923138822042367968e-01 9.642810570257568381e-01 5.146726196036899292e-01 9.310320337599464757e-01 1.268030281255585257e+00 4.662430396543820188e-01 6.541513171717366903e-01 5.532958019035718600e-01 0.000000000000000000e+00 1.058611543998725146e+00 8.983820004169104090e-01 8.076021919220128797e-01 6.624974211929604007e-01 8.883880153179982697e-01 7.440957112524467787e-01 8.458702108552906829e-01 1.241524096781410735e+00 4.945560460965178207e-01 1.155553421519504020e+00 1.057527462030331655e+00 3.908232425124323339e-01 8.070135871369934488e-01 6.322759334108685181e-01 1.132256112777494161e+00 5.492563431941677177e-01 8.147647855268254080e-01 1.015240095885639349e+00 3.966822132450408267e-01 1.312974648209646267e+00 6.563761423147826957e-01 5.821843871107499346e-01 9.317491443670145035e-01 8.896067659424778951e-01 5.869088361307742696e-01 8.577298518507251446e-01 5.696832575819892330e-01 7.310920184217822859e-01 9.983190994926984807e-01 3.239612033813330516e-01 6.228219784669026815e-01 7.815399877795951022e-01 1.301015238138902019e-01 1.150604385216065451e+00 6.314959799871546764e-01 6.508884726204404725e-01 1.056081915647258507e+00 1.215041613236405305e-01 8.643818278191446325e-01 8.320273529264504697e-01 9.408498412607970707e-01 1.163124307668254920e+00 9.555039121070162400e-01 1.814393348179853260e-01 5.980781704421611611e-01 1.074904464458666942e+00 5.553037437362923212e-01 1.386128019251981813e+00 5.426625433296465850e-01 1.235405971932640679e+00 6.227642038709930716e-01 4.950953490580314309e-01 1.165778374281992269e+00 8.508950163026527402e-01
