0.000000000000000000e+00 1.474902990695712068e+00 1.466700828559969194e+00 9.237899225740430209e-01 9.180392726763603184e-01 1.205547790672919506e+00 6.532631373875597003e-01 5.790186920341868770e-01 1.014994656203459744e+00 1.075017183482381844e+00 5.478017585370087428e-01 8.068566879501242184e-01 5.707120601732306175e-01 3.486727520527634905e-01 8.376142313336620848e-01 2.779529088042380636e-01 1.023011573672125474e+00 8.370188688507808061e-01 2.928596525074434465e-01 5.740180134680771262e-01 1.253087507554582203e+00 6.130931232565337563e-01 1.285467528537173054e+00 8.182100945679062765e-01 4.725742030454123110e-01 1.996109132383895035e-01 7.006216217323886220e-01 4.579742036184931697e-01 7.384351689304268218e-01 7.384939072784156844e-01 6.604724981429059838e-01 1.015175247350700305e+00 7.419501974229717467e-01 4.221299836477180323e-01 4.570422507096800757e-01 1.719878671062469722e-01 9.434600804663788587e-01 2.172680666530621141e-01 7.253632511366439051e-01 4.994260435153051736e-01 1.549174073243536343e-01 9.283691483140575906e-01 9.592168600130144274e-01 1.065497047144561504e+00 6.932067160638507586e-01 3.326438497298136454e-01 1.135256492962444019e+00 1.033143202880111522e+00 5.832489741368023228e-01 8.312430434462260154e-01
1.474902990695712068e+00 0.000000000000000000e+00 1.330816104669797939e+00 1.464345434133121460e+00 1.467206911706277594e+00 9.284817137513431407e-01 8.300528447071815474e-01 1.055121445302965810e+00 8.770116571126049809e-01 4.253121677450629745e-01 1.112571726514358650e+00 8.778261469849882870e-01 1.120756370015182135e+00 1.156222556281265357e+00 7.222454500548044498e-01 1.502199523734134123e+00 6.920538662733963786e-01 8.529585883390490286e-01 1.195160546263805301e+00 1.049301270546169285e+00 1.112861228333837271e+00 8.937138329180168705e-01 2.243122289813788972e-01 6.844199697288795292e-01 1.014187744356628507e+00 1.370194286457355970e+00 8.737432145988891508e-01 1.084553819115629647e+00 1.280688984918918472e+00 1.285847499247557257e+00 8.704814562913406606e-01 7.820541817601417423e-01 9.745144870166589923e-01 1.207805935674057585e+00 1.023665940756791404e+00 1.304449185745893303e+00 6.175007160193837219e-01 1.525748526275763739e+00 7.595214932682002873e-01 1.013115028438557053e+00 1.504416134536726624e+00 8.215969930105788688e-01 8.425411604056919357e-01 7.968219799875386755e-01 1.023220466275047258e+00 1.155550805675929826e+00 9.994522263086874636e-01 5.594831878416732796e-01 9.007259879730172836e-01 7.600456217693882799e-01
1.466700828559969194e+00 1.330816104669797939e+00 0.000000000000000000e+00 1.543926308705927841e+00 1.453096031663333676e+00 9.019696371235488286e-01 9.948850146922416648e-01 9.177906753338427315e-01 4.617646164545494147e-01 9.203327415257941402e-01 1.098460846471414731e+00 9.375460148115581926e-01 1.200337244587988517e+00 1.272625112839002037e+00 7.573167488196735908e-01 1.553040301104306353e+00 7.704242554908631302e-01 6.939662526955102662e-01 1.205037300384279142e+00 1.089122416622636980e+00 2.369624741374802834e-01 9.084875976555877308e-01 1.133707321845539351e+00 8.710021427185381526e-01 1.138276946462758454e+00 1.372074654245654779e+00 7.772737049242145480e-01 1.016283272876330468e+00 1.266578104875974331e+00 1.365428373820363417e+00 1.057063629280998951e+00 6.047125254000781380e-01 8.620015592963752304e-01 1.101008065607820052e+00 1.069916785226467493e+00 1.353276546677408376e+00 7.298761314191181127e-01 1.524226516864404912e+00 8.713765456800578457e-01 1.183908774721206258e+00 1.550491227800425031e+00 7.945571467162888535e-01 5.311523464358679503e-01 7.619917915143356035e-01 9.970503170311181274e-01 1.229357878895464884e+00 3.363679560590670525e-01 8.455766923411688341e-01 9.924029583910251029e-01 6.453730714456955564e-01
9.237899225740430209e-01 1.464345434133121460e+00 1.543926308705927841e+00 0.000000000000000000e+00 1.108623926623223621e+00 1.273586399649786260e+00 6.769226197856011984e-01 9.227924692768308956e-01 1.092220136349418169e+00 1.062589483929279544e+00 7.346667927453136571e-01 1.010992182794167915e+00 3.566381293571582733e-01 7.020937277541832167e-01 8.481079125146644415e-01 9.703504932904075675e-01 1.062270197794847881e+00 1.028824541521252467e+00 6.667348248102777930e-01 9.013668114976592927e-01 1.329006756647304499e+00 6.460383832007144944e-01 1.274244668447116924e+00 8.700263639400772631e-01 5.478945238574487453e-01 8.652165151316527636e-01 8.248456307628431183e-01 7.773456493009841539e-01 9.257910780053989486e-01 1.883191635090225580e-01 8.295908696026373930e-01 1.077672312357004891e+00 1.094988846598905941e+00 8.604804958705490892e-01 5.345889494524586061e-01 7.595738051748484043e-01 9.310323809132761141e-01 1.011034920484261246e+00 7.129355515835414936e-01 7.269973247586057896e-01 9.595407539656818363e-01 1.081355696932301713e+00 1.046475930383994113e+00 1.141825104951934122e+00 1.018849560991163639e+00 5.970962618249536780e-01 1.212481973108402444e+00 1.023601541645224211e+00 5.636194461601042871e-01 9.095661165055922703e-01
9.180392726763603184e-01 1.467206911706277594e+00 1.453096031663333676e+00 1.108623926623223621e+00 0.000000000000000000e+00 1.241332717551534737e+00 7.898281515890656079e-01 7.195536036823414472e-01 1.001389859306824004e+00 1.064056075168166471e+00 3.739571338779100196e-01 1.081170511469467410e+00 7.521938349929937484e-01 8.136141394205809174e-01 8.063171451165253023e-01 1.011055362253687528e+00 1.081057817170453461e+00 8.925719668788694161e-01 6.354649837873949103e-01 8.921501751600904306e-01 1.239482710657946463e+00 5.836108260786821988e-01 1.275988692450521711e+00 9.459124851230321651e-01 7.522529533462426476e-01 8.432012414293316160e-01 6.834089820167108531e-01 5.543148145929540638e-01 1.908159849658297713e-01 9.251151449749798195e-01 9.585698953726271565e-01 9.977189622032289762e-01 9.139804680863229391e-01 7.294780186358003071e-01 5.740349771707651261e-01 7.890692942400492349e-01 9.282342282974057612e-01 9.940873118507295159e-01 7.403632962018651398e-01 8.956177676013822309e-01 9.850649859279912990e-01 1.046812593647507450e+00 9.511609951710107147e-01 1.103614433162250830e+00 9.368824881644449709e-01 6.860425356078161396e-01 1.121651696065808279e+00 1.037170908869856190e+00 6.426334145519858598e-01 8.077229602176377865e-01
1.205547790672919506e+00 9.284817137513431407e-01 9.019696371235488286e-01 1.273586399649786260e+00 1.241332717551534737e+00 0.000000000000000000e+00 6.468966059100391686e-01 6.308137871670184138e-01 4.702359324288514220e-01 5.042767987232127380e-01 8.866975323596155700e-01 4.662819080145322870e-01 9.299973355318469359e-01 9.066166963365043241e-01 4.948840223352680145e-01 1.263240765750095695e+00 2.709260695162455934e-01 3.785947672167444544e-01 9.689334219616186905e-01 7.042472026944359698e-01 6.811968924641583767e-01 6.817549507682312271e-01 7.220880023683290405e-01 4.430903214876164009e-01 8.318935213256607453e-01 1.097117161579425515e+00 5.683040317659338037e-01 7.834682793041684024e-01 1.054814790764175392e+00 1.095088464764222058e+00 5.893121586485300378e-01 3.066075514250416467e-01 4.789675422816215278e-01 7.944176672037099873e-01 8.319587319681048809e-01 1.077796789685189216e+00 3.464112688815478291e-01 1.253235567006076856e+00 5.684330036096353345e-01 7.503586132761309591e-01 1.271668958843912067e+00 3.226571698502650465e-01 4.301056827614048172e-01 1.453834533617917035e-01 5.758106862167818862e-01 9.544228738878051121e-01 5.727947268557547211e-01 3.970681306568489832e-01 7.115017175698531426e-01 4.345310364077281662e-01
6.532631373875597003e-01 8.300528447071815474e-01 9.948850146922416648e-01 6.769226197856011984e-01 7.898281515890656079e-01 6.468966059100391686e-01 0.000000000000000000e+00 5.697072715741086091e-01 5.410805671350481516e-01 4.308782827614057176e-01 4.271030191691002620e-01 3.657509087555420590e-01 3.492206109135601033e-01 3.412202369118526035e-01 3.109536600462560196e-01 6.782624831352850325e-01 4.036163733090780692e-01 5.149275967456075076e-01 4.452108443658408521e-01 3.432126444836886003e-01 7.769301383562803309e-01 2.511336550053168137e-01 6.406173825486439766e-01 2.073292896751201542e-01 2.011917171514233382e-01 5.493704952031635003e-01 4.005633131608909436e-01 4.492683523629135700e-01 6.033102248017063740e-01 4.950411030960218950e-01 1.843495955640115092e-01 4.764658890266596503e-01 5.247716048942155931e-01 4.517280536296323090e-01 2.737162388588268991e-01 4.828093324377416562e-01 3.056023215618755007e-01 7.018114856769152032e-01 1.696549041603542807e-01 2.084499396062429455e-01 6.820107441382464719e-01 4.154773805358951688e-01 5.045101688122506367e-01 5.163063470091660001e-01 4.167028408776537463e-01 3.371430983631144018e-01 6.635211363311307453e-01 3.893089522192844654e-01 1.502512880551166163e-01 3.904860736156313683e-01
5.790186920341868770e-01 1.055121445302965810e+00 9.177906753338427315e-01 9.227924692768308956e-01 7.195536036823414472e-01 6.308137871670184138e-01 5.697072715741086091e-01 0.000000000000000000e+00 4.687083374875668507e-01 6.446380821589607901e-01 3.824667651685014769e-01 3.661990065383253223e-01 5.666459925755105154e-01 3.549718451289982646e-01 4.061048524498721557e-01 6.390952987086676584e-01 5.137499585975786598e-01 2.684871732404930378e-01 3.393434437534775805e-01 2.457985723190637684e-01 7.041773543284558512e-01 3.218224583570893360e-01 8.580126624787057787e-01 5.454197099439422880e-01 5.327320205498952133e-01 4.705880629406926086e-01 1.939920259004521697e-01 1.927825266959832806e-01 5.333646927553606920e-01 7.398606596788710466e-01 4.115475833868202926e-01 4.591383394437997811e-01 2.015987244897022856e-01 2.014529519313615902e-01 3.942003696685759673e-01 4.756683918140399703e-01 4.651237466977404256e-01 6.267064683673438941e-01 4.478689509242809730e-01 4.094120673720610948e-01 6.615334193770222582e-01 3.747542637495711593e-01 3.943903181492193766e-01 4.907630436386600237e-01 2.586125201753270431e-01 4.501054224405092730e-01 5.827920127570535014e-01 6.023565526968439610e-01 4.334569343992287771e-01 2.950758235335770308e-01
1.014994656203459744e+00 8.770116571126049809e-01 4.617646164545494147e-01 1.092220136349418169e+00 1.001389859306824004e+00 4.702359324288514220e-01 5.410805671350481516e-01 4.687083374875668507e-01 0.000000000000000000e+00 4.665282939686004604e-01 6.467546741149049483e-01 5.124847938949231851e-01 7.486310722314786226e-01 8.235427749927256569e-01 3.056105764631635302e-01 1.101334128747797347e+00 3.296639620096840639e-01 2.542225616386117881e-01 7.533311280277695809e-01 6.439747186799407164e-01 2.407748357408531770e-01 4.567814252990783364e-01 6.799028742883452825e-01 4.171976951613446394e-01 6.865707741062485603e-01 9.203684818891458841e-01 3.255675325677052090e-01 5.645771005198211290e-01 8.148719325194647700e-01 9.137222014638535228e-01 6.032591817238055487e-01 1.753866044622253151e-01 4.168538613536794113e-01 6.519257277615435608e-01 6.182106128699579317e-01 9.015703743208987042e-01 2.753317796109263638e-01 1.072520344507894352e+00 4.196703733235483957e-01 7.301043271640120791e-01 1.098785055443915581e+00 3.628234420215914469e-01 1.418873932653896275e-01 3.302580868196380859e-01 5.565273914107782272e-01 7.776517065389549899e-01 1.380827065494823758e-01 3.948263816458790210e-01 5.406967860345157639e-01 1.936668990891861064e-01
1.075017183482381844e+00 4.253121677450629745e-01 9.203327415257941402e-01 1.062589483929279544e+00 1.064056075168166471e+00 5.042767987232127380e-01 4.308782827614057176e-01 6.446380821589607901e-01 4.665282939686004604e-01 0.000000000000000000e+00 7.094208899762475262e-01 4.679227229834030388e-01 7.190004198113401079e-01 7.570479943354891939e-01 3.120506215874093714e-01 1.103024961788357627e+00 2.681548416907929000e-01 4.424752251950441195e-01 7.924564217546121725e-01 6.519892481823196251e-01 7.000479554529644988e-01 4.905629963799053028e-01 2.191375968180706291e-01 2.871079473650308134e-01 6.150131824108526768e-01 9.710197245115790299e-01 4.632598514548846858e-01 6.814029825775180793e-01 8.775381483808074590e-01 8.840915490437152302e-01 4.731694339274916117e-01 3.619170232639512541e-01 5.626017393317487292e-01 8.104939133102077031e-01 6.209618162475980530e-01 9.052746238001176948e-01 2.008398733767710886e-01 1.126573964329988575e+00 3.568173687590072696e-01 6.139404664927810007e-01 1.105241572590951016e+00 4.065044948930144897e-01 4.320577972616873597e-01 3.726170649594085504e-01 6.133170422734617322e-01 7.563762437301537744e-01 5.889688631646829986e-01 1.372175628781390766e-01 4.994881276368822176e-01 3.495622586253838149e-01
5.478017585370087428e-01 1.112571726514358650e+00 1.098460846471414731e+00 7.346667927453136571e-01 3.739571338779100196e-01 8.866975323596155700e-01 4.271030191691002620e-01 3.824667651685014769e-01 6.467546741149049483e-01 7.094208899762475262e-01 0.000000000000000000e+00 7.429991346732636170e-01 3.782367011150836733e-01 4.411055174847814397e-01 4.516819599246063577e-01 6.386503661256572872e-01 7.264226319785348496e-01 5.488878720681450440e-01 2.646777273800909880e-01 5.396415885061125461e-01 8.848475254660272959e-01 2.289756408867630044e-01 9.213535072586032104e-01 5.857824378105451757e-01 3.843113027007535876e-01 4.729637272899800404e-01 3.394356084616917957e-01 2.018062279389761238e-01 1.966966204555564701e-01 5.511580110970696333e-01 5.927882119346249423e-01 6.430837770113098095e-01 5.768936295724829133e-01 3.723700897320328940e-01 2.000778432928550510e-01 4.166642981120188272e-01 5.735990431054865946e-01 6.238497977113774962e-01 3.829245716392591370e-01 5.252610980961353038e-01 6.126599897999608357e-01 7.057094199597584439e-01 5.965258099790916591e-01 7.489792479703316630e-01 5.961415644998747654e-01 3.135339136720168840e-01 7.670165108738893345e-01 6.825357236779372450e-01 2.768517311139836456e-01 4.530877750257186753e-01
8.068566879501242184e-01 8.778261469849882870e-01 9.375460148115581926e-01 1.010992182794167915e+00 1.081170511469467410e+00 4.662819080145322870e-01 3.657509087555420590e-01 3.661990065383253223e-01 5.124847938949231851e-01 4.679227229834030388e-01 7.429991346732636170e-01 0.000000000000000000e+00 6.721545056252478112e-01 4.816063085277132449e-01 4.467689045613624788e-01 8.276300121089890105e-01 2.695974762983935902e-01 2.628567043749854837e-01 6.348033887381387963e-01 2.417527184817565844e-01 7.178683575950337570e-01 5.947545037653204636e-01 6.809726991821186681e-01 2.084675766539619002e-01 4.775836842758028888e-01 6.714988731541342570e-01 4.375846536186241420e-01 5.436357903605395503e-01 8.949816005424867660e-01 8.284039931850878391e-01 1.814013131915306332e-01 3.415925445470708310e-01 1.747605877973560373e-01 4.143715459586277960e-01 6.169381054709915935e-01 6.557502070704207542e-01 3.706560119559867417e-01 8.291727170455805984e-01 4.289044570251572264e-01 3.378727978746621230e-01 8.446788331266216199e-01 1.535504778043953467e-01 4.160150217245596749e-01 3.320998945201903418e-01 1.501679611786368995e-01 5.629030923788119756e-01 6.038226983906560541e-01 3.632252103697150014e-01 4.960337874061958585e-01 3.923525392506813092e-01
5.707120601732306175e-01 1.120756370015182135e+00 1.200337244587988517e+00 3.566381293571582733e-01 7.521938349929937484e-01 9.299973355318469359e-01 3.492206109135601033e-01 5.666459925755105154e-01 7.486310722314786226e-01 7.190004198113401079e-01 3.782367011150836733e-01 6.721545056252478112e-01 0.000000000000000000e+00 3.521336932332579384e-01 5.045188483967250059e-01 6.192709370417132098e-01 7.186811336769084457e-01 6.836608123607139653e-01 3.128605079983200477e-01 5.590758699007539745e-01 9.854176925293649525e-01 3.004818973509338909e-01 9.306556043291777103e-01 5.348046534229538018e-01 2.060370799498985050e-01 5.141369588829584059e-01 4.792891449130624038e-01 4.211991725996638292e-01 5.696446013040785683e-01 1.803638968762508732e-01 4.907531924337175111e-01 7.340832482390655667e-01 7.494323607491257810e-01 5.055436846292642450e-01 1.781588578222286223e-01 4.076937019556987618e-01 5.874433167953369006e-01 6.599553642355666661e-01 3.693464874656020025e-01 3.825416170519356229e-01 6.076606507465323048e-01 7.534880225599279724e-01 7.028868662660547884e-01 7.982360408339947977e-01 6.765586193942579873e-01 2.460167055762588761e-01 8.688929089904628977e-01 6.800124775272849975e-01 2.200303820421650181e-01 5.659770523876530568e-01
3.486727520527634905e-01 1.156222556281265357e+00 1.272625112839002037e+00 7.020937277541832167e-01 8.136141394205809174e-01 9.066166963365043241e-01 3.412202369118526035e-01 3.549718451289982646e-01 8.235427749927256569e-01 7.570479943354891939e-01 4.411055174847814397e-01 4.816063085277132449e-01 3.521336932332579384e-01 0.000000000000000000e+00 6.221925155486389691e-01 3.604185080317969248e-01 6.831411886373095488e-01 6.154951498673659760e-01 2.528683229016350786e-01 2.605017222542717614e-01 1.059011791833614824e+00 4.502015007703896732e-01 9.667870941227277859e-01 4.852150743338079497e-01 2.036713830112291124e-01 2.139717301760898915e-01 5.203394943458157229e-01 3.079527149463025526e-01 6.341782103106045065e-01 5.167977124585558801e-01 3.173045376879742863e-01 8.026356006007430155e-01 4.760174649816034109e-01 1.716170472311820405e-01 2.843508684676049336e-01 1.766848849465164906e-01 6.317720331359589769e-01 3.696016796384931635e-01 4.636122239306020298e-01 1.562580830603733650e-01 3.705570541052394251e-01 6.293565285958171440e-01 7.492247556543776277e-01 7.746870841662767404e-01 4.002315671501602279e-01 1.353914075237432624e-01 9.376264502622122521e-01 7.027692674297010278e-01 3.349756951429514462e-01 6.401632252514418697e-01
8.376142313336620848e-01 7.222454500548044498e-01 7.573167488196735908e-01 8.481079125146644415e-01 8.063171451165253023e-01 4.948840223352680145e-01 3.109536600462560196e-01 4.061048524498721557e-01 3.056105764631635302e-01 3.120506215874093714e-01 4.516819599246063577e-01 4.467689045613624788e-01 5.045188483967250059e-01 6.221925155486389691e-01 0.000000000000000000e+00 9.058835854720032055e-01 3.205016266063142605e-01 2.743559487708428501e-01 5.474270126751450416e-01 6.074813998920193248e-01 5.423971967610501377e-01 2.365584867361484878e-01 5.254252019071540269e-01 2.426000990747303465e-01 4.367253675285526215e-01 7.696096180230868056e-01 2.121128265494199860e-01 4.119730354496647928e-01 6.197992183291660684e-01 6.696099776291002392e-01 4.286615856371913114e-01 2.828256668748623803e-01 4.279949949841655998e-01 5.652244806023267731e-01 3.926175694571981123e-01 6.878916700405406370e-01 1.654354926511778512e-01 9.188180028207373340e-01 1.585802916180370503e-01 5.122842063908782384e-01 8.878586188313741800e-01 4.048864044327694089e-01 2.639385208374860903e-01 3.615971521964407853e-01 5.676685250412644157e-01 5.479496100484712029e-01 4.258724132221479164e-01 2.845309102072938190e-01 2.934526618027155642e-01 1.437118157345235736e-01
2.779529088042380636e-01 1.502199523734134123e+00 1.553040301104306353e+00 9.703504932904075675e-01 1.011055362253687528e+00 1.263240765750095695e+00 6.782624831352850325e-01 6.390952987086676584e-01 1.101334128747797347e+00 1.103024961788357627e+00 6.386503661256572872e-01 8.276300121089890105e-01 6.192709370417132098e-01 3.604185080317969248e-01 9.058835854720032055e-01 0.000000000000000000e+00 1.039203979267615319e+00 9.042277154923887839e-01 3.817997374309479719e-01 5.997880339047924059e-01 1.339426980098919584e+00 6.837164520579310789e-01 1.312764061575595109e+00 8.344025001633958993e-01 5.102669493688994917e-01 1.979849727137127091e-01 7.947980175136057923e-01 5.521505993997103401e-01 8.314512585077540319e-01 7.850544779947801199e-01 6.748551619917779743e-01 1.098233638152467551e+00 7.886433123216401997e-01 4.688230985463863743e-01 5.132660160148050377e-01 2.221599399544986753e-01 9.777490005888275215e-01 1.670408695204099736e-01 7.802464148058821936e-01 5.138087073641770530e-01 1.627925938842945397e-01 9.750622632127260436e-01 1.033485616857887202e+00 1.123022138546689641e+00 7.274781249000016325e-01 3.772284732235376414e-01 1.221595965506781623e+00 1.051956693259288755e+00 6.357618680071901451e-01 9.175825159905637296e-01
1.023011573672125474e+00 6.920538662733963786e-01 7.704242554908631302e-01 1.062270197794847881e+00 1.081057817170453461e+00 2.709260695162455934e-01 4.036163733090780692e-01 5.137499585975786598e-01 3.296639620096840639e-01 2.681548416907929000e-01 7.264226319785348496e-01 2.695974762983935902e-01 7.186811336769084457e-01 6.831411886373095488e-01 3.205016266063142605e-01 1.039203979267615319e+00 0.000000000000000000e+00 2.616405036387521865e-01 7.998384972530225845e-01 5.030373269644421441e-01 5.496515108314720122e-01 5.108286483835412506e-01 4.859660453359089805e-01 2.065955765902863506e-01 6.000471492252877903e-01 8.939614900069688952e-01 4.091108520545212457e-01 6.574649976710122967e-01 8.945398903830945603e-01 8.825738531911944129e-01 3.658366509493352070e-01 1.789618483889135747e-01 3.325401050448043572e-01 6.437695347371079624e-01 6.283438917460085760e-01 8.510237065658788902e-01 1.618203990832539352e-01 1.049782259491282232e+00 3.662008148021735354e-01 5.268831055769361837e-01 1.046705617471219263e+00 1.485641247814105392e-01 3.129172296049506641e-01 1.418579775412919797e-01 4.006333911144063231e-01 7.179281289904746455e-01 4.412493452230685786e-01 1.326596423027668059e-01 4.986507516347433722e-01 2.771473350975323657e-01
8.370188688507808061e-01 8.529585883390490286e-01 6.939662526955102662e-01 1.028824541521252467e+00 8.925719668788694161e-01 3.785947672167444544e-01 5.149275967456075076e-01 2.684871732404930378e-01 2.542225616386117881e-01 4.424752251950441195e-01 5.488878720681450440e-01 2.628567043749854837e-01 6.836608123607139653e-01 6.154951498673659760e-01 2.743559487708428501e-01 9.042277154923887839e-01 2.616405036387521865e-01 0.000000000000000000e+00 5.919790031898652938e-01 4.053546406940694569e-01 4.811069423174325066e-01 3.831789150097802410e-01 6.558498055147888861e-01 3.761856137655976706e-01 6.326724329093401655e-01 7.357204797244139005e-01 2.094522636064529986e-01 4.062520575423518854e-01 7.060540400915099601e-01 8.503266066356879316e-01 4.353179868695506438e-01 2.005859283764200307e-01 1.756411652116659783e-01 4.438781026361837134e-01 5.308081971014489975e-01 7.408008085977613177e-01 2.551323722410274719e-01 8.918388851510649085e-01 3.692177967071765265e-01 5.787337713443652110e-01 9.266658361607432726e-01 1.670836944310496730e-01 1.628691357877439794e-01 2.386169216075309796e-01 3.052232969364468973e-01 6.813690252040381923e-01 3.582734684545915704e-01 3.842829342615532995e-01 4.867984448376072026e-01 1.311050915197640998e-01
2.928596525074434465e-01 1.195160546263805301e+00 1.205037300384279142e+00 6.667348248102777930e-01 6.354649837873949103e-01 9.689334219616186905e-01 4.452108443658408521e-01 3.393434437534775805e-01 7.533311280277695809e-01 7.924564217546121725e-01 2.646777273800909880e-01 6.348033887381387963e-01 3.128605079983200477e-01 2.528683229016350786e-01 5.474270126751450416e-01 3.817997374309479719e-01 7.998384972530225845e-01 5.919790031898652938e-01 0.000000000000000000e+00 3.947292754831491779e-01 9.914239793788918176e-01 3.218879015987055059e-01 1.004111606272449775e+00 6.198628430978960768e-01 2.541275468949963368e-01 2.382283722549602967e-01 4.422777714597723175e-01 1.996303533458770041e-01 4.558608800414613027e-01 4.814388095146501234e-01 5.091754906389714952e-01 7.496602309241742201e-01 5.301904349419495066e-01 2.248557455980676467e-01 1.714946055070140085e-01 1.644276348952219691e-01 6.600600895897098530e-01 3.750525197234742536e-01 4.428024894088739560e-01 3.573951384563785472e-01 3.557368780207845749e-01 7.128738985441714915e-01 7.031022638919560697e-01 8.288826784332602449e-01 5.007058065143502601e-01 1.386681399047162144e-01 8.735929647867539671e-01 7.546805768511890555e-01 3.050885717171071265e-01 5.596642289385832525e-01
5.740180134680771262e-01 1.049301270546169285e+00 1.089122416622636980e+00 9.013668114976592927e-01 8.921501751600904306e-01 7.042472026944359698e-01 3.432126444836886003e-01 2.457985723190637684e-01 6.439747186799407164e-01 6.519892481823196251e-01 5.396415885061125461e-01 2.417527184817565844e-01 5.590758699007539745e-01 2.605017222542717614e-01 6.074813998920193248e-01 5.997880339047924059e-01 5.030373269644421441e-01 4.053546406940694569e-01 3.947292754831491779e-01 0.000000000000000000e+00 8.766945338610288019e-01 5.265569724536096619e-01 8.567595557052850586e-01 3.648813008172889227e-01 3.592772115585280424e-01 4.430113924762805189e-01 4.312634102747791576e-01 3.378353605671363669e-01 7.078204486030408304e-01 7.173994184478427183e-01 1.788198142548280967e-01 5.714794543059094067e-01 2.335802126934640732e-01 1.774960708723822833e-01 5.144602563968837527e-01 4.285790604778445534e-01 5.352262246730576933e-01 6.006852363677268603e-01 5.065449409333133701e-01 1.765342528488184071e-01 6.168368549224247932e-01 3.915157724842989739e-01 5.584567273313403302e-01 5.660571151529094625e-01 1.415816266231642029e-01 3.794895431917724715e-01 7.534296323817184504e-01 5.665190500284698061e-01 4.292317395183873341e-01 5.084662630865163235e-01
1.253087507554582203e+00 1.112861228333837271e+00 2.369624741374802834e-01 1.329006756647304499e+00 1.239482710657946463e+00 6.811968924641583767e-01 7.769301383562803309e-01 7.041773543284558512e-01 2.407748357408531770e-01 7.000479554529644988e-01 8.848475254660272959e-01 7.178683575950337570e-01 9.854176925293649525e-01 1.059011791833614824e+00 5.423971967610501377e-01 1.339426980098919584e+00 5.496515108314720122e-01 4.811069423174325066e-01 9.914239793788918176e-01 8.766945338610288019e-01 0.000000000000000000e+00 6.935680455969648328e-01 9.157524455095774618e-01 6.530472663825767077e-01 9.233573944041352233e-01 1.158461333240268232e+00 5.636603839188276677e-01 8.026699518709435877e-01 1.052964783870587340e+00 1.150508821761740075e+00 8.391087529450377280e-01 3.839397807406874086e-01 6.495736765347677188e-01 8.873947446024327279e-01 8.549972331678441506e-01 1.139663225672021163e+00 5.098755101753051910e-01 1.310613195859017477e+00 6.564569936214348367e-01 9.659538983852443694e-01 1.336877906795038262e+00 5.737844020568980685e-01 3.182378065296884162e-01 5.412190468549445965e-01 7.815357799459142774e-01 1.014438326836841098e+00 1.347431541393932786e-01 6.248039476817782711e-01 7.774834063324023159e-01 4.317597504403083430e-01
6.130931232565337563e-01 8.937138329180168705e-01 9.084875976555877308e-01 6.460383832007144944e-01 5.836108260786821988e-01 6.817549507682312271e-01 2.511336550053168137e-01 3.218224583570893360e-01 4.567814252990783364e-01 4.905629963799053028e-01 2.289756408867630044e-01 5.947545037653204636e-01 3.004818973509338909e-01 4.502015007703896732e-01 2.365584867361484878e-01 6.837164520579310789e-01 5.108286483835412506e-01 3.831789150097802410e-01 3.218879015987055059e-01 5.265569724536096619e-01 6.935680455969648328e-01 0.000000000000000000e+00 7.024956136622608760e-01 3.862869271113585912e-01 2.708968190143098420e-01 5.469032989852434801e-01 1.940478082245611913e-01 2.117371720512827016e-01 3.970928992913229094e-01 4.681780185727079657e-01 4.354832505693282396e-01 4.474491258509258329e-01 4.683858461594836986e-01 3.936936632115545232e-01 1.704504360431259302e-01 4.656219177020042843e-01 3.547411495091442046e-01 6.961116837828937864e-01 1.658500467401632095e-01 4.008447660488116959e-01 6.646395853844118129e-01 5.460953157661954105e-01 4.110372193336546687e-01 5.449143943787807531e-01 5.698468996777033002e-01 3.298915297121229884e-01 5.770432620580627781e-01 4.633453885694798768e-01 1.318985567571135109e-01 2.707099508929092235e-01
1.285467528537173054e+00 2.243122289813788972e-01 1.133707321845539351e+00 1.274244668447116924e+00 1.275988692450521711e+00 7.220880023683290405e-01 6.406173825486439766e-01 8.580126624787057787e-01 6.799028742883452825e-01 2.191375968180706291e-01 9.213535072586032104e-01 6.809726991821186681e-01 9.306556043291777103e-01 9.667870941227277859e-01 5.254252019071540269e-01 1.312764061575595109e+00 4.859660453359089805e-01 6.558498055147888861e-01 1.004111606272449775e+00 8.567595557052850586e-01 9.157524455095774618e-01 7.024956136622608760e-01 0.000000000000000000e+00 4.918782548879961913e-01 8.247522821980912688e-01 1.180758824298816734e+00 6.766344317746295633e-01 8.933355998598737635e-01 1.089470765663163254e+00 1.095746733561552944e+00 6.779397414504572117e-01 5.794250600125333550e-01 7.776610392137895955e-01 1.015264220833173026e+00 8.326170007654357663e-01 1.115013723587355399e+00 4.183479101253528287e-01 1.336313064117225391e+00 5.684725532768446499e-01 8.227045976702686003e-01 1.314980672378188276e+00 6.221914524261996648e-01 6.454323775814321262e-01 5.904282686045249084e-01 8.263670184721775280e-01 9.661153435173923665e-01 8.023434434844278762e-01 3.552760567887747190e-01 7.111433121547198200e-01 5.629368389451284704e-01
8.182100945679062765e-01 6.844199697288795292e-01 8.710021427185381526e-01 8.700263639400772631e-01 9.459124851230321651e-01 4.430903214876164009e-01 2.073292896751201542e-01 5.454197099439422880e-01 4.171976951613446394e-01 2.871079473650308134e-01 5.857824378105451757e-01 2.084675766539619002e-01 5.348046534229538018e-01 4.852150743338079497e-01 2.426000990747303465e-01 8.344025001633958993e-01 2.065955765902863506e-01 3.761856137655976706e-01 6.198628430978960768e-01 3.648813008172889227e-01 6.530472663825767077e-01 3.862869271113585912e-01 4.918782548879961913e-01 0.000000000000000000e+00 3.974873374932954562e-01 6.991868045098978968e-01 4.111154971246537282e-01 5.894569940796375862e-01 7.593945583356728202e-01 6.881448472504977376e-01 1.860614865624608538e-01 3.412084913205526981e-01 3.438209854542400024e-01 5.233859659451769453e-01 4.483682375908820683e-01 6.462222274616591378e-01 1.703449238557686596e-01 8.548167539723011688e-01 2.204368803711953539e-01 3.359668602474759069e-01 8.419041383669997325e-01 2.192860352489470754e-01 3.816295633479771521e-01 3.120224519094976223e-01 3.486428051296364128e-01 5.113325524001882671e-01 5.396382643574270110e-01 2.175541930958929115e-01 3.147742713807888948e-01 2.974179042951528018e-01
4.725742030454123110e-01 1.014187744356628507e+00 1.138276946462758454e+00 5.478945238574487453e-01 7.522529533462426476e-01 8.318935213256607453e-01 2.011917171514233382e-01 5.327320205498952133e-01 6.865707741062485603e-01 6.150131824108526768e-01 3.843113027007535876e-01 4.775836842758028888e-01 2.060370799498985050e-01 2.036713830112291124e-01 4.367253675285526215e-01 5.102669493688994917e-01 6.000471492252877903e-01 6.326724329093401655e-01 2.541275468949963368e-01 3.592772115585280424e-01 9.233573944041352233e-01 2.708968190143098420e-01 8.247522821980912688e-01 3.974873374932954562e-01 0.000000000000000000e+00 3.940463099532787172e-01 4.537552045118216082e-01 3.991279423733460341e-01 5.657350265588833027e-01 3.639271308076318379e-01 2.961823710842722557e-01 6.525453949650784624e-01 5.897023020534696292e-01 3.493772226520789892e-01 1.917995944105158335e-01 3.021203980955943225e-01 4.893395025891510985e-01 5.464873004270306422e-01 2.817236394168833313e-01 1.840254173059720499e-01 5.020873468864279765e-01 5.891146644923049847e-01 6.408265681408250591e-01 7.001322266278088291e-01 4.767599610520322773e-01 1.432524655435201688e-01 8.068326108652328355e-01 5.734438518687313691e-01 1.493094838503928046e-01 5.039167542624232166e-01
1.996109132383895035e-01 1.370194286457355970e+00 1.372074654245654779e+00 8.652165151316527636e-01 8.432012414293316160e-01 1.097117161579425515e+00 5.493704952031635003e-01 4.705880629406926086e-01 9.203684818891458841e-01 9.710197245115790299e-01 4.729637272899800404e-01 6.714988731541342570e-01 5.141369588829584059e-01 2.139717301760898915e-01 7.696096180230868056e-01 1.979849727137127091e-01 8.939614900069688952e-01 7.357204797244139005e-01 2.382283722549602967e-01 4.430113924762805189e-01 1.158461333240268232e+00 5.469032989852434801e-01 1.180758824298816734e+00 6.991868045098978968e-01 3.940463099532787172e-01 0.000000000000000000e+00 6.116641154523003721e-01 3.690166973384050864e-01 6.635971376833981195e-01 6.799204998360254271e-01 5.281248390576337437e-01 9.205490730363865559e-01 6.225450851147619202e-01 3.027248713395082058e-01 4.047870978949571485e-01 1.742603023034700882e-01 8.457437633120488130e-01 1.596366785314719261e-01 6.625680727270543136e-01 3.670783844300327670e-01 2.622809599458580943e-01 8.089640360058478752e-01 8.645906856987005673e-01 9.569239113398114727e-01 5.671314605522779217e-01 2.724858832183871815e-01 1.040630318648130048e+00 9.167409976057908638e-01 5.301539171605637035e-01 7.366168691319121553e-01
7.006216217323886220e-01 8.737432145988891508e-01 7.772737049242145480e-01 8.248456307628431183e-01 6.834089820167108531e-01 5.683040317659338037e-01 4.005633131608909436e-01 1.939920259004521697e-01 3.255675325677052090e-01 4.632598514548846858e-01 3.394356084616917957e-01 4.375846536186241420e-01 4.792891449130624038e-01 5.203394943458157229e-01 2.121128265494199860e-01 7.947980175136057923e-01 4.091108520545212457e-01 2.094522636064529986e-01 4.422777714597723175e-01 4.312634102747791576e-01 5.636603839188276677e-01 1.940478082245611913e-01 6.766344317746295633e-01 4.111154971246537282e-01 4.537552045118216082e-01 6.116641154523003721e-01 0.000000000000000000e+00 2.493971437539871661e-01 4.968910552293516192e-01 6.469852661348365341e-01 5.780252492469305503e-01 3.237689973437968827e-01 2.941341536538925605e-01 3.675115063520798531e-01 3.213559334949957491e-01 5.944335932821613877e-01 2.901938763473144167e-01 7.638159780710486180e-01 2.590333437535840000e-01 5.809691030667728517e-01 7.914289941989627319e-01 3.677117357869892356e-01 2.738858716663752357e-01 4.305857473766501742e-01 4.104302920668646548e-01 4.719167615975849439e-01 4.458293693266896507e-01 4.333763010709145158e-01 3.120228937750745279e-01 1.357759951017050160e-01
4.579742036184931697e-01 1.084553819115629647e+00 1.016283272876330468e+00 7.773456493009841539e-01 5.543148145929540638e-01 7.834682793041684024e-01 4.492683523629135700e-01 1.927825266959832806e-01 5.645771005198211290e-01 6.814029825775180793e-01 2.018062279389761238e-01 5.436357903605395503e-01 4.211991725996638292e-01 3.079527149463025526e-01 4.119730354496647928e-01 5.521505993997103401e-01 6.574649976710122967e-01 4.062520575423518854e-01 1.996303533458770041e-01 3.378353605671363669e-01 8.026699518709435877e-01 2.117371720512827016e-01 8.933355998598737635e-01 5.894569940796375862e-01 3.991279423733460341e-01 3.690166973384050864e-01 2.493971437539871661e-01 0.000000000000000000e+00 3.699850880359044081e-01 5.944138397030244159e-01 5.058604954433983947e-01 5.647576916670619118e-01 3.872093910999646615e-01 1.830658553173603043e-01 2.456604232246149544e-01 3.640579882410989732e-01 5.335789759005460375e-01 5.211685599571538319e-01 3.775872187914459110e-01 3.891033406497498848e-01 5.487815760850677238e-01 5.419798164261866447e-01 5.087993043293754791e-01 6.434904336949547332e-01 3.943353365608986416e-01 2.982085671350436784e-01 6.848389372788055152e-01 6.545178162792077980e-01 3.046258698754188976e-01 3.808254877625874557e-01
7.384351689304268218e-01 1.280688984918918472e+00 1.266578104875974331e+00 9.257910780053989486e-01 1.908159849658297713e-01 1.054814790764175392e+00 6.033102248017063740e-01 5.333646927553606920e-01 8.148719325194647700e-01 8.775381483808074590e-01 1.966966204555564701e-01 8.949816005424867660e-01 5.696446013040785683e-01 6.341782103106045065e-01 6.197992183291660684e-01 8.314512585077540319e-01 8.945398903830945603e-01 7.060540400915099601e-01 4.558608800414613027e-01 7.078204486030408304e-01 1.052964783870587340e+00 3.970928992913229094e-01 1.089470765663163254e+00 7.593945583356728202e-01 5.657350265588833027e-01 6.635971376833981195e-01 4.968910552293516192e-01 3.699850880359044081e-01 0.000000000000000000e+00 7.428592684074390995e-01 7.720519685852678116e-01 8.112010354158695202e-01 7.277915571593421840e-01 5.467060008736662757e-01 3.941058519290297490e-01 6.094651904941157383e-01 7.417163015100464163e-01 8.144832081047957972e-01 5.538453694145057948e-01 7.090998408140228859e-01 8.054608821820578024e-01 8.602946668601482161e-01 7.646430683836513698e-01 9.170965063748913737e-01 7.517991847747330647e-01 5.066066064978400618e-01 9.351337692784491562e-01 8.506529820824970667e-01 4.561154877646266814e-01 6.212050334302784416e-01
7.384939072784156844e-01 1.285847499247557257e+00 1.365428373820363417e+00 1.883191635090225580e-01 9.251151449749798195e-01 1.095088464764222058e+00 4.950411030960218950e-01 7.398606596788710466e-01 9.137222014638535228e-01 8.840915490437152302e-01 5.511580110970696333e-01 8.284039931850878391e-01 1.803638968762508732e-01 5.167977124585558801e-01 6.696099776291002392e-01 7.850544779947801199e-01 8.825738531911944129e-01 8.503266066356879316e-01 4.814388095146501234e-01 7.173994184478427183e-01 1.150508821761740075e+00 4.681780185727079657e-01 1.095746733561552944e+00 6.881448472504977376e-01 3.639271308076318379e-01 6.799204998360254271e-01 6.469852661348365341e-01 5.944138397030244159e-01 7.428592684074390995e-01 0.000000000000000000e+00 6.470026799935574280e-01 8.991743774714405779e-01 9.171284819708996894e-01 6.751844805749216416e-01 3.510801678042145824e-01 5.742777898792206237e-01 7.525344460277119119e-01 8.257389051886337983e-01 5.344376166979770693e-01 5.430299317087891042e-01 7.742447386700540557e-01 8.994741802427222988e-01 8.679779954984297996e-01 9.633271700663698089e-01 8.348821679413469532e-01 4.118002465293259529e-01 1.033984038222837798e+00 8.451036067596600088e-01 3.851215112745401958e-01 7.310681816200280680e-01
6.604724981429059838e-01 8.704814562913406606e-01 1.057063629280998951e+00 8.295908696026373930e-01 9.585698953726271565e-01 5.893121586485300378e-01 1.843495955640115092e-01 4.115475833868202926e-01 6.032591817238055487e-01 4.731694339274916117e-01 5.927882119346249423e-01 1.814013131915306332e-01 4.907531924337175111e-01 3.173045376879742863e-01 4.286615856371913114e-01 6.748551619917779743e-01 3.658366509493352070e-01 4.353179868695506438e-01 5.091754906389714952e-01 1.788198142548280967e-01 8.391087529450377280e-01 4.354832505693282396e-01 6.779397414504572117e-01 1.860614865624608538e-01 2.961823710842722557e-01 5.281248390576337437e-01 5.780252492469305503e-01 5.058604954433983947e-01 7.720519685852678116e-01 6.470026799935574280e-01 0.000000000000000000e+00 5.048531163432183888e-01 3.488055956082742881e-01 3.373244793827161470e-01 4.355367922794612379e-01 4.884846310366591227e-01 3.564064104182296244e-01 6.839456085419470810e-01 3.471168402463938873e-01 1.610464546276009490e-01 6.823568001953816964e-01 3.134191299653899532e-01 5.676910499104381724e-01 4.573825464783026207e-01 2.323532453136421816e-01 3.815017791872811204e-01 7.256997509198880314e-01 4.036156796583538209e-01 3.234335905281430223e-01 4.834793908576137111e-01
1.015175247350700305e+00 7.820541817601417423e-01 6.047125254000781380e-01 1.077672312357004891e+00 9.977189622032289762e-01 3.066075514250416467e-01 4.764658890266596503e-01 4.591383394437997811e-01 1.753866044622253151e-01 3.619170232639512541e-01 6.430837770113098095e-01 3.415925445470708310e-01 7.340832482390655667e-01 8.026356006007430155e-01 2.828256668748623803e-01 1.098233638152467551e+00 1.789618483889135747e-01 2.005859283764200307e-01 7.496602309241742201e-01 5.714794543059094067e-01 3.839397807406874086e-01 4.474491258509258329e-01 5.794250600125333550e-01 3.412084913205526981e-01 6.525453949650784624e-01 9.205490730363865559e-01 3.237689973437968827e-01 5.647576916670619118e-01 8.112010354158695202e-01 8.991743774714405779e-01 5.048531163432183888e-01 0.000000000000000000e+00 3.392032768754284500e-01 6.417941809259197772e-01 6.088783134218053172e-01 8.965730853709754644e-01 1.727817795274739221e-01 1.072700935655135579e+00 3.803485313251158129e-01 6.595280727580349334e-01 1.095114158340320554e+00 1.919311926737390095e-01 1.419397727677877419e-01 1.666297058158281996e-01 4.446762995025309584e-01 7.683194070908021533e-01 2.755376151322837530e-01 2.769773554082474165e-01 5.261489620421027080e-01 1.899960019855911064e-01
