0.000000000000000000e+00 1.516379219434821124e+00 1.508460700575611213e+00 9.968433962455504060e-01 9.760634299599825203e-01 1.223648271823164269e+00 6.683225496395154286e-01 6.058789121137413414e-01 1.090151845441714507e+00 1.100360468452152407e+00 3.867881551449164901e-01 7.927050353791681436e-01 6.813953667539914827e-01 6.948069863674600777e-01 9.489507378335783061e-01 4.776671534981710154e-01 2.775283072065951595e-01 8.608127136703660476e-01 7.013229215724688936e-01 1.012476648391940959e+00 1.278354409272316472e+00 2.346824164509472288e-01 1.297204455782001942e+00 4.940832204686363971e-01 8.181953404635071703e-01 5.391014493979532363e-01 6.518261592813074934e-01 6.536928578419031188e-01 1.838276906617057338e-01 8.088582083178716964e-01 1.888934683932738945e-01 7.982461500872163329e-01 9.811564767434051149e-01 5.311672751742779752e-01 7.908979340888531162e-01 8.337392446523581579e-01 9.666027073286804772e-01 4.777488552481310990e-01 4.063883167244700667e-01 1.009011309849650484e+00 1.585670927694380894e-01 6.474666664904102920e-01 9.227233917619680481e-01 3.552300379218211179e-01 5.467178194451832729e-01 7.185754090319984577e-01 5.581094601971383629e-01 1.100813016246721121e+00 6.790330215586894980e-01 1.395820042649633441e+00
1.516379219434821124e+00 0.000000000000000000e+00 1.348984567581180682e+00 1.467193170793460455e+00 1.511037256988498445e+00 9.236826739486379001e-01 8.601681655421692385e-01 1.075425112582455656e+00 9.147655627264404954e-01 4.510864863676698477e-01 1.206765814682879023e+00 9.068377708654535851e-01 1.175677425923850716e+00 1.147118201378374502e+00 7.491041444087331858e-01 1.102091563250391371e+00 1.486111920680710519e+00 8.762662636086276935e-01 9.124430537508025907e-01 7.018915662310234449e-01 1.118878276277886163e+00 1.307714400699953261e+00 2.301067953367271213e-01 1.142277602166678063e+00 7.202597029143963381e-01 1.041385653120845856e+00 1.085369456332125671e+00 9.036324925767269534e-01 1.479469424946378453e+00 8.571783468570353115e-01 1.340662339599800523e+00 1.340891005749945464e+00 7.481526044885795645e-01 1.076850020919403406e+00 7.833940362941146374e-01 1.314576752750695077e+00 5.884209010401550977e-01 1.220850939170359695e+00 1.112586733927391158e+00 8.533787405047975616e-01 1.513040615407007961e+00 1.006508163462366268e+00 8.436636561004633439e-01 1.284284890885482255e+00 9.696613999896385172e-01 9.932527072461009299e-01 1.042128017977363541e+00 8.081776381356051697e-01 9.038132814659440850e-01 1.282464699502172123e-01
1.508460700575611213e+00 1.348984567581180682e+00 0.000000000000000000e+00 1.514462317744137643e+00 1.457780004572179156e+00 9.233414738035004010e-01 9.980906180041640985e-01 9.025817884618697606e-01 4.618179981439383130e-01 9.284995396770295839e-01 1.209239253002661885e+00 9.489675118500967566e-01 1.122420173507531205e+00 1.194387348329051024e+00 7.447789109069850033e-01 1.161138325063240773e+00 1.498136572558879998e+00 6.959052884018364082e-01 8.842576084750316534e-01 7.860126181596315265e-01 2.361229279205632470e-01 1.288717835302019443e+00 1.128488291720204817e+00 1.037708483225307621e+00 8.926037124962550307e-01 1.118494306621292456e+00 9.742020025557415197e-01 1.075976502158585424e+00 1.471630388084705254e+00 7.246623373998127837e-01 1.385659712822798095e+00 1.287633753333625952e+00 6.214413432108478741e-01 1.037119878440288190e+00 8.623822247141631481e-01 1.362362404080788236e+00 7.806263569747854403e-01 1.044871076830120149e+00 1.245346387188933646e+00 6.239521130843569408e-01 1.543080939512941452e+00 8.864824336180773257e-01 8.077616993717601224e-01 1.161855435670308578e+00 1.119713057245772303e+00 8.170151274340690106e-01 1.087836143154019775e+00 8.005062182270572535e-01 9.611983097250770269e-01 1.228425390795992778e+00
9.968433962455504060e-01 1.467193170793460455e+00 1.514462317744137643e+00 0.000000000000000000e+00 1.091905861476863526e+00 1.253167824132342068e+00 6.459297776855009721e-01 8.956829758463047408e-01 1.094127297470599558e+00 1.053871257405689210e+00 6.333525633224306173e-01 9.786525064497315629e-01 7.568113720899494190e-01 3.231904272030747260e-01 8.552370356649786620e-01 8.123392908799059731e-01 9.930291819981770240e-01 1.001982844634730974e+00 6.386673278600896175e-01 1.041561641188244236e+00 1.284356026440842902e+00 8.348924400260513412e-01 1.248018407140641273e+00 7.552270041732471739e-01 8.439457687334335212e-01 5.070779555013765760e-01 9.780864154736916838e-01 7.976909635627822404e-01 1.000717680344957117e+00 8.177684558489086708e-01 8.097825667830957919e-01 9.173866740906768680e-01 9.651580670685895313e-01 5.976126406149472325e-01 6.928621501342340228e-01 1.698861302182258226e-01 9.158362561974013882e-01 8.982833484747225761e-01 6.605479763605680565e-01 1.084729971167236018e+00 1.006374023810376883e+00 7.391834396364580506e-01 1.077518056559751525e+00 7.512625143138339512e-01 6.683254791076751467e-01 9.887085254932311829e-01 4.652407809562182361e-01 1.136031553128008520e+00 5.633798893275168140e-01 1.346633994008273216e+00
9.760634299599825203e-01 1.511037256988498445e+00 1.457780004572179156e+00 1.091905861476863526e+00 0.000000000000000000e+00 1.252786829211685937e+00 7.971586929486891293e-01 7.240670190911470128e-01 1.038727280126704233e+00 1.098804030115488661e+00 6.383601807936267747e-01 1.082782567701688237e+00 3.364961485730750268e-01 7.718308920617774627e-01 8.502536851453966760e-01 8.553890198648768095e-01 1.010646397895110349e+00 8.998929108432442980e-01 6.002808517801561106e-01 1.096230537675307204e+00 1.227673713268884637e+00 7.794017281084835158e-01 1.290676835992250471e+00 5.498870304612356597e-01 9.608877264284907405e-01 7.233556882323836090e-01 8.895805805510162978e-01 9.568544692603019319e-01 9.595871244684588408e-01 7.355472970046130765e-01 8.361949250716986803e-01 1.847864259409317811e-01 9.201500311097527973e-01 4.983543721989691644e-01 7.554911496418073025e-01 9.360847456663361488e-01 9.567595157211878920e-01 7.242213401234381953e-01 7.779908302717064572e-01 1.017608951593947930e+00 1.045540799900781304e+00 5.888517374396510240e-01 1.030952128567600656e+00 6.508257474693007749e-01 8.307257936612791882e-01 8.391948380175132671e-01 6.314298999938624535e-01 1.132356065259497502e+00 6.545783795706114905e-01 1.390478080203310984e+00
1.223648271823164269e+00 9.236826739486379001e-01 9.233414738035004010e-01 1.253167824132342068e+00 1.252786829211685937e+00 0.000000000000000000e+00 6.465780438182496814e-01 6.265509322853181073e-01 4.652309851699052978e-01 4.774767900870309223e-01 9.911794462477394596e-01 4.602884982717139750e-01 9.174269981470383195e-01 9.330928547172562260e-01 4.874056204319468510e-01 7.633712959266600873e-01 1.199518109819412315e+00 3.804478963173395512e-01 6.713720878121218760e-01 2.529226964837342773e-01 6.925185131584324916e-01 9.964931173131907904e-01 6.967081484219518339e-01 8.101739521446417180e-01 4.402386365390875134e-01 8.341880048154772798e-01 5.886167521952857529e-01 5.826214989634314056e-01 1.176797450470846274e+00 5.231857032654623207e-01 1.061069356321136636e+00 1.082640577973133178e+00 3.371022499735182865e-01 8.321267030797945274e-01 5.674667036913275675e-01 1.101067910468993327e+00 3.679006169648005864e-01 7.458994165750328920e-01 8.465251622797658193e-01 3.298761325769281605e-01 1.232975752777521583e+00 6.801634088124866029e-01 3.160787752417527074e-01 8.974633423110294217e-01 7.048625774622105933e-01 5.050728627911658108e-01 8.265416495422245324e-01 1.331244224497109552e-01 6.916569146976678795e-01 8.083160691762999450e-01
6.683225496395154286e-01 8.601681655421692385e-01 9.980906180041640985e-01 6.459297776855009721e-01 7.971586929486891293e-01 6.465780438182496814e-01 0.000000000000000000e+00 5.746619992259726084e-01 5.638716131494239114e-01 4.468462521543977162e-01 3.896246151777146283e-01 3.657705871029964806e-01 4.617988618840410675e-01 3.307889840661736303e-01 3.392649137526811964e-01 2.988034604007993034e-01 6.397948712573268137e-01 5.220828854332837388e-01 2.729143537249573148e-01 4.090437069175192342e-01 7.679843267008694685e-01 4.650518170471955592e-01 6.409934018893498342e-01 4.583799527038719401e-01 2.108707772085642584e-01 2.032590131967282887e-01 4.215477070064698184e-01 1.848090442160473801e-01 6.354085502013901987e-01 3.798765046768929343e-01 4.912038914011664925e-01 6.247839631123087711e-01 4.109310719164289138e-01 3.249555878852736224e-01 1.736388337209711086e-01 4.913376293481748758e-01 3.103916534360279256e-01 4.599531963626005693e-01 2.619342329150451953e-01 5.545765806399767239e-01 6.665988987038381497e-01 4.181624630161260847e-01 4.429534266045801472e-01 4.800294837118180835e-01 1.398835073645212923e-01 5.920548844293868074e-01 2.419572813753240459e-01 5.311232765238279585e-01 1.425803133780776388e-01 7.396089887569815557e-01
6.058789121137413414e-01 1.075425112582455656e+00 9.025817884618697606e-01 8.956829758463047408e-01 7.240670190911470128e-01 6.265509322853181073e-01 5.746619992259726084e-01 0.000000000000000000e+00 4.842729333279732207e-01 6.567791204085916545e-01 3.964571425004725369e-01 3.656506036368176726e-01 3.887071880264989510e-01 5.756080064312188993e-01 4.312844229170080812e-01 3.010686856039344605e-01 5.955547840970102369e-01 2.609521169395253581e-01 3.079725227546523114e-01 4.969531382165562894e-01 6.724754971585750196e-01 3.861360468401504042e-01 8.549288367214799012e-01 2.133461379138055780e-01 5.423387157997144881e-01 5.271328026018249346e-01 2.087236436424485531e-01 4.001831222218521500e-01 5.690485996228357157e-01 2.360202015865850433e-01 4.830779243609285567e-01 5.586896678233292945e-01 3.754693108224048670e-01 3.295782687183194115e-01 4.536311244561749279e-01 7.435830621829554454e-01 5.070669019760599694e-01 1.607626489867147179e-01 3.864765180091536689e-01 4.031323977359090316e-01 6.404991510510715802e-01 1.564995362098465792e-01 3.492207228446641554e-01 2.769307254086121328e-01 4.576474709377011396e-01 1.372018722960704762e-01 4.500004734577689458e-01 5.037156767088749598e-01 4.390068639202665546e-01 9.548659357972676398e-01
1.090151845441714507e+00 9.147655627264404954e-01 4.618179981439383130e-01 1.094127297470599558e+00 1.038727280126704233e+00 4.652309851699052978e-01 5.638716131494239114e-01 4.842729333279732207e-01 0.000000000000000000e+00 4.812276966014464308e-01 7.901865285571870734e-01 4.966685423385726605e-01 7.033674490620563935e-01 7.740523280555133834e-01 3.215193533249929292e-01 7.327885679237973182e-01 1.079827717424983291e+00 2.606829764434817065e-01 4.639225882014932911e-01 3.282389353915484143e-01 2.360194858416992392e-01 8.704089801681232919e-01 6.942692868654649629e-01 6.227073790907580175e-01 4.583847076415148436e-01 6.981592863477547040e-01 5.431062876392953598e-01 6.417574973038451258e-01 1.053321532950808770e+00 3.079802550910213377e-01 9.673508576889014998e-01 8.685810288881511410e-01 1.797541421275465900e-01 6.180671539948128235e-01 4.391226671321713515e-01 9.420273838072497075e-01 3.347013163746445086e-01 6.265622216962233315e-01 8.248694578495207042e-01 1.625643940809657628e-01 1.124772084379044745e+00 4.714813294835278890e-01 3.510263578042793209e-01 7.468543315357597523e-01 6.854940523910324490e-01 3.987062723001724152e-01 6.675011228804814678e-01 3.423957295934622058e-01 5.408632894515387202e-01 7.942063859412530347e-01
1.100360468452152407e+00 4.510864863676698477e-01 9.284995396770295839e-01 1.053871257405689210e+00 1.098804030115488661e+00 4.774767900870309223e-01 4.468462521543977162e-01 6.567791204085916545e-01 4.812276966014464308e-01 0.000000000000000000e+00 7.943884803884706525e-01 4.623258258719379898e-01 7.634441990508409326e-01 7.337962879906033686e-01 3.310457340319892805e-01 6.799057066260184579e-01 1.070093169698041580e+00 4.576202714347640810e-01 5.002098268777925849e-01 2.520566681042121226e-01 6.957827234209699174e-01 8.907066193400725584e-01 2.305654755536531431e-01 7.300443752936681685e-01 2.980738462900238139e-01 6.280637397330750549e-01 6.396377736551869253e-01 4.814466359523542072e-01 1.062955452630248043e+00 4.385323546831711439e-01 9.246435886171313623e-01 9.286577788769357911e-01 3.092311487916010737e-01 6.646167940463932888e-01 3.710167019997064330e-01 9.012548393629247201e-01 1.643641062574052736e-01 7.986650825459866709e-01 6.988730089459798123e-01 4.089153296087467138e-01 1.097021864424339244e+00 5.942749365893563729e-01 3.974577722388560330e-01 8.720516640124726937e-01 5.536426490069693562e-01 5.746067150722368178e-01 6.297506836829557253e-01 3.619717542739985805e-01 4.904913680781725627e-01 3.337427006080396774e-01
3.867881551449164901e-01 1.206765814682879023e+00 1.209239253002661885e+00 6.333525633224306173e-01 6.383601807936267747e-01 9.911794462477394596e-01 3.896246151777146283e-01 3.964571425004725369e-01 7.901865285571870734e-01 7.943884803884706525e-01 0.000000000000000000e+00 6.030592775306642395e-01 3.333605145723316787e-01 3.262872379099712172e-01 5.807426061797729133e-01 3.159859111911058061e-01 4.140380689863240038e-01 6.475976480043529326e-01 3.350055844714629472e-01 7.681452328306090926e-01 9.791329616993675877e-01 2.323844355402279738e-01 9.875910510300592859e-01 2.243367424556940160e-01 5.619724586095810048e-01 2.018733692018480352e-01 5.001395523626270823e-01 4.281733805689285077e-01 4.006783431697166775e-01 4.870065454350957501e-01 2.081911381569067077e-01 4.600990654119567758e-01 6.709804986475771393e-01 1.729529655868067561e-01 4.313463098974576471e-01 4.689661134910073081e-01 6.544573086017486663e-01 3.007845399390208785e-01 1.629027644176589962e-01 7.699516885693242774e-01 4.141499393192031309e-01 3.632336269636191606e-01 7.446290490326266109e-01 1.479940621503955389e-01 2.971167867739424873e-01 5.326101984840329040e-01 1.841058409971877696e-01 8.740431752434056900e-01 3.090407612456180231e-01 1.086206637897690896e+00
7.927050353791681436e-01 9.068377708654535851e-01 9.489675118500967566e-01 9.786525064497315629e-01 1.082782567701688237e+00 4.602884982717139750e-01 3.657705871029964806e-01 3.656506036368176726e-01 4.966685423385726605e-01 4.623258258719379898e-01 6.030592775306642395e-01 0.000000000000000000e+00 7.486547578789358726e-01 6.646334646018250414e-01 4.721154685199336343e-01 3.161795060501198518e-01 7.599532958130678084e-01 2.618244687148645888e-01 6.037915453094819807e-01 2.571981865396625877e-01 7.211681967174231600e-01 5.646480800991006133e-01 6.906460333313748645e-01 5.543841172069435830e-01 2.060911767186580645e-01 4.968819258376981352e-01 1.935393438373139152e-01 1.809615428869491005e-01 7.389254969748775270e-01 4.319611977783108236e-01 6.385239580966769468e-01 9.172459943953390482e-01 3.953994214118557449e-01 6.654325870345337846e-01 4.332411976952889043e-01 8.240603581124055221e-01 3.707811230476660835e-01 3.796868898739794163e-01 4.409786790872619044e-01 3.405147516611627956e-01 7.991590115987646792e-01 5.070216607677024978e-01 1.507772265968000402e-01 5.242139525595159721e-01 3.211920013562016285e-01 2.550972526117802341e-01 5.808101667009988311e-01 3.388526511753526260e-01 4.915843109648583842e-01 7.860395915805054035e-01
6.813953667539914827e-01 1.175677425923850716e+00 1.122420173507531205e+00 7.568113720899494190e-01 3.364961485730750268e-01 9.174269981470383195e-01 4.617988618840410675e-01 3.887071880264989510e-01 7.033674490620563935e-01 7.634441990508409326e-01 3.333605145723316787e-01 7.486547578789358726e-01 0.000000000000000000e+00 4.367364026748635775e-01 5.148938540807487252e-01 5.261924576530306874e-01 7.079635644090567226e-01 5.645330797785962362e-01 2.649210207155081043e-01 7.608707066106592531e-01 8.923138822042367968e-01 4.808102310653046829e-01 9.553170049276022979e-01 2.226550155574657242e-01 6.255278953638427897e-01 3.882611988454696128e-01 5.554527707282641558e-01 6.217599798733880467e-01 6.609956274252798414e-01 4.001874659399650147e-01 5.311952588504036399e-01 1.744586496942326370e-01 5.847902000451048465e-01 1.716306231040075625e-01 4.201313185771592407e-01 6.024520782709208433e-01 6.213996846565399412e-01 3.934180289033156197e-01 4.694224321063335537e-01 6.822491205293002015e-01 7.405411336794859301e-01 2.534919063750030732e-01 6.955922975029525945e-01 3.445205261341948155e-01 4.956313042743655251e-01 5.038350069528654274e-01 2.977972325984475366e-01 7.969962341948496620e-01 3.192185485059634287e-01 1.055118249138662812e+00
6.948069863674600777e-01 1.147118201378374502e+00 1.194387348329051024e+00 3.231904272030747260e-01 7.718308920617774627e-01 9.330928547172562260e-01 3.307889840661736303e-01 5.756080064312188993e-01 7.740523280555133834e-01 7.337962879906033686e-01 3.262872379099712172e-01 6.646334646018250414e-01 4.367364026748635775e-01 0.000000000000000000e+00 5.351620662498925984e-01 5.041165926608386361e-01 6.909927721200868067e-01 6.819078752196446880e-01 3.185923584450037760e-01 7.241471811339232900e-01 9.642810570257568381e-01 5.354699658513801808e-01 9.279434377255554312e-01 4.351520347581613324e-01 5.274653143079915951e-01 2.068356891689465682e-01 6.661394394688030518e-01 4.836719217148758299e-01 6.986812704668671214e-01 4.976934864338228293e-01 5.077461569050054635e-01 5.972786749643272941e-01 6.450830976535036898e-01 2.775046414885978252e-01 3.727871807191481812e-01 1.706640700368980967e-01 5.957612867823155467e-01 5.874783086116753816e-01 3.670502476234154265e-01 7.646550017521501763e-01 7.043376139322867768e-01 4.191084702213722646e-01 7.623772629404240719e-01 4.413950474683664971e-01 3.563537060933648082e-01 6.686335560781453413e-01 1.504635811311338389e-01 8.159565837129224564e-01 2.433049199124308060e-01 1.026559024593187264e+00
9.489507378335783061e-01 7.491041444087331858e-01 7.447789109069850033e-01 8.552370356649786620e-01 8.502536851453966760e-01 4.874056204319468510e-01 3.392649137526811964e-01 4.312844229170080812e-01 3.215193533249929292e-01 3.310457340319892805e-01 5.807426061797729133e-01 4.721154685199336343e-01 5.148938540807487252e-01 5.351620662498925984e-01 0.000000000000000000e+00 6.300564821775600510e-01 9.534500437367692260e-01 2.689983006923536424e-01 2.553977659861985661e-01 3.171205486728702616e-01 5.146726196036899292e-01 7.537459364120941974e-01 5.286078685477577643e-01 4.688138625364243750e-01 2.768263202866553807e-01 4.565576360837569347e-01 5.468509722904182357e-01 4.538387403603544867e-01 9.345228351396839273e-01 1.952642213304230656e-01 7.793463973231776754e-01 6.801074339068435837e-01 1.810347185610146348e-01 4.239904458806280085e-01 1.851088662119469153e-01 7.031371220016292556e-01 1.823233717979863278e-01 5.585975595234526914e-01 5.755894053944872191e-01 3.250146423043983601e-01 9.762626630167983155e-01 3.254318280861622226e-01 4.036264849750161310e-01 6.108211512552290667e-01 4.711365291412817347e-01 3.859847443298260461e-01 4.286108610748607939e-01 3.692773722802276670e-01 2.992616391875410620e-01 6.285449676235457250e-01
4.776671534981710154e-01 1.102091563250391371e+00 1.161138325063240773e+00 8.123392908799059731e-01 8.553890198648768095e-01 7.633712959266600873e-01 2.988034604007993034e-01 3.010686856039344605e-01 7.327885679237973182e-01 6.799057066260184579e-01 3.159859111911058061e-01 3.161795060501198518e-01 5.261924576530306874e-01 5.041165926608386361e-01 6.300564821775600510e-01 0.000000000000000000e+00 4.452028200728539997e-01 4.836237188705784229e-01 5.124340348958282831e-01 5.507952432950637967e-01 9.310320337599464757e-01 2.496101982181034296e-01 8.829167995975719663e-01 3.061416555416208163e-01 3.818318603359948105e-01 3.060613746019001380e-01 1.970918238252544197e-01 1.984590706736645283e-01 4.241172430028264384e-01 5.370888871905195039e-01 3.258564721562607902e-01 6.781104412624543443e-01 6.340258474237762121e-01 4.338012621711262451e-01 4.553351355070874296e-01 6.528967101983410570e-01 5.607018218715692504e-01 1.678736244609794204e-01 1.607067357735232349e-01 6.207708803636290407e-01 4.859055498278507246e-01 4.108224535507154496e-01 4.631659771588617081e-01 2.186739681755165143e-01 1.589199530362780388e-01 3.441231976291723171e-01 4.060923081214347086e-01 6.479165286322383643e-01 3.741903713790222241e-01 9.815323864652036878e-01
2.775283072065951595e-01 1.486111920680710519e+00 1.498136572558879998e+00 9.930291819981770240e-01 1.010646397895110349e+00 1.199518109819412315e+00 6.397948712573268137e-01 5.955547840970102369e-01 1.079827717424983291e+00 1.070093169698041580e+00 4.140380689863240038e-01 7.599532958130678084e-01 7.079635644090567226e-01 6.909927721200868067e-01 9.534500437367692260e-01 4.452028200728539997e-01 0.000000000000000000e+00 8.494434019797443280e-01 7.269387600499328528e-01 9.762552541128575179e-01 1.268030281255585257e+00 2.350459693032705966e-01 1.266937157027891114e+00 5.076190580657283791e-01 7.879280417093963429e-01 5.276346932473510165e-01 6.230537598347989370e-01 6.174714635628195669e-01 1.803483708549346309e-01 8.059279538811893184e-01 2.380523027177122997e-01 8.329283731455567885e-01 9.710240949194148818e-01 5.743052304885903903e-01 7.683411775248222275e-01 8.299250304049848870e-01 9.363354085745696498e-01 4.575876725759476238e-01 3.778606383422815074e-01 9.986871818329188244e-01 1.532620635040174428e-01 6.458870611563267694e-01 8.977460513967396860e-01 3.670046583307897126e-01 5.164505206910725565e-01 6.984142263598149825e-01 5.542952459497652029e-01 1.076682854242969167e+00 6.576946819566444891e-01 1.365552743895522836e+00
8.608127136703660476e-01 8.762662636086276935e-01 6.959052884018364082e-01 1.001982844634730974e+00 8.998929108432442980e-01 3.804478963173395512e-01 5.220828854332837388e-01 2.609521169395253581e-01 2.606829764434817065e-01 4.576202714347640810e-01 6.475976480043529326e-01 2.618244687148645888e-01 5.645330797785962362e-01 6.819078752196446880e-01 2.689983006923536424e-01 4.836237188705784229e-01 8.494434019797443280e-01 0.000000000000000000e+00 3.644938725942840074e-01 2.573626756864868526e-01 4.662430396543820188e-01 6.410698483967750549e-01 6.557699877476524941e-01 4.311500182241996826e-01 3.756622667228991519e-01 6.213723670319283299e-01 2.939414385860764090e-01 4.339380616623796927e-01 8.238793694505991416e-01 1.842143887858216644e-01 7.334975333662794306e-01 7.372315471376982288e-01 1.729162061571314912e-01 4.920270264574462815e-01 3.679268378925494853e-01 8.498829309713813451e-01 3.079080530022327289e-01 3.918557294037968153e-01 6.239580623274195714e-01 1.557519392138245751e-01 8.922631387989867768e-01 3.115705640089908024e-01 1.458399058431033291e-01 5.318645269652368945e-01 5.741685201316322207e-01 1.510291756199294566e-01 5.708483154917219915e-01 2.576126407408964036e-01 4.640763701357126236e-01 7.557070868234402328e-01
7.013229215724688936e-01 9.124430537508025907e-01 8.842576084750316534e-01 6.386673278600896175e-01 6.002808517801561106e-01 6.713720878121218760e-01 2.729143537249573148e-01 3.079725227546523114e-01 4.639225882014932911e-01 5.002098268777925849e-01 3.350055844714629472e-01 6.037915453094819807e-01 2.649210207155081043e-01 3.185923584450037760e-01 2.553977659861985661e-01 5.124340348958282831e-01 7.269387600499328528e-01 3.644938725942840074e-01 0.000000000000000000e+00 5.085459328312021965e-01 6.541513171717366903e-01 5.081905045435023416e-01 6.920826327545542833e-01 2.391168540661427477e-01 3.977003685908239716e-01 2.696685348784591540e-01 5.149351871146824466e-01 4.577233979410046949e-01 6.862922741709351904e-01 1.802794838084622597e-01 5.336093756148676537e-01 4.301346005416028517e-01 3.404487262867871289e-01 1.740129054165195088e-01 1.705503476141931318e-01 4.865674141967404887e-01 3.581653124834915936e-01 3.671241507389806369e-01 4.045079598773529406e-01 4.545252618981304171e-01 7.368961118361534446e-01 1.514729865448057877e-01 5.079997499606181410e-01 3.811241427849473284e-01 3.596832061078001908e-01 3.742839979392970085e-01 2.063544428974379841e-01 5.513219752566429488e-01 1.469628222385454819e-01 7.918838769656147969e-01
1.012476648391940959e+00 7.018915662310234449e-01 7.860126181596315265e-01 1.041561641188244236e+00 1.096230537675307204e+00 2.529226964837342773e-01 4.090437069175192342e-01 4.969531382165562894e-01 3.282389353915484143e-01 2.520566681042121226e-01 7.681452328306090926e-01 2.571981865396625877e-01 7.608707066106592531e-01 7.241471811339232900e-01 3.171205486728702616e-01 5.507952432950637967e-01 9.762552541128575179e-01 2.573626756864868526e-01 5.085459328312021965e-01 0.000000000000000000e+00 5.532958019035718600e-01 7.850668619864430431e-01 4.763583168527338318e-01 6.870370404979717627e-01 2.061727742210279768e-01 6.068262721412353011e-01 4.104205294917965818e-01 3.587837905500378954e-01 9.573156952766186389e-01 3.674664354198325933e-01 8.372316479077430706e-01 9.260842864367538896e-01 1.849591514272395376e-01 6.755704115434157941e-01 3.749984577285774279e-01 8.871167880707164777e-01 1.801943355250437973e-01 5.989952036516972278e-01 6.176156887085243463e-01 2.045589110638186825e-01 1.009138044364128239e+00 5.315518591471725118e-01 1.507199827230828737e-01 7.495792097902541640e-01 4.759531038909687317e-01 3.627388332716764974e-01 6.213463463505202178e-01 1.374679291893124433e-01 4.828644542438147447e-01 5.857993687122516890e-01
1.278354409272316472e+00 1.118878276277886163e+00 2.361229279205632470e-01 1.284356026440842902e+00 1.227673713268884637e+00 6.925185131584324916e-01 7.679843267008694685e-01 6.724754971585750196e-01 2.360194858416992392e-01 6.957827234209699174e-01 9.791329616993675877e-01 7.211681967174231600e-01 8.923138822042367968e-01 9.642810570257568381e-01 5.146726196036899292e-01 9.310320337599464757e-01 1.268030281255585257e+00 4.662430396543820188e-01 6.541513171717366903e-01 5.532958019035718600e-01 0.000000000000000000e+00 1.058611543998725146e+00 8.983820004169104090e-01 8.076021919220128797e-01 6.624974211929604007e-01 8.883880153179982697e-01 7.440957112524467787e-01 8.458702108552906829e-01 1.241524096781410735e+00 4.945560460965178207e-01 1.155553421519504020e+00 1.057527462030331655e+00 3.908232425124323339e-01 8.070135871369934488e-01 6.322759334108685181e-01 1.132256112777494161e+00 5.492563431941677177e-01 8.147647855268254080e-01 1.015240095885639349e+00 3.966822132450408267e-01 1.312974648209646267e+00 6.563761423147826957e-01 5.821843871107499346e-01 9.317491443670145035e-01 8.896067659424778951e-01 5.869088361307742696e-01 8.577298518507251446e-01 5.696832575819892330e-01 7.310920184217822859e-01 9.983190994926984807e-01
2.346824164509472288e-01 1.307714400699953261e+00 1.288717835302019443e+00 8.348924400260513412e-01 7.794017281084835158e-01 9.964931173131907904e-01 4.650518170471955592e-01 3.861360468401504042e-01 8.704089801681232919e-01 8.907066193400725584e-01 2.323844355402279738e-01 5.646480800991006133e-01 4.808102310653046829e-01 5.354699658513801808e-01 7.537459364120941974e-01 2.496101982181034296e-01 2.350459693032705966e-01 6.410698483967750549e-01 5.081905045435023416e-01 7.850668619864430431e-01 1.058611543998725146e+00 0.000000000000000000e+00 1.088539637047134079e+00 2.851689260315656838e-01 6.011572755626093389e-01 3.552546510359910759e-01 4.237692040012397965e-01 4.262830714364049811e-01 1.854757904686003545e-01 5.901456007152504624e-01 1.800738949316315618e-01 6.016837033589299555e-01 7.616053576625549937e-01 3.422289869189598654e-01 5.935981233146907510e-01 6.717882884328592041e-01 7.579378885938121702e-01 2.505937007381577319e-01 2.031175841321503361e-01 7.892684445760592693e-01 2.951905533853494967e-01 4.287540588877892245e-01 6.955682372519946810e-01 1.445545262966270728e-01 3.380530007103151324e-01 4.914202545220250351e-01 4.026074726413322313e-01 8.736578617367475319e-01 4.829516277465131791e-01 1.187155223914765578e+00
1.297204455782001942e+00 2.301067953367271213e-01 1.128488291720204817e+00 1.248018407140641273e+00 1.290676835992250471e+00 6.967081484219518339e-01 6.409934018893498342e-01 8.549288367214799012e-01 6.942692868654649629e-01 2.305654755536531431e-01 9.875910510300592859e-01 6.906460333313748645e-01 9.553170049276022979e-01 9.279434377255554312e-01 5.286078685477577643e-01 8.829167995975719663e-01 1.266937157027891114e+00 6.557699877476524941e-01 6.920826327545542833e-01 4.763583168527338318e-01 8.983820004169104090e-01 1.088539637047134079e+00 0.000000000000000000e+00 9.219171811704297559e-01 5.010849392615771558e-01 8.222108894680271174e-01 8.689806642306141526e-01 6.844577289239074380e-01 1.260294661293559049e+00 6.366820709960596680e-01 1.121487575946981563e+00 1.120530584753697267e+00 5.224015459815497531e-01 8.564895999231549872e-01 5.642192726412951220e-01 1.095401989097876339e+00 3.668032194468325846e-01 1.000612380781176203e+00 8.934119702745717539e-01 6.276276819977675281e-01 1.293865851754189222e+00 7.861477424661178492e-01 6.166891305737771667e-01 1.063924469889234281e+00 7.504866363368190019e-01 7.727564313851249533e-01 8.229532543245443588e-01 5.812031126089195476e-01 6.846385178131246807e-01 1.285763834559642549e-01
4.940832204686363971e-01 1.142277602166678063e+00 1.037708483225307621e+00 7.552270041732471739e-01 5.498870304612356597e-01 8.101739521446417180e-01 4.583799527038719401e-01 2.133461379138055780e-01 6.227073790907580175e-01 7.300443752936681685e-01 2.243367424556940160e-01 5.543841172069435830e-01 2.226550155574657242e-01 4.351520347581613324e-01 4.688138625364243750e-01 3.061416555416208163e-01 5.076190580657283791e-01 4.311500182241996826e-01 2.391168540661427477e-01 6.870370404979717627e-01 8.076021919220128797e-01 2.851689260315656838e-01 9.219171811704297559e-01 0.000000000000000000e+00 6.221089861836734958e-01 3.850893004074457115e-01 3.611821300562715886e-01 4.933255427706630392e-01 4.657089726032596078e-01 3.198804438850448850e-01 3.763342376015441082e-01 3.766702180970676328e-01 5.062808808109908743e-01 1.777427853444751293e-01 4.046419633785857117e-01 6.031270905098978785e-01 5.879998608993671771e-01 1.810258829947037074e-01 3.454350324990322352e-01 5.719172674767452058e-01 5.551566839363782924e-01 1.570281590385314008e-01 5.404928073887657058e-01 1.420072887188046362e-01 4.310485692496991983e-01 3.284739568401720544e-01 3.005904180427779737e-01 6.873386965681984595e-01 3.157996393257942458e-01 1.021718425381490380e+00
8.181953404635071703e-01 7.202597029143963381e-01 8.926037124962550307e-01 8.439457687334335212e-01 9.608877264284907405e-01 4.402386365390875134e-01 2.108707772085642584e-01 5.423387157997144881e-01 4.583847076415148436e-01 2.980738462900238139e-01 5.619724586095810048e-01 2.060911767186580645e-01 6.255278953638427897e-01 5.274653143079915951e-01 2.768263202866553807e-01 3.818318603359948105e-01 7.879280417093963429e-01 3.756622667228991519e-01 3.977003685908239716e-01 2.061727742210279768e-01 6.624974211929604007e-01 6.011572755626093389e-01 5.010849392615771558e-01 6.221089861836734958e-01 0.000000000000000000e+00 4.086533424322804087e-01 3.773357989692386338e-01 1.833727896623302545e-01 7.734061088527848238e-01 3.959633295143959453e-01 6.424784606284862365e-01 7.907414751899376482e-01 3.010132959229224747e-01 4.940959005944441373e-01 2.271500209766308398e-01 6.895009156159059849e-01 1.788699615355744954e-01 5.005912362559630235e-01 4.174025361218509089e-01 3.941068520014286425e-01 8.148567364356941178e-01 5.107725309675568148e-01 2.433224732718043681e-01 5.920226670265095192e-01 2.714775210183238419e-01 4.210639889012419146e-01 4.312754964835581184e-01 3.247838692446657904e-01 3.063093468578793610e-01 5.997005261292088774e-01
5.391014493979532363e-01 1.041385653120845856e+00 1.118494306621292456e+00 5.070779555013765760e-01 7.233556882323836090e-01 8.341880048154772798e-01 2.032590131967282887e-01 5.271328026018249346e-01 6.981592863477547040e-01 6.280637397330750549e-01 2.018733692018480352e-01 4.968819258376981352e-01 3.882611988454696128e-01 2.068356891689465682e-01 4.565576360837569347e-01 3.060613746019001380e-01 5.276346932473510165e-01 6.213723670319283299e-01 2.696685348784591540e-01 6.068262721412353011e-01 8.883880153179982697e-01 3.552546510359910759e-01 8.222108894680271174e-01 3.850893004074457115e-01 4.086533424322804087e-01 0.000000000000000000e+00 4.753496515350246199e-01 3.159203829507489791e-01 5.256113841901856043e-01 4.426061082270446589e-01 3.520406199354987886e-01 5.508006383467014544e-01 5.690309428658322233e-01 2.387200989411629448e-01 2.798339734791991940e-01 3.469335252676671311e-01 4.916091410147050422e-01 3.982586130206616226e-01 1.666753717490823683e-01 6.887619600443916079e-01 5.436474706286478220e-01 3.706332663919783554e-01 6.286464972099622406e-01 3.360298769672676045e-01 1.772496215424927413e-01 6.201583522487514877e-01 1.394575387065919714e-01 7.170517338111432881e-01 1.572959968962158450e-01 9.208264763356588389e-01
6.518261592813074934e-01 1.085369456332125671e+00 9.742020025557415197e-01 9.780864154736916838e-01 8.895805805510162978e-01 5.886167521952857529e-01 4.215477070064698184e-01 2.087236436424485531e-01 5.431062876392953598e-01 6.396377736551869253e-01 5.001395523626270823e-01 1.935393438373139152e-01 5.554527707282641558e-01 6.661394394688030518e-01 5.468509722904182357e-01 1.970918238252544197e-01 6.230537598347989370e-01 2.939414385860764090e-01 5.149351871146824466e-01 4.104205294917965818e-01 7.440957112524467787e-01 4.237692040012397965e-01 8.689806642306141526e-01 3.611821300562715886e-01 3.773357989692386338e-01 4.753496515350246199e-01 0.000000000000000000e+00 2.367386627904224661e-01 6.013727889247465486e-01 3.791511679162072879e-01 5.061266483051914955e-01 7.240440072446672204e-01 4.507688777551962511e-01 4.968909172863442691e-01 5.808827066889263868e-01 8.204824004924083924e-01 5.491157539469053717e-01 2.021660097067216610e-01 3.571681414234008090e-01 4.309676679834100743e-01 6.657127837457811337e-01 3.652231798522951878e-01 2.772013660069465590e-01 3.527500158452787637e-01 3.177733134271677473e-01 1.705071774229170445e-01 5.829676948694373362e-01 4.657814966188426054e-01 5.291727137383048785e-01 9.644980532265849948e-01
6.536928578419031188e-01 9.036324925767269534e-01 1.075976502158585424e+00 7.976909635627822404e-01 9.568544692603019319e-01 5.826214989634314056e-01 1.848090442160473801e-01 4.001831222218521500e-01 6.417574973038451258e-01 4.814466359523542072e-01 4.281733805689285077e-01 1.809615428869491005e-01 6.217599798733880467e-01 4.836719217148758299e-01 4.538387403603544867e-01 1.984590706736645283e-01 6.174714635628195669e-01 4.339380616623796927e-01 4.577233979410046949e-01 3.587837905500378954e-01 8.458702108552906829e-01 4.262830714364049811e-01 6.844577289239074380e-01 4.933255427706630392e-01 1.833727896623302545e-01 3.159203829507489791e-01 2.367386627904224661e-01 0.000000000000000000e+00 5.985319047265804659e-01 5.525248111738469969e-01 4.784478573577050642e-01 7.842994193746201104e-01 4.843860855852528124e-01 4.844710441475846285e-01 3.514580443847064584e-01 6.430988152254561996e-01 3.622427511979048331e-01 3.172184465936327968e-01 2.686019627849919877e-01 5.116095765782664451e-01 6.503542538140900664e-01 5.371572349740036945e-01 3.199830318077307445e-01 4.086498773641792370e-01 1.402304584692525002e-01 4.072458402133395383e-01 3.998486238140496196e-01 4.671667316690096827e-01 3.215513017330540735e-01 7.830733157915389375e-01
1.838276906617057338e-01 1.479469424946378453e+00 1.471630388084705254e+00 1.000717680344957117e+00 9.595871244684588408e-01 1.176797450470846274e+00 6.354085502013901987e-01 5.690485996228357157e-01 1.053321532950808770e+00 1.062955452630248043e+00 4.006783431697166775e-01 7.389254969748775270e-01 6.609956274252798414e-01 6.986812704668671214e-01 9.345228351396839273e-01 4.241172430028264384e-01 1.803483708549346309e-01 8.238793694505991416e-01 6.862922741709351904e-01 9.573156952766186389e-01 1.241524096781410735e+00 1.854757904686003545e-01 1.260294661293559049e+00 4.657089726032596078e-01 7.734061088527848238e-01 5.256113841901856043e-01 6.013727889247465486e-01 5.985319047265804659e-01 0.000000000000000000e+00 7.756213911838508723e-01 2.489288430009814479e-01 7.818690997189053915e-01 9.445179104452405827e-01 5.199640904087821092e-01 7.639548564688853904e-01 8.376135287517650907e-01 9.296929128402374731e-01 4.320236400468026039e-01 3.734743172863450589e-01 9.721809973587447473e-01 1.747721439416161093e-01 6.142298493563895789e-01 8.752492699312067748e-01 3.250945728683209968e-01 5.098080249567407130e-01 6.728501938306697960e-01 5.619837442965454066e-01 1.053962194894403126e+00 6.533083609007077630e-01 1.358910248161190770e+00
8.088582083178716964e-01 8.571783468570353115e-01 7.246623373998127837e-01 8.177684558489086708e-01 7.355472970046130765e-01 5.231857032654623207e-01 3.798765046768929343e-01 2.360202015865850433e-01 3.079802550910213377e-01 4.385323546831711439e-01 4.870065454350957501e-01 4.319611977783108236e-01 4.001874659399650147e-01 4.976934864338228293e-01 1.952642213304230656e-01 5.370888871905195039e-01 8.059279538811893184e-01 1.842143887858216644e-01 1.802794838084622597e-01 3.674664354198325933e-01 4.945560460965178207e-01 5.901456007152504624e-01 6.366820709960596680e-01 3.198804438850448850e-01 3.959633295143959453e-01 4.426061082270446589e-01 3.791511679162072879e-01 5.525248111738469969e-01 7.756213911838508723e-01 0.000000000000000000e+00 6.878920169354556524e-01 5.654010457660597622e-01 1.894030060740699017e-01 3.148871708727214447e-01 2.257204571361585976e-01 6.656685421855593754e-01 2.888201362506398473e-01 3.734027239143901111e-01 5.762016407608924196e-01 2.829451431342283607e-01 8.508723208352505507e-01 1.640854237273399463e-01 3.277202661521560478e-01 4.581295648304590795e-01 5.141191398309781224e-01 2.163448701441425259e-01 3.866339267059002438e-01 4.027549393132738853e-01 3.039060254314606691e-01 7.366191700718472957e-01
1.888934683932738945e-01 1.340662339599800523e+00 1.385659712822798095e+00 8.097825667830957919e-01 8.361949250716986803e-01 1.061069356321136636e+00 4.912038914011664925e-01 4.830779243609285567e-01 9.673508576889014998e-01 9.246435886171313623e-01 2.081911381569067077e-01 6.385239580966769468e-01 5.311952588504036399e-01 5.077461569050054635e-01 7.793463973231776754e-01 3.258564721562607902e-01 2.380523027177122997e-01 7.334975333662794306e-01 5.336093756148676537e-01 8.372316479077430706e-01 1.155553421519504020e+00 1.800738949316315618e-01 1.121487575946981563e+00 3.763342376015441082e-01 6.424784606284862365e-01 3.520406199354987886e-01 5.061266483051914955e-01 4.784478573577050642e-01 2.489288430009814479e-01 6.878920169354556524e-01 0.000000000000000000e+00 6.579338096900290145e-01 8.585472351833332016e-01 3.769730268339213652e-01 6.067254843972977874e-01 6.466784151899036548e-01 7.908858274936595434e-01 3.416418039624826153e-01 2.292696584861213249e-01 8.862103220968375883e-01 2.109808702632287036e-01 5.333623966400754535e-01 7.808189398671323556e-01 2.441871888363585652e-01 3.710009396101623946e-01 5.824683577463501960e-01 3.709819749262910915e-01 9.456145890267149134e-01 4.948605718671340581e-01 1.220103162814613507e+00
7.982461500872163329e-01 1.340891005749945464e+00 1.287633753333625952e+00 9.173866740906768680e-01 1.847864259409317811e-01 1.082640577973133178e+00 6.247839631123087711e-01 5.586896678233292945e-01 8.685810288881511410e-01 9.286577788769357911e-01 4.600990654119567758e-01 9.172459943953390482e-01 1.744586496942326370e-01 5.972786749643272941e-01 6.801074339068435837e-01 6.781104412624543443e-01 8.329283731455567885e-01 7.372315471376982288e-01 4.301346005416028517e-01 9.260842864367538896e-01 1.057527462030331655e+00 6.016837033589299555e-01 1.120530584753697267e+00 3.766702180970676328e-01 7.907414751899376482e-01 5.508006383467014544e-01 7.240440072446672204e-01 7.842994193746201104e-01 7.818690997189053915e-01 5.654010457660597622e-01 6.579338096900290145e-01 0.000000000000000000e+00 7.500037798711995940e-01 3.197740334757295799e-01 5.853448984032538771e-01 7.595758814975768214e-01 7.866132644826347997e-01 5.537643907202801641e-01 5.997297148900366803e-01 8.483461889002882339e-01 8.672796845191113047e-01 4.263630484149608657e-01 8.658180668661845658e-01 4.731077227197470481e-01 6.581707437755972556e-01 6.738174867496958820e-01 4.549210358251034592e-01 9.622098140209444095e-01 4.844321283320581206e-01 1.220331828964757781e+00
