0.000000000000000000e+00 5.901453559539191485e-01 4.764201386027606122e-01 4.722190377143390405e-01 3.378355526875573833e-01 3.232801363236665337e-01 2.857678639479957483e-01 2.734703978140859415e-01 3.838637656927673114e-01 2.261699131529649187e-01 2.242398135893484967e-01 3.109475879889784800e-01 1.803481130112443154e-01 1.691861119404259040e-01 5.143153792122860946e-01 2.603197194298578210e-01 4.454712495602020095e-01 1.624784808189284058e-01 5.345829472856372666e-01 1.782506150118831345e-01 3.508527712560745027e-01 1.314146355486595086e-01 3.754242658664329602e-01 4.637978697307458820e-01 2.334807347308778536e-01 1.311250733724598494e-01 1.120755969696705656e-01 2.388575234486954579e-01 3.141190577248606508e-01 5.280036922056511317e-01 2.387311603719391440e-01 1.019198225177977285e-01 3.282813465379370577e-01 2.221214029756790331e-01 3.559599553326632804e-01 9.292459009238905610e-02 3.814443101512094980e-01 1.951114413371319578e-01 1.546221036834367901e-01 1.627165005851049229e-01 4.569466265681179640e-01 2.389601596585319288e-01 8.843355664085689183e-02 5.168236739998224305e-01 5.319441837840777065e-01 4.117282456569582583e-01 3.970085245050810063e-01 4.039331300298250049e-01 9.495209763576216433e-02 4.480289303419259239e-01 3.890146060207465561e-01 1.970008291918702303e-01 3.327836086800970428e-01 2.993426777121243609e-01 2.743664326912921281e-01 2.151378441204759850e-01 1.844163588904591256e-01 3.036742725915896890e-01 1.576993898239622827e-01 2.115367701914469545e-01 2.011336841428632838e-01 3.489312250490433920e-01 3.835059348923069433e-01 2.513907896632133765e-01 1.050542489375041050e-01 1.327875189589566574e-01 1.211864007055089010e-01 1.947355883466453941e-01 1.418718326122330731e-01 6.999486550455862044e-02 2.817311635201661946e-01 3.574218694195158141e-01 2.157555626654007463e-01 3.505159187860659165e-01 1.870772695973957067e-01
5.901453559539191485e-01 0.000000000000000000e+00 4.859783531373474408e-01 4.644543811112461507e-01 8.585501714386429839e-01 3.429649960117123753e-01 6.792894543779655070e-01 6.685825405497465290e-01 2.435067930419978210e-01 5.012469040908951179e-01 5.005521380352661032e-01 2.791977679649405575e-01 6.978839407423660379e-01 4.791451597771563820e-01 1.610139960883811283e-01 3.474970796047887056e-01 1.859896560055044057e-01 5.847754433982239597e-01 1.424513183381988513e-01 6.013224000726571372e-01 3.384558262356749947e-01 5.158214911222122057e-01 3.693868910070428058e-01 1.352472637022163748e-01 3.830203448222700979e-01 4.646001151844058596e-01 5.338127230878340068e-01 4.097781780194004186e-01 3.069241787544977895e-01 1.195099839579822631e-01 7.643161467257855168e-01 6.037410027153675696e-01 2.752247765198664875e-01 3.748119364897310457e-01 2.533969947592383809e-01 5.829190768275128720e-01 2.185637036898772090e-01 4.397055745054158082e-01 5.087751467675060146e-01 5.241532267152015923e-01 1.941634681358191394e-01 4.252792876633108565e-01 5.589475012087671280e-01 8.701455416670766940e-02 8.202321766012558857e-02 3.990346824667084236e-01 4.129954423341281045e-01 1.893437424466744290e-01 5.384660081532408604e-01 1.602509957235027371e-01 2.649620910814685093e-01 5.721343825350132528e-01 3.393137194075296903e-01 3.486895879478998928e-01 3.733625776028893228e-01 6.088129547847372924e-01 4.719032069113942018e-01 3.282313961840297445e-01 5.534733834916821804e-01 6.066489129271075420e-01 4.185846639236854849e-01 2.943834345132033681e-01 2.392703323918494995e-01 3.463466065463359778e-01 5.122596854938089583e-01 6.589979870807513018e-01 5.393558748731724917e-01 4.826125143673465900e-01 5.477151829336377453e-01 5.844071289508671052e-01 8.016334724862121952e-01 2.539060996819705873e-01 4.136392471087130263e-01 2.810530895001727703e-01 7.077918883484811685e-01
4.764201386027606122e-01 4.859783531373474408e-01 0.000000000000000000e+00 4.339570137994268051e-01 8.125022358342489648e-01 3.808623175471635980e-01 5.588886549356569811e-01 5.847547700376410917e-01 2.447880587174846301e-01 3.924523356765086124e-01 4.372323491342771096e-01 3.324969915182975910e-01 6.447122850026029139e-01 5.075511111278644405e-01 3.960581526167710198e-01 2.532696437653588206e-01 3.673377463302907042e-01 4.901203664730800491e-01 4.079622808974624482e-01 4.809216006303487778e-01 3.006574051920513080e-01 4.554830861446207968e-01 1.324363198757080862e-01 3.630663721328981075e-01 3.983675076481379418e-01 3.455359278522225908e-01 4.982258539237404693e-01 3.519572080808325287e-01 4.136302247727743908e-01 3.979742656808347712e-01 7.133978435186303368e-01 5.663502948592167296e-01 2.266961514792908972e-01 3.032268751532207207e-01 2.704697596623580336e-01 4.600765996267344726e-01 3.046428805093754355e-01 4.060554523217639322e-01 4.249473762554004108e-01 4.037524272728932329e-01 3.325619281719767728e-01 4.335369388641338029e-01 4.642924242836232729e-01 4.120607054670405445e-01 4.179881316455610341e-01 3.717173231294545466e-01 8.133901203061710827e-02 3.896006617932291638e-01 5.296938602742887747e-01 3.310802316981822369e-01 3.286847145292278172e-01 4.554320744743379779e-01 3.239880326364492635e-01 1.808344502798914788e-01 4.457285726851193397e-01 4.884121553424288775e-01 4.410505306935732506e-01 2.965816189494678845e-01 4.938884524365507178e-01 5.228211424150022157e-01 2.926292711314135153e-01 2.117317823511317976e-01 3.986149679773023369e-01 2.406996339988042855e-01 3.918588860515007100e-01 6.074542021056480445e-01 4.956026899395815088e-01 3.983140457408919644e-01 4.636658162923005810e-01 5.043142108325952000e-01 7.563978466668574985e-01 2.329524961201007716e-01 4.549653727347854892e-01 3.084725477733269439e-01 6.617439527440870384e-01
4.722190377143390405e-01 4.644543811112461507e-01 4.339570137994268051e-01 0.000000000000000000e+00 8.016608146925476852e-01 4.312186678198902112e-01 5.819777894178665978e-01 5.587415616241551142e-01 3.210275216470413473e-01 4.316531053812384111e-01 4.043606335782241046e-01 2.435748553778814274e-01 6.410047458385723651e-01 4.513376731122982766e-01 3.945045723475623656e-01 3.076602712278575513e-01 3.895878700895010760e-01 4.749344644726322673e-01 4.404514575284426692e-01 5.040107351125578949e-01 1.345643040049155914e-01 4.946838558493507065e-01 3.352894378532438324e-01 3.389181379568854680e-01 3.350150282876050434e-01 3.420576857471219201e-01 4.498332985094379288e-01 4.007054219267532913e-01 3.309136533050304751e-01 4.224624344466049175e-01 7.055039925975762349e-01 5.569507050120280356e-01 2.327756812459080837e-01 2.563950546096894212e-01 3.729831067928136568e-01 4.691982568163670653e-01 2.458906774213690527e-01 3.576628969074613917e-01 3.989341678419143777e-01 4.268415617551022945e-01 3.416497031761341896e-01 4.748668492556042398e-01 4.491065222831756576e-01 4.085051908230145079e-01 4.094274319853016819e-01 8.116570719656590605e-02 3.550397832970127454e-01 3.188558293478682693e-01 4.772765666083402247e-01 3.706238760356175277e-01 3.932051152699135854e-01 4.883249882922143237e-01 1.596650022178406070e-01 2.816892101844337137e-01 4.092756758865098710e-01 5.115012898246381612e-01 4.824893429806372258e-01 3.789491046490059412e-01 4.574021229145977530e-01 4.968079340015159051e-01 3.290673412905341655e-01 3.289000696327341045e-01 3.269161853928671535e-01 2.346735711157806048e-01 4.149480205337097716e-01 5.995603511845939426e-01 5.369708664069656745e-01 4.375148154456218186e-01 5.028665859970304908e-01 5.025829790693812082e-01 7.447441157401170075e-01 2.815193614582172099e-01 3.963798494981432552e-01 2.076972582957284097e-01 6.509025316023860919e-01
3.378355526875573833e-01 8.585501714386429839e-01 8.125022358342489648e-01 8.016608146925476852e-01 0.000000000000000000e+00 5.236177201268379378e-01 6.125269908317494405e-01 6.113059505016433803e-01 7.080441853598287150e-01 4.990712593180436363e-01 5.019917025636601027e-01 6.006079496933985906e-01 1.859045584532111606e-01 3.824776774555015413e-01 8.454034869319032586e-01 5.694019293523280290e-01 6.746021339024856900e-01 5.003140335064858446e-01 8.041998648685296791e-01 5.050097418956366324e-01 6.871822206697404400e-01 3.745843204798099402e-01 6.906356396783770446e-01 7.441218415917800755e-01 4.835331332200817900e-01 4.672071706039479522e-01 4.064048497565526663e-01 4.680780195805204769e-01 5.516259926841448058e-01 8.230896001441975196e-01 1.022445244983031798e-01 2.552642783297293660e-01 6.643634437694252437e-01 5.519159560541987419e-01 6.342666351715651185e-01 4.131728009435942650e-01 6.996135823694858979e-01 4.473287388827461020e-01 4.924576563709941457e-01 4.937044956336185675e-01 7.800962188553279830e-01 4.392977434617031385e-01 4.182715260696084347e-01 7.732488450161604243e-01 8.315063178609443106e-01 7.297618337839739677e-01 7.330906217365693589e-01 6.727159440451255801e-01 3.267442015527567412e-01 7.179212318864672815e-01 6.016206250570820258e-01 5.036815872265775207e-01 6.485803219735724046e-01 6.354247749436126025e-01 4.874282007104980274e-01 5.418969710042296217e-01 3.928081545006763542e-01 5.482252266186671275e-01 4.699175029130351899e-01 5.493723228790045043e-01 5.352516097349245827e-01 6.497044439483152800e-01 6.210128698515912093e-01 5.874728868947014515e-01 4.411363461689921661e-01 2.081881659112856386e-01 3.253554865388979533e-01 4.332971638902393674e-01 4.209678884483798456e-01 3.501191568331993853e-01 6.270623703950962968e-02 6.935039666510040002e-01 4.449109243299294580e-01 6.520739382717498644e-01 1.507582830901617044e-01
3.232801363236665337e-01 3.429649960117123753e-01 3.808623175471635980e-01 4.312186678198902112e-01 5.236177201268379378e-01 0.000000000000000000e+00 4.234462034015900600e-01 4.834875295101620507e-01 2.456716215597340713e-01 2.334829551338473141e-01 3.054265473980126711e-01 2.084286973583270031e-01 3.606218014873510125e-01 1.709047466739330723e-01 3.517052283747055808e-01 1.587051685449059057e-01 1.581830648525546223e-01 3.844196990537948611e-01 2.874292656075671526e-01 3.341285595055130675e-01 3.214476025686346383e-01 2.008551020436896428e-01 2.549315387072237371e-01 2.820659921198293563e-01 1.572843025422012153e-01 2.364324562954022158e-01 2.755737161358343679e-01 1.234365914010000509e-01 1.055778473953610519e-01 3.137544702274933095e-01 4.314276009793134858e-01 2.683534417971084052e-01 2.733714149590026898e-01 2.251415567464091771e-01 1.496114750013439743e-01 3.074368499286114220e-01 2.892923764931455421e-01 2.347440971347960204e-01 3.247289133395682703e-01 2.683099757388261453e-01 2.876079052493201171e-01 8.431997666513464662e-02 3.489696290558873537e-01 2.586320315277420012e-01 3.595206947008782739e-01 3.569466020678424001e-01 3.021503288057135750e-01 2.057057690237658332e-01 2.472152428472013941e-01 2.061167004987264906e-01 7.800290493024396310e-02 2.845595456576934801e-01 2.757650902574403373e-01 2.077093080127571101e-01 7.610787513793086656e-02 3.529697038083617899e-01 1.455660529966164296e-01 8.428069859769572736e-02 3.268227895053549270e-01 4.215539018875230082e-01 1.652487417998108332e-01 2.055127869985697020e-01 1.350585162271202844e-01 2.324828240347452668e-01 2.564164345174335669e-01 3.355445878888137501e-01 2.020937356181576328e-01 1.872900220542518535e-01 2.451375385364932546e-01 2.694407398723444036e-01 4.665296634083642147e-01 2.877068523802942535e-01 1.443347463791313512e-01 2.668382060399223099e-01 3.749033426020090820e-01
2.857678639479957483e-01 6.792894543779655070e-01 5.588886549356569811e-01 5.819777894178665978e-01 6.125269908317494405e-01 4.234462034015900600e-01 0.000000000000000000e+00 4.609328901248861410e-01 4.691914246048080606e-01 2.290801491661476896e-01 3.640560248154606215e-01 4.371570542286428163e-01 4.399777134352991781e-01 3.975063379574311218e-01 6.052752270977377336e-01 3.317923747731766904e-01 5.177459577435433724e-01 3.555666293192460969e-01 6.060556026289558584e-01 1.382885052693365868e-01 4.604584221479935957e-01 2.840851130190917839e-01 4.521628210853284591e-01 5.698533977072870460e-01 3.969168230900723682e-01 2.567398233637024352e-01 3.842209842360380656e-01 3.059134714194165494e-01 4.694069475770182298e-01 6.120640202530256424e-01 5.134225985161310346e-01 3.659483699156190206e-01 4.200918171131219347e-01 3.406249170605614718e-01 4.274326106759820942e-01 2.040838201008718655e-01 4.815142862755348308e-01 3.604728714503060427e-01 3.172485559931605414e-01 1.551362276627639147e-01 5.463808403574041961e-01 3.710701598075661356e-01 3.238380803165258337e-01 6.005749446329351482e-01 6.272052061265275258e-01 5.214869973604853159e-01 4.794770408379775972e-01 5.305682797215264257e-01 3.780870685524412855e-01 5.195015856852447378e-01 4.541183588866021248e-01 1.607286657612741476e-01 4.470071373396248826e-01 3.807292479565284604e-01 4.435185058907785693e-01 7.513588426792131014e-02 3.225117634977331393e-01 3.687780254574452576e-01 3.593347152827168767e-01 3.989992625022470984e-01 2.668283023256314834e-01 4.211270097390779621e-01 5.127348853915552063e-01 3.514418276013034914e-01 2.101141244315398726e-01 4.074789571031485202e-01 3.411871065446250850e-01 2.609652262210658824e-01 2.251706235674743040e-01 2.677367080375929187e-01 5.564226016643581962e-01 4.440114834267569477e-01 4.317241901689737316e-01 4.682244527340518325e-01 4.617687077415876251e-01
2.734703978140859415e-01 6.685825405497465290e-01 5.847547700376410917e-01 5.587415616241551142e-01 6.113059505016433803e-01 4.834875295101620507e-01 4.609328901248861410e-01 0.000000000000000000e+00 4.868243491089967456e-01 3.623044501918511462e-01 2.249490070004555031e-01 3.893847725848059160e-01 4.503448124713592682e-01 3.562828028189345964e-01 6.074462048211602960e-01 3.764905818940796345e-01 5.337339340889242223e-01 1.428528285131755171e-01 6.468337708135920572e-01 3.592552248551070804e-01 4.381343720183688561e-01 3.822795157280416412e-01 4.855757116046673927e-01 5.422350543265732625e-01 3.429038759955878590e-01 2.470550732147597794e-01 2.558726555135328873e-01 3.752480874763928220e-01 4.153940004825338317e-01 6.297874938780653187e-01 5.122015581860250855e-01 3.745951599996725223e-01 4.265737474488144887e-01 3.023785360750569362e-01 4.721308177968851494e-01 2.992454457436555249e-01 4.720386663562849971e-01 2.833720738519783233e-01 1.598073937822404589e-01 3.167513523750344895e-01 5.545913356497322866e-01 4.350694643210002988e-01 2.014869690993137952e-01 5.952608585956499221e-01 6.236671031899007067e-01 4.950059368423623263e-01 5.053431559399612638e-01 4.823703146256523855e-01 3.228729327609453637e-01 5.641997928061478484e-01 5.089962098629366993e-01 3.780054390350940929e-01 4.138244250319603190e-01 4.130765877586627943e-01 4.263190380085812303e-01 3.903028702973663222e-01 4.312773772786325233e-01 4.268395973680179090e-01 1.760529123828715736e-01 7.210987420753983690e-02 3.182387877103511342e-01 4.651020875132650945e-01 4.628708607365130678e-01 3.524977993102753615e-01 2.568461029560287212e-01 4.062579167730426266e-01 3.904180718575910314e-01 3.849234303516054223e-01 3.601715084239534015e-01 3.195618991128745812e-01 5.552015613342522471e-01 4.603824528357453594e-01 3.625424906519240653e-01 4.307730518854440138e-01 4.605476674114817870e-01
3.838637656927673114e-01 2.435067930419978210e-01 2.447880587174846301e-01 3.210275216470413473e-01 7.080441853598287150e-01 2.456716215597340713e-01 4.691914246048080606e-01 4.868243491089967456e-01 0.000000000000000000e+00 3.027551053456594699e-01 3.393019282056328745e-01 2.082114813247107066e-01 5.412167646901240303e-01 4.025891365615547057e-01 1.611795654839228153e-01 1.569715450631902209e-01 1.522935470957128279e-01 3.949262027361610250e-01 1.640390660107792775e-01 3.912243702994996353e-01 1.877279130396658502e-01 3.474090536793439932e-01 1.324098836419661251e-01 1.379268857249767999e-01 2.916891264038701803e-01 2.529795549422290679e-01 3.933061126823821918e-01 2.399661657793080161e-01 2.796760330992075216e-01 1.531862069633502244e-01 6.158540662123039855e-01 4.580111106843920421e-01 1.031961318872726963e-01 1.965484939089530148e-01 9.606014655839005545e-02 3.675202267167409498e-01 1.116157496683577582e-01 3.011357110804055437e-01 3.270169553267562312e-01 3.140551969420441458e-01 9.008686712031524491e-02 3.149380796529345772e-01 3.690982605467043043e-01 1.681374905803574571e-01 1.840711889842279458e-01 2.587878309770690888e-01 1.755667297843291896e-01 1.769995918402385016e-01 4.247741190329302197e-01 8.780299510611733194e-02 1.788775638784121658e-01 3.657348441434888908e-01 2.062015890297603793e-01 1.153020674885661123e-01 3.111876339126561364e-01 3.987149250115797905e-01 3.327113465187485075e-01 1.779827597382686311e-01 3.977325925929798833e-01 4.248907214863577031e-01 2.029320408005645393e-01 7.626513920607819186e-02 2.230535015105155061e-01 1.385394877380749512e-01 3.021616557206515674e-01 5.148978291956544107e-01 3.872635057647567103e-01 3.086168154100428773e-01 3.739685859614513830e-01 4.117578379226015661e-01 6.502887171196218841e-01 6.195595112238336255e-02 3.482869914905177833e-01 1.562354691071335400e-01 5.593298078349997482e-01
2.261699131529649187e-01 5.012469040908951179e-01 3.924523356765086124e-01 4.316531053812384111e-01 4.990712593180436363e-01 2.334829551338473141e-01 2.290801491661476896e-01 3.623044501918511462e-01 3.027551053456594699e-01 0.000000000000000000e+00 2.423849883835110242e-01 2.883862317352263172e-01 3.288132316492119456e-01 2.221711415648085219e-01 4.447447702694589111e-01 1.537498244861062457e-01 3.352184758392509067e-01 2.590180306936945009e-01 4.280130523418856914e-01 1.416462235726302643e-01 3.059961288121480494e-01 1.317422009226540403e-01 2.801312250778024149e-01 4.106491323431121776e-01 2.513767422983148592e-01 1.216443358701046057e-01 3.111742379086374632e-01 1.158969103152355795e-01 3.230894513520424227e-01 4.340214699659547537e-01 4.068811401705192399e-01 2.492739982975858692e-01 2.605421323336234996e-01 1.918540945671449172e-01 2.493900603889117606e-01 1.561104348112494211e-01 3.257040681341184518e-01 2.227005614191382987e-01 2.172769553783185370e-01 9.255434470417354953e-02 3.849996643855877476e-01 1.956359798671762629e-01 2.272894816909741822e-01 4.225323943458650366e-01 4.666747492982489254e-01 3.717426276844483790e-01 3.130407215788290065e-01 3.817974572281100376e-01 2.631423773815281808e-01 3.414590353981743487e-01 2.645104529742774435e-01 7.769328169177677768e-02 2.972627676635878902e-01 2.137240101759919075e-01 2.559560483454259572e-01 1.622327517504379146e-01 1.471765671051106783e-01 1.791701195451206319e-01 2.627861166571652252e-01 3.003708225692120481e-01 1.041396256339155446e-01 2.430844594520075730e-01 3.430973737129056067e-01 1.992975792934992552e-01 1.241261278278524283e-01 3.168170813951565745e-01 1.831628564044681107e-01 7.513109191813874266e-02 1.030520908827612936e-01 1.936650929028518597e-01 4.413157910778371384e-01 2.826303074549406102e-01 2.741229796246372752e-01 3.169580754874738449e-01 3.503568817932148360e-01
2.242398135893484967e-01 5.005521380352661032e-01 4.372323491342771096e-01 4.043606335782241046e-01 5.019917025636601027e-01 3.054265473980126711e-01 3.640560248154606215e-01 2.249490070004555031e-01 3.393019282056328745e-01 2.423849883835110242e-01 0.000000000000000000e+00 2.213543700703254902e-01 3.511493638377019000e-01 1.695395005226967011e-01 4.557871334656740103e-01 2.378642188026380833e-01 3.551321947237361942e-01 1.432611019695102239e-01 4.978966157954172189e-01 2.731118115185333650e-01 2.846521331248810793e-01 3.103011469443187065e-01 3.380532907013035215e-01 3.742046518120928367e-01 1.637941162717917454e-01 1.207406525134064046e-01 1.142422666451805707e-01 2.390221254877396007e-01 2.362842407587376625e-01 4.808503388598904804e-01 4.058348804686886524e-01 2.572815928831402865e-01 2.774683709644842344e-01 1.481426093476531369e-01 3.335044547054436537e-01 2.287451686900482395e-01 3.182693498822591338e-01 8.899074995210443095e-02 8.877944025251797988e-02 2.198744870656090811e-01 4.029322642942459454e-01 2.483261620247623758e-01 1.497175855229651575e-01 4.272304560811694962e-01 4.556367006754202253e-01 3.335419568000058677e-01 3.578207350365975037e-01 3.143399121111720151e-01 1.787294724007301994e-01 4.255734297147061307e-01 3.385648772512069304e-01 2.877263689165285299e-01 2.523604449896039159e-01 2.655541668552989232e-01 2.395757357123433628e-01 2.934260049879408028e-01 2.445340749823946558e-01 2.882132342765764133e-01 7.894775882187700378e-02 1.567988392484764293e-01 1.796602475230686946e-01 3.206831218978214992e-01 2.877867132811308126e-01 2.049753784069115459e-01 1.779470117197841927e-01 2.998912390557061936e-01 2.460319145929831530e-01 2.589867258626771807e-01 2.896712313703461161e-01 2.546037549443906367e-01 4.450750036112294250e-01 3.128600319323814327e-01 1.757991883556862533e-01 2.655187511890054197e-01 3.512334194734985093e-01
3.109475879889784800e-01 2.791977679649405575e-01 3.324969915182975910e-01 2.435748553778814274e-01 6.006079496933985906e-01 2.084286973583270031e-01 4.371570542286428163e-01 3.893847725848059160e-01 2.082114813247107066e-01 2.883862317352263172e-01 2.213543700703254902e-01 0.000000000000000000e+00 4.497656109674401104e-01 2.449066275932385572e-01 2.538879123288617090e-01 1.849390400880592811e-01 1.512188264123439096e-01 3.055776754332832357e-01 2.857485743606121287e-01 3.591899999233345575e-01 1.348765985338863660e-01 3.564305256835488267e-01 2.338294155721145906e-01 1.528502817417673187e-01 1.227003033898342310e-01 1.921665556930225449e-01 2.630041840127401720e-01 2.632420620602074490e-01 1.064858332234019656e-01 2.918067615468875053e-01 5.044511275984269183e-01 3.558978400128785524e-01 1.489167749733221191e-01 9.653213716808131672e-02 2.223783283361706054e-01 3.154529430896781950e-01 1.015098313624081122e-01 1.656336852816408522e-01 2.295773788025654016e-01 2.820208265658789570e-01 2.103408210582465299e-01 2.602240942182913463e-01 2.797497332438265705e-01 2.063979889479220786e-01 2.342823306050946797e-01 1.672632187849721896e-01 2.535797610158835869e-01 9.771503836596030779e-02 2.762237016091907971e-01 2.267296588844376071e-01 1.611383772136989467e-01 3.435042531029910418e-01 8.551501776587122627e-02 1.670776994148467920e-01 1.944804645645891450e-01 3.666805546354147127e-01 3.199012020529364286e-01 2.419067144076827436e-01 2.743958594066990830e-01 3.274511449621668735e-01 1.842466061013107448e-01 2.274400473516048904e-01 8.694648096753310185e-02 1.080257480721580482e-01 2.642238203078647873e-01 3.985074861854444594e-01 3.367325053451082351e-01 2.992614852798199943e-01 3.630770462325251247e-01 3.413115293440205922e-01 5.436912507409679129e-01 1.790565056472359085e-01 1.817370944608303063e-01 6.323725912736910537e-02 4.498496666032367197e-01
1.803481130112443154e-01 6.978839407423660379e-01 6.447122850026029139e-01 6.410047458385723651e-01 1.859045584532111606e-01 3.606218014873510125e-01 4.399777134352991781e-01 4.503448124713592682e-01 5.412167646901240303e-01 3.288132316492119456e-01 3.511493638377019000e-01 4.497656109674401104e-01 0.000000000000000000e+00 2.239473707073385833e-01 6.785760662621987960e-01 4.025745086826232333e-01 5.133669301366780013e-01 3.393528954762017324e-01 6.373724441988253275e-01 3.308045144701785567e-01 5.196384793803073832e-01 2.043262928109782495e-01 5.238082190086722489e-01 5.932795028658213177e-01 3.326907944941235873e-01 2.994172197723021234e-01 2.555625110305944636e-01 3.012505989108159032e-01 3.987226647207014474e-01 6.562621794744929460e-01 1.057926475727752336e-01 1.027881928299831521e-01 4.965734929377793039e-01 3.909071110999118859e-01 4.674392145018602673e-01 2.388459511309937444e-01 5.487712436435272512e-01 2.964864001567878438e-01 3.296251524170603631e-01 3.234809799323387081e-01 6.132687981856235204e-01 2.763018248222163797e-01 2.640109496167737380e-01 6.126067680548278327e-01 6.806639791349855528e-01 5.789194950580158761e-01 5.653006709049233081e-01 5.218419251928695379e-01 1.759018628267984830e-01 5.510938112167627079e-01 4.386247064175949895e-01 3.307579748775451023e-01 4.977379832476138688e-01 4.676348241119666072e-01 3.288736528384045843e-01 3.693476936077794148e-01 2.259807338309717251e-01 3.813978059489623318e-01 3.190751641870769872e-01 3.884111848487202256e-01 3.684241890652200091e-01 4.828770232786104288e-01 4.649478807837518213e-01 4.196829360630556227e-01 2.733463953373463928e-01 6.808743517274981616e-02 1.585280658691934075e-01 2.630391362214076767e-01 2.480442760993474827e-01 1.758097852883390988e-01 1.239284093042631180e-01 5.257140158193580604e-01 2.920075963664860996e-01 5.012315995457914397e-01 6.512695365450001106e-02
1.691861119404259040e-01 4.791451597771563820e-01 5.075511111278644405e-01 4.513376731122982766e-01 3.824776774555015413e-01 1.709047466739330723e-01 3.975063379574311218e-01 3.562828028189345964e-01 4.025891365615547057e-01 2.221711415648085219e-01 1.695395005226967011e-01 2.449066275932385572e-01 2.239473707073385833e-01 0.000000000000000000e+00 4.953983802339660403e-01 2.691343007906257800e-01 2.988595776018969641e-01 2.530942251581939084e-01 4.491521406543258488e-01 2.970848486147069645e-01 3.368590790894905873e-01 1.437450266390593590e-01 3.902973752969947641e-01 3.764684650567263202e-01 1.247734893618084318e-01 2.088824590533910897e-01 1.313578073135351076e-01 1.677397551991382796e-01 1.759344944332899841e-01 4.754773452742521722e-01 2.882436527426442963e-01 1.282141382937022345e-01 3.376240232628011650e-01 2.060828759775530372e-01 3.113343500481027259e-01 2.407592448714943878e-01 3.439122602693257535e-01 1.014956588061005222e-01 2.383690872708061903e-01 2.849343657064089541e-01 4.493307802960788688e-01 8.908839455676345609e-02 1.962550090806542691e-01 3.950867061726571206e-01 4.672125492150239756e-01 3.794386922037246146e-01 4.281394970301847791e-01 3.008583879937352101e-01 7.922942061072899000e-02 3.678395755454852978e-01 2.381733343578825712e-01 2.475158347668873493e-01 2.982571803933225518e-01 3.358729288488861986e-01 1.070239990128872137e-01 3.396301002253856449e-01 7.499457445969789915e-02 2.250599281698033582e-01 1.875445109000949129e-01 2.855676439365725239e-01 2.349839811732223616e-01 3.462920165706774300e-01 2.410005100764131547e-01 2.737779651274732107e-01 2.730408244850164312e-01 1.867201736150425895e-01 9.199380957361620592e-02 1.502463111634456949e-01 2.041279847331347597e-01 1.771959231101093157e-01 3.255609785030709746e-01 3.761472402883033195e-01 7.163926265150588613e-02 2.983220556675295065e-01 2.317193943653398924e-01
5.143153792122860946e-01 1.610139960883811283e-01 3.960581526167710198e-01 3.945045723475623656e-01 8.454034869319032586e-01 3.517052283747055808e-01 6.052752270977377336e-01 6.074462048211602960e-01 1.611795654839228153e-01 4.447447702694589111e-01 4.557871334656740103e-01 2.538879123288617090e-01 6.785760662621987960e-01 4.953983802339660403e-01 0.000000000000000000e+00 3.019776369385713255e-01 2.255713969619844994e-01 5.211767010576637826e-01 1.764829248137871898e-01 5.273081727924292528e-01 2.639640785969090686e-01 4.847683552514184258e-01 2.842304487183951456e-01 1.274250587726331596e-01 3.761590156598042523e-01 3.831903058398262729e-01 5.066597618848183160e-01 3.773254673513824486e-01 3.264668817798269118e-01 1.040117155681303113e-01 7.512930841281562078e-01 5.953704122564665857e-01 1.869548826677628617e-01 3.099021431113891945e-01 2.144422463386503885e-01 4.991780054344865936e-01 1.601544800038024741e-01 4.144893602828417789e-01 4.476388110389197261e-01 4.501389994349737078e-01 8.446307523007368090e-02 4.342509328073283492e-01 4.953487588682071729e-01 1.781299572944177456e-01 8.313547962175046879e-02 3.322648816775899960e-01 3.233536142066752439e-01 2.022255033213309627e-01 5.301116139380523951e-01 1.514698539662428234e-01 2.766320484145222691e-01 5.074175204293341901e-01 2.771074068100489174e-01 2.595827101745343812e-01 4.061464773384633742e-01 5.347987275045094080e-01 4.607795128792195327e-01 3.022640287045537666e-01 5.110862417954160630e-01 5.455125771985211980e-01 3.446147170864095610e-01 2.345929770599046171e-01 2.704556967187729533e-01 2.629245895490727736e-01 4.382454582135811849e-01 6.453494427151738044e-01 5.246228073368311984e-01 4.501598036993285645e-01 5.152624722656198308e-01 5.434156166403472099e-01 7.876480186916966497e-01 1.631644076798359488e-01 4.322288471015577893e-01 2.259455499115458343e-01 6.966891094070742918e-01
2.603197194298578210e-01 3.474970796047887056e-01 2.532696437653588206e-01 3.076602712278575513e-01 5.694019293523280290e-01 1.587051685449059057e-01 3.317923747731766904e-01 3.764905818940796345e-01 1.569715450631902209e-01 1.537498244861062457e-01 2.378642188026380833e-01 1.849390400880592811e-01 4.025745086826232333e-01 2.691343007906257800e-01 3.019776369385713255e-01 0.000000000000000000e+00 1.859535829703668763e-01 2.774227514377123338e-01 2.742632278557793901e-01 2.538253204678682096e-01 1.820032946587671341e-01 2.070976742467860732e-01 1.292580698004835715e-01 2.803419571766983531e-01 2.072633522188636335e-01 1.294355086793197718e-01 2.988577235921014430e-01 1.098475693187930674e-01 2.262425376548900524e-01 2.802716454798486745e-01 4.772118102048035215e-01 3.193688546768915226e-01 1.312442099945641816e-01 1.106036460777552327e-01 9.564023590280554266e-02 2.354219972227239999e-01 2.012242659327912742e-01 2.066873219901249337e-01 2.231658851247252384e-01 1.766561471104126924e-01 2.366703688619961887e-01 1.964920224266120674e-01 2.496026360151713530e-01 2.687825698597587354e-01 3.363675741318350454e-01 2.479500625420258397e-01 1.745576550239087699e-01 2.627161223590132599e-01 3.271355383815650608e-01 1.877092109120680197e-01 1.325056279688571204e-01 2.246373029302244917e-01 1.854270123687755678e-01 7.909393004272997907e-02 2.235714236828616752e-01 2.613158751799484203e-01 1.941397263309279086e-01 7.442446994721015063e-02 2.811908374011831135e-01 3.145569542714404809e-01 7.108758431889673768e-02 8.933463496590136887e-02 2.054490676974798924e-01 7.691329201590123288e-02 1.647626058890201139e-01 3.869119377744621446e-01 2.486212497572561630e-01 1.529605411605109155e-01 2.191564772873514089e-01 2.751238468348259913e-01 5.116464611121213091e-01 1.523231322885267580e-01 2.627695207198093574e-01 1.929652413340929851e-01 4.206875518274990067e-01
4.454712495602020095e-01 1.859896560055044057e-01 3.673377463302907042e-01 3.895878700895010760e-01 6.746021339024856900e-01 1.581830648525546223e-01 5.177459577435433724e-01 5.337339340889242223e-01 1.522935470957128279e-01 3.352184758392509067e-01 3.551321947237361942e-01 1.512188264123439096e-01 5.133669301366780013e-01 2.988595776018969641e-01 2.255713969619844994e-01 1.859535829703668763e-01 0.000000000000000000e+00 4.499268369374015419e-01 1.513852529845790829e-01 4.397789034382350581e-01 2.754487012915922128e-01 3.431105014618480720e-01 2.403188479248667409e-01 1.354479289572988743e-01 2.277645147773738332e-01 3.153890916496866481e-01 3.665999474348475284e-01 2.375951381295009490e-01 1.313521918353413864e-01 1.824560587602242490e-01 5.823390274997040095e-01 4.193378555727559909e-01 2.261352308218529672e-01 2.429730416834048889e-01 1.052696060302901471e-01 4.213755801930908484e-01 1.688330662951462169e-01 2.844497444605196268e-01 3.739265403066837079e-01 3.626097300807795132e-01 1.663470359509420238e-01 2.392896316578063398e-01 4.240988947479448212e-01 1.004489666751873927e-01 2.031753967381009773e-01 3.136159785520796217e-01 3.010594848380975797e-01 8.010824265323410187e-02 3.628940212340843741e-01 7.897450511008462237e-02 8.018015992231064537e-02 4.055999715926851268e-01 2.337495451207036445e-01 2.070913373288819359e-01 1.936592551018873065e-01 4.472694581503151579e-01 2.892761681313729127e-01 1.560483562941302749e-01 3.982175534467859990e-01 4.718003064662851798e-01 2.570411672892635724e-01 1.610233854494430017e-01 7.097519423333013833e-02 2.404331375537713811e-01 3.507161888593869903e-01 4.834260001615947600e-01 3.567288360931512026e-01 3.104294744774470649e-01 3.755321430437383312e-01 4.116961392905028605e-01 6.175140771840118559e-01 1.848950500569636335e-01 2.380672601895566509e-01 1.818906117937726385e-01 5.258147691223997722e-01
1.624784808189284058e-01 5.847754433982239597e-01 4.901203664730800491e-01 4.749344644726322673e-01 5.003140335064858446e-01 3.844196990537948611e-01 3.555666293192460969e-01 1.428528285131755171e-01 3.949262027361610250e-01 2.590180306936945009e-01 1.432611019695102239e-01 3.055776754332832357e-01 3.393528954762017324e-01 2.530942251581939084e-01 5.211767010576637826e-01 2.774227514377123338e-01 4.499268369374015419e-01 0.000000000000000000e+00 5.516859792934918350e-01 2.538889640494670363e-01 3.543272748668462313e-01 2.764889504437437751e-01 3.909413080401064611e-01 4.584279571750505267e-01 2.590967788440651787e-01 1.479872427583926175e-01 1.407239722952030037e-01 2.733869845713866042e-01 3.315869033310112068e-01 5.390219416131345476e-01 4.012096411908676608e-01 2.635456828787025585e-01 3.389478431088200905e-01 2.185714389235343669e-01 3.730629873405177932e-01 1.938791849380155363e-01 3.857691625927886503e-01 1.858686159940040050e-01 8.817852059089063832e-02 2.113850915693945010e-01 4.676193099224292271e-01 3.375660064630260360e-01 8.926492473169708730e-02 5.114537614441272417e-01 5.378330460930972334e-01 4.111988396908397014e-01 4.107087523754003877e-01 3.985632174741297051e-01 2.011733852371903886e-01 4.651319623497804923e-01 4.099283794065694542e-01 2.726391782294541044e-01 3.300173278804376942e-01 3.146236268302589623e-01 3.288155801506070230e-01 2.849366094917263337e-01 3.280887996178917798e-01 3.277717669116506083e-01 7.334440108972244132e-02 7.148640643976042486e-02 2.191709572539839446e-01 3.660342570568978493e-01 3.790637635849903875e-01 2.619320189740436677e-01 1.514798421503887327e-01 2.952659997778850909e-01 2.795564381051122149e-01 2.816658429930525287e-01 2.548052476183133574e-01 2.105806235276542204e-01 4.442096443390946559e-01 3.684843064629095277e-01 2.650390327939499135e-01 3.469659547339213890e-01 3.495557504163241402e-01
5.345829472856372666e-01 1.424513183381988513e-01 4.079622808974624482e-01 4.404514575284426692e-01 8.041998648685296791e-01 2.874292656075671526e-01 6.060556026289558584e-01 6.468337708135920572e-01 1.640390660107792775e-01 4.280130523418856914e-01 4.978966157954172189e-01 2.857485743606121287e-01 6.373724441988253275e-01 4.491521406543258488e-01 1.764829248137871898e-01 2.742632278557793901e-01 1.513852529845790829e-01 5.516859792934918350e-01 0.000000000000000000e+00 5.280885483236474887e-01 3.098487891531967464e-01 4.492540550341719285e-01 2.914692910135089354e-01 1.684779803582135971e-01 3.746203774801947217e-01 4.036987365350991896e-01 5.167790266002170174e-01 3.426069299957106296e-01 2.815312710007107921e-01 1.059137785911372504e-01 7.120097457210049496e-01 5.495919832492668355e-01 2.242622061813122347e-01 3.520116254411324030e-01 1.797000159794470697e-01 5.096852250785034455e-01 2.098940435113727521e-01 4.313056071633404320e-01 4.870263770313514873e-01 4.509193749661921102e-01 1.441591979514784405e-01 3.699749700401897545e-01 5.238658638709506876e-01 8.827647327568177715e-02 1.496728336861552766e-01 3.782117668584704107e-01 3.396057957951085782e-01 1.903121710785999621e-01 5.130731003994538630e-01 8.762777355419092140e-02 2.123560856473838410e-01 4.989005307860038818e-01 3.247040818218095981e-01 2.793411334993454731e-01 3.438383342672566845e-01 5.355791030357276439e-01 4.113917103678531584e-01 2.616639600959895229e-01 5.450734161496066932e-01 5.849001431909530702e-01 3.453508121746761139e-01 2.185588911793326372e-01 2.149542945294995178e-01 2.976752210084329664e-01 4.390258337447995318e-01 6.171350663468379016e-01 4.788443783296314482e-01 4.154412663436568010e-01 4.805439349099480117e-01 5.178396928628267171e-01 7.464443966283229592e-01 1.867082103834696027e-01 3.882463393549260844e-01 2.735422249233065983e-01 6.554854873437007123e-01
1.782506150118831345e-01 6.013224000726571372e-01 4.809216006303487778e-01 5.040107351125578949e-01 5.050097418956366324e-01 3.341285595055130675e-01 1.382885052693365868e-01 3.592552248551070804e-01 3.912243702994996353e-01 1.416462235726302643e-01 2.731118115185333650e-01 3.591899999233345575e-01 3.308045144701785567e-01 2.970848486147069645e-01 5.273081727924292528e-01 2.538253204678682096e-01 4.397789034382350581e-01 2.538889640494670363e-01 5.280885483236474887e-01 0.000000000000000000e+00 3.824913678426851704e-01 1.760476462620979565e-01 3.741957667800199783e-01 4.918863434019786762e-01 3.157517119020205043e-01 1.691305978021387380e-01 2.767037352999254241e-01 2.269280258832572228e-01 3.882418363889664770e-01 5.340969659477169396e-01 4.059053495800184486e-01 2.565120509333558840e-01 3.421247628078135095e-01 2.626578627552531575e-01 3.494655563706736690e-01 9.444490525062447517e-02 4.035472319702264055e-01 2.695286581533787862e-01 2.263043426962332016e-01 8.481501492332181591e-02 4.684137860520957153e-01 2.706486704648420893e-01 2.221604150467468008e-01 5.226078903276267784e-01 5.492381518212192670e-01 4.435199430551770572e-01 4.015099865326691164e-01 4.523741621474604013e-01 2.705698196163285885e-01 4.415345313799363680e-01 3.761513045812936440e-01 7.960155506556138016e-02 3.690400830343165128e-01 3.027621936512200351e-01 3.430970165480544121e-01 8.162733004670581771e-02 2.220902741550091486e-01 2.908109711521368324e-01 2.576570500129377606e-01 2.973215972324680378e-01 1.888612480203230859e-01 3.431599554337695923e-01 4.328747082583210837e-01 2.734747732959950661e-01 1.190402595403748515e-01 2.999617081670358787e-01 2.269410873937832140e-01 1.608389596631978058e-01 1.222778948193191662e-01 1.580977931873454312e-01 4.473758960425725517e-01 3.660444291214485224e-01 3.436596330672468946e-01 3.902573984287434627e-01 3.542514588054749836e-01
3.508527712560745027e-01 3.384558262356749947e-01 3.006574051920513080e-01 1.345643040049155914e-01 6.871822206697404400e-01 3.214476025686346383e-01 4.604584221479935957e-01 4.381343720183688561e-01 1.877279130396658502e-01 3.059961288121480494e-01 2.846521331248810793e-01 1.348765985338863660e-01 5.196384793803073832e-01 3.368590790894905873e-01 2.639640785969090686e-01 1.820032946587671341e-01 2.754487012915922128e-01 3.543272748668462313e-01 3.098487891531967464e-01 3.824913678426851704e-01 0.000000000000000000e+00 3.690268792802602893e-01 2.019898292458682798e-01 2.129195830813142010e-01 2.252439630363494705e-01 2.206914192888572157e-01 3.324491125090560106e-01 2.750484453576628741e-01 2.211425880537749022e-01 2.918597660713588282e-01 5.883240378963350281e-01 4.424721109892202353e-01 9.947607263853253112e-02 1.365095237772278869e-01 2.447037118489069629e-01 3.478319903581025274e-01 1.208300489827785484e-01 2.402787109070794458e-01 2.783269782361283418e-01 3.053221944852296810e-01 2.111092094254809204e-01 3.610439337759147049e-01 3.284993326773895661e-01 2.835637281627190198e-01 2.802217718468390517e-01 8.368565785923072486e-02 2.217401746896372483e-01 2.033873206636625797e-01 3.627979725855324800e-01 2.400212076603715494e-01 2.834340500186579570e-01 3.654651586888917891e-01 7.688069730532175183e-02 1.488644043471197276e-01 2.995046106352543536e-01 3.899819225547653812e-01 3.568323664115468086e-01 2.510308993628573293e-01 3.376936224612547277e-01 3.762007443957298691e-01 2.049788948793799803e-01 1.956004610253585518e-01 2.171451201416115806e-01 1.090165945466901182e-01 2.934286532638371026e-01 4.823803964833524582e-01 4.113138898378750352e-01 3.118578388765314013e-01 3.772096094279400735e-01 3.812167126111166704e-01 6.302655217173094293e-01 1.509166930829711761e-01 2.825569340184537204e-01 9.355808949781965755e-02 5.364239375795782916e-01
