0.000000000000000000e+00 1.483896265150249194e+00 1.441586433495488206e+00 9.411262658569438111e-01 1.198814945535507936e+00 8.829381293903245664e-01 6.411732454525117531e-01 6.687114860629415070e-01 1.060025084805467310e+00 1.030633427353065290e+00 3.721869671670526292e-01 5.379392780235706661e-01 6.532667228235498058e-01 4.252091431117626108e-01 7.005450695229400448e-01 7.608444308440667214e-01 2.772282305212580567e-01 9.426771987857086588e-01 8.947111592755722098e-01 1.270925233203483273e+00 2.389350592132232498e-01 1.235092046771564700e+00 5.212630223971619348e-01 4.366381967206804937e-01 5.865134853780025193e-01 9.556963962915231425e-01 6.416005828153625856e-01 2.506438857378638363e-01 7.045291712718121380e-01 4.458033147571057175e-01 6.131638485855488430e-01 7.952347820529322986e-01 1.844875013558846533e-01 1.037395151104268942e+00 7.962859766279940521e-01 4.579210965626122620e-01 5.082601953326625344e-01 7.436283110603045809e-01 1.609899942419271424e-01 8.757891598378040321e-01 7.941961406800258638e-01 1.058583166496269268e+00 1.564621086689960694e-01 9.400920342837818522e-01 7.553327627793260390e-01 1.145355924187252628e+00 5.692207427611412074e-01 2.859726092436449818e-01 1.388732915270026735e+00 5.141518625328981296e-01
1.483896265150249194e+00 0.000000000000000000e+00 1.318309522831868419e+00 1.532054891612413705e+00 9.017874563268484245e-01 1.554914416813937272e+00 8.822443590524212675e-01 1.061836252271191050e+00 4.562594488340714904e-01 9.017938051727324433e-01 1.233362459004521794e+00 1.224974655577164340e+00 1.217734190681935447e+00 1.071026470199480274e+00 9.347899056428109477e-01 7.682551356154373456e-01 1.564391731937816887e+00 7.884764432305949589e-01 6.839653287436434637e-01 2.353024524719305732e-01 1.332385402185320311e+00 1.111815136107945134e+00 1.157348576481820768e+00 1.068054828588022920e+00 1.023516934293868808e+00 6.467473907456752213e-01 8.422956823348873856e-01 1.253832624196788759e+00 1.375912002875577134e+00 1.163786965161247799e+00 9.645648240237471027e-01 8.982018342851300075e-01 1.492667522999373775e+00 7.999128572388546354e-01 1.385253833055626549e+00 1.075550729464455957e+00 1.165133842699322964e+00 8.780591245542354040e-01 1.564448902905128280e+00 8.275133662894670339e-01 9.369575013362776428e-01 7.594437116258246911e-01 1.378395841012025169e+00 5.438042308664675639e-01 7.491437471553262784e-01 3.385403409629966776e-01 9.442089338231401952e-01 1.202745208197116611e+00 1.377508203841315837e-01 1.112036064117643219e+00
1.441586433495488206e+00 1.318309522831868419e+00 0.000000000000000000e+00 1.431079732503674373e+00 9.143193181315487639e-01 1.546126706963632413e+00 8.430286855305176852e-01 9.481368376900101147e-01 8.873172666743522896e-01 4.382516144906165034e-01 1.083935494941351774e+00 1.215212545294737101e+00 1.118023939331093342e+00 1.148200412392753389e+00 7.414040756769735285e-01 8.888223017761989198e-01 1.468920651437294778e+00 7.328862844253065667e-01 6.493984314935925539e-01 1.100483527686408669e+00 1.267599980203029775e+00 2.297395621318274461e-01 9.501342648867231455e-01 1.035117799301682018e+00 8.730457106250918420e-01 7.979380563625489975e-01 9.289209052866707061e-01 1.217837855726199292e+00 1.367124293025272275e+00 1.102026025331825920e+00 1.060070343923253500e+00 8.660547058351282246e-01 1.464246029414746575e+00 6.098847050797957525e-01 1.285543581704784444e+00 1.088945679351498219e+00 1.066585981547239603e+00 7.190761739689910392e-01 1.466499890489471047e+00 5.777520631876984503e-01 7.312192734664056948e-01 7.821355740500605114e-01 1.286318304952652758e+00 7.745052919654011880e-01 7.976029742508093934e-01 9.797691818688719634e-01 9.638018805983336046e-01 1.256425479789466948e+00 1.223146172951646182e+00 1.102273953835215536e+00
9.411262658569438111e-01 1.532054891612413705e+00 1.431079732503674373e+00 0.000000000000000000e+00 1.260077933296150698e+00 1.130450179928983445e+00 6.501570193820703780e-01 9.450969479162785181e-01 1.116968374032550448e+00 1.021254503160497151e+00 6.094345188900351928e-01 7.815774438027393023e-01 3.264993895133955770e-01 8.574085367973039995e-01 7.526683712541714089e-01 9.678438951552138514e-01 9.987255472184749516e-01 1.012701544421599875e+00 8.893360623025244882e-01 1.318208873756247623e+00 8.241737360322500816e-01 1.224585345779750423e+00 7.379325349529853861e-01 5.843114334949098820e-01 5.582602530725149226e-01 1.084402153174791827e+00 8.052118930605269842e-01 7.155459291782150233e-01 9.520412218104711277e-01 8.300681112371617321e-01 1.006481149964864708e+00 1.046903199696178843e+00 9.866601545852580202e-01 1.036140697795897792e+00 1.680253857360537451e-01 7.340824375226561171e-01 4.328660705242812212e-01 7.120035585346834450e-01 9.764374753509058591e-01 8.801988293807936348e-01 8.996400564306421543e-01 1.127894189214662779e+00 7.914400761996147615e-01 9.882506607459470294e-01 7.959964239393501062e-01 1.193514550649417361e+00 6.775822270417108939e-01 7.879276710758966740e-01 1.436891541732191468e+00 7.045716257033461938e-01
1.198814945535507936e+00 9.017874563268484245e-01 9.143193181315487639e-01 1.260077933296150698e+00 0.000000000000000000e+00 1.336001043076689543e+00 6.431296659463242582e-01 5.924071808269378847e-01 4.597851546711209658e-01 4.816032279981536379e-01 8.950820272378884335e-01 1.005086881407794452e+00 9.469205967046974148e-01 7.783163297613671094e-01 5.430766794063653924e-01 4.429794004520758444e-01 1.245619315431342189e+00 2.806442938853577762e-01 3.992486534168214196e-01 6.791870362390485250e-01 1.017578978730756978e+00 6.967596063055294664e-01 7.020584702739041116e-01 8.473244630075512651e-01 7.058739690981440384e-01 2.954984907144506123e-01 6.142466035452559536e-01 9.983730820539842288e-01 1.156998629138329626e+00 7.908158793042656676e-01 5.918736878601059681e-01 4.363184570256877781e-01 1.200076461807878525e+00 3.325494603614083666e-01 1.114440239078388739e+00 8.557077026314690027e-01 8.954826389208435655e-01 5.480743747614676975e-01 1.244456585358890255e+00 4.386939036491646626e-01 4.291253519910405156e-01 1.441718947014758445e-01 1.066859384002069921e+00 4.240201944040488669e-01 5.292559729859557249e-01 5.777527140613295531e-01 7.254206441281380036e-01 9.128423362918629547e-01 8.066531063918881417e-01 8.921482899482726658e-01
8.829381293903245664e-01 1.554914416813937272e+00 1.546126706963632413e+00 1.130450179928983445e+00 1.336001043076689543e+00 0.000000000000000000e+00 7.063381493985779747e-01 9.896100092536839199e-01 1.135685471420981640e+00 1.143017044007504923e+00 7.145763321280038660e-01 3.612216469983079437e-01 8.284339998635100732e-01 6.666724995177059077e-01 9.413385413007276936e-01 9.191860883384650460e-01 9.847223039579205972e-01 1.183836340415993726e+00 9.519971740481560918e-01 1.341943384867172018e+00 7.699690172697805091e-01 1.339632320239709129e+00 9.312016573659444019e-01 5.525940925095362832e-01 7.569961763085162332e-01 1.074067108288651262e+00 7.432222674136047535e-01 6.328422769763174527e-01 1.805113366103902328e-01 7.928283935831689222e-01 8.784655270812706807e-01 1.069665953382984869e+00 9.148051142778526046e-01 1.142478127268896637e+00 9.848311776461029510e-01 5.068823167698228715e-01 7.206633266359049328e-01 8.540839173272336549e-01 9.525144920421954042e-01 1.025558752566534393e+00 1.088310226477197995e+00 1.197918083676469347e+00 7.685215194002243955e-01 1.011110185947470486e+00 8.067450700907348171e-01 1.216374075850941150e+00 6.107054829907988536e-01 6.579010916948829779e-01 1.459751066933715480e+00 4.448131787356376932e-01
6.411732454525117531e-01 8.822443590524212675e-01 8.430286855305176852e-01 6.501570193820703780e-01 6.431296659463242582e-01 7.063381493985779747e-01 0.000000000000000000e+00 5.944729753993948096e-01 4.671578414725571782e-01 4.399190225743897509e-01 3.736428724803628199e-01 3.754239877296816630e-01 3.358363184515916200e-01 3.303334780300934415e-01 3.249208511371693975e-01 3.296590126940537324e-01 7.252990403496148986e-01 4.807383189828780545e-01 2.535379138230602902e-01 6.683983411962546306e-01 5.547415459685063333e-01 6.365342988065937346e-01 4.241211405755662689e-01 2.058897032000956140e-01 1.945646625534092067e-01 4.342451337927220600e-01 1.953681000034733217e-01 3.905293597146478057e-01 5.273357354602171698e-01 5.061622028972325715e-01 4.207283339514026888e-01 5.207324630432338397e-01 6.781247162567328735e-01 4.393801058357812983e-01 5.033559608252828887e-01 2.491571217864427534e-01 2.828894836469020846e-01 1.782194438365881373e-01 6.948403382054559874e-01 3.224607311334185544e-01 4.329507894958022907e-01 5.070603276278852212e-01 5.087872763123529873e-01 3.384401281859531485e-01 1.458394045572796449e-01 5.437040180894241459e-01 1.354862817130828290e-01 4.318350569880339274e-01 7.870810091721978097e-01 2.624853962701600429e-01
6.687114860629415070e-01 1.061836252271191050e+00 9.481368376900101147e-01 9.450969479162785181e-01 5.924071808269378847e-01 9.896100092536839199e-01 5.944729753993948096e-01 0.000000000000000000e+00 6.059998404509557846e-01 5.158909765412202919e-01 4.141938610088771733e-01 6.476137453353917328e-01 6.404943037089941837e-01 3.229375097359776792e-01 3.122673254425435418e-01 3.120674262565092949e-01 6.895096858715348276e-01 3.192154938777210793e-01 5.060055748562767297e-01 8.436132251350046962e-01 4.639283429574520001e-01 7.425349801429040886e-01 2.183917082546097121e-01 6.053817322183423499e-01 4.154982441626332568e-01 4.230224074840756021e-01 4.027779579557457246e-01 5.140746793889580113e-01 8.102661801824189158e-01 2.229081713058356784e-01 1.751742890901019922e-01 1.732092185172899035e-01 6.559677927743114978e-01 4.774505434668447346e-01 8.083227081891586341e-01 4.980785510097404667e-01 5.520348424423380251e-01 4.724271360757476002e-01 6.952200605755319840e-01 3.732666042114064497e-01 2.299591710718258963e-01 4.578588108344808782e-01 5.248180771605415185e-01 5.250018355831204131e-01 4.834891627954424620e-01 7.279287116356187859e-01 4.912467261617752823e-01 3.958753944979802597e-01 9.690094950822221165e-01 6.006754040983258713e-01
1.060025084805467310e+00 4.562594488340714904e-01 8.873172666743522896e-01 1.116968374032550448e+00 4.597851546711209658e-01 1.135685471420981640e+00 4.671578414725571782e-01 6.059998404509557846e-01 0.000000000000000000e+00 4.634154488542226447e-01 8.182759414246576490e-01 8.067883289075528097e-01 8.026476731020720790e-01 6.427592474435526171e-01 5.145911791384759626e-01 3.213369447228497933e-01 1.126750834379128152e+00 3.464741415748673337e-01 2.709461324638506308e-01 2.390832698530963030e-01 8.942854861200875138e-01 6.736843373703697013e-01 7.371498499774866708e-01 6.498685019184111678e-01 6.084304167140044406e-01 1.931431579965993683e-01 4.184245019901045581e-01 8.356462975271765625e-01 9.566830574826207245e-01 7.210635295418097446e-01 5.218413884043083817e-01 4.440220880066276243e-01 1.067837214142954405e+00 3.592648982014344239e-01 9.701673154757635142e-01 6.563217840714996587e-01 7.500473251194590407e-01 4.644665819561505371e-01 1.138774785104790466e+00 4.073146397851321598e-01 4.949551996805500176e-01 3.174414099700970660e-01 9.602095143424137502e-01 1.435703371767725056e-01 3.309574204857141932e-01 1.339847203946642473e-01 5.249799884301831199e-01 7.788740278523342830e-01 3.655968875490640535e-01 6.938497374480310231e-01
1.030633427353065290e+00 9.017938051727324433e-01 4.382516144906165034e-01 1.021254503160497151e+00 4.816032279981536379e-01 1.143017044007504923e+00 4.399190225743897509e-01 5.158909765412202919e-01 4.634154488542226447e-01 0.000000000000000000e+00 6.738840344042421604e-01 8.121028823386092776e-01 7.124248140848024047e-01 7.450907494366255657e-01 3.313526151398643038e-01 4.800840754566894075e-01 1.054958076007697088e+00 3.002039316553847259e-01 2.462887685374645363e-01 6.765817098662787465e-01 8.536374047734315296e-01 2.272502678089597383e-01 5.272264692142863973e-01 6.320081363455541945e-01 4.629942500879825618e-01 3.685092077212276385e-01 5.258112423305428829e-01 8.146161593992344852e-01 9.640146300691444514e-01 6.791182296593892831e-01 6.278244827744637879e-01 4.338088446863383463e-01 1.050283453985147997e+00 1.764530113985723347e-01 8.820117059457547315e-01 6.858360163953703958e-01 6.630541057882095579e-01 3.158544776420266764e-01 1.052537315059872913e+00 1.554359540626825409e-01 2.989734123176159830e-01 3.494194839166656630e-01 8.749401137030529130e-01 3.626716310840916724e-01 3.944933112946815701e-01 5.641010070099291562e-01 5.606922176422058923e-01 8.335176841170303108e-01 8.035436743084386491e-01 6.991642908790877131e-01
3.721869671670526292e-01 1.233362459004521794e+00 1.083935494941351774e+00 6.094345188900351928e-01 8.950820272378884335e-01 7.145763321280038660e-01 3.736428724803628199e-01 4.141938610088771733e-01 8.182759414246576490e-01 6.738840344042421604e-01 0.000000000000000000e+00 3.667368313650782308e-01 3.254042497222667252e-01 3.389777313389867874e-01 3.555273434430289980e-01 6.256812163789119419e-01 4.187554345450396065e-01 6.144377333525310458e-01 5.715932011218767261e-01 1.019516441148355490e+00 2.296113451623008062e-01 8.774411082174277121e-01 2.209789599275377714e-01 2.166867367873015759e-01 2.180366990697123475e-01 7.841465896414715475e-01 4.937659028197123878e-01 1.883366900082840967e-01 5.361673740094914375e-01 2.365762766067462941e-01 4.357984177442477680e-01 5.607711921937275079e-01 4.269444910659151438e-01 6.910028558374340379e-01 4.657789576273504983e-01 3.234319793844162572e-01 1.800206725257600393e-01 3.774994053112851189e-01 4.029567792001709781e-01 5.224646604345170031e-01 4.659566752468483064e-01 7.606965851745677298e-01 2.179593800488798250e-01 6.895582281380537859e-01 5.129644383706724042e-01 8.948221180415246723e-01 3.577401438564574154e-01 2.571763333265709717e-01 1.138199109124298891e+00 3.297335692245640382e-01
5.379392780235706661e-01 1.224974655577164340e+00 1.215212545294737101e+00 7.815774438027393023e-01 1.005086881407794452e+00 3.612216469983079437e-01 3.754239877296816630e-01 6.476137453353917328e-01 8.067883289075528097e-01 8.121028823386092776e-01 3.667368313650782308e-01 0.000000000000000000e+00 4.795612637372659304e-01 3.246762355994141647e-01 6.036087425312857135e-01 5.856048036905242560e-01 6.392792645868172752e-01 8.486146620390744300e-01 6.210830123792598911e-01 1.012003623630399307e+00 4.249959974441356314e-01 1.008718158570813372e+00 5.836162526215196156e-01 2.037213563832923069e-01 4.192663775390745307e-01 7.492717602237853880e-01 4.171782502781545277e-01 2.873992376052144637e-01 1.835864852875314923e-01 4.480502874360242083e-01 5.403681327225507980e-01 7.334562504860381305e-01 5.698320944522076159e-01 8.115639656000012137e-01 6.359584415198584750e-01 1.700677907905872865e-01 3.717905905096610120e-01 5.165382324263533276e-01 6.070714526710919712e-01 6.913370362886762654e-01 7.505804277077562370e-01 8.670039220075737019e-01 4.230784800291211845e-01 6.811704247106971088e-01 4.758309084218385610e-01 8.864343146141677732e-01 2.877742189783757398e-01 3.130998210907620649e-01 1.129811305696941437e+00 1.332153566669633249e-01
6.532667228235498058e-01 1.217734190681935447e+00 1.118023939331093342e+00 3.264993895133955770e-01 9.469205967046974148e-01 8.284339998635100732e-01 3.358363184515916200e-01 6.404943037089941837e-01 8.026476731020720790e-01 7.124248140848024047e-01 3.254042497222667252e-01 4.795612637372659304e-01 0.000000000000000000e+00 5.430878358668251860e-01 4.471832620755652465e-01 6.535231942247350378e-01 7.138431625432116734e-01 7.055619537328760016e-01 5.750885341698391828e-01 1.003888172825769143e+00 5.392913513569870254e-01 9.115295526071692800e-01 4.340332341931948390e-01 2.819063995449581084e-01 2.511206623837912155e-01 7.700814522443136800e-01 4.908911921300482817e-01 4.232870438559980797e-01 6.500250417449976448e-01 5.306231353446845267e-01 6.921604490343857830e-01 7.423005554888951751e-01 6.966038057380310455e-01 7.230849046233168709e-01 1.742969009170046712e-01 4.210166178619138000e-01 1.621576766076082143e-01 3.989477653621020803e-01 6.915550906756425809e-01 5.713691403050987772e-01 5.941549472520359920e-01 8.145426516282702201e-01 5.065576915243517053e-01 6.739299598154681048e-01 4.816757230088714037e-01 8.791938497189389912e-01 3.632615261112320804e-01 4.953705810925835840e-01 1.122570840801712766e+00 3.926649726789497308e-01
4.252091431117626108e-01 1.071026470199480274e+00 1.148200412392753389e+00 8.574085367973039995e-01 7.783163297613671094e-01 6.666724995177059077e-01 3.303334780300934415e-01 3.229375097359776792e-01 6.427592474435526171e-01 7.450907494366255657e-01 3.389777313389867874e-01 3.246762355994141647e-01 5.430878358668251860e-01 0.000000000000000000e+00 5.425899082294958209e-01 3.403458150699255058e-01 4.938242802448807311e-01 5.754068342505346267e-01 5.095589922984700149e-01 8.580554382527146862e-01 2.613589319858403703e-01 9.417060256688295494e-01 3.366854628721163700e-01 2.871767784408764679e-01 4.511911319466329617e-01 5.352540541001238328e-01 2.287307878645931658e-01 2.291070205691762285e-01 4.873286704464410146e-01 1.867354622991018176e-01 2.161415563492306569e-01 4.159309795738006521e-01 4.299296798648786222e-01 6.926868600877275073e-01 7.106074782405166212e-01 1.751410412737627875e-01 4.357050230934221835e-01 4.998499839232968256e-01 5.099377401028103440e-01 6.308164946726272371e-01 5.341004337134924729e-01 6.380845507221279966e-01 3.423491047787767805e-01 5.272222393330123769e-01 3.542261577490960489e-01 7.324861292364833742e-01 1.948471963170106125e-01 1.400073650626221522e-01 9.758631203192569270e-01 2.885364492421534366e-01
7.005450695229400448e-01 9.347899056428109477e-01 7.414040756769735285e-01 7.526683712541714089e-01 5.430766794063653924e-01 9.413385413007276936e-01 3.249208511371693975e-01 3.122673254425435418e-01 5.145911791384759626e-01 3.313526151398643038e-01 3.555273434430289980e-01 6.036087425312857135e-01 4.471832620755652465e-01 5.425899082294958209e-01 0.000000000000000000e+00 4.738264870794103301e-01 7.275165757603216932e-01 2.693905084768680180e-01 2.597451156797823124e-01 7.179569432322899791e-01 5.261959045260562462e-01 5.349096889530498000e-01 2.225586708390105972e-01 4.068711254551226619e-01 1.981831587878251644e-01 4.509201107141559417e-01 4.997877196422422230e-01 5.390794014859374705e-01 7.633859502048605528e-01 3.891177870086149349e-01 4.622548966006893578e-01 3.126898827579115969e-01 7.228419537377722692e-01 3.446457914856251303e-01 6.158941315270517469e-01 5.200082060804106510e-01 3.886457032544167745e-01 1.675529900039013920e-01 7.250958148124975189e-01 1.766517677300650790e-01 1.469716851764707455e-01 4.090683241629327060e-01 5.452769409801037082e-01 3.909856747763426621e-01 3.677930345346813179e-01 5.962495646798137150e-01 4.416712140654419638e-01 5.179305530951442416e-01 8.396265557625872678e-01 4.988973197427020168e-01
7.608444308440667214e-01 7.682551356154373456e-01 8.888223017761989198e-01 9.678438951552138514e-01 4.429794004520758444e-01 9.191860883384650460e-01 3.296590126940537324e-01 3.120674262565092949e-01 3.213369447228497933e-01 4.800840754566894075e-01 6.256812163789119419e-01 5.856048036905242560e-01 6.535231942247350378e-01 3.403458150699255058e-01 4.738264870794103301e-01 0.000000000000000000e+00 8.215122888166381809e-01 2.723007972206297755e-01 2.488191459822251816e-01 5.558640587356353802e-01 5.896884680249965260e-01 6.823279150522750802e-01 4.830518107272631090e-01 4.576166108878198524e-01 5.172067305791614444e-01 1.949645037407999881e-01 1.889943553599504611e-01 5.601082985841865369e-01 7.398847044075640422e-01 3.997265848189599513e-01 2.005044436814585607e-01 1.910734503491801073e-01 7.632401960478620850e-01 3.829070534885973820e-01 8.210428365984264731e-01 4.158886651860252415e-01 5.963687395895920229e-01 3.979297138808239320e-01 8.332988934339567999e-01 3.980261452337966466e-01 3.268548019029395846e-01 3.027476214128368981e-01 6.628969100189664454e-01 2.264661842099034983e-01 1.976896693500440338e-01 4.297147946524402240e-01 3.084806053476664700e-01 4.748718216004215731e-01 6.730917857352138878e-01 4.832161192761684765e-01
2.772282305212580567e-01 1.564391731937816887e+00 1.468920651437294778e+00 9.987255472184749516e-01 1.245619315431342189e+00 9.847223039579205972e-01 7.252990403496148986e-01 6.895096858715348276e-01 1.126750834379128152e+00 1.054958076007697088e+00 4.187554345450396065e-01 6.392792645868172752e-01 7.138431625432116734e-01 4.938242802448807311e-01 7.275165757603216932e-01 8.215122888166381809e-01 0.000000000000000000e+00 9.649750215459846903e-01 9.788369541726753553e-01 1.351420699991050967e+00 2.325294818563720112e-01 1.262426264713371271e+00 5.435608451574379663e-01 5.285222576979291542e-01 6.267035966914975553e-01 1.016420527846836341e+00 7.220960496029301678e-01 3.621287570832189551e-01 8.063133458394082798e-01 4.698996225429070694e-01 6.562981857897896010e-01 8.372421230463942265e-01 1.728124576494966536e-01 1.061719799758900740e+00 8.546860909418282359e-01 5.645214036604426777e-01 5.658594766941936749e-01 7.861663029330702157e-01 1.544243848854251477e-01 9.001138084924358296e-01 8.164939634403018953e-01 1.107856293482835541e+00 2.170865340621773720e-01 1.020587501071349434e+00 8.457638578939611351e-01 1.225851390974820321e+00 6.668204952074544556e-01 3.616465237407004429e-01 1.469228382057594429e+00 6.123741823050021793e-01
9.426771987857086588e-01 7.884764432305949589e-01 7.328862844253065667e-01 1.012701544421599875e+00 2.806442938853577762e-01 1.183836340415993726e+00 4.807383189828780545e-01 3.192154938777210793e-01 3.464741415748673337e-01 3.002039316553847259e-01 6.144377333525310458e-01 8.486146620390744300e-01 7.055619537328760016e-01 5.754068342505346267e-01 2.693905084768680180e-01 2.723007972206297755e-01 9.649750215459846903e-01 0.000000000000000000e+00 2.679430554612018400e-01 5.658760231427950593e-01 7.492574787070812592e-01 5.230332743989324351e-01 4.214141763885466130e-01 6.565443574643583524e-01 4.544412913490846750e-01 1.893433181853971248e-01 4.565669063527206806e-01 7.928907518614862759e-01 1.004833926477632922e+00 5.258931563408112408e-01 3.592652779013039144e-01 1.767605444568318696e-01 9.453752341587803310e-01 1.697013731545932436e-01 8.756374029595771491e-01 6.820748416997809427e-01 6.554917078388003970e-01 3.320764296127212134e-01 9.638122914735327562e-01 1.763546699030768550e-01 1.484810581056826562e-01 1.462588518220366562e-01 7.862150901167125339e-01 3.032814772755704213e-01 3.979503750303362009e-01 4.644417009650761430e-01 5.807814025682964676e-01 6.837159567738606558e-01 6.933420932956345650e-01 7.399835872875760723e-01
8.947111592755722098e-01 6.839653287436434637e-01 6.493984314935925539e-01 8.893360623025244882e-01 3.992486534168214196e-01 9.519971740481560918e-01 2.535379138230602902e-01 5.060055748562767297e-01 2.709461324638506308e-01 2.462887685374645363e-01 5.715932011218767261e-01 6.210830123792598911e-01 5.750885341698391828e-01 5.095589922984700149e-01 2.597451156797823124e-01 2.488191459822251816e-01 9.788369541726753553e-01 2.679430554612018400e-01 0.000000000000000000e+00 4.701193108874769377e-01 7.709179242843106072e-01 4.429040447696683813e-01 4.823037865187927986e-01 4.594276170231559320e-01 3.535565020521642676e-01 2.543375445762244280e-01 2.830108437863826931e-01 6.440672735377083180e-01 7.729947601097951759e-01 6.436611385281936215e-01 4.451288343905351330e-01 4.045657826617239383e-01 9.312000450983624056e-01 2.041560838987848125e-01 7.426081765435305071e-01 4.833011924110899860e-01 5.236505763859853335e-01 1.940937958105915795e-01 9.483782520285167772e-01 1.543822362168819629e-01 2.837741391948452319e-01 2.633552343125688533e-01 7.623251901354135551e-01 1.401610978771756777e-01 1.556689140106697344e-01 3.454249877806466751e-01 3.514975056915563001e-01 6.412777302961065740e-01 5.888019788634202278e-01 5.081444209197381046e-01
1.270925233203483273e+00 2.353024524719305732e-01 1.100483527686408669e+00 1.318208873756247623e+00 6.791870362390485250e-01 1.341943384867172018e+00 6.683983411962546306e-01 8.436132251350046962e-01 2.390832698530963030e-01 6.765817098662787465e-01 1.019516441148355490e+00 1.012003623630399307e+00 1.003888172825769143e+00 8.580554382527146862e-01 7.179569432322899791e-01 5.558640587356353802e-01 1.351420699991050967e+00 5.658760231427950593e-01 4.701193108874769377e-01 0.000000000000000000e+00 1.119414370238555057e+00 8.868505983824255257e-01 9.405156140713005763e-01 8.550837966412572211e-01 8.096709164377020596e-01 4.252673542576191346e-01 6.293246503881214649e-01 1.040861592250023282e+00 1.162940970928811657e+00 9.513958882814466111e-01 7.521737471439451372e-01 6.767217977970743092e-01 1.279696491052606966e+00 5.773124371510550690e-01 1.171407815199460467e+00 8.625796975176908132e-01 9.512878248431568817e-01 6.642131066980687670e-01 1.351477870958362359e+00 6.106804038789462874e-01 7.143570812484776322e-01 5.368432915380246806e-01 1.165424809065259470e+00 3.308331989197020873e-01 5.361727152085606907e-01 1.320726304394470307e-01 7.312379018763743854e-01 9.897741762503512453e-01 1.299454046818023234e-01 8.990650321708776316e-01
2.389350592132232498e-01 1.332385402185320311e+00 1.267599980203029775e+00 8.241737360322500816e-01 1.017578978730756978e+00 7.699690172697805091e-01 5.547415459685063333e-01 4.639283429574520001e-01 8.942854861200875138e-01 8.536374047734315296e-01 2.296113451623008062e-01 4.249959974441356314e-01 5.392913513569870254e-01 2.613589319858403703e-01 5.261959045260562462e-01 5.896884680249965260e-01 2.325294818563720112e-01 7.492574787070812592e-01 7.709179242843106072e-01 1.119414370238555057e+00 0.000000000000000000e+00 1.061105593479106046e+00 3.278433023185345352e-01 3.520846916510344538e-01 4.331310321507520489e-01 7.845967070551951306e-01 4.900897198504335361e-01 1.873444171322187213e-01 5.915600591512680806e-01 2.433516746837558475e-01 4.289719197463727762e-01 6.102682845161708780e-01 1.997537131956388101e-01 8.603991285246350706e-01 6.801342797556034769e-01 3.347892353008485866e-01 3.913076655079689159e-01 5.904546942884572047e-01 2.802404358178006705e-01 6.987931372581701606e-01 6.007764206013984642e-01 8.773471996915181981e-01 1.411374945414151649e-01 7.885811713188528582e-01 6.155850897349364192e-01 9.938450612223237446e-01 4.367397288340185701e-01 1.307423652126808999e-01 1.237222052305097852e+00 4.148217040207535233e-01
1.235092046771564700e+00 1.111815136107945134e+00 2.297395621318274461e-01 1.224585345779750423e+00 6.967596063055294664e-01 1.339632320239709129e+00 6.365342988065937346e-01 7.425349801429040886e-01 6.736843373703697013e-01 2.272502678089597383e-01 8.774411082174277121e-01 1.008718158570813372e+00 9.115295526071692800e-01 9.417060256688295494e-01 5.349096889530498000e-01 6.823279150522750802e-01 1.262426264713371271e+00 5.230332743989324351e-01 4.429040447696683813e-01 8.868505983824255257e-01 1.061105593479106046e+00 0.000000000000000000e+00 7.470249816193033077e-01 8.286234125777581783e-01 6.665513239011678914e-01 5.836655860286037445e-01 7.224265185627468666e-01 1.011343469002275341e+00 1.160629906301348768e+00 8.989167420644060824e-01 8.544684863761475846e-01 6.604528482880220874e-01 1.257751642690821958e+00 3.920863800911270070e-01 1.079049194980860937e+00 8.824512926275743796e-01 8.600915948233155417e-01 5.125817872450670887e-01 1.260005503765547541e+00 3.746427799202781128e-01 5.256174159192997797e-01 5.645758622240417690e-01 1.079823918228729029e+00 5.680109052414772375e-01 5.911085875268855538e-01 7.732747951449480128e-01 7.573074938744098761e-01 1.052840242048194153e+00 1.013812562824586205e+00 8.957795671112916969e-01
5.212630223971619348e-01 1.157348576481820768e+00 9.501342648867231455e-01 7.379325349529853861e-01 7.020584702739041116e-01 9.312016573659444019e-01 4.241211405755662689e-01 2.183917082546097121e-01 7.371498499774866708e-01 5.272264692142863973e-01 2.209789599275377714e-01 5.836162526215196156e-01 4.340332341931948390e-01 3.366854628721163700e-01 2.225586708390105972e-01 4.830518107272631090e-01 5.435608451574379663e-01 4.214141763885466130e-01 4.823037865187927986e-01 9.405156140713005763e-01 3.278433023185345352e-01 7.470249816193033077e-01 0.000000000000000000e+00 4.157363099994511035e-01 2.393489478466648002e-01 5.734607067217084575e-01 4.938091473840166001e-01 3.852953518829326240e-01 7.527926992474320844e-01 1.793186112731637860e-01 2.861851874950497310e-01 3.517820159334108521e-01 5.244893515302505582e-01 5.339881929654898274e-01 5.995678293466436548e-01 4.724739609178214561e-01 3.336431341877283963e-01 3.450070006453684890e-01 5.423981150849859212e-01 3.723822016990249173e-01 2.729331182828639291e-01 5.676730282105831860e-01 3.648009137281659209e-01 6.135443456153532038e-01 5.452470451761484149e-01 8.188082355188240902e-01 4.802252262789574733e-01 3.103746805339461790e-01 1.062185226601597865e+00 5.168694316919305587e-01
4.366381967206804937e-01 1.068054828588022920e+00 1.035117799301682018e+00 5.843114334949098820e-01 8.473244630075512651e-01 5.525940925095362832e-01 2.058897032000956140e-01 6.053817322183423499e-01 6.498685019184111678e-01 6.320081363455541945e-01 2.166867367873015759e-01 2.037213563832923069e-01 2.819063995449581084e-01 2.871767784408764679e-01 4.068711254551226619e-01 4.576166108878198524e-01 5.285222576979291542e-01 6.565443574643583524e-01 4.594276170231559320e-01 8.550837966412572211e-01 3.520846916510344538e-01 8.286234125777581783e-01 4.157363099994511035e-01 0.000000000000000000e+00 2.225287604629114790e-01 5.982011958414136243e-01 2.911294133398125705e-01 1.859943109828167684e-01 3.741851343910238548e-01 3.979665708258745549e-01 4.668561890312195595e-01 6.415672132160646912e-01 4.735896675249015586e-01 6.368557506494677556e-01 4.386924312120289993e-01 1.649529172398363219e-01 1.756514933575583359e-01 3.256589813074683981e-01 4.980635555537704651e-01 5.004577851697913360e-01 5.538428106315932409e-01 7.092415036073308476e-01 3.120104936606672430e-01 5.242505977215553559e-01 3.189110814326971410e-01 7.295144876250261312e-01 1.535147722980766682e-01 2.460360523383731679e-01 9.728914787077997950e-01 1.294808838610336243e-01
5.865134853780025193e-01 1.023516934293868808e+00 8.730457106250918420e-01 5.582602530725149226e-01 7.058739690981440384e-01 7.569961763085162332e-01 1.945646625534092067e-01 4.154982441626332568e-01 6.084304167140044406e-01 4.629942500879825618e-01 2.180366990697123475e-01 4.192663775390745307e-01 2.511206623837912155e-01 4.511911319466329617e-01 1.981831587878251644e-01 5.172067305791614444e-01 6.267035966914975553e-01 4.544412913490846750e-01 3.535565020521642676e-01 8.096709164377020596e-01 4.331310321507520489e-01 6.665513239011678914e-01 2.393489478466648002e-01 2.225287604629114790e-01 0.000000000000000000e+00 5.793362833727206951e-01 3.826824488117517298e-01 3.807777295062518275e-01 5.790435852126492033e-01 3.651169880496135112e-01 5.255341353417144479e-01 5.108730415457367613e-01 6.304641780543661644e-01 4.801130715211741062e-01 4.211961116104921410e-01 3.356658410881994681e-01 2.010504164897156665e-01 1.594627062415727436e-01 6.162427559864571691e-01 3.219385763082787677e-01 3.451548439642959099e-01 5.736902250166561190e-01 4.312453568351665156e-01 4.797127034274005219e-01 3.224826895347807088e-01 6.849765933308714638e-01 2.667496691582250667e-01 4.468005062785903592e-01 9.283535844136450166e-01 3.145549547504909449e-01
9.556963962915231425e-01 6.467473907456752213e-01 7.979380563625489975e-01 1.084402153174791827e+00 2.954984907144506123e-01 1.074067108288651262e+00 4.342451337927220600e-01 4.230224074840756021e-01 1.931431579965993683e-01 3.685092077212276385e-01 7.841465896414715475e-01 7.492717602237853880e-01 7.700814522443136800e-01 5.352540541001238328e-01 4.509201107141559417e-01 1.949645037407999881e-01 1.016420527846836341e+00 1.893433181853971248e-01 2.543375445762244280e-01 4.252673542576191346e-01 7.845967070551951306e-01 5.836655860286037445e-01 5.734607067217084575e-01 5.982011958414136243e-01 5.793362833727206951e-01 0.000000000000000000e+00 3.438753753101371768e-01 7.388542818545899005e-01 8.950646943502907904e-01 5.796620685526295835e-01 3.807198771084698286e-01 2.514544435394552302e-01 9.581484350780604675e-01 2.290797911253863173e-01 9.376010946180051153e-01 5.853364743963502814e-01 7.156106594332194426e-01 4.215366890360443541e-01 1.028207132464155737e+00 3.417220526333808461e-01 3.246934019036672447e-01 1.543489124024229053e-01 8.578051490491649389e-01 1.972555614496697418e-01 2.884057292354424429e-01 3.270974163706146243e-01 4.633616252978532413e-01 6.697800606306197890e-01 5.527429592271480008e-01 6.380971392263551367e-01
6.416005828153625856e-01 8.422956823348873856e-01 9.289209052866707061e-01 8.052118930605269842e-01 6.142466035452559536e-01 7.432222674136047535e-01 1.953681000034733217e-01 4.027779579557457246e-01 4.184245019901045581e-01 5.258112423305428829e-01 4.937659028197123878e-01 4.171782502781545277e-01 4.908911921300482817e-01 2.287307878645931658e-01 4.997877196422422230e-01 1.889943553599504611e-01 7.220960496029301678e-01 4.565669063527206806e-01 2.830108437863826931e-01 6.293246503881214649e-01 4.900897198504335361e-01 7.224265185627468666e-01 4.938091473840166001e-01 2.911294133398125705e-01 3.826824488117517298e-01 3.438753753101371768e-01 0.000000000000000000e+00 4.247584683784293436e-01 5.642198534752438377e-01 3.707366818456434010e-01 2.276036688656438434e-01 3.504377998762522317e-01 6.503718406644856120e-01 4.639560722231342305e-01 6.584108345037396059e-01 2.532429644507194766e-01 4.337367374949051002e-01 3.327211252578146095e-01 7.348771830055599308e-01 4.373930800032646005e-01 5.023393650183363146e-01 4.730970252332282189e-01 5.644218143007295740e-01 2.984914514684192666e-01 1.385303446803158589e-01 5.037553413718902640e-01 1.419934077996591604e-01 3.604495258622296139e-01 7.471323324546639277e-01 3.102839559811493286e-01
2.506438857378638363e-01 1.253832624196788759e+00 1.217837855726199292e+00 7.155459291782150233e-01 9.983730820539842288e-01 6.328422769763174527e-01 3.905293597146478057e-01 5.140746793889580113e-01 8.356462975271765625e-01 8.146161593992344852e-01 1.883366900082840967e-01 2.873992376052144637e-01 4.232870438559980797e-01 2.291070205691762285e-01 5.390794014859374705e-01 5.601082985841865369e-01 3.621287570832189551e-01 7.928907518614862759e-01 6.440672735377083180e-01 1.040861592250023282e+00 1.873444171322187213e-01 1.011343469002275341e+00 3.852953518829326240e-01 1.859943109828167684e-01 3.807777295062518275e-01 7.388542818545899005e-01 4.247584683784293436e-01 0.000000000000000000e+00 4.544333188578051352e-01 2.975143073765253443e-01 4.336254739601822505e-01 6.266960211770259415e-01 2.875953565420850122e-01 8.211976296387156760e-01 5.699269268953343071e-01 2.168769517030000316e-01 2.846573735031309171e-01 4.987616817572080863e-01 3.289975541328674091e-01 6.735604856195307466e-01 6.463711721522253928e-01 8.581413030147451160e-01 1.465457819880477686e-01 7.100283933303208617e-01 5.046888770414623693e-01 9.152922832337918591e-01 3.295029555839247837e-01 1.366473965942118229e-01 1.158669274316565412e+00 2.635079767950343488e-01
7.045291712718121380e-01 1.375912002875577134e+00 1.367124293025272275e+00 9.520412218104711277e-01 1.156998629138329626e+00 1.805113366103902328e-01 5.273357354602171698e-01 8.102661801824189158e-01 9.566830574826207245e-01 9.640146300691444514e-01 5.361673740094914375e-01 1.835864852875314923e-01 6.500250417449976448e-01 4.873286704464410146e-01 7.633859502048605528e-01 7.398847044075640422e-01 8.063133458394082798e-01 1.004833926477632922e+00 7.729947601097951759e-01 1.162940970928811657e+00 5.915600591512680806e-01 1.160629906301348768e+00 7.527926992474320844e-01 3.741851343910238548e-01 5.790435852126492033e-01 8.950646943502907904e-01 5.642198534752438377e-01 4.544333188578051352e-01 0.000000000000000000e+00 6.144194354646566048e-01 6.991216980100056766e-01 8.903221243117203088e-01 7.363961561593399541e-01 9.634757133305363874e-01 8.064222195275903005e-01 3.275384876985582006e-01 5.422543685173925043e-01 6.750815033888727390e-01 7.741055339236830868e-01 8.465563386281736991e-01 9.103576353813309652e-01 1.018915669738108765e+00 5.901125612817120780e-01 8.321077720091097918e-01 6.277426561523739013e-01 1.037371661912580345e+00 4.317030690524378822e-01 4.794921335763706605e-01 1.280748652995354675e+00 2.668605876397704968e-01
4.458033147571057175e-01 1.163786965161247799e+00 1.102026025331825920e+00 8.300681112371617321e-01 7.908158793042656676e-01 7.928283935831689222e-01 5.061622028972325715e-01 2.229081713058356784e-01 7.210635295418097446e-01 6.791182296593892831e-01 2.365762766067462941e-01 4.480502874360242083e-01 5.306231353446845267e-01 1.867354622991018176e-01 3.891177870086149349e-01 3.997265848189599513e-01 4.698996225429070694e-01 5.258931563408112408e-01 6.436611385281936215e-01 9.513958882814466111e-01 2.433516746837558475e-01 8.989167420644060824e-01 1.793186112731637860e-01 3.979665708258745549e-01 3.651169880496135112e-01 5.796620685526295835e-01 3.707366818456434010e-01 2.975143073765253443e-01 6.144194354646566048e-01 0.000000000000000000e+00 1.992221411375014184e-01 3.703748519123625238e-01 4.353911245006157338e-01 6.619653087646043543e-01 6.864125499744768710e-01 3.233826382312155467e-01 4.030402770338979423e-01 4.890858395610200304e-01 4.757161990199435531e-01 5.242739621441278031e-01 4.103494294055027303e-01 6.505841002650266658e-01 3.053142156049525879e-01 6.219980137557147293e-01 5.092670265259592322e-01 8.252466241982513440e-01 3.812387024840422356e-01 1.780149317784890384e-01 1.068623615281025119e+00 4.414831450476586761e-01
6.131638485855488430e-01 9.645648240237471027e-01 1.060070343923253500e+00 1.006481149964864708e+00 5.918736878601059681e-01 8.784655270812706807e-01 4.207283339514026888e-01 1.751742890901019922e-01 5.218413884043083817e-01 6.278244827744637879e-01 4.357984177442477680e-01 5.403681327225507980e-01 6.921604490343857830e-01 2.161415563492306569e-01 4.622548966006893578e-01 2.005044436814585607e-01 6.562981857897896010e-01 3.592652779013039144e-01 4.451288343905351330e-01 7.521737471439451372e-01 4.289719197463727762e-01 8.544684863761475846e-01 2.861851874950497310e-01 4.668561890312195595e-01 5.255341353417144479e-01 3.807198771084698286e-01 2.276036688656438434e-01 4.336254739601822505e-01 6.991216980100056766e-01 1.992221411375014184e-01 0.000000000000000000e+00 2.024220718252645046e-01 6.114694028234932688e-01 5.289666510558972412e-01 8.596800914080772182e-01 3.721880333937363505e-01 6.022624181713995828e-01 5.361341908612573537e-01 6.627357289548422292e-01 4.897729888964925116e-01 3.681402694067053560e-01 4.516419088208670218e-01 4.923337455398516527e-01 4.227758726182133109e-01 3.358941463304774278e-01 6.260244830607498701e-01 3.303188857052245520e-01 3.336008376871169023e-01 8.694014741435234228e-01 4.609980973559695827e-01
7.952347820529322986e-01 8.982018342851300075e-01 8.660547058351282246e-01 1.046903199696178843e+00 4.363184570256877781e-01 1.069665953382984869e+00 5.207324630432338397e-01 1.732092185172899035e-01 4.440220880066276243e-01 4.338088446863383463e-01 5.607711921937275079e-01 7.334562504860381305e-01 7.423005554888951751e-01 4.159309795738006521e-01 3.126898827579115969e-01 1.910734503491801073e-01 8.372421230463942265e-01 1.767605444568318696e-01 4.045657826617239383e-01 6.767217977970743092e-01 6.102682845161708780e-01 6.604528482880220874e-01 3.517820159334108521e-01 6.415672132160646912e-01 5.108730415457367613e-01 2.514544435394552302e-01 3.504377998762522317e-01 6.266960211770259415e-01 8.903221243117203088e-01 3.703748519123625238e-01 2.024220718252645046e-01 0.000000000000000000e+00 7.935403362908763913e-01 3.464619176114251964e-01 9.101289599690596255e-01 5.633884596954508162e-01 6.634726261332272168e-01 4.364071804247137698e-01 8.436796662114471879e-01 2.957573508083669589e-01 1.657181975814408514e-01 2.977870335574363536e-01 6.732776827964565003e-01 3.757198096344121496e-01 3.887631196992241689e-01 5.728158190870428212e-01 4.924312076759114198e-01 5.156717711545002469e-01 8.041974027666031200e-01 6.521985236576842704e-01
