0.000000000000000000e+00 1.825916603919623737e+00 1.179657156080434088e+00 1.515485795151574999e+00 9.891130686071131217e-01 1.153344862099822787e+00 9.073033500609324342e-01 1.160842641907545048e+00 1.580612643420866492e+00 7.739140593980470273e-01 7.005482171217343179e-01 9.523953001952025765e-01 5.691527113140719685e-01 1.356491127393657292e+00 6.193198661076029232e-01 1.394860610076127605e+00 8.524846231549582098e-01 4.585042705741694813e-01 7.515807234765591316e-01 7.738974578340079846e-01 6.791917068702553184e-01 1.266509679867814375e+00 1.071910661325093717e+00 8.561049913563474334e-01 1.463125081906105684e+00 1.323438019914646491e+00 9.408922195450064585e-01 1.109997314905774690e+00 8.983556821984861607e-01 1.575228061237506472e+00 6.544916809540944902e-01 1.211419548216667863e+00 8.104306458373469191e-01 7.233384140199030643e-01 7.084256639271691025e-01 4.923281220527186974e-01 3.803732398240697310e-01 1.368979603829194147e+00 5.577615267866726789e-01 8.819861343664788800e-01 6.062332430450446674e-01 9.573753780175991990e-01 1.069233610447111849e+00 1.362747630668560861e+00 1.176135609735390108e+00 9.269709625375793793e-01 2.204390289569909123e-01 1.119086465249147899e+00 1.433880478653494217e+00 1.195551832755946231e+00
1.825916603919623737e+00 0.000000000000000000e+00 1.416829487926590359e+00 1.000215489038202454e+00 1.655609184563913372e+00 1.467653306909609823e+00 1.607398323000461149e+00 8.501172514487352894e-01 9.417399417648354421e-01 2.050455122191838342e+00 1.826556450603643134e+00 8.904802083379096400e-01 1.431189608729483309e+00 5.312103943884600721e-01 1.429832517583363050e+00 6.110906830106489496e-01 1.113648745927338535e+00 1.744865257818398740e+00 1.101427772528174032e+00 1.444259512601165474e+00 1.451221358150900365e+00 6.929311465935412695e-01 8.332640031565263783e-01 1.197378310416234326e+00 5.524918661013208387e-01 7.101897886522382519e-01 1.224819470794769272e+00 8.972197576399534302e-01 1.143228612123873056e+00 2.818742694533260540e-01 1.508587270083290965e+00 6.722539649788576988e-01 1.385998554408069516e+00 1.481546188118107343e+00 1.330466342724090811e+00 1.530665542901923803e+00 1.516897137988850064e+00 6.510244822977513390e-01 1.813958019789575271e+00 1.121283601316763745e+00 1.223220646621410168e+00 1.058800715945083404e+00 9.025210304139392736e-01 4.720284349615774255e-01 7.854067902911693322e-01 9.913804558915608744e-01 1.619352712821431561e+00 8.216542758844944672e-01 7.529155896947798965e-01 7.604080596411807447e-01
1.179657156080434088e+00 1.416829487926590359e+00 0.000000000000000000e+00 1.122730159378097836e+00 9.998026867180976884e-01 9.048627990055019277e-01 1.049075626487947943e+00 9.016618740274341404e-01 1.124704432332864545e+00 1.383640850644424436e+00 1.155852408350824811e+00 5.722833821581759794e-01 7.819129192321790933e-01 1.102996165154842556e+00 9.373847501065244447e-01 9.046265292214817899e-01 5.545975123937334494e-01 1.086678015232640515e+00 7.087250729298441021e-01 7.636594581333185916e-01 8.137425314513045960e-01 8.241531656118357141e-01 8.576930402861179248e-01 6.043070841539341931e-01 1.155981492829988300e+00 9.306823841411701048e-01 2.888747555755005747e-01 6.152643439674811976e-01 8.201449339986923714e-01 1.166140945244473981e+00 8.711084433836954188e-01 1.123441963863504700e+00 7.698390173871874076e-01 8.012437045851473760e-01 8.175988713998351143e-01 8.564776584106752466e-01 8.714414544349844416e-01 9.662405401672119476e-01 1.147143748242160921e+00 6.477512758054437825e-01 5.805411699242443158e-01 3.973570120193554156e-01 6.870016122960264093e-01 9.506853348606917331e-01 8.027767768722376962e-01 8.938004949198529170e-01 9.730932649822420233e-01 6.355130174979107816e-01 9.624642648576551274e-01 7.433684440782162284e-01
1.515485795151574999e+00 1.000215489038202454e+00 1.122730159378097836e+00 0.000000000000000000e+00 1.379271176183636038e+00 1.120060740214124495e+00 1.370769572968956851e+00 9.804609155626596850e-01 8.280857834517753036e-01 1.740675389318650623e+00 1.516799808684410777e+00 5.667104010202865805e-01 1.121432966810250731e+00 5.521015340831579854e-01 1.260303508088570279e+00 7.292009282489166910e-01 9.805206942990960517e-01 1.432378836523204191e+00 8.713486861082782031e-01 1.136972306013421141e+00 1.137318523814510263e+00 5.163366214809720356e-01 5.783385755446514009e-01 8.637119742027349334e-01 8.474896989007504322e-01 2.900257003859645355e-01 9.296617692386719423e-01 7.614031269184956541e-01 1.120380133531780897e+00 7.484861509548916825e-01 1.194684435746900864e+00 7.207778487826864700e-01 1.151749268199765863e+00 1.174258981530362345e+00 1.130249706594204762e+00 1.220908900982691447e+00 1.202994303652459962e+00 9.306393310559776255e-01 1.504201377870343137e+00 7.685371980226439748e-01 9.113782069743789904e-01 7.659612460509327425e-01 9.844502238098647995e-01 5.416571516131998276e-01 3.731561900697077383e-01 9.068436018850420943e-01 1.308921904053382823e+00 5.605804801882584565e-01 6.670871117078840395e-01 8.274901544347362803e-01
9.891130686071131217e-01 1.655609184563913372e+00 9.998026867180976884e-01 1.379271176183636038e+00 0.000000000000000000e+00 1.059852215379915030e+00 8.958571912673459758e-01 8.661095763993025276e-01 1.424040806232686363e+00 1.126729013576261762e+00 8.985851940691235162e-01 8.186592685780874623e-01 6.210576854562246396e-01 1.315172510196886746e+00 4.708961996253746563e-01 1.104066758113180224e+00 5.549799045911819606e-01 8.188186036055850048e-01 7.277506037611309875e-01 3.693923257873734101e-01 7.565549875203674279e-01 1.118613058468975296e+00 1.031315988074588352e+00 7.561233337773516361e-01 1.171492471759923548e+00 1.187223400946707530e+00 7.373398636446552024e-01 8.389091975177934701e-01 5.674345490551905291e-01 1.396091440882684109e+00 7.353014672460933543e-01 1.064842291421734366e+00 2.726446480119306126e-01 2.839750772989980687e-01 6.536995417729051239e-01 5.944130096429254273e-01 6.768505992040250163e-01 1.015060274547867625e+00 8.902319111739984692e-01 8.088578105299786269e-01 5.165315146303496308e-01 7.592474956038313127e-01 7.538372142221057004e-01 1.222544026788699556e+00 1.048698184952615131e+00 7.468874546213105647e-01 7.815361325876801768e-01 9.571390127815586624e-01 1.275609626401194463e+00 8.984277438953478523e-01
1.153344862099822787e+00 1.467653306909609823e+00 9.048627990055019277e-01 1.120060740214124495e+00 1.059852215379915030e+00 0.000000000000000000e+00 9.974880793307984161e-01 9.489674725596607407e-01 1.237817476458654475e+00 1.381886472537553257e+00 1.191921873145016519e+00 5.781567240341561886e-01 7.965550312708565839e-01 1.029577437781978189e+00 9.260131627356681383e-01 1.080504295572800810e+00 7.148818423933073207e-01 1.066402739625720297e+00 5.885363695023867470e-01 8.175103420842608770e-01 7.698895401659793247e-01 9.188885230284119521e-01 7.356978544325144531e-01 3.104182535060807657e-01 1.230257134878386616e+00 9.469171045302237077e-01 6.855710234049939844e-01 7.979828968671727196e-01 8.426272437274979765e-01 1.216964764227493001e+00 8.287083388494173031e-01 9.622586794331124960e-01 8.323303073960452991e-01 8.547970176012021915e-01 7.594029108716241483e-01 8.960309654432970783e-01 8.370182067549766236e-01 1.190567390244792190e+00 1.153051439152530389e+00 4.311304237092000169e-01 5.799193602372031409e-01 6.462181567067647459e-01 9.344215360638320478e-01 1.004484333658547834e+00 7.586628026277263404e-01 7.540233318927460626e-01 9.484550853254564151e-01 7.962570218377182929e-01 1.098038470723548654e+00 9.831649442933930727e-01
9.073033500609324342e-01 1.607398323000461149e+00 1.049075626487947943e+00 1.370769572968956851e+00 8.958571912673459758e-01 9.974880793307984161e-01 0.000000000000000000e+00 8.556194568067422290e-01 1.441306011033652412e+00 1.136703782847890976e+00 1.000291023585502703e+00 8.080945334697033910e-01 6.461360039419385970e-01 1.134962618428801751e+00 4.706039655066684979e-01 1.260880884237829180e+00 7.317714770277936598e-01 8.079573966019438780e-01 5.304923002042428726e-01 7.508478123551228789e-01 3.643063441033729810e-01 1.127203047480600295e+00 8.529063140023973588e-01 7.002482085873227291e-01 1.158050709683908330e+00 1.182360966309365047e+00 8.103106899525203133e-01 9.754780399129014956e-01 5.823800365936702139e-01 1.348532185885379819e+00 2.666128967267793470e-01 9.374649004485889892e-01 6.679339221437883278e-01 7.213473940222144831e-01 2.806347820738619436e-01 7.580584672369702348e-01 5.512459862604960348e-01 1.094586753374129362e+00 9.078687494628688848e-01 6.770043884653762500e-01 4.868878480155853228e-01 8.232222767353489790e-01 8.737981311995339784e-01 1.223012272048805249e+00 1.012183517462158733e+00 6.398145549929044051e-01 7.032723956357943562e-01 9.806479325776552569e-01 1.295366127178518623e+00 1.057902656902816041e+00
1.160842641907545048e+00 8.501172514487352894e-01 9.016618740274341404e-01 9.804609155626596850e-01 8.661095763993025276e-01 9.489674725596607407e-01 8.556194568067422290e-01 0.000000000000000000e+00 9.773867926172387088e-01 1.389384252345275295e+00 1.164010445111712588e+00 6.417905103294345714e-01 8.538123860782035335e-01 5.446806152974801307e-01 5.955037664037137191e-01 4.647539545404708039e-01 4.387050302143947755e-01 1.037816365571776478e+00 4.376291303879116801e-01 7.633241363333229668e-01 7.738446023395743056e-01 7.399910531199724861e-01 4.052191951097020017e-01 7.068900316848176768e-01 3.137542286191636332e-01 7.605089028382168159e-01 6.649318725830076771e-01 3.772676393030786612e-01 2.986750273441118875e-01 5.856262825916496162e-01 7.573695151597064079e-01 2.800942864801636012e-01 6.122460326921055351e-01 7.664585099839069660e-01 5.933055751052592752e-01 8.646356951715632455e-01 8.168641509901498621e-01 2.420494634815580359e-01 1.155301785003048920e+00 5.346646335567739605e-01 6.584758990858220473e-01 5.442534677016964695e-01 2.212706261455879841e-01 6.596590300142520791e-01 6.163111982987869997e-01 2.450095805840179497e-01 9.559528651331782312e-01 5.761163320703578394e-01 7.894868914916411962e-01 3.133696697266024622e-01
1.580612643420866492e+00 9.417399417648354421e-01 1.124704432332864545e+00 8.280857834517753036e-01 1.424040806232686363e+00 1.237817476458654475e+00 1.441306011033652412e+00 9.773867926172387088e-01 0.000000000000000000e+00 1.801425757638689396e+00 1.573637315345089993e+00 6.620050902269114523e-01 1.185865142191280031e+00 6.741509252871067392e-01 1.367776526926132385e+00 5.201938581113791926e-01 9.381278871602179992e-01 1.499561297319641717e+00 1.056185263712705380e+00 1.181741936062470577e+00 1.206346123884683985e+00 3.247971593718376182e-01 7.911230696685545016e-01 9.593916917571212455e-01 7.901152827955446600e-01 5.819545882770690293e-01 9.492370123523663494e-01 6.704605470568948400e-01 1.163819129566415977e+00 6.896908202945457589e-01 1.263712035817074586e+00 9.406643986729636975e-01 1.196518898248815743e+00 1.219028611579412225e+00 1.209829255945539250e+00 1.274262565404940206e+00 1.272021903722634351e+00 7.652507196928582944e-01 1.564928655236425881e+00 9.041598694868251407e-01 9.779166861226527008e-01 7.582511265326036254e-01 8.700998163763071780e-01 4.752963289648746148e-01 5.859992967635345718e-01 1.112367645938647565e+00 1.374048752322674538e+00 4.930283893204510659e-01 2.069979984019905406e-01 6.846219405301553484e-01
7.739140593980470273e-01 2.050455122191838342e+00 1.383640850644424436e+00 1.740675389318650623e+00 1.126729013576261762e+00 1.381886472537553257e+00 1.136703782847890976e+00 1.389384252345275295e+00 1.801425757638689396e+00 0.000000000000000000e+00 7.772364065026009516e-01 1.177584894362277090e+00 7.533219119045944101e-01 1.585032737831387317e+00 8.276216885918923349e-01 1.543984266496872815e+00 9.918251755388547419e-01 4.372333231542592236e-01 9.801223339142890456e-01 9.115134028031569580e-01 9.077333173079851214e-01 1.490604780849403621e+00 1.300452271762823742e+00 1.084646601794077236e+00 1.691666692343835265e+00 1.548627614081722115e+00 1.123502181498334140e+00 1.275061520165302165e+00 1.093123860061200103e+00 1.799766579509721298e+00 8.874053614922333688e-01 1.439961158654398110e+00 9.480465908064958924e-01 8.609543589890520376e-01 9.369672743648991275e-01 5.630197683512001561e-01 6.046331083615541502e-01 1.506595548798342676e+00 2.364971024022636537e-01 1.110527744804208794e+00 8.314228372121201804e-01 1.166907154733075602e+00 1.206849555416260378e+00 1.587286148940775687e+00 1.404677220173119689e+00 1.155512572975309515e+00 5.794984597312222707e-01 1.334523964187561917e+00 1.652994577807197718e+00 1.339845894196620257e+00
7.005482171217343179e-01 1.826556450603643134e+00 1.155852408350824811e+00 1.516799808684410777e+00 8.985851940691235162e-01 1.191921873145016519e+00 1.000291023585502703e+00 1.164010445111712588e+00 1.573637315345089993e+00 7.772364065026009516e-01 0.000000000000000000e+00 9.539047974905542349e-01 5.520769444134842052e-01 1.448619978568998601e+00 6.231673856615935758e-01 1.316195824203273412e+00 7.640367332452554505e-01 4.807503165862289651e-01 8.437095746519006623e-01 6.837249605095576666e-01 7.713205580455968491e-01 1.266706109261208857e+00 1.161717498365415047e+00 8.881929915424529032e-01 1.473202370203561262e+00 1.324752033447482269e+00 8.957137392047349600e-01 1.047273077871702540e+00 8.653354177676007009e-01 1.575867907921525868e+00 7.509926022298448745e-01 1.303548399392009616e+00 7.202581485128966010e-01 6.283703475589605958e-01 8.005545151025106332e-01 3.093664435014325531e-01 5.357883713121964764e-01 1.278807106504743496e+00 5.523230960531169131e-01 9.401489551440405101e-01 6.229765533820315060e-01 9.391187124394763108e-01 9.790611131226610864e-01 1.363387477352580257e+00 1.182456807144584898e+00 1.019099813712920799e+00 5.007834070048012842e-01 1.106735521893962293e+00 1.425206135513598316e+00 1.112057451903021521e+00
9.523953001952025765e-01 8.904802083379096400e-01 5.722833821581759794e-01 5.667104010202865805e-01 8.186592685780874623e-01 5.781567240341561886e-01 8.080945334697033910e-01 6.417905103294345714e-01 6.620050902269114523e-01 1.177584894362277090e+00 9.539047974905542349e-01 0.000000000000000000e+00 5.585379556163940773e-01 5.458952663070014699e-01 7.506281161660650625e-01 5.048798252153199329e-01 4.521957268074902059e-01 8.685382542590993626e-01 4.251947079347647707e-01 5.763603984078723430e-01 5.734779415504061006e-01 3.424121904681814987e-01 3.134850603244413447e-01 3.091756177153825447e-01 7.771843843842098920e-01 3.746626257833581830e-01 3.697492995353290346e-01 2.956062436899828394e-01 6.578445632319744885e-01 6.397916656557918191e-01 6.308438534827968125e-01 5.620225697913586727e-01 5.911373605942170650e-01 6.136470739248136574e-01 5.766177783815901181e-01 6.580138897888347937e-01 6.391537213883562440e-01 6.624477139643092372e-01 9.413063666764864834e-01 2.499684902301027301e-01 3.469054091658123617e-01 2.333387496048606180e-01 5.048696729174111386e-01 4.273112350868470966e-01 2.405091907566630494e-01 5.320436937915833386e-01 7.458314090970098453e-01 2.206325514802361665e-01 5.222260844918057421e-01 4.475344694486763641e-01
5.691527113140719685e-01 1.431189608729483309e+00 7.819129192321790933e-01 1.121432966810250731e+00 6.210576854562246396e-01 7.965550312708565839e-01 6.461360039419385970e-01 8.538123860782035335e-01 1.185865142191280031e+00 7.533219119045944101e-01 5.520769444134842052e-01 5.585379556163940773e-01 0.000000000000000000e+00 1.053599438674621913e+00 4.781696072713735313e-01 9.949516763693893040e-01 4.525756894482197423e-01 4.628568307313830066e-01 4.503440590476013861e-01 3.880653189539802761e-01 3.998040228285824060e-01 8.717621786382280247e-01 7.663506564912550001e-01 4.928261496682926346e-01 1.162703792068509268e+00 9.293851915733227775e-01 5.419013302822974776e-01 7.122530780575189180e-01 5.551373587340916460e-01 1.180501066047365599e+00 4.151977873763945670e-01 9.109982583790723343e-01 4.242240689019970423e-01 3.708059661605981883e-01 4.255354080452050658e-01 2.580716497892507899e-01 2.635548673792030838e-01 9.679308356966872529e-01 5.168248095023312283e-01 5.447821132698802415e-01 2.229724365762066618e-01 5.596311411693436488e-01 6.681848423146046212e-01 9.680206354784204326e-01 7.870899652704247407e-01 6.265496726999829624e-01 3.612974231880421438e-01 7.213422284008929042e-01 1.039132977423907089e+00 7.956428990492081521e-01
1.356491127393657292e+00 5.312103943884600721e-01 1.102996165154842556e+00 5.521015340831579854e-01 1.315172510196886746e+00 1.029577437781978189e+00 1.134962618428801751e+00 5.446806152974801307e-01 6.741509252871067392e-01 1.585032737831387317e+00 1.448619978568998601e+00 5.458952663070014699e-01 1.053599438674621913e+00 0.000000000000000000e+00 9.927224985638678501e-01 4.688266168389074728e-01 9.441692752816126522e-01 1.269549004919554802e+00 6.100172542548168986e-01 1.076222896962300668e+00 9.712605782263589171e-01 4.063104663450367027e-01 3.116479013025234002e-01 7.987962895825776455e-01 3.041539305514625591e-01 2.943672235742741949e-01 9.109861480230203590e-01 7.098996263198064094e-01 8.079957871118248480e-01 2.737414585580644211e-01 1.031854604143251697e+00 2.665134733858569582e-01 1.061813966059124148e+00 1.113509572479241649e+00 8.626686970695019996e-01 1.153075372847061963e+00 1.040164472048810795e+00 5.125727411647931220e-01 1.356197704446364893e+00 6.091746577455154910e-01 8.347362708691997701e-01 7.449673931733343801e-01 7.511473373093440209e-01 2.208721730107104375e-01 3.204913827085982825e-01 5.960453430843238865e-01 1.151601350619291475e+00 5.090769795895693228e-01 4.950405757349003455e-01 6.470050051618859710e-01
6.193198661076029232e-01 1.429832517583363050e+00 9.373847501065244447e-01 1.260303508088570279e+00 4.708961996253746563e-01 9.260131627356681383e-01 4.706039655066684979e-01 5.955037664037137191e-01 1.367776526926132385e+00 8.276216885918923349e-01 6.231673856615935758e-01 7.506281161660650625e-01 4.781696072713735313e-01 9.927224985638678501e-01 0.000000000000000000e+00 9.732091568081633337e-01 4.478434147712879176e-01 4.423125991680628144e-01 4.090999738787692852e-01 4.895874201301647632e-01 4.896678312209751804e-01 1.062348779162421986e+00 7.106661941374630143e-01 6.372115721635687180e-01 8.979696258284961541e-01 1.092396778698291548e+00 6.711209084853789753e-01 7.277535400075212380e-01 3.092343017043154840e-01 1.170966380468281720e+00 2.813907850109105824e-01 7.575785526045056839e-01 2.728519231612752671e-01 2.642301635919407365e-01 2.576136130431831428e-01 3.450064771817212828e-01 2.535558251111696970e-01 8.251726774065616388e-01 6.090489794644321497e-01 5.908671472166449057e-01 4.348385457671236076e-01 6.784286196215177922e-01 5.889322950290505343e-01 1.165587986887244076e+00 8.904788004263162193e-01 4.456758011188436397e-01 4.414112597627846690e-01 8.932498493529146266e-01 1.219345347094640930e+00 7.628277704235962853e-01
1.394860610076127605e+00 6.110906830106489496e-01 9.046265292214817899e-01 7.292009282489166910e-01 1.104066758113180224e+00 1.080504295572800810e+00 1.260880884237829180e+00 4.647539545404708039e-01 5.201938581113791926e-01 1.543984266496872815e+00 1.316195824203273412e+00 5.048798252153199329e-01 9.949516763693893040e-01 4.688266168389074728e-01 9.732091568081633337e-01 0.000000000000000000e+00 5.529919133616788551e-01 1.247021431085089782e+00 8.799190287386347009e-01 9.169274908129605439e-01 1.025547789201185722e+00 3.308937666272324107e-01 6.559251023496690536e-01 7.844790605919721438e-01 3.054185191157276491e-01 4.760926257347863899e-01 6.866425565166738298e-01 2.905199707806394027e-01 7.145044375197532327e-01 3.561344359115028446e-01 1.082913701133576545e+00 5.743773283112326711e-01 8.488872697391460775e-01 9.615871204375961989e-01 1.013365155433727738e+00 1.016821074263124514e+00 1.086644908430677958e+00 2.461213330477532990e-01 1.307487164094609966e+00 7.477608098839245709e-01 7.944946645857942080e-01 5.127648125247959987e-01 4.148800141982460499e-01 2.545026997360536059e-01 4.562013660852968777e-01 6.841789154800420603e-01 1.188296718977935873e+00 2.842472737350836831e-01 3.301246360686737047e-01 2.184151057137149188e-01
8.524846231549582098e-01 1.113648745927338535e+00 5.545975123937334494e-01 9.805206942990960517e-01 5.549799045911819606e-01 7.148818423933073207e-01 7.317714770277936598e-01 4.387050302143947755e-01 9.381278871602179992e-01 9.918251755388547419e-01 7.640367332452554505e-01 4.521957268074902059e-01 4.525756894482197423e-01 9.441692752816126522e-01 4.478434147712879176e-01 5.529919133616788551e-01 0.000000000000000000e+00 6.948623401270714872e-01 4.184728694007001093e-01 3.647683998549423601e-01 4.962867536765437348e-01 6.479653689002190520e-01 7.022799254759555243e-01 4.111529607907433714e-01 7.510882152114580768e-01 7.861686448758524737e-01 2.986982345074647438e-01 2.841179729031358403e-01 2.824625384584623644e-01 8.541310022461088280e-01 5.536526656089343357e-01 6.999369624814685276e-01 3.073377410064593862e-01 4.094280294795784592e-01 5.004625859693474510e-01 4.646619833051061077e-01 5.442689215095082300e-01 5.259882566595900366e-01 7.553280731365915601e-01 4.785989704136663914e-01 2.571232117900179581e-01 2.650270187566884372e-01 2.262422632775074050e-01 7.911801595195880887e-01 6.605673117932361338e-01 4.247548251675777875e-01 6.459207320567658117e-01 4.454064345816263204e-01 7.719134851920914642e-01 3.532406862861580121e-01
4.585042705741694813e-01 1.744865257818398740e+00 1.086678015232640515e+00 1.432378836523204191e+00 8.188186036055850048e-01 1.066402739625720297e+00 8.079573966019438780e-01 1.037816365571776478e+00 1.499561297319641717e+00 4.372333231542592236e-01 4.807503165862289651e-01 8.685382542590993626e-01 4.628568307313830066e-01 1.269549004919554802e+00 4.423125991680628144e-01 1.247021431085089782e+00 6.948623401270714872e-01 0.000000000000000000e+00 6.646386010024564195e-01 6.145505673913734812e-01 5.922495843961521622e-01 1.185458333766589822e+00 9.849685388509903383e-01 7.691628688822444992e-01 1.340282224996558469e+00 1.242386673813422160e+00 8.265393460865502195e-01 9.780986847535186879e-01 7.515469008723781874e-01 1.494176715136281031e+00 5.596818022106100354e-01 1.124477425742565595e+00 6.510837553947124157e-01 5.509738386982203640e-01 6.214835414530660573e-01 2.563993459863624369e-01 2.617068568651884086e-01 1.209632713386559644e+00 2.572078222012072479e-01 7.950440118923759458e-01 5.251818969438205587e-01 8.699443193212920145e-01 9.098867200044769010e-01 1.281696284567336530e+00 1.089193487261286730e+00 8.400288400634757791e-01 2.674107746557438103e-01 1.037561128775777997e+00 1.352829132552268776e+00 1.042883058784837225e+00
7.515807234765591316e-01 1.101427772528174032e+00 7.087250729298441021e-01 8.713486861082782031e-01 7.277506037611309875e-01 5.885363695023867470e-01 5.304923002042428726e-01 4.376291303879116801e-01 1.056185263712705380e+00 9.801223339142890456e-01 8.437095746519006623e-01 4.251947079347647707e-01 4.503440590476013861e-01 6.100172542548168986e-01 4.090999738787692852e-01 8.799190287386347009e-01 4.184728694007001093e-01 6.646386010024564195e-01 0.000000000000000000e+00 4.848523783787063723e-01 3.663501743092604790e-01 7.358288580524976474e-01 3.272164813769172231e-01 3.192565586368898978e-01 7.395913712762027803e-01 7.047221321718435405e-01 4.699601363944159726e-01 6.327937574399354892e-01 2.907185327512002981e-01 8.425616354130928132e-01 4.269442002261535363e-01 4.673295093583503257e-01 4.863779141930297811e-01 5.221390538956479643e-01 2.643646013148351348e-01 5.557601279000905503e-01 4.352540681317129123e-01 6.784301516987988334e-01 7.512873005292667328e-01 2.292967688953119754e-01 2.313242340212934844e-01 4.806111736314550020e-01 5.199039796231298416e-01 8.088999989167020566e-01 5.008449733709039453e-01 2.098014313313610046e-01 5.466909467021927593e-01 6.283627055637556191e-01 9.164062579775990036e-01 6.973917115514205456e-01
7.738974578340079846e-01 1.444259512601165474e+00 7.636594581333185916e-01 1.136972306013421141e+00 3.693923257873734101e-01 8.175103420842608770e-01 7.508478123551228789e-01 7.633241363333229668e-01 1.181741936062470577e+00 9.115134028031569580e-01 6.837249605095576666e-01 5.763603984078723430e-01 3.880653189539802761e-01 1.076222896962300668e+00 4.895874201301647632e-01 9.169274908129605439e-01 3.647683998549423601e-01 6.145505673913734812e-01 4.848523783787063723e-01 0.000000000000000000e+00 5.123867170103230118e-01 8.763141882987603992e-01 7.889741147789339770e-01 5.137814604816969277e-01 1.072516061425171197e+00 9.449245307764927437e-01 5.034816050485952932e-01 6.480047444813897828e-01 4.646491089892108572e-01 1.193570969919047764e+00 5.647831521782883391e-01 9.459798947478138542e-01 2.660048967543318654e-01 2.756655403064116050e-01 5.212394248912766148e-01 3.843502105694082127e-01 5.228964285882853336e-01 8.795387731144304055e-01 6.750163004008942202e-01 5.665159372343240296e-01 2.728561954729359917e-01 5.444851522468329152e-01 5.797927797323477739e-01 9.802451566184843257e-01 8.063993147823999008e-01 6.697765808313854707e-01 5.663205218145753728e-01 7.148401426113435431e-01 1.033310756230979122e+00 7.127891185127084306e-01
6.791917068702553184e-01 1.451221358150900365e+00 8.137425314513045960e-01 1.137318523814510263e+00 7.565549875203674279e-01 7.698895401659793247e-01 3.643063441033729810e-01 7.738446023395743056e-01 1.206346123884683985e+00 9.077333173079851214e-01 7.713205580455968491e-01 5.734779415504061006e-01 3.998040228285824060e-01 9.712605782263589171e-01 4.896678312209751804e-01 1.025547789201185722e+00 4.962867536765437348e-01 5.922495843961521622e-01 3.663501743092604790e-01 5.123867170103230118e-01 0.000000000000000000e+00 8.922431603316318682e-01 6.866801121577947864e-01 4.726496694225036377e-01 1.076127042338134832e+00 9.477443743900680895e-01 5.749775949158766331e-01 7.401449448762575933e-01 5.113576426305156408e-01 1.200532815468782433e+00 2.781890052030961402e-01 8.244215086486977873e-01 5.307193387871160795e-01 5.424424595907049174e-01 2.661808228413267141e-01 5.290880016970643807e-01 3.628650515254088771e-01 1.013226169832110779e+00 6.788982839229629196e-01 4.967555851991800608e-01 2.487971739069365640e-01 5.878891816987052987e-01 7.212980177922365677e-01 9.880523848998372660e-01 7.941331745525929131e-01 5.399729229696088595e-01 4.743019300958885021e-01 7.456880454286870519e-01 1.060406240029550196e+00 8.393539632775320891e-01
1.266509679867814375e+00 6.929311465935412695e-01 8.241531656118357141e-01 5.163366214809720356e-01 1.118613058468975296e+00 9.188885230284119521e-01 1.127203047480600295e+00 7.399910531199724861e-01 3.247971593718376182e-01 1.490604780849403621e+00 1.266706109261208857e+00 3.424121904681814987e-01 8.717621786382280247e-01 4.063104663450367027e-01 1.062348779162421986e+00 3.308937666272324107e-01 6.479653689002190520e-01 1.185458333766589822e+00 7.358288580524976474e-01 8.763141882987603992e-01 8.922431603316318682e-01 0.000000000000000000e+00 4.670810280445487628e-01 6.434851590869361537e-01 5.711194314987225740e-01 2.927996097550966681e-01 6.438092645886561716e-01 3.849177154850731974e-01 8.801293864263752820e-01 4.422426039114239482e-01 9.496090722640228021e-01 6.292276794329945133e-01 8.910911504851053433e-01 9.136008638157014916e-01 8.957262923924873554e-01 9.688348176412295842e-01 9.579189401695822337e-01 5.323117709129108199e-01 1.254107678447140550e+00 5.841883841580346459e-01 6.638137225696009169e-01 4.630616303955439883e-01 6.004805131125119377e-01 2.216009884576892464e-01 2.619572551395289439e-01 7.883256043146414926e-01 1.059945788769622421e+00 2.027051265663368795e-01 1.978760768490225308e-01 4.322832678282290675e-01
1.071910661325093717e+00 8.332640031565263783e-01 8.576930402861179248e-01 5.783385755446514009e-01 1.031315988074588352e+00 7.356978544325144531e-01 8.529063140023973588e-01 4.052191951097020017e-01 7.911230696685545016e-01 1.300452271762823742e+00 1.161717498365415047e+00 3.134850603244413447e-01 7.663506564912550001e-01 3.116479013025234002e-01 7.106661941374630143e-01 6.559251023496690536e-01 7.022799254759555243e-01 9.849685388509903383e-01 3.272164813769172231e-01 7.889741147789339770e-01 6.866801121577947864e-01 4.670810280445487628e-01 0.000000000000000000e+00 5.150999638941303749e-01 5.258807648422103576e-01 3.845598532434557626e-01 6.471373275530870606e-01 5.865252218845919963e-01 5.572031175116323176e-01 5.757950673261307273e-01 7.472741380746877882e-01 2.694548998666051465e-01 7.842933787720368644e-01 8.262607902958748474e-01 5.806123926430973858e-01 8.658265906636956055e-01 7.555840059802472197e-01 5.729900356409517448e-01 1.071617238377801318e+00 3.113198666679566351e-01 5.474874886858329681e-01 5.373203585698551610e-01 5.792799870505384030e-01 5.036745304763912134e-01 2.149144470738898194e-01 3.374394027823662823e-01 8.670208845507269002e-01 4.243659991559368128e-01 6.436995873761836018e-01 6.889083374688803607e-01
8.561049913563474334e-01 1.197378310416234326e+00 6.043070841539341931e-01 8.637119742027349334e-01 7.561233337773516361e-01 3.104182535060807657e-01 7.002482085873227291e-01 7.068900316848176768e-01 9.593916917571212455e-01 1.084646601794077236e+00 8.881929915424529032e-01 3.091756177153825447e-01 4.928261496682926346e-01 7.987962895825776455e-01 6.372115721635687180e-01 7.844790605919721438e-01 4.111529607907433714e-01 7.691628688822444992e-01 3.192565586368898978e-01 5.137814604816969277e-01 4.726496694225036377e-01 6.434851590869361537e-01 5.150999638941303749e-01 0.000000000000000000e+00 1.008852272573108833e+00 6.838382434987406722e-01 3.808217024507964399e-01 4.990762162670440705e-01 5.651715522503663047e-01 9.466897677341170603e-01 5.314684681059413940e-01 7.324352065713752857e-01 5.286014257934814609e-01 5.510681359986383532e-01 4.644242732635042170e-01 5.923020838407333510e-01 5.397783360115009366e-01 9.073783700724622481e-01 8.558115684090550346e-01 2.419862718731959073e-01 2.761904786346389140e-01 3.473114761066362077e-01 6.355148554637036762e-01 7.342093371651721156e-01 5.140001258446746935e-01 4.888942617296829773e-01 6.512152145819807281e-01 5.019142314385481862e-01 8.158821925756121196e-01 6.842582636932643680e-01
1.463125081906105684e+00 5.524918661013208387e-01 1.155981492829988300e+00 8.474896989007504322e-01 1.171492471759923548e+00 1.230257134878386616e+00 1.158050709683908330e+00 3.137542286191636332e-01 7.901152827955446600e-01 1.691666692343835265e+00 1.473202370203561262e+00 7.771843843842098920e-01 1.162703792068509268e+00 3.041539305514625591e-01 8.979696258284961541e-01 3.054185191157276491e-01 7.510882152114580768e-01 1.340282224996558469e+00 7.395913712762027803e-01 1.072516061425171197e+00 1.076127042338134832e+00 5.711194314987225740e-01 5.258807648422103576e-01 1.008852272573108833e+00 0.000000000000000000e+00 5.954055271334339761e-01 9.214020222032277552e-01 5.849217260837308308e-01 6.078669524359604504e-01 2.857101143306065016e-01 1.059800768036871732e+00 2.919843782157041656e-01 9.176289280527271108e-01 1.069709426844303257e+00 8.957368279824249324e-01 1.173827620263412141e+00 1.119307725899160388e+00 2.407072270950844362e-01 1.462831658958813286e+00 8.013916585711137186e-01 9.607583390843823512e-01 7.974202104371289623e-01 5.308761815262671435e-01 3.644594623091249042e-01 5.553084833052759350e-01 5.472782560945163022e-01 1.258235305131739645e+00 5.835662069242206762e-01 5.864694220896494725e-01 4.137333319631990025e-01
1.323438019914646491e+00 7.101897886522382519e-01 9.306823841411701048e-01 2.900257003859645355e-01 1.187223400946707530e+00 9.469171045302237077e-01 1.182360966309365047e+00 7.605089028382168159e-01 5.819545882770690293e-01 1.548627614081722115e+00 1.324752033447482269e+00 3.746626257833581830e-01 9.293851915733227775e-01 2.943672235742741949e-01 1.092396778698291548e+00 4.760926257347863899e-01 7.861686448758524737e-01 1.242386673813422160e+00 7.047221321718435405e-01 9.449245307764927437e-01 9.477443743900680895e-01 2.927996097550966681e-01 3.845598532434557626e-01 6.838382434987406722e-01 5.954055271334339761e-01 0.000000000000000000e+00 7.376139940017435448e-01 5.609610442217668469e-01 9.325988697432314734e-01 4.584604505689267584e-01 1.005110286322458801e+00 4.806471737285298862e-01 9.597014929628380209e-01 9.822112062934337251e-01 9.508842112212522180e-01 1.028861125745763605e+00 1.013420154228018566e+00 6.853721985117660065e-01 1.312153602633413962e+00 6.036328700980476691e-01 7.201814282786410670e-01 5.739134708140043450e-01 7.840081411131362144e-01 2.548511201607987497e-01 2.188672378676275454e-01 7.168259658664388745e-01 1.116874128816454759e+00 3.601383974915298714e-01 4.198439754448949346e-01 6.270480717380079172e-01
9.408922195450064585e-01 1.224819470794769272e+00 2.888747555755005747e-01 9.296617692386719423e-01 7.373398636446552024e-01 6.855710234049939844e-01 8.103106899525203133e-01 6.649318725830076771e-01 9.492370123523663494e-01 1.123502181498334140e+00 8.957137392047349600e-01 3.697492995353290346e-01 5.419013302822974776e-01 9.109861480230203590e-01 6.711209084853789753e-01 6.866425565166738298e-01 2.986982345074647438e-01 8.265393460865502195e-01 4.699601363944159726e-01 5.034816050485952932e-01 5.749775949158766331e-01 6.438092645886561716e-01 6.471373275530870606e-01 3.808217024507964399e-01 9.214020222032277552e-01 7.376139940017435448e-01 0.000000000000000000e+00 4.101462274691545784e-01 5.517535980736985035e-01 9.741309281126516728e-01 6.323435068482673449e-01 9.086831609588428282e-01 5.050615043523076775e-01 5.411050354390569694e-01 5.788339348644071514e-01 5.963389892645849510e-01 6.326765178995563677e-01 7.295105387227852622e-01 8.870050790960710696e-01 4.371955630724127517e-01 3.417762333888160753e-01 2.261312248567867722e-01 4.467057200147531715e-01 7.589940571370145106e-01 6.094856827832563217e-01 6.550355583844249541e-01 7.343283284468141714e-01 4.690993268146127493e-01 7.938376651004646067e-01 5.087889734514562390e-01
1.109997314905774690e+00 8.972197576399534302e-01 6.152643439674811976e-01 7.614031269184956541e-01 8.389091975177934701e-01 7.979828968671727196e-01 9.754780399129014956e-01 3.772676393030786612e-01 6.704605470568948400e-01 1.275061520165302165e+00 1.047273077871702540e+00 2.956062436899828394e-01 7.122530780575189180e-01 7.098996263198064094e-01 7.277535400075212380e-01 2.905199707806394027e-01 2.841179729031358403e-01 9.780986847535186879e-01 6.327937574399354892e-01 6.480047444813897828e-01 7.401449448762575933e-01 3.849177154850731974e-01 5.865252218845919963e-01 4.990762162670440705e-01 5.849217260837308308e-01 5.609610442217668469e-01 4.101462274691545784e-01 0.000000000000000000e+00 4.952116709413020290e-01 6.422635105408077694e-01 7.975108568086478611e-01 6.573619257832421514e-01 5.914557139095953930e-01 6.926643741060256598e-01 7.440012848247881116e-01 7.478983279315534194e-01 8.017816132603242663e-01 4.273377723455409893e-01 1.038564417763038650e+00 5.056756408178055828e-01 5.090918202608663012e-01 2.229447509869233734e-01 2.248597082949265191e-01 5.414319004982517392e-01 4.586620191338818264e-01 5.398834034965468431e-01 9.034334238075815149e-01 2.013876769642334863e-01 5.042461450887687491e-01 1.972796398567269738e-01
8.983556821984861607e-01 1.143228612123873056e+00 8.201449339986923714e-01 1.120380133531780897e+00 5.674345490551905291e-01 8.426272437274979765e-01 5.823800365936702139e-01 2.986750273441118875e-01 1.163819129566415977e+00 1.093123860061200103e+00 8.653354177676007009e-01 6.578445632319744885e-01 5.551373587340916460e-01 8.079957871118248480e-01 3.092343017043154840e-01 7.145044375197532327e-01 2.824625384584623644e-01 7.515469008723781874e-01 2.907185327512002981e-01 4.646491089892108572e-01 5.113576426305156408e-01 8.801293864263752820e-01 5.572031175116323176e-01 5.651715522503663047e-01 6.078669524359604504e-01 9.325988697432314734e-01 5.517535980736985035e-01 4.952116709413020290e-01 0.000000000000000000e+00 8.794658236499194315e-01 4.827571062196816531e-01 5.462282915356216906e-01 3.135710053479939807e-01 4.677834826397950230e-01 3.200661548921874822e-01 5.659606678274518021e-01 5.415797974782409208e-01 5.275826489412941411e-01 8.566267576589373656e-01 5.029249843379997031e-01 3.837326449522679983e-01 5.441004670278307698e-01 2.996461006337212685e-01 9.527703906893899566e-01 7.506678743254449060e-01 2.197975728786853433e-01 6.934659054241193443e-01 6.879575822749862679e-01 9.939952736658084209e-01 5.011651263455743077e-01
1.575228061237506472e+00 2.818742694533260540e-01 1.166140945244473981e+00 7.484861509548916825e-01 1.396091440882684109e+00 1.216964764227493001e+00 1.348532185885379819e+00 5.856262825916496162e-01 6.896908202945457589e-01 1.799766579509721298e+00 1.575867907921525868e+00 6.397916656557918191e-01 1.180501066047365599e+00 2.737414585580644211e-01 1.170966380468281720e+00 3.561344359115028446e-01 8.541310022461088280e-01 1.494176715136281031e+00 8.425616354130928132e-01 1.193570969919047764e+00 1.200532815468782433e+00 4.422426039114239482e-01 5.757950673261307273e-01 9.466897677341170603e-01 2.857101143306065016e-01 4.584604505689267584e-01 9.741309281126516728e-01 6.422635105408077694e-01 8.794658236499194315e-01 0.000000000000000000e+00 1.257898727401172811e+00 4.133878278637763692e-01 1.126480810726839588e+00 1.230857645435989633e+00 1.071600205609009926e+00 1.279977000219806760e+00 1.266208595306733242e+00 3.915067386165214103e-01 1.563269477107457783e+00 8.624174642016827486e-01 9.725321039392922362e-01 8.081121732629653609e-01 6.430032867327096779e-01 2.213398922794597434e-01 5.347182476090515113e-01 7.325143187764795449e-01 1.368664170139313851e+00 5.709657332023766463e-01 4.997948463424761734e-01 5.008903159599511490e-01
6.544916809540944902e-01 1.508587270083290965e+00 8.711084433836954188e-01 1.194684435746900864e+00 7.353014672460933543e-01 8.287083388494173031e-01 2.666128967267793470e-01 7.573695151597064079e-01 1.263712035817074586e+00 8.874053614922333688e-01 7.509926022298448745e-01 6.308438534827968125e-01 4.151977873763945670e-01 1.031854604143251697e+00 2.813907850109105824e-01 1.082913701133576545e+00 5.536526656089343357e-01 5.596818022106100354e-01 4.269442002261535363e-01 5.647831521782883391e-01 2.781890052030961402e-01 9.496090722640228021e-01 7.472741380746877882e-01 5.314684681059413940e-01 1.059800768036871732e+00 1.005110286322458801e+00 6.323435068482673449e-01 7.975108568086478611e-01 4.827571062196816531e-01 1.257898727401172811e+00 0.000000000000000000e+00 8.620269147943839805e-01 5.304893596822546353e-01 5.413430177145113209e-01 2.935238461503255070e-01 5.088320986407025570e-01 2.979749453454218489e-01 9.963368117270934299e-01 6.585703281072110560e-01 5.573496111160730626e-01 3.015123807640109899e-01 6.452550936310960106e-01 7.723210156405249105e-01 1.045418296832228089e+00 8.514990864849837360e-01 5.517030355187360069e-01 4.539739742801365274e-01 8.030539573610776527e-01 1.117772151961941018e+00 8.967198752099226899e-01
1.211419548216667863e+00 6.722539649788576988e-01 1.123441963863504700e+00 7.207778487826864700e-01 1.064842291421734366e+00 9.622586794331124960e-01 9.374649004485889892e-01 2.800942864801636012e-01 9.406643986729636975e-01 1.439961158654398110e+00 1.303548399392009616e+00 5.620225697913586727e-01 9.109982583790723343e-01 2.665134733858569582e-01 7.575785526045056839e-01 5.743773283112326711e-01 6.999369624814685276e-01 1.124477425742565595e+00 4.673295093583503257e-01 9.459798947478138542e-01 8.244215086486977873e-01 6.292276794329945133e-01 2.694548998666051465e-01 7.324352065713752857e-01 2.919843782157041656e-01 4.806471737285298862e-01 9.086831609588428282e-01 6.573619257832421514e-01 5.462282915356216906e-01 4.133878278637763692e-01 8.620269147943839805e-01 0.000000000000000000e+00 8.109787477145374845e-01 9.515387894647387990e-01 6.706427990071653911e-01 1.017982786920723415e+00 8.950928928718221433e-01 3.529877393672746222e-01 1.211126125269375908e+00 5.385994935794630178e-01 6.935468930419258493e-01 7.806956985392821124e-01 4.874323334951313758e-01 4.783428704773168838e-01 3.716904474921510770e-01 3.344037289335670682e-01 1.006529771442301602e+00 6.000544989196600065e-01 7.615540491207573037e-01 5.310983412807571691e-01
