0.000000000000000000e+00 1.915480392286881051e+00 1.272023619623166457e+00 1.592973105414817958e+00 1.001274368596512421e+00 1.216500479434625914e+00 9.034543718973964133e-01 1.632372919871502237e+00 1.149755686365217855e+00 7.746461800036427148e-01 6.977721232199667334e-01 1.136809784804111434e+00 5.620132178619431373e-01 1.504680179413356411e+00 8.127309643120800287e-01 5.982418328572345345e-01 1.445877486543550638e+00 4.786384889742600346e-01 7.963951609044638280e-01 6.696928472640122365e-01 1.153320696609538620e+00 1.403350938060934805e+00 9.482594085893464309e-01 7.896174562197879609e-01 9.597237787821109034e-01 8.459436813040814851e-01 1.092060255516511535e+00 1.413098585653058681e+00 1.347218291976176374e+00 6.087170036129523343e-01 6.479751595558556065e-01 7.271059592352546730e-01 1.663560600759795394e+00 3.073504142990296506e-01 9.866528910284447784e-01 8.442341661720456081e-01 1.231018832427424048e+00 1.283700326163941252e+00 5.401548187798626000e-01 4.746129829536079869e-01 1.414906709231698256e+00 9.982057361333535050e-01 1.522067741950039022e+00 9.842482534246567161e-01 5.953353089743504967e-01 1.293558702179729236e+00 8.114671791997212225e-01 1.204802451221655302e+00 1.341727457136389301e+00 1.251678526212048226e+00 1.018626543991493216e+00 4.922556741586969209e-01 9.373822393775264050e-01 7.494954828057711627e-01 1.095746318146967102e+00 1.546120123128941426e+00 1.003678381919592022e+00 9.774321207654889099e-01 4.920224017629336588e-01 1.512555731426418193e+00 7.823782046322160788e-01 8.198294654876592258e-01 8.225392175280996643e-01 9.643770041390675729e-01 6.822660538768341443e-01 7.512106496705935887e-01 1.115764724884773518e+00 1.242024472651298783e+00 4.445412238419595985e-01 1.435786575822890043e+00 9.094112345871606662e-01 7.655744526574776998e-01 1.384761233909872491e+00 1.589904696413292629e-01 1.118129785331303916e+00
1.915480392286881051e+00 0.000000000000000000e+00 1.471272037723737380e+00 1.014941708169806445e+00 1.603742346856054768e+00 1.482401003095662917e+00 1.628975476021978119e+00 9.714834622987743584e-01 8.285176399450518980e-01 2.144926331467480907e+00 1.916705783008044950e+00 9.536565059064603389e-01 1.550663250610970323e+00 5.210300958133229354e-01 1.194889659191916254e+00 1.398533385310341881e+00 5.662496271546078042e-01 1.822894606745415480e+00 1.228417570755881982e+00 1.511707282617800185e+00 9.032109844467323123e-01 6.945392114251776050e-01 1.186005531784386946e+00 1.521849891364520424e+00 1.167740947082022140e+00 1.113174732016921631e+00 9.200668581816464631e-01 5.463305879651747521e-01 7.313163519172858340e-01 1.540514727780050164e+00 1.552855925224327249e+00 1.370680890323071388e+00 2.658541845162543660e-01 1.612063991639173244e+00 9.367369691091483874e-01 1.361175263333619379e+00 7.110756136707961916e-01 7.691658998905903655e-01 1.899537828321872457e+00 1.675518548249715023e+00 7.938095355544182441e-01 1.174726211403533283e+00 4.790551995066137381e-01 9.564504877847279651e-01 1.346209299551973437e+00 7.084312922501944110e-01 1.509483360380020400e+00 7.613416288925071163e-01 7.252047416511955280e-01 7.791093246660890648e-01 1.347700922733823026e+00 1.584415484069568114e+00 1.100488025741016340e+00 1.512999294131753159e+00 1.297312296636719653e+00 4.502361008036752654e-01 9.931767304090362014e-01 1.075277773094431844e+00 1.520545637252727067e+00 8.428744617620538282e-01 1.156837371048238028e+00 1.603284248409335033e+00 1.460227634795631557e+00 1.067596219635291943e+00 1.240831166038665945e+00 1.462835872422495909e+00 1.337024082246984102e+00 6.831869241668243609e-01 1.592497240639585643e+00 6.502094581989267263e-01 1.203837782683594204e+00 1.240352222672175930e+00 5.553460165752276412e-01 1.782151262005124970e+00 9.368716167817201512e-01
1.272023619623166457e+00 1.471272037723737380e+00 0.000000000000000000e+00 1.166436807005076570e+00 1.030741966661110620e+00 9.577441492194769257e-01 1.129312655238520424e+00 1.117004469858440041e+00 1.055225991281462106e+00 1.450574641519676078e+00 1.220035021461205238e+00 5.982992029824963920e-01 8.810331863029372546e-01 1.060430713625412080e+00 7.103079863317198761e-01 1.010024747199251172e+00 1.063706545354097033e+00 1.134256164757726726e+00 6.019309296005644905e-01 8.788494391593903998e-01 7.810424411507849163e-01 8.704834786392809942e-01 3.310849021191981656e-01 8.439659268910241208e-01 6.460259930141777351e-01 9.351429226129024386e-01 7.564960839290747474e-01 1.274138153159334985e+00 9.126616249851623452e-01 8.438439662332114510e-01 9.391303608982082274e-01 9.115780731905466228e-01 1.224826442775764912e+00 9.701724408392427002e-01 8.507164979945328609e-01 8.516316621020774136e-01 1.024433070945375723e+00 8.107537080383704353e-01 1.211840891421153366e+00 9.788477867028766433e-01 9.110071144311929769e-01 4.271019440117718724e-01 1.040783731074179430e+00 5.404807510184922448e-01 6.796089739154258513e-01 1.132901628094452828e+00 9.583482014283287720e-01 7.141126672227091632e-01 9.440190028776951348e-01 9.495935465451220692e-01 7.731031501747314127e-01 9.671297426752031301e-01 8.013813398524265441e-01 9.519657479637098074e-01 1.953744993797224550e-01 1.220341997795962641e+00 9.107965280478937942e-01 6.638778288169315811e-01 9.660569631745127284e-01 1.093677547479069867e+00 5.245300906305966349e-01 9.077262958876174403e-01 8.576387904167008802e-01 6.121338580397112095e-01 7.721159743094864192e-01 1.075689464595577682e+00 1.731229668148877021e-01 1.162597898659428974e+00 8.958264790927468191e-01 8.972759940012750013e-01 7.179618944400697478e-01 8.764165382925969139e-01 9.171272148605794650e-01 1.137212712625885080e+00 6.477449762478938444e-01
1.592973105414817958e+00 1.014941708169806445e+00 1.166436807005076570e+00 0.000000000000000000e+00 1.438172495276512031e+00 1.112112103067555147e+00 1.441021339350823549e+00 8.297616476532714280e-01 9.136592755025992885e-01 1.822419044595417148e+00 1.615714253506275178e+00 6.940046425193802104e-01 1.225580274061187858e+00 5.185387499209095363e-01 9.089231361853169489e-01 1.324081129357558506e+00 8.771223444243770873e-01 1.526196201798402985e+00 1.058274867209465953e+00 1.192045058344444630e+00 5.246890724235431236e-01 6.129791819140697484e-01 8.807710734665807895e-01 1.240441442093017876e+00 7.974520470539133710e-01 1.032799677667214366e+00 1.008543287393163013e+00 7.492732423574144374e-01 2.836978980838361086e-01 1.239541334875589484e+00 1.252325980083262014e+00 1.214945172485947689e+00 7.686575305773302169e-01 1.289556704767111484e+00 7.643437894006013256e-01 1.273024076491441114e+00 6.086100097635542827e-01 7.720337055456339970e-01 1.577030541449809586e+00 1.372913992389013682e+00 5.974687340624034171e-01 8.828816264149704773e-01 6.237548792359660643e-01 6.394299735795534456e-01 1.009850873200618171e+00 9.624183790140822259e-01 1.354045570070706805e+00 4.824038634625110733e-01 3.815372977852202196e-01 1.030869955966783325e+00 9.805132697112715068e-01 1.362827111317580941e+00 1.154675883346873544e+00 1.265161367148763816e+00 9.924770659180592869e-01 8.075887845446229063e-01 1.062915917883104022e+00 7.215825204927439618e-01 1.279252582359566848e+00 1.877372266023882019e-01 8.141575998970627115e-01 1.303423664529995030e+00 1.261038883780008391e+00 9.425278652195377971e-01 1.049463123726734670e+00 1.345306330637197956e+00 1.031789623929178390e+00 7.693264170960215642e-01 1.280447778014096372e+00 7.297132946074281756e-01 8.304096334682807834e-01 1.175165813392549108e+00 4.641914275248970045e-01 1.459643975133063432e+00 8.408232286524497390e-01
1.001274368596512421e+00 1.603742346856054768e+00 1.030741966661110620e+00 1.438172495276512031e+00 0.000000000000000000e+00 1.093779868177691350e+00 8.915232527745657887e-01 1.430306634326934390e+00 8.512702369371777378e-01 1.139586374990092077e+00 9.090467549316207929e-01 8.597681616213099787e-01 6.282066976643332357e-01 1.345968908890316174e+00 7.534262078676265961e-01 4.831558825683451852e-01 1.041869470376525442e+00 7.944220608325136546e-01 4.607646115251334828e-01 7.274417687039979041e-01 1.004836982253404454e+00 1.194678408782099632e+00 7.304319321275488663e-01 3.205631216819344598e-01 8.182497472427670004e-01 5.878757883849627941e-01 6.886075670873749166e-01 1.139386921572800304e+00 1.185339464999100478e+00 4.196443988499666267e-01 7.495509422972106428e-01 6.566029222628454454e-01 1.347916975822801788e+00 7.503451950324971920e-01 8.452609189531844480e-01 2.556455762683488842e-01 1.106119922953354484e+00 9.182861277770590913e-01 9.008526248915694756e-01 6.678595201732923092e-01 1.218804512641377125e+00 6.981241849769250774e-01 1.244085792419112435e+00 8.073848545343176308e-01 5.031681662999125670e-01 9.440964854776064952e-01 2.228601038186037997e-01 1.010937978831521811e+00 1.193243742780254246e+00 8.382978858856703352e-01 8.912334086205064843e-01 5.587090694546706926e-01 5.064765550829052332e-01 8.016380469068791204e-01 8.485324825229223489e-01 1.182581746575038784e+00 6.542161652174697251e-01 8.715184981812975629e-01 6.677146006775573905e-01 1.361025582587786609e+00 6.303317911616224123e-01 1.977245544226569895e-01 1.787351510684125344e-01 6.141916031789337316e-01 6.417202803384018939e-01 6.946154594059303911e-01 8.964636673087703622e-01 1.027542614903649953e+00 5.848382125631622630e-01 1.090081952097404328e+00 8.128764243725037364e-01 4.426215232307841863e-01 1.206322523072448361e+00 8.558333516035425692e-01 7.527155869444215330e-01
1.216500479434625914e+00 1.482401003095662917e+00 9.577441492194769257e-01 1.112112103067555147e+00 1.093779868177691350e+00 0.000000000000000000e+00 1.059006022423898408e+00 1.194060375079980973e+00 9.423653107065260714e-01 1.445946418615224660e+00 1.262970028940550771e+00 7.566322349425028682e-01 8.720061498477833517e-01 1.024223155444401456e+00 5.141805617307679821e-01 1.000520404625217852e+00 1.214537519848313707e+00 1.149723575818210719e+00 7.237660694731071764e-01 8.147889765609683810e-01 6.492997324656364366e-01 9.850761727817057833e-01 6.342990647436944629e-01 8.954488585033248960e-01 3.149290759044979793e-01 8.237985231065737546e-01 9.439167482403812981e-01 1.145795222724430573e+00 8.716606157384663156e-01 8.945487512858967261e-01 8.758533541030693037e-01 8.356081114251777686e-01 1.235955408147690893e+00 9.130840787869189956e-01 6.863108424056560963e-01 9.296621556617310489e-01 8.786820770419897508e-01 9.820692088114278961e-01 1.200557915469617098e+00 1.020169767823287943e+00 9.754731356463094416e-01 7.328366095964603533e-01 1.069014609194176346e+00 5.408376906303563603e-01 6.559327293396086667e-01 1.156566512794726442e+00 1.009052986481014047e+00 7.703540253956319139e-01 8.427825097569535684e-01 1.118434575513079121e+00 2.059543248037240537e-01 1.016392373388406600e+00 9.236820759119492852e-01 8.861938455522200275e-01 7.961410186219224361e-01 1.273062337230803642e+00 9.329208044632363306e-01 5.033580924324748684e-01 9.027799563793739157e-01 1.021661412473286124e+00 4.699537642866521980e-01 9.584310809403024933e-01 9.166462566811870438e-01 8.266022633547688292e-01 6.868069635849815002e-01 9.978377249155523376e-01 8.049034075330637750e-01 1.001405953612784838e+00 9.039751520339038837e-01 1.040259114965716547e+00 3.885178989371067537e-01 8.878402017469911867e-01 9.270549865204364970e-01 1.083171349152870722e+00 8.279809264203400465e-01
9.034543718973964133e-01 1.628975476021978119e+00 1.129312655238520424e+00 1.441021339350823549e+00 8.915232527745657887e-01 1.059006022423898408e+00 0.000000000000000000e+00 1.481320897271195536e+00 8.272919486980445658e-01 1.133808816310816203e+00 9.939456028382527286e-01 9.918900874120094580e-01 6.384649249946604543e-01 1.263486183319180611e+00 5.984763535513241139e-01 4.721757038465960732e-01 1.175539600391886319e+00 8.249000044573192580e-01 6.996585295468342736e-01 3.873687730589122635e-01 9.410339861755924185e-01 1.258431240668832274e+00 8.055484442047009530e-01 7.806542006584534787e-01 8.046883097512943506e-01 5.289344651997649471e-01 8.239849037289006528e-01 1.096089369548742143e+00 1.195266525912181965e+00 7.366094936818105010e-01 2.681545026592502823e-01 2.748535944961891242e-01 1.377055684494891352e+00 5.961039575983668737e-01 7.438939319200027489e-01 6.474368152474458959e-01 9.898248363332482480e-01 1.095151297958788517e+00 8.884203131652081975e-01 7.532797951464181851e-01 1.263649137889688800e+00 8.570873732231887310e-01 1.370345739136947572e+00 8.322964873606617520e-01 4.826972680704607055e-01 9.789038535452058154e-01 7.450186371612106395e-01 1.053750428621347268e+00 1.180857558665467488e+00 9.370236775775253601e-01 8.634684476325695801e-01 6.327405236168935909e-01 6.268790018538832332e-01 1.972852840370620808e-01 9.530353537623218463e-01 1.231465274494418782e+00 6.890235332850689343e-01 7.631775100047328841e-01 4.375581717243954283e-01 1.360480077811253796e+00 6.313015653933199411e-01 8.403743995845106562e-01 7.958152848697280790e-01 8.239328890421057094e-01 4.314533241357259019e-01 2.174404059021341484e-01 9.730537605001275958e-01 9.457885518551530923e-01 5.918375497294952048e-01 1.264054923370167893e+00 7.319061066363112822e-01 4.631212419097291977e-01 1.232809467845877194e+00 7.710337468484622647e-01 9.329696206277592330e-01
1.632372919871502237e+00 9.714834622987743584e-01 1.117004469858440041e+00 8.297616476532714280e-01 1.430306634326934390e+00 1.194060375079980973e+00 1.481320897271195536e+00 0.000000000000000000e+00 1.093262991476800172e+00 1.839293932125975584e+00 1.608754312067504966e+00 5.892666098197412161e-01 1.242207621262225725e+00 5.951838530011327455e-01 1.012361744088278170e+00 1.357706581128103496e+00 7.086315336566958445e-01 1.522975455364026232e+00 9.957929803502412192e-01 1.231461199922988525e+00 6.766094728723570650e-01 3.541870459962294659e-01 8.337601777591742147e-01 1.233463364056939682e+00 8.794003190663394198e-01 1.185683728935519987e+00 8.712723314216338499e-01 8.466915501894551888e-01 5.473320430987229646e-01 1.232563256839511290e+00 1.291742121661805243e+00 1.263586315223220735e+00 7.222233707603297193e-01 1.328972846345655379e+00 9.296928543764207964e-01 1.240023924001959266e+00 7.922150381865942226e-01 6.172302358079343465e-01 1.600560182027452871e+00 1.367567077309175705e+00 2.418422996229427913e-01 8.261171556330633159e-01 5.021305842994768787e-01 6.625254705476529837e-01 1.039044698014425672e+00 9.383499448464156512e-01 1.347067492034628389e+00 4.275704686498477125e-01 6.440389673313546837e-01 8.705242461640827489e-01 1.058743775063888171e+00 1.355849033281502525e+00 1.033644799657736035e+00 1.304577508727307711e+00 9.416700361975929301e-01 7.315720827979086405e-01 1.060781120579351811e+00 8.290823015979540411e-01 1.318668723938110521e+00 7.196422993421724978e-01 8.500193318778752616e-01 1.296445586493917279e+00 1.253671698677735202e+00 8.533493953132519350e-01 1.121880623779030195e+00 1.426652312160455516e+00 9.844055016394538393e-01 9.542849926494889612e-01 1.284545769699046769e+00 5.161474132890123689e-01 9.194860279699336170e-01 1.190373961327861663e+00 4.335954392863610174e-01 1.497562012874220860e+00 7.130368081914559841e-01
1.149755686365217855e+00 8.285176399450518980e-01 1.055225991281462106e+00 9.136592755025992885e-01 8.512702369371777378e-01 9.423653107065260714e-01 8.272919486980445658e-01 1.093262991476800172e+00 0.000000000000000000e+00 1.379201625545816379e+00 1.192352380831257719e+00 5.999767606248730401e-01 8.543895136594320538e-01 5.352277720323314059e-01 5.182309420995386828e-01 5.938583622358815095e-01 4.310621904800744364e-01 1.021722781361360743e+00 5.985516528796771540e-01 7.459825766961376559e-01 4.266550551701853156e-01 7.566845680205191993e-01 7.899084500554963695e-01 8.097199868044451243e-01 6.453100088206400464e-01 3.078358048960913029e-01 2.987299073523873028e-01 2.896128986408132433e-01 6.971866595755185081e-01 7.868220969314032587e-01 7.409467185423141977e-01 5.720827479579406738e-01 5.765978484179659080e-01 8.463392857175110473e-01 2.599350159111427083e-01 6.067658307538037477e-01 3.068615839468428752e-01 4.981619361896363340e-01 1.133813122400209039e+00 9.738062589553834192e-01 8.686239513800547707e-01 6.395983811420589138e-01 6.545125268979334887e-01 6.184674522875007741e-01 6.589918832768061341e-01 2.279275765717014290e-01 7.469586130052021655e-01 6.852980894371137888e-01 5.396316621390790935e-01 2.369247341088752123e-01 7.962343528070564558e-01 7.912692384570261250e-01 3.880091032328107370e-01 7.398986888607894663e-01 8.702584221413298682e-01 4.563811934149268335e-01 1.985334662615744206e-01 4.449094821598775229e-01 7.031782588828050518e-01 7.995410449891015015e-01 6.823131959059461904e-01 9.015719591150019863e-01 7.342441101724097585e-01 4.701676726771631398e-01 4.775637922107481281e-01 6.555137188724046160e-01 9.502461092546506949e-01 1.775309175139134499e-01 8.372303589644959354e-01 5.949904679285356046e-01 5.744136792018178506e-01 4.371194589934007668e-01 6.925159239501880171e-01 1.016426556083462662e+00 4.537477480611242786e-01
7.746461800036427148e-01 2.144926331467480907e+00 1.450574641519676078e+00 1.822419044595417148e+00 1.139586374990092077e+00 1.445946418615224660e+00 1.133808816310816203e+00 1.839293932125975584e+00 1.379201625545816379e+00 0.000000000000000000e+00 7.743483803350995620e-01 1.341306470032144205e+00 7.587219003106295823e-01 1.734126118593954713e+00 1.042176903492678885e+00 8.076643912224510391e-01 1.584189492937129851e+00 4.423258971617626267e-01 9.347071672980435952e-01 8.991387864446110934e-01 1.382766635790137366e+00 1.610084391964202721e+00 1.142500778693401164e+00 9.279294626133677282e-01 1.189169717962709649e+00 1.075389620484680009e+00 1.230372261910090748e+00 1.642544524833657427e+00 1.576664231156775342e+00 7.378768339611372351e-01 8.795421986198620479e-01 9.565518984158535298e-01 1.891420032033263920e+00 5.672181795258659509e-01 1.216098830209044079e+00 9.862777868843085605e-01 1.460464771608022350e+00 1.422012332557521130e+00 2.460224242655845439e-01 5.548710105513453561e-01 1.627791810440418097e+00 1.156094053042623804e+00 1.747252795964890915e+00 1.211174189617203911e+00 8.215072479876971423e-01 1.504469328163270614e+00 9.292870490047873133e-01 1.419925276630563671e+00 1.571173396316988047e+00 1.412095373105931362e+00 1.248072483172092184e+00 6.196618838908243276e-01 1.075694245771106283e+00 9.789414219863699085e-01 1.270889409554508243e+00 1.749962601678033192e+00 1.214589007903133400e+00 1.206878059946087323e+00 7.179512750430447898e-01 1.742001670607017161e+00 1.011824143812814825e+00 9.581414718812389930e-01 9.608512239216794315e-01 1.102689010532647673e+00 9.117119930574330011e-01 9.761632868662610818e-01 1.308532513874621994e+00 1.471470411831897529e+00 6.012529082729313190e-01 1.593808156877866589e+00 1.138857173767758857e+00 9.749970110226946485e-01 1.611529124641478461e+00 6.336838087743335013e-01 1.256441791724883572e+00
6.977721232199667334e-01 1.916705783008044950e+00 1.220035021461205238e+00 1.615714253506275178e+00 9.090467549316207929e-01 1.262970028940550771e+00 9.939456028382527286e-01 1.608754312067504966e+00 1.192352380831257719e+00 7.743483803350995620e-01 0.000000000000000000e+00 1.110766849973673143e+00 5.650935617014782864e-01 1.524186555970294288e+00 9.023136900201152999e-01 6.103601325045518999e-01 1.353649872878659011e+00 4.582399909381722480e-01 7.041675472395723112e-01 7.592755729720476188e-01 1.176253857461216246e+00 1.379544771905730993e+00 9.119611586349297694e-01 6.973898425548964441e-01 9.874399080056261990e-01 9.258388942096603680e-01 9.998326418516199077e-01 1.480469065466879730e+00 1.363088643604432715e+00 5.065445476350960430e-01 7.396789851472985733e-01 8.166886849432900553e-01 1.660880411974792192e+00 4.907347574869470042e-01 1.076235616736480383e+00 7.557381668258372764e-01 1.320601558135458653e+00 1.191472712499050068e+00 5.490995519971153538e-01 2.542497983367988934e-01 1.397252190381947257e+00 9.255544329841527418e-01 1.516723808634979909e+00 9.856025016142959672e-01 6.228440557630053886e-01 1.285178629371687142e+00 7.024158522923378278e-01 1.189385656572092831e+00 1.364660617988066926e+00 1.181555753047460300e+00 1.060423569383365683e+00 4.101944787615839916e-01 8.451546257126348882e-01 8.390782085138064339e-01 1.040349789496036736e+00 1.528604684228357158e+00 9.952983091115499281e-01 1.042935373389109355e+00 6.185846723720661577e-01 1.535488892278095596e+00 8.017486663694340931e-01 7.272559487096978970e-01 7.303116038632081475e-01 8.721493904741760561e-01 7.718487795848695265e-01 8.424782626310397537e-01 1.077992893816151376e+00 1.331607198359334276e+00 4.379891693381436912e-01 1.363268536819395527e+00 9.804875900069499606e-01 7.647435325034839249e-01 1.384540170152426697e+00 5.552978768943800381e-01 1.025902171666412954e+00
1.136809784804111434e+00 9.536565059064603389e-01 5.982992029824963920e-01 6.940046425193802104e-01 8.597681616213099787e-01 7.566322349425028682e-01 9.918900874120094580e-01 5.892666098197412161e-01 5.999767606248730401e-01 1.341306470032144205e+00 1.110766849973673143e+00 0.000000000000000000e+00 7.464569278436291588e-01 5.676589923672530347e-01 5.498992965101101582e-01 7.833788504593135471e-01 4.804483211983568980e-01 1.024987993270193520e+00 4.065993027340999988e-01 7.415022056061363331e-01 3.776846595281973529e-01 3.360064309288869899e-01 3.303785868270402437e-01 7.223214882946905613e-01 4.419721789288609815e-01 6.567632634702984529e-01 3.235234908958010691e-01 7.829111215101917098e-01 4.316912091445626043e-01 7.345757947456785786e-01 8.017831273449541607e-01 7.741555053640353234e-01 7.024231205413876689e-01 8.349586060201871218e-01 5.807205949040987747e-01 6.593335555610900789e-01 5.747042419519433620e-01 2.467066447216805236e-01 1.102572719933620160e+00 8.695796152153434377e-01 3.922920996591776066e-01 2.648532183092824899e-01 4.762651481148502119e-01 2.200441394983102261e-01 5.443951390963702730e-01 6.286989701460018454e-01 8.341145878675537695e-01 2.116007790568690261e-01 4.804488748889269578e-01 4.385244134107160741e-01 5.960740944741612646e-01 8.578615711876699246e-01 4.644231856985915896e-01 8.146185144104558518e-01 4.197464172185439435e-01 6.361827530847040668e-01 5.064568307416184023e-01 4.143513144447198426e-01 8.287097296212586617e-01 6.229728301024057835e-01 3.692447482910198864e-01 7.973453153749622269e-01 6.923168122756244713e-01 2.641557176971113252e-01 6.340045914862671994e-01 8.962408758703879208e-01 4.760416245699698456e-01 7.359311643277184345e-01 7.865583076052137246e-01 3.121263608063707395e-01 4.936607604049789155e-01 6.160462306590702708e-01 4.180510430848350389e-01 1.001998877806829613e+00 1.573846211738237355e-01
5.620132178619431373e-01 1.550663250610970323e+00 8.810331863029372546e-01 1.225580274061187858e+00 6.282066976643332357e-01 8.720061498477833517e-01 6.384649249946604543e-01 1.242207621262225725e+00 8.543895136594320538e-01 7.587219003106295823e-01 5.650935617014782864e-01 7.464569278436291588e-01 0.000000000000000000e+00 1.136072625819829929e+00 5.166460386095004242e-01 4.708031817764197213e-01 1.060104761939586915e+00 4.620720085374013797e-01 4.098996968736104418e-01 3.877998755100895423e-01 7.859278652559076317e-01 1.012998081100452863e+00 5.572689752691174503e-01 4.168534073487242253e-01 5.964760289128593351e-01 5.505775085982953510e-01 7.062875309125481449e-01 1.117732412947272547e+00 9.748922782022414468e-01 2.717212498980173252e-01 3.977597586397289553e-01 4.435989963924741319e-01 1.304217655662997633e+00 2.618934335568530725e-01 6.905679653258652850e-01 4.748981095585493306e-01 9.349339067248435553e-01 8.972048621330880325e-01 5.126994760450448441e-01 3.209035580339795191e-01 1.026271996936829023e+00 6.041587389789867535e-01 1.133515416880556792e+00 5.974885714638314971e-01 2.196343440871602604e-01 1.014202256040849015e+00 4.732315047753921644e-01 8.158281551191083336e-01 9.743346257827573131e-01 8.880106421083885371e-01 6.694596902905989300e-01 3.211080440775895828e-01 5.516095147735633475e-01 4.659885199629906771e-01 7.047558848267383436e-01 1.241491733708687928e+00 7.243219357807126890e-01 6.526093811838007408e-01 2.850389226111001983e-01 1.145162900072787870e+00 4.114226741641255902e-01 4.618969944430880714e-01 4.494715465959206457e-01 5.778815401082142422e-01 3.867191600083325076e-01 5.389282511767961026e-01 7.247742915645447592e-01 9.466582999455126490e-01 1.650539091277475334e-01 1.045433718862406991e+00 5.864676666380207459e-01 5.420692353876379599e-01 9.964262400019618937e-01 4.258737953766685846e-01 7.316343213004509183e-01
1.504680179413356411e+00 5.210300958133229354e-01 1.060430713625412080e+00 5.185387499209095363e-01 1.345968908890316174e+00 1.024223155444401456e+00 1.263486183319180611e+00 5.951838530011327455e-01 5.352277720323314059e-01 1.734126118593954713e+00 1.524186555970294288e+00 5.676589923672530347e-01 1.136072625819829929e+00 0.000000000000000000e+00 7.402648236887777733e-01 1.098635763080954231e+00 4.297768363119512935e-01 1.437903275796940772e+00 9.659331347159688663e-01 1.100907069744275768e+00 3.821808886334093769e-01 3.402288728550261210e-01 7.750323556597770169e-01 1.148895607959729004e+00 7.124895518424122498e-01 7.955759840169785990e-01 7.835940673389900635e-01 2.927042129988966512e-01 2.740997082486300584e-01 1.147995500742300834e+00 1.162919601510046030e+00 9.961200389171628311e-01 2.727132914173081568e-01 1.201263778765648826e+00 5.321157677519332552e-01 1.132037212896086498e+00 2.737218926934404939e-01 5.812237515132607779e-01 1.488737615448348039e+00 1.281751774242009478e+00 4.065768116999993187e-01 7.746907988029898551e-01 2.532856639776425167e-01 5.385840543559986537e-01 9.297054610816636311e-01 5.106067853900621012e-01 1.262499735937418155e+00 3.562423796097623496e-01 2.066274831800236911e-01 6.445384265133154988e-01 9.056034559796847239e-01 1.271281277184292513e+00 9.206771721277587917e-01 1.114254115020587133e+00 8.864709725383933536e-01 3.096649890831213447e-01 7.323040372084113070e-01 5.671835362731323382e-01 1.187818468615809087e+00 3.386073427610917230e-01 7.375632613415732397e-01 1.211877830396706823e+00 1.169333973241117208e+00 8.244489216600189296e-01 8.320328591834548204e-01 1.125941948486379962e+00 9.260509061223746174e-01 3.634619307498408447e-01 1.191268895672606076e+00 4.129027208813328964e-01 7.306704743457296258e-01 9.487874563981748555e-01 1.615884137147715061e-01 1.371351049131600552e+00 7.083791804908263767e-01
8.127309643120800287e-01 1.194889659191916254e+00 7.103079863317198761e-01 9.089231361853169489e-01 7.534262078676265961e-01 5.141805617307679821e-01 5.984763535513241139e-01 1.012361744088278170e+00 5.182309420995386828e-01 1.042176903492678885e+00 9.023136900201152999e-01 5.498992965101101582e-01 5.166460386095004242e-01 7.402648236887777733e-01 0.000000000000000000e+00 5.065749344365414464e-01 9.156134715110173516e-01 7.459540606956646114e-01 3.980161487338885751e-01 4.089578546429999961e-01 3.909972596808617973e-01 8.033775417900024252e-01 3.833882641014820791e-01 5.550951981932603641e-01 3.141994950842822432e-01 3.101473631668241193e-01 6.388177965170646067e-01 7.423762540844285329e-01 6.760440570010124439e-01 5.533417431030192013e-01 4.709703864087702585e-01 3.596937395485456102e-01 9.454553523149571426e-01 5.093145636643733321e-01 2.596855961879492303e-01 5.751095889391002469e-01 4.870442720489755462e-01 7.640977271483968547e-01 7.967884003470712129e-01 6.616478823282806454e-01 7.937745046546058614e-01 4.587155784476795173e-01 8.849873189775976368e-01 3.732887889761300482e-01 3.072048893644612200e-01 7.178249800758627064e-01 6.686993261709497371e-01 5.886553944039287778e-01 6.305011773902735595e-01 6.770975486966563928e-01 3.455446318157869845e-01 6.503698197674883108e-01 4.856613693171575874e-01 4.342006709735063974e-01 5.352192151574552970e-01 8.985543768600416925e-01 4.495119774194913376e-01 1.903961008413256883e-01 4.990104412568281966e-01 8.139954367139954350e-01 1.869664260030575731e-01 6.180774206302381835e-01 5.762925963711226229e-01 5.553802203198604515e-01 1.981812209212961973e-01 5.150520014470134633e-01 5.518572661192517881e-01 5.843575693327851539e-01 5.002056369113582202e-01 8.488760875288892116e-01 1.620112580503272059e-01 3.872955316732680786e-01 7.411649624685480164e-01 6.794018340303247250e-01 6.094380520223626752e-01
5.982418328572345345e-01 1.398533385310341881e+00 1.010024747199251172e+00 1.324081129357558506e+00 4.831558825683451852e-01 1.000520404625217852e+00 4.721757038465960732e-01 1.357706581128103496e+00 5.938583622358815095e-01 8.076643912224510391e-01 6.103601325045518999e-01 7.833788504593135471e-01 4.708031817764197213e-01 1.098635763080954231e+00 5.065749344365414464e-01 0.000000000000000000e+00 8.911009543517024456e-01 4.282326675064776489e-01 4.158721719808810002e-01 4.960201505894346052e-01 8.012226833190597697e-01 1.091923246947168913e+00 7.263698638726149293e-01 5.018432190435478946e-01 7.540942820743443686e-01 3.171646451088164786e-01 5.378390510625518095e-01 8.823868894444943933e-01 1.092902248807374077e+00 2.706158685667727770e-01 2.881013825837532294e-01 2.670657800664886228e-01 1.142066157220818390e+00 3.353146184583471467e-01 5.665199953290209756e-01 2.610027510275480522e-01 8.272594009376458279e-01 8.068514502676779054e-01 5.785534303382630084e-01 4.107520454785525410e-01 1.162120621294014278e+00 6.621315026615727239e-01 1.125261626690909234e+00 7.817024596837121031e-01 4.434945945477573592e-01 7.026334730248690041e-01 3.025402639671297966e-01 9.941214315703206239e-01 1.025086517145393561e+00 6.607532970571887709e-01 8.081829518797992717e-01 2.002133279997858617e-01 3.407331491875342233e-01 4.574825981087665694e-01 8.269011288698694395e-01 9.551948939740820821e-01 4.127531527647321785e-01 6.489448667926496217e-01 1.904567377110150395e-01 1.229153429886237436e+00 5.807792490087247961e-01 4.484553635424913254e-01 4.208602640155577612e-01 5.215626576396102942e-01 3.151819065012620991e-01 2.556767306253502903e-01 8.906937933276886099e-01 7.532925690967474663e-01 3.980522892755268827e-01 9.765279963136386243e-01 6.552303112114329364e-01 1.673326198002432763e-01 1.172411434019702270e+00 4.630658613698658832e-01 6.446697729366485108e-01
1.445877486543550638e+00 5.662496271546078042e-01 1.063706545354097033e+00 8.771223444243770873e-01 1.041869470376525442e+00 1.214537519848313707e+00 1.175539600391886319e+00 7.086315336566958445e-01 4.310621904800744364e-01 1.584189492937129851e+00 1.353649872878659011e+00 4.804483211983568980e-01 1.060104761939586915e+00 4.297768363119512935e-01 9.156134715110173516e-01 8.911009543517024456e-01 0.000000000000000000e+00 1.267871016175180499e+00 6.793994873698850911e-01 1.109248680714635338e+00 7.161992795459047878e-01 3.561687407152821505e-01 7.975298547810532046e-01 9.586848200164419520e-01 8.998774638346728194e-01 6.821370949931182537e-01 3.538172310270388810e-01 3.096543421875830870e-01 5.934244463405407011e-01 9.774588176506646686e-01 1.078269439763005266e+00 9.203303996517830932e-01 3.104242561213558793e-01 1.181835620112335450e+00 6.696317127700257554e-01 7.997147911849101787e-01 5.732682902649471890e-01 2.660174373533001901e-01 1.345455742838607804e+00 1.112462638120329528e+00 5.618369845732820167e-01 6.573005154181290610e-01 2.590946743121050333e-01 6.828917567277347223e-01 9.046911118320396517e-01 2.313334220786716633e-01 9.527279161060697721e-01 4.490497169983729275e-01 6.094816909048937914e-01 2.389756992246503953e-01 1.063225362428174448e+00 1.036115649841841124e+00 5.520606452883327631e-01 1.091082011188584833e+00 8.816668446620712363e-01 1.918820964296309439e-01 4.870352528774932743e-01 8.495594463662869966e-01 1.036279843157328795e+00 7.197242471917887352e-01 8.363960162450329028e-01 1.040228338279948650e+00 8.961454635625829557e-01 5.389410954456250735e-01 8.408298962292461987e-01 1.001775020470744515e+00 9.431928925239830841e-01 4.321847066017654448e-01 1.029441330510199926e+00 1.930336285549969499e-01 9.399631727382669055e-01 7.243245889551720440e-01 4.138832411762850549e-01 1.300436469550579899e+00 4.265678869526721151e-01
4.786384889742600346e-01 1.822894606745415480e+00 1.134256164757726726e+00 1.526196201798402985e+00 7.944220608325136546e-01 1.149723575818210719e+00 8.249000044573192580e-01 1.522975455364026232e+00 1.021722781361360743e+00 4.423258971617626267e-01 4.582399909381722480e-01 1.024987993270193520e+00 4.620720085374013797e-01 1.437903275796940772e+00 7.459540606956646114e-01 4.282326675064776489e-01 1.267871016175180499e+00 0.000000000000000000e+00 6.183886905360937991e-01 6.029159436475969303e-01 1.086543792993123425e+00 1.293765915202252481e+00 8.261823019314512573e-01 6.116109858514178210e-01 8.929468751656958192e-01 7.422937941260574490e-01 9.140537851481413956e-01 1.309448698475034645e+00 1.277309786900954647e+00 4.089619181682414562e-01 5.713372236937332982e-01 6.603290556188392557e-01 1.563692173579946720e+00 2.669241068432079977e-01 9.198759874120293611e-01 6.363024358505467992e-01 1.164241928811007964e+00 1.105693855795571112e+00 2.529389447026182958e-01 2.429726636418471641e-01 1.311473333678468522e+00 8.397755762806742297e-01 1.430944951931501619e+00 8.998236449108176771e-01 5.345426717568778630e-01 1.122064219070926683e+00 5.762867338328354627e-01 1.103606799868614097e+00 1.274950553519974106e+00 1.066830353712864499e+00 9.518496403750777990e-01 2.503193938880852176e-01 7.414827954978889801e-01 6.827185791893557454e-01 9.545709327925582244e-01 1.372658505941739548e+00 8.321838988107899127e-01 9.106552171490734926e-01 3.879759871695868667e-01 1.445778827810002998e+00 7.156013010158006615e-01 6.348754585852914856e-01 6.445327471597296354e-01 7.863705337706975440e-01 6.154891502604187270e-01 6.421683639969253399e-01 9.922140371126727532e-01 1.175247569034883366e+00 3.091211407693803537e-01 1.277489680115917015e+00 8.426343309707453599e-01 5.846033223679603097e-01 1.298761313448948629e+00 3.405012449860947976e-01 9.401233149629343311e-01
7.963951609044638280e-01 1.228417570755881982e+00 6.019309296005644905e-01 1.058274867209465953e+00 4.607646115251334828e-01 7.237660694731071764e-01 6.996585295468342736e-01 9.957929803502412192e-01 5.985516528796771540e-01 9.347071672980435952e-01 7.041675472395723112e-01 4.065993027340999988e-01 4.098996968736104418e-01 9.659331347159688663e-01 3.980161487338885751e-01 4.158721719808810002e-01 6.793994873698850911e-01 6.183886905360937991e-01 0.000000000000000000e+00 4.479400452579685998e-01 6.334628388861066606e-01 7.415095498948902630e-01 3.388591018215103001e-01 3.157221855605907290e-01 4.482359485381833264e-01 3.622648537621401266e-01 3.255822563428462657e-01 8.866683375152997204e-01 8.053036908247529491e-01 3.279764920115784688e-01 5.080996546758544952e-01 4.822446690134950531e-01 9.725921997226290028e-01 5.274452239472224857e-01 6.147380138876811229e-01 2.698939289872294700e-01 8.496187623732904814e-01 4.936036789542064818e-01 6.959734171995208829e-01 4.629803124812436055e-01 7.988184701896773321e-01 2.509329816757457365e-01 8.211325614819482421e-01 4.273490803599704346e-01 2.391166682714522262e-01 6.913055261458863621e-01 4.424807272066957897e-01 6.150023589676995028e-01 8.218695994129565641e-01 5.275651121876007155e-01 5.212196099159227547e-01 4.512622684535703699e-01 2.139179149541199088e-01 5.210563540622881185e-01 4.185774858615194938e-01 8.633859102923653328e-01 4.014252058857495364e-01 5.001443548139997697e-01 5.257961267573161290e-01 9.811279545207405306e-01 2.589576477943246191e-01 3.907460126408623946e-01 2.911059666551339409e-01 1.729710609688157041e-01 3.477289825941960455e-01 5.548261883910627912e-01 5.013956474754717174e-01 7.753240509937342484e-01 3.799590048711136703e-01 6.621880241340302176e-01 4.534102328042595720e-01 2.778051493051796328e-01 8.197122368725837660e-01 6.509541439114940875e-01 3.258979620630768625e-01
6.696928472640122365e-01 1.511707282617800185e+00 8.788494391593903998e-01 1.192045058344444630e+00 7.274417687039979041e-01 8.147889765609683810e-01 3.873687730589122635e-01 1.231461199922988525e+00 7.459825766961376559e-01 8.991387864446110934e-01 7.592755729720476188e-01 7.415022056061363331e-01 3.877998755100895423e-01 1.100907069744275768e+00 4.089578546429999961e-01 4.960201505894346052e-01 1.109248680714635338e+00 6.029159436475969303e-01 4.479400452579685998e-01 0.000000000000000000e+00 7.523926495391644043e-01 1.008043358862960037e+00 5.550852281255704845e-01 5.251699254167345732e-01 5.587957317117367984e-01 4.421705716350008974e-01 7.611182592845346928e-01 1.009325475983978038e+00 9.462902449058020471e-01 4.860815904545939814e-01 2.780907419930435664e-01 2.813280328060498436e-01 1.259787491090714306e+00 3.662764466163054289e-01 5.828797813593646904e-01 5.676213498918085687e-01 8.272457227583431827e-01 9.388025734843047365e-01 6.537502832990033097e-01 5.186097652802129643e-01 1.013978662161324484e+00 6.066241571440587066e-01 1.121139694879665027e+00 5.833202063542822779e-01 2.242736024040851428e-01 9.126129338679548342e-01 6.324326284669944398e-01 8.038907312731404797e-01 9.407994100660145298e-01 8.707327579002741569e-01 6.176984969211186671e-01 5.073317027194204076e-01 5.640123574095169401e-01 2.037568929291075914e-01 7.025721376831915999e-01 1.165174354817167579e+00 6.227326136078177310e-01 5.736590110964085998e-01 3.434470285001888779e-01 1.111627684356044421e+00 3.814501575618420293e-01 5.848333743167487553e-01 5.491270018965191957e-01 6.172449471292336121e-01 2.784929442077540562e-01 4.481456899513581726e-01 7.225905444209977935e-01 8.382513629822182510e-01 3.571675198632902615e-01 1.040478996624914831e+00 5.056381249180800230e-01 4.301733880283596934e-01 9.838331868394987190e-01 5.363637169822567108e-01 7.723003538667335688e-01
1.153320696609538620e+00 9.032109844467323123e-01 7.810424411507849163e-01 5.246890724235431236e-01 1.004836982253404454e+00 6.492997324656364366e-01 9.410339861755924185e-01 6.766094728723570650e-01 4.266550551701853156e-01 1.382766635790137366e+00 1.176253857461216246e+00 3.776846595281973529e-01 7.859278652559076317e-01 3.821808886334093769e-01 3.909972596808617973e-01 8.012226833190597697e-01 7.161992795459047878e-01 1.086543792993123425e+00 6.334628388861066606e-01 7.523926495391644043e-01 0.000000000000000000e+00 4.800819528215095056e-01 4.821004452413324981e-01 8.065827346294447420e-01 3.375661288636469526e-01 5.112434181526888111e-01 6.906762279437007601e-01 5.014354393841082835e-01 2.931730450217263084e-01 8.056826274120166831e-01 8.126735712779820098e-01 6.914577894548156189e-01 6.548941800507178668e-01 8.499042959618315907e-01 2.594371566188189981e-01 8.373966496242362112e-01 2.481297487917417666e-01 5.240323972788146767e-01 1.137378132644529805e+00 9.334535963439539730e-01 4.519704327756116635e-01 5.049185343944525561e-01 5.258732572123751003e-01 2.486345099202145470e-01 5.701984643953377230e-01 6.030330701881500000e-01 9.201868626071341151e-01 2.671495625475316382e-01 2.409760777485823735e-01 6.504210411031116079e-01 5.306800330009198152e-01 9.289684038540085842e-01 6.946265194935402620e-01 7.779253402301795628e-01 6.070969180434362400e-01 6.482558688499902022e-01 5.532988005400546472e-01 2.037867685637737569e-01 8.396001735542866218e-01 4.297613729522221093e-01 3.745051910917822080e-01 8.695649570664226724e-01 8.277033707569008136e-01 5.902462902187477489e-01 5.252326712099605333e-01 8.224478845986992193e-01 6.461593728742568432e-01 4.025072381189009341e-01 8.407953692088164788e-01 5.384277643321218054e-01 3.502206993024887804e-01 6.530938939988393255e-01 3.714716071845331480e-01 1.019991566327783206e+00 5.280653778093467032e-01
