0.000000000000000000e+00 5.634506470999895988e-01 5.537034439444822320e-01 4.982541689929918527e-01 4.509749442158341171e-01 3.640034417330832994e-01 3.383283642170665240e-01 3.186224524920372447e-01 3.192804476576322492e-01 2.887926167632404173e-01 2.546234392285784409e-01 2.191620456435797448e-01 2.171700994400429241e-01 3.171064798955483544e-01 3.595826710827071393e-01 3.712904858749901948e-01 1.935746752192256948e-01 2.650768086679351487e-01 1.811893008810065986e-01 4.485585694344050300e-01 1.587255987021256864e-01 1.638756951580309651e-01 2.969998664605669192e-01 3.459084766237536801e-01 2.192702490416724992e-01 1.833898288234436791e-01 2.008829967629406632e-01 3.608290902015064416e-01 3.027227184712840691e-01 4.906048013203943015e-01 1.685451359579627217e-01 5.269684083042507350e-01 1.261034939883504125e-01 4.818666276972983775e-01 1.886776690056693462e-01 5.009574821685639501e-01 3.018007190081739566e-01 2.244318414577446130e-01 2.534139300584779542e-01 2.467889075794678366e-01 2.965983444786041701e-01 2.305331062725411995e-01 3.761812658413098975e-01 3.863787848185207263e-01 4.612422665538296052e-01 2.364701347850767521e-01 1.203152311403628272e-01 3.917274469379417035e-01 1.168911590459446592e-01 2.521186227024344029e-01 3.327607795663089507e-01 4.002087207330812801e-01 4.243188408463242078e-01 9.747845394583809497e-02 4.548437143631522961e-01 2.499201158519194499e-01 2.463860124853801681e-01 3.778249453592334994e-01 2.738566040952760128e-01 1.357374119940078228e-01 4.315508978220115588e-01 2.741238565633714597e-01 4.891791947740110613e-01 1.136696444086411906e-01 2.355653751807674501e-01 2.397411049741979272e-01 1.931956760464325351e-01 2.148844551416844162e-01 1.085139325362237395e-01 2.020670829182972250e-01 4.988972569234057519e-01 2.517561094248365605e-01 8.062000316230101549e-02 3.299748698796418078e-01 2.265203524113658662e-01
5.634506470999895988e-01 0.000000000000000000e+00 9.977825446942257814e-01 5.858398413878581623e-01 5.787893912169828070e-01 9.035841658043890501e-01 8.936000303822810853e-01 3.355650960620891188e-01 2.920594514697121835e-01 6.196083942539458711e-01 4.444399792952875572e-01 7.034552523717700900e-01 6.975281472218308743e-01 4.415326157316320499e-01 8.064119328007353094e-01 1.995772536470378777e-01 4.770614816485476140e-01 8.042188193799845175e-01 3.943973402027635689e-01 1.774547338369323879e-01 4.966977910907455773e-01 7.155352539470616335e-01 4.496083811222456039e-01 4.591506614525286967e-01 7.745419152068867552e-01 4.449160561796552393e-01 7.404637208342456089e-01 3.223313659080592752e-01 3.151425526306849689e-01 1.322443850681794819e-01 5.859128947784641994e-01 1.217080242219427400e-01 6.526040716988101842e-01 1.232552178872128035e-01 5.996628381053205059e-01 1.209896100800034041e-01 2.724858795571020176e-01 3.585497693542740727e-01 7.229728734316189787e-01 5.139671850107020434e-01 8.361790685499097542e-01 3.800368949972334209e-01 2.590247467364011902e-01 2.001923347686218324e-01 9.040156841624065187e-01 7.917418009502911191e-01 4.798450405189554346e-01 4.368675502484207218e-01 6.564718831172500213e-01 3.776112634832562431e-01 4.492532739799869335e-01 5.443963912638385416e-01 1.567165399016839933e-01 4.778997310750146554e-01 5.634495194308783983e-01 4.299185100594775100e-01 7.005315463606741622e-01 5.308354649093657285e-01 3.805822069287781995e-01 6.910090781592221898e-01 5.072509065954304841e-01 2.893267905366179726e-01 9.353479788512647497e-02 5.147336611506527770e-01 6.556621646420315308e-01 6.677894994554977037e-01 4.010555832648440289e-01 7.544651792129899448e-01 5.806687411632487361e-01 7.295157890814567558e-01 8.999097762234020692e-02 4.338045530120632765e-01 5.753262927814540850e-01 4.626149936603912716e-01 5.606586271952093137e-01
5.537034439444822320e-01 9.977825446942257814e-01 0.000000000000000000e+00 9.962755176785222933e-01 1.000736194840067261e+00 7.302901482683483714e-01 7.399949993362464618e-01 6.841071951283748120e-01 8.208552051215675105e-01 3.892461367968849673e-01 8.066462152090297932e-01 5.439775387773888582e-01 6.001504057146126447e-01 8.136446282056618573e-01 2.025571791388402210e-01 8.477138497356694335e-01 5.428695536077213779e-01 6.072149831370161621e-01 6.871855954300546410e-01 8.706506404382032827e-01 5.910222068531937323e-01 4.230625423983615518e-01 8.467611170847998414e-01 8.439298253092838431e-01 5.906653418818583745e-01 6.838390040689349414e-01 4.760465067639634840e-01 8.285763865948465590e-01 8.254372576619225521e-01 9.806769517614581932e-01 4.568941944801347410e-01 9.490205091594805520e-01 5.649478330775251633e-01 9.280077387366069130e-01 4.940056436804718398e-01 9.910296326096280639e-01 7.510964947619791499e-01 7.481253017794023963e-01 3.004375991459909967e-01 4.946295551736893947e-01 6.628850510138689645e-01 6.425619961568760363e-01 7.800582809524754246e-01 9.055142048729579729e-01 1.046383032778228361e-01 6.422286913589939639e-01 5.885789167425397039e-01 8.917783429030965436e-01 5.306230532527644872e-01 7.336866322249211425e-01 8.704034457250821033e-01 9.499699713573142024e-01 8.478034084686750793e-01 6.495012299262895583e-01 9.528650630486824591e-01 5.897537811309864209e-01 5.387749579872068706e-01 9.275861959834663661e-01 7.743057793407671641e-01 5.114894558276835701e-01 9.295722465075417773e-01 7.671923437293357573e-01 9.767663559961928810e-01 6.116909930941712981e-01 3.756633008825728814e-01 4.217672654804544008e-01 7.468320944884387913e-01 5.811711616769493771e-01 5.719984298998641581e-01 4.848337158907736200e-01 9.581143966527955191e-01 8.015173600490693717e-01 5.306086729010393022e-01 8.279962185651719153e-01 4.515985174816968262e-01
4.982541689929918527e-01 5.858398413878581623e-01 9.962755176785222933e-01 0.000000000000000000e+00 6.518170846502403526e-01 7.869450268916314828e-01 8.007052998778994013e-01 4.404841245872853639e-01 3.218111008876118895e-01 6.440179910428671661e-01 5.093117642063287320e-01 6.984268412161358519e-01 6.005481019463462244e-01 2.745428261729868091e-01 8.021547448167475336e-01 5.091486445995193622e-01 6.031543804534459374e-01 6.880183938264831101e-01 5.070654218236249067e-01 4.292605432240371721e-01 4.538099881274710312e-01 6.064477688920713039e-01 5.002242488072525806e-01 1.549816169069610228e-01 6.816471847025051822e-01 3.164412043435475552e-01 6.238245819214887078e-01 2.796320103027349901e-01 4.512066768389023652e-01 5.412675043866729263e-01 6.573194301931469807e-01 5.456211804746431415e-01 5.998588384540173291e-01 6.029027043782998474e-01 5.343898083590045145e-01 5.817035779074205548e-01 5.023482775587099214e-01 3.706175053817444831e-01 6.959860037925181819e-01 5.658066121330553866e-01 7.195399296371521869e-01 5.450083043024326335e-01 4.136556237337219444e-01 4.116990819542948321e-01 9.038143402878699995e-01 6.988470704459094351e-01 5.630873401995303285e-01 1.709094806902907437e-01 5.398327442044924540e-01 3.383890720015943487e-01 5.445670812095665392e-01 6.025074429334689174e-01 5.069207367223632632e-01 4.165142593864945009e-01 9.666259170672565626e-02 4.884749288364871878e-01 6.585249146863519920e-01 5.819249076596690884e-01 2.603604906994298473e-01 5.981143476548405058e-01 8.807557375390072385e-02 5.443082011773231477e-01 5.864423486121110862e-01 3.866973104903609904e-01 6.934378316624842942e-01 6.275990750083613179e-01 4.886927006223041325e-01 6.378260403002323775e-01 4.836886958877638087e-01 6.532822388085917087e-01 4.958488637655178444e-01 4.680152229130628005e-01 5.788741721552931319e-01 2.125079909138688494e-01 6.510844276920439988e-01
4.509749442158341171e-01 5.787893912169828070e-01 1.000736194840067261e+00 6.518170846502403526e-01 0.000000000000000000e+00 8.057142313626208807e-01 7.876611540886713225e-01 4.869349952507901480e-01 3.640196104105732355e-01 6.926218602355320719e-01 2.746298717468316775e-01 6.435638515158708106e-01 6.512190474232999460e-01 5.073124953015223371e-01 8.066154219782922796e-01 4.021989984797533779e-01 5.331519718395216767e-01 7.067875982974723970e-01 3.535701041938277833e-01 4.835344947371008617e-01 5.293487881442483500e-01 6.109084460536160499e-01 1.571023314768369428e-01 4.994713922810019024e-01 6.686030389132773255e-01 3.819883574689161287e-01 6.425937863924779947e-01 4.786069089734909521e-01 2.636468385862978936e-01 5.066941667278602734e-01 5.605583322818262770e-01 5.834387119739723460e-01 5.770114127017088590e-01 5.208872658504281050e-01 5.951684915943538101e-01 5.239441693971828018e-01 3.989584413418187370e-01 2.853342564782201385e-01 7.004466809540627059e-01 6.458849673620693510e-01 7.383091341081415848e-01 4.439014983208053877e-01 5.185307281430756587e-01 3.940353644191385007e-01 9.082750174494148565e-01 6.858029246566816894e-01 4.326259346955924623e-01 5.376330904213628692e-01 5.586019486754818519e-01 4.845459071461089562e-01 1.734195861857048826e-01 1.011670153957447416e-01 5.029017400860508191e-01 3.534964902699960776e-01 6.080473408395203894e-01 5.799618095921547090e-01 6.880968021149173053e-01 9.518730522009609396e-02 3.914565939508103387e-01 5.850702018656125381e-01 5.820913970297870721e-01 3.291831401007505042e-01 5.133892802377549858e-01 4.403944933881356327e-01 6.439263122252304461e-01 6.867738558697830120e-01 3.166927051291635320e-01 6.565952447712217754e-01 5.376870764032950500e-01 6.513998727899021901e-01 5.115089616018140273e-01 2.239301946917458541e-01 5.101314940617366345e-01 4.835377855368900302e-01 6.048169374448230107e-01
3.640034417330832994e-01 9.035841658043890501e-01 7.302901482683483714e-01 7.869450268916314828e-01 8.057142313626208807e-01 0.000000000000000000e+00 5.875339599492104270e-01 5.875935527495436128e-01 6.115247143346765890e-01 4.148553650046350461e-01 6.128931912975804641e-01 4.648540666613000250e-01 2.396962859105224164e-01 6.057973377941875404e-01 5.361693754065732787e-01 7.335055124299587614e-01 5.460690023040943863e-01 1.907385358275535681e-01 5.441100545129826660e-01 7.372494273330445491e-01 4.357363630390144182e-01 3.506132335318408177e-01 6.517391536073533498e-01 6.345993345223929216e-01 4.545120643053528475e-01 4.745085132820437979e-01 2.598741751091005470e-01 6.495199481001456832e-01 6.649377450262523581e-01 8.492001468830843169e-01 4.888153904663027349e-01 8.501758999870401290e-01 4.022775191009646534e-01 8.440816542522668886e-01 3.446949688175269255e-01 8.631725087235326832e-01 6.647214726401502460e-01 5.531033383019559047e-01 4.300006343823440380e-01 4.239955547607872077e-01 1.056263929082331965e-01 5.934538599045171559e-01 6.648721237399493056e-01 7.104922413955117033e-01 6.378289708776959666e-01 4.856757305172205719e-01 4.843186728734460988e-01 6.824478521162056222e-01 2.505725730638615478e-01 5.408094806010734779e-01 6.875000667130954923e-01 7.549480078798680438e-01 7.675319120604240375e-01 4.557482060148400071e-01 7.435345722617918707e-01 4.932401387521552216e-01 2.297550685147529970e-01 7.325642325060202076e-01 5.649752885538761316e-01 3.645415731000047899e-01 7.202417557206510779e-01 6.363388831183395267e-01 8.513942213289795724e-01 4.023605023072802656e-01 4.274524622523100392e-01 3.333534078886744023e-01 5.554107026014004633e-01 1.611256422789279774e-01 3.414418757247146274e-01 4.077662868789303507e-01 8.238142096262071057e-01 6.064953965716228801e-01 4.231933329679345990e-01 6.186657277782809938e-01 4.731935707167336247e-01
3.383283642170665240e-01 8.936000303822810853e-01 7.399949993362464618e-01 8.007052998778994013e-01 7.876611540886713225e-01 5.875339599492104270e-01 0.000000000000000000e+00 6.210735833769444048e-01 6.252849873209445075e-01 4.663478025050324383e-01 5.926780975288380438e-01 2.352996372875088837e-01 4.449113223480331558e-01 6.195576107804555699e-01 5.436598979650060226e-01 7.095518245895812148e-01 4.849033720540107395e-01 4.827061486713810079e-01 5.195176650980731781e-01 7.510097003193121346e-01 4.568647357368800788e-01 3.195376030225791641e-01 6.336860763334041247e-01 6.483596075086608401e-01 1.599128621983283982e-01 4.882687862683118274e-01 4.131813951367980797e-01 6.632802210864137127e-01 6.409840571858751446e-01 8.288661400349851549e-01 3.642674980651833816e-01 8.639361729733076034e-01 2.936576405973791437e-01 8.201279664118894530e-01 4.532123122675898452e-01 8.392188208831550256e-01 6.401290832252404250e-01 5.350502610280069016e-01 4.401866253963645503e-01 5.139525030189129318e-01 5.201288626947311311e-01 5.570310356564684984e-01 6.786323967262170020e-01 6.969972043887830981e-01 6.458928348580049716e-01 1.042730271780018952e-01 4.586435953574293234e-01 6.962081251024734296e-01 3.549290749800392830e-01 5.545697535873413964e-01 6.694469894391462672e-01 7.368949306059184856e-01 7.626472050633907873e-01 4.355331122460976978e-01 7.572948452480594561e-01 5.476674284761149369e-01 4.640153524888260272e-01 7.145111552320707604e-01 5.787355615401442721e-01 2.340121016778552998e-01 7.340020287069187743e-01 6.123851952779622021e-01 8.274405334886020258e-01 4.161207752935482951e-01 3.832122062353355285e-01 4.395658566065495099e-01 5.314570147610233608e-01 4.384149733578116548e-01 3.795711033828121916e-01 2.661352738605753943e-01 8.241022149658827622e-01 5.884423192976737660e-01 3.645169637418939623e-01 6.324260007645489123e-01 4.374658578888081517e-01
3.186224524920372447e-01 3.355650960620891188e-01 6.841071951283748120e-01 4.404841245872853639e-01 4.869349952507901480e-01 5.875935527495436128e-01 6.210735833769444048e-01 0.000000000000000000e+00 3.262581038179225845e-01 2.972731752846077269e-01 3.128595900178104960e-01 4.336340249202235153e-01 3.784668931319370988e-01 2.128458834810757760e-01 4.979640042566847447e-01 2.041141874038100434e-01 1.889282109581364444e-01 4.686537233178952877e-01 1.715031929697273250e-01 1.994789680570049073e-01 1.707800900790068244e-01 4.268160523911162518e-01 3.691877866321697232e-01 2.906298711522501965e-01 5.020154682015504077e-01 1.965093754734139053e-01 4.076235870803454064e-01 1.917924128770796544e-01 2.734325878355343686e-01 3.367272886511289975e-01 3.160916673269175137e-01 2.796125840584868238e-01 4.185253708161680297e-01 2.673699060789697102e-01 2.640977420432311096e-01 3.430205932546204761e-01 1.140336090047518458e-01 3.258868398816655021e-01 3.984833283756019084e-01 1.894776399546853896e-01 5.134935226115707740e-01 1.102156675456868185e-01 1.056892969673512706e-01 2.968897533482390827e-01 5.911980125677457343e-01 5.192153539449546606e-01 2.210601831353081193e-01 2.757629102920967079e-01 3.592133958594423970e-01 1.134095709753552284e-01 3.449826009282909722e-01 4.624737849200427076e-01 1.810343306715621048e-01 2.727787343540092890e-01 3.995651088916488125e-01 9.435341399738830792e-02 3.649664502985848213e-01 4.333138977193934926e-01 2.335301408926243605e-01 4.184826311538857868e-01 3.524085508333846262e-01 1.811487103263418885e-01 3.161285233385554561e-01 2.160399678932578560e-01 3.687831330780410588e-01 3.340406106205941472e-01 2.332190210187049528e-01 4.460053634395937938e-01 2.699607772495075664e-01 4.596945616299101256e-01 2.869427242715970605e-01 3.429208612349309293e-01 3.412569503472415722e-01 2.537023322199608022e-01 2.589012054950827757e-01
3.192804476576322492e-01 2.920594514697121835e-01 8.208552051215675105e-01 3.218111008876118895e-01 3.640196104105732355e-01 6.115247143346765890e-01 6.252849873209445075e-01 3.262581038179225845e-01 0.000000000000000000e+00 5.026621893496378002e-01 2.551449429563102389e-01 5.230065286591811802e-01 4.570295303953559318e-01 2.109386412988074611e-01 6.267344322597926398e-01 1.980247305978511951e-01 4.657758318896972893e-01 5.125980812695283273e-01 2.966878401295231504e-01 1.698631604666114570e-01 3.215555371218634662e-01 4.310274563351163546e-01 2.203205606052219823e-01 1.781436199489068728e-01 5.062268721455505105e-01 1.528566047099431391e-01 4.484042693645338695e-01 1.433861677927826539e-01 1.351330050357337220e-01 2.385946713731432189e-01 4.695265931121669345e-01 2.761211031419218420e-01 4.244385258970624908e-01 3.057965731698624734e-01 3.930340066657753151e-01 2.739519289009678671e-01 2.937763722398192279e-01 1.108617116106745543e-01 5.205656912355635102e-01 4.480151429658062456e-01 5.441196170801972931e-01 3.655320959412833859e-01 2.235904489679761131e-01 1.039474329478422832e-01 7.283940277309152167e-01 5.234267578889547634e-01 3.617522607554432557e-01 1.921383121537363903e-01 3.644124316475378933e-01 2.239672980153566140e-01 2.603618069237017552e-01 3.207181496775348695e-01 2.587358481701549917e-01 2.218160053020759026e-01 2.824424779272566299e-01 3.736087745226465695e-01 4.939072850869734577e-01 3.074931347549453298e-01 9.521538977668496384e-02 4.226940350978858341e-01 2.472439345472486338e-01 2.282345293741545322e-01 2.786906996056583985e-01 2.358544764996639009e-01 5.180175191055295114e-01 4.862432733151318964e-01 2.349279404773541580e-01 4.624057277432777058e-01 3.423328941945348314e-01 4.778619262516369259e-01 2.137003841021600514e-01 2.030845544206374420e-01 3.961081898857768402e-01 1.816079521567693922e-01 5.230237711826960512e-01
2.887926167632404173e-01 6.196083942539458711e-01 3.892461367968849673e-01 6.440179910428671661e-01 6.926218602355320719e-01 4.148553650046350461e-01 4.663478025050324383e-01 2.972731752846077269e-01 5.026621893496378002e-01 0.000000000000000000e+00 5.066980400180521871e-01 2.409589093017585060e-01 2.273542392525512712e-01 4.340328404595116263e-01 2.006908289720770178e-01 4.865778696211674470e-01 1.852618150849836554e-01 2.829521481000772942e-01 3.500022418776245758e-01 4.841264024010010769e-01 2.182260403911323032e-01 1.586328551632420203e-01 5.508215965229490418e-01 4.916722986736287160e-01 3.262356546467388707e-01 3.498055846396946333e-01 1.614460631090314235e-01 4.420521485576442422e-01 5.006065911354935505e-01 6.191909708684864011e-01 1.320635279537058226e-01 5.675144302369694582e-01 2.582454311530331115e-01 5.498335882963268917e-01 1.212094772184102998e-01 6.254842754719782683e-01 3.904492044826821107e-01 4.521857812175517632e-01 1.079011269526461841e-01 1.077955353299223373e-01 3.441306699035943661e-01 2.891394753720678557e-01 3.932242611087083395e-01 5.673557185733909547e-01 2.963369542362560005e-01 3.620747753270305846e-01 2.637482502161108133e-01 5.174628605984492591e-01 2.356325249413262490e-01 3.540748444787708560e-01 5.455727791986531017e-01 6.540304507954634028e-01 4.689361768500450167e-01 3.648590563627018279e-01 6.006075364130272209e-01 2.029197612872194190e-01 1.956035975906083857e-01 6.316466754216154555e-01 4.309429964653770928e-01 2.470597685925640385e-01 5.773147198718866502e-01 4.299057738520896121e-01 5.985922055559128596e-01 2.700609469838871624e-01 9.518064256665691170e-02 9.124250296522261328e-02 4.239389747052855206e-01 2.657363784132362183e-01 1.992355768854112696e-01 2.111135118979599601e-01 5.715901586155931469e-01 5.055778394872185721e-01 2.180717294320494992e-01 4.748892891983966247e-01 9.369660139577785929e-02
2.546234392285784409e-01 4.444399792952875572e-01 8.066462152090297932e-01 5.093117642063287320e-01 2.746298717468316775e-01 6.128931912975804641e-01 5.926780975288380438e-01 3.128595900178104960e-01 2.551449429563102389e-01 5.066980400180521871e-01 0.000000000000000000e+00 4.576400312983908703e-01 4.583980073582598624e-01 3.623460799692460599e-01 6.125254423472550336e-01 2.611236337737400381e-01 3.472281516220417918e-01 5.139665582324323134e-01 1.676462839763478985e-01 3.693622513182415190e-01 3.485004531134232031e-01 4.168184664225788594e-01 1.712293355960556041e-01 3.569660718370905039e-01 4.736199823534440467e-01 2.169732992274489014e-01 4.497727463274378001e-01 3.651068270856575593e-01 1.329553314668004971e-01 3.723447548061649681e-01 3.746345120643463367e-01 4.404398351225932706e-01 3.806599077144532384e-01 3.734256627828256292e-01 4.075935826853553379e-01 3.884346741013999793e-01 2.288139556785401818e-01 1.572571027380559594e-01 5.063567013230259040e-01 4.599611471445897992e-01 5.454880940431011682e-01 2.698260930878257358e-01 3.444553229100958958e-01 2.798631210002791581e-01 7.141850378183776105e-01 4.908198680968482441e-01 2.467021144781126329e-01 3.951277699774514152e-01 3.657809086104418239e-01 3.203846336069850476e-01 1.012102855611268226e-01 2.561478396977897032e-01 3.490733470579176490e-01 1.571449852827403737e-01 4.655420203956089353e-01 4.058864043591749460e-01 4.952757620498773328e-01 1.843903616385129673e-01 2.489512735068990235e-01 3.900871453057793703e-01 4.395860765858756181e-01 1.639570044621212197e-01 3.766563867068470350e-01 2.629681754149598150e-01 4.580024920077505057e-01 4.926838762387458215e-01 8.518773452462960472e-02 4.637742047061815809e-01 3.448660363382548555e-01 4.564168162300686893e-01 3.771595496801187219e-01 8.086570570346235387e-02 3.242076738442568606e-01 3.410324650929786316e-01 4.188931172273430148e-01
2.191620456435797448e-01 7.034552523717700900e-01 5.439775387773888582e-01 6.984268412161358519e-01 6.435638515158708106e-01 4.648540666613000250e-01 2.352996372875088837e-01 4.336340249202235153e-01 5.230065286591811802e-01 2.409589093017585060e-01 4.576400312983908703e-01 0.000000000000000000e+00 3.330631102145962252e-01 5.172791521186920205e-01 3.480977338468185245e-01 5.165984890105889127e-01 2.512906937720791323e-01 3.490065405548210542e-01 3.242293488980847460e-01 6.022853521754558681e-01 3.545862770751166404e-01 1.602043497799142124e-01 5.066776284293645904e-01 5.460811488468975128e-01 1.537816133345930869e-01 3.859903276065483890e-01 2.794817870202381815e-01 5.610017624246500523e-01 4.515485824158322892e-01 6.359128044559927417e-01 1.307311405423928208e-01 6.588189603635288272e-01 1.194690805484154572e-01 6.227353014885942395e-01 3.413641001341529702e-01 6.462654853041627234e-01 4.346207118774800815e-01 4.327718023662435187e-01 2.498489452579641390e-01 2.803398247369815466e-01 3.974489694068208401e-01 3.234183573745367246e-01 5.155477031470037108e-01 5.732575735761524793e-01 4.502106782455691514e-01 1.310266101095070301e-01 2.388441332735268541e-01 5.939296664407102133e-01 2.430808628466023524e-01 4.522912949255780690e-01 4.965147704789917293e-01 6.098864827018789514e-01 5.571388337156305548e-01 3.120262694672581438e-01 6.550163865862960177e-01 3.703118657511692002e-01 3.303157443722661846e-01 5.848460672700942498e-01 4.764571028783809448e-01 1.126491890232784593e-01 6.317235700451554470e-01 4.194318596989700665e-01 6.344871979096097236e-01 3.138423166317848567e-01 1.683142378948160323e-01 2.961224187806377750e-01 3.748809659856242593e-01 3.157350800699012527e-01 2.772926447210488088e-01 8.202308505201891253e-02 6.442052600590044698e-01 4.614338713936341207e-01 1.385420424812787432e-01 5.301475421027854740e-01 2.038531796068766555e-01
2.171700994400429241e-01 6.975281472218308743e-01 6.001504057146126447e-01 6.005481019463462244e-01 6.512190474232999460e-01 2.396962859105224164e-01 4.449113223480331558e-01 3.784668931319370988e-01 4.570295303953559318e-01 2.273542392525512712e-01 4.583980073582598624e-01 3.330631102145962252e-01 0.000000000000000000e+00 4.128642678973750146e-01 4.149955893773733528e-01 5.790103284906378267e-01 3.454576627571547265e-01 1.698618487291444490e-01 3.922908105138100399e-01 5.209723873063282218e-01 2.162308678005230578e-01 2.328763079270136649e-01 4.972439696680326926e-01 4.482024095771078298e-01 3.227211078586491588e-01 3.063356955431736361e-01 1.572260738451706219e-01 4.396154252374031013e-01 5.104425610869315344e-01 6.578833809040940395e-01 3.344411832235171800e-01 6.338988599603239127e-01 2.596548814997873822e-01 6.428218032584226416e-01 1.180706720710749391e-01 7.008012058178569870e-01 4.911739024806651144e-01 3.986081543626354695e-01 3.092982121168358356e-01 2.253745522298075954e-01 1.722911886560432315e-01 4.209464658152282102e-01 4.483631780375594844e-01 5.559970574561908796e-01 5.072412231539837890e-01 3.430530929160433562e-01 3.374853305804056958e-01 4.960509271709204193e-01 1.021587155015870052e-01 3.329062719166342998e-01 5.330048827737747796e-01 6.004528239405471091e-01 5.510229663580342718e-01 3.012530220755195720e-01 5.571376473165062793e-01 2.841134791345487631e-01 9.533958941133405252e-02 5.780690485666991618e-01 3.874731073688561511e-01 2.327506166533009346e-01 5.338448307753657085e-01 4.818436991790189250e-01 6.945954164704924994e-01 2.265910578873661929e-01 3.164443001280212719e-01 1.928624008271750123e-01 4.009155186620800282e-01 8.460064808127440439e-02 1.208999819425974065e-01 2.797107778435342085e-01 6.075371695994910004e-01 4.520002126323022784e-01 2.796976232557945585e-01 4.322688028329959020e-01 2.745725681857538736e-01
3.171064798955483544e-01 4.415326157316320499e-01 8.136446282056618573e-01 2.745428261729868091e-01 5.073124953015223371e-01 6.057973377941875404e-01 6.195576107804555699e-01 2.128458834810757760e-01 2.109386412988074611e-01 4.340328404595116263e-01 3.623460799692460599e-01 5.172791521186920205e-01 4.128642678973750146e-01 0.000000000000000000e+00 6.210070557193035912e-01 3.711563822530037360e-01 3.730247004130330946e-01 5.068707047290393897e-01 3.379141202675114974e-01 2.650809691274150781e-01 2.236803080870584381e-01 4.253000797946274170e-01 3.533374175462550837e-01 1.569856552432395136e-01 5.004994956050614618e-01 1.472899027874341460e-01 4.426768928240449319e-01 1.380289142535097990e-01 3.129529887587447212e-01 4.018878494138948265e-01 4.814819091884459112e-01 3.843494265234544960e-01 4.187111493565734421e-01 4.196537360348259749e-01 3.312202790597378321e-01 4.448056743276579406e-01 2.944633300389567498e-01 2.278622326146771682e-01 5.148383146950743505e-01 3.356769320926426547e-01 5.383922405397082445e-01 3.148786242620199571e-01 2.204041710864631243e-01 2.880362927652809768e-01 7.207354456450327795e-01 5.176993813484656037e-01 3.872498191948293700e-01 1.084076900000334048e-01 3.586850551070488446e-01 1.013836411832488293e-01 3.976802499485689313e-01 4.565462718187694446e-01 3.259269207378423516e-01 2.406767383817938200e-01 2.599512905183975486e-01 2.583452487960746780e-01 4.553553853870851431e-01 4.350380763986712584e-01 1.176052179323623936e-01 4.169666585573967299e-01 1.907801034229176518e-01 3.664372543853662845e-01 4.586548648357457458e-01 2.055496213929174643e-01 5.122901425650405738e-01 4.244295457090945245e-01 3.195413990661907788e-01 4.566783512027886571e-01 2.960048618387929320e-01 4.721345497111479328e-01 3.515416381092918430e-01 3.211283916520653592e-01 3.977264830578493560e-01 7.723815227131444749e-02 4.209547476516312670e-01
3.595826710827071393e-01 8.064119328007353094e-01 2.025571791388402210e-01 8.021547448167475336e-01 8.066154219782922796e-01 5.361693754065732787e-01 5.436598979650060226e-01 4.979640042566847447e-01 6.267344322597926398e-01 2.006908289720770178e-01 6.125254423472550336e-01 3.480977338468185245e-01 4.149955893773733528e-01 6.210070557193035912e-01 0.000000000000000000e+00 6.542318815346155336e-01 3.504143418600786930e-01 4.180667563789689511e-01 4.937036272290010741e-01 6.848172313730781502e-01 4.058673905159544404e-01 2.267274410271210572e-01 6.526403442230249707e-01 6.498090524475089724e-01 3.943302405106178798e-01 4.897182312071599597e-01 2.857841496057900721e-01 6.427429775297213155e-01 6.319552894608688742e-01 7.871949835604044043e-01 2.634122262790811742e-01 7.576498972659895248e-01 3.711925046516728610e-01 7.366371268431164410e-01 3.088508273432324369e-01 7.975476644085741640e-01 5.586412830143363539e-01 5.540045289176276366e-01 1.103545150345002918e-01 3.084863643019993273e-01 4.687642781520940938e-01 4.490800279558225250e-01 5.939150900807853573e-01 7.113934320111831022e-01 1.030810480547153934e-01 4.458935899877534692e-01 3.950969485414860816e-01 6.976575700413215619e-01 3.365022803909894500e-01 5.485318158876817396e-01 6.769214775240282034e-01 7.558491984955392207e-01 6.564327965751846072e-01 4.553804570645145766e-01 7.587442901869075884e-01 4.036105902592964645e-01 3.531667817915260521e-01 7.334654231216913844e-01 5.801850064789924044e-01 3.151543544564430754e-01 7.354514736457667956e-01 5.737103755282821904e-01 7.851554769292863334e-01 4.175702202323963164e-01 1.819079724567204126e-01 2.361590892847738044e-01 5.527113216266640316e-01 3.870503888151743399e-01 3.778776570380892319e-01 2.871454924568178635e-01 7.722809875876704977e-01 6.073965871872945010e-01 3.368533444751868888e-01 6.338754457033969336e-01 2.602279055882062986e-01
3.712904858749901948e-01 1.995772536470378777e-01 8.477138497356694335e-01 5.091486445995193622e-01 4.021989984797533779e-01 7.335055124299587614e-01 7.095518245895812148e-01 2.041141874038100434e-01 1.980247305978511951e-01 4.865778696211674470e-01 2.611236337737400381e-01 5.165984890105889127e-01 5.790103284906378267e-01 3.711563822530037360e-01 6.542318815346155336e-01 0.000000000000000000e+00 3.165734791858841324e-01 6.345788793648102777e-01 2.022371789777642759e-01 1.668101143150018673e-01 3.748942774828168956e-01 5.350991555305455449e-01 2.844517898611331197e-01 3.723559351250758653e-01 5.904937094141872178e-01 3.277569971043307051e-01 5.703850674598157644e-01 2.547322242902463341e-01 1.385521598934555398e-01 1.351631035366436528e-01 4.038375691983107640e-01 1.885161188128329224e-01 4.604439104738110577e-01 1.186882673706748381e-01 4.682119294470410975e-01 1.455157843848134402e-01 1.117243629348836781e-01 2.219268460887504624e-01 5.614809247205226894e-01 3.809366603779236748e-01 6.661004151754794655e-01 2.111851609229359328e-01 1.507522111665405840e-01 1.112391013737291240e-01 7.539469892038498378e-01 6.076935951575915817e-01 2.898610778062608584e-01 3.643776480213578028e-01 4.863932297428197327e-01 2.718564174507414610e-01 2.726628812427574489e-01 3.777377881490058820e-01 1.038534746492902894e-01 2.857395698500154735e-01 4.766547931034256225e-01 2.984676014011983236e-01 5.690806377023948093e-01 3.542450721721365769e-01 2.818360109414810855e-01 5.069608723665224304e-01 4.305597098070917395e-01 9.716662931161881844e-02 1.309235953946706332e-01 4.006488270203166779e-01 4.807771232235911740e-01 5.347589748227190576e-01 2.088954220398447359e-01 5.843865258385596562e-01 4.654783574706327642e-01 5.474404635013033760e-01 1.463878175777855728e-01 2.752953654332325750e-01 3.831661315564547921e-01 3.739172025275607769e-01 4.066280348992258875e-01
1.935746752192256948e-01 4.770614816485476140e-01 5.428695536077213779e-01 6.031543804534459374e-01 5.331519718395216767e-01 5.460690023040943863e-01 4.849033720540107395e-01 1.889282109581364444e-01 4.657758318896972893e-01 1.852618150849836554e-01 3.472281516220417918e-01 2.512906937720791323e-01 3.454576627571547265e-01 3.730247004130330946e-01 3.504143418600786930e-01 3.165734791858841324e-01 0.000000000000000000e+00 4.271291728724461167e-01 1.795818676456938656e-01 3.653888618300069058e-01 1.990378261801586668e-01 2.818231947914542346e-01 4.178313689307319168e-01 4.508086880842074873e-01 4.015218302055144073e-01 3.475244168757843366e-01 3.458096282754260509e-01 3.721792468514582009e-01 3.357874091684978080e-01 4.517365827225277020e-01 1.337483361787730751e-01 4.285562478380054996e-01 2.443742932617925523e-01 3.963415307653716524e-01 2.309845292964575192e-01 4.620892635706974061e-01 2.082269411542576609e-01 3.709272256898096254e-01 2.576633850459856823e-01 1.227069836603603692e-01 4.719689721661216031e-01 1.053883182629481857e-01 2.770892586572460958e-01 4.157725920809170472e-01 4.491026930759018376e-01 3.806303448760088304e-01 1.040235711342539920e-01 4.561497442664752544e-01 3.084475343707560602e-01 2.930667044322923243e-01 3.861028908026427064e-01 5.097427801238342271e-01 3.273391471471999159e-01 2.505966519472895282e-01 5.597439258236059922e-01 1.234629421459899762e-01 3.234418998531356504e-01 4.744341875937452824e-01 3.937089578245815957e-01 3.207898250752052594e-01 5.327953848077631172e-01 2.488443628551147424e-01 4.451001480249574538e-01 2.875849399559922692e-01 1.919266811821717378e-01 2.686440853712211418e-01 2.644690863092752364e-01 4.049829729930842781e-01 2.548593116053569640e-01 2.773512304817657981e-01 4.491802412412176926e-01 3.741709265255011019e-01 1.823022914094044600e-01 4.138811491519180930e-01 9.156521368920579607e-02
2.650768086679351487e-01 8.042188193799845175e-01 6.072149831370161621e-01 6.880183938264831101e-01 7.067875982974723970e-01 1.907385358275535681e-01 4.827061486713810079e-01 4.686537233178952877e-01 5.125980812695283273e-01 2.829521481000772942e-01 5.139665582324323134e-01 3.490065405548210542e-01 1.698618487291444490e-01 5.068707047290393897e-01 4.180667563789689511e-01 6.345788793648102777e-01 4.271291728724461167e-01 0.000000000000000000e+00 4.451834214478345708e-01 6.383227942678960654e-01 3.364202370539275400e-01 2.347657074253617915e-01 5.528125205422051991e-01 5.356727014572447709e-01 3.386645381988739878e-01 3.755818802168957582e-01 1.380429169504807929e-01 5.505933150349973104e-01 5.660111119611039854e-01 7.502735138179358332e-01 3.729678643598237642e-01 7.482663073763816675e-01 3.021083768458917573e-01 7.360236293968648313e-01 2.337665704156681457e-01 7.642458756583840884e-01 5.657948395750018733e-01 4.541767052368077540e-01 3.107499237102079870e-01 3.050557253291389936e-01 1.065032858058714699e-01 4.945272268393691717e-01 5.646048091419957338e-01 6.115656083303632196e-01 5.149185831347380393e-01 3.808479192393912638e-01 3.853920398082979482e-01 5.835212190510573604e-01 1.516459399987133139e-01 4.418828475359253272e-01 5.885734336479471196e-01 6.560213748147195600e-01 6.496880539894572815e-01 3.568215729496919120e-01 6.446079391966432759e-01 3.743003093205069520e-01 1.036872730193104386e-01 6.336375994408716128e-01 4.660486554887279809e-01 2.486940469935257636e-01 6.213151226555025941e-01 5.374122500531913760e-01 7.524675882638310886e-01 3.034338692421321149e-01 3.116049361458311795e-01 1.972984907529139742e-01 4.564840695362524237e-01 8.526120064787004460e-02 2.425152426595663380e-01 2.919187607724514910e-01 7.248875765610586219e-01 5.075687635064746184e-01 3.242666999027864483e-01 5.197390947131327321e-01 3.542537412850852996e-01
1.811893008810065986e-01 3.943973402027635689e-01 6.871855954300546410e-01 5.070654218236249067e-01 3.535701041938277833e-01 5.441100545129826660e-01 5.195176650980731781e-01 1.715031929697273250e-01 2.966878401295231504e-01 3.500022418776245758e-01 1.676462839763478985e-01 3.242293488980847460e-01 3.922908105138100399e-01 3.379141202675114974e-01 4.937036272290010741e-01 2.022371789777642759e-01 1.795818676456938656e-01 4.451834214478345708e-01 0.000000000000000000e+00 3.053987502351841465e-01 3.010105026543101747e-01 3.450649960390376192e-01 2.382495012850380511e-01 3.547197294543867341e-01 4.004595499226792366e-01 1.906242174800773237e-01 3.809896095428400575e-01 3.606537984754516479e-01 1.615548350937894007e-01 3.215514944231684380e-01 2.343672626068477038e-01 3.619323584232572166e-01 2.680747703613068356e-01 3.091617435253145585e-01 3.547818079950840198e-01 3.319041752713381421e-01 1.346439894177016150e-01 2.065909910770057367e-01 4.009526704149081189e-01 2.968995172870284582e-01 4.767049572585034811e-01 1.163614400898650147e-01 2.386201484791940497e-01 2.736410783118061185e-01 5.934187348982350452e-01 4.176594356660834340e-01 1.026825403444426577e-01 3.989618355945753758e-01 2.969977718258440813e-01 2.849127639450825811e-01 2.065210231569488131e-01 3.301609124781403337e-01 2.592827909653305229e-01 1.012755413842819779e-01 4.636549671937853501e-01 2.382878368478749120e-01 4.264926252652796457e-01 2.948523199480513890e-01 2.810909927519096851e-01 3.169267128750145601e-01 4.403621506526446128e-01 1.050705496661454852e-01 3.201258878767852534e-01 2.161847985545831408e-01 3.202488689179766035e-01 4.209304058552046368e-01 8.488721866358131529e-02 3.949910679215838938e-01 2.790030279919589740e-01 3.620809627025345367e-01 3.298439500261798885e-01 1.945890588798071807e-01 1.907969914439506254e-01 3.387861227102748618e-01 2.563056404818467304e-01
4.485585694344050300e-01 1.774547338369323879e-01 8.706506404382032827e-01 4.292605432240371721e-01 4.835344947371008617e-01 7.372494273330445491e-01 7.510097003193121346e-01 1.994789680570049073e-01 1.698631604666114570e-01 4.841264024010010769e-01 3.693622513182415190e-01 6.022853521754558681e-01 5.209723873063282218e-01 2.650809691274150781e-01 6.848172313730781502e-01 1.668101143150018673e-01 3.653888618300069058e-01 6.383227942678960654e-01 3.053987502351841465e-01 0.000000000000000000e+00 3.192430572538131894e-01 5.567521693334840371e-01 3.516558835515368742e-01 3.139331440977135013e-01 6.319515851439181375e-01 3.062587371540539949e-01 5.741289823629015521e-01 1.589537945109343875e-01 2.420093424396086990e-01 1.457795904018646393e-01 4.847429945821497554e-01 1.213039793977302994e-01 5.501632388954300623e-01 1.990263296294305928e-01 4.393283984686910393e-01 1.902037273192612177e-01 1.775379121930691084e-01 2.473683975906604826e-01 5.850267736854305456e-01 3.857704940341319944e-01 6.698443300785652532e-01 2.788669948009190880e-01 1.052890386890518726e-01 1.035690174123453516e-01 7.777414578775743159e-01 6.491514708873225015e-01 3.796445811326693565e-01 2.695456507690670023e-01 4.901371446459055203e-01 2.011596168790392991e-01 3.705176412007428199e-01 4.464438936931300894e-01 9.941196086311261670e-02 3.743357966928487213e-01 4.116392165442507856e-01 2.938323820543932152e-01 5.402611016845283443e-01 4.402606357756624345e-01 2.353646895739628653e-01 5.484187480962533501e-01 3.461912913103548650e-01 2.454885821583948635e-01 2.040529178273490507e-01 3.382820145464358053e-01 5.544922644457170868e-01 5.093352620065377812e-01 3.329235236137615406e-01 5.881304407416454438e-01 4.041129812477461947e-01 6.035866392500046640e-01 8.746375621459216709e-02 3.358520554413543802e-01 4.800424906791218027e-01 2.932062208168191852e-01 4.479993166300960117e-01
1.587255987021256864e-01 4.966977910907455773e-01 5.910222068531937323e-01 4.538099881274710312e-01 5.293487881442483500e-01 4.357363630390144182e-01 4.568647357368800788e-01 1.707800900790068244e-01 3.215555371218634662e-01 2.182260403911323032e-01 3.485004531134232031e-01 3.545862770751166404e-01 2.162308678005230578e-01 2.236803080870584381e-01 4.058673905159544404e-01 3.748942774828168956e-01 1.990378261801586668e-01 3.364202370539275400e-01 3.010105026543101747e-01 3.192430572538131894e-01 0.000000000000000000e+00 2.594643134674808338e-01 3.753737103889811522e-01 3.014642957582328031e-01 3.378066205614860262e-01 1.686989324119202438e-01 2.726159180688719208e-01 2.399273169275696616e-01 3.891149316801734703e-01 4.581952725942602944e-01 3.007539733289321671e-01 4.321695299078087138e-01 2.561059861968045803e-01 4.361614419511968821e-01 1.237158651882619698e-01 5.011130975080234640e-01 2.848136990837586979e-01 2.767378950835839291e-01 3.001700132554168676e-01 1.392977875289312939e-01 3.683312657845352889e-01 2.232919837553505593e-01 2.454988977012700080e-01 3.819812052365512134e-01 4.981130242925647655e-01 3.550065063048902791e-01 2.610316907272330345e-01 3.071103282259961542e-01 1.886240803518758891e-01 1.437223121063176956e-01 4.111346234947232392e-01 4.785825646614955686e-01 3.468327366334300610e-01 2.004415348687645648e-01 4.103995334976314746e-01 9.607617345164362610e-02 2.327329640346171014e-01 4.561987892876477324e-01 2.443645654986069948e-01 2.542737835138212943e-01 3.837559687672840170e-01 3.519288004053486851e-01 4.869086134175624192e-01 8.895429475611277281e-02 3.134066829577891733e-01 2.018071243566264827e-01 3.022979745703924248e-01 2.837693381081796695e-01 9.937146174194103065e-02 3.062987833840014051e-01 4.067068134684053149e-01 3.301299533532507380e-01 2.393456018644266881e-01 2.645367568259434088e-01 2.245756030879199339e-01
