0.000000000000000000e+00 1.827738102252022490e+00 1.200944489521396541e+00 1.488352407195074889e+00 9.894045127313750854e-01 1.184076550229988811e+00 1.174052346798514668e+00 8.941064625391110798e-01 1.545185828227211067e+00 7.801355636308427988e-01 6.891840333627912152e-01 9.729073943555908155e-01 5.531545647591877835e-01 1.349660592380719448e+00 1.410073007181080529e+00 7.744645837761375828e-01 4.548285210969573722e-01 7.624288928350810846e-01 9.564648843121982269e-01 8.288231756988529986e-01 6.614134338720836226e-01 5.387661238542060804e-01 8.765866233880383884e-01 1.295156887021959635e+00 1.041876540719539834e+00 1.486715677371033495e+00 6.362000643473049166e-01 1.197727381256760371e+00 8.642810022466371755e-01 9.556693592433171958e-01 1.578501109985793960e+00 1.198901134898138876e+00 1.233126644765015989e+00 7.399975867580396161e-01 4.469981198734599426e-01 5.384011192460159689e-01 9.707887860734263352e-01 8.127958301988887913e-01 1.192642559967058924e+00 6.337292134756071782e-01 2.468621966466742201e-01 7.736246790808589680e-01 1.397376845165248183e+00 9.446682558463601609e-01 1.341356252662110338e+00 7.128035222890365397e-01 9.665323957574006863e-01 1.392055657156326731e+00 8.618937683233206526e-01 4.386130040590449641e-01
1.827738102252022490e+00 0.000000000000000000e+00 1.446968059543881413e+00 9.947106112138384137e-01 1.665258815125623126e+00 1.422705053702286282e+00 9.128669121267785069e-01 1.639406767243813290e+00 9.724290831885004094e-01 2.040894668057083194e+00 1.812146473178966488e+00 8.650767983671364680e-01 1.432360983482491523e+00 5.299622247180130197e-01 6.005397936677012716e-01 1.334965022206808127e+00 1.742113304820961162e+00 1.432965240404208362e+00 1.044444038099172412e+00 1.159806389143421823e+00 1.440161366187660441e+00 1.592955103006855833e+00 1.205158545600536923e+00 6.654740426638859896e-01 8.416982216057720123e-01 6.137493426433242583e-01 1.513397225894413278e+00 7.779363517183623955e-01 1.050524240367714857e+00 1.149119063844324717e+00 2.788875866311100182e-01 8.078344174405449607e-01 6.857087338423372147e-01 1.484950728867494574e+00 1.524105971614276633e+00 1.813621103459269301e+00 1.170174472041589420e+00 1.457402870748566004e+00 8.279026122028233514e-01 1.194008888776414645e+00 1.582626649772574279e+00 1.455938398371910525e+00 6.838797116982223701e-01 1.080110063548837207e+00 7.735743671546512212e-01 1.503328304376422730e+00 9.953960065686706660e-01 4.594421592236038743e-01 1.526557683578550151e+00 1.474029824005942624e+00
1.200944489521396541e+00 1.446968059543881413e+00 0.000000000000000000e+00 1.145527202086046969e+00 9.884447926704135190e-01 9.535940806717871920e-01 9.595265889610153920e-01 1.060993964997974714e+00 1.117719004849146547e+00 1.379932277889625025e+00 1.151184083011507431e+00 5.818912611767449450e-01 8.042334532564210381e-01 1.128660439264964843e+00 9.559868686283443662e-01 7.939327753441016711e-01 1.086496252121371908e+00 7.712479148550923647e-01 6.074774897548178565e-01 6.637091222760544973e-01 8.283510669464408949e-01 9.319927128393981075e-01 3.325858278540864688e-01 8.883543927658733574e-01 8.725497577451331033e-01 1.231472420646841259e+00 9.013933129454502202e-01 8.781559423522710128e-01 8.796719245784072605e-01 6.818699755174627564e-01 1.197731067277653327e+00 8.282708426273190927e-01 1.138888367224367482e+00 8.239883387000368486e-01 8.631435814468191303e-01 1.156620252378198321e+00 7.631754795078915521e-01 7.721330696324562037e-01 7.163348542427960819e-01 5.686204275928553598e-01 9.558330370419483302e-01 9.108338301288695371e-01 1.036209608712173491e+00 3.886548625775190224e-01 9.821263801032062979e-01 8.915180051352029622e-01 6.744447482393753912e-01 1.007533517087114250e+00 8.591176669380964359e-01 8.503925682256288088e-01
1.488352407195074889e+00 9.947106112138384137e-01 1.145527202086046969e+00 0.000000000000000000e+00 1.340819436404196763e+00 1.048897968165506400e+00 9.564770684566850090e-01 1.320708842708031350e+00 8.187070382074617125e-01 1.711054167058278397e+00 1.486163802190288097e+00 5.636359409093016914e-01 1.099987459605858975e+00 5.644524381387161505e-01 7.503713190370535635e-01 1.120844300886884470e+00 1.396672034988801769e+00 1.108525861682782443e+00 9.321618293471540806e-01 8.163358496007981913e-01 1.089102847823566700e+00 1.268515724285429691e+00 8.967839182471954995e-01 5.169579177288443628e-01 6.278102583437965567e-01 8.907530611140406229e-01 1.162338707530319537e+00 3.113652230312495273e-01 8.921103055253485348e-01 7.758820711805198833e-01 7.438874222411313575e-01 9.135774523636295275e-01 7.518267336354983454e-01 1.160511350146068210e+00 1.196018103299936408e+00 1.476116328241628750e+00 1.138141100772379621e+00 1.132963492027139418e+00 6.595875878549897209e-01 8.616353648997816528e-01 1.243240954715627788e+00 1.170191155543693462e+00 9.497909124033296902e-01 7.802157317695561645e-01 2.214483775048977088e-01 1.152269786012328767e+00 5.975552172263005613e-01 5.715212433288434646e-01 1.202118304857123787e+00 1.122971305641847994e+00
9.894045127313750854e-01 1.665258815125623126e+00 9.884447926704135190e-01 1.340819436404196763e+00 0.000000000000000000e+00 1.053457852260606398e+00 9.333605722183917486e-01 9.038145934653818436e-01 1.373654125559384154e+00 1.118281576468330263e+00 8.882653850894175473e-01 8.064622241965825333e-01 6.352568538442113777e-01 1.281976283077848278e+00 1.123456912518803197e+00 4.782425856295932642e-01 7.996258690077275855e-01 3.959952741959371081e-01 6.585618523990134365e-01 7.423072880616877756e-01 7.160053413617900597e-01 4.784950187702454727e-01 6.664512259462752608e-01 1.129753045126081323e+00 9.865754628381352420e-01 1.232861011979040411e+00 6.754437892151875511e-01 1.051565698244798952e+00 7.676675271884506602e-01 8.100626715742430539e-01 1.416021822859395041e+00 8.980274097087656004e-01 1.126747605563913401e+00 2.593504427418679703e-01 6.014928800255245900e-01 8.949695509569034479e-01 6.369735264661607888e-01 2.454930722607501781e-01 9.522759316260230866e-01 4.871406340509915611e-01 7.640051748709126844e-01 6.644882124790568723e-01 1.081882767412383872e+00 7.574819746669444465e-01 1.182324671933454141e+00 7.767835660952778776e-01 8.203707127454393788e-01 1.229576370029928478e+00 1.978604755651821034e-01 7.010830428698473504e-01
1.184076550229988811e+00 1.422705053702286282e+00 9.535940806717871920e-01 1.048897968165506400e+00 1.053457852260606398e+00 0.000000000000000000e+00 9.293253825046553507e-01 1.010679305224561286e+00 1.156764753741976293e+00 1.409263294086190443e+00 1.197430930267780802e+00 5.911401180190792859e-01 8.112545876833509029e-01 9.670664284460183113e-01 1.058182367446462768e+00 8.173844623338785143e-01 1.092396178023715470e+00 8.211642775391915228e-01 8.288893449188861062e-01 4.454631141021437313e-01 7.832769356417018658e-01 9.811541401418399921e-01 6.517068650557238385e-01 8.992709901750637336e-01 7.026925658796350227e-01 1.190149963838316838e+00 8.580628505652333482e-01 7.469842875410109828e-01 7.258052963155288140e-01 2.781899762256858089e-01 1.173468061436057752e+00 1.020171803363144836e+00 9.634547806996668351e-01 8.731497660024786223e-01 9.072852313774290023e-01 1.174001328106652586e+00 9.259723846330284447e-01 8.456019078835486091e-01 8.276552510600660995e-01 5.729024929772739139e-01 9.389650977505417107e-01 8.601616180602236206e-01 1.188240748621983922e+00 6.469936945201710810e-01 9.101640125446081031e-01 8.479939290472424673e-01 5.054608581136103007e-01 9.896671262793313995e-01 9.147567207135336442e-01 8.186954486767619166e-01
1.174052346798514668e+00 9.128669121267785069e-01 9.595265889610153920e-01 9.564770684566850090e-01 9.333605722183917486e-01 9.293253825046553507e-01 0.000000000000000000e+00 9.361281341380695009e-01 1.039377841935777536e+00 1.399239090654716300e+00 1.194347081784141951e+00 6.573911103562690705e-01 8.600748792488385197e-01 5.298538424767701427e-01 4.992835245856866999e-01 4.848956130121653274e-01 1.082371974592241326e+00 8.108214894448581012e-01 3.807044237589422009e-01 5.373160285375533363e-01 7.704513817542021359e-01 8.060135340397086567e-01 6.961612762068601912e-01 8.241382528949261488e-01 3.355877745391749878e-01 3.150675834668535402e-01 8.172117580245826796e-01 6.527602507263710052e-01 3.315157671970688225e-01 6.770401005601340838e-01 6.482433764723832814e-01 2.776838849981188018e-01 2.670606784240474596e-01 8.584276418388084862e-01 9.063065802194538723e-01 1.163977124675178443e+00 3.154271024988016814e-01 6.992825167210352522e-01 5.217108852512485351e-01 6.360105003155700487e-01 9.289408943190673451e-01 7.028882088596565270e-01 2.617265098334783380e-01 6.010121730834364628e-01 8.333791849868104062e-01 8.375301420574232658e-01 4.829148812080724662e-01 6.775245830486209542e-01 8.504316748451841157e-01 8.086712452452875510e-01
8.941064625391110798e-01 1.639406767243813290e+00 1.060993964997974714e+00 1.320708842708031350e+00 9.038145934653818436e-01 1.010679305224561286e+00 9.361281341380695009e-01 0.000000000000000000e+00 1.395850386435566692e+00 1.120392986336302243e+00 9.761540034014838385e-01 8.217828311226618165e-01 6.207533767574686667e-01 1.128133745136634003e+00 1.270306273678723619e+00 4.668677623646221853e-01 7.969458386964086705e-01 7.168044908438759855e-01 8.166981508098417608e-01 6.123908529032001669e-01 4.047900363355227960e-01 5.962610743321132833e-01 7.366360988646163399e-01 1.144032323789030414e+00 8.203496934754547221e-01 1.246898755516334889e+00 3.061114874374488148e-01 1.030083816769716387e+00 6.177216848896368573e-01 7.840079117079525872e-01 1.381715199298054531e+00 1.061760850508630449e+00 1.008909166328515905e+00 7.573274685801600903e-01 6.861303279950810019e-01 8.851310203567634982e-01 7.029257045466269505e-01 6.903206211191023067e-01 1.045380848191688861e+00 4.926113798555435963e-01 6.500947900006524005e-01 2.542951408724027917e-01 1.182826899997027281e+00 8.018506687503179631e-01 1.173712688175066576e+00 2.109481945394898472e-01 7.727044881198530391e-01 1.238805729860121829e+00 8.109014002767522822e-01 4.770162004661534505e-01
1.545185828227211067e+00 9.724290831885004094e-01 1.117719004849146547e+00 8.187070382074617125e-01 1.373654125559384154e+00 1.156764753741976293e+00 1.039377841935777536e+00 1.395850386435566692e+00 0.000000000000000000e+00 1.749289978490845554e+00 1.520541783612727071e+00 5.747942788102289313e-01 1.149808709457680767e+00 6.993360706267387483e-01 5.562887258183251138e-01 1.204200863357976159e+00 1.455853952722591549e+00 1.141360550837969168e+00 8.350291524729364090e-01 9.334860304944346820e-01 1.163796358115927854e+00 1.301350413440617526e+00 8.931304202451080254e-01 3.225113822590189305e-01 7.990383211774950700e-01 8.499341355870916326e-01 1.237032217822680691e+00 5.790749480147480144e-01 1.050648656784444412e+00 8.831787638840146171e-01 7.205037668858009781e-01 7.678980325781691318e-01 9.339049359240035875e-01 1.193346039301256267e+00 1.232501282048038105e+00 1.525977952979418406e+00 1.076553043690033240e+00 1.165798181182326143e+00 5.260679206519017770e-01 9.114566147516042216e-01 1.300074375747763300e+00 1.245332699271228583e+00 7.954922915074171819e-01 7.451549594923440045e-01 6.159058519549385213e-01 1.226963296304690365e+00 7.428801133444780103e-01 5.150493623500773666e-01 1.234952994012310734e+00 1.194475226796746448e+00
7.801355636308427988e-01 2.040894668057083194e+00 1.379932277889625025e+00 1.711054167058278397e+00 1.118281576468330263e+00 1.409263294086190443e+00 1.399239090654716300e+00 1.120392986336302243e+00 1.749289978490845554e+00 0.000000000000000000e+00 7.564809016152783672e-01 1.182098077128042934e+00 7.517303750133279561e-01 1.574847336236919970e+00 1.556108341153832342e+00 9.996513276323396591e-01 4.572358691606193126e-01 8.913059565720365951e-01 1.093712294141244046e+00 1.054009919555055630e+00 8.866001777282856988e-01 6.959653557902764076e-01 1.052514985879837939e+00 1.505388898057542058e+00 1.267063284575740800e+00 1.711902421227235349e+00 8.744762269074469740e-01 1.420429141119963878e+00 1.089467746102839252e+00 1.178926114449407203e+00 1.791657675790854887e+00 1.335018294183796472e+00 1.458313388621218287e+00 8.688746504949953486e-01 5.338959715895705838e-01 2.451188070204307623e-01 1.117008589154578013e+00 9.416728939358445238e-01 1.384834685559469980e+00 8.500800042725201733e-01 5.741756864135524330e-01 9.988114229370611552e-01 1.533494004450906223e+00 1.138243845593901682e+00 1.557960524864914653e+00 9.385650579305245822e-01 1.189234155620604083e+00 1.605212222961388768e+00 9.907708320602758301e-01 6.767614406618072120e-01
6.891840333627912152e-01 1.812146473178966488e+00 1.151184083011507431e+00 1.486163802190288097e+00 8.882653850894175473e-01 1.197430930267780802e+00 1.194347081784141951e+00 9.761540034014838385e-01 1.520541783612727071e+00 7.564809016152783672e-01 0.000000000000000000e+00 9.533498822499253400e-01 5.563057614955736474e-01 1.425949361085023570e+00 1.327360146275714303e+00 7.992216085998289365e-01 4.645504095463002248e-01 6.625577616939188896e-01 8.649640992631261183e-01 8.828950805740543029e-01 7.423611947934675159e-01 4.772928184771563220e-01 8.237667910017202333e-01 1.276640703179424019e+00 1.119144286464678339e+00 1.493321646976918382e+00 7.337852398657128683e-01 1.195538776251973356e+00 9.452287631680210689e-01 9.540357495814173472e-01 1.562909480912737958e+00 1.106270099305678434e+00 1.311566186453932303e+00 6.381995474418977743e-01 3.132055591231241998e-01 5.467407907214651974e-01 8.882603942764601967e-01 7.129246990577265963e-01 1.156086490681351941e+00 6.251896394045296512e-01 4.841673588634077263e-01 8.545724400022428613e-01 1.304745809572787740e+00 9.094956507157841985e-01 1.329212329986796615e+00 7.943260749957066214e-01 9.643437907526136721e-01 1.376464028083270730e+00 7.620226371821584577e-01 5.461112410849131571e-01
9.729073943555908155e-01 8.650767983671364680e-01 5.818912611767449450e-01 5.636359409093016914e-01 8.064622241965825333e-01 5.911401180190792859e-01 6.573911103562690705e-01 8.217828311226618165e-01 5.747942788102289313e-01 1.182098077128042934e+00 9.533498822499253400e-01 0.000000000000000000e+00 5.775302755860608483e-01 5.523724069026544337e-01 4.722007753064380031e-01 6.369845906206009767e-01 8.872825969245291544e-01 5.741686494751682135e-01 3.888022875035913595e-01 3.775160177944971718e-01 5.897288028030234219e-01 7.341585120778164608e-01 3.407970458143375070e-01 3.240098330749582312e-01 3.483617233523124690e-01 7.505299251600733301e-01 6.629646625097761481e-01 2.967535476582963128e-01 5.292312568169551534e-01 3.175541281611177213e-01 6.158398061009078273e-01 4.301546718335459984e-01 5.721760701535273386e-01 6.261541379384550909e-01 6.653093806852373726e-01 9.587860516166163416e-01 6.223805840546743351e-01 5.986062798195249668e-01 2.396773732684340241e-01 3.391781808799839149e-01 7.277959418761430488e-01 6.712651439583238178e-01 6.104538497046895218e-01 2.175366678883293159e-01 4.002351189264611309e-01 6.528957409917857113e-01 2.067934286376127140e-01 4.256422559103689163e-01 6.677610926495101129e-01 6.221967929251267515e-01
5.531545647591877835e-01 1.432360983482491523e+00 8.042334532564210381e-01 1.099987459605858975e+00 6.352568538442113777e-01 8.112545876833509029e-01 8.600748792488385197e-01 6.207533767574686667e-01 1.149808709457680767e+00 7.517303750133279561e-01 5.563057614955736474e-01 5.775302755860608483e-01 0.000000000000000000e+00 1.034511328887264270e+00 1.013361970916104582e+00 4.694413909825200237e-01 4.543438411691488876e-01 3.885054531106064135e-01 5.597538480472227240e-01 4.949066438958611425e-01 3.724452108746110213e-01 3.522284312946772911e-01 4.798755871230631076e-01 8.997797682524288909e-01 7.267272772260850999e-01 1.172738209821357680e+00 3.939988753454655712e-01 8.093624336675437902e-01 5.550791415663522965e-01 5.678594069969874480e-01 1.183123991216263660e+00 8.021900986331628181e-01 9.191491772153396189e-01 3.995737046125311109e-01 2.646968637285248005e-01 5.173027080543683986e-01 5.904140392883787669e-01 4.357809311618125458e-01 7.968596428808161214e-01 2.383520947060770168e-01 3.073254230833855072e-01 4.839801349535919339e-01 1.000665808900272458e+00 5.488853387601183575e-01 9.493534494880823127e-01 4.292888448164378645e-01 5.781674481681839950e-01 9.966785383867965420e-01 4.848788692862440741e-01 2.155675177135730758e-01
1.349660592380719448e+00 5.299622247180130197e-01 1.128660439264964843e+00 5.644524381387161505e-01 1.281976283077848278e+00 9.670664284460183113e-01 5.298538424767701427e-01 1.128133745136634003e+00 6.993360706267387483e-01 1.574847336236919970e+00 1.425949361085023570e+00 5.523724069026544337e-01 1.034511328887264270e+00 0.000000000000000000e+00 4.808592367918444466e-01 8.565256343698546271e-01 1.257980220174445218e+00 1.049682708356433736e+00 8.990122274562618587e-01 6.428893290587666121e-01 9.460596273364059172e-01 1.175433765456491919e+00 8.553728274129217546e-01 3.826980869866620782e-01 3.169248120656102397e-01 3.288587755322578965e-01 1.023646892715962542e+00 3.096585483226884650e-01 5.933487930097952612e-01 6.963868381691814546e-01 2.730397154006588001e-01 6.914527595493564771e-01 2.627931640527226831e-01 1.101668196819720391e+00 1.135803662194670993e+00 1.339585370257382113e+00 8.120498980714925263e-01 1.074120338700790933e+00 6.198259051092819272e-01 8.014209237945159048e-01 1.104549139901270793e+00 9.493740620084946125e-01 5.409991547338575124e-01 7.688531236542653913e-01 3.890465548861830047e-01 1.013138387639626936e+00 4.800473844687082048e-01 2.619607784295365227e-01 1.143275151530775524e+00 9.842794908274913324e-01
1.410073007181080529e+00 6.005397936677012716e-01 9.559868686283443662e-01 7.503713190370535635e-01 1.123456912518803197e+00 1.058182367446462768e+00 4.992835245856866999e-01 1.270306273678723619e+00 5.562887258183251138e-01 1.556108341153832342e+00 1.327360146275714303e+00 4.722007753064380031e-01 1.013361970916104582e+00 4.808592367918444466e-01 0.000000000000000000e+00 8.645536408871175027e-01 1.262672315385578337e+00 9.443582059289501451e-01 4.690845784701010990e-01 8.352382916683086522e-01 1.037663375627190465e+00 1.099014579842581441e+00 7.376245744003802063e-01 3.274557665514090665e-01 7.177848135099804683e-01 3.110359159417937502e-01 1.110521830605133653e+00 5.156032526495337720e-01 7.864028981003108321e-01 7.845963775885012037e-01 3.439138893099304428e-01 2.840954527142058872e-01 5.608378234925066597e-01 1.000164401964243721e+00 1.039319644711026225e+00 1.332796315642405860e+00 6.757306367707045514e-01 8.981844767190018120e-01 2.423405045856636131e-01 7.779327362736049301e-01 1.164961554701632096e+00 1.093886358666131597e+00 2.456567185269679376e-01 5.753701745596141448e-01 5.325129426668830934e-01 1.100830313815952533e+00 6.461989602618334327e-01 2.219406126055259443e-01 9.960149046280911689e-01 1.059521085885313241e+00
7.744645837761375828e-01 1.334965022206808127e+00 7.939327753441016711e-01 1.120844300886884470e+00 4.782425856295932642e-01 8.173844623338785143e-01 4.848956130121653274e-01 4.668677623646221853e-01 1.204200863357976159e+00 9.996513276323396591e-01 7.992216085998289365e-01 6.369845906206009767e-01 4.694413909825200237e-01 8.565256343698546271e-01 8.645536408871175027e-01 0.000000000000000000e+00 6.359508845950212486e-01 4.153562363088382225e-01 4.009581828743362109e-01 3.894814647213130088e-01 3.692479855716270798e-01 3.385175787498728717e-01 4.898238360041715644e-01 9.592340832869695744e-01 5.517244336173082742e-01 7.930404304166556173e-01 3.421754669923868786e-01 8.181785884916037421e-01 2.907832656274688121e-01 5.992096712058916363e-01 1.077273454261048480e+00 6.019681207313705151e-01 6.510438668336988588e-01 3.922683318387123474e-01 5.111811070351409692e-01 7.643893616528005808e-01 2.442357394675763460e-01 2.441645301322367678e-01 7.228888268397550831e-01 3.118740879429816593e-01 5.293531312966899272e-01 2.336278370862093501e-01 7.228944439797987398e-01 5.526341174923307120e-01 9.889144476730059585e-01 4.379423790350459589e-01 5.274145294061424183e-01 1.054007489358061100e+00 4.238629006841597713e-01 4.090834822229104661e-01
4.548285210969573722e-01 1.742113304820961162e+00 1.086496252121371908e+00 1.396672034988801769e+00 7.996258690077275855e-01 1.092396178023715470e+00 1.082371974592241326e+00 7.969458386964086705e-01 1.455853952722591549e+00 4.572358691606193126e-01 4.645504095463002248e-01 8.872825969245291544e-01 4.543438411691488876e-01 1.257980220174445218e+00 1.262672315385578337e+00 6.359508845950212486e-01 0.000000000000000000e+00 5.978699308037833671e-01 8.002762683729910398e-01 7.371428034925789907e-01 5.697330616658101698e-01 3.400838732908916806e-01 7.590789601115844887e-01 1.209532089590897641e+00 9.501961685132652713e-01 1.395035305164759931e+00 5.121798797262858693e-01 1.106047009050486585e+00 7.726006300403632787e-01 8.639889870370436320e-01 1.492876312554732188e+00 1.041582268415543355e+00 1.141446272558741981e+00 5.671850610922132274e-01 2.483576104762434678e-01 2.496262604628718129e-01 8.235725633863246742e-01 6.482368681675909627e-01 1.091398659791216863e+00 5.481044160445456281e-01 2.453290583197588193e-01 6.441389862355709761e-01 1.240057978682652218e+00 8.448078198256486759e-01 1.249675880455837218e+00 6.170283669234288837e-01 8.748520235511273446e-01 1.306430859725264959e+00 6.973348062920228241e-01 3.297251278181638767e-01
7.624288928350810846e-01 1.432965240404208362e+00 7.712479148550923647e-01 1.108525861682782443e+00 3.959952741959371081e-01 8.211642775391915228e-01 8.108214894448581012e-01 7.168044908438759855e-01 1.141360550837969168e+00 8.913059565720365951e-01 6.625577616939188896e-01 5.741686494751682135e-01 3.885054531106064135e-01 1.049682708356433736e+00 9.443582059289501451e-01 4.153562363088382225e-01 5.978699308037833671e-01 0.000000000000000000e+00 4.819621589163623487e-01 5.100137133402735667e-01 4.816278689898770282e-01 4.424784577375387440e-01 4.434354505885709785e-01 8.974594704046666704e-01 7.540634304202840088e-01 1.109796054637634866e+00 5.503760784337634604e-01 8.192721235233846322e-01 5.878451150904112632e-01 5.777690968528285120e-01 1.183728248137980499e+00 7.232681589589144977e-01 9.465183113907681411e-01 2.834171177930918661e-01 3.745172601292305337e-01 6.679939310606095582e-01 5.047348019371766803e-01 2.855764986509632952e-01 7.730845503345880054e-01 2.546286016331404944e-01 5.370295549746189057e-01 5.675651616907572139e-01 9.217438692260239153e-01 5.303144179410267389e-01 9.500310972120390440e-01 5.424060937233647905e-01 5.880771380240250590e-01 9.972827953085133812e-01 2.049188014865051810e-01 4.742375916745082964e-01
9.564648843121982269e-01 1.044444038099172412e+00 6.074774897548178565e-01 9.321618293471540806e-01 6.585618523990134365e-01 8.288893449188861062e-01 3.807044237589422009e-01 8.166981508098417608e-01 8.350291524729364090e-01 1.093712294141244046e+00 8.649640992631261183e-01 3.888022875035913595e-01 5.597538480472227240e-01 8.990122274562618587e-01 4.690845784701010990e-01 4.009581828743362109e-01 8.002762683729910398e-01 4.819621589163623487e-01 0.000000000000000000e+00 5.312494106280387651e-01 5.840552527583074971e-01 6.354191218297995380e-01 3.389115624288813189e-01 6.209562724654508203e-01 6.518091927067742875e-01 6.759528362297281268e-01 6.569137077362520172e-01 6.674404491705804299e-01 4.334443443132268703e-01 5.761969142416678569e-01 7.878181337414020824e-01 2.696106686521123064e-01 6.385087145788103102e-01 5.377683549516559802e-01 5.769235976984381509e-01 8.704002686298170088e-01 2.465945634035337786e-01 4.332894165992121627e-01 3.255576365848207865e-01 3.243246134047221285e-01 7.113534318327496830e-01 6.302909006533504721e-01 4.733982059330605341e-01 2.818907360238676052e-01 7.627236456305842571e-01 6.472221909470700085e-01 5.183326673564765397e-01 6.883121221562745751e-01 5.334264693100482235e-01 6.059129630164308278e-01
8.288231756988529986e-01 1.159806389143421823e+00 6.637091222760544973e-01 8.163358496007981913e-01 7.423072880616877756e-01 4.454631141021437313e-01 5.373160285375533363e-01 6.123908529032001669e-01 9.334860304944346820e-01 1.054009919555055630e+00 8.828950805740543029e-01 3.775160177944971718e-01 4.949066438958611425e-01 6.428893290587666121e-01 8.352382916683086522e-01 3.894814647213130088e-01 7.371428034925789907e-01 5.100137133402735667e-01 5.312494106280387651e-01 0.000000000000000000e+00 4.256395984758896689e-01 6.700035759429217030e-01 3.570336390391599668e-01 6.759922669275221230e-01 3.290955377554026784e-01 8.260804809323479825e-01 5.028094760340966474e-01 5.144221689763026628e-01 2.909749629724401876e-01 2.839766816494960766e-01 9.025798217200333706e-01 7.711309099699557024e-01 5.770140375987485859e-01 5.619992018035603332e-01 5.927493816837033913e-01 8.187479535755161075e-01 5.171218582392516083e-01 5.344513436846303200e-01 6.056925276180258333e-01 2.577054411695249292e-01 5.837117232194051208e-01 4.420468571231428445e-01 7.962313946548813526e-01 3.886166441358673285e-01 6.846197012777117674e-01 4.923009709577610971e-01 2.290730291700985299e-01 7.663779438863297377e-01 6.036061565146154662e-01 4.634420741456256043e-01
6.614134338720836226e-01 1.440161366187660441e+00 8.283510669464408949e-01 1.089102847823566700e+00 7.160053413617900597e-01 7.832769356417018658e-01 7.704513817542021359e-01 4.047900363355227960e-01 1.163796358115927854e+00 8.866001777282856988e-01 7.423611947934675159e-01 5.897288028030234219e-01 3.724452108746110213e-01 9.460596273364059172e-01 1.037663375627190465e+00 3.692479855716270798e-01 5.697330616658101698e-01 4.816278689898770282e-01 5.840552527583074971e-01 4.256395984758896689e-01 0.000000000000000000e+00 5.116494210552641198e-01 5.039932008130828534e-01 9.119782954693915755e-01 6.382755756752264142e-01 1.083114712326721296e+00 3.133813026438553861e-01 7.984778218852515153e-01 4.599571089815043812e-01 5.563108517314896417e-01 1.190924373921432355e+00 8.277092368160888780e-01 8.295256797207034571e-01 5.301844490968425916e-01 4.523375193870640132e-01 6.513382117487467315e-01 5.664648928082939294e-01 5.089878739985463918e-01 8.131282502631108633e-01 2.599684818040101097e-01 4.163019813926356338e-01 3.466263870608700670e-01 1.024049497332881309e+00 5.693501379098949711e-01 9.421066932906017044e-01 2.096776415293283014e-01 5.672828363858918310e-01 1.007123438764705448e+00 5.757247784227530474e-01 2.945394713323021274e-01
5.387661238542060804e-01 1.592955103006855833e+00 9.319927128393981075e-01 1.268515724285429691e+00 4.784950187702454727e-01 9.811541401418399921e-01 8.060135340397086567e-01 5.962610743321132833e-01 1.301350413440617526e+00 6.959653557902764076e-01 4.772928184771563220e-01 7.341585120778164608e-01 3.522284312946772911e-01 1.175433765456491919e+00 1.099014579842581441e+00 3.385175787498728717e-01 3.400838732908916806e-01 4.424784577375387440e-01 6.354191218297995380e-01 6.700035759429217030e-01 5.116494210552641198e-01 0.000000000000000000e+00 6.045754208296112431e-01 1.057449333007314918e+00 8.706325647039458993e-01 1.105513973800357652e+00 3.064329533938349170e-01 9.792619861260329905e-01 6.228191947352945679e-01 7.377589594554767594e-01 1.343718110740627969e+00 8.501991818401281042e-01 9.854468212104939839e-01 2.712162032210653773e-01 2.588745843388340351e-01 4.908513610548388972e-01 5.295003915710955189e-01 3.428582058110856146e-01 9.368951205092430623e-01 4.146184642357888528e-01 3.251633447253458598e-01 3.966716771616594639e-01 9.875300369770999565e-01 6.903042805436752083e-01 1.110020959814687291e+00 5.060350162824098774e-01 7.480670006266734173e-01 1.157272657911161629e+00 5.023201099513632251e-01 2.291105528705139616e-01
8.765866233880383884e-01 1.205158545600536923e+00 3.325858278540864688e-01 8.967839182471954995e-01 6.664512259462752608e-01 6.517068650557238385e-01 6.961612762068601912e-01 7.366360988646163399e-01 8.931304202451080254e-01 1.052514985879837939e+00 8.237667910017202333e-01 3.407970458143375070e-01 4.798755871230631076e-01 8.553728274129217546e-01 7.376245744003802063e-01 4.898238360041715644e-01 7.590789601115844887e-01 4.434354505885709785e-01 3.389115624288813189e-01 3.570336390391599668e-01 5.039932008130828534e-01 6.045754208296112431e-01 0.000000000000000000e+00 6.596761121736142153e-01 5.918722665862707899e-01 9.776018031769849737e-01 5.770354468120921787e-01 6.249622425798726510e-01 5.715455069039353519e-01 3.921302416885669162e-01 9.559215533343087268e-01 5.727552322334537038e-01 8.582108760655057234e-01 4.965710466902497622e-01 5.357262894370319328e-01 8.292029603684111239e-01 4.808783579977209399e-01 4.557251125675426673e-01 5.162417581539078260e-01 2.442625614594973460e-01 6.314751709085901776e-01 5.864759639955112736e-01 7.789906184322357152e-01 2.137842271341635902e-01 7.339650680293559049e-01 5.671601390018451427e-01 3.937672570805132444e-01 7.664393017247067563e-01 5.337829214858577087e-01 5.260347020922714334e-01
1.295156887021959635e+00 6.654740426638859896e-01 8.883543927658733574e-01 5.169579177288443628e-01 1.129753045126081323e+00 8.992709901750637336e-01 8.241382528949261488e-01 1.144032323789030414e+00 3.225113822590189305e-01 1.505388898057542058e+00 1.276640703179424019e+00 3.240098330749582312e-01 8.997797682524288909e-01 3.826980869866620782e-01 3.274557665514090665e-01 9.592340832869695744e-01 1.209532089590897641e+00 8.974594704046666704e-01 6.209562724654508203e-01 6.759922669275221230e-01 9.119782954693915755e-01 1.057449333007314918e+00 6.596761121736142153e-01 0.000000000000000000e+00 5.330597840842895563e-01 5.814403162837633587e-01 9.852141551761443017e-01 3.050135878000473366e-01 7.846701196912387877e-01 6.256850003171023911e-01 4.136590218198989977e-01 5.680633031551766132e-01 6.454912510393845393e-01 9.494449588679533258e-01 9.886002016147356075e-01 1.281039888229207113e+00 8.640595249517285525e-01 9.218971007490236458e-01 3.229051519565869777e-01 6.614276735463520129e-01 1.050045434542511424e+00 9.935146366246919714e-01 5.715513665372651264e-01 5.162797878207728841e-01 3.001234647322366111e-01 9.751452336581536429e-01 4.839201664373655176e-01 2.093031394113158139e-01 9.910519135790082368e-01 9.444462855914947941e-01
1.041876540719539834e+00 8.416982216057720123e-01 8.725497577451331033e-01 6.278102583437965567e-01 9.865754628381352420e-01 7.026925658796350227e-01 3.355877745391749878e-01 8.203496934754547221e-01 7.990383211774950700e-01 1.267063284575740800e+00 1.119144286464678339e+00 3.483617233523124690e-01 7.267272772260850999e-01 3.169248120656102397e-01 7.177848135099804683e-01 5.517244336173082742e-01 9.501961685132652713e-01 7.540634304202840088e-01 6.518091927067742875e-01 3.290955377554026784e-01 6.382755756752264142e-01 8.706325647039458993e-01 5.918722665862707899e-01 5.330597840842895563e-01 0.000000000000000000e+00 5.222723260143560253e-01 7.158628410547828169e-01 3.217591912923883912e-01 2.925349664567654662e-01 4.328862773425306565e-01 5.844716541823836709e-01 5.889970557143753283e-01 2.791406512832004805e-01 8.060489188835711083e-01 8.289985875743265398e-01 1.031801318596202943e+00 5.295837074881284412e-01 7.791863858076344407e-01 5.458751360514941808e-01 5.026299173115869046e-01 7.967650882400909573e-01 6.415900103473156646e-01 5.500998789144920798e-01 5.361416429486789426e-01 5.066970984402451306e-01 7.053543359784473221e-01 2.180476442248328039e-01 5.744234901693047179e-01 8.476558735946261303e-01 6.764954391663116073e-01
1.486715677371033495e+00 6.137493426433242583e-01 1.231472420646841259e+00 8.907530611140406229e-01 1.232861011979040411e+00 1.190149963838316838e+00 3.150675834668535402e-01 1.246898755516334889e+00 8.499341355870916326e-01 1.711902421227235349e+00 1.493321646976918382e+00 7.505299251600733301e-01 1.172738209821357680e+00 3.288587755322578965e-01 3.110359159417937502e-01 7.930404304166556173e-01 1.395035305164759931e+00 1.109796054637634866e+00 6.759528362297281268e-01 8.260804809323479825e-01 1.083114712326721296e+00 1.105513973800357652e+00 9.776018031769849737e-01 5.814403162837633587e-01 5.222723260143560253e-01 0.000000000000000000e+00 1.127982379402848068e+00 5.834269229460459227e-01 6.440043397545489601e-01 9.194703735614794260e-01 3.509743641908240619e-01 4.165916163384261184e-01 2.660848011821660974e-01 1.157928081599457037e+00 1.205281145412230082e+00 1.476640455247696382e+00 6.141930570385288890e-01 9.987829564816839145e-01 5.206696544392990234e-01 9.486738308880894310e-01 1.241604224891585950e+00 1.013658830237921915e+00 2.139054199828902270e-01 8.536993244132495828e-01 7.035488741092157383e-01 1.150193472629942093e+00 7.031309198610059541e-01 3.862003295480564424e-01 1.149406240037960991e+00 1.121334575817806822e+00
6.362000643473049166e-01 1.513397225894413278e+00 9.013933129454502202e-01 1.162338707530319537e+00 6.754437892151875511e-01 8.580628505652333482e-01 8.172117580245826796e-01 3.061114874374488148e-01 1.237032217822680691e+00 8.744762269074469740e-01 7.337852398657128683e-01 6.629646625097761481e-01 3.939988753454655712e-01 1.023646892715962542e+00 1.110521830605133653e+00 3.421754669923868786e-01 5.121798797262858693e-01 5.503760784337634604e-01 6.569137077362520172e-01 5.028094760340966474e-01 3.133813026438553861e-01 3.064329533938349170e-01 5.770354468120921787e-01 9.852141551761443017e-01 7.158628410547828169e-01 1.127982379402848068e+00 0.000000000000000000e+00 8.717136815920043524e-01 5.382673025818810464e-01 6.296556595785612886e-01 1.264160233628184304e+00 8.993499583221925553e-01 9.071129451002596378e-01 5.140331621243882099e-01 4.441718124276076707e-01 6.327417825226201442e-01 5.822604621487399434e-01 4.931878297234179032e-01 8.863641099698640335e-01 3.332043415107630580e-01 3.996189911155215713e-01 2.304411948894330708e-01 1.063725190856958047e+00 6.425859976166481413e-01 1.015342552997354542e+00 2.288909765427400989e-01 6.405186960926445572e-01 1.080359298471458063e+00 6.444729878666395351e-01 1.978216310950826062e-01
1.197727381256760371e+00 7.779363517183623955e-01 8.781559423522710128e-01 3.113652230312495273e-01 1.051565698244798952e+00 7.469842875410109828e-01 6.527602507263710052e-01 1.030083816769716387e+00 5.790749480147480144e-01 1.420429141119963878e+00 1.195538776251973356e+00 2.967535476582963128e-01 8.093624336675437902e-01 3.096585483226884650e-01 5.156032526495337720e-01 8.181785884916037421e-01 1.106047009050486585e+00 8.192721235233846322e-01 6.674404491705804299e-01 5.144221689763026628e-01 7.984778218852515153e-01 9.792619861260329905e-01 6.249622425798726510e-01 3.050135878000473366e-01 3.217591912923883912e-01 5.834269229460459227e-01 8.717136815920043524e-01 0.000000000000000000e+00 5.883934877950346420e-01 4.763046972641737375e-01 5.252618458025979375e-01 6.571080882021380631e-01 4.411565273093764894e-01 8.712576119866717317e-01 9.053930773616221117e-01 1.185491302303314010e+00 8.344242830420658397e-01 8.437097538677416075e-01 4.024603033481665149e-01 5.710103389614670233e-01 9.526159287773128259e-01 8.795661296053782774e-01 6.963379548301562583e-01 5.133333385185506748e-01 2.109395258574853493e-01 8.616447600740136936e-01 2.956415366018049773e-01 3.676821734731814950e-01 9.128645666977264206e-01 8.323462797035331429e-01
8.642810022466371755e-01 1.050524240367714857e+00 8.796719245784072605e-01 8.921103055253485348e-01 7.676675271884506602e-01 7.258052963155288140e-01 3.315157671970688225e-01 6.177216848896368573e-01 1.050648656784444412e+00 1.089467746102839252e+00 9.452287631680210689e-01 5.292312568169551534e-01 5.550791415663522965e-01 5.933487930097952612e-01 7.864028981003108321e-01 2.907832656274688121e-01 7.726006300403632787e-01 5.878451150904112632e-01 4.334443443132268703e-01 2.909749629724401876e-01 4.599571089815043812e-01 6.228191947352945679e-01 5.715455069039353519e-01 7.846701196912387877e-01 2.925349664567654662e-01 6.440043397545489601e-01 5.382673025818810464e-01 5.883934877950346420e-01 0.000000000000000000e+00 5.035112513257817834e-01 7.928326724219556532e-01 5.144676694517575921e-01 3.911874814388790478e-01 6.398306035536981407e-01 6.552050877616176772e-01 8.542057801233002845e-01 2.518162138280309326e-01 5.335894716910940527e-01 7.295044137438694287e-01 3.364116019817141590e-01 6.191695497671892978e-01 4.093897202192472440e-01 5.819005627567531702e-01 6.138809068514865519e-01 7.632176215276087472e-01 5.277587975055453295e-01 3.281172486055169979e-01 8.320727013230280189e-01 6.814375582647532736e-01 4.988999006934097813e-01
9.556693592433171958e-01 1.149119063844324717e+00 6.818699755174627564e-01 7.758820711805198833e-01 8.100626715742430539e-01 2.781899762256858089e-01 6.770401005601340838e-01 7.840079117079525872e-01 8.831787638840146171e-01 1.178926114449407203e+00 9.540357495814173472e-01 3.175541281611177213e-01 5.678594069969874480e-01 6.963868381691814546e-01 7.845963775885012037e-01 5.992096712058916363e-01 8.639889870370436320e-01 5.777690968528285120e-01 5.761969142416678569e-01 2.839766816494960766e-01 5.563108517314896417e-01 7.377589594554767594e-01 3.921302416885669162e-01 6.256850003171023911e-01 4.328862773425306565e-01 9.194703735614794260e-01 6.296556595785612886e-01 4.763046972641737375e-01 5.035112513257817834e-01 0.000000000000000000e+00 8.998820715780960766e-01 7.465858135051834932e-01 6.992248868217655344e-01 6.297545853161153895e-01 6.638900506910658805e-01 9.439882756327578894e-01 6.825772039466655450e-01 6.022067271971852653e-01 5.540692612021046459e-01 3.295073122909105146e-01 7.105579067638697621e-01 6.334902245436146995e-01 9.232565528634902874e-01 3.699551352545376037e-01 6.365780226866462055e-01 6.195867380605705188e-01 2.347812678367730554e-01 7.160811364213696129e-01 6.713615400271704114e-01 5.902882576900899680e-01
1.578501109985793960e+00 2.788875866311100182e-01 1.197731067277653327e+00 7.438874222411313575e-01 1.416021822859395041e+00 1.173468061436057752e+00 6.482433764723832814e-01 1.381715199298054531e+00 7.205037668858009781e-01 1.791657675790854887e+00 1.562909480912737958e+00 6.158398061009078273e-01 1.183123991216263660e+00 2.730397154006588001e-01 3.439138893099304428e-01 1.077273454261048480e+00 1.492876312554732188e+00 1.183728248137980499e+00 7.878181337414020824e-01 9.025798217200333706e-01 1.190924373921432355e+00 1.343718110740627969e+00 9.559215533343087268e-01 4.136590218198989977e-01 5.844716541823836709e-01 3.509743641908240619e-01 1.264160233628184304e+00 5.252618458025979375e-01 7.928326724219556532e-01 8.998820715780960766e-01 0.000000000000000000e+00 5.506622158614860041e-01 4.280171658965775672e-01 1.235713736601266710e+00 1.274868979348048770e+00 1.564384111193040772e+00 9.130022704625295749e-01 1.208165878482337918e+00 5.718463063557805981e-01 9.447718965101864486e-01 1.333389657506345527e+00 1.198246830426151321e+00 4.267075101191628028e-01 8.308730712826091214e-01 5.225977454729506810e-01 1.254091312110194201e+00 7.415052235180891183e-01 2.059809778707149819e-01 1.277320691312322065e+00 1.224792831739713872e+00
1.198901134898138876e+00 8.078344174405449607e-01 8.282708426273190927e-01 9.135774523636295275e-01 8.980274097087656004e-01 1.020171803363144836e+00 2.776838849981188018e-01 1.061760850508630449e+00 7.678980325781691318e-01 1.335018294183796472e+00 1.106270099305678434e+00 4.301546718335459984e-01 8.021900986331628181e-01 6.914527595493564771e-01 2.840954527142058872e-01 6.019681207313705151e-01 1.041582268415543355e+00 7.232681589589144977e-01 2.696106686521123064e-01 7.711309099699557024e-01 8.277092368160888780e-01 8.501991818401281042e-01 5.727552322334537038e-01 5.680633031551766132e-01 5.889970557143753283e-01 4.165916163384261184e-01 8.993499583221925553e-01 6.571080882021380631e-01 5.144676694517575921e-01 7.465858135051834932e-01 5.506622158614860041e-01 0.000000000000000000e+00 4.842608753990739201e-01 7.790743549942081847e-01 8.182295977409904664e-01 1.111706268672369768e+00 3.924066752015072934e-01 6.639170732834638322e-01 2.546477848539718813e-01 5.695346243022787469e-01 9.537896824186909983e-01 8.338765322214128917e-01 2.195232632626790414e-01 4.615599134114626856e-01 7.376429904905530410e-01 8.902499515802519969e-01 6.331978327517358007e-01 4.993678053790403526e-01 7.728920266197999434e-01 8.483492136023709218e-01
