0.000000000000000000e+00 1.564552193395898350e+00 1.378102301879147396e+00 9.171527350641960341e-01 1.183873985050831079e+00 8.683360833208323415e-01 6.876786439080356805e-01 6.137938304654477761e-01 1.121627012911569077e+00 9.937155514015710844e-01 5.039678142426672336e-01 5.477175959679786432e-01 3.540370367007834584e-01 8.485913196388547020e-01 8.848142368266713742e-01 2.765430168292402624e-01 9.958537950544665840e-01 5.968666738818401152e-01 6.522022943311004406e-01 2.615061924657676729e-01 1.332715904649603544e+00 4.648770252369126554e-01 4.739750527524321244e-01 7.997126473000343294e-01 6.822202209737917578e-01 4.346091472732727112e-01 1.189196488164003807e+00 2.016745857423860588e-01 9.218589518606485900e-01 7.307450305491012266e-01 7.281229037550637218e-01 6.707039401203399587e-01 1.037693072414157980e+00 2.155582816695387760e-01 1.595763637529061807e-01 1.576815510010425025e-01 5.191080016779699990e-01 7.192372256560811694e-01 8.712360071543648887e-01 5.390089269725583110e-01 3.252369041552062856e-01 5.318368821269235935e-01 9.032703119441638506e-01 5.956930460802779548e-01 1.052517914201350990e+00 9.765379003384003775e-01 5.426189267042337283e-01 1.193079938242423976e+00 7.912090372580005138e-01 3.077578249358109419e-01
1.564552193395898350e+00 0.000000000000000000e+00 1.342201945701426924e+00 1.638941355299463831e+00 9.210924995860454434e-01 1.568273294338761392e+00 9.009320022933722250e-01 1.080856456350422379e+00 4.608894440327621633e-01 9.431863051841358203e-01 1.209142632583784183e+00 1.276870751968734119e+00 1.238296495258017105e+00 8.191347879805940257e-01 7.939375506537372784e-01 1.576253700783450284e+00 7.613580291066808226e-01 1.044180731920829386e+00 9.735665140875232604e-01 1.308786663743612300e+00 2.356936640814586703e-01 1.115805088949185730e+00 1.092771778172641151e+00 8.876294690070121174e-01 1.382775400378910335e+00 1.218699454527450765e+00 1.150191718226562188e+00 1.437086917632522054e+00 6.434894422950270254e-01 1.010719181270408384e+00 1.447910940507763922e+00 9.018663196572139773e-01 6.284835302115863165e-01 1.596210676366883519e+00 1.417709813181458278e+00 1.587442986529847389e+00 1.183526069090264699e+00 8.530843922132828050e-01 8.535871960862289054e-01 1.166696252807029044e+00 1.241326447548595446e+00 1.042029053199056809e+00 7.536020425560826519e-01 1.055321666950153281e+00 7.861634575958600379e-01 8.572156716388790176e-01 1.086609415121176481e+00 3.764167785865381033e-01 8.460508248353360017e-01 1.334619389097472464e+00
1.378102301879147396e+00 1.342201945701426924e+00 0.000000000000000000e+00 1.608510073315465805e+00 9.096856191451123674e-01 1.412685609098094375e+00 9.450733226624342675e-01 7.918399248409542235e-01 9.092068330340378202e-01 4.053461080622536850e-01 1.020500531769740649e+00 1.245915980263504474e+00 1.130293161920817191e+00 8.683606104453219787e-01 7.221236456112271052e-01 1.438745027451104219e+00 6.665883384001315415e-01 1.050025670098220676e+00 7.816714235211511541e-01 1.170759258862745567e+00 1.111587231650161600e+00 1.142405592980368256e+00 1.032383394650039143e+00 5.938667063465977725e-01 1.227474772322699303e+00 9.490444058158227225e-01 2.061258503307830947e-01 1.255649330676204878e+00 7.669621901888458160e-01 8.926226282645521870e-01 1.417479658523766117e+00 1.012724750515950234e+00 7.871970516838771026e-01 1.418706450253721219e+00 1.299678324908569271e+00 1.469411498256958604e+00 9.477396714578911752e-01 7.919945760936754064e-01 7.100468497482084196e-01 1.143760484547518219e+00 1.223043951660002238e+00 1.144089802925424948e+00 6.007387004080999571e-01 7.833974139029399320e-01 7.842467386144100772e-01 5.363964109457525220e-01 9.220034778321416491e-01 9.729591389777664245e-01 6.566619801175852533e-01 1.071362247260919665e+00
9.171527350641960341e-01 1.638941355299463831e+00 1.608510073315465805e+00 0.000000000000000000e+00 1.411219136647478445e+00 1.131507602323807538e+00 7.412072156439359905e-01 1.042272413163127354e+00 1.202338366208809184e+00 1.216729585210483355e+00 7.721668708034643558e-01 3.784098821316836947e-01 7.309648831849381301e-01 1.056563414350888630e+00 9.953828192271646502e-01 9.598052561221013246e-01 1.203201516335128618e+00 8.624984520936090915e-01 8.386728806706985617e-01 6.731135745291649819e-01 1.406734479573450658e+00 5.836661607040060096e-01 5.956595916912782451e-01 1.081233588323243122e+00 9.418240386717267043e-01 8.224708631551962412e-01 1.416499845840601735e+00 8.552861763574018950e-01 9.980924376567343881e-01 1.055770005587158611e+00 1.932995887898580623e-01 8.415896020100591679e-01 1.149038362208422592e+00 1.000060916269050137e+00 7.931895485906139687e-01 9.527612318151305049e-01 9.101448203596901321e-01 8.203098044713794668e-01 1.202855563423032237e+00 4.743695640939609715e-01 6.083534964966219594e-01 7.357420448896339060e-01 1.068521778222228713e+00 9.354347356548705639e-01 1.274984257249052177e+00 1.209100456183860306e+00 7.277988881109981323e-01 1.267098513166270646e+00 9.547862467366169392e-01 7.587344976424232890e-01
1.183873985050831079e+00 9.210924995860454434e-01 9.096856191451123674e-01 1.411219136647478445e+00 0.000000000000000000e+00 1.270179448660283317e+00 6.762554727825597078e-01 5.700801545853837471e-01 4.786372225881279086e-01 5.100102207305474700e-01 8.858069225331436369e-01 1.048625043595517337e+00 8.996984374841027199e-01 3.937249477989313018e-01 4.980409528146313436e-01 1.236322033490838468e+00 2.647781447232627761e-01 6.439550134480542809e-01 6.424114611677684827e-01 9.948379657423209732e-01 6.926505662169775146e-01 8.574071170460962898e-01 8.578435129832435724e-01 4.274821731272168135e-01 1.084681554700432260e+00 7.685600195895202491e-01 7.176753916702482972e-01 1.061002988622239851e+00 4.367503499075766626e-01 5.199655922057594415e-01 1.220188721855779423e+00 5.950654021904994151e-01 3.093551658935604354e-01 1.224060108199755970e+00 1.094809706302968921e+00 1.264542879651358254e+00 6.890621063117420286e-01 6.006695764674094828e-01 3.229788856690603560e-01 9.373750962940224918e-01 9.406676579219660495e-01 7.232307224443315086e-01 3.648004157403884062e-01 6.174580700129091992e-01 1.367651883553312187e-01 3.977210460723545338e-01 7.827435154787586447e-01 5.675140892618306676e-01 5.011483350092357236e-01 8.771339304326037922e-01
8.683360833208323415e-01 1.568273294338761392e+00 1.412685609098094375e+00 1.131507602323807538e+00 1.270179448660283317e+00 0.000000000000000000e+00 7.364266777769646888e-01 7.895056016397320464e-01 1.136649086735112890e+00 1.020905120993111925e+00 3.923466535306554537e-01 7.580809847794274248e-01 7.558205612233239723e-01 1.080568030865860285e+00 8.659998601919727257e-01 9.663223754367251672e-01 1.042529359351560547e+00 9.098055151813120300e-01 6.313012427613985400e-01 6.203448857429948449e-01 1.336066418612748885e+00 7.331059280078477958e-01 5.764552806804997820e-01 8.569441821582650665e-01 2.087478420100689902e-01 5.913544801392319750e-01 1.220675381623229416e+00 7.799520138624977950e-01 9.448146422911265496e-01 9.691853805775411113e-01 9.435102397241901251e-01 9.043108209183852164e-01 1.103237399025803533e+00 9.323499298966413384e-01 7.892895594435737072e-01 9.435984159646197966e-01 7.750446503358041639e-01 7.219433520748191890e-01 9.841110089230808988e-01 7.449834371418916357e-01 6.858627113930694241e-01 8.689842665584346371e-01 9.078700376299622121e-01 6.658466575091932516e-01 1.144249520689906818e+00 1.024331675512297535e+00 4.990411603370529248e-01 1.196430452205568651e+00 7.761041298686779388e-01 6.307299268299952910e-01
6.876786439080356805e-01 9.009320022933722250e-01 9.450733226624342675e-01 7.412072156439359905e-01 6.762554727825597078e-01 7.364266777769646888e-01 0.000000000000000000e+00 5.667049414375492367e-01 4.643290132027169670e-01 5.532928345574520401e-01 3.908751801262903558e-01 3.851588312082873111e-01 3.912531135842073904e-01 3.441413530888954853e-01 3.079591049809094483e-01 7.125198591383062885e-01 4.736434947547026320e-01 3.235424815508625151e-01 2.854592186708524437e-01 4.333835057807541302e-01 6.687251265673583855e-01 2.323699862862285137e-01 2.168584736043698835e-01 4.423964525091429456e-01 5.503224687744235899e-01 4.457960951791142268e-01 7.530630951875700863e-01 5.824741499567128722e-01 2.600830846506424487e-01 4.623723759571110592e-01 5.503197339610683692e-01 1.719860227514369844e-01 4.105341540086967500e-01 7.388131640204456119e-01 5.504403252613776498e-01 7.158074626869770363e-01 4.819370082386332244e-01 1.531068595031120916e-01 4.971832188458581436e-01 2.670620058304848388e-01 3.640823110810144092e-01 2.214888064007798640e-01 3.603243811975639921e-01 4.295281875498564439e-01 5.397194239241391855e-01 5.104385643988743615e-01 2.733513931493644078e-01 5.290891601601784844e-01 2.946494560478453151e-01 5.010532796683182521e-01
6.137938304654477761e-01 1.080856456350422379e+00 7.918399248409542235e-01 1.042272413163127354e+00 5.700801545853837471e-01 7.895056016397320464e-01 5.667049414375492367e-01 0.000000000000000000e+00 6.561716548134214344e-01 4.074531743633776348e-01 3.997752118711072611e-01 6.705141026736616272e-01 3.492287991063455221e-01 3.395680380000054011e-01 4.247060506792479373e-01 6.662418789054549428e-01 3.859615777250565150e-01 2.779367849425029569e-01 2.844480774491398578e-01 4.316353283090950121e-01 8.476417068896243689e-01 5.302792198071692997e-01 4.902071160975717823e-01 2.134502702618408798e-01 6.107061315018417202e-01 2.208021993667971250e-01 6.029341111258100794e-01 4.909228340368557708e-01 4.989674840674721001e-01 2.119642310575609589e-01 8.542750505635097191e-01 4.416986590679946034e-01 4.841592962747071072e-01 6.539799536143715564e-01 5.256073462765089577e-01 6.953405196248985121e-01 1.558997466169371737e-01 4.166829425568263079e-01 2.574421766889171126e-01 6.339601731729516132e-01 4.787889974295468920e-01 3.879162672496346831e-01 3.328570111675794307e-01 1.389052301559353109e-01 4.387240837359032697e-01 3.902755233002069279e-01 3.417866299289616383e-01 7.090136142172289713e-01 3.220940613903603977e-01 3.070537758472200451e-01
1.121627012911569077e+00 4.608894440327621633e-01 9.092068330340378202e-01 1.202338366208809184e+00 4.786372225881279086e-01 1.136649086735112890e+00 4.643290132027169670e-01 6.561716548134214344e-01 0.000000000000000000e+00 5.101911925167462725e-01 7.775184249801351255e-01 8.402677628780800267e-01 7.953713147736871658e-01 3.585610798299643243e-01 3.623485123084091986e-01 1.133328520299121012e+00 3.193983050494250686e-01 5.908299157306601268e-01 5.419423064838735371e-01 8.726579826200897561e-01 2.415286298202529158e-01 6.792020998585310831e-01 6.563959617063637175e-01 4.656994140144265493e-01 9.511511927752620554e-01 7.885314523011985877e-01 7.171966055591734168e-01 9.941617371481928922e-01 2.056315050022373137e-01 5.501454731197786829e-01 1.011307951417110162e+00 4.589411391728830947e-01 1.749656885935902961e-01 1.153285495882554246e+00 9.747846326971287834e-01 1.144517806045518116e+00 7.264420681686593051e-01 4.211214440305644513e-01 4.092061309506834776e-01 7.300932637163746186e-01 8.001360520149523037e-01 5.991038727147262044e-01 3.316719875634971393e-01 6.333916119575677683e-01 3.430664468132220146e-01 4.242205589714891922e-01 6.549852075175269794e-01 1.329465736806717813e-01 4.196876254158786179e-01 8.845488786646558133e-01
9.937155514015710844e-01 9.431863051841358203e-01 4.053461080622536850e-01 1.216729585210483355e+00 5.100102207305474700e-01 1.020905120993111925e+00 5.532928345574520401e-01 4.074531743633776348e-01 5.101911925167462725e-01 0.000000000000000000e+00 6.287200436647588653e-01 8.541354921585223581e-01 7.459064114432405468e-01 4.721097671793244022e-01 3.303431575062449888e-01 1.054358276973527797e+00 2.669129399855664220e-01 6.656389196206442538e-01 3.898909354161688712e-01 7.863725083851690334e-01 7.136576363302233883e-01 7.506251048753864730e-01 6.406029065450572491e-01 2.094799558690212948e-01 8.356942842177166320e-01 5.646576553382458563e-01 2.116346564464981761e-01 8.712625801986282337e-01 3.690325948689073821e-01 5.082358777869760980e-01 1.025699170418784556e+00 6.147951551960118000e-01 3.875216532693122051e-01 1.034319699776144130e+00 9.152915744309918500e-01 1.085024747779381071e+00 5.633529209803147531e-01 4.002140879886931790e-01 3.197190459096318493e-01 7.519799964425358807e-01 8.312634635550207873e-01 7.461602076054870691e-01 2.028091050881613844e-01 3.990106634253632323e-01 3.845713401998450132e-01 1.360857639051950008e-01 5.302229897271589776e-01 5.750295436578278796e-01 2.648814920126029149e-01 6.869754967833433534e-01
5.039678142426672336e-01 1.209142632583784183e+00 1.020500531769740649e+00 7.721668708034643558e-01 8.858069225331436369e-01 3.923466535306554537e-01 3.908751801262903558e-01 3.997752118711072611e-01 7.775184249801351255e-01 6.287200436647588653e-01 0.000000000000000000e+00 3.987402532590840210e-01 3.847100310140866286e-01 7.276142553124320678e-01 4.939150726693330440e-01 6.033483813604827439e-01 6.581568332244209785e-01 5.292821552935753626e-01 2.433954613653752652e-01 2.573708916667524216e-01 9.769357568577711204e-01 3.717051009662179495e-01 2.208166718274566231e-01 4.647591048299117844e-01 2.135471833927651830e-01 2.068038762792408780e-01 8.284903042948768004e-01 4.152072417915984026e-01 5.888896380312037548e-01 5.811966626389494239e-01 5.841695082038466103e-01 5.526119283177852726e-01 7.473123947658808497e-01 5.679816608184765636e-01 4.263155653673313394e-01 5.806244218883772623e-01 3.904940464758128171e-01 3.703087729294676222e-01 5.935345901070241403e-01 3.893448282888480882e-01 3.231588788404719526e-01 5.075834395168047353e-01 5.234975115028225323e-01 2.752702386931364931e-01 7.570918104484193334e-01 6.350940735945119764e-01 1.332045846056013616e-01 8.372997904505911082e-01 3.925216847413279808e-01 2.618178478125676722e-01
5.477175959679786432e-01 1.276870751968734119e+00 1.245915980263504474e+00 3.784098821316836947e-01 1.048625043595517337e+00 7.580809847794274248e-01 3.851588312082873111e-01 6.705141026736616272e-01 8.402677628780800267e-01 8.541354921585223581e-01 3.987402532590840210e-01 0.000000000000000000e+00 3.647247676358367774e-01 6.944902287695765564e-01 6.327887261752043191e-01 5.920261270051140334e-01 8.406074232831677318e-01 4.973675035741426664e-01 4.646616365321795117e-01 3.013552640396994220e-01 1.044663876242721168e+00 2.253658775989980378e-01 2.216483475527596669e-01 7.072223441847241832e-01 5.683974211273460364e-01 4.507125526657304593e-01 1.053905752788640626e+00 4.875070472404148814e-01 6.360218343260052309e-01 6.906390570676922414e-01 1.908081628897286830e-01 4.845812911439235648e-01 7.869677588776933241e-01 6.322817871520627353e-01 4.250676972565148870e-01 5.846393804810312567e-01 5.439047048105885018e-01 4.577157114194189691e-01 8.407823778417207183e-01 1.472140332583093125e-01 2.413599361822494627e-01 3.706110963701676475e-01 7.059276851702683819e-01 5.620081181104898960e-01 9.156580927180021368e-01 8.465063631318996418e-01 3.543722705666177974e-01 9.050279098355412666e-01 5.921921536846563860e-01 3.869761871529575625e-01
3.540370367007834584e-01 1.238296495258017105e+00 1.130293161920817191e+00 7.309648831849381301e-01 8.996984374841027199e-01 7.558205612233239723e-01 3.912531135842073904e-01 3.492287991063455221e-01 7.953713147736871658e-01 7.459064114432405468e-01 3.847100310140866286e-01 3.647247676358367774e-01 0.000000000000000000e+00 5.074680697930631368e-01 6.874211789391394545e-01 3.490193639294446037e-01 7.288372768228185139e-01 2.557434240360486610e-01 4.736174745367850436e-01 2.410546812149200469e-01 1.007242387383402438e+00 2.219420013870664066e-01 3.453074707338149585e-01 5.519035073417039028e-01 5.738007439037731139e-01 2.233820367845001931e-01 9.413873482056732689e-01 2.002810104973556105e-01 5.956032537227662349e-01 4.153154714302529915e-01 5.419350518758060398e-01 3.402607954837849613e-01 7.023808597911949114e-01 3.594047692317176579e-01 2.029530958201020696e-01 3.726862691684917350e-01 2.189840722968462161e-01 5.242558178195726448e-01 5.865029507888648297e-01 3.278787442701590615e-01 1.483718677461278168e-01 2.010056586845046789e-01 6.713102482474424537e-01 3.685545386586729366e-01 7.631623886256824196e-01 7.287287603800699509e-01 3.884115092924053658e-01 8.672954276246158667e-01 5.978407134753128682e-01 1.335625935719964574e-01
8.485913196388547020e-01 8.191347879805940257e-01 8.683606104453219787e-01 1.056563414350888630e+00 3.937249477989313018e-01 1.080568030865860285e+00 3.441413530888954853e-01 3.395680380000054011e-01 3.585610798299643243e-01 4.721097671793244022e-01 7.276142553124320678e-01 6.944902287695765564e-01 5.074680697930631368e-01 0.000000000000000000e+00 3.974424446562248581e-01 8.564874337225079071e-01 2.623174636010360272e-01 2.517246457570145868e-01 5.382733720855720216e-01 6.877868350703196798e-01 5.982008362006803193e-01 4.743183680544494907e-01 5.514313482129469257e-01 3.084483798247301678e-01 8.944638218633190752e-01 5.549308758780859829e-01 6.794547967301783897e-01 7.027616660584059538e-01 2.015395548922555569e-01 1.942081172211189144e-01 8.669689948514570643e-01 2.235065283606486319e-01 2.158635743604012946e-01 8.653710388836229894e-01 7.070796637012080055e-01 8.768128370495975599e-01 3.749003056458151129e-01 4.060270825748460433e-01 1.583137606971138367e-01 5.915287039600894969e-01 5.529376153202053557e-01 3.355006798425708703e-01 3.476170797560178549e-01 4.523440166192959078e-01 2.571888989405107240e-01 3.876358139665039837e-01 6.174927462382598931e-01 4.604772448406043162e-01 4.463757127675418990e-01 5.657122065663415800e-01
8.848142368266713742e-01 7.939375506537372784e-01 7.221236456112271052e-01 9.953828192271646502e-01 4.980409528146313436e-01 8.659998601919727257e-01 3.079591049809094483e-01 4.247060506792479373e-01 3.623485123084091986e-01 3.303431575062449888e-01 4.939150726693330440e-01 6.327887261752043191e-01 6.874211789391394545e-01 3.974424446562248581e-01 0.000000000000000000e+00 9.701455818257835872e-01 2.806440631182312018e-01 5.720896375088050378e-01 2.540050055834924825e-01 6.281572090377109951e-01 5.616143714055311653e-01 5.235073251554814844e-01 4.353210631030520750e-01 2.314790633358374539e-01 6.805019662321217799e-01 4.992134704008042156e-01 5.301134181363629239e-01 8.047110193782609500e-01 1.959028897639693012e-01 5.439822364684824274e-01 8.043524044354662950e-01 4.039372040649054085e-01 3.521402607746559887e-01 9.612462910235337610e-01 7.931127658326317942e-01 9.501258867232227345e-01 5.806057972961850000e-01 1.750730147557852390e-01 3.767377065442986672e-01 5.306332304592175086e-01 6.454896169198958145e-01 5.137521228929469164e-01 1.465526793076124545e-01 3.622079680753091391e-01 3.682437222934422105e-01 3.032804829054407403e-01 3.790495763624184833e-01 4.220947085205439264e-01 1.329217932586690409e-01 6.263811322442233154e-01
2.765430168292402624e-01 1.576253700783450284e+00 1.438745027451104219e+00 9.598052561221013246e-01 1.236322033490838468e+00 9.663223754367251672e-01 7.125198591383062885e-01 6.662418789054549428e-01 1.133328520299121012e+00 1.054358276973527797e+00 6.033483813604827439e-01 5.920261270051140334e-01 3.490193639294446037e-01 8.564874337225079071e-01 9.701455818257835872e-01 0.000000000000000000e+00 1.052203456630511846e+00 6.047627879654933203e-01 7.407141474270785286e-01 3.459774896937303779e-01 1.345199592908836506e+00 4.983342920128204234e-01 5.405588261542295658e-01 8.603553728719911531e-01 7.800838105504881437e-01 5.072044320098572090e-01 1.249839213735960630e+00 2.024390941016399326e-01 9.335604592482005248e-01 7.601413457347792058e-01 7.707754248129690122e-01 6.782180010092190292e-01 1.045866678651397041e+00 1.663052942397827416e-01 1.770328159931514878e-01 1.582397309360203674e-01 5.572252027399611229e-01 7.995229274215052140e-01 9.172126923768132434e-01 5.749539940751899891e-01 3.589008862912137499e-01 5.393509430158027751e-01 9.797621137777300371e-01 6.734780530858933689e-01 1.104965962641358601e+00 1.037180625910357312e+00 6.348821626390057649e-01 1.205252633150049935e+00 8.797208903539786018e-01 3.775009028672627887e-01
9.958537950544665840e-01 7.613580291066808226e-01 6.665883384001315415e-01 1.203201516335128618e+00 2.647781447232627761e-01 1.042529359351560547e+00 4.736434947547026320e-01 3.859615777250565150e-01 3.193983050494250686e-01 2.669129399855664220e-01 6.581568332244209785e-01 8.406074232831677318e-01 7.288372768228185139e-01 2.623174636010360272e-01 2.806440631182312018e-01 1.052203456630511846e+00 0.000000000000000000e+00 4.960414966441285545e-01 4.147613718590454912e-01 7.980623971914507786e-01 5.322987236717111603e-01 6.973545606118828344e-01 6.445843867432101693e-01 2.173101329038109042e-01 8.570314653917092684e-01 5.722167233589012802e-01 4.745781109252669716e-01 8.734008238515238443e-01 2.451182728304260872e-01 3.619122952442112573e-01 1.012171101543429597e+00 4.618003780813731973e-01 1.632242990251035475e-01 1.036457943429039741e+00 9.115689240015656392e-01 1.081302097349954972e+00 5.100047508781854200e-01 3.917143677840256299e-01 1.527847522425611893e-01 7.384169551215958860e-01 8.102796837053570789e-01 5.928427482277228711e-01 1.425634521772776164e-01 4.107005522316449220e-01 1.394767532172108138e-01 1.391204048696474127e-01 5.550934261700356531e-01 4.055182997004519452e-01 2.753332008639949313e-01 6.891137404362387420e-01
5.968666738818401152e-01 1.044180731920829386e+00 1.050025670098220676e+00 8.624984520936090915e-01 6.439550134480542809e-01 9.098055151813120300e-01 3.235424815508625151e-01 2.779367849425029569e-01 5.908299157306601268e-01 6.656389196206442538e-01 5.292821552935753626e-01 4.973675035741426664e-01 2.557434240360486610e-01 2.517246457570145868e-01 5.720896375088050378e-01 6.047627879654933203e-01 4.960414966441285545e-01 0.000000000000000000e+00 5.361265280697584679e-01 4.569590564278755429e-01 8.144768003752307362e-01 2.961015957403906884e-01 4.852500903338687888e-01 4.678258759954557200e-01 7.310060450434217039e-01 3.224782790143345124e-01 8.611198563830767538e-01 4.510370203013915336e-01 4.028376667145945889e-01 1.932715534935494084e-01 6.734686207844766681e-01 1.721453210087491859e-01 4.618350905032796994e-01 6.136463931266084026e-01 4.582436145941330974e-01 6.279767879425225408e-01 1.583945266877707647e-01 4.629452304100140081e-01 3.580942063216518423e-01 4.430715490724939087e-01 3.233629697751153054e-01 1.448560356929741444e-01 5.753943299926180810e-01 3.955682445072322695e-01 5.074189645896337586e-01 6.050357253158830106e-01 4.949891378950640464e-01 6.734064279824067967e-01 5.862347513061358928e-01 3.139875608093270487e-01
6.522022943311004406e-01 9.735665140875232604e-01 7.816714235211511541e-01 8.386728806706985617e-01 6.424114611677684827e-01 6.313012427613985400e-01 2.854592186708524437e-01 2.844480774491398578e-01 5.419423064838735371e-01 3.898909354161688712e-01 2.433954613653752652e-01 4.646616365321795117e-01 4.736174745367850436e-01 5.382733720855720216e-01 2.540050055834924825e-01 7.407141474270785286e-01 4.147613718590454912e-01 5.361265280697584679e-01 0.000000000000000000e+00 4.111583832875920219e-01 7.413596383615094210e-01 4.120482061344672986e-01 2.507119711288883779e-01 2.471147574082874498e-01 4.458033488015479828e-01 2.502354377522847950e-01 5.896611960462869728e-01 5.508009075577158242e-01 3.565624492012086644e-01 4.880757416561229967e-01 6.480803564303279085e-01 4.533049227302273776e-01 5.140696881880935099e-01 7.073361792029887463e-01 5.776268324945823540e-01 7.344119135092169737e-01 3.938517655053119237e-01 1.559636082689468406e-01 3.933137815342651056e-01 3.743611824540793442e-01 4.413725281388515831e-01 4.808729308122653423e-01 2.801020501374472671e-01 1.522834480023916581e-01 5.164815331973917623e-01 3.962649653459220378e-01 1.403320543109901342e-01 6.017236719543295198e-01 1.491262233759526878e-01 3.723761266607310549e-01
2.615061924657676729e-01 1.308786663743612300e+00 1.170759258862745567e+00 6.731135745291649819e-01 9.948379657423209732e-01 6.203448857429948449e-01 4.333835057807541302e-01 4.316353283090950121e-01 8.726579826200897561e-01 7.863725083851690334e-01 2.573708916667524216e-01 3.013552640396994220e-01 2.410546812149200469e-01 6.877868350703196798e-01 6.281572090377109951e-01 3.459774896937303779e-01 7.980623971914507786e-01 4.569590564278755429e-01 4.111583832875920219e-01 0.000000000000000000e+00 1.076579788017599348e+00 2.411957775331557974e-01 2.165250321763843855e-01 5.923696042836326114e-01 4.341063208567578213e-01 2.262779461528008074e-01 9.818534451476020886e-01 2.063489158425439729e-01 6.684120540680150713e-01 5.709967145625268747e-01 4.851162119295473474e-01 4.825980498696898491e-01 8.268348108026922771e-01 3.392058156739507502e-01 1.689446737005789456e-01 3.232535302216249518e-01 3.537604111240960081e-01 4.625801978671207904e-01 6.890775049980121247e-01 3.090543135038253952e-01 1.406221025241785327e-01 3.522861552277488650e-01 6.877271781561552499e-01 3.873618449598060232e-01 8.634818948928405513e-01 7.691948573219986596e-01 2.889945169782768275e-01 9.369438216104194472e-01 5.531405296910064662e-01 1.429714956185485220e-01
1.332715904649603544e+00 2.356936640814586703e-01 1.111587231650161600e+00 1.406734479573450658e+00 6.926505662169775146e-01 1.336066418612748885e+00 6.687251265673583855e-01 8.476417068896243689e-01 2.415286298202529158e-01 7.136576363302233883e-01 9.769357568577711204e-01 1.044663876242721168e+00 1.007242387383402438e+00 5.982008362006803193e-01 5.616143714055311653e-01 1.345199592908836506e+00 5.322987236717111603e-01 8.144768003752307362e-01 7.413596383615094210e-01 1.076579788017599348e+00 0.000000000000000000e+00 8.835982132231726682e-01 8.605649024466276442e-01 6.544147195462141076e-01 1.150568524652897828e+00 9.854847050666529773e-01 9.195770041752971968e-01 1.206032809757908053e+00 4.116391336606360363e-01 7.877627410242109551e-01 1.215704064781751415e+00 6.708122117825986441e-01 4.017346449511894901e-01 1.365156568492269962e+00 1.186655705306844277e+00 1.356388878655233610e+00 9.584585413236025309e-01 6.208775164872690766e-01 6.251452627171609766e-01 9.344893770810159817e-01 1.009119571822582273e+00 8.109749453244414763e-01 5.203872930952844200e-01 8.221069174893550491e-01 5.577215242267924422e-01 6.277382899884954570e-01 8.544025393951627523e-01 1.422914492517479423e-01 6.128360753745378808e-01 1.103565281222858019e+00
4.648770252369126554e-01 1.115805088949185730e+00 1.142405592980368256e+00 5.836661607040060096e-01 8.574071170460962898e-01 7.331059280078477958e-01 2.323699862862285137e-01 5.302792198071692997e-01 6.792020998585310831e-01 7.506251048753864730e-01 3.717051009662179495e-01 2.253658775989980378e-01 2.219420013870664066e-01 4.743183680544494907e-01 5.235073251554814844e-01 4.983342920128204234e-01 6.973545606118828344e-01 2.961015957403906884e-01 4.120482061344672986e-01 2.411957775331557974e-01 8.835982132231726682e-01 0.000000000000000000e+00 2.232792513463267847e-01 6.395221157230143172e-01 5.434223643557662964e-01 4.043675534203644562e-01 9.503953655055048522e-01 3.765710479819020517e-01 4.749561713064567314e-01 4.893731492339400968e-01 3.940502552492349264e-01 2.630837521061221707e-01 6.097165918949313257e-01 5.329100620456348469e-01 3.342471439075470063e-01 4.938188271320634870e-01 3.779853210142778974e-01 3.504110168866936270e-01 6.206105171265937637e-01 1.481716465248158754e-01 1.417432357231047102e-01 1.583568639866047290e-01 5.877214669334436259e-01 5.369456854907357357e-01 7.208710681876757675e-01 7.343955331440858991e-01 3.495340501595088911e-01 7.439622468159926560e-01 4.919536134314268505e-01 3.388501259582856751e-01
4.739750527524321244e-01 1.092771778172641151e+00 1.032383394650039143e+00 5.956595916912782451e-01 8.578435129832435724e-01 5.764552806804997820e-01 2.168584736043698835e-01 4.902071160975717823e-01 6.563959617063637175e-01 6.406029065450572491e-01 2.208166718274566231e-01 2.216483475527596669e-01 3.453074707338149585e-01 5.514313482129469257e-01 4.353210631030520750e-01 5.405588261542295658e-01 6.445843867432101693e-01 4.852500903338687888e-01 2.507119711288883779e-01 2.165250321763843855e-01 8.605649024466276442e-01 2.232792513463267847e-01 0.000000000000000000e+00 4.932726787814328828e-01 3.865145884614490934e-01 3.254667775894600212e-01 8.403731671751752952e-01 4.050933760950615192e-01 4.521500331542890883e-01 6.565233215020076507e-01 4.076622290916608882e-01 3.683546670916453825e-01 6.105727898889665717e-01 5.516746759606154793e-01 3.638012026615488614e-01 5.228445496575593321e-01 4.954878612717814046e-01 2.612928623701964992e-01 6.394717029074106218e-01 1.779402764836902628e-01 2.112230339152733338e-01 3.591575898969137093e-01 5.041930546066062391e-01 3.513018859416364714e-01 7.248765621057283726e-01 6.353094217282106992e-01 1.513501842121190433e-01 7.209289360394476320e-01 3.780570587422306672e-01 2.882163869188870686e-01
7.997126473000343294e-01 8.876294690070121174e-01 5.938667063465977725e-01 1.081233588323243122e+00 4.274821731272168135e-01 8.569441821582650665e-01 4.423964525091429456e-01 2.134502702618408798e-01 4.656994140144265493e-01 2.094799558690212948e-01 4.647591048299117844e-01 7.072223441847241832e-01 5.519035073417039028e-01 3.084483798247301678e-01 2.314790633358374539e-01 8.603553728719911531e-01 2.173101329038109042e-01 4.678258759954557200e-01 2.471147574082874498e-01 5.923696042836326114e-01 6.544147195462141076e-01 6.395221157230143172e-01 4.932726787814328828e-01 0.000000000000000000e+00 6.783062882226771340e-01 3.706547512367092123e-01 4.049608926314540724e-01 6.772596760970914787e-01 3.057404967240616722e-01 3.125669215728064665e-01 8.932362257236253766e-01 5.246789696993690022e-01 3.451916942180547343e-01 8.403167956746073752e-01 7.212886703294553170e-01 8.910218436778447604e-01 3.693500168787781091e-01 2.893177059403840845e-01 1.505734263520120686e-01 6.211296554647995904e-01 6.814637056649049951e-01 5.884382293275476350e-01 1.396300238241690583e-01 2.050077593238265328e-01 2.961261022777362806e-01 1.923023048058506435e-01 3.747423910140866843e-01 5.157866268738185989e-01 1.482212389415415998e-01 4.929725926818066539e-01
6.822202209737917578e-01 1.382775400378910335e+00 1.227474772322699303e+00 9.418240386717267043e-01 1.084681554700432260e+00 2.087478420100689902e-01 5.503224687744235899e-01 6.107061315018417202e-01 9.511511927752620554e-01 8.356942842177166320e-01 2.135471833927651830e-01 5.683974211273460364e-01 5.738007439037731139e-01 8.944638218633190752e-01 6.805019662321217799e-01 7.800838105504881437e-01 8.570314653917092684e-01 7.310060450434217039e-01 4.458033488015479828e-01 4.341063208567578213e-01 1.150568524652897828e+00 5.434223643557662964e-01 3.865145884614490934e-01 6.783062882226771340e-01 0.000000000000000000e+00 4.125550100013418153e-01 1.035464544847834345e+00 5.938361515154572112e-01 7.593167483312753818e-01 7.903859104396508961e-01 7.538266760721086257e-01 7.154988647304997285e-01 9.177395050659524767e-01 7.462340675496008657e-01 6.030509945573366837e-01 7.573598510783827731e-01 5.962451801979138377e-01 5.358391430722780902e-01 8.053115387851905727e-01 5.550427449228405585e-01 4.971192156243379179e-01 6.793007029063529156e-01 7.223721436701111553e-01 4.870471873713029809e-01 9.587516267300556505e-01 8.388337815524463670e-01 3.135432663772020345e-01 1.010932558245717816e+00 5.906062359088268821e-01 4.478289157253121378e-01
4.346091472732727112e-01 1.218699454527450765e+00 9.490444058158227225e-01 8.224708631551962412e-01 7.685600195895202491e-01 5.913544801392319750e-01 4.457960951791142268e-01 2.208021993667971250e-01 7.885314523011985877e-01 5.646576553382458563e-01 2.068038762792408780e-01 4.507125526657304593e-01 2.233820367845001931e-01 5.549308758780859829e-01 4.992134704008042156e-01 5.072044320098572090e-01 5.722167233589012802e-01 3.224782790143345124e-01 2.502354377522847950e-01 2.262779461528008074e-01 9.854847050666529773e-01 4.043675534203644562e-01 3.254667775894600212e-01 3.706547512367092123e-01 4.125550100013418153e-01 0.000000000000000000e+00 7.601385921006785784e-01 3.198657849839376954e-01 6.031515950185336594e-01 3.840398341979776031e-01 6.344735005555783847e-01 4.946236000230836982e-01 6.863624478341734392e-01 4.810151883796953687e-01 3.702874108993438607e-01 5.272494719586419132e-01 1.836901701965719391e-01 3.988763165906017427e-01 4.629774670140925918e-01 4.659955364110524023e-01 3.401099654147263784e-01 3.642396288959525164e-01 4.806602901715809617e-01 1.730830243076952879e-01 6.372039487400398272e-01 5.474800042750752604e-01 1.747309620533403218e-01 8.468566123942575796e-01 3.838412226558455265e-01 1.324714644501012173e-01
1.189196488164003807e+00 1.150191718226562188e+00 2.061258503307830947e-01 1.416499845840601735e+00 7.176753916702482972e-01 1.220675381623229416e+00 7.530630951875700863e-01 6.029341111258100794e-01 7.171966055591734168e-01 2.116346564464981761e-01 8.284903042948768004e-01 1.053905752788640626e+00 9.413873482056732689e-01 6.794547967301783897e-01 5.301134181363629239e-01 1.249839213735960630e+00 4.745781109252669716e-01 8.611198563830767538e-01 5.896611960462869728e-01 9.818534451476020886e-01 9.195770041752971968e-01 9.503953655055048522e-01 8.403731671751752952e-01 4.049608926314540724e-01 1.035464544847834345e+00 7.601385921006785784e-01 0.000000000000000000e+00 1.066743516961060845e+00 5.749519627139816347e-01 7.037168145494087090e-01 1.225469431048901825e+00 8.207145230410861636e-01 5.951868242090128103e-01 1.229800636538577407e+00 1.110772511193424794e+00 1.280505684541814126e+00 7.588338577427474752e-01 5.999843486188112252e-01 5.211410360330644975e-01 9.517502570726539268e-01 1.031033724185138167e+00 9.520795754505615438e-01 4.087284729332354982e-01 5.944916001877956768e-01 5.922365111395457848e-01 3.443861834708878411e-01 7.299932503572769127e-01 7.809489115029022432e-01 4.646517526427206835e-01 8.824564335457759645e-01
2.016745857423860588e-01 1.437086917632522054e+00 1.255649330676204878e+00 8.552861763574018950e-01 1.061002988622239851e+00 7.799520138624977950e-01 5.824741499567128722e-01 4.909228340368557708e-01 9.941617371481928922e-01 8.712625801986282337e-01 4.152072417915984026e-01 4.875070472404148814e-01 2.002810104973556105e-01 7.027616660584059538e-01 8.047110193782609500e-01 2.024390941016399326e-01 8.734008238515238443e-01 4.510370203013915336e-01 5.508009075577158242e-01 2.063489158425439729e-01 1.206032809757908053e+00 3.765710479819020517e-01 4.050933760950615192e-01 6.772596760970914787e-01 5.938361515154572112e-01 3.198657849839376954e-01 1.066743516961060845e+00 0.000000000000000000e+00 7.943936760972718503e-01 5.985106900222253445e-01 6.662563450482696936e-01 5.390512178582905767e-01 9.021604089471076948e-01 1.630571195775159798e-01 1.590621754611954153e-01 2.614118547179208885e-01 3.891032256322889404e-01 6.487539521973398893e-01 7.418936475082144044e-01 4.677300470023160184e-01 2.530250507616594313e-01 4.001841598648743781e-01 7.915316821106083145e-01 4.839544162467225852e-01 9.296469177727593181e-01 8.540849291354575268e-01 4.500107918201873836e-01 1.066085849999121482e+00 6.898076504846155643e-01 1.901622558413431641e-01
9.218589518606485900e-01 6.434894422950270254e-01 7.669621901888458160e-01 9.980924376567343881e-01 4.367503499075766626e-01 9.448146422911265496e-01 2.600830846506424487e-01 4.989674840674721001e-01 2.056315050022373137e-01 3.690325948689073821e-01 5.888896380312037548e-01 6.360218343260052309e-01 5.956032537227662349e-01 2.015395548922555569e-01 1.959028897639693012e-01 9.335604592482005248e-01 2.451182728304260872e-01 4.028376667145945889e-01 3.565624492012086644e-01 6.684120540680150713e-01 4.116391336606360363e-01 4.749561713064567314e-01 4.521500331542890883e-01 3.057404967240616722e-01 7.593167483312753818e-01 6.031515950185336594e-01 5.749519627139816347e-01 7.943936760972718503e-01 0.000000000000000000e+00 3.929026957720256896e-01 8.070620228650359218e-01 2.591730781219624968e-01 1.645007786205051059e-01 9.535174348316338699e-01 7.750165716462080745e-01 9.447497449945976289e-01 5.525780674037015228e-01 2.278636056421881884e-01 3.057661685391019901e-01 5.258473351643000449e-01 6.003679909640317058e-01 3.993358116638055511e-01 1.757622516339685803e-01 4.715338578278374104e-01 3.018213079173914792e-01 2.917666986185982747e-01 4.631507630735405279e-01 2.720031672534563016e-01 2.507678880156595236e-01 6.919261475622220381e-01
7.307450305491012266e-01 1.010719181270408384e+00 8.926226282645521870e-01 1.055770005587158611e+00 5.199655922057594415e-01 9.691853805775411113e-01 4.623723759571110592e-01 2.119642310575609589e-01 5.501454731197786829e-01 5.082358777869760980e-01 5.811966626389494239e-01 6.906390570676922414e-01 4.153154714302529915e-01 1.942081172211189144e-01 5.439822364684824274e-01 7.601413457347792058e-01 3.619122952442112573e-01 1.932715534935494084e-01 4.880757416561229967e-01 5.709967145625268747e-01 7.877627410242109551e-01 4.893731492339400968e-01 6.565233215020076507e-01 3.125669215728064665e-01 7.903859104396508961e-01 3.840398341979776031e-01 7.037168145494087090e-01 5.985106900222253445e-01 3.929026957720256896e-01 0.000000000000000000e+00 8.667401742780260765e-01 2.903863532056740748e-01 3.893645326791735917e-01 7.614587074735107430e-01 6.145772822790593892e-01 7.843104556274489436e-01 2.172363034384309499e-01 5.700395847203684196e-01 2.149288575795177403e-01 6.326363026863940364e-01 5.166345232686646582e-01 3.321965979655172041e-01 4.521331969568138653e-01 3.508694612134962698e-01 3.861406760123127224e-01 4.563044861447738687e-01 5.287807297140403318e-01 6.545036489562581217e-01 4.528622726137428445e-01 4.311793356152320844e-01
7.281229037550637218e-01 1.447910940507763922e+00 1.417479658523766117e+00 1.932995887898580623e-01 1.220188721855779423e+00 9.435102397241901251e-01 5.503197339610683692e-01 8.542750505635097191e-01 1.011307951417110162e+00 1.025699170418784556e+00 5.841695082038466103e-01 1.908081628897286830e-01 5.419350518758060398e-01 8.669689948514570643e-01 8.043524044354662950e-01 7.707754248129690122e-01 1.012171101543429597e+00 6.734686207844766681e-01 6.480803564303279085e-01 4.851162119295473474e-01 1.215704064781751415e+00 3.940502552492349264e-01 4.076622290916608882e-01 8.932362257236253766e-01 7.538266760721086257e-01 6.344735005555783847e-01 1.225469431048901825e+00 6.662563450482696936e-01 8.070620228650359218e-01 8.667401742780260765e-01 0.000000000000000000e+00 6.516220871667979253e-01 9.580079474167239040e-01 8.110310849599171590e-01 6.041597172814817673e-01 7.637314005059980815e-01 7.211149890505575977e-01 6.292793896796810005e-01 1.013825732113900813e+00 2.835315571998883732e-01 4.193236651874901466e-01 5.467122135805017047e-01 8.774913634305304688e-01 7.474373730552527073e-01 1.084096775566185444e+00 1.018070041392161729e+00 5.398015255113804978e-01 1.076068098374571624e+00 7.637558319449184729e-01 5.707371350428054324e-01
6.707039401203399587e-01 9.018663196572139773e-01 1.012724750515950234e+00 8.415896020100591679e-01 5.950654021904994151e-01 9.043108209183852164e-01 1.719860227514369844e-01 4.416986590679946034e-01 4.589411391728830947e-01 6.147951551960118000e-01 5.526119283177852726e-01 4.845812911439235648e-01 3.402607954837849613e-01 2.235065283606486319e-01 4.039372040649054085e-01 6.782180010092190292e-01 4.618003780813731973e-01 1.721453210087491859e-01 4.533049227302273776e-01 4.825980498696898491e-01 6.708122117825986441e-01 2.630837521061221707e-01 3.683546670916453825e-01 5.246789696993690022e-01 7.154988647304997285e-01 4.946236000230836982e-01 8.207145230410861636e-01 5.390512178582905767e-01 2.591730781219624968e-01 2.903863532056740748e-01 6.516220871667979253e-01 0.000000000000000000e+00 3.676486776421780678e-01 6.981749765926525964e-01 5.196741134072266899e-01 6.894072867556162443e-01 3.304852371687346246e-01 3.065158236555903803e-01 3.818202890577624964e-01 3.774802660482957095e-01 3.532682408159271703e-01 1.401627335418430265e-01 4.133138071462564289e-01 5.593301186327239716e-01 4.585293533320788928e-01 5.375292589457030257e-01 4.453374159008013922e-01 5.308652520238120731e-01 4.298053445517122095e-01 4.327530694402595968e-01
