0.000000000000000000e+00 1.107558183355281223e+00 9.579034358609015420e-01 9.813134802604566165e-01 6.776621832517194521e-01 6.520894413230660103e-01 5.670168663081113225e-01 4.609766389042149748e-01 5.217649066096951005e-01 4.099154724951929452e-01 3.556086146629291456e-01 6.385474794706063051e-01 7.109150014911881366e-01 2.956591952940447188e-01 7.634270299884389210e-01 8.453412546398934024e-01 4.880551205838914997e-01 2.386166079859933509e-01 2.304375269816757998e-01 2.754320408448885926e-01 4.765441009724015187e-01 4.449139566001815149e-01 2.240731095726978817e-01 1.915141262541115719e-01 5.998580522579161078e-01 7.296605538741369745e-01 4.680964212025748306e-01 4.746611404263078593e-01 7.776994893775421858e-01 6.456362452900966664e-01 3.732068251495368472e-01 4.199292719413698638e-01 8.689937015954727340e-01 8.545767701726965093e-01 1.570821014351547196e-01 1.557505878655705278e-01 6.551708609871206290e-01 6.244447468850753413e-01 3.477564455149574907e-01 9.583971494626796206e-01 1.496289663591578722e-01 3.441685505322641947e-01 3.774083120403836089e-01 4.273083423130285552e-01 8.272426798312157992e-01 3.258817145664761883e-01 9.066248952496516189e-01 7.204330165035237599e-01 5.603746856904331386e-01 1.380235860289702743e-01 5.459068152734360968e-01 2.966991907342171331e-01 6.011015313496693713e-01 6.430829693952111459e-01 7.104641308970984781e-01 5.565168047941460028e-01 1.145954585108426016e-01 5.483850888626325970e-01 8.657351333402870663e-01 3.939059822226624874e-01 2.792457804731124371e-01 7.262704458509640082e-01 7.664989633630808763e-01 3.025510211733268839e-01 5.514210645335657635e-01 3.597292901140001775e-01 3.612748033269083670e-01 8.847093122729655645e-01 3.054339762670786884e-01 8.330227978219573171e-01 4.671795271459512344e-01 1.047444458262905553e-01 4.015129183243527633e-01 6.126405870545299504e-01 5.144363509184243233e-01
1.107558183355281223e+00 0.000000000000000000e+00 8.881932813231804280e-01 8.766687527847648598e-01 1.283857796920460315e+00 1.341098660647398022e+00 5.650891675438761697e-01 1.536899225220427878e+00 7.250719709609149133e-01 9.122300527934449343e-01 1.027333249035759399e+00 5.394611597582129603e-01 6.079689855757407502e-01 8.186793823357760846e-01 8.099826691499995013e-01 2.813913776609835438e-01 7.108462914527773346e-01 1.333714664719880094e+00 1.029946805046007441e+00 8.751431224083204841e-01 1.092369282053143431e+00 7.302211661112153473e-01 9.695321958926513828e-01 9.998587663993894203e-01 7.200682077697901917e-01 6.597763544360303323e-01 1.168593920554303445e+00 6.508660284013293440e-01 4.556961078841013646e-01 4.624840874530905532e-01 8.483447134881638707e-01 7.107433172712186442e-01 8.044877509310141006e-01 7.464786968047312232e-01 1.227947927462859301e+00 1.034440218246086785e+00 5.969360360357188755e-01 5.693832855327518594e-01 8.380746445429289038e-01 1.502220458566879413e-01 9.591517087916140438e-01 1.010823269301696303e+00 8.610138608666916271e-01 7.412360718326688191e-01 8.101493520424022377e-01 1.399725028090198720e+00 8.296731336569033166e-01 4.189062621930622066e-01 1.162567665198538824e+00 1.083226986293741145e+00 6.879427248692605579e-01 9.674553955385852833e-01 5.290698080435133344e-01 7.468662686474355494e-01 5.455014256749282087e-01 6.273677965405278778e-01 1.096965859041669322e+00 6.503044442176248996e-01 8.877680573079759219e-01 7.224028007155985920e-01 8.345865649504597972e-01 6.994396378111904511e-01 3.410592199922002354e-01 9.354062750384609659e-01 1.231165393458098611e+00 1.448857934602817643e+00 1.056916319085927203e+00 8.628198651570680999e-01 9.082974401772699879e-01 7.404580789730065282e-01 7.239249708939071715e-01 1.207298181312135066e+00 7.760566009782853270e-01 6.460603683024856991e-01 7.757355626457796971e-01
9.579034358609015420e-01 8.881932813231804280e-01 0.000000000000000000e+00 8.795977260275130716e-01 1.293494784776349160e+00 1.423995945416036690e+00 7.163527732330694509e-01 1.400535646865923134e+00 4.550523141376271452e-01 9.061916838014262288e-01 1.090638587186891328e+00 4.003417407076431123e-01 5.870364492096169506e-01 7.070961369428171439e-01 2.868388029472714873e-01 6.401284082079360394e-01 6.802517010762401117e-01 1.193530855630574816e+00 9.125923982499506426e-01 8.873584489542868381e-01 1.096802709610618543e+00 8.268665807997767070e-01 1.064853207819374648e+00 7.939661291590939252e-01 4.056241492294991868e-01 2.447562412820915023e-01 1.255620217325276844e+00 5.682046065498556064e-01 4.842457577511071753e-01 5.602472288011541846e-01 6.123538237300092391e-01 7.637939444305167358e-01 1.606987913299389448e-01 7.417169581804416989e-01 1.090476378629472443e+00 1.030326224077811714e+00 4.572100793308215838e-01 6.307591259012936824e-01 8.008846553231702137e-01 7.396182424608637174e-01 8.546342904369857996e-01 9.659508986070771686e-01 9.503106326934066539e-01 5.608415026650857005e-01 1.611895184664704217e-01 1.264344599996064300e+00 1.346708216587861606e-01 5.941112673698598634e-01 1.174311691412291747e+00 1.031405751385224168e+00 5.602755802865631019e-01 1.015135454401648429e+00 5.274732297581629092e-01 3.328908162989962505e-01 3.517310229777575459e-01 7.125186315863646369e-01 9.537920760054297009e-01 4.466280102469736280e-01 2.351515136451685084e-01 6.804310461522053988e-01 7.830786144278956140e-01 2.649775796578503484e-01 5.599863805981190046e-01 8.547792064154621228e-01 1.313159710894289400e+00 1.314643537758581893e+00 1.144666092064251517e+00 2.372953035188829218e-01 9.906328396863466335e-01 1.506461459104813105e-01 8.019881429837006914e-01 1.059658693470872715e+00 8.477741469482146242e-01 3.626280702192075100e-01 4.496034022995697987e-01
9.813134802604566165e-01 8.766687527847648598e-01 8.795977260275130716e-01 0.000000000000000000e+00 1.162791763248137045e+00 1.272067561859768769e+00 5.695309171115477964e-01 1.430597351400911377e+00 5.901572194108610780e-01 7.713205565291203492e-01 9.637681493460498183e-01 6.276779226034584491e-01 3.036369672408994469e-01 7.956906988320729956e-01 8.101397089974960997e-01 5.973047212860896904e-01 5.267726547015398886e-01 1.217949424707451156e+00 8.570266842083456016e-01 8.589074075256248886e-01 9.713032483808201611e-01 6.368290027793157559e-01 8.744152122443518138e-01 7.936955900138443765e-01 7.695362846533693180e-01 6.391249347803755754e-01 1.095025811961297002e+00 7.052338342354069756e-01 4.618288044186162900e-01 5.973491715320357054e-01 6.374647113764084772e-01 7.148047314787853157e-01 8.138296130327953293e-01 1.632240975833033070e-01 1.122747988057644974e+00 1.016597143743416254e+00 4.509669493326896594e-01 3.863729107119643902e-01 6.720006668912179570e-01 7.352647324958374586e-01 9.168506704896616233e-01 8.789147182589159835e-01 7.962368991825096165e-01 6.993080849901528451e-01 7.878007900783048356e-01 1.295231228426408032e+00 8.182023028265018594e-01 4.873346127978173126e-01 1.041501631526215776e+00 9.758400373436192377e-01 4.481761295842308090e-01 9.151797108048372875e-01 6.578782721935653166e-01 6.791623094805208094e-01 5.386202845643288661e-01 5.197945418740750334e-01 9.159233611353119198e-01 7.263830990710773428e-01 8.603787973273707701e-01 7.598809752028887754e-01 8.437512932772184282e-01 7.320148371408490284e-01 5.783485891598730833e-01 7.755800414633771123e-01 1.164440757832765572e+00 1.338705219666419310e+00 9.824196482413627418e-01 8.783755235187454824e-01 7.942190970124985983e-01 7.346883494305544993e-01 5.786002559334232354e-01 1.085290756734407669e+00 7.300040708404227363e-01 5.694770209232351554e-01 6.822716813152369664e-01
6.776621832517194521e-01 1.283857796920460315e+00 1.293494784776349160e+00 1.162791763248137045e+00 0.000000000000000000e+00 9.758128632901362787e-01 7.705494763081086607e-01 1.104328424857947466e+00 8.514009523496125498e-01 4.045072951797499816e-01 7.004981085665007434e-01 1.040897176532313617e+00 9.310509615677524664e-01 7.458046279120793542e-01 1.117697629761653211e+00 1.003095546260775794e+00 6.784370188802136825e-01 8.888701478540294021e-01 4.879814946780482998e-01 7.055889536603575651e-01 2.151330192397231666e-01 5.711480007385378865e-01 5.198442903258534420e-01 6.175512036414432249e-01 9.860067896241283547e-01 1.060459951143163604e+00 7.945042190250046765e-01 9.066777497389229001e-01 9.002038935573313250e-01 9.198127355274430261e-01 6.811409610463398101e-01 7.240961737536124598e-01 1.251082633427560209e+00 1.035163259482332121e+00 8.069238406958219034e-01 6.717240207013710496e-01 9.156796672928232406e-01 7.840855150704854060e-01 5.464201794402644419e-01 1.150471569326694476e+00 7.761020643809821706e-01 3.540649593745151535e-01 5.631200617607409198e-01 8.151450075150141750e-01 1.165439008052345349e+00 9.671542277277183075e-01 1.242216244165099015e+00 8.649515347273981636e-01 1.341868404644467050e-01 5.472277561545126900e-01 7.911690715116133088e-01 6.986151836071581300e-01 9.568497421406142456e-01 9.812792976163401404e-01 1.025202363342277323e+00 6.652254665469232719e-01 5.959425862287367481e-01 9.412558752814131902e-01 1.210931859989564430e+00 8.175669125926590119e-01 7.578763546100866222e-01 1.116897832678614977e+00 1.001673723108664760e+00 4.488944140183030451e-01 8.698600807542355984e-01 1.006261904644107252e+00 6.809843875072100206e-01 1.255650549600516142e+00 4.368631635759486764e-01 1.168614146737404935e+00 5.841915073147142534e-01 7.581221014569318184e-01 6.381244332475123349e-01 9.434399843235564687e-01 8.755299876977225004e-01
6.520894413230660103e-01 1.341098660647398022e+00 1.423995945416036690e+00 1.272067561859768769e+00 9.758128632901362787e-01 0.000000000000000000e+00 7.801211116149864289e-01 1.055989445692523176e+00 1.045512846811707863e+00 6.458765393642246222e-01 3.529038725476972838e-01 1.034597986327697283e+00 1.028744172811861812e+00 7.749107600129017115e-01 1.251627471033851524e+00 1.060336409987713946e+00 8.400641846045867611e-01 8.440850278765030801e-01 7.115780388496750763e-01 5.777805170949841251e-01 7.833523917571754147e-01 6.352385590804531246e-01 4.770752333700254422e-01 8.315810935311858110e-01 1.064435818865681282e+00 1.215097110168677608e+00 1.857012932767888314e-01 8.557913388661808618e-01 9.737014847420532027e-01 9.262117110627033911e-01 8.924210205653613226e-01 6.770140163956097634e-01 1.321564794034745249e+00 1.141912848151113824e+00 7.585848615303973919e-01 5.296079466337286767e-01 1.077602000410366800e+00 8.919574171989800293e-01 7.284059379574971960e-01 1.202707097130577996e+00 6.908249842797440365e-01 6.741352125861417299e-01 4.800847997807064504e-01 9.148141139471878125e-01 1.330860112733111000e+00 9.188152485622939070e-01 1.366218431974623337e+00 9.221923984543359820e-01 8.549700644366272639e-01 6.027796480534639567e-01 9.609736510194306636e-01 4.518350443673108119e-01 9.426650276948087548e-01 1.146700402297105903e+00 1.101379267054997779e+00 7.522730199856941802e-01 6.862538490209477704e-01 9.944929642629199984e-01 1.368721809974651649e+00 7.503338324906156931e-01 6.645666938147888336e-01 1.176143394852043667e+00 1.042799457497497695e+00 7.449992600576438306e-01 1.162705885831446795e-01 9.609432125315909845e-01 2.997741174614751425e-01 1.348836627706903268e+00 5.536394037784810873e-01 1.276260743065861902e+00 7.238116327356548529e-01 7.152597182019159172e-01 5.812432434966233741e-01 1.121539142235526310e+00 1.017113450748938996e+00
5.670168663081113225e-01 5.650891675438761697e-01 7.163527732330694509e-01 5.695309171115477964e-01 7.705494763081086607e-01 7.801211116149864289e-01 0.000000000000000000e+00 9.900837461049674104e-01 4.485245413787958269e-01 3.989217321810934469e-01 4.629267558693660467e-01 3.279584270720606876e-01 3.133285373474632429e-01 3.028567987072242618e-01 5.889985943739547425e-01 2.958672485289568499e-01 2.611319027377576041e-01 7.868991856044191824e-01 5.441965817410941986e-01 3.242436705372680472e-01 5.790609614407918881e-01 1.994014755695707741e-01 4.245050078671577243e-01 4.988149891334230923e-01 4.120446502607368888e-01 4.918638672629303543e-01 6.095017927007752023e-01 1.847003639293992028e-01 2.444981656625360433e-01 1.687598373626679193e-01 3.831407363555293100e-01 1.598438654001661796e-01 6.234787493018838500e-01 4.393408611315139378e-01 6.820885105907990020e-01 4.835407663750346252e-01 3.733404305625345754e-01 2.045123331600837702e-01 3.599609036242130689e-01 4.239639458368452685e-01 4.269873922602996363e-01 4.871037779446038551e-01 3.025000424638718544e-01 3.086109225089008201e-01 6.428346918380185571e-01 8.529095489747380299e-01 6.585752597916566531e-01 1.694410300188053387e-01 6.492593445861873924e-01 5.381997982682477089e-01 3.125889494977717176e-01 4.041950021087080680e-01 2.176766566210768528e-01 5.415249116600917567e-01 3.721759479754804256e-01 1.364281246285282134e-01 6.112156357367557469e-01 3.126596534886988410e-01 7.062069306731475482e-01 1.921456437451922183e-01 2.877710858349988854e-01 4.800341018492552680e-01 2.626786954408540931e-01 4.444666031264612460e-01 6.701383196439062440e-01 9.020424554873568423e-01 4.985476674397489871e-01 6.589037009838629722e-01 3.751452406298002029e-01 5.686175708828955511e-01 2.453027989576824774e-01 6.634455534890251194e-01 2.127962075484081672e-01 4.655196746746609326e-01 4.161476037581577359e-01
4.609766389042149748e-01 1.536899225220427878e+00 1.400535646865923134e+00 1.430597351400911377e+00 1.104328424857947466e+00 1.055989445692523176e+00 9.900837461049674104e-01 0.000000000000000000e+00 9.676426392126616927e-01 8.297580321418039917e-01 7.595086190323865338e-01 1.074103442268048436e+00 1.160198872631642786e+00 7.274089870708082550e-01 1.203855874874564025e+00 1.268408134436749490e+00 9.385008657880181682e-01 2.311794250862730105e-01 6.797015443174898586e-01 6.861909108114059297e-01 9.074299518489455929e-01 8.571819612996314230e-01 6.318244363606496661e-01 6.404659116391849816e-01 1.039202594789823353e+00 1.173278804460507807e+00 8.719964255720321633e-01 9.058104261675283819e-01 1.201319293478328998e+00 1.075739843052858857e+00 8.205822560175978220e-01 8.429961517382257297e-01 1.308338244127379868e+00 1.303860641313151270e+00 3.123287457079726437e-01 5.540458771258928161e-01 1.104122646372193817e+00 1.073728618025530324e+00 8.035029513467407680e-01 1.388243194110399203e+00 5.785100723264295919e-01 7.792295276233570656e-01 7.845797636012159515e-01 8.666528848449361888e-01 1.269874890836236947e+00 1.393175635054566264e-01 1.349257106254672989e+00 1.143499896300379515e+00 9.845374827726686151e-01 5.611389707771643476e-01 9.951906864138909681e-01 6.960785938069303791e-01 1.031610766808116031e+00 1.085715180400232072e+00 1.156341863500064848e+00 9.687848094935957999e-01 5.632591315582961000e-01 9.876248919088802536e-01 1.307736588077778261e+00 8.169728620195182422e-01 7.023126602699683030e-01 1.165510248897211110e+00 1.196602561125843511e+00 7.582975270051101058e-01 9.553210689030231517e-01 1.088734015770626007e-01 7.651748076963656997e-01 1.324053854804872588e+00 7.179741576710595430e-01 1.275655008826978243e+00 9.222834558539476646e-01 3.634862724815749457e-01 8.134868878766325917e-01 1.058518319657496765e+00 9.561282288520654982e-01
5.217649066096951005e-01 7.250719709609149133e-01 4.550523141376271452e-01 5.901572194108610780e-01 8.514009523496125498e-01 1.045512846811707863e+00 4.485245413787958269e-01 9.676426392126616927e-01 0.000000000000000000e+00 4.640978513746899514e-01 7.076879616106864779e-01 3.161698280235525904e-01 3.032854318947648120e-01 2.910881149917287081e-01 2.991514913429823008e-01 4.720644481860181707e-01 2.535325185270018156e-01 7.573923263793683747e-01 4.704985658232143098e-01 5.021563338707561996e-01 6.547088771838820431e-01 4.654593210468513931e-01 6.424259662647054947e-01 3.519526901986980705e-01 2.058776839818958759e-01 2.220174805044417832e-01 8.796287408066782998e-01 2.912264863891613209e-01 3.023271861418054263e-01 4.064522021977218236e-01 1.702599913032728507e-01 4.323868151965757356e-01 4.126401627888382495e-01 4.589373373294977076e-01 6.582768849163693758e-01 6.023256365915787836e-01 1.647906894115815646e-01 2.702407952911444200e-01 3.535627132209406831e-01 5.764969320985979806e-01 4.243887035492796556e-01 5.238570661803408912e-01 5.835026264367437765e-01 1.496908041181455318e-01 3.277896635074902254e-01 8.321451062829606782e-01 4.037737735263773886e-01 4.200983659796726499e-01 7.322178589855555808e-01 5.893119189584881124e-01 1.548500609191537647e-01 6.309585381386403347e-01 3.418558527794517410e-01 1.436299530714854333e-01 1.985919038039847540e-01 3.651686280744520507e-01 5.117786370450337907e-01 2.251323934137408056e-01 3.748488075246497186e-01 3.466532009340059783e-01 3.904351432955218693e-01 3.375263770790980500e-01 3.968650702358532678e-01 4.126853739887259009e-01 9.346766122899601292e-01 8.785050085073751180e-01 7.703951141601503849e-01 4.371044111818450095e-01 5.485390072596102451e-01 3.301716760986829757e-01 3.846037448008093884e-01 6.235201642196656069e-01 4.974335856628589458e-01 1.049975136848349533e-01 1.037440236500865864e-01
4.099154724951929452e-01 9.122300527934449343e-01 9.061916838014262288e-01 7.713205565291203492e-01 4.045072951797499816e-01 6.458765393642246222e-01 3.989217321810934469e-01 8.297580321418039917e-01 4.640978513746899514e-01 0.000000000000000000e+00 3.559276024386301418e-01 6.535940755573911298e-01 5.407650305239574129e-01 3.585015269371569779e-01 7.303945287867303904e-01 6.314678021337606362e-01 2.823275551679890194e-01 6.146519540618573529e-01 2.298734712095487631e-01 3.392163073139677354e-01 2.130187803124328760e-01 1.995202566115227005e-01 2.164103596773684079e-01 2.405656370179625192e-01 5.987036886492056453e-01 6.731568501682410055e-01 4.651507217936747263e-01 5.193746487640000797e-01 5.189713364201329338e-01 5.481849914004278679e-01 2.938378600714171007e-01 3.534031022992616400e-01 8.637795324526369445e-01 6.436920527633150924e-01 5.323534479796780960e-01 3.772167111109324678e-01 5.283765663179004202e-01 3.926143083514684884e-01 1.520474117219052512e-01 7.776327147139582285e-01 3.983473935845925906e-01 1.499553366670299814e-01 2.027840984822456838e-01 4.278419065400917431e-01 7.781359070774224174e-01 6.925838350115747222e-01 8.549131431901760836e-01 4.933237906003829498e-01 2.832171634578285468e-01 2.851443113635134252e-01 4.038659705366904884e-01 3.382792203286628663e-01 5.861566706862632037e-01 5.939761966414178751e-01 6.429720634270467139e-01 2.849001127712105230e-01 3.192658773694043162e-01 5.539527743064904808e-01 8.236287590146419424e-01 4.468738411383083031e-01 3.911455605195418017e-01 7.295947317036922675e-01 6.275481372762540255e-01 1.290010888369319819e-01 5.399237568283237199e-01 7.319197810052038289e-01 3.525445580737406326e-01 8.683474486255930991e-01 1.123972179673940197e-01 7.813110457624817817e-01 1.927203005956972526e-01 4.839039076647601578e-01 2.674313617931616260e-01 5.561368833486340923e-01 4.882268867228001796e-01
3.556086146629291456e-01 1.027333249035759399e+00 1.090638587186891328e+00 9.637681493460498183e-01 7.004981085665007434e-01 3.529038725476972838e-01 4.629267558693660467e-01 7.595086190323865338e-01 7.076879616106864779e-01 3.559276024386301418e-01 0.000000000000000000e+00 7.069144518956539391e-01 7.191278845837681954e-01 4.370858748118806592e-01 9.138025858328305828e-01 7.465709983760745461e-01 5.409082983815628465e-01 5.476042012163663264e-01 4.263402391887641252e-01 2.282875724800456918e-01 5.080376370335402125e-01 3.269391465667338958e-01 1.988506083763575960e-01 5.228740621604766048e-01 7.266109336646601191e-01 8.817397519395328009e-01 1.844220307560101024e-01 5.224339806370356110e-01 6.599360731304140248e-01 6.030313683913878231e-01 5.861272137653492642e-01 3.436566581664644016e-01 9.837399088337238640e-01 8.336134356373942067e-01 4.621040348702604716e-01 2.317600614178444984e-01 7.716048198913841860e-01 5.836580046852607451e-01 4.297737820611854387e-01 8.868907017062109821e-01 3.604801982948255268e-01 3.980221861738299505e-01 1.699318526808997198e-01 5.769892287461669822e-01 9.930352275320896149e-01 6.223344219021571533e-01 1.032861073745478642e+00 6.084269868426970262e-01 5.796553097129920618e-01 3.153578653953573174e-01 6.564628757325610131e-01 1.271524983539051856e-01 6.186172647068485242e-01 8.088755170960847396e-01 7.876138554433583794e-01 4.439736074719750625e-01 3.897730223608109612e-01 6.566680790618988350e-01 1.030896924773630818e+00 4.125089472895946408e-01 3.262662537799810858e-01 8.383185096510225032e-01 7.196191148261823489e-01 4.463671041613322399e-01 2.381599497458820880e-01 6.644623858714541198e-01 1.085881004817768752e-01 1.011011742505882660e+00 2.786977961850293783e-01 9.429033848367173176e-01 4.226069502495742869e-01 4.187788915417790525e-01 2.537370012352382354e-01 7.837142570345051462e-01 6.792885655479178331e-01
6.385474794706063051e-01 5.394611597582129603e-01 4.003417407076431123e-01 6.276779226034584491e-01 1.040897176532313617e+00 1.034597986327697283e+00 3.279584270720606876e-01 1.074103442268048436e+00 3.161698280235525904e-01 6.535940755573911298e-01 7.069144518956539391e-01 0.000000000000000000e+00 3.351166457855621061e-01 3.466944551972406252e-01 2.981204901390063222e-01 2.913962866429683496e-01 4.658405204854428883e-01 8.719080585266704153e-01 6.599947900059156547e-01 5.111964421710961659e-01 8.442051013665837766e-01 5.078633244982978523e-01 7.138553638481918151e-01 5.115630833291843205e-01 1.869491805966455034e-01 1.856993595775583983e-01 8.646592924815610370e-01 1.924618525811161163e-01 1.815468518203855464e-01 1.750042674237743678e-01 3.753901712715147498e-01 3.728330195868008179e-01 3.124627759644640901e-01 4.897971547563869099e-01 7.643895886128646566e-01 6.561336503969651401e-01 2.296420072665189827e-01 3.373786519559586750e-01 5.662277145779932574e-01 3.908861208958963607e-01 5.000744980492488612e-01 7.133532903630420696e-01 5.593497078496906250e-01 2.277267326048658114e-01 3.291771615971227360e-01 9.369292451378192776e-01 3.425642272662300925e-01 2.478969506607890672e-01 9.217140831682573143e-01 7.645142191172046298e-01 3.472658895553724645e-01 6.360086518405766443e-01 1.271314890505198525e-01 2.875795254072595619e-01 1.202814464763458657e-01 4.155188193571330291e-01 6.587883982923534720e-01 1.138207342991240933e-01 4.119125654477120424e-01 3.031939238009095927e-01 4.143767566163301663e-01 1.869592002606439429e-01 2.103811735157523621e-01 6.021815981714272459e-01 9.240944094700173084e-01 9.870513284096080753e-01 7.537051672205348218e-01 3.583966211028314919e-01 6.723342034231153397e-01 2.526065383574688794e-01 5.049883307544691391e-01 7.397125051446903354e-01 4.568132221044987062e-01 2.241285173082888382e-01 2.477894739218400033e-01
7.109150014911881366e-01 6.079689855757407502e-01 5.870364492096169506e-01 3.036369672408994469e-01 9.310509615677524664e-01 1.028744172811861812e+00 3.133285373474632429e-01 1.160198872631642786e+00 3.032854318947648120e-01 5.407650305239574129e-01 7.191278845837681954e-01 3.351166457855621061e-01 0.000000000000000000e+00 5.252431423199052096e-01 5.175784321795999787e-01 3.286049540770654698e-01 2.595388712891194549e-01 9.475509459381825650e-01 5.893732941036617934e-01 6.045619253826116646e-01 7.395624467004354718e-01 3.935056137314084101e-01 6.310918231964443015e-01 5.232971112445758965e-01 4.760036113715653272e-01 3.465636579624791214e-01 8.517024229133894897e-01 4.490314544713224776e-01 1.771655049292533979e-01 3.411467917679510964e-01 3.670171548642407466e-01 4.604592493357718697e-01 5.212683362148994304e-01 1.574013107124704325e-01 8.523495092883764945e-01 7.622516616004028078e-01 1.574342760508850581e-01 1.579987701353621210e-01 4.085966725845914249e-01 4.661626132804663758e-01 6.464031139774937262e-01 6.163774268715754845e-01 5.528084964147009783e-01 4.223620223797965312e-01 4.952395132604086592e-01 1.024832749657139441e+00 5.256410260086057384e-01 2.275538979398561701e-01 8.097608298458310871e-01 7.081866472389355405e-01 1.755672854448569187e-01 6.638025250242375330e-01 3.731354608420858754e-01 3.856296361987163190e-01 2.460590077464324954e-01 2.764711528261674101e-01 6.455248823660435509e-01 4.338218222531812218e-01 5.678175205094747602e-01 5.036785954388044440e-01 5.894058111342050932e-01 4.394535603229529630e-01 3.019250769422137104e-01 5.079266513586934151e-01 9.211173687848585034e-01 1.068306740897150942e+00 7.390962591934553405e-01 5.858142467008492504e-01 5.560065514804832798e-01 4.421270726126583228e-01 3.480500871028540666e-01 8.148922779651389670e-01 4.756585886974093458e-01 2.759443476414306096e-01 3.887390080334326425e-01
2.956591952940447188e-01 8.186793823357760846e-01 7.070961369428171439e-01 7.956906988320729956e-01 7.458046279120793542e-01 7.749107600129017115e-01 3.028567987072242618e-01 7.274089870708082550e-01 2.910881149917287081e-01 3.585015269371569779e-01 4.370858748118806592e-01 3.466944551972406252e-01 5.252431423199052096e-01 0.000000000000000000e+00 5.009870433956163938e-01 5.568191699732922828e-01 3.286804673963640289e-01 5.252136033294299011e-01 3.599704740600545572e-01 2.306443240094245561e-01 5.491125527463491807e-01 3.184086298190332287e-01 4.692412595264386921e-01 1.963446597141636496e-01 3.233623244112887596e-01 4.798392945374025387e-01 6.090266540078725921e-01 1.802822278567591807e-01 4.931447021599068004e-01 3.567574442705914728e-01 1.633810849960264655e-01 1.730122916958593549e-01 5.863236188856466580e-01 6.689539887443128885e-01 4.176951334156243090e-01 3.384316717994990120e-01 4.363980064058922692e-01 4.486938887232639894e-01 2.720562247941257228e-01 6.695183484431744825e-01 1.611801234263152693e-01 4.182607417428078622e-01 3.129005396379377912e-01 1.603893821272089626e-01 5.764353809131314010e-01 5.902347899405788745e-01 6.532272372824271534e-01 4.400774580683162185e-01 6.266215345480227183e-01 4.285687742208343365e-01 3.496758568750481522e-01 3.603564513398344049e-01 3.067226187801206372e-01 3.922756704771266367e-01 4.500426188806109784e-01 3.968202635986276539e-01 3.294785426960438746e-01 2.631063645963254150e-01 6.142970781546726045e-01 1.170315350648706842e-01 1.189231334341902535e-01 4.434007244969924155e-01 4.776201623435758492e-01 3.070890495511929830e-01 6.640745254911538664e-01 6.403568732123674501e-01 4.997930273613442886e-01 6.083921935919963664e-01 4.429426828220773826e-01 5.632695483736659403e-01 3.636974232988797739e-01 3.968242209681291377e-01 2.268314988640529051e-01 3.671144104155471544e-01 2.626887189289598967e-01
7.634270299884389210e-01 8.099826691499995013e-01 2.868388029472714873e-01 8.101397089974960997e-01 1.117697629761653211e+00 1.251627471033851524e+00 5.889985943739547425e-01 1.203855874874564025e+00 2.991514913429823008e-01 7.303945287867303904e-01 9.138025858328305828e-01 2.981204901390063222e-01 5.175784321795999787e-01 5.009870433956163938e-01 0.000000000000000000e+00 5.619177960347548906e-01 5.504466306919711949e-01 9.988079761170016724e-01 7.367952432352550263e-01 7.092961569134225153e-01 9.210055545959227041e-01 7.558693622469589979e-01 9.087226436767461557e-01 6.138660940110891584e-01 1.871916521681702972e-01 1.866551442082463319e-01 1.085743365028822405e+00 4.210751161091273453e-01 4.203972980539127935e-01 4.693894953501944745e-01 4.365566687153135672e-01 6.186097044480179941e-01 1.588424392130281249e-01 6.722589411504246160e-01 8.937966066381139996e-01 8.325953888457414687e-01 3.652793445598093158e-01 5.671549074561137438e-01 6.308529929978571316e-01 6.614076302876830127e-01 6.579545184456272455e-01 7.901537435923813302e-01 7.896172506588876594e-01 3.405976612684074589e-01 1.414643267884078681e-01 1.067664828004705635e+00 2.819894114305910859e-01 5.184184600525755249e-01 9.985145363975962418e-01 8.556085963705286623e-01 4.517641730841230885e-01 8.370731623607842176e-01 3.987209729565139305e-01 1.603206628935055222e-01 3.039721918715757587e-01 6.487341641038374407e-01 7.736920408574250452e-01 2.763389408852558460e-01 1.206317101875938047e-01 5.234594816699734698e-01 6.002395568351127642e-01 1.114075796573911481e-01 4.809026829075389031e-01 6.789820514007666175e-01 1.140791236512103790e+00 1.118771258286209269e+00 9.765097383822940458e-01 1.379529198388627365e-01 8.148356846716507951e-01 1.791390544843164956e-01 6.815178569657787122e-01 8.649358139572990156e-01 6.922934643317368852e-01 2.560490736602762385e-01 2.504882225155096731e-01
8.453412546398934024e-01 2.813913776609835438e-01 6.401284082079360394e-01 5.973047212860896904e-01 1.003095546260775794e+00 1.060336409987713946e+00 2.958672485289568499e-01 1.268408134436749490e+00 4.720644481860181707e-01 6.314678021337606362e-01 7.465709983760745461e-01 2.913962866429683496e-01 3.286049540770654698e-01 5.568191699732922828e-01 5.619177960347548906e-01 0.000000000000000000e+00 4.314822599541019432e-01 1.065223573936201484e+00 7.491845543863232537e-01 6.059212033934012753e-01 8.116070313934587999e-01 4.494589154515310492e-01 6.887699452329670846e-01 7.204947349007141399e-01 4.720033346545455810e-01 4.117114813207856105e-01 8.878316698946190355e-01 3.913180119527602252e-01 1.886855508336564291e-01 2.054856837855548179e-01 5.689806819894885903e-01 4.415213982562994355e-01 5.564228778157694899e-01 4.671146653060559428e-01 9.604128989225811930e-01 7.652182992311676868e-01 3.387539194964508393e-01 2.900192540340763570e-01 5.573123938832444946e-01 1.533861110059032140e-01 6.972914964291302420e-01 7.300610186420121162e-01 5.802516102070073289e-01 4.984508420034176601e-01 5.620844789271576269e-01 1.131233937306520110e+00 5.816082605416587059e-01 1.381440115333777974e-01 8.818054145388544152e-01 8.024647356340568471e-01 4.106187198938073823e-01 6.909950038844221432e-01 2.879108945452558688e-01 4.957277671887303505e-01 2.947228511496384207e-01 3.466055458808435796e-01 8.162036083819846910e-01 4.030056408689982050e-01 6.397031841927310891e-01 4.567572793830941280e-01 5.660954741667808543e-01 4.513747646959457849e-01 1.109773331508597943e-01 6.546440243787765567e-01 9.504031427984142022e-01 1.180366843819139033e+00 7.761540684262429046e-01 6.147549920418234892e-01 6.275351895175856898e-01 4.923932058577618065e-01 4.431627202342228733e-01 9.417699418208071993e-01 5.028510675575941224e-01 3.949218668437807223e-01 5.245970611870747202e-01
4.880551205838914997e-01 7.108462914527773346e-01 6.802517010762401117e-01 5.267726547015398886e-01 6.784370188802136825e-01 8.400641846045867611e-01 2.611319027377576041e-01 9.385008657880181682e-01 2.535325185270018156e-01 2.823275551679890194e-01 5.409082983815628465e-01 4.658405204854428883e-01 2.595388712891194549e-01 3.286804673963640289e-01 5.504466306919711949e-01 4.314822599541019432e-01 0.000000000000000000e+00 7.226202403124425411e-01 3.391848271016205674e-01 4.786663063725209999e-01 4.863338572469950161e-01 2.303123826715408329e-01 4.243718685995607753e-01 3.022831799206439074e-01 4.578457907972393048e-01 4.370289256077285467e-01 6.630224347061144385e-01 4.064701268784609578e-01 3.010691241843175270e-01 3.888690951719647182e-01 1.652993824003375356e-01 3.584463680381470008e-01 6.276516078921251518e-01 4.000359446137797814e-01 6.306515024447515438e-01 5.851782200331248074e-01 2.481694671056162704e-01 1.535530420549307551e-01 1.541588097844929228e-01 5.694422711638499335e-01 4.464766381704181608e-01 3.661889598695340364e-01 3.709764457006632377e-01 3.097712167119285320e-01 5.721018694353091627e-01 8.031347428135144906e-01 6.222381395314788843e-01 2.949005023351755628e-01 5.571468871582923033e-01 4.579981802368941479e-01 1.312326133948379103e-01 5.017156825327935277e-01 4.730842186558410489e-01 3.934893199726722801e-01 3.707929955573798231e-01 1.337904243870964016e-01 4.062038810972820602e-01 4.370855290576633467e-01 6.243084660440196831e-01 4.075271937303975855e-01 4.292165266522561806e-01 5.525378221823847857e-01 4.146180015960422849e-01 2.577381843566520780e-01 7.324373805775834523e-01 8.433760352714108066e-01 5.504162709861802893e-01 6.883133698734359429e-01 3.363624903661108223e-01 5.456717155964532218e-01 1.334094513740675114e-01 5.899615723393989430e-01 3.497629696873188476e-01 3.307274896426698474e-01 3.464816561308253773e-01
2.386166079859933509e-01 1.333714664719880094e+00 1.193530855630574816e+00 1.217949424707451156e+00 8.888701478540294021e-01 8.440850278765030801e-01 7.868991856044191824e-01 2.311794250862730105e-01 7.573923263793683747e-01 6.146519540618573529e-01 5.476042012163663264e-01 8.719080585266704153e-01 9.475509459381825650e-01 5.252136033294299011e-01 9.988079761170016724e-01 1.065223573936201484e+00 7.226202403124425411e-01 0.000000000000000000e+00 4.633870673421192632e-01 4.809722140121525102e-01 6.911154748735754971e-01 6.422500466930783913e-01 4.173157190783027826e-01 4.281500707011061668e-01 8.348952400917031280e-01 9.652879736438103597e-01 6.600920077560120669e-01 7.034880783012364969e-01 9.863873788717765212e-01 8.734174951865674164e-01 6.094950451131450064e-01 6.398115912376778347e-01 1.104030889429259643e+00 1.091212714619690827e+00 1.622289270390515348e-01 3.447172597531988347e-01 8.918068054341152795e-01 8.610806913320698808e-01 5.807726289692469734e-01 1.185058633609851420e+00 3.761877244601378734e-01 5.629150506479865257e-01 5.706430845484107284e-01 6.623455301468155199e-01 1.062870099600889517e+00 1.446129667984668299e-01 1.142252315019325337e+00 9.403153357998316197e-01 7.690792057687499961e-01 3.456806937732455620e-01 7.825427597204306362e-01 4.867499764342364532e-01 8.292884189418247010e-01 8.787103891648845311e-01 9.460915506667717523e-01 7.538528948870428792e-01 3.469446545829255046e-01 7.834222766964197282e-01 1.101362553109960452e+00 6.137883015189703473e-01 4.991280997694202970e-01 9.613076336847511394e-01 9.942802132595515152e-01 5.355672046276163112e-01 7.434166510870029443e-01 1.223060235092103820e-01 5.532703898803454923e-01 1.119746500106751919e+00 5.028680795911127932e-01 1.068650217591630591e+00 7.001957106002407727e-01 1.355970350257564572e-01 6.082681910773793943e-01 8.482680068242033355e-01 7.500637706880977085e-01
2.304375269816757998e-01 1.029946805046007441e+00 9.125923982499506426e-01 8.570266842083456016e-01 4.879814946780482998e-01 7.115780388496750763e-01 5.441965817410941986e-01 6.797015443174898586e-01 4.704985658232143098e-01 2.298734712095487631e-01 4.263402391887641252e-01 6.599947900059156547e-01 5.893732941036617934e-01 3.599704740600545572e-01 7.367952432352550263e-01 7.491845543863232537e-01 3.391848271016205674e-01 4.633870673421192632e-01 0.000000000000000000e+00 4.265607203739137376e-01 2.810173462912429754e-01 3.526714602391788356e-01 2.345028054796497730e-01 1.938207085457218648e-01 6.051044030977300592e-01 6.795575646167654194e-01 5.268916263295205793e-01 5.224090800763768749e-01 6.285221822922548718e-01 6.940108012319324837e-01 3.002385745199415146e-01 5.072803364263160919e-01 8.701802469011620245e-01 7.294736735005465933e-01 3.822969601553637964e-01 2.672636245361471041e-01 5.542061554311983329e-01 4.810061001628680444e-01 1.918721605030789812e-01 8.909396054449556512e-01 3.009116886400669544e-01 1.482508567977704750e-01 3.534361933344993822e-01 4.342426209886161015e-01 7.845366215259468312e-01 5.425273471872604780e-01 8.613138576387007195e-01 6.110405428529456229e-01 3.714955648607430327e-01 1.352941742556810767e-01 4.321105070221350486e-01 3.958301984212454494e-01 6.343956277935881571e-01 6.003769110899422889e-01 6.557455008911844407e-01 4.077684571125659296e-01 1.308662636636488408e-01 5.603534887550147836e-01 8.300294734631663562e-01 4.766155398369604779e-01 4.113668469549939810e-01 7.359954461522166813e-01 7.408550280072513372e-01 1.181088995995472346e-01 6.082815526329036215e-01 5.811881492316438580e-01 4.118039213882001004e-01 8.747481630741176239e-01 2.167432649814788614e-01 7.877117602110064176e-01 3.104557612413995638e-01 3.307950424629217401e-01 4.251166050657064210e-01 5.625375977971583952e-01 4.946276011713245380e-01
2.754320408448885926e-01 8.751431224083204841e-01 8.873584489542868381e-01 8.589074075256248886e-01 7.055889536603575651e-01 5.777805170949841251e-01 3.242436705372680472e-01 6.861909108114059297e-01 5.021563338707561996e-01 3.392163073139677354e-01 2.282875724800456918e-01 5.111964421710961659e-01 6.045619253826116646e-01 2.306443240094245561e-01 7.092961569134225153e-01 6.059212033934012753e-01 4.786663063725209999e-01 4.809722140121525102e-01 4.265607203739137376e-01 0.000000000000000000e+00 5.145477716614530461e-01 2.513404506695857132e-01 2.992093044927163770e-01 3.055454804423578530e-01 5.221045047452519405e-01 6.784596137069283106e-01 4.099004892451982296e-01 3.191538424044313427e-01 5.451194789971355315e-01 4.336249637986350214e-01 3.746215977680266151e-01 1.745090585278319950e-01 7.792334799143156854e-01 7.287173515455915851e-01 3.798053650588429919e-01 1.592970958377665780e-01 6.474662252849198163e-01 4.894134050174757666e-01 3.836039748699351937e-01 7.340179007012899159e-01 1.639422338461934969e-01 4.177159385838131733e-01 1.461349932949903008e-01 3.714576010062364819e-01 7.875035997921590036e-01 5.490167136811764381e-01 8.295809355128742624e-01 4.794949848832498751e-01 5.847461548068486614e-01 2.912665461182326054e-01 5.609163696470482741e-01 1.413174363162391645e-01 4.321429377072088518e-01 6.033438893561542393e-01 6.263963171110578099e-01 3.605947290824230156e-01 3.421133401848945876e-01 4.521616501424908785e-01 8.253652970337000960e-01 2.080025183701865732e-01 1.117211905752343304e-01 6.338120807316142136e-01 5.603529675053792181e-01 4.074515292752289852e-01 4.648181763178108605e-01 5.961154838950898371e-01 3.159930808582619433e-01 8.065053135864744815e-01 3.024759502155583979e-01 7.396232466041129383e-01 3.562500066536893328e-01 3.564632855994510074e-01 1.289033366852021523e-01 5.781826292945747570e-01 4.737569378079874438e-01
4.765441009724015187e-01 1.092369282053143431e+00 1.096802709610618543e+00 9.713032483808201611e-01 2.151330192397231666e-01 7.833523917571754147e-01 5.790609614407918881e-01 9.074299518489455929e-01 6.547088771838820431e-01 2.130187803124328760e-01 5.080376370335402125e-01 8.442051013665837766e-01 7.395624467004354718e-01 5.491125527463491807e-01 9.210055545959227041e-01 8.116070313934587999e-01 4.863338572469950161e-01 6.911154748735754971e-01 2.810173462912429754e-01 5.145477716614530461e-01 0.000000000000000000e+00 3.796594858712208920e-01 3.260281342425060402e-01 4.193915699308575218e-01 7.893147144583978481e-01 8.637678759774332082e-01 6.020437474920437015e-01 7.099856745731923935e-01 7.087153786900143304e-01 7.283242206601262536e-01 4.844488858806093035e-01 5.330549917547078298e-01 1.054390558261829813e+00 8.436747446150151264e-01 6.100253676868196973e-01 4.779078646180238699e-01 7.189875921270927339e-01 5.925970002031683004e-01 3.497281042745338242e-01 9.589830544593773709e-01 5.749094837580586148e-01 1.477607330745667191e-01 3.720788797618364563e-01 6.184529323492838904e-01 9.687469328866146201e-01 7.702557547187162124e-01 1.045524168999368619e+00 6.734630198600811690e-01 1.362375746700055235e-01 3.483196739544824894e-01 5.944769963458828022e-01 5.075740016082536110e-01 7.658085601417092825e-01 7.845872224506099668e-01 8.337138484749604395e-01 4.737369516796062219e-01 3.889784378419313682e-01 7.445638001156826835e-01 1.014239784823834256e+00 6.265257305937543819e-01 5.668351726111821032e-01 9.202057575128844702e-01 8.101852082413477651e-01 2.507347803077170645e-01 6.773996092212744013e-01 8.089165567630998144e-01 4.871682314238627298e-01 1.058958474434785524e+00 2.444026920429878680e-01 9.719220715716742065e-01 3.927029924473970923e-01 5.602504316058758427e-01 4.470832512486080379e-01 7.467479091578261841e-01 6.788379125319923268e-01
