0.000000000000000000e+00 6.334876347327844659e-01 6.180673519078866418e-01 5.790563629785134836e-01 5.489237148195953431e-01 4.280972871871371321e-01 3.908107393290995990e-01 3.338803606425664872e-01 3.155603639000567617e-01 3.059618951681615240e-01 2.585793404922350214e-01 2.258468177042565472e-01 3.127116207116988900e-01 4.629631858452703530e-01 3.917258660810832849e-01 4.391515145312347990e-01 1.888502115841447226e-01 4.325456860346421073e-01 1.730817063592315908e-01 5.097490113674968404e-01 2.619722721537622867e-01 1.671360549294549913e-01 1.603618988617662444e-01 1.595917899155839259e-01 2.985559886727457979e-01
6.334876347327844659e-01 0.000000000000000000e+00 1.106438357737055789e+00 6.136063546860472950e-01 5.107218975511794712e-01 9.409295204355135889e-01 1.012325979651044427e+00 3.360786560850316240e-01 7.493209984412791957e-01 4.644544714615326808e-01 5.362365627016763003e-01 8.593344524370409854e-01 8.475565514766985054e-01 1.974161085043082964e-01 4.553254467663999105e-01 9.342695293843865656e-01 6.023574020661672801e-01 3.780953238006092842e-01 5.597948758351777299e-01 4.406981639052047761e-01 3.871512495822316269e-01 6.916712284287779289e-01 4.966405796915235316e-01 7.154877740326471836e-01 9.077172162552489265e-01
6.180673519078866418e-01 1.106438357737055789e+00 0.000000000000000000e+00 1.086914742179871052e+00 9.156241022476399039e-01 7.136943723091597747e-01 7.216327909514455019e-01 7.825144212558940993e-01 3.571173592957763709e-01 8.111330559994611722e-01 5.964613906630199525e-01 5.179323678340831405e-01 5.410877009659781356e-01 9.090222492327474368e-01 9.495937274484040902e-01 1.822661246730736817e-01 5.393638619570465531e-01 7.704277362054270384e-01 6.873003079274938587e-01 9.226844438310679575e-01 8.494847142332302425e-01 4.880913294904317690e-01 6.923450748598971582e-01 4.654217643457925768e-01 5.911460687646804546e-01
5.790563629785134836e-01 6.136063546860472950e-01 1.086914742179871052e+00 0.000000000000000000e+00 5.083377225341270123e-01 9.895391229146299761e-01 9.575665977500215087e-01 4.569240865277831576e-01 7.620920360176116626e-01 2.993089831458912164e-01 5.203330441817399787e-01 7.922240166881440171e-01 8.860078222817059368e-01 4.369376284484817186e-01 1.879321730488137665e-01 9.096481961627204127e-01 6.910191452052162342e-01 4.528309640736501440e-01 4.463765926511601423e-01 4.125047387537486010e-01 3.492542434860920197e-01 6.008008677577690859e-01 5.211960569172400248e-01 7.386315811164729794e-01 8.704776965460487848e-01
5.489237148195953431e-01 5.107218975511794712e-01 9.156241022476399039e-01 5.083377225341270123e-01 0.000000000000000000e+00 8.613118807819313272e-01 8.869799565817014786e-01 3.628633598809151151e-01 5.744217391401061912e-01 2.958519890115953732e-01 3.191627115846195073e-01 6.884994260190874238e-01 7.459016107119906813e-01 3.133057890468712303e-01 3.776149755213973336e-01 7.412190284479583946e-01 4.923133664411362131e-01 1.746174843506194951e-01 3.902222288442759868e-01 1.729768641273722318e-01 3.684412414805397495e-01 4.671751076224285315e-01 5.124717131959373173e-01 6.516168628190885936e-01 8.043073117847016062e-01
4.280972871871371321e-01 9.409295204355135889e-01 7.136943723091597747e-01 9.895391229146299761e-01 8.613118807819313272e-01 0.000000000000000000e+00 5.904004318884729097e-01 6.074411114491988783e-01 3.933291643569289397e-01 7.277984686822313032e-01 5.581043908534221165e-01 4.507571793925478909e-01 2.123246203754747263e-01 7.923975575059730714e-01 8.063935582046319883e-01 5.364214003011985588e-01 3.738879950773177363e-01 6.980439337447752468e-01 5.967985330386033072e-01 8.871238527077119906e-01 6.413701653287987581e-01 5.169722346293582627e-01 4.690403005759532507e-01 2.857247088124845735e-01 4.857916684926772422e-01
3.908107393290995990e-01 1.012325979651044427e+00 7.216327909514455019e-01 9.575665977500215087e-01 8.869799565817014786e-01 5.904004318884729097e-01 0.000000000000000000e+00 6.788375706647298280e-01 4.225369913567937896e-01 6.844721299396695491e-01 5.828971137396158353e-01 2.118170388884399180e-01 4.677516533270330013e-01 8.537739251743700075e-01 7.749636584183429155e-01 5.422091825775137153e-01 4.628444627336370520e-01 7.568634592820228102e-01 5.238721438552983445e-01 8.563754183682388277e-01 6.527830114828619967e-01 4.260262975649883321e-01 5.315782099503587599e-01 3.046757230759880586e-01 1.408511024268140621e-01
3.338803606425664872e-01 3.360786560850316240e-01 7.825144212558940993e-01 4.569240865277831576e-01 3.628633598809151151e-01 6.074411114491988783e-01 6.788375706647298280e-01 0.000000000000000000e+00 4.253970619601176173e-01 3.268004514082554213e-01 2.506070199553480093e-01 5.270017357775168554e-01 5.140681424903837948e-01 1.951614207935772338e-01 2.889105911869760401e-01 6.103455929032250982e-01 2.688689930798524585e-01 2.163567409131057218e-01 2.601876017449596956e-01 3.163763371988350670e-01 1.654172240236587432e-01 3.839348524721881706e-01 1.787507301454871189e-01 3.819993650463324175e-01 5.742288072689342160e-01
3.155603639000567617e-01 7.493209984412791957e-01 3.571173592957763709e-01 7.620920360176116626e-01 5.744217391401061912e-01 3.933291643569289397e-01 4.225369913567937896e-01 4.253970619601176173e-01 0.000000000000000000e+00 4.863103498372018940e-01 2.641140184971774163e-01 2.191589658908929261e-01 2.043294857198042491e-01 5.519048899369709549e-01 6.314389936294567685e-01 1.862641394507228987e-01 1.822465026612701267e-01 4.197435166776831705e-01 3.719680316536281839e-01 5.978617376688087903e-01 5.090650276317887357e-01 1.736726279687287322e-01 3.369369896881292403e-01 1.629147763379625580e-01 2.898372052833538270e-01
3.059618951681615240e-01 4.644544714615326808e-01 8.111330559994611722e-01 2.993089831458912164e-01 2.958519890115953732e-01 7.277984686822313032e-01 6.844721299396695491e-01 3.268004514082554213e-01 4.863103498372018940e-01 0.000000000000000000e+00 2.452812242580759139e-01 5.191295488777922795e-01 6.186735158798605250e-01 2.778177374123883547e-01 1.902466345568807338e-01 6.338665099823105331e-01 4.373915229979644659e-01 2.357389690023641848e-01 1.732821248408083215e-01 2.199092298797984124e-01 1.976526412330084082e-01 3.250191815773593174e-01 2.949671947784202053e-01 4.655371133061211864e-01 5.973832287356969362e-01
2.585793404922350214e-01 5.362365627016763003e-01 5.964613906630199525e-01 5.203330441817399787e-01 3.191627115846195073e-01 5.581043908534221165e-01 5.828971137396158353e-01 2.506070199553480093e-01 2.641140184971774163e-01 2.452812242580759139e-01 0.000000000000000000e+00 3.844165831770017250e-01 4.368371716148687356e-01 3.388204541973680595e-01 3.975101366155650573e-01 4.220563168633386653e-01 1.941168985721500317e-01 1.739663455424071692e-01 1.783781073972482145e-01 3.394179240014705834e-01 3.666576206534036819e-01 1.606839402190452237e-01 2.400628469309623592e-01 3.484093728905795495e-01 5.015922572878138697e-01
2.258468177042565472e-01 8.593344524370409854e-01 5.179323678340831405e-01 7.922240166881440171e-01 6.884994260190874238e-01 4.507571793925478909e-01 2.118170388884399180e-01 5.270017357775168554e-01 2.191589658908929261e-01 5.191295488777922795e-01 3.844165831770017250e-01 0.000000000000000000e+00 3.001134827405034788e-01 6.888100035495267059e-01 6.096210773564655350e-01 3.385087594601512428e-01 3.145569607981078541e-01 5.583829287194088664e-01 3.585295627934209639e-01 6.578948878056247729e-01 4.878190898580188062e-01 2.274833836135781162e-01 3.797423750631457873e-01 1.650324705800632341e-01 1.398374852370777854e-01
3.127116207116988900e-01 8.475565514766985054e-01 5.410877009659781356e-01 8.860078222817059368e-01 7.459016107119906813e-01 2.123246203754747263e-01 4.677516533270330013e-01 5.140681424903837948e-01 2.043294857198042491e-01 6.186735158798605250e-01 4.368371716148687356e-01 3.001134827405034788e-01 0.000000000000000000e+00 6.883550756899932122e-01 7.018779247529810528e-01 3.638147289580170862e-01 2.700436905013524069e-01 5.871415445585772552e-01 4.790186507996325171e-01 7.744292496668905290e-01 5.378388646958746078e-01 3.707064952559922522e-01 3.701004505034562464e-01 1.648820330940330425e-01 3.350518672535930387e-01
4.629631858452703530e-01 1.974161085043082964e-01 9.090222492327474368e-01 4.369376284484817186e-01 3.133057890468712303e-01 7.923975575059730714e-01 8.537739251743700075e-01 1.951614207935772338e-01 5.519048899369709549e-01 2.778177374123883547e-01 3.388204541973680595e-01 6.888100035495267059e-01 6.883550756899932122e-01 0.000000000000000000e+00 2.847259949789958666e-01 7.368534208800783247e-01 4.221283306518637257e-01 1.806792152963009879e-01 3.892704269476635615e-01 2.493624864949593178e-01 2.165517977948276385e-01 4.942551199244696880e-01 3.444107912274435579e-01 5.669558111031062220e-01 7.540206681071122130e-01
3.917258660810832849e-01 4.553254467663999105e-01 9.495937274484040902e-01 1.879321730488137665e-01 3.776149755213973336e-01 8.063935582046319883e-01 7.749636584183429155e-01 2.889105911869760401e-01 6.314389936294567685e-01 1.902466345568807338e-01 3.975101366155650573e-01 6.096210773564655350e-01 7.018779247529810528e-01 2.847259949789958666e-01 0.000000000000000000e+00 7.723271814312535621e-01 5.095582810769523352e-01 3.224155353214601671e-01 2.656912067254815768e-01 2.817819917410190889e-01 1.667080934575675411e-01 4.615023979579723212e-01 3.397351927889762924e-01 5.513010842190428917e-01 6.878747572143701916e-01
4.391515145312347990e-01 9.342695293843865656e-01 1.822661246730736817e-01 9.096481961627204127e-01 7.412190284479583946e-01 5.364214003011985588e-01 5.422091825775137153e-01 6.103455929032250982e-01 1.862641394507228987e-01 6.338665099823105331e-01 4.220563168633386653e-01 3.385087594601512428e-01 3.638147289580170862e-01 7.368534208800783247e-01 7.723271814312535621e-01 0.000000000000000000e+00 3.663473174108484165e-01 5.960226624057459732e-01 5.100337619103435527e-01 7.454178978139173184e-01 6.705688768565781777e-01 3.108247834732812964e-01 5.157813570405540560e-01 2.865059269691405675e-01 4.111059252389131502e-01
1.888502115841447226e-01 6.023574020661672801e-01 5.393638619570465531e-01 6.910191452052162342e-01 4.923133664411362131e-01 3.738879950773177363e-01 4.628444627336370520e-01 2.688689930798524585e-01 1.822465026612701267e-01 4.373915229979644659e-01 1.941168985721500317e-01 3.145569607981078541e-01 2.700436905013524069e-01 4.221283306518637257e-01 5.095582810769523352e-01 3.663473174108484165e-01 0.000000000000000000e+00 3.241559386674572885e-01 3.483165625583177216e-01 5.132358576303939213e-01 3.428501876193847941e-01 1.708682661249038837e-01 1.707221496757253543e-01 1.632702586750420792e-01 3.582356993378415511e-01
4.325456860346421073e-01 3.780953238006092842e-01 7.704277362054270384e-01 4.528309640736501440e-01 1.746174843506194951e-01 6.980439337447752468e-01 7.568634592820228102e-01 2.163567409131057218e-01 4.197435166776831705e-01 2.357389690023641848e-01 1.739663455424071692e-01 5.583829287194088664e-01 5.871415445585772552e-01 1.806792152963009879e-01 3.224155353214601671e-01 5.960226624057459732e-01 3.241559386674572885e-01 0.000000000000000000e+00 2.852135975157153447e-01 2.338498773951019072e-01 2.971093634337452216e-01 3.346502857614523374e-01 3.549802950886468134e-01 4.874261973424993677e-01 6.755586028302208446e-01
1.730817063592315908e-01 5.597948758351777299e-01 6.873003079274938587e-01 4.463765926511601423e-01 3.902222288442759868e-01 5.967985330386033072e-01 5.238721438552983445e-01 2.601876017449596956e-01 3.719680316536281839e-01 1.732821248408083215e-01 1.783781073972482145e-01 3.585295627934209639e-01 4.790186507996325171e-01 3.892704269476635615e-01 2.656912067254815768e-01 5.100337619103435527e-01 3.483165625583177216e-01 2.852135975157153447e-01 0.000000000000000000e+00 3.391011992037528677e-01 1.882795132561554952e-01 1.992089784370622008e-01 1.829856809587958599e-01 3.141366177055995301e-01 4.367832426513258426e-01
5.097490113674968404e-01 4.406981639052047761e-01 9.226844438310679575e-01 4.125047387537486010e-01 1.729768641273722318e-01 8.871238527077119906e-01 8.563754183682388277e-01 3.163763371988350670e-01 5.978617376688087903e-01 2.199092298797984124e-01 3.394179240014705834e-01 6.578948878056247729e-01 7.744292496668905290e-01 2.493624864949593178e-01 2.817819917410190889e-01 7.454178978139173184e-01 5.132358576303939213e-01 2.338498773951019072e-01 3.391011992037528677e-01 0.000000000000000000e+00 2.694153570921528629e-01 4.365705694089661582e-01 4.309530755783205214e-01 6.489351284878388526e-01 7.734505476595910922e-01
2.619722721537622867e-01 3.871512495822316269e-01 8.494847142332302425e-01 3.492542434860920197e-01 3.684412414805397495e-01 6.413701653287987581e-01 6.527830114828619967e-01 1.654172240236587432e-01 5.090650276317887357e-01 1.976526412330084082e-01 3.666576206534036819e-01 4.878190898580188062e-01 5.378388646958746078e-01 2.165517977948276385e-01 1.667080934575675411e-01 6.705688768565781777e-01 3.428501876193847941e-01 2.971093634337452216e-01 1.882795132561554952e-01 2.694153570921528629e-01 0.000000000000000000e+00 3.865259588390227430e-01 1.730270993314087513e-01 3.910091522409273601e-01 5.530297544156040912e-01
1.671360549294549913e-01 6.916712284287779289e-01 4.880913294904317690e-01 6.008008677577690859e-01 4.671751076224285315e-01 5.169722346293582627e-01 4.260262975649883321e-01 3.839348524721881706e-01 1.736726279687287322e-01 3.250191815773593174e-01 1.606839402190452237e-01 2.274833836135781162e-01 3.707064952559922522e-01 4.942551199244696880e-01 4.615023979579723212e-01 3.108247834732812964e-01 1.708682661249038837e-01 3.346502857614523374e-01 1.992089784370622008e-01 4.365705694089661582e-01 3.865259588390227430e-01 0.000000000000000000e+00 3.125051568113247913e-01 2.312475258168735781e-01 3.448254417594288079e-01
1.603618988617662444e-01 4.966405796915235316e-01 6.923450748598971582e-01 5.211960569172400248e-01 5.124717131959373173e-01 4.690403005759532507e-01 5.315782099503587599e-01 1.787507301454871189e-01 3.369369896881292403e-01 2.949671947784202053e-01 2.400628469309623592e-01 3.797423750631457873e-01 3.701004505034562464e-01 3.444107912274435579e-01 3.397351927889762924e-01 5.157813570405540560e-01 1.707221496757253543e-01 3.549802950886468134e-01 1.829856809587958599e-01 4.309530755783205214e-01 1.730270993314087513e-01 3.125051568113247913e-01 0.000000000000000000e+00 2.347400043319613216e-01 4.269694465545633144e-01
1.595917899155839259e-01 7.154877740326471836e-01 4.654217643457925768e-01 7.386315811164729794e-01 6.516168628190885936e-01 2.857247088124845735e-01 3.046757230759880586e-01 3.819993650463324175e-01 1.629147763379625580e-01 4.655371133061211864e-01 3.484093728905795495e-01 1.650324705800632341e-01 1.648820330940330425e-01 5.669558111031062220e-01 5.513010842190428917e-01 2.865059269691405675e-01 1.632702586750420792e-01 4.874261973424993677e-01 3.141366177055995301e-01 6.489351284878388526e-01 3.910091522409273601e-01 2.312475258168735781e-01 2.347400043319613216e-01 0.000000000000000000e+00 2.000669596801925576e-01
2.985559886727457979e-01 9.077172162552489265e-01 5.911460687646804546e-01 8.704776965460487848e-01 8.043073117847016062e-01 4.857916684926772422e-01 1.408511024268140621e-01 5.742288072689342160e-01 2.898372052833538270e-01 5.973832287356969362e-01 5.015922572878138697e-01 1.398374852370777854e-01 3.350518672535930387e-01 7.540206681071122130e-01 6.878747572143701916e-01 4.111059252389131502e-01 3.582356993378415511e-01 6.755586028302208446e-01 4.367832426513258426e-01 7.734505476595910922e-01 5.530297544156040912e-01 3.448254417594288079e-01 4.269694465545633144e-01 2.000669596801925576e-01 0.000000000000000000e+00
