0.000000000000000000e+00 1.468690694465855762e+00 1.424622861874120128e+00 9.103680828590665630e-01 1.224368617293814854e+00 8.857218046498795960e-01 6.499053747238451306e-01 6.871758966632948162e-01 1.021036561830342748e+00 1.080779608717482798e+00 5.187996722356439383e-01 5.641974251809104279e-01 9.200427005174304229e-01 3.298513448731081876e-01 6.631127812986807868e-01 6.256119540934080847e-01 2.759504704125792518e-01 9.323558771856241822e-01 2.934084043167536349e-01 9.536729982716170007e-01 4.453617692323545429e-01 1.228395392028324373e+00 4.792908758097828570e-01 1.265008300353470672e+00 4.915490579054652698e-01 6.939112364136695854e-01 1.938123133283176369e-01 9.867666869500234528e-01 7.772145304595097226e-01 7.358908202427529854e-01 7.893467029061190798e-01 7.596858134372235227e-01 5.022855899207983033e-01 5.277374372202453534e-01 1.070576249432687810e+00 1.693891066861236971e-01 7.980077844240086593e-01 1.526552409991937531e-01 2.172722121726264888e-01 8.272718310846229883e-01 6.483521500322231290e-01 6.152445017315892883e-01 6.857156055000988015e-01 5.688341161729640882e-01 3.342871777584149329e-01 7.901273345805943649e-01 9.764284734374881758e-01 9.480503136644475859e-01 1.137612452061233848e+00 4.611599370487959870e-01
1.468690694465855762e+00 0.000000000000000000e+00 1.254206757031768316e+00 1.449435137025453235e+00 9.280407962583916426e-01 1.528512953259436369e+00 1.042443872058277821e+00 7.886783872226268421e-01 8.689909076153733425e-01 4.043463989972583827e-01 1.164219105433444312e+00 1.133532733455403951e+00 7.470019670245069410e-01 1.169928348114193106e+00 9.079251381345818661e-01 8.628559499847934244e-01 1.484279065740260917e+00 6.300768615332098532e-01 1.186976447691193037e+00 8.225745989940771441e-01 1.108326770044635534e+00 1.058535401684070232e+00 1.004110648918275617e+00 2.056459844511753787e-01 9.843052259804564441e-01 1.339958356151455643e+00 1.380264381043783573e+00 5.935042298723491871e-01 9.440865943414418204e-01 1.274453519890173636e+00 6.793439915597365708e-01 8.478366597604852783e-01 1.055236701635828167e+00 1.015677303433591971e+00 7.664134681851600961e-01 1.302591793505054163e+00 7.653589798906551556e-01 1.493707988133020192e+00 1.515950593294984827e+00 7.133082518094095992e-01 8.350015363473518581e-01 1.014849735201151626e+00 8.534461436804575696e-01 1.011637222292620875e+00 1.141245519001057529e+00 9.351935628232386222e-01 7.729157374148073467e-01 5.292273248847797484e-01 9.628508948619003416e-01 1.168984001091709857e+00
1.424622861874120128e+00 1.254206757031768316e+00 0.000000000000000000e+00 1.480061467046432711e+00 8.920349301357516358e-01 1.472512566012110558e+00 9.776500319090971614e-01 8.040662427477057728e-01 4.155828664392182126e-01 8.842340603587134362e-01 1.113184604759468899e+00 1.164159063476383871e+00 8.443101420825214198e-01 1.193283636001236658e+00 7.706804434700410544e-01 9.823176193401007561e-01 1.475238458301964650e+00 6.408476948950948549e-01 1.170127837047211905e+00 6.356658572193661927e-01 9.940809623811576179e-01 2.145606533967635288e-01 1.078706342852753020e+00 1.050524362919383004e+00 9.691229513967720699e-01 1.280797021793990798e+00 1.322295971138586435e+00 8.346692162062990805e-01 7.901479787827999646e-01 1.305079849911153111e+00 7.988056609150441245e-01 9.750862833820278519e-01 1.142888315603123095e+00 9.376862681624725804e-01 7.403538593687728486e-01 1.312498221066670023e+00 6.297998601137596575e-01 1.503264266128468973e+00 1.470511071706989137e+00 7.104732735844099256e-01 9.305140911602133302e-01 8.704164821376677574e-01 7.618167400995238259e-01 1.044246982168067994e+00 1.180042994892348540e+00 9.347633916890673023e-01 5.355369225524057031e-01 7.667017745123388961e-01 3.488521589201332707e-01 1.041877171247160616e+00
9.103680828590665630e-01 1.449435137025453235e+00 1.480061467046432711e+00 0.000000000000000000e+00 1.266317806849428296e+00 1.097653198237796390e+00 9.540793560232160297e-01 6.772692715053540979e-01 1.094845617630037848e+00 1.067974014880813671e+00 7.262179704334905672e-01 3.625825785490116582e-01 1.001454775875746828e+00 7.040659226390563186e-01 8.793531122683543311e-01 7.473713900106982999e-01 9.392067393102591089e-01 9.170290105540241932e-01 6.518869889809949525e-01 1.084458487635462820e+00 8.054656747663446748e-01 1.284390111698735737e+00 5.506221866087636085e-01 1.245752742913068145e+00 5.643561086429083051e-01 9.053210394245372328e-01 8.591516729779795636e-01 1.002526547562927250e+00 1.067625161818190005e+00 1.806735653723694768e-01 7.788788705376464838e-01 9.243631477212058689e-01 7.814991934299482246e-01 7.286740480760651728e-01 1.105860557730017124e+00 7.451607238399098332e-01 9.050230783840240711e-01 9.391170197034414135e-01 9.824690165485205906e-01 8.315394557569156797e-01 6.317171500920159000e-01 9.813330170898350024e-01 7.523721689304350146e-01 4.446335208429247898e-01 5.875992914256353838e-01 1.038130429519612319e+00 1.023105361320702622e+00 9.352447198277784590e-01 1.188705604876564070e+00 8.370635979226046519e-01
1.224368617293814854e+00 9.280407962583916426e-01 8.920349301357516358e-01 1.266317806849428296e+00 0.000000000000000000e+00 1.301106709150583463e+00 6.454180278749742650e-01 5.979797242815385605e-01 4.945605649519650981e-01 5.328261724240807018e-01 9.408278041140750725e-01 9.504154032793785678e-01 3.500526801621779427e-01 9.385742806693805340e-01 5.633172500083083456e-01 6.422419226714372043e-01 1.247538678558426151e+00 3.508615930305861719e-01 9.772475995557897699e-01 3.090638775756684997e-01 7.790068480614609214e-01 6.897297958302838206e-01 8.297533612252171453e-01 7.238467550053936383e-01 7.889824404133719549e-01 1.109391164932463258e+00 1.112107651497965533e+00 3.740426974527401582e-01 4.694574342755466478e-01 1.091336189714148253e+00 5.115300353673251088e-01 5.183489325072319076e-01 7.864749513894256916e-01 7.677267391437812005e-01 1.643213257187096377e-01 1.087988811858777716e+00 4.624324656828504021e-01 1.273424340627820284e+00 1.256223290008885440e+00 4.984140888323705387e-01 6.564863332995590772e-01 6.161499899299489602e-01 5.930501999282324910e-01 8.298935676103081915e-01 9.504408151804446536e-01 5.253294768306254747e-01 3.590079519239919303e-01 4.742040991319294019e-01 5.950600453726844208e-01 7.927600431052185259e-01
8.857218046498795960e-01 1.528512953259436369e+00 1.472512566012110558e+00 1.097653198237796390e+00 1.301106709150583463e+00 0.000000000000000000e+00 9.004422444553228377e-01 7.451519466513639722e-01 1.078150407595441562e+00 1.150571436446510942e+00 3.813716443784985755e-01 7.557436480845330928e-01 1.141454611381681916e+00 7.394528412063698930e-01 7.684376000262982398e-01 9.261715205922739225e-01 9.593426540656269097e-01 9.661617975718790330e-01 5.969545284326055468e-01 1.035751347697210445e+00 6.307042541063755392e-01 1.276841210664414250e+00 7.393706007995781704e-01 1.324830559147050835e+00 5.764280281416241936e-01 1.985057908485567957e-01 8.012248125222052320e-01 1.107874953816349040e+00 9.457145625138709821e-01 9.230742687692153892e-01 9.040283112593122672e-01 1.072866423563131111e+00 8.212082102165154662e-01 5.389826556771811772e-01 1.143925731890375275e+00 7.541220054433331876e-01 8.548419235945829975e-01 9.438097260283238032e-01 9.494399130906079343e-01 8.691887478546638235e-01 7.754302265254543469e-01 8.078602201615119327e-01 7.106958259125870647e-01 7.163944137567721526e-01 6.672357596072064911e-01 1.023947271184429075e+00 1.019725681498525827e+00 1.016344131385974014e+00 1.181156703842241917e+00 7.340390004972594529e-01
6.499053747238451306e-01 1.042443872058277821e+00 9.776500319090971614e-01 9.540793560232160297e-01 6.454180278749742650e-01 9.004422444553228377e-01 0.000000000000000000e+00 5.798925813935815743e-01 5.620671654698790043e-01 6.395285312229440633e-01 5.393613517543411895e-01 6.083760065143806184e-01 3.437300680787814255e-01 3.364197779040045688e-01 2.952114132532016044e-01 2.821330852439820069e-01 6.456012144805421960e-01 5.153040559828396816e-01 4.562445058228459249e-01 4.412567714320026480e-01 2.697379903489476316e-01 7.786330734342075122e-01 4.071064818878846192e-01 8.409439645918244111e-01 5.541237553168437691e-01 7.087267002372037439e-01 5.189516092450104923e-01 5.080387760597512292e-01 1.928226827873430749e-01 7.772749319683524005e-01 4.624862157934364615e-01 1.946072122977930696e-01 1.779765680224705826e-01 4.175389917289045183e-01 4.891902107101713804e-01 4.895071842548071595e-01 3.931406543477566351e-01 6.702569287106195928e-01 6.604390270215360070e-01 5.716308532575072876e-01 4.396827026437580277e-01 1.616433058123524780e-01 4.378116094296430338e-01 5.457990821412096460e-01 4.266174514533240258e-01 1.445777292099074962e-01 5.455916044865691816e-01 5.157183129501835550e-01 6.955457696414867330e-01 1.887454376750492824e-01
6.871758966632948162e-01 7.886783872226268421e-01 8.040662427477057728e-01 6.772692715053540979e-01 5.979797242815385605e-01 7.451519466513639722e-01 5.798925813935815743e-01 0.000000000000000000e+00 4.188503933313102445e-01 4.107368704097010825e-01 3.808580988253725819e-01 3.613668679353045921e-01 3.984026596111533425e-01 4.862721603444504215e-01 2.934999488957817371e-01 2.977594961495995673e-01 7.280270500581025317e-01 2.472117338149830146e-01 3.982980604685657511e-01 4.101885034638201311e-01 3.718127848030153282e-01 6.083948874000080220e-01 2.754641802536180184e-01 5.849959931102411970e-01 1.956268387578295465e-01 5.565973495433838014e-01 6.348843489097077963e-01 3.664647397337575940e-01 4.533479303764469392e-01 5.022876543700741658e-01 1.784994390944191489e-01 4.330261285983619257e-01 4.551985757447600811e-01 2.399423871671421404e-01 4.375224751621274444e-01 5.315806188482058436e-01 2.580927743261047791e-01 7.255369147117373130e-01 7.718651323792458108e-01 1.550447484283144495e-01 1.468446557126260876e-01 4.253379928150373135e-01 1.520971706272554735e-01 2.414547866269895759e-01 3.960373961491793771e-01 5.680517534605759034e-01 3.458360898153485796e-01 2.765095653491645433e-01 5.127103805778369106e-01 5.039143112090771481e-01
1.021036561830342748e+00 8.689909076153733425e-01 4.155828664392182126e-01 1.094845617630037848e+00 4.945605649519650981e-01 1.078150407595441562e+00 5.620671654698790043e-01 4.188503933313102445e-01 0.000000000000000000e+00 4.903178522353303648e-01 7.216609533841582547e-01 7.789432140599882315e-01 4.468357768987345491e-01 7.805269730628584535e-01 3.579237805316619059e-01 5.971017699237054499e-01 1.062481795363586334e+00 2.482465087881825239e-01 7.718541300791432747e-01 2.253281037329850911e-01 5.854374478319174235e-01 2.168930860595031651e-01 6.934904934363577134e-01 6.653085135029878083e-01 5.786686484882919146e-01 8.864348633773218022e-01 9.187096710948092770e-01 4.384144824294606835e-01 3.745651123435818075e-01 9.198640004947581383e-01 4.135898114986485963e-01 5.595034169428096948e-01 7.301316526647446681e-01 5.408661096510422039e-01 3.428794941849861444e-01 9.123018899669737003e-01 2.269471964250716622e-01 1.090507603190090435e+00 1.066924771663212201e+00 3.252574241680144529e-01 5.452982417438176910e-01 4.576598191992888864e-01 3.674545816828544420e-01 6.590311327516730211e-01 7.928807946839624421e-01 5.191805252498493672e-01 1.392821887755673060e-01 3.814859250959433679e-01 1.365806899483399672e-01 6.291205083087819672e-01
1.080779608717482798e+00 4.043463989972583827e-01 8.842340603587134362e-01 1.067974014880813671e+00 5.328261724240807018e-01 1.150571436446510942e+00 6.395285312229440633e-01 4.107368704097010825e-01 4.903178522353303648e-01 0.000000000000000000e+00 7.862775886205189968e-01 7.520716113107639433e-01 3.426555680272485027e-01 7.783267713300068280e-01 5.386123504386090000e-01 4.651043266765941264e-01 1.095386198148103896e+00 2.483744854120414902e-01 8.090349308782669446e-01 4.300384297275975376e-01 7.390139823486623349e-01 6.819289260532458430e-01 6.161995631699022091e-01 2.042480024965629137e-01 6.063637091675306845e-01 9.620168393385302164e-01 9.886628042595971833e-01 1.932381309458609808e-01 5.468990608235071438e-01 8.929923977455337392e-01 2.914329058113634408e-01 4.449213189251509104e-01 6.535049704915647517e-01 6.377357866206661008e-01 3.711988443508493773e-01 9.146807077566810884e-01 3.960461921946819008e-01 1.105796902384647007e+00 1.127057725702827584e+00 3.439954641134364000e-01 4.470904505989785616e-01 6.455369475051789818e-01 4.841333559844843704e-01 6.287253257693169450e-01 7.533344332526850096e-01 5.322782219879047538e-01 3.819978392835166603e-01 1.380614742665287054e-01 5.872591755956463322e-01 7.672522699474466634e-01
5.187996722356439383e-01 1.164219105433444312e+00 1.113184604759468899e+00 7.262179704334905672e-01 9.408278041140750725e-01 3.813716443784985755e-01 5.393613517543411895e-01 3.808580988253725819e-01 7.216609533841582547e-01 7.862775886205189968e-01 0.000000000000000000e+00 3.843084202802268812e-01 7.743939743025313183e-01 3.725307087921344018e-01 4.148103194009120642e-01 5.553976425856197441e-01 5.914475312552862629e-01 6.043944643080203516e-01 2.297121053823570624e-01 6.857712281265030407e-01 2.696233614053935579e-01 9.175132494117713700e-01 3.685607051312597693e-01 9.605367113210591112e-01 2.031237380213531396e-01 1.950228153999826186e-01 4.343026801079696853e-01 7.435811059903574272e-01 5.876639110961365819e-01 5.516390409649092330e-01 5.380781255179867273e-01 7.117855308621489074e-01 4.542860778022798640e-01 1.880468130716571040e-01 7.836468268538673287e-01 3.862268826329927629e-01 5.048618040238758153e-01 5.759146032179833785e-01 5.825177806763723876e-01 5.048949000286723221e-01 4.046563485188001685e-01 4.467793274605301734e-01 3.559610991549242431e-01 3.430719477498420100e-01 2.964258639388879235e-01 6.628663784834472050e-01 6.594467764620178807e-01 6.520502835599822911e-01 8.218287425896001475e-01 3.699703284025027683e-01
5.641974251809104279e-01 1.133532733455403951e+00 1.164159063476383871e+00 3.625825785490116582e-01 9.504154032793785678e-01 7.557436480845330928e-01 6.083760065143806184e-01 3.613668679353045921e-01 7.789432140599882315e-01 7.520716113107639433e-01 3.843084202802268812e-01 0.000000000000000000e+00 6.816214166005000186e-01 3.557562518172814325e-01 5.496896399251189891e-01 4.117023655722406583e-01 5.921764177961527098e-01 6.011266069839744652e-01 3.075604495938368821e-01 7.685092810264138041e-01 4.611391353791864378e-01 9.684877081286860090e-01 2.086087462373100720e-01 9.298503393430184172e-01 2.244602588103962182e-01 5.634114892712736022e-01 5.121213514638729425e-01 6.866241439928777446e-01 7.410692216640346608e-01 1.849775847324657552e-01 4.629764669675966449e-01 5.886941232827479498e-01 4.329708634444153215e-01 3.887781982435533634e-01 7.899581541599675072e-01 3.981304023258031566e-01 5.890738717749750553e-01 5.920866981893349035e-01 6.354386950344140805e-01 5.156370521868659518e-01 3.121364056452269331e-01 6.382951014343229978e-01 4.317613132790000807e-01 1.420083829386678265e-01 2.404618261360862985e-01 7.017903420601163678e-01 7.072029577506532272e-01 6.193423162577287311e-01 8.728032013065148975e-01 4.887539271008295994e-01
9.200427005174304229e-01 7.470019670245069410e-01 8.443101420825214198e-01 1.001454775875746828e+00 3.500526801621779427e-01 1.141454611381681916e+00 3.437300680787814255e-01 3.984026596111533425e-01 4.468357768987345491e-01 3.426555680272485027e-01 7.743939743025313183e-01 6.816214166005000186e-01 0.000000000000000000e+00 6.019486276660458435e-01 3.737579622797421175e-01 3.089694774316796844e-01 9.247126178955321629e-01 2.832413255467296498e-01 7.570254711228749933e-01 2.291463540991719727e-01 5.463007326902914462e-01 6.420050077770536046e-01 5.138888285016622870e-01 5.469035705238115552e-01 5.748976064646041939e-01 9.504800180879210414e-01 8.094763455339966107e-01 1.946283613891298114e-01 2.042434927962585300e-01 8.264731587404673396e-01 2.416258963323367759e-01 1.782663737935872850e-01 4.463269515703013335e-01 6.104609981250875839e-01 1.885126362669245215e-01 7.513631588554431362e-01 3.240705477202329710e-01 9.376427126578640303e-01 9.485138451144338179e-01 3.503711622654201996e-01 3.697376257837312052e-01 3.732024373271896067e-01 4.761214273675080100e-01 5.575501814955498014e-01 6.138151621771100741e-01 2.083279882803191763e-01 3.112831638707614923e-01 2.267464830319790847e-01 5.473352573194542048e-01 5.106348700658704942e-01
3.298513448731081876e-01 1.169928348114193106e+00 1.193283636001236658e+00 7.040659226390563186e-01 9.385742806693805340e-01 7.394528412063698930e-01 3.364197779040045688e-01 4.862721603444504215e-01 7.805269730628584535e-01 7.783267713300068280e-01 3.725307087921344018e-01 3.557562518172814325e-01 6.019486276660458435e-01 0.000000000000000000e+00 4.231482610561679847e-01 3.132224446534125351e-01 3.249597523143229472e-01 6.699858070632076501e-01 2.301018193393249700e-01 7.115401945630089875e-01 2.187513073128911079e-01 9.945938556215222492e-01 2.196311908528688350e-01 9.662459540018073501e-01 3.453580913479606940e-01 5.476422729701598824e-01 2.103360329295902165e-01 6.743771775100277921e-01 4.862217512446986301e-01 5.274496468791239900e-01 4.968518373560374402e-01 4.322308722581983398e-01 1.725140221550193198e-01 3.506927225140656357e-01 7.767737348405437947e-01 1.611718032111209842e-01 5.798766585539781859e-01 3.445872561469962569e-01 3.490323926346469707e-01 6.292351381929118803e-01 3.676974144369129505e-01 3.388060276972438833e-01 4.786439430298229381e-01 3.410300849851810590e-01 1.410803878170401038e-01 4.729316496730677777e-01 7.558559287492048195e-01 6.492879673127845974e-01 9.140055772344661822e-01 1.629191424150268630e-01
6.631127812986807868e-01 9.079251381345818661e-01 7.706804434700410544e-01 8.793531122683543311e-01 5.633172500083083456e-01 7.684376000262982398e-01 2.952114132532016044e-01 2.934999488957817371e-01 3.579237805316619059e-01 5.386123504386090000e-01 4.148103194009120642e-01 5.496896399251189891e-01 3.737579622797421175e-01 4.231482610561679847e-01 0.000000000000000000e+00 5.630673495907344561e-01 7.051030833568959766e-01 3.029651877142786609e-01 4.139303495474813133e-01 2.905602169729362139e-01 2.275136673002555177e-01 5.719906630903258682e-01 5.133976030703569782e-01 7.042427440221967760e-01 3.252293811147227709e-01 5.767220558081789239e-01 5.607858905631472046e-01 5.176284580284657988e-01 1.913795817389155052e-01 7.043714951330743990e-01 4.265037364378782003e-01 4.476167258646271963e-01 4.199983172146584676e-01 2.367030358453454109e-01 4.104454461939003873e-01 5.549231779602834536e-01 1.670642530209925092e-01 7.331288911834001887e-01 7.090009911315497959e-01 3.090093862741440378e-01 4.344740639966006568e-01 1.439752804932554198e-01 1.426001961764414017e-01 4.435386273899896148e-01 5.293071103702757796e-01 3.255097097157041430e-01 3.332527362180080499e-01 4.204201556151523911e-01 4.914023847032699677e-01 2.941744064437509798e-01
6.256119540934080847e-01 8.628559499847934244e-01 9.823176193401007561e-01 7.473713900106982999e-01 6.422419226714372043e-01 9.261715205922739225e-01 2.821330852439820069e-01 2.977594961495995673e-01 5.971017699237054499e-01 4.651043266765941264e-01 5.553976425856197441e-01 4.117023655722406583e-01 3.089694774316796844e-01 3.132224446534125351e-01 5.630673495907344561e-01 0.000000000000000000e+00 6.302818714715093806e-01 3.629134089338084124e-01 4.527485651559916557e-01 5.285384333767558784e-01 4.536942825398583290e-01 7.866462639924030054e-01 2.130412064143467898e-01 6.591735558724082233e-01 3.559012747476926197e-01 7.363959784468903091e-01 5.235584775830028903e-01 3.611547328566152570e-01 4.541870507033395898e-01 5.709776775638801816e-01 1.986949013907523820e-01 1.936846794887828738e-01 2.191939124290296081e-01 4.685036843903917503e-01 4.803501336852397108e-01 4.569324124314207980e-01 4.934698421989873185e-01 6.432119662338414701e-01 6.619533990262329581e-01 3.868269040073227250e-01 1.575496173997760208e-01 4.190920690974790919e-01 4.476074938269851700e-01 3.126718014083230690e-01 3.097749127197402808e-01 3.074519612871892682e-01 5.040511866977936961e-01 3.382530394514369210e-01 6.909617571702324490e-01 3.498983775332587531e-01
2.759504704125792518e-01 1.484279065740260917e+00 1.475238458301964650e+00 9.392067393102591089e-01 1.247538678558426151e+00 9.593426540656269097e-01 6.456012144805421960e-01 7.280270500581025317e-01 1.062481795363586334e+00 1.095386198148103896e+00 5.914475312552862629e-01 5.921764177961527098e-01 9.247126178955321629e-01 3.249597523143229472e-01 7.051030833568959766e-01 6.302818714715093806e-01 0.000000000000000000e+00 9.737577354425070997e-01 3.679217614983399387e-01 9.951182318048604758e-01 4.854454512529727261e-01 1.276548677922250352e+00 5.040432064597932804e-01 1.280596671627876049e+00 5.403937509627843028e-01 7.675320858294168991e-01 1.959112108939317920e-01 9.914366043281251928e-01 7.878317437788954214e-01 7.638698128579954894e-01 8.049350741805246789e-01 7.554495311317220851e-01 4.904911099738240021e-01 5.911438415575586136e-01 1.093746310697299107e+00 2.072526001116375416e-01 8.504275804779635184e-01 1.641536616703586915e-01 1.652916247335824429e-01 8.755444740589527486e-01 6.709640157587914988e-01 6.313886886284778566e-01 7.428543312638493656e-01 5.967812306825120983e-01 3.593356176060439888e-01 7.864007578552905109e-01 1.028848269491442924e+00 9.636386849388531850e-01 1.190032248115188152e+00 4.645291349492235433e-01
9.323558771856241822e-01 6.300768615332098532e-01 6.408476948950948549e-01 9.170290105540241932e-01 3.508615930305861719e-01 9.661617975718790330e-01 5.153040559828396816e-01 2.472117338149830146e-01 2.482465087881825239e-01 2.483744854120414902e-01 6.043944643080203516e-01 6.011266069839744652e-01 2.832413255467296498e-01 6.699858070632076501e-01 3.029651877142786609e-01 3.629134089338084124e-01 9.737577354425070997e-01 0.000000000000000000e+00 6.434780409908952281e-01 2.227233547298705651e-01 5.034626564024252682e-01 4.398575826060980298e-01 4.938967289230495328e-01 4.263944674208244301e-01 4.408068192801590235e-01 7.744462533537594950e-01 8.316776651598544179e-01 2.209494157138832127e-01 3.319380855221956694e-01 7.420473934187442611e-01 1.794014505087514755e-01 3.675592827082461156e-01 5.731018653222630377e-01 4.327818275650774926e-01 1.904043439111751113e-01 7.773113042326105226e-01 1.532104710714084217e-01 9.712676000961419920e-01 9.798927657282568982e-01 1.492537105936228292e-01 3.206297009973914092e-01 4.027012263819056970e-01 2.598573251222509595e-01 4.812145256756595324e-01 6.367306301112763967e-01 4.649870476751922221e-01 1.458519469699697535e-01 1.426981946826548775e-01 3.451878321484986301e-01 5.741619154913989442e-01
2.934084043167536349e-01 1.186976447691193037e+00 1.170127837047211905e+00 6.518869889809949525e-01 9.772475995557897699e-01 5.969545284326055468e-01 4.562445058228459249e-01 3.982980604685657511e-01 7.718541300791432747e-01 8.090349308782669446e-01 2.297121053823570624e-01 3.075604495938368821e-01 7.570254711228749933e-01 2.301018193393249700e-01 4.139303495474813133e-01 4.527485651559916557e-01 3.679217614983399387e-01 6.434780409908952281e-01 0.000000000000000000e+00 7.044905665204175271e-01 2.203655496890387366e-01 9.744564816995147094e-01 2.628086908169968150e-01 9.832940535788071701e-01 2.026712217107362601e-01 4.051439601963952031e-01 2.499648927160533496e-01 7.480825458531831229e-01 5.527819783266166853e-01 4.784902104275687851e-01 5.264369784044117262e-01 6.078406660575185194e-01 3.471592476433565388e-01 2.502236776650124117e-01 8.243757957413815340e-01 1.625555065319831127e-01 5.486127349639210449e-01 3.492397290430841461e-01 3.754269046811832822e-01 5.383939948898941452e-01 3.927840734603557649e-01 3.924319690072241018e-01 4.129043314426680822e-01 3.107039938707336635e-01 1.515019987920035727e-01 5.916352575245803491e-01 7.150990648157727891e-01 6.748076258177303499e-01 8.787719748773441530e-01 2.688202643459836061e-01
9.536729982716170007e-01 8.225745989940771441e-01 6.356658572193661927e-01 1.084458487635462820e+00 3.090638775756684997e-01 1.035751347697210445e+00 4.412567714320026480e-01 4.101885034638201311e-01 2.253281037329850911e-01 4.300384297275975376e-01 6.857712281265030407e-01 7.685092810264138041e-01 2.291463540991719727e-01 7.115401945630089875e-01 2.905602169729362139e-01 5.285384333767558784e-01 9.951182318048604758e-01 2.227233547298705651e-01 7.044905665204175271e-01 0.000000000000000000e+00 5.180738842731917870e-01 4.333607229138987105e-01 6.848286035688676554e-01 6.169601227600614024e-01 5.522566426635078241e-01 8.440358034790909070e-01 8.513461075360835295e-01 2.904023491128490675e-01 2.526332445457822318e-01 9.094768705001831099e-01 3.924667199527366312e-01 3.686073436166841244e-01 6.135823981669432658e-01 4.977244150548460477e-01 1.614025210063124716e-01 8.449383264082485079e-01 1.814908616400240371e-01 1.023144039631364466e+00 9.995612081044862318e-01 3.300272665172159781e-01 5.374230178849705997e-01 3.767502950660363004e-01 3.392878484044501985e-01 6.486440027570985478e-01 7.664687888591784626e-01 3.495669596822750247e-01 1.554080667169698560e-01 3.551407837173408688e-01 3.396182375616385030e-01 5.554629564754085536e-01
4.453617692323545429e-01 1.108326770044635534e+00 9.940809623811576179e-01 8.054656747663446748e-01 7.790068480614609214e-01 6.307042541063755392e-01 2.697379903489476316e-01 3.718127848030153282e-01 5.854374478319174235e-01 7.390139823486623349e-01 2.696233614053935579e-01 4.611391353791864378e-01 5.463007326902914462e-01 2.187513073128911079e-01 2.275136673002555177e-01 4.536942825398583290e-01 4.854454512529727261e-01 5.034626564024252682e-01 2.203655496890387366e-01 5.180738842731917870e-01 0.000000000000000000e+00 7.978534925353616414e-01 4.011564826935140604e-01 9.046443759322501110e-01 3.061305372432268079e-01 4.389887098882559457e-01 3.376113024405649754e-01 7.052072748658572143e-01 3.420572398940328052e-01 6.311048236510488074e-01 5.422665182200354650e-01 4.421621694567554051e-01 2.633310120074984217e-01 1.650610323752785824e-01 6.252144802003334334e-01 3.352655458563603696e-01 3.674658849310457609e-01 5.134712590794769937e-01 4.854319273025560766e-01 4.528860966086990514e-01 4.593556213138164646e-01 1.771559660551366711e-01 2.598926357169317747e-01 4.492012506886338130e-01 3.417315928860827356e-01 3.932430170780537582e-01 5.458865739445253329e-01 6.136764524354824113e-01 7.070705525682713377e-01 1.433207008065167098e-01
1.228395392028324373e+00 1.058535401684070232e+00 2.145606533967635288e-01 1.284390111698735737e+00 6.897297958302838206e-01 1.276841210664414250e+00 7.786330734342075122e-01 6.083948874000080220e-01 2.168930860595031651e-01 6.819289260532458430e-01 9.175132494117713700e-01 9.684877081286860090e-01 6.420050077770536046e-01 9.945938556215222492e-01 5.719906630903258682e-01 7.866462639924030054e-01 1.276548677922250352e+00 4.398575826060980298e-01 9.744564816995147094e-01 4.333607229138987105e-01 7.978534925353616414e-01 0.000000000000000000e+00 8.830349875050556019e-01 8.548530075716855858e-01 7.734515960490744302e-01 1.085125666446294046e+00 1.126068501292790458e+00 6.323640819008315983e-01 5.911310203079102044e-01 1.109408494563455694e+00 6.031343055673463738e-01 7.760693249071380917e-01 9.441985352234086859e-01 7.420149128147749407e-01 5.380487250633051444e-01 1.116826865718972828e+00 4.335723902679637365e-01 1.304574485748754231e+00 1.274283601861193160e+00 5.148019182367121749e-01 7.348427358125158015e-01 6.717267017579526822e-01 5.661453847518261862e-01 8.485756268203710206e-01 9.843716395446516776e-01 7.357464332141777641e-01 3.332317882469381654e-01 5.710304191646413674e-01 1.354498514669204290e-01 8.431873908674458740e-01
4.792908758097828570e-01 1.004110648918275617e+00 1.078706342852753020e+00 5.506221866087636085e-01 8.297533612252171453e-01 7.393706007995781704e-01 4.071064818878846192e-01 2.754641802536180184e-01 6.934904934363577134e-01 6.161995631699022091e-01 3.685607051312597693e-01 2.086087462373100720e-01 5.138888285016622870e-01 2.196311908528688350e-01 5.133976030703569782e-01 2.130412064143467898e-01 5.040432064597932804e-01 4.938967289230495328e-01 2.628086908169968150e-01 6.848286035688676554e-01 4.011564826935140604e-01 8.830349875050556019e-01 0.000000000000000000e+00 8.004282548058899716e-01 2.382777472651531059e-01 5.470384419863191239e-01 4.096608761661238995e-01 5.481199722350806880e-01 5.999291646752277218e-01 3.738177625538993132e-01 3.247666573585388239e-01 3.835964614831317010e-01 2.491801640830641484e-01 3.774669953787567200e-01 6.681260331519859319e-01 3.131919748489812028e-01 5.223784113755307601e-01 5.071482707125130052e-01 5.423765892517288245e-01 4.235605191274581793e-01 1.732670279256581236e-01 5.097314680474154258e-01 3.822450135206517663e-01 1.532341878529332457e-01 1.470396548914447710e-01 4.954644009509970859e-01 6.204761899203959929e-01 4.834702681168673299e-01 7.873504806828847125e-01 3.270026784377719209e-01
1.265008300353470672e+00 2.056459844511753787e-01 1.050524362919383004e+00 1.245752742913068145e+00 7.238467550053936383e-01 1.324830559147050835e+00 8.409439645918244111e-01 5.849959931102411970e-01 6.653085135029878083e-01 2.042480024965629137e-01 9.605367113210591112e-01 9.298503393430184172e-01 5.469035705238115552e-01 9.662459540018073501e-01 7.042427440221967760e-01 6.591735558724082233e-01 1.280596671627876049e+00 4.263944674208244301e-01 9.832940535788071701e-01 6.169601227600614024e-01 9.046443759322501110e-01 8.548530075716855858e-01 8.004282548058899716e-01 0.000000000000000000e+00 7.806228318680709100e-01 1.136275962039070331e+00 1.176581986931397816e+00 3.934086290458667645e-01 7.404042002290567304e-01 1.070771125777787880e+00 4.756615974473512587e-01 6.463367522940310916e-01 8.532357093893708777e-01 8.119949093212062152e-01 5.622194269321623139e-01 1.098909399392668629e+00 5.616765857782695104e-01 1.290025594020635102e+00 1.312268199182599515e+00 5.096258576970240650e-01 6.313191422349663240e-01 8.111673410887667579e-01 6.497637495680722575e-01 8.079548281802353404e-01 9.375631248886726610e-01 7.336936553567849906e-01 5.689195323159805806e-01 3.275812442567650473e-01 7.591685007495148074e-01 9.669830088452526784e-01
4.915490579054652698e-01 9.843052259804564441e-01 9.691229513967720699e-01 5.643561086429083051e-01 7.889824404133719549e-01 5.764280281416241936e-01 5.541237553168437691e-01 1.956268387578295465e-01 5.786686484882919146e-01 6.063637091675306845e-01 2.031237380213531396e-01 2.244602588103962182e-01 5.748976064646041939e-01 3.453580913479606940e-01 3.252293811147227709e-01 3.559012747476926197e-01 5.403937509627843028e-01 4.408068192801590235e-01 2.026712217107362601e-01 5.522566426635078241e-01 3.061305372432268079e-01 7.734515960490744302e-01 2.382777472651531059e-01 7.806228318680709100e-01 0.000000000000000000e+00 3.841167473016728340e-01 4.392575101518782499e-01 5.530521633594629449e-01 5.166089628536383316e-01 3.897771791743269154e-01 3.385817576800595474e-01 5.391303848128834453e-01 4.394850100279235061e-01 1.643179394331571452e-01 6.291770400478629011e-01 3.439473197528872817e-01 3.722658968530975221e-01 5.345241263698479184e-01 5.778342852534218421e-01 3.357227731791579406e-01 2.051599806808730442e-01 4.222750997456300448e-01 2.129687942590576533e-01 1.521271470595465525e-01 2.142121461956705830e-01 6.469832042215328816e-01 5.126846917288148120e-01 4.721364041069940898e-01 6.777670892269035408e-01 4.018027981891053591e-01
6.939112364136695854e-01 1.339958356151455643e+00 1.280797021793990798e+00 9.053210394245372328e-01 1.109391164932463258e+00 1.985057908485567957e-01 7.087267002372037439e-01 5.565973495433838014e-01 8.864348633773218022e-01 9.620168393385302164e-01 1.950228153999826186e-01 5.634114892712736022e-01 9.504800180879210414e-01 5.476422729701598824e-01 5.767220558081789239e-01 7.363959784468903091e-01 7.675320858294168991e-01 7.744462533537594950e-01 4.051439601963952031e-01 8.440358034790909070e-01 4.389887098882559457e-01 1.085125666446294046e+00 5.470384419863191239e-01 1.136275962039070331e+00 3.841167473016728340e-01 0.000000000000000000e+00 6.094142442859952213e-01 9.193203567083686467e-01 7.539990182957515552e-01 7.307421099559560096e-01 7.155118111571520112e-01 8.811508793450114618e-01 6.293976419803053446e-01 3.472671114590615282e-01 9.522101876722559588e-01 5.623114372071229550e-01 6.631263793764635706e-01 7.519991577921137926e-01 7.576293448543978126e-01 6.806341507466834306e-01 5.856546843800706226e-01 6.161446759433925058e-01 5.189802816944676378e-01 5.240622549435129951e-01 4.749036007939473891e-01 8.322317269663098704e-01 8.280101372804063997e-01 8.277895342779933996e-01 9.894411596241230455e-01 5.423234562791400259e-01
1.938123133283176369e-01 1.380264381043783573e+00 1.322295971138586435e+00 8.591516729779795636e-01 1.112107651497965533e+00 8.012248125222052320e-01 5.189516092450104923e-01 6.348843489097077963e-01 9.187096710948092770e-01 9.886628042595971833e-01 4.343026801079696853e-01 5.121213514638729425e-01 8.094763455339966107e-01 2.103360329295902165e-01 5.607858905631472046e-01 5.235584775830028903e-01 1.959112108939317920e-01 8.316776651598544179e-01 2.499648927160533496e-01 8.513461075360835295e-01 3.376113024405649754e-01 1.126068501292790458e+00 4.096608761661238995e-01 1.176581986931397816e+00 4.392575101518782499e-01 6.094142442859952213e-01 0.000000000000000000e+00 8.847132104396181473e-01 6.545067420856013340e-01 6.838147465257156110e-01 7.038908886496432205e-01 6.329580937753477299e-01 3.654101516528133198e-01 4.326859733893743676e-01 9.583152836368380445e-01 1.834792927378629812e-01 6.956808936884751882e-01 2.562348389011691596e-01 1.497808963968277340e-01 7.653226040218733539e-01 5.699198302279098183e-01 4.959576615680166833e-01 5.881076444743610354e-01 5.167261643502323309e-01 2.792805512737643325e-01 6.606148562961643433e-01 8.741015827019547046e-01 8.596240002423748416e-01 1.035285561325700598e+00 3.355285081122475477e-01
9.867666869500234528e-01 5.935042298723491871e-01 8.346692162062990805e-01 1.002526547562927250e+00 3.740426974527401582e-01 1.107874953816349040e+00 5.080387760597512292e-01 3.664647397337575940e-01 4.384144824294606835e-01 1.932381309458609808e-01 7.435811059903574272e-01 6.866241439928777446e-01 1.946283613891298114e-01 6.743771775100277921e-01 5.176284580284657988e-01 3.611547328566152570e-01 9.914366043281251928e-01 2.209494157138832127e-01 7.480825458531831229e-01 2.904023491128490675e-01 7.052072748658572143e-01 6.323640819008315983e-01 5.481199722350806880e-01 3.934086290458667645e-01 5.530521633594629449e-01 9.193203567083686467e-01 8.847132104396181473e-01 0.000000000000000000e+00 3.972694391711785733e-01 8.275449304276475404e-01 2.236476770252808777e-01 3.134315637619580763e-01 5.495553766715859378e-01 5.950393039905045311e-01 2.121201949260956843e-01 8.180871452880360550e-01 3.730686383227381775e-01 1.004366699090456949e+00 1.023108131882848326e+00 3.081234929924127064e-01 3.793052218128959430e-01 5.662283837021097055e-01 4.556756392317806714e-01 5.609400969832344375e-01 6.667818105098403114e-01 3.953555153546701728e-01 3.104714946984066248e-01 1.534594733581945147e-01 5.376943314432319765e-01 6.606705060693289777e-01
7.772145304595097226e-01 9.440865943414418204e-01 7.901479787827999646e-01 1.067625161818190005e+00 4.694574342755466478e-01 9.457145625138709821e-01 1.928226827873430749e-01 4.533479303764469392e-01 3.745651123435818075e-01 5.468990608235071438e-01 5.876639110961365819e-01 7.410692216640346608e-01 2.042434927962585300e-01 4.862217512446986301e-01 1.913795817389155052e-01 4.541870507033395898e-01 7.878317437788954214e-01 3.319380855221956694e-01 5.527819783266166853e-01 2.526332445457822318e-01 3.420572398940328052e-01 5.911310203079102044e-01 5.999291646752277218e-01 7.404042002290567304e-01 5.166089628536383316e-01 7.539990182957515552e-01 6.545067420856013340e-01 3.972694391711785733e-01 0.000000000000000000e+00 8.926435446829102949e-01 4.458693891285953059e-01 2.622197755253074525e-01 3.609491536211610341e-01 4.260035632428631480e-01 3.153719507958963608e-01 6.326958411961211004e-01 2.136356293042599441e-01 8.134455856519335892e-01 7.986223805965212419e-01 3.893828334629204080e-01 5.587231802320026253e-01 1.689589445309310212e-01 3.173572049440688270e-01 6.318106769398255107e-01 5.954353390272510982e-01 1.533771757522350843e-01 3.622256340259250584e-01 4.309899758282376703e-01 5.080437165151898693e-01 3.233026088296717671e-01
7.358908202427529854e-01 1.274453519890173636e+00 1.305079849911153111e+00 1.806735653723694768e-01 1.091336189714148253e+00 9.230742687692153892e-01 7.772749319683524005e-01 5.022876543700741658e-01 9.198640004947581383e-01 8.929923977455337392e-01 5.516390409649092330e-01 1.849775847324657552e-01 8.264731587404673396e-01 5.274496468791239900e-01 7.043714951330743990e-01 5.709776775638801816e-01 7.638698128579954894e-01 7.420473934187442611e-01 4.784902104275687851e-01 9.094768705001831099e-01 6.311048236510488074e-01 1.109408494563455694e+00 3.738177625538993132e-01 1.070771125777787880e+00 3.897771791743269154e-01 7.307421099559560096e-01 6.838147465257156110e-01 8.275449304276475404e-01 8.926435446829102949e-01 0.000000000000000000e+00 6.038972534023665517e-01 7.479694352743876395e-01 6.046642585062580455e-01 5.540951186074839496e-01 9.308789405947373030e-01 5.698237973876458806e-01 7.300414612487443611e-01 7.637800932511775720e-01 8.071320900962568601e-01 6.565578386216357476e-01 4.567355329567360789e-01 8.063513999545551814e-01 5.773905517951553046e-01 2.696519037076449132e-01 4.121552211979288005e-01 8.617367170727937564e-01 8.481237441854229120e-01 7.602631026924985269e-01 1.013723987741285137e+00 6.604473221626723234e-01
7.893467029061190798e-01 6.793439915597365708e-01 7.988056609150441245e-01 7.788788705376464838e-01 5.115300353673251088e-01 9.040283112593122672e-01 4.624862157934364615e-01 1.784994390944191489e-01 4.135898114986485963e-01 2.914329058113634408e-01 5.380781255179867273e-01 4.629764669675966449e-01 2.416258963323367759e-01 4.968518373560374402e-01 4.265037364378782003e-01 1.986949013907523820e-01 8.049350741805246789e-01 1.794014505087514755e-01 5.264369784044117262e-01 3.924667199527366312e-01 5.422665182200354650e-01 6.031343055673463738e-01 3.247666573585388239e-01 4.756615974473512587e-01 3.385817576800595474e-01 7.155118111571520112e-01 7.038908886496432205e-01 2.236476770252808777e-01 4.458693891285953059e-01 6.038972534023665517e-01 0.000000000000000000e+00 2.678790034956433086e-01 4.073213007172511446e-01 4.039287627859998175e-01 3.499027072940937289e-01 6.232478019453174811e-01 3.099578837739303538e-01 8.143639965732835106e-01 8.366066017352478124e-01 1.881320026165702874e-01 1.556575447876150375e-01 5.594486390844275459e-01 2.974144975325023754e-01 3.372924199579533378e-01 4.619015274413213468e-01 3.895523143661566157e-01 3.205392282727368425e-01 1.587036107583285061e-01 5.074497987451752623e-01 5.411579721000853160e-01
7.596858134372235227e-01 8.478366597604852783e-01 9.750862833820278519e-01 9.243631477212058689e-01 5.183489325072319076e-01 1.072866423563131111e+00 1.946072122977930696e-01 4.330261285983619257e-01 5.595034169428096948e-01 4.449213189251509104e-01 7.117855308621489074e-01 5.886941232827479498e-01 1.782663737935872850e-01 4.322308722581983398e-01 4.476167258646271963e-01 1.936846794887828738e-01 7.554495311317220851e-01 3.675592827082461156e-01 6.078406660575185194e-01 3.686073436166841244e-01 4.421621694567554051e-01 7.760693249071380917e-01 3.835964614831317010e-01 6.463367522940310916e-01 5.391303848128834453e-01 8.811508793450114618e-01 6.329580937753477299e-01 3.134315637619580763e-01 2.622197755253074525e-01 7.479694352743876395e-01 2.678790034956433086e-01 0.000000000000000000e+00 2.681260188821937840e-01 6.032311548238673549e-01 3.565483866783952238e-01 5.910062717752362360e-01 4.217284762354534533e-01 7.758130413889419152e-01 7.719955933557844929e-01 4.288069321980217952e-01 3.339704041320104566e-01 3.528874948669681877e-01 5.652935010281456840e-01 4.976007568174001805e-01 4.655372343565654658e-01 1.394621669766292760e-01 4.768622331863013875e-01 3.211111006523904576e-01 6.864107429750002654e-01 3.472389423073707349e-01
