0.000000000000000000e+00 5.729050246191464968e-01 4.609165318822284751e-01 4.958501693031936997e-01 3.649411850308132976e-01 3.432764844511284608e-01 2.773564222698174930e-01 2.526814496913898367e-01 3.703683944707414910e-01 2.299225856663144330e-01 2.076045035852952247e-01 1.997357818992180900e-01 3.149050262758543162e-01 1.720342549686796896e-01 4.529444604861313506e-01 5.037751270633509248e-01 2.864843236261235826e-01 5.126145315476059450e-01 1.384093300619706757e-01 3.858604319932380511e-01 3.317828631794683125e-01 1.690783446387131295e-01 1.352856601428366889e-01 2.033436884023282210e-01 2.612140278881916466e-01 1.762572940635925844e-01 1.103146422926359199e-01 2.927975362361063261e-01 4.543975237245446719e-01 1.164904900042402491e-01 3.772619342373857987e-01 3.218298813775901102e-01 1.098696171016408235e-01 2.447797434883579870e-01 9.323222720578348832e-02 3.751935436402640267e-01 3.518791727699417393e-01 4.773332690095067887e-01 5.447022717963138083e-01 2.965687366269562641e-01 3.114610825917781267e-01 4.357964491769120152e-01 3.857894653052107992e-01 2.394311602839964137e-01 2.200234884101940902e-01 9.127492095386487148e-02 1.669822547771420695e-01 1.840841144365931992e-01 2.347738233904509697e-01 2.160578941973429756e-01 4.365319960156427981e-01 2.072169931403534671e-01 3.959582570613470187e-01 3.995049858580557167e-01 1.239336227608454355e-01 1.847540960128771781e-01 1.636047374241245134e-01 4.980487376173682867e-01 1.375138508544843097e-01 2.247055788514039643e-01 4.432325461909422670e-01 3.973485111235137146e-01 5.597990080094918941e-01 2.551184455808545581e-01 1.747407609656060901e-01 2.954584354604773422e-01 4.795716008320575208e-01 6.631550363189751829e-02 1.435276173933831001e-01 3.360436215210876876e-01 5.192748639589663817e-01 1.101299192168900820e-01 5.428884618939118223e-01 3.253955441969022533e-01 3.604367758298007152e-01 1.685547618283945448e-01 2.545990355715379017e-01 8.066909563467897226e-02 1.601675835329341435e-01 3.090727121443981873e-01 5.994511858333900767e-02 1.809566757206263476e-01 2.270048582195542397e-01 1.890427170077016161e-01 4.874984341059232507e-01 3.591740438014568437e-01 1.813368800210310161e-01 3.179702380205524648e-01 5.111722844342564409e-01 3.050605539038708236e-01 3.080170181633731796e-01 4.561742666156903825e-01 2.610855388166418711e-01 4.142960426787543060e-01 6.525174700301235309e-02 1.451342311146617825e-01 3.890701186984860116e-01 1.600927137891102192e-01 5.383342604205216819e-01 5.363970758430870039e-02
5.729050246191464968e-01 0.000000000000000000e+00 4.707264667432802252e-01 4.015186459380321038e-01 8.917528782064243487e-01 3.436664269971781427e-01 6.418768013249718241e-01 6.640360900845898584e-01 2.457945518012547570e-01 4.625688426843730383e-01 4.915602372150648658e-01 6.903998769829330362e-01 2.757103605712679095e-01 5.162810489400241343e-01 1.707070149006155169e-01 1.664849419336806580e-01 3.316757709357712192e-01 1.439310569236058879e-01 5.649921001438392709e-01 2.677554552411892108e-01 3.633911276512882260e-01 5.541146274990759180e-01 5.068059410967784562e-01 3.763907901997927130e-01 4.008372090295792556e-01 4.468114670666369359e-01 6.148545030487967411e-01 8.119476130086518140e-01 1.202735382030259842e-01 4.681589809955554182e-01 2.294466603163627383e-01 2.852028352773797182e-01 5.530664856220421921e-01 3.961422693784060201e-01 5.535896152957272554e-01 2.700764784332837509e-01 3.020519521042130395e-01 1.268551976793449998e-01 8.944067760737740846e-02 2.860007040068588413e-01 3.253553575894563843e-01 1.898607114290468134e-01 1.988732041207318391e-01 3.568345556052279766e-01 7.473839860805967517e-01 5.492718744069424730e-01 5.586693982170073403e-01 4.944239202344428152e-01 4.464069950792264874e-01 3.969175238736771805e-01 3.361116063083822159e-01 5.713400723543556881e-01 3.959381089499232065e-01 2.050000569182022780e-01 4.867648095255792118e-01 5.953627661248178660e-01 5.159731662926698714e-01 1.132254345957302427e-01 6.750794436136615673e-01 4.294356063831702430e-01 1.782607824608657132e-01 2.345538154346941129e-01 9.591411091873573713e-02 3.310831819325121828e-01 4.946415517688485530e-01 8.228189331308800591e-01 1.524624109866963284e-01 5.390944732393305738e-01 5.051863270097363134e-01 3.252974449691944381e-01 6.503737137856024919e-02 5.571664614014020245e-01 6.488356385043245189e-02 2.795068822805110154e-01 2.254900844074808064e-01 4.120996909039428280e-01 3.634130568815252538e-01 6.279320110549870826e-01 5.301734033704945670e-01 3.768988582953467503e-01 5.867087669956680962e-01 4.731701619220308741e-01 4.573397355230190975e-01 5.388075481934893052e-01 1.795294264237974613e-01 2.567932895455097841e-01 4.795631930935285170e-01 3.229517748462115700e-01 6.346604279005964300e-02 3.408873585408512263e-01 2.797808900407280919e-01 1.272650645430054850e-01 3.746326763050856767e-01 2.143856179495178260e-01 5.080477261046882909e-01 5.046314727097851449e-01 2.240004365655540175e-01 4.328170356722923495e-01 9.825795010872324931e-02 5.854791788463988844e-01
4.609165318822284751e-01 4.707264667432802252e-01 0.000000000000000000e+00 4.168590526463762380e-01 8.071322677317419592e-01 4.217721515140194222e-01 5.678158804476656218e-01 5.389264058707396998e-01 2.420077596642236095e-01 4.108799090223279604e-01 3.664006343517698383e-01 6.395920618448885930e-01 3.167191920239900149e-01 4.743892845959798432e-01 4.005963799228026145e-01 3.897454152268784999e-01 2.670106203456495408e-01 3.881092742207180590e-01 4.439157890617373425e-01 3.000622801433309172e-01 1.350787291519939259e-01 4.767903627433947578e-01 4.878982196030685614e-01 2.738310783766811918e-01 4.284389523293630209e-01 3.569225367217987999e-01 5.367132595607865264e-01 7.349886189370353762e-01 3.552484151235625887e-01 3.871233467061684363e-01 3.094295077906927816e-01 3.811253597887751532e-01 4.299022826308409595e-01 3.723180269336746617e-01 4.606405999043521882e-01 3.422450221042508955e-01 3.052093203120230802e-01 3.609826989305019440e-01 4.279516585309758869e-01 2.062719260035847102e-01 2.006376599333311306e-01 3.203086079744436043e-01 3.816445792754277200e-01 3.542307932451331798e-01 6.622145711111230293e-01 4.475679303653657959e-01 4.289324597237033077e-01 4.274556233067967614e-01 4.396078899316216426e-01 2.843646079721618425e-01 3.583686872603919493e-01 4.976764513182018179e-01 7.639508120902625821e-02 3.086212422002914124e-01 3.570278710322754012e-01 4.702530819109679294e-01 4.690693121503267671e-01 3.849708337878651188e-01 5.797049335554130822e-01 3.923580256322141135e-01 3.187272888640543256e-01 4.035686127473430140e-01 4.377639492385260733e-01 2.798785021645923132e-01 4.809280650638251275e-01 7.376495181614063368e-01 3.601277134976913485e-01 4.228254727368895849e-01 3.863891622353851085e-01 1.523821832511436658e-01 4.163351121032003999e-01 5.334803448163318862e-01 4.302982551496382646e-01 2.589321770938811662e-01 2.452363823357993355e-01 3.361898657661497314e-01 2.224310432935018012e-01 5.268340341876577293e-01 4.070056833954867059e-01 4.588710380495790719e-01 4.791987815054837840e-01 4.128336136970350845e-01 4.796851392606996667e-01 4.777805751634002784e-01 3.734687222694507702e-01 3.217657837652826425e-01 4.460674083052584837e-01 3.332775551603467945e-01 4.120231758332744132e-01 4.193656887033520020e-01 2.597564188657301432e-01 3.809288056915350884e-01 3.225201143362986245e-01 3.639872224065600070e-01 3.968429514761170340e-01 4.273072079541041512e-01 2.845825664659635823e-01 3.040782572234228542e-01 4.138290030936337960e-01 4.692101783439578400e-01
4.958501693031936997e-01 4.015186459380321038e-01 4.168590526463762380e-01 0.000000000000000000e+00 8.404301268646768852e-01 4.347691013759413803e-01 5.813296970338094338e-01 5.854104878116913602e-01 2.721784988609478040e-01 4.107814319986282658e-01 4.204178138899399286e-01 6.670511940297535469e-01 2.540858099259469816e-01 5.237470589735890858e-01 3.273150970350330313e-01 3.379165027334898874e-01 3.488212116652761874e-01 3.680791361636298609e-01 4.863664978709414388e-01 1.394330919215236164e-01 2.997465958570750266e-01 4.935675232079134722e-01 4.825506128470719580e-01 2.927347652356034335e-01 4.227093714969830662e-01 4.216793799118665476e-01 5.700111186937214525e-01 7.682864780699701912e-01 2.835864925507985412e-01 4.076118767043931945e-01 3.580726966116489218e-01 3.462695755025589350e-01 4.885297099255722642e-01 4.541286182533013638e-01 5.194703372688773690e-01 4.072881819936119974e-01 1.708297270605498297e-01 3.507701870120281673e-01 3.911538822433021645e-01 2.105871266427915556e-01 3.087322992801557198e-01 2.776747405261405510e-01 2.708409433752158590e-01 3.427508963004616271e-01 6.955124302440579553e-01 4.757278227830931683e-01 4.791822920763414984e-01 4.348142775019511186e-01 5.064912347341875565e-01 3.511959290113602639e-01 7.640424636650987311e-02 5.107929680631931868e-01 3.420706948530192193e-01 2.080894362038186451e-01 4.072777033849135919e-01 5.167371638519195898e-01 4.659776248666724352e-01 3.214594550470007972e-01 6.130027926883482303e-01 3.870104188762173991e-01 3.003922500953105645e-01 3.417638730845208861e-01 4.208971730594016636e-01 2.599195892132556973e-01 4.755804583078285241e-01 7.709473772943412628e-01 3.272369876110058917e-01 4.604688709664324087e-01 4.450165895301163577e-01 2.764611563962993679e-01 3.478884852778520997e-01 5.381053679403819956e-01 3.742132784401951406e-01 3.524743486303734130e-01 2.141895665353876765e-01 3.449848316231773349e-01 2.865496881463250878e-01 5.601318933205927664e-01 4.656331106902180106e-01 4.444129095861350520e-01 5.124966406384188211e-01 4.797169584996009983e-01 4.743375325047030078e-01 4.814356088330627448e-01 3.245420894291889402e-01 1.983288715784038703e-01 4.407198015492618248e-01 4.150881464799734966e-01 3.403612532605103658e-01 3.855716448245692374e-01 1.890148452582512961e-01 3.004680612201497958e-01 4.043307056559253265e-01 3.763209462280151518e-01 4.309764569859421135e-01 4.440843684186229767e-01 3.050895941269770595e-01 3.533299295316268962e-01 3.893596902759104417e-01 5.068535765735006082e-01
3.649411850308132976e-01 8.917528782064243487e-01 8.071322677317419592e-01 8.404301268646768852e-01 0.000000000000000000e+00 5.841158866747655498e-01 6.158084954898856989e-01 6.099856439153070742e-01 7.164551608222330392e-01 5.236261218507044513e-01 5.327384539338133607e-01 2.203490339256752029e-01 6.502894927908142719e-01 4.128736571923168341e-01 7.477486678699105660e-01 8.483550846248343325e-01 5.863406719916091081e-01 8.368894886153839252e-01 4.961543978514986186e-01 7.304403895547213477e-01 6.779985990289818520e-01 5.075304178587815018e-01 3.935658527817504915e-01 5.479236459638116008e-01 5.057105114666278212e-01 4.712049758607435024e-01 3.165166915449736385e-01 1.091431068888227274e-01 7.789100346727582114e-01 4.610704475657236845e-01 6.904944415622775722e-01 6.069731493406007594e-01 4.341629226957712251e-01 5.241139674277599525e-01 3.659043342749425665e-01 6.545277675796661310e-01 6.964591303314251469e-01 7.911612452480353275e-01 8.827734747328933596e-01 6.413268461584377134e-01 6.531805774831743738e-01 7.815914157799835893e-01 6.958843690589097131e-01 5.458848094651762572e-01 1.449176966206190964e-01 4.227803675322357457e-01 5.242864490010592515e-01 5.246097433621609296e-01 4.837876190840411650e-01 5.433565101552271237e-01 7.811119535771261502e-01 5.456690663604216729e-01 7.421739929108605027e-01 7.348894523730157280e-01 4.784431795239032503e-01 5.420582902367943046e-01 4.707803033320990815e-01 8.426286951788516388e-01 2.274273341763288769e-01 4.813937763770277378e-01 7.697829456475685506e-01 6.861754838024747283e-01 8.736269842480205439e-01 5.996984031423379102e-01 4.050096677339236062e-01 6.948274957033591381e-02 8.253982832693290694e-01 4.246737424888792356e-01 4.492902089233647422e-01 6.821303878725791803e-01 8.455534122156039833e-01 3.379680416188557968e-01 8.603279667803748199e-01 6.480752014224414603e-01 7.062317424328720117e-01 5.131347193898779802e-01 6.011074180092734753e-01 2.880087530328621082e-01 4.955897336707374978e-01 5.401909068359040944e-01 3.554611350160109540e-01 4.513799613026597268e-01 4.581230529110602023e-01 5.248843501690003688e-01 8.320783916674064917e-01 7.037540013629400848e-01 4.453028431014250388e-01 5.973044619599544580e-01 8.356847953824698694e-01 5.691471466324771189e-01 6.525969757248566427e-01 7.689126510698313099e-01 5.515051304140031752e-01 7.076389620028504801e-01 4.125231307677164061e-01 4.856598600402296517e-01 7.117497759240251076e-01 5.078411072665781623e-01 8.626092174882994401e-01 3.938186507923870927e-01
3.432764844511284608e-01 3.436664269971781427e-01 4.217721515140194222e-01 4.347691013759413803e-01 5.841158866747655498e-01 0.000000000000000000e+00 4.277772293645851764e-01 4.598196574956496252e-01 2.784578420687723321e-01 2.434435890877764130e-01 2.731000733097145861e-01 3.875355182472741133e-01 1.995820324639601684e-01 1.755990677907402764e-01 1.760634303082842522e-01 3.545061417967539374e-01 1.547615311683699091e-01 3.302356569331765801e-01 3.648090406866471569e-01 3.037450261761707737e-01 2.891961678285364101e-01 3.398347795674852012e-01 2.405598323054082277e-01 2.124473719175545838e-01 1.228219514632558629e-01 1.933235006235936859e-01 3.159072503209132132e-01 5.073660253565829281e-01 2.515173723530106931e-01 2.540594090351687706e-01 1.826609430842695836e-01 1.063052266771955939e-01 2.968555886987375714e-01 9.961174483193468987e-02 2.569417702942186077e-01 9.543424903560955574e-02 2.859769406068257136e-01 2.531016581577898994e-01 3.662470450325743254e-01 2.919400529214265516e-01 2.411154133746039319e-01 3.183823824155826987e-01 1.714376831493240605e-01 1.249256731815082816e-01 4.397469945489379528e-01 3.164293495655481903e-01 3.478497344576694239e-01 2.803243482740562786e-01 1.164252734473368023e-01 1.737448478842981980e-01 3.618657401344824165e-01 3.572405003939688184e-01 3.476788534351066828e-01 2.443238626301275362e-01 2.779211226571852156e-01 3.911463335358777993e-01 2.645254487298809298e-01 3.208536918779358316e-01 3.624874032613376595e-01 1.844982817829178001e-01 2.858317013002567020e-01 1.130930208971070161e-01 3.397319869997797448e-01 1.987834661003935466e-01 1.890894176587171738e-01 5.151819415992211493e-01 3.500908576148186735e-01 3.393220215284208363e-01 2.438253497941641756e-01 3.032129372882535479e-01 3.068774054328176071e-01 2.509204778519097956e-01 2.976413580318854057e-01 1.948307708275058836e-01 3.113722507572569409e-01 1.980001189435562636e-01 2.330082390513871227e-01 3.133347013657654112e-01 3.055127412023946887e-01 5.880908859594316529e-02 3.044439494242882627e-01 1.652685294791519099e-01 1.307654665597054178e-01 3.171690342434103083e-01 3.434602733745295011e-01 2.465720682012248477e-01 2.180872248514661993e-01 9.461799974698766047e-02 2.930490265813188167e-01 5.929627956163387864e-02 2.573496838730697234e-01 2.164013624541726022e-01 1.071254946208726050e-01 1.421612157300270463e-01 3.021005089472534877e-01 2.905319007493984973e-01 2.357013655053611934e-01 2.287253063281511900e-01 3.578247225196589665e-01 3.185032314573792989e-01
2.773564222698174930e-01 6.418768013249718241e-01 5.678158804476656218e-01 5.813296970338094338e-01 6.158084954898856989e-01 4.277772293645851764e-01 0.000000000000000000e+00 4.310633292775459258e-01 4.704793378777370472e-01 2.276255045239325703e-01 3.375574521488958202e-01 4.250103660303815034e-01 3.838768029816798100e-01 3.891662513703252335e-01 5.212471251037783526e-01 5.940302929201247695e-01 4.030261929057578629e-01 6.127254749546012791e-01 3.261815859314597388e-01 4.719554486935807480e-01 4.386822117449056813e-01 1.431429847713551473e-01 2.640752793312460822e-01 3.011580682556387889e-01 3.356874369455520313e-01 3.546015439328300545e-01 3.254766410971643431e-01 5.436648466951790049e-01 5.233693004303702212e-01 1.990168940990076629e-01 4.938038035170200235e-01 3.852502772766706052e-01 3.551858980274705813e-01 4.239378913556375306e-01 3.636041305573637916e-01 4.955580426897533419e-01 4.305661475803407856e-01 5.864967684990275432e-01 6.407493482358145309e-01 3.899057500251632002e-01 4.235893400809822018e-01 5.290813175544453184e-01 4.547612420110362930e-01 3.028515561830769087e-01 4.708907988692668800e-01 2.035829997216370146e-01 3.446181640820388803e-01 1.629841579015741393e-01 4.293764965224373120e-01 3.325997634769771727e-01 5.220115237462586988e-01 7.573989183191645602e-02 5.028576056267843875e-01 4.684767625638812660e-01 2.708565125650024830e-01 3.623900053177740443e-01 1.864744010470503754e-01 5.776929257074564505e-01 3.883811613135570995e-01 2.788198927586400533e-01 5.433434895979376567e-01 4.648430935146563026e-01 6.624764293763597545e-01 3.304899188971302526e-01 3.292263797895764177e-01 5.463257459195499655e-01 5.763455344155689053e-01 2.881878613858006033e-01 3.736417057190576374e-01 4.418118024620958928e-01 5.882466406647919310e-01 3.119026637267603430e-01 6.118602385997372606e-01 4.419374134765364781e-01 4.542125350131514527e-01 2.363448654106322933e-01 3.656438384719407630e-01 3.355102619458014690e-01 3.490691385335338293e-01 3.920079777217280181e-01 2.732881444103802959e-01 4.157678612093351211e-01 3.546370906932103106e-01 1.424403761994885442e-01 5.777535999626970398e-01 4.361270829819334782e-01 2.446846135506436370e-01 4.477686063384672122e-01 5.801440611400818792e-01 3.684809498029513186e-01 3.926827787985953666e-01 5.251460433215159318e-01 3.982343947760230707e-01 5.210476936483099397e-01 2.268423938202938084e-01 1.405086724935616371e-01 5.056119879781202364e-01 2.766345830687443330e-01 6.378235450371225745e-01 2.996512391910993722e-01
2.526814496913898367e-01 6.640360900845898584e-01 5.389264058707396998e-01 5.854104878116913602e-01 6.099856439153070742e-01 4.598196574956496252e-01 4.310633292775459258e-01 0.000000000000000000e+00 4.535339197979099679e-01 3.450518903533039139e-01 2.256827654722496357e-01 4.475875717341191162e-01 4.060360917412974002e-01 3.813365919343223998e-01 5.399055929714599023e-01 5.895332754848741086e-01 3.577159051050349259e-01 5.877168552576046423e-01 1.388963453310881058e-01 4.754207505017357116e-01 4.097927371679795372e-01 3.295317126328137225e-01 3.548871412576075635e-01 2.927711590831029720e-01 3.828626428556332062e-01 3.054988279633110704e-01 3.447087694500169941e-01 5.378419951206001581e-01 5.455285891899879225e-01 2.370856660784146641e-01 4.484935157162973085e-01 4.174431500573377862e-01 2.099835550646729221e-01 3.783976594543914107e-01 3.058430709890594956e-01 4.536004829257170301e-01 4.429836992746166713e-01 5.485648504884185206e-01 6.292611420439470082e-01 3.834624613353822542e-01 3.837235627435164331e-01 5.203839159409063830e-01 4.769205307706539942e-01 3.397839271667145722e-01 4.650679472946879223e-01 2.795741859237793059e-01 1.397416500900971748e-01 3.199074250276403020e-01 4.048974936232031530e-01 2.870595315757311639e-01 5.260923145241405141e-01 3.609239001480817888e-01 4.739681310498581879e-01 4.895401156456569147e-01 1.866660062127879494e-01 7.621873162664564993e-02 3.334580722769066030e-01 5.847586940458610050e-01 3.825583097389781972e-01 3.362113357820384341e-01 5.183348699009407978e-01 4.884795765889567987e-01 6.310305894884034039e-01 3.462495110462975867e-01 4.062969891425153302e-01 5.405028943449711187e-01 5.638471473007220514e-01 1.950154146010921186e-01 2.476447845424403216e-01 4.192091468482561645e-01 6.104059294244096323e-01 3.453654238058802561e-01 6.178804067075546191e-01 3.966271256758137631e-01 4.450242425937950275e-01 2.745873532623430147e-01 3.275520932049313383e-01 3.296874103712227333e-01 1.774761602406891292e-01 4.289964366224372494e-01 2.904996632724085592e-01 3.514004583312148045e-01 4.250406032762765740e-01 3.413108682127452553e-01 5.732565825274462679e-01 4.503051092668998723e-01 3.763236466815402248e-01 4.024583185377444972e-01 6.023033498996996915e-01 4.054133207865889821e-01 3.975773366718708957e-01 5.473053320811337441e-01 3.526941628747770618e-01 4.855276241576658158e-01 2.137949622043161246e-01 2.905546567839840666e-01 4.603017001773974104e-01 2.358463086917511331e-01 6.134365841305203793e-01 2.342636395983957176e-01
3.703683944707414910e-01 2.457945518012547570e-01 2.420077596642236095e-01 2.721784988609478040e-01 7.164551608222330392e-01 2.784578420687723321e-01 4.704793378777370472e-01 4.535339197979099679e-01 0.000000000000000000e+00 3.088245157232830107e-01 2.810541366759503057e-01 5.432483438035217160e-01 2.011731086016926850e-01 3.722739067348531661e-01 1.631896759472745151e-01 1.624035425108509290e-01 1.489974929717718666e-01 1.461015145564944495e-01 3.562052761274120405e-01 1.428372806292855235e-01 1.416377771108599526e-01 3.827171640518410300e-01 3.821318661884662293e-01 1.718767786805294739e-01 3.222906248383775041e-01 2.536492067549860341e-01 4.460361526512775510e-01 6.443115120275262342e-01 1.303165001815371760e-01 2.932406907380562533e-01 1.035736344976043721e-01 2.575206443215822816e-01 3.460854643427551114e-01 2.543048995597970152e-01 3.604273549840765756e-01 1.886309253430404898e-01 1.683422732762945573e-01 1.189749392662782929e-01 1.873176706332429775e-01 8.873946739118865334e-02 9.434536722458140845e-02 9.477883945719163539e-02 1.650990895572376216e-01 2.480824657541475797e-01 5.715374642016141093e-01 3.568908234558568204e-01 3.435399736508734092e-01 3.254002300077517562e-01 3.236876383694154979e-01 1.899365025943899332e-01 2.152214986739887648e-01 3.999426089071206891e-01 1.671732238902141621e-01 1.113818223225509357e-01 2.716353849594455028e-01 3.848605958381381420e-01 3.655588782080668175e-01 1.600389188458397338e-01 4.890278266459042178e-01 2.865916722176118370e-01 7.671952919983067443e-02 2.193162130106000307e-01 1.957561895743024638e-01 1.737301746736068797e-01 3.751617116492228510e-01 6.469724112518971948e-01 1.195558796885395070e-01 3.322773353254024342e-01 2.984236620051690658e-01 9.040875343852550206e-02 1.914031971611749039e-01 4.332670998960562736e-01 1.882904954854146273e-01 9.193275680453236176e-02 6.272932757578315865e-02 2.341344724671047539e-01 1.447225643198590261e-01 4.361569272781487538e-01 3.231923820912074308e-01 3.372669306647155252e-01 3.885216745959746976e-01 3.095602837302223742e-01 3.739187858460973901e-01 3.760578178467576249e-01 1.448657988338047653e-01 1.554152272952503133e-01 3.403010548906562072e-01 1.959832501995336929e-01 1.870912608912488895e-01 3.132173612123665407e-01 1.317264419214147497e-01 1.580476808031169855e-01 2.045069869624210057e-01 1.609693011201832336e-01 3.061658445666080031e-01 3.332340092625504235e-01 5.414829992995864871e-02 2.177080826266952485e-01 1.718212434294101587e-01 3.786620409324708558e-01
2.299225856663144330e-01 4.625688426843730383e-01 4.108799090223279604e-01 4.107814319986282658e-01 5.236261218507044513e-01 2.434435890877764130e-01 2.276255045239325703e-01 3.450518903533039139e-01 3.088245157232830107e-01 0.000000000000000000e+00 2.086815476294958949e-01 3.222731206272129167e-01 2.045688443410810797e-01 2.036224867420931006e-01 3.419391664631795669e-01 4.256004851367802266e-01 2.569684860019966766e-01 4.510706528001475202e-01 2.401701470072178657e-01 3.048295003546164228e-01 2.817462403195678533e-01 1.340615229200647074e-01 1.316202907138409872e-01 1.418154317933659481e-01 1.334788263754556059e-01 2.155678496262581623e-01 2.467277466930766217e-01 4.438208566529318055e-01 3.440613417897714355e-01 1.216100953155133391e-01 3.440711090164844110e-01 2.019019151274404622e-01 2.691744591032287359e-01 2.784307600758995083e-01 2.533861836841354576e-01 3.122096805405232267e-01 2.568745451136043023e-01 4.227858474418059731e-01 4.637131419707281599e-01 2.282509278707091638e-01 2.666533686556442628e-01 3.637922852775613003e-01 2.754532833704375627e-01 1.212208515867793518e-01 3.792572297248767432e-01 1.484504498058115407e-01 2.488303697155444527e-01 8.091345008025813135e-02 2.313137901566703625e-01 1.870926321972392337e-01 3.514632587110773643e-01 1.632879875561101257e-01 3.457665187643617632e-01 2.891688039232824803e-01 1.697485466690763500e-01 2.763785663935321435e-01 7.284219551708595586e-02 3.983849670668576093e-01 3.069526872579415588e-01 7.452959535545451708e-02 3.816886674434837867e-01 2.814947313654262429e-01 4.917148870981398190e-01 1.559566191367464660e-01 1.464715771018599566e-01 4.546921767751600507e-01 4.113518540676745494e-01 2.100528957717214262e-01 2.388682595892812066e-01 2.801569803076419118e-01 4.089386820241930343e-01 1.945515314552280772e-01 4.325522799591386414e-01 2.901421841052622685e-01 2.892188546652572079e-01 7.608922928889988446e-02 2.087078670466028241e-01 2.643569424781489485e-01 2.559997682703639699e-01 1.930244857013296844e-01 2.049301455739959976e-01 2.598675468060055449e-01 1.690933260649781500e-01 9.019598681321738809e-02 4.119168101555405470e-01 2.599972741490982342e-01 7.832327874927941247e-02 3.017108994347060813e-01 4.008361024994831490e-01 1.841473095261425830e-01 2.217665867403769697e-01 3.458380846809171461e-01 2.527272634962851039e-01 3.376993314990798800e-01 1.712898089044182781e-01 1.241655806791365224e-01 3.538167586068461379e-01 1.393713156712332313e-01 4.728298646892286072e-01 2.515867382672775654e-01
2.076045035852952247e-01 4.915602372150648658e-01 3.664006343517698383e-01 4.204178138899399286e-01 5.327384539338133607e-01 2.731000733097145861e-01 3.375574521488958202e-01 2.256827654722496357e-01 2.810541366759503057e-01 2.086815476294958949e-01 0.000000000000000000e+00 3.523753238459279014e-01 2.589467633208484831e-01 2.035664593489704965e-01 3.560457820187612477e-01 4.170534923629145019e-01 1.738560941523364933e-01 4.038570443049061542e-01 1.474296884662729124e-01 3.098125184556014267e-01 2.372669656490095924e-01 2.465319344446248173e-01 2.880678075133973337e-01 1.318041290233369911e-01 2.359362871224191804e-01 1.104238230530409370e-01 2.875423349548335006e-01 4.610650501249183297e-01 3.806864367984418851e-01 1.534246849491711640e-01 2.646337047635987094e-01 2.703538216368888136e-01 1.064266731982305564e-01 1.916780752684563993e-01 1.741935472948061003e-01 2.697406719730184865e-01 2.859935811435363462e-01 3.647050395357198660e-01 4.474655880335673408e-01 2.126178861788166896e-01 2.053014591100219000e-01 3.479041328189466653e-01 3.298312023502050216e-01 1.926945987462657106e-01 3.883695618079856526e-01 2.060222054480402853e-01 8.611811012160297540e-02 2.238580758812430405e-01 2.149000410555261809e-01 1.012588166799965050e-01 3.610996406023890271e-01 2.674180230194316832e-01 2.997702756023469806e-01 3.239318835995226298e-01 8.367088082444977537e-02 1.591660968564029832e-01 2.556845892333594050e-01 4.122789109239011207e-01 3.111099705203854704e-01 1.925276135425428303e-01 3.344750589482423653e-01 3.364093798175869510e-01 4.471707785357049159e-01 1.959384289037497673e-01 2.603202338872591670e-01 4.638045088582689601e-01 3.913673641787624446e-01 1.526245368975856498e-01 8.603035645678160093e-02 2.467293637262964467e-01 4.436431892392364018e-01 2.470332922067858539e-01 4.340205957548561866e-01 2.127673147231152473e-01 2.725444594718353652e-01 1.325923183405960104e-01 1.491299895714366941e-01 2.572699011803368241e-01 6.146948439894202310e-02 2.819071082019883323e-01 2.367784561506767749e-01 1.715901403295459482e-01 2.623643610705733709e-01 2.478049910840952608e-01 4.007767994054867722e-01 2.978270089862629644e-01 2.462369962155872283e-01 2.163607406188886306e-01 4.374611975081535986e-01 2.583239923661401205e-01 2.325846627501194919e-01 4.002160036606846605e-01 1.659745786888419949e-01 3.016678132049673278e-01 1.544226261213100249e-01 1.970487796553340998e-01 2.764418892246989778e-01 6.931023195826266359e-02 4.295767731778218357e-01 1.640693743283568595e-01
1.997357818992180900e-01 6.903998769829330362e-01 6.395920618448885930e-01 6.670511940297535469e-01 2.203490339256752029e-01 3.875355182472741133e-01 4.250103660303815034e-01 4.475875717341191162e-01 5.432483438035217160e-01 3.222731206272129167e-01 3.523753238459279014e-01 0.000000000000000000e+00 4.489364915673226819e-01 2.195761771425390751e-01 5.463956666464191425e-01 6.699681323630215513e-01 4.047348331794014542e-01 6.552836498031763268e-01 3.337563256703107162e-01 5.610992623857417039e-01 5.104583931421283749e-01 3.134411743207023426e-01 1.922128515582589292e-01 3.803834400769582347e-01 3.043575102431362867e-01 2.895991370485357930e-01 1.173722604632798927e-01 1.225250959403768602e-01 5.775570334492666769e-01 2.935302416788701518e-01 5.088886027500697518e-01 4.056201481171092804e-01 2.559141133613117569e-01 3.410306219722627485e-01 1.828209888194453903e-01 4.714444221241688160e-01 5.131443071447296944e-01 6.095554064358276181e-01 7.009947977602805080e-01 4.737866402715842362e-01 4.715747386709667199e-01 6.140512098931300011e-01 4.945313678354181786e-01 3.445318082416847782e-01 9.263721120013794497e-02 2.214273663087442667e-01 3.574420669712375931e-01 3.400560195527015939e-01 2.916609379422664405e-01 3.617506713430194143e-01 6.077330207422028119e-01 3.548709369009173664e-01 5.726560719412266964e-01 5.335364511495240825e-01 3.160451073427153479e-01 3.796602180556065687e-01 2.694273021086074915e-01 6.427526142930991560e-01 7.060846394732910036e-02 2.800407751535361478e-01 5.881771068353606191e-01 4.848224825789832493e-01 6.920211454358128345e-01 4.122263811678718026e-01 2.036566665104321827e-01 1.528326350824805169e-01 6.501155904258397733e-01 2.587894386076272646e-01 2.689270788354792829e-01 5.145901819857257031e-01 6.442004109921126709e-01 1.366150403953642900e-01 6.589749655568835074e-01 4.664693626102336399e-01 5.386915365460185345e-01 3.431669115389840430e-01 4.262594129356063188e-01 1.191996845279346268e-01 3.173409243362779741e-01 3.388379056124126154e-01 1.613536323741452394e-01 2.667382173770889708e-01 2.567700516875686678e-01 3.235313489455088343e-01 6.580536399266601055e-01 5.057682508712741942e-01 2.439498418779335043e-01 4.142211165044572541e-01 6.343317941589783349e-01 3.677941454089855844e-01 4.780363487715023063e-01 5.675596498463398865e-01 3.684217849585060267e-01 5.245556165473532761e-01 2.449829248808628734e-01 2.965756801412189336e-01 5.301439371118173982e-01 3.403009013797246851e-01 6.810033786760919527e-01 2.177604238866536202e-01
3.149050262758543162e-01 2.757103605712679095e-01 3.167191920239900149e-01 2.540858099259469816e-01 6.502894927908142719e-01 1.995820324639601684e-01 3.838768029816798100e-01 4.060360917412974002e-01 2.011731086016926850e-01 2.045688443410810797e-01 2.589467633208484831e-01 4.489364915673226819e-01 0.000000000000000000e+00 3.012160080731948741e-01 1.696601085647491403e-01 2.319972436545721661e-01 2.130291926782802991e-01 2.817487043724908879e-01 3.069921018005474234e-01 1.356950110128436193e-01 1.875855233212297413e-01 2.961146291557838484e-01 2.644359103846409265e-01 1.312079502678292209e-01 1.896077921394157539e-01 2.642754466013347292e-01 3.733911176331862758e-01 5.704842275930415152e-01 1.572028596766661679e-01 2.101589826522634596e-01 2.403025086108431241e-01 1.019442758271617427e-01 3.295538564725799535e-01 2.956880054796174329e-01 3.620664039583454397e-01 1.791138612100725558e-01 9.406483700836529294e-02 2.359273653287007055e-01 2.768546598576228646e-01 1.247468072919932502e-01 1.903117607960587987e-01 1.864207763193148903e-01 9.052354414521625314e-02 1.057388284511029952e-01 5.059206006649865639e-01 2.912718760636502924e-01 3.089969940653779501e-01 2.364239218911508289e-01 2.836538895391654824e-01 2.039125670618458508e-01 1.811824486844881843e-01 3.133400740110634519e-01 2.440550139187308842e-01 8.979128627914172156e-02 2.299151710189097919e-01 3.373627677815256298e-01 2.579731679493778018e-01 2.094019752737201201e-01 4.320576496610089023e-01 1.714356080398782844e-01 2.150511702393812508e-01 1.208700233283210856e-01 3.048564049850346347e-01 6.895399016316550167e-02 2.532914317888738109e-01 5.813555477152697604e-01 2.384616517956270332e-01 2.810944748960384487e-01 2.875758565643579123e-01 1.784454754620110606e-01 2.220801999110877389e-01 3.158163414214272824e-01 2.456937978460333183e-01 2.216240023155965355e-01 1.550587298558965821e-01 1.540996925606508694e-01 1.392663261968107025e-01 3.791867502932534384e-01 3.062649839617166969e-01 2.000876099107378736e-01 3.315514976110794376e-01 3.254417638778398514e-01 2.453042197405350122e-01 2.808075498501972356e-01 2.200827512182109147e-01 6.202308600089167373e-02 2.291949664923252361e-01 2.347937133065281234e-01 2.139776203863778814e-01 1.412463451491720312e-01 7.787163826284904111e-02 1.597721456650347260e-01 2.640304105286306324e-01 1.777227008631739325e-01 2.500477277613962213e-01 2.466314743664931863e-01 2.237274192601358125e-01 1.903274743208475117e-01 3.014149904462272711e-01 3.274791805031067038e-01
1.720342549686796896e-01 5.162810489400241343e-01 4.743892845959798432e-01 5.237470589735890858e-01 4.128736571923168341e-01 1.755990677907402764e-01 3.891662513703252335e-01 3.813365919343223998e-01 3.722739067348531661e-01 2.036224867420931006e-01 2.035664593489704965e-01 2.195761771425390751e-01 3.012160080731948741e-01 0.000000000000000000e+00 3.473329532310766576e-01 5.170410170792621996e-01 2.292369846401206002e-01 4.773881362967973829e-01 2.668075906027652100e-01 4.177951273295770207e-01 3.416365050592227171e-01 2.764748306628507235e-01 1.301068547272206111e-01 2.478150915639469321e-01 1.302719491989858258e-01 1.186246999798670487e-01 1.506324686489818598e-01 3.361237958741341569e-01 4.224810642545109296e-01 2.517732993399034447e-01 3.233611323107938307e-01 2.463294293627412701e-01 1.713530368696494777e-01 1.437625376546089462e-01 9.411565618593425997e-02 2.522642181225435709e-01 3.698401720885649002e-01 4.155760197120010324e-01 5.256631220813617889e-01 3.246657329952054583e-01 3.016153666362293428e-01 4.599519796353355172e-01 3.394553986406623758e-01 1.966980593119213583e-01 2.685047650664891816e-01 2.060983503721824928e-01 2.637598312485306962e-01 2.741415098943107420e-01 7.985853742160047009e-02 1.926783672152017068e-01 4.644288856860380177e-01 3.240427049290026673e-01 4.032211191439770137e-01 3.858159676553962747e-01 2.342441040374750316e-01 3.211190727267886902e-01 2.039875393282298277e-01 4.887829388155641719e-01 1.912451737788889439e-01 1.437948873695628627e-01 4.136887399369612583e-01 2.886920886878473480e-01 5.062255634871191123e-01 2.689222461117071195e-01 6.941699401648966650e-02 3.439397121167722671e-01 4.776695553849084619e-01 2.216356008933826616e-01 1.344193431974440578e-01 3.569991935842668496e-01 4.807533010387734507e-01 9.688517169719353117e-02 4.674016400742398991e-01 2.919809957118341126e-01 3.845923062882241616e-01 1.998627764828194153e-01 2.571871088077887224e-01 1.420924718833166955e-01 2.041136524270208419e-01 1.459959201008250163e-01 1.530274654267843037e-01 6.673464511098406438e-02 6.959825662923217748e-02 2.588763954084711827e-01 5.059951486570378743e-01 3.580477673771462754e-01 1.530346167890026532e-01 2.169530321868034517e-01 4.669249221872745492e-01 1.937085843648351235e-01 3.347322137153376787e-01 3.908399773838596158e-01 1.785132851212703486e-01 3.070050289981823832e-01 2.286293359827169525e-01 2.657474481693044011e-01 3.556555702134178709e-01 1.910340575607327174e-01 5.031078651697130644e-01 1.729042933906789481e-01
4.529444604861313506e-01 1.707070149006155169e-01 4.005963799228026145e-01 3.273150970350330313e-01 7.477486678699105660e-01 1.760634303082842522e-01 5.212471251037783526e-01 5.399055929714599023e-01 1.631896759472745151e-01 3.419391664631795669e-01 3.560457820187612477e-01 5.463956666464191425e-01 1.696601085647491403e-01 3.473329532310766576e-01 0.000000000000000000e+00 2.131694766388994300e-01 1.857443246723543273e-01 1.793104128939218278e-01 4.448949761624573229e-01 1.949772344845434047e-01 2.902698401038423248e-01 4.334849512778823355e-01 3.628017307602645625e-01 2.704268189053826710e-01 2.568329986930652509e-01 2.908493212259187222e-01 4.708502927122827364e-01 6.679434026721379203e-01 1.088733899139531780e-01 3.475293047743620023e-01 1.022556589052560916e-01 1.407755185293098343e-01 3.998790338320072357e-01 2.285534539812280608e-01 3.933889746507439611e-01 1.024876630361058055e-01 2.207250164218844679e-01 9.635970987628231232e-02 1.909284860415855212e-01 2.272477932043153737e-01 2.130295898069000937e-01 1.770457172577281357e-01 8.608340388150528821e-02 2.233160463780927141e-01 6.033797757440828580e-01 4.286421981857488350e-01 4.291237822196551921e-01 3.737942440132493993e-01 2.774588993702790107e-01 2.590578018453223996e-01 2.544117357935740675e-01 4.507103961331619946e-01 3.242012987137763425e-01 1.294008919654046907e-01 3.580070581329953816e-01 4.712322690116879653e-01 3.819972066354291873e-01 1.765941111826510312e-01 5.310389379955601230e-01 2.984515644164185688e-01 1.425555461801366608e-01 6.918708156524959463e-02 1.746918708713718349e-01 2.111226177994970921e-01 3.497648722016200029e-01 6.788147227943660544e-01 2.091307520820709642e-01 4.191339091063154276e-01 3.492241811690181552e-01 2.483028077148388968e-01 1.566679608841643478e-01 4.131622510648879643e-01 1.235232955100191293e-01 1.592039717722705250e-01 1.728322605769454234e-01 2.914700146827494120e-01 2.410360545490786710e-01 4.782097743559790559e-01 3.916323809763004871e-01 2.212479506752103586e-01 4.427045566591542580e-01 3.055813465248529148e-01 3.021438688444756382e-01 4.181778719722957227e-01 2.021236082166750492e-01 1.674206517804892047e-01 3.355589827570144013e-01 1.553629594490335830e-01 1.340119872917871213e-01 1.917974166805855307e-01 2.168679058849183328e-01 5.562978985490482642e-02 2.126147087172467476e-01 5.437796881379389907e-02 3.880871619716730891e-01 3.840017964885916735e-01 1.160138134568390322e-01 3.085812977034380067e-01 1.971946490973613408e-01 4.402943304391142010e-01
5.037751270633509248e-01 1.664849419336806580e-01 3.897454152268784999e-01 3.379165027334898874e-01 8.483550846248343325e-01 3.545061417967539374e-01 5.940302929201247695e-01 5.895332754848741086e-01 1.624035425108509290e-01 4.256004851367802266e-01 4.170534923629145019e-01 6.699681323630215513e-01 2.319972436545721661e-01 5.170410170792621996e-01 2.131694766388994300e-01 0.000000000000000000e+00 2.993483439769690224e-01 1.440329100547200203e-01 4.922046318143762367e-01 2.046206837317543215e-01 2.824100761348865007e-01 5.062681190942287524e-01 4.854675511803400734e-01 3.007287164230320609e-01 3.867690678802762627e-01 4.087375407198813870e-01 5.779360764538785666e-01 7.762114358301273054e-01 1.087357474937619001e-01 4.179169998087349236e-01 2.243324190306968946e-01 2.755026029361550277e-01 4.844120271443706494e-01 4.001506836872487649e-01 5.153526544876755322e-01 3.111797141212679918e-01 2.384498088996707121e-01 1.867589476326575737e-01 9.071685037038738908e-02 2.094139291655133794e-01 2.562504082854644705e-01 8.450313281979594804e-02 1.830810481718103955e-01 3.267704692468021421e-01 7.034373880042152916e-01 4.857037635954020716e-01 4.795393293378376609e-01 4.489511850501397006e-01 4.704735290292157424e-01 3.470782462301586491e-01 2.740674723464867069e-01 5.234935639495085224e-01 3.149570574335214812e-01 1.495442749119891834e-01 4.076347406464097545e-01 5.208599515251022272e-01 4.790048087450769487e-01 7.075095890672519761e-02 6.209277504485053445e-01 3.924672488355773203e-01 1.175520295092705170e-01 2.494601317452278255e-01 1.593836641680015098e-01 2.835697324451561530e-01 4.743230725845729023e-01 7.788723350544983770e-01 7.123877716647664116e-02 4.668547495755410170e-01 4.408989067489146874e-01 2.443163934527927683e-01 1.296227072948536729e-01 5.368479822171264848e-01 1.588000287233676810e-01 2.366043329052554267e-01 1.445090328910790811e-01 3.576854275094926705e-01 2.824320053651234730e-01 5.680568510807498805e-01 4.615154279090163958e-01 3.877385730949226006e-01 5.204215983985760463e-01 4.618506835061055860e-01 4.503999892744349753e-01 4.988476799474027001e-01 5.792670289480307544e-02 2.002463343281341845e-01 4.502266072880243830e-01 3.297004523014551158e-01 1.408544727660492046e-01 3.312512112476118653e-01 2.138687576266588564e-01 1.629075799412798842e-01 3.546827603045168975e-01 2.629484084253794762e-01 4.385753964743239197e-01 4.567849643049383679e-01 1.729297584036717794e-01 3.537074383136594169e-01 1.435688485056499097e-01 5.132394551826090501e-01
