0.000000000000000000e+00 2.407541938163647899e+01 1.624066427112483169e+01 1.596554260030477224e+01 1.442165117030202381e+01 8.853716617317752835e+00 2.182589781886219171e+01 8.360966375645947579e+00 1.875464090074186529e+01 8.225247780620529525e+00 9.807829856798825574e+00 1.778558757676098168e+01 1.239608640211201163e+01 1.479593158448644452e+01 1.086589013869625120e+01 5.226540507612920550e+00 5.094960479299583511e+00 1.848445215974294698e+01 1.340767859863931299e+01 1.014852416087452269e+01 2.003546091356711045e+01 1.939324815829583315e+01 2.058232129555419476e+01 1.185988428446179377e+01 1.787537519292173016e+01 5.209684303659998683e+00 1.465977483000876447e+01 2.147609151050276921e+01 4.834310773263794658e+00 1.241668124891932656e+01 1.783891563278150372e+01 9.151604716607458556e+00 1.286062674045865251e+01 7.620458749325104364e+00 1.212186578947482474e+01 1.455593139158826865e+01 7.837884632445660138e+00 5.222235038754515557e+00 1.496996770690008560e+01 9.613287512847593419e+00 1.646129733167026288e+01 2.837924129423675890e+00 2.163449895242636600e+01 1.351729734534313287e+01 1.908010925002641756e+01 2.822680481874926706e+00 1.220488370879069073e+01 1.653366929459816959e+01 2.601402040471056054e+00 1.732563160013901538e+01 1.044378575843955836e+01 2.225270481611287465e+01 1.168797125415202665e+01 1.583819643990109505e+01 1.805684999419687031e+01 6.988483335168359289e+00 2.018463467779977449e+01 2.184569553342367243e+01 1.168500296564598351e+01 7.227780785379023243e+00 8.895215176000215607e+00 6.986574694157252630e+00 1.477789525878192300e+01 6.757447465168560541e+00 1.023525084198370472e+01 1.219151426809578176e+01 1.960979877467416443e+01 1.414638027750247673e+01 2.162985319204761936e+01 1.281334186778313899e+01 1.318713827299067276e+01 1.075817564140285221e+01 6.281194054212470235e+00 1.014441898316140289e+01 9.780676446389852785e+00
2.407541938163647899e+01 0.000000000000000000e+00 1.627674478038076344e+01 1.583328938948848119e+01 1.399429143228597994e+01 2.066733917746452320e+01 8.561440031253818361e+00 2.141661108175314610e+01 8.041561575810421303e+00 1.690307874537658250e+01 1.479748722615097023e+01 6.867647716789368140e+00 1.204204456768493436e+01 1.199177422291064232e+01 1.655324546608288827e+01 1.923619971875293899e+01 1.959873222546310600e+01 6.405423304812321028e+00 1.867881144950196770e+01 1.721798251118337930e+01 4.874094793546710491e+00 1.204952939496751796e+01 4.154161637119133665e+00 1.996737874264965740e+01 1.190194626569100045e+01 2.199211135181852228e+01 1.021362612356053923e+01 3.739078349094153264e+00 2.202872648205290673e+01 1.266671600224602479e+01 8.445527628651973373e+00 1.827163081293777225e+01 1.550235098140599987e+01 1.782280494258737491e+01 1.433698168405537920e+01 1.286320421319086726e+01 1.838896366018741091e+01 1.934883318621330162e+01 9.768792806648308513e+00 1.451053577901530645e+01 7.810238360558650506e+00 2.224917643581618876e+01 5.978506787543198087e+00 1.564898375013648035e+01 5.010747648119812325e+00 2.126633856019866897e+01 1.374115222783320966e+01 1.371250171204293622e+01 2.151841918804128184e+01 1.101698371335884907e+01 1.508424232182042424e+01 2.530471924156020957e+00 1.782393477563443440e+01 1.039853939980194042e+01 6.378090188312951270e+00 1.708907622516665370e+01 5.983151894974204410e+00 2.412725261763676521e+00 1.390467271498043367e+01 1.719306038947073745e+01 1.736360260168945757e+01 1.994030361486503011e+01 1.760044487492697129e+01 1.931846528929757412e+01 1.876106178022988047e+01 1.497856169440222907e+01 9.550776866459194991e+00 1.298614998896800543e+01 2.815625853370905762e+00 1.788674878280722069e+01 1.105615358847571628e+01 1.953583831577138241e+01 2.069160596001793806e+01 1.496200574955366669e+01 2.060423991164282143e+01
1.624066427112483169e+01 1.627674478038076344e+01 0.000000000000000000e+00 2.103465731558688034e+01 1.150983745967258720e+01 9.004126640795774961e+00 8.536869436321264715e+00 2.046091993082348637e+01 1.883148115701104786e+01 1.385733814398083830e+01 6.963651055042795690e+00 9.682601049526084580e+00 1.523972292925821037e+01 5.181983595057513270e+00 1.858686850156752968e+01 1.539516155757050342e+01 1.132353929033679130e+01 1.464617685230956035e+01 4.725245844996174505e+00 1.139317294502183131e+01 1.143773940409296230e+01 4.318405068157371574e+00 1.759920719239043763e+01 2.177321261201097258e+01 2.082177539396846200e+01 1.241004032729349582e+01 1.541680027410236598e+01 1.334723580181428382e+01 1.895319605486571390e+01 8.284646111353406894e+00 7.835640785819345311e+00 7.907152303422050998e+00 3.496015771370097891e+00 1.019312960669465440e+01 1.308278737233050393e+01 1.824560993530033315e+01 1.719116305885805218e+01 1.256937883105305609e+01 8.044083937731201672e+00 1.582250498401573502e+01 1.715137086246715370e+01 1.403231806321394437e+01 1.116245365788465271e+01 1.969545839559772915e+01 1.557447202269664643e+01 1.415459081642679173e+01 5.846788474466405816e+00 2.850404876349126759e+00 1.671050420558448835e+01 5.284552572665998760e+00 8.891146821022118729e+00 1.401342871460112249e+01 5.861773221317701399e+00 1.835495199973476232e+01 9.926179665185737022e+00 1.491065438118894093e+01 1.208164815056487562e+01 1.556711352474136234e+01 1.730615901288091862e+01 9.020013774540304397e+00 1.206455101494968929e+01 1.000267001829581659e+01 2.553167405221811848e+00 1.209629528544282984e+01 1.945804537756585617e+01 1.046704210928930401e+01 6.885599012965729848e+00 1.271809883808164265e+01 1.350099748335912864e+01 2.102179003211769270e+01 1.471590603432220234e+01 6.898496058961935518e+00 1.869863266014922232e+01 1.441877934512590009e+01 2.095527941832177632e+01
1.596554260030477224e+01 1.583328938948848119e+01 2.103465731558688034e+01 0.000000000000000000e+00 1.137350513621267289e+01 1.968615785714759880e+01 2.081857208843238283e+01 8.318984981117777622e+00 8.073351014512528678e+00 1.011469305490011195e+01 1.595357759276306275e+01 1.520963328205595744e+01 5.864645941953568808e+00 1.632981999462035461e+01 5.354730737919249250e+00 1.106601517376671850e+01 1.492505835999186026e+01 1.024232216759494740e+01 2.188809128073460997e+01 1.243969027465953481e+01 1.762725433310863465e+01 2.084606559335446718e+01 1.208765505512150895e+01 4.227720183725865333e+00 4.040916893904409335e+00 1.829716013622746118e+01 7.824144570201913673e+00 1.388249773757290129e+01 1.182141652415412381e+01 1.276694708475834084e+01 1.815319204802214514e+01 1.730724159729630074e+01 1.804167028322382649e+01 1.381933141244175012e+01 9.241126076524160737e+00 3.138082997224481474e+00 8.426908744510409832e+00 1.185071808928667636e+01 1.533097204517876300e+01 7.397664916787625167e+00 8.066956106975563756e+00 1.584138492629568518e+01 1.994540544446292074e+01 2.788307583419298741e+00 1.083797925787840732e+01 1.354163297792329068e+01 1.540365479375549818e+01 1.892356961413118555e+01 1.341399257991289673e+01 1.855289502835345061e+01 1.389407467859318679e+01 1.704676521382647181e+01 1.969031023040971817e+01 5.445813881896889974e+00 1.582117085681527158e+01 9.393003782153890313e+00 1.288484036896937823e+01 1.360356554127566042e+01 5.267552040599994712e+00 1.515221745050826740e+01 1.120592084053023818e+01 1.725109864803513204e+01 2.137977110127688718e+01 1.214378105952056508e+01 5.850285645045873117e+00 1.113617848750624262e+01 2.015058679733160218e+01 9.225688211859612409e+00 1.581465993300270156e+01 3.197397599298839488e+00 6.823121158621892057e+00 2.036603210832055666e+01 9.795337040800980333e+00 9.090348409131665974e+00 6.231415214781681478e+00
1.442165117030202381e+01 1.399429143228597994e+01 1.150983745967258720e+01 1.137350513621267289e+01 0.000000000000000000e+00 1.414291448936993056e+01 1.187353482019115170e+01 1.581043900134151592e+01 9.522714865655688143e+00 7.988130441900646694e+00 7.255045707362266505e+00 7.359037834197200922e+00 5.939367367927459007e+00 6.466211419851470410e+00 1.070862124907383617e+01 1.201331118091440331e+01 1.095953980670601524e+01 8.610027021225574728e+00 1.314651732388530547e+01 4.607893690115473895e+00 9.859900298075670477e+00 1.054183303499589641e+01 1.105760140726320273e+01 1.464205765356219224e+01 9.616273049291311992e+00 1.436687816174487331e+01 3.994777749481663420e+00 1.104954176793897425e+01 1.509529700149469811e+01 3.719256444415318441e+00 7.684940710390477214e+00 1.083776709108604663e+01 9.316417360444759765e+00 7.775339033357926866e+00 3.987956645125746657e+00 8.402958786350309239e+00 1.178648419459515395e+01 1.007725881774226373e+01 4.225498625637668759e+00 7.495477367864527452e+00 6.844191904663377457e+00 1.300335719480742647e+01 1.154097123758323562e+01 1.058619558659235871e+01 9.205684111509034651e+00 1.229623076892223388e+01 6.667224145850218164e+00 8.960757476540038624e+00 1.376268520817821361e+01 7.988977122761315108e+00 5.503109884999318524e+00 1.182615507354908679e+01 1.148292035385317611e+01 7.196421901690649214e+00 7.630300251633086006e+00 9.530379035639034768e+00 9.758084935235995516e+00 1.197127039490628775e+01 8.199462179183401034e+00 9.313091849353748231e+00 6.266714023727224081e+00 1.238268679634176728e+01 1.238174393041519039e+01 7.915944080082891077e+00 1.315488969981824674e+01 2.860580867891543644e+00 9.650252496412825565e+00 2.230880546720755309e+00 1.120330344948382084e+01 1.244907160948084979e+01 4.717920624952897768e+00 1.351483980815834940e+01 1.436159931680865753e+01 5.903696543339624014e+00 1.513556169834610721e+01
8.853716617317752835e+00 2.066733917746452320e+01 9.004126640795774961e+00 1.968615785714759880e+01 1.414291448936993056e+01 0.000000000000000000e+00 1.460656943308755373e+01 1.511520526305233325e+01 2.208529059119953786e+01 1.050331183709220007e+01 6.891985284055048844e+00 1.405188813999908071e+01 1.567471253777752871e+01 8.731685854275605507e+00 1.434807558887965229e+01 9.836384720633661871e+00 4.947816049135787431e+00 1.901546394278254581e+01 4.831417052593557138e+00 1.093161633930283472e+01 1.584123857443061567e+01 1.216803834631901182e+01 2.197456090369365356e+01 1.720762096013209330e+01 2.131751434240331378e+01 3.960745525269993017e+00 1.733080322163086961e+01 1.772258951311750863e+01 1.218905587381823707e+01 1.059398616412701877e+01 1.223995461084244063e+01 3.563819099144513558e+00 5.629231345063091752e+00 7.693260440720020910e+00 1.395830263693253492e+01 1.798798975253314936e+01 1.243519078739588934e+01 7.937931762840049643e+00 1.209074259522953732e+01 1.286622135464076244e+01 1.967450970998102022e+01 6.115441204827910759e+00 1.564141852537604294e+01 1.695796301027558783e+01 1.994773712822845724e+01 7.145587558675949857e+00 7.719150992653884380e+00 9.311120230764974082e+00 9.539253769625812396e+00 1.010515968267758780e+01 9.431376325616042777e+00 1.841692788493878652e+01 3.142353419478078003e+00 1.915875650578794875e+01 1.430245073006230960e+01 1.039125108128644470e+01 1.645093524103787530e+01 1.994246723604458893e+01 1.500113848261389649e+01 5.242240520758640443e+00 1.055498175025647711e+01 2.562242060507222252e+00 6.987056506315255433e+00 8.107804078285965943e+00 1.489375164191540613e+01 1.214606570567446298e+01 1.239047704328345567e+01 1.474012846881729466e+01 1.787635119466235523e+01 1.664994974871424915e+01 1.614062744739600319e+01 2.181914095357097239e+00 1.296197591385334569e+01 1.265650187290492923e+01 1.616766642765133000e+01
2.182589781886219171e+01 8.561440031253818361e+00 8.536869436321264715e+00 2.081857208843238283e+01 1.187353482019115170e+01 1.460656943308755373e+01 0.000000000000000000e+00 2.604615347856083574e+01 1.402904245817485673e+01 1.899295693825070686e+01 1.222730383520466013e+01 7.747943471052840536e+00 1.702732726662883067e+01 7.115519984885947835e+00 2.153852816502680767e+01 2.098039510530786700e+01 1.690877283807414599e+01 1.090253790494061903e+01 1.122088546577107770e+01 1.485978605672364239e+01 4.499952248469212712e+00 4.221373290030914660e+00 1.121365673762613824e+01 2.495266144159356259e+01 1.689388906403000234e+01 1.799663847339604672e+01 1.519890882250444264e+01 7.859028350930192808e+00 2.453842960260307038e+01 1.030552561943059509e+01 4.274626242005736820e+00 1.349478921528179320e+01 8.985371573823233149e+00 1.545870217307888339e+01 1.521266685002611396e+01 1.784848691213477778e+01 2.277639660659540510e+01 1.815461237879040368e+01 7.692822176517770671e+00 1.872399008625507122e+01 1.280615179090291633e+01 1.961755161095130617e+01 2.907153788580369547e+00 2.063426644908038199e+01 1.073482642968559020e+01 1.973982436416414998e+01 9.900876393149017574e+00 6.182473856806381285e+00 2.229573775332184482e+01 4.501409750409963273e+00 1.272013955231193272e+01 6.122174828141502267e+00 1.146421601360947307e+01 1.538382209874584206e+01 5.510096662618357399e+00 2.049588792892629030e+01 8.839930301634453258e+00 9.101662550092342485e+00 1.888995541392434063e+01 1.460524732227765909e+01 1.701532074307566944e+01 1.558968435694857035e+01 9.900190374928866888e+00 1.768152883318019164e+01 2.374634447917378921e+01 1.262036523994249393e+01 2.234926266691103169e+00 1.397987756558642936e+01 6.696462628687389618e+00 2.287203148175112588e+01 1.604143628741961791e+01 1.255547406554455847e+01 2.428386620788658234e+01 1.713220926173018199e+01 2.558952261058672661e+01
8.360966375645947579e+00 2.141661108175314610e+01 2.046091993082348637e+01 8.318984981117777622e+00 1.581043900134151592e+01 1.511520526305233325e+01 2.604615347856083574e+01 0.000000000000000000e+00 1.367013114407484053e+01 9.059304422018145786e+00 1.402527463969590649e+01 2.079295497432062234e+01 1.029422504172331010e+01 1.901618724418510453e+01 5.115619875645431414e+00 5.426814221703951446e+00 1.032533624553658669e+01 1.582564385985961408e+01 1.786800982353554090e+01 1.375435591593233475e+01 2.321057602537330311e+01 2.361350381799448428e+01 1.767908607300405066e+01 4.211717267958990263e+00 1.029241231873126061e+01 1.296288462604565161e+01 1.338811069861071523e+01 1.946581942983755198e+01 3.692269124100760802e+00 1.655517732347954407e+01 2.205586447581483611e+01 1.342006316910288888e+01 1.708088240015730008e+01 1.173302203808575150e+01 1.244275489674865476e+01 8.656136423067538388e+00 4.162093996197075541e+00 8.447500625997463430e+00 1.913778941180235549e+01 8.316914278445556974e+00 1.365749917315136486e+01 1.028997060122601326e+01 2.552872713672759630e+01 5.936804500772101534e+00 1.642130095014307400e+01 7.997686780483963531e+00 1.642513936848932588e+01 2.075392495429682782e+01 6.181017473826055486e+00 2.154588725983764874e+01 1.456584906606099139e+01 2.263008690609114382e+01 1.597601673240054865e+01 1.103713146439516102e+01 2.140449254907993648e+01 6.575121939740766308e+00 1.846816206123404669e+01 1.918688723354032533e+01 7.943387851019758195e+00 1.144090615628316598e+01 1.145423668012454677e+01 1.265524818131667040e+01 1.902221311333600795e+01 1.004703095771228938e+01 2.655549301523271399e+00 1.488637317887632783e+01 2.383005443437279069e+01 1.414429421935286335e+01 2.139798162526734870e+01 5.201538730343752803e+00 1.234117458446494808e+01 1.597283722593317989e+01 2.177816385473081429e+00 1.057981090131847601e+01 2.100500981638469433e+00
1.875464090074186529e+01 8.041561575810421303e+00 1.883148115701104786e+01 8.073351014512528678e+00 9.522714865655688143e+00 2.208529059119953786e+01 1.402904245817485673e+01 1.367013114407484053e+01 0.000000000000000000e+00 1.211059487730817352e+01 1.592388512541492851e+01 9.260099417150076562e+00 6.490705376250333281e+00 1.452730301916207090e+01 8.815842062194571227e+00 1.355877726023419250e+01 1.734428217508526160e+01 4.905607818009822374e+00 2.121501928601595210e+01 1.283540596601543982e+01 1.001181443441922525e+01 1.560361743502143206e+01 4.225359321778488386e+00 1.220762012753458592e+01 4.077688396519093317e+00 2.073327465671791714e+01 5.535346746097124182e+00 6.629124019808010360e+00 1.499376741797577317e+01 1.270059514623653385e+01 1.165257526314208114e+01 1.950660650913870597e+01 1.801135935939369048e+01 1.568998792439419177e+01 9.584591566493314119e+00 5.125800809302559102e+00 1.096227724828893635e+01 1.427243779859774087e+01 1.230260411586871960e+01 9.413071942749605014e+00 2.857726755785763295e+00 1.829260319364348319e+01 1.215760117991743705e+01 7.900575487634330152e+00 3.402361692568833806e+00 1.601454486352259465e+01 1.537141345566795536e+01 1.625408699851937300e+01 1.618095166511628236e+01 1.379733334856065596e+01 1.398555822002821181e+01 9.255037400148410143e+00 2.015520808399698893e+01 2.933231567221111558e+00 9.223248308294120790e+00 1.184422204950168478e+01 7.006282942913474976e+00 5.814595203087599806e+00 7.088740195161629565e+00 1.755135018456021356e+01 1.257111873362104681e+01 1.965023138208706754e+01 2.015090676120352242e+01 1.446098468947175597e+01 1.101458184255156958e+01 1.123759310850602411e+01 1.343459931731195311e+01 8.307870611504592162e+00 8.025689594814638284e+00 1.012699016769214566e+01 6.357554547114441235e+00 2.207136711202280566e+01 1.295893128940256922e+01 1.016952188148525593e+01 1.284532447863716875e+01
8.225247780620529525e+00 1.690307874537658250e+01 1.385733814398083830e+01 1.011469305490011195e+01 7.988130441900646694e+00 1.050331183709220007e+01 1.899295693825070686e+01 9.059304422018145786e+00 1.211059487730817352e+01 0.000000000000000000e+00 7.022732491998434412e+00 1.472180610967042469e+01 5.758956731190899347e+00 1.233769875338927946e+01 5.228471598411946530e+00 5.106262965625306904e+00 5.843801682382785856e+00 1.131211152348305049e+01 1.225207109599554300e+01 4.742327179390994019e+00 1.700090810923565954e+01 1.693461873193179557e+01 1.366642178310132927e+01 8.452071413750021023e+00 1.163728534783113666e+01 9.554132478538040374e+00 6.972636996395370268e+00 1.495228709346100082e+01 8.189532253254181882e+00 8.907315027370421134e+00 1.480436282845003326e+01 8.017433811111517983e+00 1.047644917991366498e+01 3.797708940242944475e+00 4.017111433658926423e+00 8.325998114046729626e+00 4.905091225589333526e+00 3.045660188444531347e+00 1.172615252547321063e+01 2.961094023918631191e+00 9.479475043293287939e+00 7.456451345291136512e+00 1.866039335564278900e+01 7.329166931695312748e+00 1.190776861376650864e+01 5.572516936348300476e+00 9.627655814328710093e+00 1.414835941773691630e+01 6.822900649943955287e+00 1.464690372874314228e+01 6.639283568459673823e+00 1.811655456971458023e+01 9.723605300778569216e+00 9.410602817574160284e+00 1.499306852710630622e+01 2.605513287226224772e+00 1.395462972485748665e+01 1.467335489716376884e+01 5.286216930532271263e+00 5.803952599997494133e+00 2.428695716051865183e+00 8.071667166377325842e+00 1.261085173252886094e+01 2.415386543920986284e+00 6.631679493092603295e+00 7.023271005924581090e+00 1.676967461447238250e+01 6.346588793391729766e+00 1.688444928889079932e+01 7.653105201055250717e+00 5.869557569413720977e+00 1.118318608826515792e+01 7.463955633814224555e+00 2.163813974696436215e+00 8.605842163898390851e+00
9.807829856798825574e+00 1.479748722615097023e+01 6.963651055042795690e+00 1.595357759276306275e+01 7.255045707362266505e+00 6.891985284055048844e+00 1.222730383520466013e+01 1.402527463969590649e+01 1.592388512541492851e+01 7.022732491998434412e+00 0.000000000000000000e+00 8.162233628062194768e+00 1.015864320643439811e+01 5.400386009871663617e+00 1.169957168564108407e+01 8.959516266442951959e+00 4.931253128911685657e+00 1.312580943084566698e+01 6.429287422819316866e+00 4.559955526850090202e+00 1.023525500618960926e+01 1.002535165651442739e+01 1.610470895238011835e+01 1.533652913639204485e+01 1.574169696445824229e+01 7.194624125667552050e+00 1.044293443962319046e+01 1.185273756180396632e+01 1.251755076373815534e+01 3.706345520339817678e+00 8.038709725403988315e+00 3.592334412180927750e+00 3.493982069655524381e+00 3.488477726826607839e+00 7.843191525784930285e+00 1.316453021247652266e+01 1.075551776773049184e+01 6.133733539925496636e+00 5.736761091236379784e+00 8.916380250670981056e+00 1.324536216442261960e+01 7.611720619364215956e+00 1.189474025259674406e+01 1.365031833307009990e+01 1.407616768988389566e+01 7.718945525299237609e+00 2.618071053911090740e+00 7.165772792816761161e+00 1.027485891445693156e+01 7.881250625697105328e+00 2.542475024285709040e+00 1.262935086741407886e+01 4.246273144282501022e+00 1.327487357022452663e+01 8.433496045498081628e+00 8.473970905570013201e+00 1.056128072910098759e+01 1.407261528473105372e+01 1.102873504755952716e+01 2.584368483412745388e+00 5.102242390352275336e+00 5.142816388714057219e+00 6.336054020979963397e+00 5.655293943901093634e+00 1.302136190194692311e+01 5.257476787645831706e+00 1.000402151142633933e+01 7.852259686809628825e+00 1.200649924334881113e+01 1.412395751276779521e+01 9.635827604811980862e+00 6.363396759540011161e+00 1.226298736902166553e+01 7.494319000522330576e+00 1.451963412719420887e+01
1.778558757676098168e+01 6.867647716789368140e+00 9.682601049526084580e+00 1.520963328205595744e+01 7.359037834197200922e+00 1.405188813999908071e+01 7.747943471052840536e+00 2.079295497432062234e+01 9.260099417150076562e+00 1.472180610967042469e+01 8.162233628062194768e+00 0.000000000000000000e+00 1.141838846025241416e+01 5.376323185445217590e+00 1.592958935865036274e+01 1.693295457441216101e+01 1.296347862737432166e+01 4.978601757009384343e+00 1.206403945229910768e+01 1.058272891309460739e+01 4.722605956700346219e+00 7.641814028959776017e+00 8.141175295144090995e+00 1.934372263521713720e+01 1.152397995211544846e+01 1.535685775372974682e+01 9.589970016128019026e+00 3.895183232904256609e+00 2.048998762542100849e+01 6.031462404157250212e+00 4.181234108930710569e+00 1.165617977547232975e+01 8.886899943940571589e+00 1.118755134449859945e+01 1.093560970639707364e+01 1.223954810575834529e+01 1.776530755275490847e+01 1.410212725947143042e+01 3.133539208559533495e+00 1.388687967158278624e+01 7.483795767166968815e+00 1.561392283772739731e+01 7.220967785854297105e+00 1.502532764270395660e+01 6.005647273493147864e+00 1.569238383326844755e+01 7.125701190367776050e+00 7.103107164802517914e+00 1.824829722242614594e+01 5.102885964416774556e+00 8.448988723731650552e+00 5.899244922222925958e+00 1.120848373816900789e+01 9.774929485281077746e+00 2.482839986405775523e+00 1.643949443428534707e+01 2.414073055264706724e+00 6.136260159279814275e+00 1.328101660754790991e+01 1.055780679138195843e+01 1.274416991449537839e+01 1.330505001677625465e+01 1.099992692748667089e+01 1.360915508449745381e+01 1.813740567279735671e+01 8.343308096313457156e+00 6.220583550480691670e+00 9.483708533735782709e+00 4.074090450470477798e+00 1.726309267537470049e+01 1.043249748104319607e+01 1.292038727830595413e+01 2.006794985258541075e+01 1.285515211810113811e+01 1.998058380421029057e+01
1.239608640211201163e+01 1.204204456768493436e+01 1.523972292925821037e+01 5.864645941953568808e+00 5.939367367927459007e+00 1.567471253777752871e+01 1.702732726662883067e+01 1.029422504172331010e+01 6.490705376250333281e+00 5.758956731190899347e+00 1.015864320643439811e+01 1.141838846025241416e+01 0.000000000000000000e+00 1.056968015530770977e+01 5.274954496968070394e+00 7.194155151067998410e+00 1.093438140151725513e+01 6.451077345791402351e+00 1.616671737043063217e+01 6.609919626330057696e+00 1.383600951130508605e+01 1.516660013385022232e+01 8.405379381263660576e+00 8.934687530171032677e+00 6.066233363749026886e+00 1.433321345583875761e+01 3.837093509249533518e+00 1.009125291576934913e+01 1.027576371175579695e+01 6.975162925976818862e+00 1.303634423036846179e+01 1.329579627792622354e+01 1.224673589689515296e+01 9.338349778276919366e+00 3.417609908275722752e+00 3.109591997259856466e+00 6.921655742297985192e+00 7.866934034093739037e+00 9.829335543015380594e+00 2.933744288374794174e+00 4.377041864380237790e+00 1.190734478557147646e+01 1.615416062265937924e+01 4.751759941384748664e+00 7.046734436074864050e+00 9.640265534580485962e+00 9.608720407426833532e+00 1.313178545534965558e+01 9.839086208516810927e+00 1.287888513066156904e+01 8.092061489667232266e+00 1.325552039202292676e+01 1.438996616501645143e+01 3.770597994825312771e+00 1.202992603501172475e+01 5.463532770451359433e+00 9.093595547165840287e+00 9.812320719472120700e+00 2.406550795652950381e+00 1.114077213113818665e+01 6.219480587503774416e+00 1.323965332866506195e+01 1.558483671494821188e+01 7.983746320017403697e+00 7.638675740200039144e+00 5.334165298580287207e+00 1.500165601639081103e+01 4.126895363327521160e+00 1.202341511119915829e+01 6.838797278244495459e+00 2.191215127941094742e+00 1.635458678895048479e+01 9.322973542583770978e+00 3.824843874469038063e+00 9.551081669867327761e+00
1.479593158448644452e+01 1.199177422291064232e+01 5.181983595057513270e+00 1.632981999462035461e+01 6.466211419851470410e+00 8.731685854275605507e+00 7.115519984885947835e+00 1.901618724418510453e+01 1.452730301916207090e+01 1.233769875338927946e+01 5.400386009871663617e+00 5.376323185445217590e+00 1.056968015530770977e+01 0.000000000000000000e+00 1.528187578260295432e+01 1.395042887093212514e+01 9.882204653967397334e+00 1.033989898822869158e+01 6.999202609643241146e+00 8.204527871862220323e+00 7.165673619876752554e+00 4.790228385010506074e+00 1.329899594913979399e+01 1.921531218709130329e+01 1.607638950125759081e+01 1.099251389860205386e+01 1.046098916933313383e+01 9.047024558563643737e+00 1.750846336822732141e+01 3.650267434569169023e+00 3.564389656288575292e+00 6.510171188387485763e+00 3.607472236020772716e+00 8.746455627914118125e+00 8.557408665164693673e+00 1.353625017374496942e+01 1.574643037221966679e+01 1.112464614441467425e+01 3.385198418245266794e+00 1.206873190139364738e+01 1.284509299838627783e+01 1.258829520504930954e+01 6.965853570822168273e+00 1.517007968843190824e+01 1.127217217367458701e+01 1.270985812978841167e+01 2.930656986244553952e+00 2.615044823850968037e+00 1.526577151894609763e+01 2.629029917933584315e+00 6.064881367450507099e+00 9.741362930384916297e+00 5.912849188943297918e+00 1.360727423134809655e+01 5.626885775508445597e+00 1.346592169455055732e+01 7.775370286484013072e+00 1.126690228149072581e+01 1.278078030571510837e+01 7.575281087901921673e+00 1.036006255821423849e+01 8.593296183839228775e+00 6.134667154108572440e+00 1.065156259880444445e+01 1.772814423334736844e+01 5.965107055081071863e+00 4.898011495010344163e+00 7.927257460503446929e+00 9.200786240108490333e+00 1.702232614300997326e+01 9.974033821001864197e+00 7.696127914219133892e+00 1.725389997351085114e+01 1.047695107686874749e+01 1.951054673168339804e+01
1.086589013869625120e+01 1.655324546608288827e+01 1.858686850156752968e+01 5.354730737919249250e+00 1.070862124907383617e+01 1.434807558887965229e+01 2.153852816502680767e+01 5.115619875645431414e+00 8.815842062194571227e+00 5.228471598411946530e+00 1.169957168564108407e+01 1.592958935865036274e+01 5.274954496968070394e+00 1.528187578260295432e+01 0.000000000000000000e+00 5.762336165440141045e+00 9.575187045680140230e+00 1.096227824418935448e+01 1.655000901246665990e+01 9.016115639284034700e+00 1.834721040970304529e+01 1.987879576114546154e+01 1.282284434402431650e+01 4.063864779754791101e+00 7.020734279092581964e+00 1.294846130464767953e+01 8.499103401410820879e+00 1.460245381416730481e+01 6.877240353990762500e+00 1.163160834803379018e+01 1.774853985766370457e+01 1.196947801666415145e+01 1.519355375529661067e+01 9.002731140010476807e+00 7.334529525732015998e+00 3.690041252892016566e+00 3.160555008239845698e+00 6.495996808677070078e+00 1.457155740308931691e+01 3.255526101262214755e+00 8.800250187527508317e+00 1.049891385269850375e+01 2.066536152105734558e+01 2.652046336498770529e+00 1.155793533447281440e+01 8.219501554637664853e+00 1.417206891115602652e+01 1.773150570743223398e+01 8.307976957519905170e+00 1.759108075795682780e+01 1.129594852162238716e+01 1.776672129042087533e+01 1.435424758357391894e+01 6.182830186737010791e+00 1.654112693340967866e+01 4.050532708556705330e+00 1.360479644556378709e+01 1.432352161787006573e+01 2.924117306264514493e+00 9.816154803672471729e+00 6.683433572839104997e+00 1.191171473205837117e+01 1.736302303285077997e+01 7.052431597095733196e+00 2.460070574122161347e+00 9.784555426608644524e+00 1.971385164368605913e+01 9.042476467085183600e+00 1.653461600959710864e+01 2.446229183342183866e+00 7.375079414289426261e+00 1.502794984005261014e+01 4.729518502573103689e+00 5.543931238847449094e+00 4.477241888361385591e+00
5.226540507612920550e+00 1.923619971875293899e+01 1.539516155757050342e+01 1.106601517376671850e+01 1.201331118091440331e+01 9.836384720633661871e+00 2.098039510530786700e+01 5.426814221703951446e+00 1.355877726023419250e+01 5.106262965625306904e+00 8.959516266442951959e+00 1.693295457441216101e+01 7.194155151067998410e+00 1.395042887093212514e+01 5.762336165440141045e+00 0.000000000000000000e+00 4.910955048160371206e+00 1.364523249685939987e+01 1.274661995953802851e+01 9.268596000962267212e+00 1.918665138334747411e+01 1.854774544474151199e+01 1.559953453233165988e+01 7.516097298272538474e+00 1.278253465761037688e+01 8.031872935321294094e+00 1.086056095143202782e+01 1.728540806683734843e+01 3.652069256645795736e+00 1.155462391443067105e+01 1.699010610256186737e+01 8.328966128713476635e+00 1.201512402690432957e+01 6.758401414836452403e+00 8.571936085850317966e+00 9.452018375827419661e+00 3.097279827595962765e+00 3.772622197941246203e+00 1.410791037241143187e+01 4.906653783069141461e+00 1.157119701544823442e+01 5.322942489271656363e+00 2.078899623887203774e+01 8.413971301095511279e+00 1.424088958714286868e+01 2.729861686568548773e+00 1.135938099523635891e+01 1.568816658104384842e+01 2.669540314017721627e+00 1.648012888658468711e+01 9.581728423950911733e+00 2.044967554309093316e+01 1.089572950751212055e+01 1.063078393619060158e+01 1.720421699184804254e+01 2.591007329350921040e+00 1.628775069823384669e+01 1.700647587054012888e+01 6.478638126878172088e+00 6.375147783030203463e+00 7.501195223731705219e+00 7.290989532358511660e+00 1.394670891816761760e+01 5.802735592804235232e+00 5.758922477501219106e+00 1.108924535844920634e+01 1.876429606111983617e+01 1.034716639892574186e+01 1.921757026226714160e+01 7.909577499680279900e+00 8.962606379557996661e+00 1.056629268442957503e+01 3.436295896116246418e+00 6.628052911974196881e+00 6.391636104029211118e+00
5.094960479299583511e+00 1.959873222546310600e+01 1.132353929033679130e+01 1.492505835999186026e+01 1.095953980670601524e+01 4.947816049135787431e+00 1.690877283807414599e+01 1.032533624553658669e+01 1.734428217508526160e+01 5.843801682382785856e+00 4.931253128911685657e+00 1.296347862737432166e+01 1.093438140151725513e+01 9.882204653967397334e+00 9.575187045680140230e+00 4.910955048160371206e+00 0.000000000000000000e+00 1.682402030803492821e+01 8.332757435282490022e+00 6.437008144814904576e+00 1.516650813510130114e+01 1.447612317750779276e+01 1.909626842706556005e+01 1.232417745021749766e+01 1.657650592628901265e+01 3.866854669876519601e+00 1.264272881670601123e+01 1.665398256111609854e+01 8.234480313310269750e+00 7.827921588295178701e+00 1.295816130507323116e+01 4.101919185921311772e+00 7.943501759670616558e+00 3.474834434573724540e+00 9.403963600367344355e+00 1.324653967069535376e+01 7.532205170448549758e+00 3.096770109535334825e+00 1.021508400721876875e+01 8.127234644358951599e+00 1.493576247126679313e+01 2.719897486949359511e+00 1.672077202190729750e+01 1.221296515481246736e+01 1.741967739831838813e+01 3.110687563938766331e+00 7.299999613419914546e+00 1.161654431381013275e+01 5.692539502713721333e+00 1.240850661935097499e+01 6.116354249740511229e+00 1.743059586672621109e+01 6.593010774852447575e+00 1.441774808967367072e+01 1.323474104481020319e+01 5.532054577837967280e+00 1.536252572841311803e+01 1.887386028404318594e+01 1.026013006649961135e+01 2.405671835992366780e+00 5.983433164089063894e+00 2.398027631599797704e+00 9.860169307623872115e+00 3.533134127841652816e+00 1.001036552223915876e+01 8.326134366418452615e+00 1.469267379388612405e+01 1.147297877300533386e+01 1.680774424266094513e+01 1.179849482012810036e+01 1.140188020868180097e+01 5.683254478046030123e+00 8.183400889079273099e+00 7.996991718195516796e+00 1.130207669025033290e+01
1.848445215974294698e+01 6.405423304812321028e+00 1.464617685230956035e+01 1.024232216759494740e+01 8.610027021225574728e+00 1.901546394278254581e+01 1.090253790494061903e+01 1.582564385985961408e+01 4.905607818009822374e+00 1.131211152348305049e+01 1.312580943084566698e+01 4.978601757009384343e+00 6.451077345791402351e+00 1.033989898822869158e+01 1.096227824418935448e+01 1.364523249685939987e+01 1.682402030803492821e+01 0.000000000000000000e+00 1.702761525508257989e+01 1.200908443931250602e+01 7.711220149616869968e+00 1.228958366298057925e+01 5.300946066524327094e+00 1.437641152075612894e+01 6.560262135979085585e+00 2.022795570216208105e+01 4.622658901667011655e+00 3.966463554081130827e+00 1.643775926015937472e+01 1.099503820694072509e+01 8.187662138656534694e+00 1.661975557825579841e+01 1.385047574672404380e+01 1.489150457056907584e+01 8.746014462161843639e+00 7.272236991297338804e+00 1.279799643829389666e+01 1.375786596431976605e+01 8.097115011343005264e+00 8.919568557121776209e+00 2.754848021756588494e+00 1.783638475151143510e+01 1.021608814979431124e+01 1.005801652824294479e+01 2.634846678326713931e+00 1.567537133830513696e+01 1.208927699315125004e+01 1.206668296758599190e+01 1.592745196614776404e+01 1.006646176720025032e+01 1.309041711698909793e+01 7.597816293902365459e+00 1.617205954095247833e+01 4.807618370820065934e+00 5.902082751492626400e+00 1.149810900327313057e+01 2.668407351875071942e+00 3.992698043048646284e+00 8.313705493086899878e+00 1.552138259416543598e+01 1.177263537979592556e+01 1.826862581955972331e+01 1.596350273027013777e+01 1.372749806740404210e+01 1.317009455833634490e+01 1.035617351394839147e+01 1.023455261383984372e+01 7.395182767074479635e+00 6.165047585594165547e+00 1.229578156091369223e+01 5.465186366582183375e+00 1.788396308108941923e+01 1.510063873812438118e+01 9.371038527660131123e+00 1.501327268974926277e+01
1.340767859863931299e+01 1.867881144950196770e+01 4.725245844996174505e+00 2.188809128073460997e+01 1.314651732388530547e+01 4.831417052593557138e+00 1.122088546577107770e+01 1.786800982353554090e+01 2.121501928601595210e+01 1.225207109599554300e+01 6.429287422819316866e+00 1.206403945229910768e+01 1.616671737043063217e+01 6.999202609643241146e+00 1.655000901246665990e+01 1.274661995953802851e+01 8.332757435282490022e+00 1.702761525508257989e+01 0.000000000000000000e+00 1.098924294966940884e+01 1.383980607321416301e+01 8.063533158801643452e+00 1.998671221599367342e+01 1.943091198387191909e+01 2.174977112845447280e+01 8.792162577863551931e+00 1.644004139689617361e+01 1.573474082541752850e+01 1.634967467569406452e+01 9.462688606612555731e+00 1.023770745494054424e+01 4.710187602490085723e+00 3.923495131930702318e+00 8.554943327559785260e+00 1.400258968086534495e+01 1.917260437647275850e+01 1.480788958282208334e+01 1.014058819533764222e+01 1.018810783868005920e+01 1.506815477822777360e+01 1.925343632841885366e+01 1.085160389876790887e+01 1.363087366795903144e+01 1.915989643386259544e+01 1.795988844052848066e+01 1.144053481654007065e+01 6.579382548795162933e+00 5.227837322098458195e+00 1.402402819072840323e+01 7.730970223033907907e+00 8.733470525710307797e+00 1.641549538372233386e+01 2.586208816994477022e+00 1.928294773422076602e+01 1.231385605182662601e+01 1.259341256934027520e+01 1.446308655333789694e+01 1.795461854834461946e+01 1.720307190620090410e+01 7.074540149256415944e+00 1.151485829169656405e+01 6.435854368677752291e+00 2.335509633516258621e+00 1.030973750187297888e+01 1.711673402129790134e+01 1.132744882873334191e+01 9.475647821738679255e+00 1.381488535526847450e+01 1.588850250696237865e+01 1.885188317230126032e+01 1.564390176880821848e+01 2.649502957236459455e+00 1.610298596837520435e+01 1.392231236014074547e+01 1.859099533840662843e+01
1.014852416087452269e+01 1.721798251118337930e+01 1.139317294502183131e+01 1.243969027465953481e+01 4.607893690115473895e+00 1.093161633930283472e+01 1.485978605672364239e+01 1.375435591593233475e+01 1.283540596601543982e+01 4.742327179390994019e+00 4.559955526850090202e+00 1.058272891309460739e+01 6.609919626330057696e+00 8.204527871862220323e+00 9.016115639284034700e+00 9.268596000962267212e+00 6.437008144814904576e+00 1.200908443931250602e+01 1.098924294966940884e+01 0.000000000000000000e+00 1.286773722770859152e+01 1.280144785040472932e+01 1.438598201035772917e+01 1.302100190730237195e+01 1.243506130958608935e+01 1.028233043450082640e+01 7.619458784413036589e+00 1.427323284683637894e+01 1.275774932613469304e+01 4.554260437293049968e+00 1.067119194692297235e+01 8.053617999411450512e+00 7.911734120189845676e+00 3.721687953566916729e+00 3.300975425838344357e+00 9.662340668983976144e+00 9.600142719503512723e+00 5.859262640929012278e+00 7.519155274752038487e+00 5.989147950111092911e+00 1.019401437372189356e+01 8.480825532916316689e+00 1.452722247411572809e+01 1.010001627682525971e+01 1.260474152959596950e+01 8.041645944735584806e+00 5.998953845644473759e+00 1.065381805889130007e+01 1.059393870708730745e+01 1.051373284721608670e+01 2.619063574454056909e+00 1.504984615244648616e+01 8.783399971234132408e+00 1.013942594066237746e+01 1.085399133053048892e+01 7.300564781140406190e+00 1.298177601413339666e+01 1.537032781299322792e+01 7.453162144613445506e+00 6.135549733826618279e+00 2.395215369460707677e+00 8.518718316314920713e+00 1.084298475914010851e+01 3.873425973048170601e+00 1.129735773410992117e+01 2.312412850630194416e+00 1.263650373294532514e+01 5.192781334217579037e+00 1.442699452838122021e+01 1.103419879825695560e+01 6.557844412610384310e+00 1.091054343658972670e+01 1.215900712772840819e+01 3.711579081712974126e+00 1.330089365781257804e+01
2.003546091356711045e+01 4.874094793546710491e+00 1.143773940409296230e+01 1.762725433310863465e+01 9.859900298075670477e+00 1.584123857443061567e+01 4.499952248469212712e+00 2.321057602537330311e+01 1.001181443441922525e+01 1.700090810923565954e+01 1.023525500618960926e+01 4.722605956700346219e+00 1.383600951130508605e+01 7.165673619876752554e+00 1.834721040970304529e+01 1.918665138334747411e+01 1.516650813510130114e+01 7.711220149616869968e+00 1.383980607321416301e+01 1.286773722770859152e+01 0.000000000000000000e+00 7.210524018679711489e+00 7.072056772348753739e+00 2.176134368626981086e+01 1.370257130870625240e+01 1.737431770406065468e+01 1.200759106718069447e+01 3.891925532839069835e+00 2.274468588064267749e+01 8.313476790415545992e+00 3.606522252364172232e+00 1.344553020990386472e+01 1.067625037837210833e+01 1.346665334406382719e+01 1.322061802101106309e+01 1.465716915681102073e+01 2.018292860380759279e+01 1.636086865683002856e+01 5.673330081839595529e+00 1.630450072263546346e+01 9.614834035579168159e+00 1.784697562555383854e+01 2.665177890074994060e+00 1.744294869375663382e+01 6.864390484060043818e+00 1.794608064220376775e+01 8.932702402208439807e+00 8.873496335755122644e+00 2.050199403136145904e+01 6.177978337071040826e+00 1.072809072329688185e+01 2.577624226487421399e+00 1.299783417260054463e+01 1.219250434342209033e+01 2.657397753351777858e+00 1.870110602247454423e+01 5.658780538460621123e+00 4.780343793859880286e+00 1.569863765860058713e+01 1.281150360031728752e+01 1.502327191406060614e+01 1.519162421552356435e+01 1.276143949863916305e+01 1.587879767621584826e+01 2.055502672385003748e+01 1.062831641092744306e+01 4.687323628484896254e+00 1.196669399644947518e+01 2.304552930456837512e+00 1.968071372642737416e+01 1.285011853209586796e+01 1.470752595512494487e+01 2.248557090363809507e+01 1.514016043271512046e+01 2.239820485526296778e+01
