0.000000000000000000e+00 5.821136390636663105e-01 5.437553303620480394e-01 4.743432168195316212e-01 4.296944323584705461e-01 3.680209982175617345e-01 3.608935021677954214e-01 3.099319104268775105e-01 2.993630756355347700e-01 2.743147613611504054e-01 3.000390572027720193e-01 2.297023701955379915e-01 2.284169505031352909e-01 4.535896818539032482e-01 2.363741808022463975e-01 3.796002157606659377e-01 2.394859634026860751e-01 1.721012858768853904e-01 3.162565073874715749e-01 4.385794521502354715e-01 1.700604663739097022e-01 1.823277824347106224e-01 4.467776402448159767e-01 1.584262940642793827e-01 3.241274844641260366e-01 1.664307712940903961e-01 2.659876843456958628e-01 1.311921520355742998e-01 1.313907044997343898e-01 1.310772173915250027e-01 4.335108689141015659e-01 2.392947854125845042e-01 4.320714212054369008e-01 2.830616984703258621e-01 2.465759835003058509e-01 2.646003054195855131e-01 3.271887803614693113e-01 1.124706509553818068e-01 3.410991316827957642e-01 4.956089977018204307e-01 2.103723584736624796e-01 3.916536995395467069e-01 2.191978889325684188e-01 3.771881532197964848e-01 2.000952863437359674e-01 2.242694105413566563e-01 1.653793334220155786e-01 9.216210747035884221e-02 3.298971201440226708e-01 4.476365520725960612e-01 2.222171653501320843e-01 3.052024002311167217e-01 3.752300829285504791e-01 2.497465648387177106e-01 3.333357163410881618e-01 2.047017600735432652e-01 4.620293159540233008e-01 3.702035862991837067e-01 8.505583813546652161e-02 8.334559481757361499e-02 4.090243991843385829e-01 3.062930203253985129e-01 2.177140617575485104e-01 2.074387190119863500e-01 4.629500792975323464e-01 5.140646526170107311e-01 1.910698379091866905e-01 2.015363170488080335e-01 2.862550981647715709e-01 3.026653908333039045e-01 2.286478648670084712e-01 2.905081008693646272e-01 1.425248965763304676e-01 9.346940387995894550e-02 4.776660004880922128e-01 3.306923273050642043e-01 2.558158261313212556e-01 1.602132294181200511e-01 2.810055500575031062e-01 2.661830077986323539e-01 5.022347278301435569e-01 4.195191225766434773e-01 8.232323287847387316e-02 2.591035362972510803e-01 2.211225162048701398e-01 3.589484786707631825e-01 2.401503153049434902e-01 3.776054970964757840e-01 1.081640623690316994e-01 2.474281523979816044e-01 2.063415277312576068e-01 4.417053007545576060e-01 2.271998752409103983e-01 2.389699882799122543e-01 3.064465101445154604e-01 3.722273790192791032e-01 2.236518368736869766e-01 2.877789265415420239e-01 2.013550026146084526e-01 1.078561689083044617e-01
5.821136390636663105e-01 0.000000000000000000e+00 1.041560641963616751e+00 9.951424095219552068e-01 9.903134072608972271e-01 6.987563881581170255e-01 7.139671054684797458e-01 7.204431960893612485e-01 3.098619991594310785e-01 8.249487578332858062e-01 8.184496738122052362e-01 5.272583312128054089e-01 5.404670974511698311e-01 1.005560360110207885e+00 5.117430221126956225e-01 8.649124532185977765e-01 8.131957829522600267e-01 6.090838358276154940e-01 8.218592722969110254e-01 1.611141987134771525e-01 4.565495325651701131e-01 7.084600491710224546e-01 9.895306516364946736e-01 6.369663440727773018e-01 8.449266771665497888e-01 7.102228514936027581e-01 5.890337742701631241e-01 4.605881789065447429e-01 5.759943000818938952e-01 5.805001385584940277e-01 9.768934784861955656e-01 4.222471594983357446e-01 9.109625929038421832e-01 8.038608911727496142e-01 5.996495868009903418e-01 7.525718976246934533e-01 8.859951358221607176e-01 5.293314533403811195e-01 8.873038556849196512e-01 1.041813721703944484e+00 7.879030612454184235e-01 9.120954679492021544e-01 6.083605678609664835e-01 8.270788533538574461e-01 4.365051198423945400e-01 7.085205424698172161e-01 5.071434611471306031e-01 6.400647980349358779e-01 8.964954892401928443e-01 9.984972345204159438e-01 7.810235208108236016e-01 6.359377901716718462e-01 2.202534987126704424e-01 7.924995762303971292e-01 8.258918799032840541e-01 4.787736280515697551e-01 9.825246243557098635e-01 9.290099417598749465e-01 5.288886818642463128e-01 6.280210750900433458e-01 9.298235918867621130e-01 6.579310990892055511e-01 7.381558301672039857e-01 3.945495454992070106e-01 9.503030760821845613e-01 8.149984742837834695e-02 4.317104030550037996e-01 5.555662410628179337e-01 7.661715777674856787e-01 8.460480004053978487e-01 5.637313211234609156e-01 6.212434908099199182e-01 5.249821875118025893e-01 5.822281535119963047e-01 1.021048610060186101e+00 8.514915200074877344e-01 6.718226418375833342e-01 7.339230489676940028e-01 8.014473184671586647e-01 5.995511254141219215e-01 1.040700519032960347e+00 9.643559265533457880e-01 5.292098151528259464e-01 3.698606202646858576e-01 7.666635855306136449e-01 8.836246704949469732e-01 7.609495080073671591e-01 9.497561195484238716e-01 6.270074776252732018e-01 5.565755936689256167e-01 5.342473851090882020e-01 9.625044934569810806e-01 3.713707736860505926e-01 4.511886848169365805e-01 7.658931273756096614e-01 9.113851116206839187e-01 6.916136377714064976e-01 8.642966664357790707e-01 7.492657141913993124e-01 6.017303611406910058e-01
5.437553303620480394e-01 1.041560641963616751e+00 0.000000000000000000e+00 5.656357560600355772e-01 5.937177698980173890e-01 8.578568123445685645e-01 8.746356233547797343e-01 3.340429936448630066e-01 7.447679738476129518e-01 3.224685745015378746e-01 3.977537539905632857e-01 6.742540618149216458e-01 7.411263189423090703e-01 2.158466465765905284e-01 5.409006560401058428e-01 2.043311396962010085e-01 4.723639307717336644e-01 4.515631513528513552e-01 2.426380035183520467e-01 8.964484935180366820e-01 6.602190899358866272e-01 3.811846325862634499e-01 1.522117392552815307e-01 4.311357009534801943e-01 4.266618899107819107e-01 3.870860153650022562e-01 7.558234984727025818e-01 6.369741508961599408e-01 5.833501393199269636e-01 6.634078705143204857e-01 1.264963229612256768e-01 6.456847824625990828e-01 1.305980490597747623e-01 2.994726279798008428e-01 7.603181046872903304e-01 3.155301474015639873e-01 4.838959304131298378e-01 5.587835889179596505e-01 2.281024779518425749e-01 1.078897370659823857e-01 4.231716003512095980e-01 5.096050709315464999e-01 4.445616405124785397e-01 2.280335702016859922e-01 6.250148904555241636e-01 3.589031804737224385e-01 5.688869948904449192e-01 4.547367413165486760e-01 5.396008592023474604e-01 2.025037145498439772e-01 3.871843046495140883e-01 7.950382143581234962e-01 8.417871044206457487e-01 2.940087655233303843e-01 2.968398806024395431e-01 7.174111285127169335e-01 8.973364773164273223e-02 5.506047449245559111e-01 5.925923859209315525e-01 4.683429921879385671e-01 5.121335334932022310e-01 8.200351415123828813e-01 4.030550009777029707e-01 7.132207178725721297e-01 1.059680140916861302e-01 9.727046551073484926e-01 6.809056520361934650e-01 4.859944009007987065e-01 2.857009131181409978e-01 2.441972644304061524e-01 7.184836789940153290e-01 7.803439149963714572e-01 6.323607107033371033e-01 5.040816248631633245e-01 1.437896030064273190e-01 4.070135374830191610e-01 3.697380001260335280e-01 4.387572953174879165e-01 4.474112603849296210e-01 7.799251289856169445e-01 7.522961349294135514e-02 1.639219719917039408e-01 5.960653540654582416e-01 6.717000216989305050e-01 3.257763325820374756e-01 1.862404392495814742e-01 3.671802198566672115e-01 5.488847903979512388e-01 4.778738808451496456e-01 7.372639665249883789e-01 6.272977050256535181e-01 5.325478307055001581e-01 7.089342783833966211e-01 6.022356723087147756e-01 2.875312297500420278e-01 1.765105263035680605e-01 3.885561338564069156e-01 4.469067710730485476e-01 3.583261731837055764e-01 4.863846811176502083e-01
4.743432168195316212e-01 9.951424095219552068e-01 5.656357560600355772e-01 0.000000000000000000e+00 6.023872708758427619e-01 7.633545401092375338e-01 7.966619894677506863e-01 4.472048447301123497e-01 7.122483076880109509e-01 3.976747469341148644e-01 2.424736250618712008e-01 6.090756822001314186e-01 6.631526850552800223e-01 5.083560888568687819e-01 5.736418951880786210e-01 3.887008616623781609e-01 4.436213617119236230e-01 5.949196778996365120e-01 5.450542473759169004e-01 8.516082226085242013e-01 6.381128713627925997e-01 3.113569510393883188e-01 5.434306885561035472e-01 3.958100537501993421e-01 1.517735656959726120e-01 4.640332564799596327e-01 6.613212262373717731e-01 5.467644926975036013e-01 4.935427974328481793e-01 5.971592770108266057e-01 4.556769375686502976e-01 5.813926470007783065e-01 5.022708344684779780e-01 2.730333981879945471e-01 6.823444708002613934e-01 3.571412117642061568e-01 4.955692285314085010e-01 5.866423878517867951e-01 4.295184981941368441e-01 5.579494784357017512e-01 4.620881987851025996e-01 1.073303732530044713e-01 4.719163316864809499e-01 4.730570008400780124e-01 6.478236527120847521e-01 5.424017375898337878e-01 5.074771950102093809e-01 3.845965154147513720e-01 5.178176018393322311e-01 4.945590126403160425e-01 3.843001580021899177e-01 7.005359421227926875e-01 7.882588533868390979e-01 5.095618483641167762e-01 3.048166542797558498e-01 6.313254139766298900e-01 5.706943516749484191e-01 5.410913156677453761e-01 5.531082431243493636e-01 4.693160512786481720e-01 8.362170833801524372e-02 7.420615076253539444e-01 2.777469273433148533e-01 6.204674894702753019e-01 4.716047931190303077e-01 9.270934230752994054e-01 5.864033798008627674e-01 5.750937168316979653e-01 5.046283711384564885e-01 3.573606052665140309e-01 6.239814067586845203e-01 6.858416427610404265e-01 5.378584384680066277e-01 4.255220998440668034e-01 5.084050265968689253e-01 1.744661497866516753e-01 5.101169776727504379e-01 4.034292566855857132e-01 1.946771299041086811e-01 7.019514950985878965e-01 5.269433256894756612e-01 4.966469123599316915e-01 5.180917201784296378e-01 6.500632933066359254e-01 3.182462730637327097e-01 4.992259492843865720e-01 2.341929015145881587e-01 5.667064242488196735e-01 3.691169707459938665e-01 6.427616942896577923e-01 5.621193254108634019e-01 7.142409342998318200e-02 6.402286456991991281e-01 5.810678498681062232e-01 4.176957886843524204e-01 3.892426064143359454e-01 3.774611326080835050e-01 4.762098745150834533e-01 4.664519957380434123e-01 5.364999458715121738e-01
4.296944323584705461e-01 9.903134072608972271e-01 5.937177698980173890e-01 6.023872708758427619e-01 0.000000000000000000e+00 7.726779919062461977e-01 7.725091125030256745e-01 5.315359312731753327e-01 7.075628438327657976e-01 2.850095958482570246e-01 4.742389453643334196e-01 6.343593638842227600e-01 6.389998080905548994e-01 4.996514783143133354e-01 6.180728394632194478e-01 4.722380042791632926e-01 1.913940565501968949e-01 4.919460673718510924e-01 4.483928296521890178e-01 8.467792203474662216e-01 5.876704475757182911e-01 3.192776648938610573e-01 5.173925634463691914e-01 4.649793940690124527e-01 4.521715385204372328e-01 3.456376793238095657e-01 6.706446780343804370e-01 5.393919202328052442e-01 5.223363414268152871e-01 5.607716497499957153e-01 4.803659835484090368e-01 6.245599820988834150e-01 5.278882997420677459e-01 3.867599625982627298e-01 6.581915938355363815e-01 4.624565997496011271e-01 1.130756362140938748e-01 5.086396545232996225e-01 3.949884866633444069e-01 5.453171962484161250e-01 2.493777733759768300e-01 5.365828753246291161e-01 5.584743264012069774e-01 5.497811843752583583e-01 6.087060282458781613e-01 4.383310393524926796e-01 5.506445301083146004e-01 3.526102304647949492e-01 1.003643526509642447e-01 4.936983485330062038e-01 2.254161957051806220e-01 7.098593939198013514e-01 7.834298511257811182e-01 3.722627901236136294e-01 4.570398080878032010e-01 6.152846176609630957e-01 5.413649502071620212e-01 8.890226494158239012e-02 5.039803707554550982e-01 3.893903369139604664e-01 5.370684532406498901e-01 7.179086306606289325e-01 4.054031629622537047e-01 6.156384872092173222e-01 5.098051939318398729e-01 9.222644208142414257e-01 5.957268315978714313e-01 5.646869017147488901e-01 4.507116236667168541e-01 3.599549736326095872e-01 6.333048585556931842e-01 6.951650945580490903e-01 5.471818902650151806e-01 4.647363683965082815e-01 5.245211151223996282e-01 4.587363813613754004e-01 5.193763739935390866e-01 2.694812029403505504e-01 4.475702725449695052e-01 6.777986181338628846e-01 5.490898424644512499e-01 4.734084775571921200e-01 4.939388432137044038e-01 6.734081200078673168e-01 2.953829319091160754e-01 4.534571468848708209e-01 3.681943693612546586e-01 6.957933268712193642e-02 3.985513022847459452e-01 6.520851460866664562e-01 5.953151969256883502e-01 5.697493548108687467e-01 6.353996434381413705e-01 6.242351849662113317e-01 5.103569687223161733e-01 4.250942369011672106e-01 4.680408135962166871e-01 1.768938713799161344e-01 3.082476432414503753e-01 4.387135058607101734e-01
3.680209982175617345e-01 6.987563881581170255e-01 8.578568123445685645e-01 7.633545401092375338e-01 7.726779919062461977e-01 0.000000000000000000e+00 5.693062556730539292e-01 5.813295815580205028e-01 4.160275875783702171e-01 6.154857014671907267e-01 5.886929561997099603e-01 2.244273334670064401e-01 4.100055306870356020e-01 7.894519994407903640e-01 4.425704525784890375e-01 6.604294290884188401e-01 5.962081683629901763e-01 5.401222840944470693e-01 6.801325784593060808e-01 5.548915740192079671e-01 4.054580879889229106e-01 4.766721797583050035e-01 8.106537113166507602e-01 4.298239651954225415e-01 6.131388077538321157e-01 5.303068423659250685e-01 1.370837002253785242e-01 2.819798109978393641e-01 2.848420751755432745e-01 4.137690416603475585e-01 7.477806171953146341e-01 3.242958839530968307e-01 7.577459800406712853e-01 5.720730217600321632e-01 4.549887370055646363e-01 5.454295187473385820e-01 6.683597204675096881e-01 4.565828582067554819e-01 6.900976303089746411e-01 8.351177173748933757e-01 5.719922045174722358e-01 6.803075985364844813e-01 4.634968001414001559e-01 6.543262838193083519e-01 4.486624587992951163e-01 5.907016761038007546e-01 3.438190248969899554e-01 4.224293826802851815e-01 6.788600738855421479e-01 7.791728523220465830e-01 5.633881054561725721e-01 8.894758432650456959e-02 4.933335774685654318e-01 6.136226359105522166e-01 6.187495010259290718e-01 3.728725419899822091e-01 8.259053870258580288e-01 7.113745264052241390e-01 4.046479442698664442e-01 4.497778603800178798e-01 6.980357224740446620e-01 5.147057738306572983e-01 5.063679607544865346e-01 3.255422135520013027e-01 7.557131581569729306e-01 6.305833253901319546e-01 2.670459851031130039e-01 5.107875912096357940e-01 6.501311692366061878e-01 6.249197902262860760e-01 1.460537346479047760e-01 8.275743792486986439e-02 2.254961016412312946e-01 3.640858760634201330e-01 7.930188662785989662e-01 6.197036505947702834e-01 5.868538186544504098e-01 5.169354343784243744e-01 5.696594490544409917e-01 4.693154821834407686e-01 8.175875936206505878e-01 7.685176212028222986e-01 3.356977178094836534e-01 3.874853436818391783e-01 5.490281701759626154e-01 7.228245497425976884e-01 5.291616385946495971e-01 7.321207041937728421e-01 3.952196082125560839e-01 2.054820650721239372e-01 2.661012820612000396e-01 7.307166240442634075e-01 3.329313938516990090e-01 3.942723574096202999e-01 5.835846407440273831e-01 6.813462860410001154e-01 4.950495080048301633e-01 6.493987725853515025e-01 5.652310736864430973e-01 4.758771671258662517e-01
3.608935021677954214e-01 7.139671054684797458e-01 8.746356233547797343e-01 7.966619894677506863e-01 7.725091125030256745e-01 5.693062556730539292e-01 0.000000000000000000e+00 6.282155146452824690e-01 4.276931164282838371e-01 6.153168220639703145e-01 6.220004055582231128e-01 4.196740326114938857e-01 2.176127425161353546e-01 7.892831200375700629e-01 5.071240072578491187e-01 6.991838861415404782e-01 5.930083988041995324e-01 5.164369431771804742e-01 6.750856788165846556e-01 5.704329185550488512e-01 2.984444942520944055e-01 5.099796291168181561e-01 8.056068116739292240e-01 4.767098982826844522e-01 6.464462571123451573e-01 5.252599427232036433e-01 4.665242178716584864e-01 2.873264446752147871e-01 3.997086478548991795e-01 2.501100943223049100e-01 7.612838370051708825e-01 4.130897299544670775e-01 7.909005926345500370e-01 6.053804711185450937e-01 1.159582208816195420e-01 5.841839758004601091e-01 6.681908410642891649e-01 4.006396813198010443e-01 6.899287509057541179e-01 8.349488379716728526e-01 5.687924349586814809e-01 7.136150478949976339e-01 5.234616648156154017e-01 6.967718236006710253e-01 4.039196049408486089e-01 5.819684669465260418e-01 4.545732127243098386e-01 4.198988820382310583e-01 6.786911944823216247e-01 7.806929397625446132e-01 5.632192260529520489e-01 5.064876576866090829e-01 5.069459781852950764e-01 6.085757362678307913e-01 6.529193867219624803e-01 2.485272676630887467e-01 8.208584873831364925e-01 7.112056470020036159e-01 3.218384493951924052e-01 4.410446512227432225e-01 7.313431718325578146e-01 8.257953363632825061e-02 5.396754101129996872e-01 3.194175599692729572e-01 7.907230473886021072e-01 6.459181190218241664e-01 3.673385930830670998e-01 5.241479509425911454e-01 6.450842695938846516e-01 6.304383589243734987e-01 4.342811886383980968e-01 4.917933583248569884e-01 3.647010058545985811e-01 4.087076361501518762e-01 8.054389685791614184e-01 6.530110999532832139e-01 6.106725226681840590e-01 5.137356648196337305e-01 6.029668984129541442e-01 1.459172644356435122e-01 8.300076959212130401e-01 7.683487417996019975e-01 2.785702692893215482e-01 3.935955662566671953e-01 5.488592907727420922e-01 7.177776500998762632e-01 5.624690879531627496e-01 7.311279324979891303e-01 4.285270575710692920e-01 4.373998148139375819e-01 4.796332915924937379e-01 7.640240734027767822e-01 3.648197770020073505e-01 4.675010156238595393e-01 6.260301805253899454e-01 7.000003471103485309e-01 5.419354410920920184e-01 6.461990030265608587e-01 5.601841740437216721e-01 4.644081736825350082e-01
3.099319104268775105e-01 7.204431960893612485e-01 3.340429936448630066e-01 4.472048447301123497e-01 5.315359312731753327e-01 5.813295815580205028e-01 6.282155146452824690e-01 0.000000000000000000e+00 4.255336108870164114e-01 3.002055818002191123e-01 2.473046026472990877e-01 3.673604874038606249e-01 4.826614396601403012e-01 3.690751298144784309e-01 2.096591490217043496e-01 1.926842885975072195e-01 3.416666501657398824e-01 1.692354143016834012e-01 1.665208975984543982e-01 5.753310476437812904e-01 3.946366109771284880e-01 2.185068608243845856e-01 3.118414134337178512e-01 1.515056163625981278e-01 3.055915248847784205e-01 1.947623849112414263e-01 4.792962676861547977e-01 3.647755527027237155e-01 3.037200547290447306e-01 4.295103599435177166e-01 3.151688021481946489e-01 3.191415479488138307e-01 2.087621669335206487e-01 2.806810428023028270e-01 5.138979959777930651e-01 1.286251167540105322e-01 4.196945451856889386e-01 2.870189457437185010e-01 2.815859153782338531e-01 3.680803208780752955e-01 2.880000256824400973e-01 3.543283104096263125e-01 1.219463862137206145e-01 1.083550320616543106e-01 3.128635513387050260e-01 9.519689285972149362e-02 2.493292932636146375e-01 2.425715037414253039e-01 4.332633945014888188e-01 3.675293706501542301e-01 3.259948683624741550e-01 5.173429171251697767e-01 5.206696585463904681e-01 1.895850366032770240e-01 2.138478215431256213e-01 4.493364739818501152e-01 2.863718860004700328e-01 4.764885705101482571e-01 3.603701023164976869e-01 2.361207085835045905e-01 3.840706660568091735e-01 5.736150328028856160e-01 1.719538118258981396e-01 4.384425309190579378e-01 2.577998256528339915e-01 6.515872092330928789e-01 3.997704016762145263e-01 1.789031578894907659e-01 8.638527063662429506e-02 3.063058264299102218e-01 4.393894517072160499e-01 5.038166842098236176e-01 3.558334799167893192e-01 2.278392694536625906e-01 3.800217486770758879e-01 3.174355944688228570e-01 7.499983481067970525e-02 2.672491080012217579e-01 2.525277148260037241e-01 5.335050202761195681e-01 3.500437871889851560e-01 3.131351847410520084e-01 3.504428031111205821e-01 3.536239544167799065e-01 2.936912191727359955e-01 2.221544133487169392e-01 2.268935824687021707e-01 4.702966332580385544e-01 2.140858980650761634e-01 4.358894360704942406e-01 3.204041306145921642e-01 4.219646901300211361e-01 3.865546691638029331e-01 2.692545112724245571e-01 6.658041689936818053e-02 2.644458661375453934e-01 8.628007355319050609e-02 3.621374386273953916e-01 2.245225381583324520e-01 2.279113704970214815e-01
2.993630756355347700e-01 3.098619991594310785e-01 7.447679738476129518e-01 7.122483076880109509e-01 7.075628438327657976e-01 4.160275875783702171e-01 4.276931164282838371e-01 4.255336108870164114e-01 0.000000000000000000e+00 5.264922610701201489e-01 5.270581750011020805e-01 2.439706694650402019e-01 2.541247653648897042e-01 7.071038633470425605e-01 2.168334369103508408e-01 5.700028680162531058e-01 5.287464462850532954e-01 3.106273390644496146e-01 5.234027755337451460e-01 1.647498507138512314e-01 1.580930358020044280e-01 4.257094857428907475e-01 6.910741548733294604e-01 3.455748452616742572e-01 5.621761137384179152e-01 4.117663547304368232e-01 3.063049736904162601e-01 1.767246041864777850e-01 2.932437366537622436e-01 2.820436417953282593e-01 6.897655939739570918e-01 1.308556606872327277e-01 6.141699247878384949e-01 5.211103277446179627e-01 3.133755977607942667e-01 4.611803988135904642e-01 6.032445723940289550e-01 2.308749565772154067e-01 5.888473589217542159e-01 7.433572249407788268e-01 4.894465644822527106e-01 6.282193272659459815e-01 3.134509826586214798e-01 5.321692681515125534e-01 1.380486230792288271e-01 4.100640457066512257e-01 2.157519623360276140e-01 3.573142346068042818e-01 6.137449258120613038e-01 7.011507335657349849e-01 4.982729573826917835e-01 3.532089895919252043e-01 9.808137984224760131e-02 4.940430794672311388e-01 5.345003810921811205e-01 1.882465809255918776e-01 6.857319562397061752e-01 6.462593783317435170e-01 2.304321851010806832e-01 3.295645783268774109e-01 6.470730284586305725e-01 3.685400733883131830e-01 4.480378769939860062e-01 1.082755564590108799e-01 6.553934908798398906e-01 2.410060123031629309e-01 1.489816024752571022e-01 2.587735729468144674e-01 4.693789096514821013e-01 5.632974369772663081e-01 2.810025205437141071e-01 3.385146902301731098e-01 2.422316240836709378e-01 2.908366547008932046e-01 7.382980466320546720e-01 5.687409565793560828e-01 3.750299737215796458e-01 4.494737123004873269e-01 5.175711777839023808e-01 3.101600997132295534e-01 7.457909338306154545e-01 6.658994297901804638e-01 2.464592517246943781e-01 7.306795214868246069e-02 4.839130221024818823e-01 5.851681737317813159e-01 4.781989445792353965e-01 6.649939655434851105e-01 3.442569141971417723e-01 2.738467930891789748e-01 2.428558862979852684e-01 6.797539300288494291e-01 8.864197310630392290e-02 1.562790996145918543e-01 4.709835421732648797e-01 6.286345481925524892e-01 3.991467463703451402e-01 5.658401696726135244e-01 4.508092174282335440e-01 3.032738643775251264e-01
2.743147613611504054e-01 8.249487578332858062e-01 3.224685745015378746e-01 3.976747469341148644e-01 2.850095958482570246e-01 6.154857014671907267e-01 6.153168220639703145e-01 3.002055818002191123e-01 5.264922610701201489e-01 0.000000000000000000e+00 2.634730008155719561e-01 4.771670734451670670e-01 4.818075176514997060e-01 2.284022829178338487e-01 4.275167232461307143e-01 2.091120244784186732e-01 1.846110046739167232e-01 2.888649253543415507e-01 1.724948146168920615e-01 6.798366093877057370e-01 3.952077934050005070e-01 1.561179014856118874e-01 2.393231578044997532e-01 3.077871036299570373e-01 2.474590145787093354e-01 1.425565373063001073e-01 5.134523875953249661e-01 3.821996297937497178e-01 3.651440509877598162e-01 3.966905864087676981e-01 2.091167881519294669e-01 4.673676916598278885e-01 2.455728379770073799e-01 1.455748997462836536e-01 5.009993033964809106e-01 2.864715697053993870e-01 1.719339596341631915e-01 3.080312716435103515e-01 1.193010724028569780e-01 2.738109384218817000e-01 1.078667771177334589e-01 3.318703513829011631e-01 3.978311799994866949e-01 2.763117329265515898e-01 4.107150431818125669e-01 2.119616174629315175e-01 3.934522396692591295e-01 1.954179400257395338e-01 2.492579152556047839e-01 2.224491531365265784e-01 9.684136070277138408e-02 5.526671034807457694e-01 6.230361284418379775e-01 1.118871014300019534e-01 1.939138282870585261e-01 4.580923272219075693e-01 2.608802499157145127e-01 2.539266728206389656e-01 3.258751018153788204e-01 2.016257080823856684e-01 3.323559292989219371e-01 5.607163402215734616e-01 2.268152735731435998e-01 4.584461967701616847e-01 2.385559985353601087e-01 7.560927709770175476e-01 4.385345411588157938e-01 3.616057596972393484e-01 2.181470240671532501e-01 9.549048664601569869e-02 4.761125681166376022e-01 5.379728041189937304e-01 3.899895998259595986e-01 3.075440779574528660e-01 2.532719197259198363e-01 2.527270161252150316e-01 3.011245951327630177e-01 1.516564124248444279e-01 2.479119618965694716e-01 5.206063276948074137e-01 2.778406470679714579e-01 1.977210632967046910e-01 3.367465527746489884e-01 4.803779522403584523e-01 7.942847387038214080e-02 1.711416851198103994e-01 1.634818454195267612e-01 2.367170745793760744e-01 2.413590118456904743e-01 4.948928556476109297e-01 4.381229064866327683e-01 3.650368308691409602e-01 4.782073529990857330e-01 4.670428945271556942e-01 3.155110142046671506e-01 1.538450415046877517e-01 3.033759809210892500e-01 1.244381965715108118e-01 7.568304364188671585e-02 2.356323638432006595e-01
3.000390572027720193e-01 8.184496738122052362e-01 3.977537539905632857e-01 2.424736250618712008e-01 4.742389453643334196e-01 5.886929561997099603e-01 6.220004055582231128e-01 2.473046026472990877e-01 5.270581750011020805e-01 2.634730008155719561e-01 0.000000000000000000e+00 4.246016906008694414e-01 4.884911011457525043e-01 3.483932525366562061e-01 3.737416531052653035e-01 1.978848690921992115e-01 3.121196677080756987e-01 3.950194358168233055e-01 3.422149284884733467e-01 6.733375253666252780e-01 4.634512874532649152e-01 1.606021418263063882e-01 3.834678522358909158e-01 1.959098116673861356e-01 1.465824641436000997e-01 3.015197699114789409e-01 4.866596423278442551e-01 3.721029087879758057e-01 3.178991746740084112e-01 4.224976931012990322e-01 2.914675008813217838e-01 3.962025143138693251e-01 3.075225659070240924e-01 1.180429816117508635e-01 5.076828868907339309e-01 1.300958691656282917e-01 3.674209030198991033e-01 4.119808039422592216e-01 2.695556618739242682e-01 3.979866421154890088e-01 3.314738098536560984e-01 1.358192727103155750e-01 2.720160896036677434e-01 2.383980101788137906e-01 4.626335200251757707e-01 3.425014955070206368e-01 3.222870623233005105e-01 2.102923557979917424e-01 3.896692763278229443e-01 3.345961763201034667e-01 2.561518324906805755e-01 5.258743582132651140e-01 6.135972694773115244e-01 3.753601022455738678e-01 1.103829620427616010e-01 4.566638300671022055e-01 3.908489544283784145e-01 4.129429901562360339e-01 3.784466592148217345e-01 2.974503920263543710e-01 1.928976512824256695e-01 5.673999237158262599e-01 8.232499544522355051e-02 4.458059055607475063e-01 2.962479946967140898e-01 7.495936869559368665e-01 4.117417958913350828e-01 3.751934747488848698e-01 2.948529989188761746e-01 1.973977689463013996e-01 4.493198228491568358e-01 5.111800588515130750e-01 3.631968545584788322e-01 2.427734578831846068e-01 3.484421902766563495e-01 8.154278667842071449e-02 3.102167355899371204e-01 2.621940662718347803e-01 8.021198225744315125e-02 5.272899111890603230e-01 3.627338890021472029e-01 3.366840760397190602e-01 3.434301362689018422e-01 4.648731606197268329e-01 1.900979475522233952e-01 3.392631129641737742e-01 1.198421273452243557e-01 4.385580987373104422e-01 1.934733479871540707e-01 4.681001103801300522e-01 3.776453338116009251e-01 1.912652390741957087e-01 4.592819071693442501e-01 3.958777171811971307e-01 2.053356001687832444e-01 2.250331697270073761e-01 1.775608905252701875e-01 3.480615490035740556e-01 3.277441210043980369e-01 3.646342866192183174e-01
2.297023701955379915e-01 5.272583312128054089e-01 6.742540618149216458e-01 6.090756822001314186e-01 6.343593638842227600e-01 2.244273334670064401e-01 4.196740326114938857e-01 3.673604874038606249e-01 2.439706694650402019e-01 4.771670734451670670e-01 4.246016906008694414e-01 0.000000000000000000e+00 2.603733076254753365e-01 6.511333714187670374e-01 2.234255273065573755e-01 4.737238247544381942e-01 4.578895403409666276e-01 3.754249883616401218e-01 5.338813850023149676e-01 3.833935170738965725e-01 2.467440962285736838e-01 3.383535517362811773e-01 6.723350832946268785e-01 2.431183608614414515e-01 4.611275724038950141e-01 3.919882143439014088e-01 1.292391729548278689e-01 1.323475879362791263e-01 1.280246280114031576e-01 2.685929832103708392e-01 5.873091095737240641e-01 1.224088613155656646e-01 5.710403757066906394e-01 4.260105074906745393e-01 3.053565139440043152e-01 3.587239144133577695e-01 5.300410924454862505e-01 3.135545693729490102e-01 5.517790022869512034e-01 6.967990893528694940e-01 4.336735764954485761e-01 5.250467017780665602e-01 2.454141011901399549e-01 4.676206794853276505e-01 2.515124459432176440e-01 4.523830480817772060e-01 1.246740996250581962e-01 2.841107546582612997e-01 5.405414458635182662e-01 6.408542243000227012e-01 4.250694774341489679e-01 1.563270642370552521e-01 3.239019850598645056e-01 4.753040078885287234e-01 4.320438966919483703e-01 2.232403189284218881e-01 6.529496073674919687e-01 5.730558983832005904e-01 2.594718858198898914e-01 3.114592323579940536e-01 5.459415035268283534e-01 3.650735507690970327e-01 3.448652515061064738e-01 1.668282217916520760e-01 5.690075538229919516e-01 4.590852684448206156e-01 1.083319933427638743e-01 2.916426659377042707e-01 4.537457580404849478e-01 4.866011622042622498e-01 7.837359881910163639e-02 1.595487393633866213e-01 8.717747361920755167e-02 1.876640292130137000e-01 6.487296640219274435e-01 4.676924152448330707e-01 3.687711197031904864e-01 3.786168063564006037e-01 4.143985522960230705e-01 3.196832591218804476e-01 6.526466486693753843e-01 6.301989931807989720e-01 1.905216593595071284e-01 1.976093323206890850e-01 4.107095421539389557e-01 5.845059217205742508e-01 3.771504032447123844e-01 5.938020761717494045e-01 2.479176473535968928e-01 6.852894866663364337e-02 6.773846472755390424e-02 5.787053886943265280e-01 1.558875575267547886e-01 1.847566430992389486e-01 3.968790364100466261e-01 5.269374975762614044e-01 2.977656545600705917e-01 5.110801445633280649e-01 4.269124456644194932e-01 3.375585391038424254e-01
2.284169505031352909e-01 5.404670974511698311e-01 7.411263189423090703e-01 6.631526850552800223e-01 6.389998080905548994e-01 4.100055306870356020e-01 2.176127425161353546e-01 4.826614396601403012e-01 2.541247653648897042e-01 4.818075176514997060e-01 4.884911011457525043e-01 2.603733076254753365e-01 0.000000000000000000e+00 6.557738156250992878e-01 3.497178958675895011e-01 5.617612871905386385e-01 4.594990943917289239e-01 3.890906091747410311e-01 5.415763744041141026e-01 3.969329105377388811e-01 1.704053643415867070e-01 3.764703247043473811e-01 6.720975072614583379e-01 3.311558232975421179e-01 5.129369526998746043e-01 3.917506383107328682e-01 3.072234928856398817e-01 1.280257196891961546e-01 2.541545728697567896e-01 1.541261902256664262e-01 6.277745325927003295e-01 2.496629792061137443e-01 6.573912882220792619e-01 4.718711667060744297e-01 1.229796706505415921e-01 4.467613768494583804e-01 5.346815366518186119e-01 2.735888906989654701e-01 5.564194464932835649e-01 7.014395335592019665e-01 4.352831305462108724e-01 5.801057434825269699e-01 3.779075898304730674e-01 5.556581419214281503e-01 2.516272094561954331e-01 4.510976283893745609e-01 3.090191377391673933e-01 2.863895776257601722e-01 5.451818900698507386e-01 6.471836353500737271e-01 4.297099216404814404e-01 3.471869327005905337e-01 3.334459701679848842e-01 4.750664318553601828e-01 5.194100823094919273e-01 8.627858308930129450e-02 6.873491829706656064e-01 5.776963425895328408e-01 2.010002093642066223e-01 3.101738126655914085e-01 5.978338674200870395e-01 1.484415436098975860e-01 4.061661057005289677e-01 1.459175519519627096e-01 6.570450162590926180e-01 4.724181110045141962e-01 2.039118423347137388e-01 3.903057036072149488e-01 5.115749651814140986e-01 4.969290545119027236e-01 2.749804636523795476e-01 3.324926333388384392e-01 2.191469308694560525e-01 2.654177341655398203e-01 6.719296641666906433e-01 5.195017955408126609e-01 4.826440439793390769e-01 3.802263604071628444e-01 4.694575940004835357e-01 7.458374174077356256e-02 6.964983915087423760e-01 6.348394373871312224e-01 1.479268299634940165e-01 2.210603545517162982e-01 4.153499863602714837e-01 5.842683456874055992e-01 4.289597835406921411e-01 5.976186280855183552e-01 2.950177531585984059e-01 2.780990898279189771e-01 3.249724166843990791e-01 6.305147689903060071e-01 2.013930262536539895e-01 2.980378480801287866e-01 4.849164988461471815e-01 5.664910426978778668e-01 3.963813661069497396e-01 5.126896986140903056e-01 4.266748696312509526e-01 3.337647343567074487e-01
4.535896818539032482e-01 1.005560360110207885e+00 2.158466465765905284e-01 5.083560888568687819e-01 4.996514783143133354e-01 7.894519994407903640e-01 7.892831200375700629e-01 3.690751298144784309e-01 7.071038633470425605e-01 2.284022829178338487e-01 3.483932525366562061e-01 6.511333714187670374e-01 6.557738156250992878e-01 0.000000000000000000e+00 5.645676563914103774e-01 1.992995528285388118e-01 3.782976391880297218e-01 4.110527266768359000e-01 2.186284346340355289e-01 8.604482116646281487e-01 5.758193956819228632e-01 3.139004783633142504e-01 1.521376965382738866e-01 4.165193450776366046e-01 3.640659119001410926e-01 3.038049758538797773e-01 6.874186855689251585e-01 5.561659277673499657e-01 5.391103489613597866e-01 5.790081762603567217e-01 1.226736211171279428e-01 6.312385296520780509e-01 2.059743220562760269e-01 2.353226906688744013e-01 6.749656013700811030e-01 3.009137915257202867e-01 3.898296388294257842e-01 4.886428739204324856e-01 1.182565044252881364e-01 1.099852528598086049e-01 3.237794711793857694e-01 4.565720040954959758e-01 4.558514381861705211e-01 2.885804291131734978e-01 5.846154439116528767e-01 3.132293052181244208e-01 5.547046778997907213e-01 3.693842379993393932e-01 4.455345676186435733e-01 8.992481475674178604e-02 2.931180130658102012e-01 7.266334014543456288e-01 8.002038586603258397e-01 2.186583459485290648e-01 2.494188252313977172e-01 6.320586251955074841e-01 1.994074811555822946e-01 4.565384533408519685e-01 5.081926916669673444e-01 3.839432979339743035e-01 4.495375554825613573e-01 7.346826381951733209e-01 3.695639415129130523e-01 6.324124947437618216e-01 1.893320622702484579e-01 9.367043732539394041e-01 6.125008391324159307e-01 4.916744857304390370e-01 2.877057802457522184e-01 1.656528678953332889e-01 6.500788660902376837e-01 7.119391020925939229e-01 5.639558977995597910e-01 4.777796158034839369e-01 7.679944434225483008e-02 3.539804706469683593e-01 3.820547161756545629e-01 3.446910037337840294e-01 3.848152823742886364e-01 6.945726256684074951e-01 1.540808674376061838e-01 7.981938395173997225e-02 5.107128507482489033e-01 6.564516138985057037e-01 2.404238292648281372e-01 1.546070011336193040e-01 3.045842418460262269e-01 4.548184988142474072e-01 4.147960199449485241e-01 6.688591536212107336e-01 6.120892044602328497e-01 4.752681635023335849e-01 6.521736509726858699e-01 6.143518641070130348e-01 3.278830033502134755e-01 1.334466947845580898e-01 3.759345772031845723e-01 3.528404794893446050e-01 2.641774903512466022e-01 4.162439661201227104e-01
2.363741808022463975e-01 5.117430221126956225e-01 5.409006560401058428e-01 5.736418951880786210e-01 6.180728394632194478e-01 4.425704525784890375e-01 5.071240072578491187e-01 2.096591490217043496e-01 2.168334369103508408e-01 4.275167232461307143e-01 3.737416531052653035e-01 2.234255273065573755e-01 3.497178958675895011e-01 5.645676563914103774e-01 0.000000000000000000e+00 3.701207990339151488e-01 4.392038087134433333e-01 1.696528785985138843e-01 3.569975031074880123e-01 3.666308736671157753e-01 2.086795130057546854e-01 3.206241811900333305e-01 5.088887756761107939e-01 1.873749613178160578e-01 4.268000142575922307e-01 3.079480117302231257e-01 3.427254769379031729e-01 2.629830741622091184e-01 1.933660976848050050e-01 2.955810260261259592e-01 4.926053125846024949e-01 1.311221126955830207e-01 4.103026069803311637e-01 3.916829493443718113e-01 4.106047428317096126e-01 2.794781680155784542e-01 5.137545680244828272e-01 1.255155250019704405e-01 4.667448998061847765e-01 5.651276831204682383e-01 3.904710266582632205e-01 4.807653608675925283e-01 1.135689136762835089e-01 3.180141810833586047e-01 1.032044023170006625e-01 2.589966096042234378e-01 9.875142768149920702e-02 2.709489479289483027e-01 5.242549214425150650e-01 5.534811585179496563e-01 4.087829530131456002e-01 3.744701833485379883e-01 3.119694845697249530e-01 3.638717567768963712e-01 3.720359094339192318e-01 2.691969152537334597e-01 4.851249881921750884e-01 5.567693739621971671e-01 2.114327571233830250e-01 2.447648426113095410e-01 5.105077165147753337e-01 4.484383884979724066e-01 2.983908622838642999e-01 2.339955630022354516e-01 4.555114218975017670e-01 4.428870352564274748e-01 2.117509664229836885e-01 8.055142909190857181e-02 2.768618761456578814e-01 4.669658665898856476e-01 2.965167179305842615e-01 3.776918584748691909e-01 2.540410013762747221e-01 1.533364710667110831e-01 5.574582591134836784e-01 4.333648570985303983e-01 1.848452116490605923e-01 3.643190410526479517e-01 3.789647652839698844e-01 4.015404926254872997e-01 5.459088648482772754e-01 5.101825469834452287e-01 2.487359283032073431e-01 1.439648053950755568e-01 3.944230177329356990e-01 4.192017755911099930e-01 3.428228450984096565e-01 5.727676342338616777e-01 2.206734316067765211e-01 2.893257170694821800e-01 1.764691705172890535e-01 5.443778305480238000e-01 1.985034958178595599e-01 7.060522969761319489e-02 2.629887520902589593e-01 4.418823765739532394e-01 2.044573823381141686e-01 4.668646318486240343e-01 3.518336796042440540e-01 1.918843594029300825e-01
3.796002157606659377e-01 8.649124532185977765e-01 2.043311396962010085e-01 3.887008616623781609e-01 4.722380042791632926e-01 6.604294290884188401e-01 6.991838861415404782e-01 1.926842885975072195e-01 5.700028680162531058e-01 2.091120244784186732e-01 1.978848690921992115e-01 4.737238247544381942e-01 5.617612871905386385e-01 1.992995528285388118e-01 3.701207990339151488e-01 0.000000000000000000e+00 3.418660605507653494e-01 3.560758721670253535e-01 1.833226887890176404e-01 7.198003047730178183e-01 5.406347680365821695e-01 2.385043120804714034e-01 2.419178133622973403e-01 2.306054638929966039e-01 2.623614054261487749e-01 3.194587063023938689e-01 5.583961152165531905e-01 4.438754002331222193e-01 3.828199022594432344e-01 4.996811736846162866e-01 1.224845135506873600e-01 4.453246484674381334e-01 1.171657461576282311e-01 1.351721434951676515e-01 5.848663674740510743e-01 1.149999103410803830e-01 3.624161647942757969e-01 4.738594036090604811e-01 1.436423917019698238e-01 2.414616758699944521e-01 3.133576476002787881e-01 3.257171322967512550e-01 2.565518853576316261e-01 1.101008448377937821e-01 4.733252013509158251e-01 2.786814360233236809e-01 3.687907967151505817e-01 2.965674757835444764e-01 4.091029889813792564e-01 1.833603594840346462e-01 2.566864344285458843e-01 5.976108311019741048e-01 6.651389156756271070e-01 2.555723668527821735e-01 9.748900827393634783e-02 5.284363215122485080e-01 1.998341524771170274e-01 4.208066749256290096e-01 4.556301397981390999e-01 3.866144417818843104e-01 3.478330490085692617e-01 6.445834042991437363e-01 2.025247639172194358e-01 5.175423784494564972e-01 9.836312560451489218e-02 7.960564663623295178e-01 4.834782687800440737e-01 3.565663156343989448e-01 2.027686036182907992e-01 1.136215378324029607e-01 5.201285982964629628e-01 5.829165317402219548e-01 4.349333274471878230e-01 3.035513878026797063e-01 1.873374600795685019e-01 2.260707774068796139e-01 2.618402926760216021e-01 3.071503160995132653e-01 2.730619990023896992e-01 6.044733917723776884e-01 1.831068338407463580e-01 1.972467095581492413e-01 4.206136168522190966e-01 5.018004796853716698e-01 1.890018904819265877e-01 1.664227424348516116e-01 2.028797353720340202e-01 4.299871281855529026e-01 2.773436437846660829e-01 5.398365832688390986e-01 4.267674679651697889e-01 3.540525012041086383e-01 5.084040413229130584e-01 4.150523112784741397e-01 1.285834505216747470e-01 7.176157754003813227e-02 1.900206960185445992e-01 3.283709303782760824e-01 2.847950681203053058e-01 4.103143927985147266e-01
