0.000000000000000000e+00 5.830813715174250067e-01 5.356717695896674458e-01 4.738151696564419368e-01 4.447001392337265324e-01 3.679955059057897215e-01 3.608800181218745351e-01 3.182999206322529306e-01 2.989734408834814894e-01 2.754321068360488511e-01 3.180647913666673765e-01 2.275283136873295919e-01 2.196863537124343346e-01 2.283723271053843262e-01 4.564635523770321779e-01 1.796573899749824565e-01 1.726947020801574695e-01 4.041207681132934493e-01 3.134639668937271861e-01 4.397815661788902486e-01 1.650047972716332800e-01 1.700897077872430274e-01 1.721935511078340475e-01 3.457479320489547092e-01 3.201150720451395038e-01 1.407367479704197677e-01 4.300367042560218622e-01 2.008922550015583841e-01 1.310849195354098218e-01 1.311559717011285819e-01 2.392982384712021571e-01 2.659643606751138090e-01 2.864771004415855304e-01 4.256335712013354367e-01 2.465637590791433797e-01 4.418418767814640269e-01 1.125339981295287450e-01 2.862445334169561040e-01 3.990938488124760042e-01 2.394986319335744573e-01 2.473668861265417296e-01 2.002100936498804884e-01 3.526626977177980127e-01 1.644543463418467744e-01 4.717819130016325802e-01 2.571555768598103864e-01 3.919617512718691077e-01 2.314920048788594031e-01 3.353197121251967339e-01 9.400059387112197351e-02 3.939811298701084707e-01 4.555137382259945578e-01 2.018743479046844480e-01 4.740502075428800755e-01 3.051788008613162129e-01 3.769624093332332171e-01 1.222110800315256707e-01 2.149130030170493810e-01 2.046650746947079880e-01 2.641019760480422529e-01 4.083671815916363190e-01 8.507450404345938411e-02 8.905407323876562975e-02 2.365474957238552500e-01 3.062811145756871301e-01 2.074007870910715978e-01 5.152281456541640825e-01 1.936238929117613528e-01 1.910209965622660100e-01 9.164820894283885744e-02 3.073961468058087343e-01 3.598282107477400737e-01 2.286202876364270276e-01 2.904849989284680745e-01 3.477865109573241575e-01 2.063727576766481442e-01 3.044538970169465841e-01 2.661706826353102406e-01 2.633293048115449286e-01 8.231162548188057648e-02 2.592455459413757213e-01 4.003066804796163169e-01 4.868360158112571279e-01 4.042488481841108872e-01 3.377881064674729816e-01 1.618986333687750245e-01 2.945557935198234167e-01 4.405285863201100494e-01 4.124913449857736114e-01 2.270729495265669251e-01 1.228025156201988655e-01 4.265462798290362012e-01 2.389640162706027082e-01 1.805637086225758137e-01 2.645668667282707331e-01 3.998443864687266647e-01 2.429130559505810194e-01 3.307977160856510612e-01 2.803227336457421726e-01 4.764209614050359809e-01
5.830813715174250067e-01 0.000000000000000000e+00 1.046575211648276049e+00 9.950587729398875370e-01 1.000898565651956673e+00 6.991994104744135852e-01 7.148802551041223419e-01 7.543937002165316263e-01 3.101803155503027876e-01 8.516365574237663161e-01 8.356709955109213883e-01 5.206218460526541580e-01 5.223343506586243246e-01 5.413761168074485708e-01 1.003806358563516188e+00 7.066236565801624625e-01 6.089873130573368876e-01 8.937908993471717078e-01 8.757056231210373909e-01 1.611136715616092729e-01 6.429880042533119289e-01 4.561895166872420582e-01 7.149922523490040982e-01 8.326951456427413856e-01 8.415991377935388984e-01 5.440475364953653026e-01 9.802906841040204267e-01 7.787590513202444775e-01 5.801642354941001223e-01 4.616010680810852529e-01 4.221257709526803903e-01 5.894799344809797947e-01 7.882576844249604697e-01 9.630540480943141635e-01 6.005639960613913253e-01 9.355289531353715438e-01 5.289812450906115071e-01 8.159852625842677343e-01 9.203374520959216598e-01 6.184939856288825810e-01 7.504951024768888868e-01 4.360596855913005943e-01 9.088611241360281534e-01 5.725211290248798379e-01 1.025496258959820883e+00 6.717013405230088940e-01 8.489100875216264441e-01 7.876904312970894884e-01 8.909120770885226026e-01 6.154846596195214792e-01 9.501795562883386115e-01 9.929342151189736176e-01 5.552806468487195835e-01 1.007278235312931258e+00 6.363827054299400210e-01 2.200802024302911108e-01 6.455083410090461937e-01 7.026247699473312514e-01 4.796198070096512334e-01 8.403064266357598289e-01 9.298512473400356582e-01 5.285477718566304883e-01 6.687596833876564562e-01 7.580315614722547002e-01 6.587873518541380591e-01 3.954507824322478493e-01 8.150182932314181672e-02 7.698283434994788177e-01 4.321882211464708190e-01 5.271609244220700763e-01 7.773485698565898439e-01 8.949054562992011519e-01 5.641771475047024920e-01 6.216889034970920491e-01 8.033681904683794839e-01 5.341127789291628680e-01 8.256975003003920177e-01 6.004067381047920593e-01 6.968252809934120107e-01 5.302148566980158240e-01 3.694099338457980664e-01 9.514556837230162545e-01 1.034346473136027234e+00 9.604472746023409169e-01 8.408332423153077606e-01 6.714309326952013768e-01 8.507542199380535575e-01 9.779490632130890537e-01 9.463773295301189936e-01 3.718660303962844638e-01 5.791950120928617274e-01 9.480303455774355958e-01 4.511112438609373720e-01 5.044784547665152052e-01 7.860509324766703498e-01 8.743014746455062269e-01 7.275183346111220306e-01 8.522817818340504559e-01 8.152112344199150540e-01 9.977320787822954173e-01
5.356717695896674458e-01 1.046575211648276049e+00 0.000000000000000000e+00 5.424654638160292253e-01 5.238494582840578229e-01 8.385608170814151663e-01 8.650433175099021543e-01 3.158582451526334434e-01 7.508346673492694023e-01 2.773061671847348864e-01 3.611168330032974438e-01 5.428565009025996257e-01 6.690023271037742747e-01 7.315097141955090310e-01 1.865365504414408238e-01 3.647244896734574415e-01 4.730535095169858817e-01 1.796979021002315935e-01 4.260381934977318097e-01 9.009678121199182765e-01 4.143867861239799444e-01 6.621762938507297358e-01 3.838960826000321069e-01 2.199538172121162372e-01 4.042890769140629614e-01 5.431956356209003411e-01 1.329697661405311315e-01 4.173453791086861320e-01 6.655526313359795276e-01 6.202996450319385735e-01 6.305231919021775377e-01 7.365296718507393647e-01 3.021448897293026459e-01 1.774691980756763210e-01 7.507270584671710267e-01 1.133634407980100151e-01 5.638423357916912959e-01 2.553628836693521698e-01 4.804393069072869227e-01 4.398696463632131293e-01 3.366856986030298815e-01 6.458640703502791514e-01 4.234933558097386253e-01 6.063401693613744703e-01 1.197354814862112010e-01 3.903084927006494342e-01 2.224954377683006079e-01 3.449645253029630654e-01 2.003520574644707675e-01 4.558634866340984249e-01 4.815033267241895509e-01 9.236177192535417746e-02 5.067291863749388003e-01 8.887859798833037950e-02 7.757441120369417131e-01 8.472207621047256332e-01 4.473152398732567758e-01 3.750628371574855069e-01 7.048754851512195607e-01 3.499455005921726647e-01 4.887420309901817084e-01 5.971517065790791223e-01 4.466176963509019271e-01 3.619439372785048237e-01 8.104444139637148048e-01 6.956675618272665229e-01 9.772108176714957573e-01 3.525428623325603250e-01 6.615863077378913992e-01 5.622135201184642606e-01 2.692266417916863164e-01 1.820405367824662890e-01 6.991855988120525556e-01 7.610503101040936302e-01 2.586885951130186156e-01 6.120383377861982055e-01 4.343264033191355233e-01 7.703339820233379154e-01 3.497499306548641496e-01 5.864749248699084871e-01 6.835229427585800543e-01 1.664110682388930673e-01 7.337519818524460002e-02 4.823805099897233162e-01 2.606056483084946418e-01 4.090613615010951776e-01 3.550839792246915927e-01 1.582241900964526105e-01 1.332855321832430717e-01 6.935955530733632912e-01 4.816687250062373638e-01 4.942151491927761486e-01 5.967782779726424902e-01 5.774453011750646514e-01 3.030908609750293525e-01 1.744097001301638805e-01 3.274530623950745456e-01 3.841543668288742164e-01 2.636104747861874875e-01 6.470168745838332514e-02
4.738151696564419368e-01 9.950587729398875370e-01 5.424654638160292253e-01 0.000000000000000000e+00 5.626210359456392807e-01 7.622714437676826327e-01 7.956097906066822434e-01 4.339652803756748334e-01 7.086986464511664252e-01 4.102217592867923313e-01 2.316786689373276920e-01 5.619623427647422176e-01 6.139622915743273568e-01 6.620761872922890090e-01 4.935761818699795911e-01 3.193843637658469459e-01 5.922705506640439932e-01 5.028629869367923222e-01 4.434593807724095949e-01 8.517589676013525013e-01 3.982378527149001424e-01 6.370930069816812535e-01 4.699330430155463922e-01 3.610437139639979809e-01 1.623682310957148545e-01 4.861279524255263107e-01 5.067406057370258399e-01 4.271066770433722959e-01 5.961191044327593946e-01 5.456825852544340272e-01 5.787679172958941631e-01 6.602402985370067201e-01 5.534154725011846132e-01 4.474915981929425413e-01 6.812935315639511158e-01 4.430332107681788090e-01 5.856335280063665882e-01 3.058459807978973766e-01 1.095329644049635037e-01 4.839877061841639794e-01 3.142558739783910537e-01 6.452040466881595604e-01 4.688898690665224689e-01 5.256103282938406895e-01 5.160754824244029315e-01 5.075597407165628461e-01 4.671143509381482373e-01 3.494129015907721514e-01 4.413023014381485809e-01 3.798145757853199633e-01 5.119020265820211080e-01 4.685588809242114960e-01 5.722434608798776523e-01 5.348880868486607376e-01 6.994547387232091795e-01 7.889398107556956363e-01 5.043853657290078285e-01 5.498391466366473468e-01 6.302584253737150144e-01 4.267606662763898662e-01 8.554354480571087216e-02 5.520778032378975686e-01 4.230599416927715573e-01 2.433855129357024860e-01 7.410108870604948939e-01 6.193781885135339893e-01 9.272055470766266128e-01 4.741167922374209254e-01 5.852969344241588656e-01 4.859241468047317269e-01 4.015318752382919243e-01 3.738297320213192498e-01 6.228962254983199109e-01 6.847609367903609856e-01 5.019610050652425493e-01 5.595573988438040658e-01 1.985202975278869963e-01 7.009004551201180044e-01 3.981815135472001055e-01 5.170413979666882431e-01 6.474123957398837392e-01 4.502533843023215909e-01 5.627028202501338505e-01 5.221501473051434195e-01 2.914322849709941599e-01 3.294627555533731211e-01 4.107829648685479285e-01 4.600004886399650106e-01 4.989800388263582187e-01 6.390503509490291778e-01 4.447839418266542610e-01 6.749476386633898595e-02 5.784336950952947420e-01 6.284959331117097037e-01 2.393746028409998727e-01 4.141535788600477774e-01 3.497261636598316681e-01 1.744667286439229303e-01 4.966678844112154545e-01 4.830932648641254046e-01
4.447001392337265324e-01 1.000898565651956673e+00 5.238494582840578229e-01 5.626210359456392807e-01 0.000000000000000000e+00 7.822749930045413969e-01 7.830689217561682680e-01 5.157805156095860433e-01 7.167906350180131003e-01 2.761737734156342050e-01 4.139652837099674354e-01 6.181628659631782652e-01 6.339658408111861210e-01 6.495353184417751446e-01 4.332120205049808104e-01 3.175824941850185490e-01 5.320416563816894318e-01 4.349567996913913381e-01 1.646729631189829679e-01 8.575987603134218595e-01 4.738003743275984725e-01 6.086476293166391827e-01 3.827838860014224354e-01 4.230881537723398256e-01 4.079395135384894511e-01 5.392986989058674574e-01 4.275443568014720142e-01 2.885619907690790131e-01 5.748636392362449499e-01 5.489731658356603594e-01 6.335137841840832174e-01 6.802438477738655953e-01 4.283220787664755447e-01 4.088230119038883115e-01 6.687526627134372514e-01 4.282672964984344244e-01 5.297697748165429710e-01 3.100976214662273800e-01 5.064059850742020918e-01 5.658029414180751893e-01 4.290008953708843720e-01 6.298807010563096664e-01 1.045575500722644574e-01 5.650258892157772328e-01 4.510957238443698558e-01 5.573082660800585675e-01 4.963127201089161389e-01 2.132081343548671848e-01 3.422446578732925015e-01 4.003780556741421970e-01 9.243218740089127750e-02 4.417521029305866986e-01 6.027438587463959108e-01 4.773929058234208100e-01 7.194582879600679437e-01 7.947796034677648835e-01 4.334635691782798839e-01 4.673360592271620373e-01 6.258280660310988619e-01 2.264321518658082844e-01 4.961916230849863219e-01 5.236324255728554977e-01 3.622883229900047408e-01 3.382170767998605165e-01 7.284700182099809185e-01 6.252179812256032365e-01 9.330453397886957490e-01 3.046635302293561054e-01 6.053004836610178518e-01 5.059276960415906021e-01 4.946017614572520982e-01 3.478638769760852845e-01 6.428997747351787861e-01 7.047644860272199718e-01 4.942819058247596709e-01 6.049802106031630933e-01 4.345295491803604637e-01 6.883595862696041401e-01 4.799967487811113154e-01 5.045005291161743788e-01 6.945206433761994536e-01 3.770551486075648939e-01 4.854936109743968053e-01 7.042898743375133885e-02 3.819268191715013416e-01 3.905981076195013113e-01 1.687654790593658416e-01 4.267669510247021347e-01 4.163244995286787820e-01 6.448901436610986471e-01 5.030792804069345037e-01 5.143707213223862595e-01 6.331795619834837963e-01 5.977994853095901506e-01 3.426625174405313334e-01 4.312114163213747187e-01 4.328164219032052396e-01 4.186221575790008975e-01 3.630580893892840777e-01 4.628463811220064894e-01
3.679955059057897215e-01 6.991994104744135852e-01 8.385608170814151663e-01 7.622714437676826327e-01 7.822749930045413969e-01 0.000000000000000000e+00 5.693049304470371164e-01 5.948931203072516105e-01 4.151966327698061177e-01 6.353165995670901900e-01 6.065210654779080723e-01 4.337617626972015694e-01 2.240222021221159321e-01 4.100049380217164474e-01 7.791251691563787496e-01 4.738363274079575582e-01 5.406902079859472465e-01 7.604023758715720005e-01 6.570820504736223366e-01 5.555077488442822231e-01 4.362034205170175483e-01 4.054533877724983970e-01 5.320780438388754696e-01 6.259105619064471160e-01 6.088118086213342162e-01 3.347841208594876106e-01 7.855373745135598718e-01 5.607767477325997785e-01 4.137807347354924836e-01 2.819734684835849547e-01 3.242953263495271798e-01 1.370822453529046137e-01 6.500602166401131532e-01 7.330405854793418108e-01 4.549886714043060998e-01 7.377469815954483812e-01 4.565756442915668289e-01 5.831979334120629410e-01 6.875501229237168666e-01 4.837591515596170733e-01 5.341286153865946185e-01 4.487268327773772381e-01 6.902375514886130992e-01 2.415165933320389535e-01 8.016244697108020345e-01 5.873639794912420831e-01 6.710368077943938969e-01 5.690668586496744341e-01 6.952042048562383503e-01 3.826973304473166859e-01 7.315559836409234462e-01 7.608341107587296426e-01 5.110001038264162521e-01 8.280213651567839284e-01 8.894688204246349594e-02 4.950940269394991100e-01 4.884440548188045961e-01 5.811459778043283064e-01 3.728693620949698473e-01 6.239864687790837028e-01 6.970639181678310869e-01 4.046276672402336350e-01 4.525433463355955643e-01 5.252442323000499069e-01 5.147060269008497668e-01 3.255324046973374630e-01 6.310237646569764047e-01 5.535083856428028026e-01 2.670111893279427662e-01 2.763472969629509057e-01 5.864712033283333570e-01 6.621181271269962476e-01 1.460537499901992664e-01 8.275754817941738395e-02 6.694842989577615144e-01 2.661096840485694948e-01 5.929101711281872245e-01 4.693158247592028598e-01 5.345279280569291691e-01 3.356825212968492789e-01 3.875182351071458919e-01 7.320999973541600925e-01 8.434866286864846074e-01 7.418237019549257516e-01 6.264848430436676940e-01 4.486603626288278024e-01 6.321306472906383922e-01 7.458489588528450787e-01 7.723758377168151723e-01 3.328396807428178894e-01 3.827494415792831450e-01 7.152430164052306916e-01 3.943097669820755935e-01 5.002953530441689445e-01 5.532636033044655566e-01 6.800070163262191825e-01 5.207337508748277610e-01 6.194944526618456626e-01 6.402072263767836224e-01 7.791886181295113456e-01
3.608800181218745351e-01 7.148802551041223419e-01 8.650433175099021543e-01 7.956097906066822434e-01 7.830689217561682680e-01 5.693049304470371164e-01 0.000000000000000000e+00 6.375411590094267611e-01 4.273386082302603750e-01 6.321234620570873597e-01 6.398594123169074610e-01 5.161325612689600106e-01 4.096859229521858659e-01 2.176138529172113312e-01 7.873082381513175632e-01 5.070896139054194007e-01 5.168456955024690602e-01 7.608121233343320133e-01 6.570472105141762498e-01 5.715804497655877503e-01 4.831208582598082169e-01 2.984614904407443259e-01 5.288849063288727503e-01 6.650018690427700330e-01 6.421501554603336048e-01 4.176094389882890612e-01 7.867280594770607038e-01 5.575836102225969482e-01 2.501071144441709415e-01 2.873314619634522726e-01 4.130951138548658585e-01 4.665254293021664500e-01 6.445032208513187255e-01 7.530657951317720755e-01 1.159581925263393209e-01 7.692741007119008323e-01 4.006408665013639903e-01 6.136767573473927984e-01 7.208884697627161442e-01 5.437589009889258751e-01 5.674669622255941182e-01 4.039906643281596654e-01 6.910314802402395262e-01 4.112560208802373829e-01 8.089981385476222586e-01 6.112357371093990466e-01 7.112156882656844870e-01 5.698607874013011942e-01 6.920110673462352979e-01 4.160356772863161856e-01 7.323499123925499843e-01 7.829459621564315297e-01 5.244174216232798669e-01 8.307415627639189726e-01 5.064882254025636632e-01 5.083887195977455642e-01 4.802372004412591711e-01 5.729391234267826594e-01 2.485297515585623285e-01 6.207933312690808725e-01 7.304022650068303646e-01 3.217987293726337628e-01 4.475842422900089268e-01 5.585825791390494066e-01 8.257870201061466575e-02 3.194294726718746036e-01 6.470270292408614177e-01 5.503152481327999723e-01 3.673089943028324811e-01 3.433931251602110324e-01 6.266500837996241691e-01 6.872604346781767681e-01 4.342826674773262452e-01 4.917944234697155803e-01 7.058126313670575191e-01 4.796711641037414431e-01 6.262485179671867241e-01 1.459185283236358044e-01 5.814453657997198377e-01 2.785683926399938892e-01 3.937394042163568919e-01 7.349575633108175188e-01 8.435273710322960250e-01 7.426176307065526228e-01 6.598231898826670827e-01 4.819987094678275241e-01 6.329245760422651523e-01 7.679608102505467437e-01 7.691827002068123420e-01 3.647439629036380859e-01 4.296668793220738136e-01 7.485813632442303023e-01 4.676016628972660127e-01 4.513696538600395769e-01 5.866019501434649452e-01 7.190983234625418774e-01 5.621542943277549886e-01 6.528327995008450513e-01 6.370140888667805701e-01 8.038531853354725643e-01
3.182999206322529306e-01 7.543937002165316263e-01 3.158582451526334434e-01 4.339652803756748334e-01 5.157805156095860433e-01 5.948931203072516105e-01 6.375411590094267611e-01 0.000000000000000000e+00 4.586531559175248129e-01 2.801889513421569888e-01 2.455085989304108263e-01 2.393354720561476912e-01 4.115543908383083038e-01 4.962393327029648304e-01 3.483560830222697802e-01 2.053135207894494496e-01 2.036313227734978248e-01 1.677167766093715928e-01 3.966188604363564130e-01 6.087863006881736316e-01 1.586896997902340067e-01 4.294238103213853797e-01 1.888691988897302221e-01 1.646644354432723056e-01 2.841184694316351012e-01 2.922243768095886263e-01 3.026214160779926998e-01 3.049614944842364284e-01 4.380504728355041344e-01 3.783410458983847424e-01 3.532347614236669986e-01 4.928619750765756424e-01 1.237945636703296493e-01 2.906609493511151388e-01 5.232248999666957445e-01 2.194593947610723739e-01 3.218857647865467908e-01 2.850117781096864200e-01 3.457391627832630543e-01 1.358997145876490731e-01 1.446744242265662894e-01 3.484720754878463667e-01 4.237430740936575790e-01 3.553689105500624223e-01 3.737850983975487540e-01 1.092412811665678246e-01 9.451638730509492881e-02 3.025723812547189695e-01 2.410753124967790206e-01 2.331944020452794142e-01 4.650615062459680371e-01 3.035829405474131937e-01 2.143783706227171404e-01 2.774438024096525512e-01 5.320764152627781574e-01 5.550392506729809883e-01 2.298633243418468919e-01 1.400317509337618560e-01 4.629168860176656186e-01 3.273420948066042557e-01 3.688059170642420947e-01 3.934241856148829042e-01 2.720086767587986398e-01 2.000806578594283569e-01 5.829422554632396336e-01 4.519998650531027451e-01 6.850293062397508903e-01 2.388737983696838929e-01 4.179186109637277879e-01 3.185458233443007048e-01 7.950363842216048860e-02 2.280806226499015876e-01 4.545906062706047135e-01 5.173826133299301855e-01 7.574555858399352470e-02 3.545904015207322901e-01 2.395678148833436383e-01 5.428318235228627442e-01 7.212555378153370778e-02 3.589727663694329829e-01 3.892373015865747132e-01 3.098638742688585856e-01 3.301159299950818249e-01 4.753292245599704535e-01 2.029935286932513516e-01 1.660668054643028302e-01 3.656361698956829831e-01 2.993315116025520028e-01 2.451614874266549171e-01 4.206494936688225383e-01 2.260109021138624052e-01 3.952158561718777663e-01 3.032824563555943098e-01 2.885618981661227656e-01 2.501022335305684852e-01 1.589462258434802822e-01 8.545050343186300079e-02 3.005582627619656777e-01 1.890585530475210330e-01 2.851055579827537767e-01
2.989734408834814894e-01 3.101803155503027876e-01 7.508346673492694023e-01 7.086986464511664252e-01 7.167906350180131003e-01 4.151966327698061177e-01 4.273386082302603750e-01 4.586531559175248129e-01 0.000000000000000000e+00 5.527355871741637117e-01 5.434759537135135377e-01 2.248813017536472614e-01 2.374647243946212960e-01 2.532065297662736691e-01 7.134410048263735149e-01 4.225157259462187787e-01 3.100863428077342276e-01 5.965407392316518509e-01 5.915976924870938181e-01 1.645729160219446263e-01 3.507929624559039117e-01 1.572885464376393982e-01 4.160912820994012717e-01 5.405001038453334239e-01 5.574912071595953256e-01 2.518524946979573964e-01 6.813897138544177112e-01 4.886966291400220985e-01 2.812632652444975179e-01 1.763704450339725061e-01 1.299307291552724009e-01 3.054771567763725493e-01 4.893567141753576433e-01 6.789461174603708127e-01 3.130223491875291919e-01 6.397884088363645638e-01 2.300802748410088749e-01 5.318773319503241614e-01 6.339773256072005481e-01 3.227534413298757676e-01 4.583000606794810361e-01 1.371587153416979621e-01 6.247531935020845806e-01 2.884131983909363206e-01 7.287593654509737506e-01 3.744511804074891481e-01 5.531695432226196862e-01 5.035825006631460266e-01 5.920111068389198872e-01 3.313767289855778508e-01 6.660716256543949276e-01 7.088262844850298228e-01 2.580304867331996710e-01 7.100280751974114013e-01 3.523799277253326645e-01 9.928520010541082297e-02 3.466073707594434783e-01 4.037237996977285359e-01 1.872932873701483869e-01 5.414054563861572245e-01 6.435392831397337421e-01 2.296468016070279672e-01 3.768584473772292887e-01 4.739236308383111274e-01 3.676195437429191637e-01 1.079091355583857714e-01 2.408159215735220515e-01 4.709273732498762133e-01 1.481854434418634348e-01 2.430529937881266977e-01 4.816080255575829749e-01 6.107975256652574680e-01 2.801743698000951355e-01 3.376861257924845816e-01 5.061180303528597380e-01 2.419177371317550174e-01 5.363533731441394448e-01 3.092389299935731639e-01 4.010847366944050862e-01 2.461069260640723899e-01 7.215977373027819552e-02 6.572841329289574874e-01 7.354455028864245181e-01 6.763393439683975661e-01 5.486382005178996879e-01 3.792358908977935816e-01 5.666462893041100957e-01 6.938411325791454809e-01 6.474763592805161672e-01 8.786325269167707952e-02 2.869999702954537657e-01 6.639224149434920230e-01 1.553706995619304754e-01 2.055774845169125453e-01 5.019430018427266660e-01 5.785609303464990250e-01 4.353232928137141244e-01 5.681738512001067720e-01 5.163102641703123385e-01 7.019915344832883264e-01
2.754321068360488511e-01 8.516365574237663161e-01 2.773061671847348864e-01 4.102217592867923313e-01 2.761737734156342050e-01 6.353165995670901900e-01 6.321234620570873597e-01 2.801889513421569888e-01 5.527355871741637117e-01 0.000000000000000000e+00 2.447646477305975843e-01 4.715709460711052237e-01 4.870074473737349141e-01 4.985898587426942363e-01 1.866687294056582902e-01 1.813310427744864728e-01 3.076120217252291678e-01 1.703194742940190021e-01 1.635987083067161341e-01 7.060291578954082103e-01 3.375489229170663963e-01 4.222626589858848312e-01 1.570062915933910785e-01 1.856444715049210548e-01 2.610983747778469199e-01 3.936699450658951438e-01 1.810010657021495772e-01 1.499859683742199024e-01 4.065170263714587562e-01 4.013735033384385753e-01 4.922314355666774777e-01 5.332854543364142774e-01 1.587707869629806368e-01 1.622797208045657358e-01 5.178072030143563431e-01 1.817240053991118487e-01 3.424531387927770010e-01 1.130750146476407481e-01 3.528093118971804554e-01 3.946678867624581200e-01 2.635153814247198079e-01 4.425640650325436964e-01 1.735824947282003927e-01 4.193971353758047527e-01 2.045524327450473911e-01 2.939598888231756968e-01 2.309485577908060860e-01 9.936772722446968187e-02 9.202509945242699774e-02 2.641266042636100098e-01 2.245295102075258731e-01 1.952088118312640119e-01 3.885579258133158853e-01 2.307555948701103810e-01 5.724998945226166258e-01 6.471799409705432105e-01 2.358223729402081914e-01 2.090748748372334986e-01 4.748826063320180646e-01 8.578688950796167778e-02 3.455513288539656669e-01 3.477221361801339228e-01 1.863780335972831936e-01 2.019656253893284958e-01 5.775245585109000102e-01 4.776183187283815634e-01 7.822721634469856911e-01 8.180821392428749839e-02 4.583420902235666450e-01 3.589693026041394508e-01 2.595405567620786558e-01 1.013205858767626810e-01 4.959413812977275238e-01 5.578060925897686539e-01 2.245988157752996373e-01 4.593514567631906687e-01 2.969985478384754574e-01 5.374141265705231207e-01 3.399154997657826693e-01 3.535550694170936370e-01 5.081094601831291913e-01 1.305118575082424015e-01 2.389503198750743962e-01 2.347048251212998926e-01 1.559510435983799126e-01 2.543466562089691796e-01 1.074082943562684189e-01 1.802236599253796423e-01 1.691967323130038614e-01 4.972904811638769740e-01 3.668202747670429864e-01 3.619714446635392546e-01 4.918972133660780566e-01 4.104828492858240696e-01 1.785962320123200553e-01 1.932794706979668320e-01 2.907328752838304609e-01 2.586284181315791630e-01 9.710904315208274129e-02 2.163030900226836917e-01
3.180647913666673765e-01 8.356709955109213883e-01 3.611168330032974438e-01 2.316786689373276920e-01 4.139652837099674354e-01 6.065210654779080723e-01 6.398594123169074610e-01 2.455085989304108263e-01 5.434759537135135377e-01 2.447646477305975843e-01 0.000000000000000000e+00 3.818691586003893357e-01 4.520243597598379570e-01 5.063258090025143376e-01 3.170239380723486322e-01 1.731185368820198356e-01 4.121773664996911668e-01 3.047027038875343430e-01 2.948036285367378051e-01 6.900635959825633936e-01 2.181446685505472605e-01 4.813426286919067487e-01 3.153255167019227145e-01 1.480672996376337647e-01 1.452604471923635843e-01 3.236462257346161553e-01 3.301883619393948255e-01 2.784509248077005061e-01 4.403687261429848898e-01 3.899322069646595224e-01 4.135452245582411646e-01 5.044899202472321598e-01 3.669020884303658137e-01 2.694145834475082935e-01 5.255431532741764444e-01 2.540004015042930385e-01 4.298831497165920834e-01 1.316896330829568362e-01 1.349075074509401839e-01 3.038945220198110975e-01 1.065051120617117875e-01 4.799813539505065063e-01 3.202341168308506791e-01 3.698599500040661847e-01 3.395232386267719726e-01 3.274665565522099087e-01 2.441747635563384367e-01 2.007571493551003616e-01 2.647500576405175665e-01 2.240641974955454030e-01 3.632462743463493737e-01 2.872102501114797701e-01 3.921502767155248259e-01 3.445075849886691244e-01 5.437043604334345082e-01 6.331894324659208539e-01 3.497778394153840953e-01 3.705980568934558739e-01 4.745080470839403430e-01 2.664379052713536922e-01 2.009098465739659334e-01 3.963274249481231748e-01 2.684524153791478240e-01 1.199980537331541142e-01 5.852605087707203335e-01 4.636278102237593179e-01 7.663066015341407633e-01 3.137940312323847514e-01 4.295465561343843608e-01 3.301737685149572221e-01 1.801139236919380160e-01 1.924811012085875517e-01 4.671458472085452951e-01 5.290105585005866473e-01 2.835614791257967116e-01 3.950603704422618878e-01 7.401294604144006972e-02 5.451500768303434441e-01 2.180883293828472236e-01 3.612910196769136828e-01 4.821897030022307407e-01 2.737011405046905765e-01 3.861505764525028916e-01 3.734943950694715742e-01 1.006525449403941896e-01 1.669810288624629102e-01 2.525075715975431123e-01 2.786518578272331736e-01 3.224277950287272043e-01 4.766175857294269735e-01 2.646907576623013791e-01 1.775894540159065893e-01 4.132110023576417435e-01 4.484027489473567663e-01 7.130276626943606033e-02 2.159932958107897705e-01 1.601706334278572008e-01 6.571452334830257813e-02 3.237621914971271497e-01 3.017446340513936787e-01
2.275283136873295919e-01 5.206218460526541580e-01 5.428565009025996257e-01 5.619623427647422176e-01 6.181628659631782652e-01 4.337617626972015694e-01 5.161325612689600106e-01 2.393354720561476912e-01 2.248813017536472614e-01 4.715709460711052237e-01 3.818691586003893357e-01 0.000000000000000000e+00 2.246160679662081716e-01 3.587475393192364193e-01 5.521252903685972546e-01 3.089238072496769960e-01 1.788477913175902656e-01 3.935105444413879994e-01 4.931688362655119451e-01 3.750144465242960523e-01 1.741196509137662995e-01 2.176710708282156848e-01 3.216369044885451500e-01 3.502029420772704293e-01 4.121155318207024298e-01 1.350182905477978479e-01 5.216638328884363185e-01 4.047453278890408290e-01 3.045862411844272866e-01 2.540956661666471383e-01 1.223311046052873718e-01 3.339187344896999976e-01 3.241093028701736989e-01 4.944301566974426687e-01 4.032489192755736029e-01 4.318102423896948427e-01 1.345633008400144714e-01 4.097564852462546869e-01 4.787860585928016000e-01 1.067115880018079527e-01 2.966932655663567786e-01 1.121418969408003591e-01 5.261254244472497454e-01 2.278438710989469373e-01 5.775543057438764505e-01 1.827079723507157860e-01 3.338518593612426200e-01 4.049547316083111914e-01 4.513194753730807030e-01 2.177848102890360960e-01 5.674438565995600925e-01 5.073521478937408347e-01 8.953036531086472349e-02 5.069978804071476608e-01 3.656621628582138461e-01 3.212673965091034645e-01 2.450539075971402136e-01 2.770712481099655844e-01 2.782326181846599411e-01 4.656863088447849020e-01 4.968029794533094790e-01 2.204744349542262782e-01 2.994249485289871560e-01 3.280777202484957966e-01 4.574495139856152859e-01 2.430127924381623172e-01 4.512574520758735330e-01 3.952082257085040018e-01 2.030027467244893691e-01 1.943004436125630729e-01 2.736298591109131428e-01 4.318498299962290621e-01 2.877080127070023585e-01 3.688845396748589578e-01 2.991499865831088734e-01 1.676520786486321302e-01 3.759283745533221199e-01 4.105630821496671357e-01 1.931065702477352264e-01 2.398738113309056286e-01 1.529071230395288028e-01 5.136330816151860601e-01 5.491583468055256656e-01 5.777115749135626199e-01 3.774855285797625859e-01 2.337996407851122838e-01 4.680185202492752050e-01 5.031007189488795328e-01 4.642039042370985080e-01 1.897458368504429393e-01 1.239979604173819527e-01 5.196168554682374374e-01 7.047537128610019408e-02 6.653359034696741670e-02 3.632856765057602688e-01 3.705827638998294149e-01 2.427036968943120376e-01 4.238682917248521864e-01 3.817846519343894851e-01 4.940133680366183833e-01
2.196863537124343346e-01 5.223343506586243246e-01 6.690023271037742747e-01 6.139622915743273568e-01 6.339658408111861210e-01 2.240222021221159321e-01 4.096859229521858659e-01 4.115543908383083038e-01 2.374647243946212960e-01 4.870074473737349141e-01 4.520243597598379570e-01 2.246160679662081716e-01 0.000000000000000000e+00 2.503859305268650859e-01 6.308160169630234737e-01 3.255271752146022268e-01 3.858350974286341439e-01 5.756108774396996308e-01 5.087728982802668387e-01 3.786426890284930180e-01 2.593413685022282200e-01 2.371269030399919542e-01 3.837688916455201382e-01 4.490485098916578433e-01 4.605026564279788293e-01 1.415304086035861497e-01 6.372282223202045959e-01 4.124675955392444471e-01 2.586189838013921993e-01 1.223544609887336071e-01 1.258484703939535265e-01 1.192491159751107310e-01 5.017510644467577663e-01 5.847314332859865349e-01 2.953696639094547383e-01 5.608849295806590529e-01 3.035454553818764389e-01 4.348887812187076096e-01 5.392409707303613686e-01 2.756546762506592585e-01 3.668484667258053444e-01 2.534965159512508892e-01 5.419283992952576012e-01 1.041932849949334383e-01 6.533153175174466476e-01 3.792595041822842128e-01 4.941747557796044021e-01 4.207577064563190472e-01 5.468950526628828523e-01 2.343881782539612990e-01 5.832468314475680593e-01 6.125249585653743667e-01 3.018544090954228820e-01 6.511593131419946001e-01 1.559226022831282643e-01 3.198657506712313525e-01 3.401349026254492092e-01 4.328368256109729195e-01 2.132503546001185968e-01 4.756773165857283714e-01 5.487547659744755890e-01 2.494659163061333784e-01 3.042341941422402329e-01 3.769350801066945755e-01 3.550870194059985163e-01 1.572059199648309646e-01 4.541587048411870886e-01 4.051992334494474712e-01 9.868470459543619844e-02 1.280381447695955188e-01 4.096091513135440842e-01 5.138089749336410827e-01 7.796845213191672119e-02 1.582126971396591308e-01 4.787419014941025064e-01 7.484364375117419366e-02 4.441761148543528770e-01 3.096968172643516093e-01 3.442119220734586871e-01 1.805207703627489946e-01 1.922879182810196264e-01 5.837908451608048166e-01 6.951774764931293316e-01 5.935145497615704757e-01 4.571866065642241073e-01 2.870586326080069584e-01 4.838214950972830608e-01 5.975398066594898028e-01 6.240666855234598964e-01 1.504683202623398330e-01 1.955483763417781573e-01 5.669338642118754157e-01 1.937797461976192570e-01 2.911496583131755744e-01 4.049544511111101697e-01 5.031449643114297432e-01 3.438716988600383773e-01 4.711853004684903312e-01 4.918980741834282355e-01 6.160871260424488627e-01
2.283723271053843262e-01 5.413761168074485708e-01 7.315097141955090310e-01 6.620761872922890090e-01 6.495353184417751446e-01 4.100049380217164474e-01 2.176138529172113312e-01 4.962393327029648304e-01 2.532065297662736691e-01 4.985898587426942363e-01 5.063258090025143376e-01 3.587475393192364193e-01 2.503859305268650859e-01 0.000000000000000000e+00 6.537746348369242178e-01 3.735560105910260553e-01 3.894473102431309508e-01 6.272785200199390010e-01 5.235136071997832374e-01 3.980763114689138682e-01 3.375496329127307682e-01 1.704236468543228467e-01 3.953513030144795160e-01 5.272567743021603359e-01 5.086165521459404815e-01 2.720382136412117791e-01 6.531944561626675805e-01 4.240500069082038248e-01 1.541310160240431104e-01 1.280314695381314927e-01 2.496665512431696099e-01 3.072254368768456145e-01 5.130868964284589495e-01 6.195321918173789522e-01 1.229801818460620616e-01 6.357404973975075979e-01 2.735917433437372037e-01 4.801431540329996750e-01 5.873548664483231319e-01 3.981876756418484820e-01 4.339333589112008838e-01 2.517241619654435603e-01 5.574978769258465139e-01 2.656847955331600453e-01 6.754645352332291353e-01 4.837653728466838610e-01 5.723830201901070058e-01 4.363271840869079599e-01 5.584774640318422856e-01 2.825020739719230067e-01 5.988163090781570830e-01 6.494123588420384063e-01 3.905349930045832751e-01 6.972079594495258492e-01 3.471882329772428832e-01 3.348845813010716821e-01 3.488208760183991730e-01 4.415227990039227723e-01 8.628654355493710348e-02 4.872597279546877491e-01 5.968686616924374633e-01 2.009749060388273112e-01 3.140506389756156924e-01 4.250489758246562833e-01 1.484422019311119056e-01 1.459253343752007492e-01 4.735228909441877021e-01 4.167816448184067379e-01 2.038804316911361492e-01 1.978218998131336115e-01 4.878174157240465769e-01 5.537268313637836448e-01 2.749826750520054097e-01 3.324944310443948003e-01 5.708305113534746233e-01 3.249383322180157130e-01 4.927149146527936008e-01 7.458440678592087592e-02 4.358741404526424446e-01 1.479235003387457115e-01 2.212007129216226331e-01 6.014239599964242844e-01 7.099937677179030127e-01 6.090840273921594994e-01 5.262895865682739593e-01 3.484651061534341787e-01 4.993909727278720290e-01 6.344272069361536204e-01 6.356490968924192186e-01 2.013154002919417818e-01 2.840956539749964205e-01 6.150477599298370679e-01 2.981426123191350253e-01 3.195283634236065762e-01 4.530683468290718219e-01 5.813532287219324024e-01 4.220799632705410365e-01 5.192991961864520389e-01 5.034804855523875577e-01 6.703195820210795519e-01
4.564635523770321779e-01 1.003806358563516188e+00 1.865365504414408238e-01 4.935761818699795911e-01 4.332120205049808104e-01 7.791251691563787496e-01 7.873082381513175632e-01 3.483560830222697802e-01 7.134410048263735149e-01 1.866687294056582902e-01 3.170239380723486322e-01 5.521252903685972546e-01 6.308160169630234737e-01 6.537746348369242178e-01 0.000000000000000000e+00 3.052888417484210803e-01 4.243497122075597927e-01 2.192989788391659089e-01 3.354007557186551303e-01 8.605065532249814853e-01 4.051426499804910986e-01 5.829680766380943568e-01 3.046878653873968945e-01 2.107096810686273081e-01 3.503160340761235503e-01 5.242861758099944813e-01 1.456030067481682011e-01 3.267079413296095081e-01 5.875484719124419719e-01 5.518809587472199851e-01 6.169261406803623338e-01 6.770940239257029480e-01 2.632715727090154667e-01 1.178531971780005794e-01 6.729919791085862135e-01 1.807792188078506113e-01 5.000048777432929414e-01 1.959272357443157253e-01 4.355691498797930050e-01 4.532151305899773108e-01 3.274415624595410912e-01 5.964168745085624002e-01 3.328559180306620013e-01 5.613722047674224447e-01 9.948231428215045802e-02 4.079372491043271598e-01 2.773356489811137915e-01 2.543270875238864970e-01 1.373132503245789171e-01 3.964278387090619526e-01 3.908658889451128715e-01 1.050497360678707692e-01 5.052956162956464548e-01 2.257183980896558528e-01 7.163084641119052964e-01 7.976873963793243982e-01 3.848325385127819298e-01 3.258125653195641513e-01 6.300673824262479350e-01 2.593080628130960963e-01 4.347689881522423527e-01 5.179434893664440764e-01 3.674094791382666592e-01 3.079708944405654680e-01 7.327093346051301026e-01 6.281257741371627512e-01 9.359531327002553747e-01 2.684769433299458163e-01 6.021506598128549825e-01 5.027778721934278439e-01 2.784954312576842228e-01 1.299929784159199186e-01 6.397499508870161389e-01 7.016146621790572135e-01 3.032936264856821440e-01 5.977156222282722364e-01 3.910368841137887297e-01 6.925989026647532132e-01 3.590187201208620560e-01 5.087398455113237850e-01 6.675950191561487168e-01 7.427881240442661681e-02 1.612375413990178308e-01 3.917430722106465812e-01 2.200412138912518356e-01 3.676209789378413473e-01 2.644465414456150243e-01 7.224263134148070642e-02 1.744788207440073902e-01 6.477979365726580507e-01 4.724245888627485734e-01 4.453258672467265700e-01 6.060470674386402301e-01 5.374654926172165448e-01 2.542015790289797739e-01 2.080055807446385130e-01 3.182089262515857553e-01 3.392842098013802987e-01 2.065239846190463080e-01 1.632857913002427053e-01
1.796573899749824565e-01 7.066236565801624625e-01 3.647244896734574415e-01 3.193843637658469459e-01 3.175824941850185490e-01 4.738363274079575582e-01 5.070896139054194007e-01 2.053135207894494496e-01 4.225157259462187787e-01 1.813310427744864728e-01 1.731185368820198356e-01 3.089238072496769960e-01 3.255271752146022268e-01 3.735560105910260553e-01 3.052888417484210803e-01 0.000000000000000000e+00 3.027413156305351349e-01 3.290496099453010248e-01 1.935249112913063896e-01 5.633238512416275379e-01 1.641239291996537120e-01 3.485728302804183554e-01 1.697109057136641508e-01 2.224307479410661259e-01 1.647028413586971718e-01 2.306058405169044423e-01 3.150385836095574987e-01 1.293334943266891135e-01 3.075989277314964965e-01 2.572474688947090637e-01 3.242747254705820037e-01 3.718051821772815901e-01 2.735286976826856176e-01 2.592042580713840305e-01 3.927733548626882731e-01 2.686864857349261504e-01 2.903192562174276015e-01 1.093616060041053828e-01 2.575812555212949606e-01 2.553359465979385123e-01 1.187914564098537240e-01 3.798674836248628894e-01 2.255450526690901125e-01 2.563330308268141344e-01 3.277881423028444208e-01 2.789079811303373790e-01 2.689579269622818791e-01 1.043743598301514752e-01 2.363374681272022437e-01 9.113899696064090006e-02 2.668634848214005428e-01 2.869977833507717513e-01 3.435917012936522408e-01 3.611495057053393798e-01 4.110196223634839940e-01 5.005046943959705619e-01 2.041632284271255593e-01 2.496170093347651331e-01 3.418233090139899399e-01 1.869389500058158959e-01 2.529549509051939871e-01 2.635576265366347815e-01 1.228378043908893158e-01 8.263198675923988379e-02 4.524907103592318292e-01 3.309430721538088593e-01 6.387704307169014273e-01 1.687672851784707828e-01 2.968618180644339022e-01 1.974890304450067080e-01 1.843923224962214780e-01 1.882817997190387171e-01 3.344611091385948365e-01 3.963258204306360222e-01 2.748418243475854728e-01 2.962873522141999949e-01 1.630743988466555605e-01 4.123802784188550508e-01 1.695297539609746940e-01 2.285212212654253172e-01 3.929192039145715798e-01 2.616012064501578860e-01 3.729878377824821789e-01 2.771312031354030148e-01 1.778592097680962159e-01 7.592253883348502874e-02 1.674381484711155443e-01 2.720126314448872984e-01 3.053514920428417323e-01 3.506152345893042144e-01 1.938402216934332623e-01 2.711340491425938692e-01 3.239405032699825826e-01 3.583489667104747256e-01 1.046379700288939674e-01 2.590810253584350797e-01 1.226069829421746610e-01 1.753854853992086738e-01 2.597833954123231481e-01 3.053522907215537319e-01
