0.000000000000000000e+00 1.052241332595417633e+00 9.933934402567927702e-01 9.893620791589914365e-01 7.076528635912019416e-01 6.405733042564307755e-01 5.494106944615452237e-01 4.561257396390793750e-01 4.479268943292462613e-01 3.975381445483333054e-01 6.416697070800959635e-01 3.399045903883641806e-01 7.192090075598616128e-01 8.000168752688652241e-01 7.406141382852450272e-01 2.743951629906228318e-01 5.006851435150295737e-01 2.412457657001453870e-01 2.239055377371641786e-01 2.320016046950983679e-01 5.003815231268756714e-01 4.604915734582589182e-01 2.016811194960580478e-01 4.598427586430142711e-01 7.620057948787042346e-01 5.471728191213820480e-01 8.932838326873145940e-01 6.682612083925274504e-01 3.765777780787733509e-01 8.361698223460359847e-01 6.909068630971850755e-01 8.303163550587796538e-01 3.527804684339772012e-01 6.007525607501957854e-01 1.908768235925785983e-01 5.957046148083547932e-01 1.481453930530538532e-01 9.288772811120723505e-01 8.756367270445386541e-01 1.468204898821348081e-01 3.704955051622838003e-01 3.192370807199095273e-01 4.063282763173173273e-01 1.839444083276972064e-01 6.439138631713888783e-01 6.668691744469315008e-01 9.501675241605083144e-01 3.234105720201158607e-01 5.857427732465718684e-01 8.772732361471023976e-01 3.006169525828928935e-01 4.908869729269239035e-01 3.222568027419829839e-01 2.837215408532592908e-01 2.420303217698547282e-01 4.322682543338031147e-01 3.464361108917087262e-01 6.033213237569809984e-01 1.195923943442929460e-01 3.646946865202461141e-01 4.090171561492604302e-01 4.201227661216609954e-01 4.760747073187202583e-01 7.321374628803821727e-01 6.310042970129877693e-01 1.162066822878775330e-01 4.980078683362734182e-01 5.350461744213881321e-01 7.768893185442153904e-01 6.724707192593794014e-01 1.050656333032104622e-01 3.780563336197316215e-01 1.046328296104415828e-01 7.315739081053255211e-01 5.876285385739181688e-01
1.052241332595417633e+00 0.000000000000000000e+00 9.023385549209052003e-01 8.243176422173802420e-01 1.193823011449384186e+00 1.239987409540717289e+00 5.499010731653566353e-01 1.477411902063659577e+00 6.592604652258378106e-01 8.301778384727558358e-01 6.598232729132721408e-01 9.451205977606108588e-01 5.338861207334710812e-01 2.877930677211771870e-01 7.604292450466426656e-01 8.032663884435553570e-01 5.866196070988495270e-01 1.258896159319044639e+00 9.043511623316392578e-01 8.825428010115260458e-01 1.009799263389505652e+00 7.128544533527539917e-01 8.740168172175323269e-01 1.080789665659332988e+00 4.692043787721523751e-01 7.168553363249906552e-01 9.077065704200611984e-01 3.947280623668472099e-01 7.248257387836789523e-01 6.877290915044126374e-01 5.948301046984554308e-01 7.619015198315549631e-01 7.035675143617678984e-01 5.891139765320877464e-01 9.742830560401526396e-01 5.256637332507354543e-01 1.172824734366851196e+00 1.478049271732970738e-01 8.252402593672554243e-01 9.503237021827186659e-01 8.802830976159523590e-01 1.359518512959983161e+00 6.630139684084910279e-01 9.699348649864975025e-01 7.758571306953269131e-01 4.124348361422042752e-01 8.504840717386908944e-01 7.905524411509707861e-01 1.069175215549169611e+00 8.679252477374209684e-01 8.501449981758998353e-01 5.627522587968654122e-01 8.448360191483679227e-01 8.765373982154779364e-01 8.117750811986670367e-01 7.350124919927966127e-01 9.693571604553528065e-01 5.376863567850344028e-01 9.923322391814929366e-01 1.382345080139145477e+00 6.916967459603293733e-01 6.986941563438269220e-01 6.179888926631396107e-01 7.950211824872848165e-01 5.320597481693651876e-01 1.137937955654704680e+00 6.100305847104117163e-01 7.268161741670865483e-01 6.566803782027345049e-01 5.696727931285702207e-01 9.471756992922072405e-01 7.883979491010084661e-01 1.008767214865367023e+00 5.936742870420889107e-01 4.959293241424318488e-01
9.933934402567927702e-01 9.023385549209052003e-01 0.000000000000000000e+00 9.406541428053140086e-01 1.341605411602438069e+00 1.393480922027328761e+00 5.391351213023805045e-01 1.432155839783668450e+00 7.579316045465714913e-01 9.425708918870647768e-01 3.669502703939074295e-01 1.062825212873708791e+00 6.318023799759796555e-01 6.282722158990142747e-01 2.793604947949113737e-01 7.189982772661697163e-01 7.867844528440849361e-01 1.221490604740008257e+00 1.090810626367149316e+00 8.742852070564276490e-01 1.158432727870776668e+00 5.664977323586506408e-01 9.082775732805716817e-01 1.241388272650337354e+00 4.633585223524662178e-01 4.495715854323379390e-01 2.414030552822545028e-01 6.476090666022702447e-01 9.103250631535693138e-01 8.196418371989291352e-01 3.372341048431130583e-01 1.737043985517149058e-01 7.796962767324511212e-01 5.373888622163519591e-01 1.047613093510219695e+00 6.913903168571878810e-01 1.125987308376310336e+00 7.697232974832506347e-01 1.476367207410977100e-01 8.559873392985092311e-01 1.051229034190334533e+00 1.306769779389221453e+00 6.078655860438061387e-01 1.035366855339681758e+00 3.850504255088424421e-01 5.350573097240636233e-01 1.301927800676430380e-01 7.222622608306269454e-01 1.215379166288848678e+00 2.443903965046909932e-01 1.035026890273159195e+00 6.620434016328573534e-01 9.450309347361174339e-01 9.601651884716335683e-01 7.879416592593758706e-01 5.751599667794088377e-01 1.142042541590015725e+00 6.201467078491897933e-01 9.672820029925557339e-01 1.344906423506748050e+00 8.757393603325157594e-01 8.580493999117129178e-01 8.065653152464725695e-01 2.876626823662994936e-01 4.456642002836903593e-01 1.102360114901205668e+00 6.387584076910663988e-01 4.640010264429343390e-01 2.487564082608134108e-01 4.139577539321199207e-01 9.232637905052263338e-01 9.538235257936670264e-01 1.085498575084005157e+00 7.304693805755931857e-01 7.233167935975547413e-01
9.893620791589914365e-01 8.243176422173802420e-01 9.406541428053140086e-01 0.000000000000000000e+00 1.174664713130018079e+00 1.181100127343081230e+00 6.761909948478551646e-01 1.439504335092361309e+00 5.491890907173851977e-01 8.255038856083756205e-01 6.502687112701247552e-01 8.731008681539136340e-01 3.092933597459401329e-01 5.846595981045973334e-01 8.365415633464505785e-01 7.857580930283055709e-01 6.012702248974940433e-01 1.223570527498609284e+00 8.671879099915436040e-01 7.718924628373594610e-01 9.829155866310118617e-01 5.898355404187866080e-01 9.068713776866148546e-01 1.022745643339305177e+00 5.057856629456035646e-01 7.882447423442383583e-01 9.316565751319811906e-01 4.781165864431239365e-01 6.758946904828367908e-01 1.759475941212769179e-01 6.818077879843331690e-01 7.958990045351821419e-01 7.568628526927125844e-01 4.840502805231990391e-01 8.801246418955186446e-01 4.474215906882493821e-01 1.131621327495225815e+00 6.987077511888984960e-01 8.807580685601898995e-01 8.593481233438630129e-01 8.510881080994258108e-01 1.307600857936927374e+00 7.403270787361400096e-01 9.911116837123048473e-01 7.839173569276777220e-01 5.645266710958087852e-01 8.881257958162027677e-01 6.764145190334087676e-01 1.051253830565280767e+00 9.397807248878429220e-01 8.004705904792515092e-01 6.260364890877609945e-01 7.609463337492639035e-01 8.841437775391585152e-01 8.727814860587064238e-01 7.083916138176374888e-01 9.171094787099379753e-01 3.909812860946558222e-01 8.822608646730401016e-01 1.347019448318710122e+00 6.950000755858440904e-01 6.112050909608821581e-01 5.871176893389685736e-01 8.014340011615577186e-01 6.617727917212027355e-01 1.098759919742635427e+00 4.958926625928499754e-01 6.894006294421066716e-01 7.052936190847658438e-01 5.426864242695221829e-01 9.824749060308686222e-01 7.644890428012350858e-01 9.652932124215742871e-01 2.607152834696597754e-01 5.357855102010720127e-01
7.076528635912019416e-01 1.193823011449384186e+00 1.341605411602438069e+00 1.174664713130018079e+00 0.000000000000000000e+00 8.908822366645003932e-01 8.227592397230926169e-01 1.116916792828108074e+00 7.282581764679543213e-01 4.073753417336751781e-01 1.054977506342148263e+00 6.224374023225919261e-01 9.092713867606554423e-01 9.704276327908596400e-01 1.103489083602621879e+00 7.070105291843075124e-01 6.238042404787489392e-01 8.935609614496949904e-01 4.884779174546035607e-01 6.777379877208423720e-01 2.177605521136302125e-01 9.065246920737451974e-01 5.891360501208663392e-01 7.276961929617209446e-01 9.330281875951441650e-01 9.169035117088518705e-01 1.289127853538481805e+00 8.012533050779705457e-01 5.206085006621635758e-01 1.029090658287729942e+00 1.013756095086030040e+00 1.221404186453841856e+00 5.761807798058732333e-01 9.309476688952922352e-01 6.362330803286859737e-01 7.307370043330053688e-01 8.294869598285212753e-01 1.068853973391107770e+00 1.229542892914864183e+00 7.726908032174276686e-01 3.385714603215201901e-01 9.894474383343792034e-01 7.337398255586321527e-01 5.640928560779602252e-01 1.046718264908571561e+00 8.867246903433076977e-01 1.298379495506153614e+00 7.640803119562685763e-01 1.347089847849982369e-01 1.238406716168862109e+00 4.945422845705537696e-01 7.079213294422317393e-01 5.857099925074727986e-01 4.761767571924337417e-01 6.167290863123010558e-01 8.306404841059408239e-01 6.132768497295345567e-01 8.477272918596000517e-01 7.496647894737756834e-01 1.017009882269795940e+00 5.133846411035477564e-01 6.265130801473142164e-01 5.875470237910496163e-01 1.135913453618894620e+00 9.325436026342558415e-01 7.690448928513160531e-01 8.468634139908630676e-01 9.401617837367103325e-01 1.119441583453649081e+00 1.034403115092054959e+00 6.812814319906631555e-01 4.247523670918760264e-01 6.255070134621083522e-01 9.300388852279861673e-01 7.108912793325844470e-01
6.405733042564307755e-01 1.239987409540717289e+00 1.393480922027328761e+00 1.181100127343081230e+00 8.908822366645003932e-01 0.000000000000000000e+00 9.390765659547256616e-01 1.058694999842357376e+00 6.668309351693026965e-01 6.344481107294528410e-01 1.032619415447846301e+00 3.529918484693259639e-01 9.158038348722091770e-01 1.016022391002159964e+00 1.205133104333208749e+00 7.870269315371346552e-01 7.095135375008888579e-01 8.353391684639448478e-01 5.007517724824812611e-01 5.812052894066918052e-01 6.873510533119429056e-01 8.429000942315683087e-01 7.508010188361834425e-01 1.979396761006176619e-01 9.630637302225687479e-01 1.011691785169345659e+00 1.312843977539424500e+00 8.565201767111999542e-01 5.151616707570387810e-01 1.029520221188338747e+00 1.137216349380961056e+00 1.226154484896736729e+00 7.094472262771039928e-01 8.991939465196367998e-01 4.804970238759626033e-01 7.337755705533229866e-01 7.708444895885804282e-01 1.114448731602408094e+00 1.340707227818784597e+00 7.179163608611204284e-01 5.533419200979406982e-01 9.304550011913479413e-01 8.670062720298628012e-01 6.339927942641194747e-01 1.070229402295118870e+00 9.622620667678947193e-01 1.349666282889853797e+00 6.929834708896258633e-01 7.685891881822286553e-01 1.335033799774858920e+00 3.968175492144188632e-01 8.198058716137041069e-01 4.669092043039264062e-01 6.330336476863082096e-01 7.530329730582485670e-01 8.933607873369284746e-01 2.970343475870300121e-01 8.281500872534288682e-01 5.933973990642040786e-01 9.587880892840453528e-01 6.121142771832820406e-01 5.780200191797062459e-01 6.308094686518921357e-01 1.144173680004639371e+00 1.048860928865888553e+00 7.108031646724085606e-01 7.865961100829060859e-01 9.440381002433423374e-01 1.178235455452228297e+00 1.028873790926490894e+00 7.234966081900783275e-01 5.397808187686111703e-01 5.359404746459893731e-01 9.258283245177169052e-01 7.724771983574416634e-01
5.494106944615452237e-01 5.499010731653566353e-01 5.391351213023805045e-01 6.761909948478551646e-01 8.227592397230926169e-01 9.390765659547256616e-01 0.000000000000000000e+00 9.808558949272750960e-01 4.652600955282895634e-01 4.237247200077191578e-01 3.698427541981740285e-01 6.577788630280988480e-01 4.028860903880360222e-01 2.814875373123928992e-01 3.231520363662717110e-01 2.888942425848562423e-01 2.476493315417042651e-01 7.662682743074085145e-01 5.823252293459098006e-01 5.021733601625506527e-01 6.395865559914309939e-01 3.020135551132930307e-01 4.031310211916434016e-01 7.792256501435879112e-01 2.424480856319131405e-01 2.000396871897240358e-01 5.164302431123082293e-01 2.215650699636314280e-01 4.484786142817682730e-01 5.354057686301284535e-01 2.026341709574915606e-01 4.103053290678545517e-01 2.590299183946634387e-01 4.055136122133265464e-01 6.699924468406467382e-01 3.237854393402142539e-01 6.749583985271930819e-01 4.248882517370256573e-01 4.339104145041133842e-01 4.359901025688400766e-01 5.323828623109890801e-01 8.593239638617043985e-01 1.470651117226857152e-01 5.165206834603365271e-01 3.148357346912619148e-01 1.425845368901477728e-01 4.872806381201661985e-01 3.801054370037976748e-01 6.965329944095025594e-01 4.499968768337883063e-01 5.469248950462601844e-01 1.229082803304769322e-01 5.743533478027257333e-01 4.413190165922879493e-01 3.086649581218414706e-01 1.865576738683432378e-01 6.661370573257131555e-01 3.749454356979170511e-01 5.610186018702885136e-01 8.897171951275095747e-01 3.366042390301352549e-01 4.622207519619433991e-01 3.466788742300807025e-01 4.092246013978019237e-01 1.097843629111631414e-01 6.453100706430686673e-01 4.115775043555452983e-01 2.670150088654429932e-01 3.083196593251110729e-01 3.063757770319293083e-01 4.547629652446458781e-01 4.349773539143214074e-01 6.342821783454168916e-01 4.383229165902442492e-01 2.103007467318628310e-01
4.561257396390793750e-01 1.477411902063659577e+00 1.432155839783668450e+00 1.439504335092361309e+00 1.116916792828108074e+00 1.058694999842357376e+00 9.808558949272750960e-01 0.000000000000000000e+00 9.001394318801241301e-01 8.145401983570197402e-01 1.085185018210365282e+00 7.585850606215569503e-01 1.167322826001618852e+00 1.231462075734595318e+00 1.179501309837813761e+00 7.131575625174985111e-01 9.258557129832710730e-01 2.364835032965366401e-01 6.309736083897324876e-01 6.842141422459764311e-01 9.096454523637815814e-01 9.053594130580481236e-01 6.202052808042418652e-01 8.779644542289408715e-01 1.208607794208965247e+00 9.860599906739501153e-01 1.334450454323458768e+00 1.093431777860769394e+00 7.873051109313904394e-01 1.286312078279405968e+00 1.128614697208870643e+00 1.273831666189048750e+00 7.779510379022190891e-01 1.047354560080457020e+00 6.239660366728543295e-01 1.015778210725977848e+00 3.088634254826628789e-01 1.354047850580314627e+00 1.314523898597107276e+00 5.916883294819240691e-01 7.797594343991898214e-01 1.421273644942012138e-01 8.404243891174484338e-01 5.844680513590998494e-01 1.085080484807532608e+00 1.098314374912661595e+00 1.388929923687383994e+00 7.706622528002949890e-01 9.950067024834778895e-01 1.316160407699670909e+00 7.114949823561291797e-01 9.160575423951656804e-01 7.688741668451999356e-01 6.982536920725272989e-01 6.734755222355847115e-01 8.722467124007501349e-01 7.645578064776352711e-01 1.051435142198738237e+00 5.718049318951711202e-01 1.129241102532887175e-01 8.341877256175019850e-01 8.723353036725389753e-01 8.868020401713372358e-01 1.174275673517856111e+00 1.065453166185786227e+00 3.614935225260538232e-01 9.452595491164524910e-01 9.785240036356716020e-01 1.215651718071090848e+00 1.116716834185417673e+00 5.305834069221462279e-01 7.887836664723486546e-01 5.227545251963684469e-01 1.181716164038695727e+00 1.012799108042159668e+00
4.479268943292462613e-01 6.592604652258378106e-01 7.579316045465714913e-01 5.491890907173851977e-01 7.282581764679543213e-01 6.668309351693026965e-01 4.652600955282895634e-01 9.001394318801241301e-01 0.000000000000000000e+00 3.907186285899040268e-01 3.980907561802931038e-01 3.372181681136022235e-01 2.940448899909005598e-01 4.231580769845664225e-01 6.017888031115682379e-01 2.761039871205341889e-01 2.425981513409056767e-01 6.767836005017116019e-01 3.934767278716441163e-01 2.232823357856885127e-01 5.254616795883778613e-01 2.182337681785102568e-01 4.942774703098198885e-01 5.147382857923107347e-01 3.600044332167653960e-01 4.347960049359776979e-01 6.814433264465810103e-01 2.958458399488812507e-01 2.123357033648048675e-01 3.949414038062712407e-01 5.172989287523652724e-01 5.916258256291830886e-01 3.860552222578656489e-01 2.323630113503343808e-01 3.311736544183735420e-01 1.493916721719536211e-01 5.924924442240837585e-01 5.336505741973558425e-01 7.135323477475525866e-01 3.219902209844993091e-01 3.907178599013945153e-01 7.625600640707302924e-01 3.525440100777859631e-01 5.267177496532823300e-01 4.593513704203389114e-01 4.051646464829308236e-01 7.103948896666000268e-01 1.498981209611208731e-01 6.055738395460815715e-01 7.256702033830441101e-01 3.020991595104959293e-01 3.692476596028412272e-01 2.194238899760109773e-01 4.722164143615198428e-01 3.843612322326713238e-01 3.235479218610382013e-01 4.134054363288922063e-01 1.802362621512027807e-01 3.330717739556554036e-01 8.002325213218124400e-01 2.978968634683413219e-01 1.179235562832410961e-01 1.772127707966869026e-01 5.123614095867987661e-01 5.107161604012012690e-01 5.519729927457378560e-01 1.305175708257581835e-01 3.319868094432325001e-01 5.393855075176583469e-01 3.632043465718277631e-01 4.629761288346467829e-01 3.188090517820357239e-01 4.161041217041895890e-01 2.903454895655608881e-01 2.657699558282564656e-01
3.975381445483333054e-01 8.301778384727558358e-01 9.425708918870647768e-01 8.255038856083756205e-01 4.073753417336751781e-01 6.344481107294528410e-01 4.237247200077191578e-01 8.145401983570197402e-01 3.907186285899040268e-01 0.000000000000000000e+00 6.559429866267747489e-01 3.567666209260678123e-01 5.578601577821145074e-01 6.030095013024534545e-01 7.044545638872483639e-01 3.009102508723853764e-01 2.489006918876275065e-01 5.920680474622015410e-01 2.257009099452667589e-01 3.618914769829619793e-01 2.192172747304026448e-01 5.074901723583716828e-01 2.107890165685474548e-01 4.741654701259190308e-01 5.711902889914907133e-01 5.178689919934783559e-01 8.900933338231070691e-01 4.376081321013417513e-01 1.859188949947070957e-01 6.799298307660872620e-01 6.147215753706563035e-01 8.223696667384686743e-01 1.777485615250869178e-01 5.840357098595614360e-01 3.745883895002337649e-01 3.815761768113626329e-01 5.158047884062705313e-01 7.068137869894105529e-01 8.305083731994907792e-01 3.653154614837527681e-01 1.442020240506964868e-01 6.980674747315606110e-01 3.347053058432585826e-01 2.378889585086516600e-01 6.476837451931979350e-01 4.995952650369682724e-01 8.993449757907803210e-01 4.308026592136585675e-01 2.814618232224406769e-01 8.393721964534885949e-01 2.410115617347518835e-01 3.095826374500340039e-01 2.826486171916136603e-01 1.235927055959881588e-01 2.102401247555513997e-01 4.316059643905673093e-01 3.597461268937327539e-01 4.985664643379574823e-01 4.583642225460393682e-01 7.155169682823023791e-01 1.393277949563666573e-01 2.858758701461033835e-01 2.383861962694069914e-01 7.368789339035214381e-01 5.335090829188822159e-01 4.711098437978615827e-01 5.058591910152043791e-01 5.411272640213370400e-01 7.204070637382758990e-01 6.762576549228346279e-01 2.924725112451228570e-01 1.048333881256112987e-01 3.551110052676054729e-01 5.808780577063433759e-01 3.392526435816981545e-01
6.416697070800959635e-01 6.598232729132721408e-01 3.669502703939074295e-01 6.502687112701247552e-01 1.054977506342148263e+00 1.032619415447846301e+00 3.698427541981740285e-01 1.085185018210365282e+00 3.980907561802931038e-01 6.559429866267747489e-01 0.000000000000000000e+00 7.019637062942261085e-01 3.414169484407905131e-01 3.857569338913813262e-01 2.754349294063826448e-01 3.814745893962376844e-01 5.391518260265967255e-01 8.785307255162680962e-01 7.655429520548250322e-01 5.139539890807298672e-01 8.718048226104866405e-01 2.056362257791679582e-01 5.998648052728724478e-01 8.805267660708550048e-01 2.019600473732645618e-01 1.952403426821721077e-01 3.077343849567866774e-01 3.868466837585051721e-01 5.917793339832509991e-01 5.279356429699646469e-01 1.696656824881000447e-01 1.996238332633148704e-01 5.079032074679454833e-01 1.903075015386816171e-01 6.872818755345216912e-01 4.086985151824404361e-01 7.773020106132290108e-01 5.272080154756175752e-01 3.333697642916567117e-01 4.988084148741550039e-01 7.627840840845754311e-01 9.567357224200467858e-01 3.460048383789433579e-01 7.403370721295453594e-01 1.401355488398871862e-01 3.003307070487042374e-01 3.231356312564325206e-01 3.619310428549291636e-01 9.287512610285583170e-01 3.817968557266652740e-01 6.741653836936767341e-01 4.617822984092117555e-01 5.841694281566349733e-01 6.733524415958345166e-01 4.828904315833354999e-01 2.297444427326342520e-01 7.811810350105331535e-01 2.981012388044050332e-01 6.069507850168580632e-01 1.001946544283008445e+00 6.152289840954904276e-01 4.973671869016872416e-01 5.436052016264665276e-01 1.558546694641273767e-01 2.600583912870108594e-01 7.578763893679736352e-01 2.828277384642942649e-01 1.151047951790592078e-01 1.674928546088269021e-01 1.075822870006024612e-01 5.991798017962561840e-01 6.671956205333771095e-01 7.251673571083070424e-01 4.303260286438704840e-01 4.625544107537892802e-01
3.399045903883641806e-01 9.451205977606108588e-01 1.062825212873708791e+00 8.731008681539136340e-01 6.224374023225919261e-01 3.529918484693259639e-01 6.577788630280988480e-01 7.585850606215569503e-01 3.372181681136022235e-01 3.567666209260678123e-01 7.019637062942261085e-01 0.000000000000000000e+00 6.110815807401979161e-01 7.168494196782688732e-01 8.679499412466512576e-01 4.498437684505773304e-01 4.282158345742620442e-01 5.352292292431444221e-01 2.254087680311867015e-01 2.317888287009565729e-01 4.189062189700345495e-01 5.122443850779477836e-01 4.736411589283821555e-01 2.052325844134622879e-01 6.587798086771349260e-01 6.745086220827881673e-01 9.817302170076152024e-01 5.616533649310937459e-01 2.202948589769320453e-01 7.215209619991719281e-01 8.250622313761921678e-01 8.954987757431160933e-01 4.281495233504771791e-01 5.695811794639363823e-01 1.683525195525749640e-01 4.292067018405472112e-01 4.707345503677799470e-01 8.195819198223016633e-01 1.003524064732227439e+00 3.684999001553855846e-01 2.848970857560321202e-01 6.303450619705476266e-01 5.823908919832717634e-01 3.410312537125319565e-01 7.360864173138274014e-01 6.798025512402029458e-01 1.019010573736233827e+00 3.558003078030683164e-01 5.001443538403201883e-01 9.998975801598198876e-01 1.278951177520381288e-01 5.385081686870775153e-01 1.220008303067265099e-01 3.645888133443997980e-01 4.717352701316216979e-01 5.561776242503710943e-01 1.286683987725802669e-01 5.133377684343708447e-01 2.650431379728707681e-01 6.586781500632452602e-01 3.308165742566551160e-01 2.658137628865695490e-01 3.359426568717855388e-01 8.130599194728305168e-01 7.675632259392618506e-01 4.106932254516080238e-01 4.559404009292856719e-01 6.129243397115335945e-01 8.579320324217459826e-01 6.992610238707906989e-01 4.253794537986745339e-01 2.584831158419841901e-01 2.358305354251888641e-01 6.173704198940168641e-01 4.911794954308148498e-01
7.192090075598616128e-01 5.338861207334710812e-01 6.318023799759796555e-01 3.092933597459401329e-01 9.092713867606554423e-01 9.158038348722091770e-01 4.028860903880360222e-01 1.167322826001618852e+00 2.940448899909005598e-01 5.578601577821145074e-01 3.414169484407905131e-01 6.110815807401979161e-01 0.000000000000000000e+00 2.942280766206876175e-01 5.279568462225907588e-01 5.112034083031524734e-01 3.291206452899498869e-01 9.552965987542784143e-01 6.017945836221807454e-01 5.038844661750281340e-01 7.175222602616490031e-01 3.115841568992778199e-01 6.347217980790708092e-01 7.573523169699426516e-01 1.978463327069762967e-01 4.800631829943345918e-01 6.228048123026470595e-01 1.993354034914544826e-01 4.105013641134737101e-01 1.879135676859254866e-01 3.738684577457057068e-01 4.870472417058478998e-01 4.847132730851682614e-01 1.809277173443643583e-01 6.195230493625685231e-01 1.820282643188863847e-01 8.594398184044825806e-01 4.082762297049889466e-01 5.719063057308554354e-01 5.855187376361792317e-01 5.856947817300629522e-01 1.037447786337797329e+00 4.681774991285953536e-01 7.189621041047604688e-01 4.746239971817376446e-01 2.702902448612825581e-01 5.792740329868684146e-01 4.025851333257252085e-01 7.858605041959180193e-01 6.309289620585085689e-01 5.350772641098883176e-01 3.538869094802165605e-01 4.990223248270917455e-01 6.119941979316143588e-01 6.006319064511620454e-01 4.301402302981290338e-01 6.517161523405748946e-01 1.243248769577811885e-01 6.171118066845620032e-01 1.078745519574379141e+00 4.228504959782996564e-01 3.491858035471665511e-01 3.217243629696057150e-01 4.921573983031343746e-01 3.562513408136707138e-01 8.304539856305340750e-01 2.220632768851661387e-01 3.850281551506736233e-01 3.964418562554315462e-01 2.338346614401879686e-01 7.103253264233240216e-01 4.990957164318722272e-01 7.042083694397782700e-01 1.056012229342109116e-01 2.636359305935275232e-01
8.000168752688652241e-01 2.877930677211771870e-01 6.282722158990142747e-01 5.846595981045973334e-01 9.704276327908596400e-01 1.016022391002159964e+00 2.814875373123928992e-01 1.231462075734595318e+00 4.231580769845664225e-01 6.030095013024534545e-01 3.857569338913813262e-01 7.168494196782688732e-01 2.942280766206876175e-01 0.000000000000000000e+00 4.863629060247519065e-01 5.507624461740499022e-01 3.645967201475255881e-01 1.014147551924278634e+00 6.803861437930820433e-01 6.464404127702552127e-01 7.864038847309805513e-01 4.767520651114827701e-01 6.323987103901118623e-01 8.568246471207754400e-01 1.991860781029623495e-01 4.427889973030998405e-01 6.336402313981702727e-01 1.875837736618722051e-01 5.008607202451215157e-01 4.491727067324524092e-01 3.207637656765647827e-01 4.878351808096640929e-01 4.619494075343473782e-01 3.435868853525302913e-01 7.440997507667614919e-01 2.928983725241340319e-01 9.255645793345130823e-01 1.502744444947456126e-01 5.511739203453647207e-01 6.978197599132134332e-01 6.563180790773950335e-01 1.109930144669024399e+00 4.101069986156010150e-01 7.353236029083549674e-01 5.017907916734360985e-01 1.389030004222451264e-01 5.764177327168000797e-01 5.544500529096996200e-01 8.457798368906443987e-01 5.938589087155301538e-01 6.261799796373425098e-01 3.166057522737281693e-01 6.161404979300977303e-01 6.452723989417941119e-01 5.592711389291614710e-01 4.652807436050383494e-01 7.453921419167954809e-01 3.015839685437629036e-01 7.562298509402221036e-01 1.137596472744379250e+00 4.701086416747798369e-01 4.699986351255566741e-01 3.940238741245822296e-01 5.209548434653941129e-01 2.579934091474744839e-01 8.931893482599385647e-01 3.739281964691403837e-01 4.527498351451958447e-01 3.826140391808436347e-01 2.956064541066791285e-01 7.024270918974414579e-01 5.650025704424834760e-01 7.848021963268096979e-01 3.553853223415240903e-01 2.783498583784345115e-01
7.406141382852450272e-01 7.604292450466426656e-01 2.793604947949113737e-01 8.365415633464505785e-01 1.103489083602621879e+00 1.205133104333208749e+00 3.231520363662717110e-01 1.179501309837813761e+00 6.017888031115682379e-01 7.044545638872483639e-01 2.754349294063826448e-01 8.679499412466512576e-01 5.279568462225907588e-01 4.863629060247519065e-01 0.000000000000000000e+00 4.663437473203152495e-01 5.607077314779644883e-01 9.688360747941532347e-01 8.630550732254391733e-01 6.580370714555855427e-01 9.203163998709602556e-01 3.922739500797828294e-01 6.694079782571120685e-01 1.053040454956216676e+00 3.333524586689471936e-01 1.961547447232261654e-01 1.942033632240770524e-01 5.074024542321367015e-01 7.615370142180284407e-01 7.051191004699903786e-01 1.709991251923171363e-01 1.684883096304948258e-01 5.415799487326347084e-01 4.492511561056265479e-01 8.258561581336817392e-01 5.593418482980500039e-01 8.733327784304556474e-01 6.278139876089882110e-01 1.479173588398244310e-01 6.111094877676845893e-01 8.131127061905183417e-01 1.054115249443366542e+00 3.697492580439897258e-01 7.972505273398655667e-01 1.473156564289739290e-01 3.723206649328035245e-01 2.424253079641309205e-01 5.287733811066921419e-01 9.772628382890320431e-01 1.372518060374461057e-01 8.446038591653872718e-01 4.323290942772815559e-01 7.459491109399248865e-01 7.220488604718170444e-01 5.458398252162648401e-01 3.201058249532349187e-01 9.536947238958951578e-01 5.163011740958010076e-01 7.361379870691330263e-01 1.092251893560893805e+00 6.460250529769400174e-01 6.935493962260094181e-01 6.662822033950334122e-01 1.260741942233193080e-01 2.627817206690251650e-01 8.497055849553507567e-01 4.924113302058396591e-01 2.698019936683357378e-01 1.382474855106297085e-01 3.342854159450490692e-01 6.788147732492754161e-01 7.157071977938506135e-01 8.372446825612963606e-01 6.124521654917649549e-01 5.334527830981345975e-01
2.743951629906228318e-01 8.032663884435553570e-01 7.189982772661697163e-01 7.857580930283055709e-01 7.070105291843075124e-01 7.870269315371346552e-01 2.888942425848562423e-01 7.131575625174985111e-01 2.761039871205341889e-01 3.009102508723853764e-01 3.814745893962376844e-01 4.498437684505773304e-01 5.112034083031524734e-01 5.507624461740499022e-01 4.663437473203152495e-01 0.000000000000000000e+00 3.059054551711768433e-01 5.024923274738379853e-01 4.545234182990006144e-01 2.296050139704473581e-01 5.201275256027879657e-01 2.172841250099223909e-01 2.309116075187540584e-01 6.349342821601429154e-01 5.171521901219062745e-01 2.729024281564520482e-01 6.225853174785865862e-01 4.300805145459578593e-01 3.556493595805325092e-01 6.366487312785038544e-01 4.165117001065625213e-01 5.621276167880632224e-01 1.690019571032035095e-01 3.724307749450963545e-01 3.974241006485436101e-01 4.119222226759843841e-01 4.069890311101404534e-01 6.804050990526554488e-01 6.013663360796086543e-01 1.554966674248782488e-01 4.166341517722035315e-01 5.877715021230514036e-01 1.418676771069908027e-01 3.696521132010490152e-01 3.732153479626609260e-01 4.172669703248131357e-01 6.757723611698852606e-01 1.298924083412732189e-01 5.807842838707173438e-01 6.030028451821722868e-01 4.310861998968441022e-01 2.544920652487763224e-01 3.278429381438507928e-01 3.135172055453785411e-01 1.196801766642806852e-01 1.603815755558784528e-01 5.355885510998212862e-01 3.956421282542377238e-01 2.805251667263267690e-01 6.259081462405782226e-01 2.672620069376494545e-01 2.964747837605509195e-01 3.687695213500345459e-01 4.624105366729842070e-01 3.566091340223648820e-01 3.833618376350353407e-01 2.940404854248670485e-01 2.666588667907999755e-01 5.024941555535924476e-01 4.135429910812627452e-01 2.219261850385322032e-01 3.192286433755359143e-01 3.730211627521520801e-01 5.320528170377933908e-01 3.621638154653630259e-01
5.006851435150295737e-01 5.866196070988495270e-01 7.867844528440849361e-01 6.012702248974940433e-01 6.238042404787489392e-01 7.095135375008888579e-01 2.476493315417042651e-01 9.258557129832710730e-01 2.425981513409056767e-01 2.489006918876275065e-01 5.391518260265967255e-01 4.282158345742620442e-01 3.291206452899498869e-01 3.645967201475255881e-01 5.607077314779644883e-01 3.059054551711768433e-01 0.000000000000000000e+00 7.073399702386560239e-01 3.624860676708908658e-01 4.138150779368451326e-01 4.397804924188699616e-01 4.422204150622787155e-01 3.200159818675655243e-01 5.496626216897511075e-01 3.389793457907144258e-01 4.140384737335291998e-01 7.549110947020415407e-01 1.982794870581560120e-01 2.172687824005463952e-01 4.597891339394381549e-01 4.502835024991958535e-01 6.540795432214011607e-01 1.589790790285882660e-01 4.027085456158140953e-01 4.763809532321591766e-01 1.855279632790999556e-01 6.212685452864629143e-01 4.632555556155041887e-01 6.800297983388802203e-01 4.396840440550330853e-01 3.248013833567776620e-01 8.079623238795944351e-01 2.509347109727411151e-01 4.065312075016620508e-01 5.457444935365217686e-01 2.682553927929011706e-01 7.349299696618707411e-01 3.862870643394113457e-01 4.991564445785337534e-01 6.907395460753508187e-01 3.173618665924232696e-01 1.283786372006827659e-01 3.433463141908040250e-01 2.995633013285157187e-01 2.784126255250004567e-01 3.699944461209436208e-01 4.365740288718762407e-01 2.870581750593361736e-01 5.102878234999225215e-01 8.307888910587568621e-01 1.104195993752010163e-01 2.248994935248269655e-01 1.093576157929642134e-01 6.467802965094946455e-01 3.574336944528674342e-01 5.863817665743159546e-01 3.318411976842330358e-01 4.750561404308354940e-01 5.453317957033493313e-01 4.440467117220583404e-01 3.956195102118190698e-01 2.183791781303728308e-01 4.678991044296904600e-01 3.616060309484566693e-01 1.044528596176022561e-01
2.412457657001453870e-01 1.258896159319044639e+00 1.221490604740008257e+00 1.223570527498609284e+00 8.935609614496949904e-01 8.353391684639448478e-01 7.662682743074085145e-01 2.364835032965366401e-01 6.767836005017116019e-01 5.920680474622015410e-01 8.785307255162680962e-01 5.352292292431444221e-01 9.552965987542784143e-01 1.014147551924278634e+00 9.688360747941532347e-01 5.024923274738379853e-01 7.073399702386560239e-01 0.000000000000000000e+00 4.076177770113198484e-01 4.608583108675637363e-01 6.862896209853691643e-01 6.973932361364852950e-01 3.996123683602032517e-01 6.546086228505282323e-01 9.972283306178877371e-01 7.753947556302901445e-01 1.124522358524606913e+00 8.749160351161542337e-01 5.639492795529779112e-01 1.070378270685653499e+00 9.157935459165873482e-01 1.064064657834083105e+00 5.594352951576038180e-01 8.370366222331359074e-01 4.006102052944416902e-01 7.924223793475652089e-01 1.481891347901730105e-01 1.135532107835699023e+00 1.103858663553446862e+00 3.876435661305211444e-01 5.564036030207771821e-01 1.431826199613847050e-01 6.276032378251655830e-01 3.611122199806870436e-01 8.751523890086808644e-01 8.837267542927949027e-01 1.178264688643723579e+00 5.596946335030562603e-01 7.716508711050652503e-01 1.105495172656010494e+00 4.881391509777165960e-01 6.975417996505505203e-01 5.455183354667874074e-01 4.757815411777091552e-01 4.588879016157181301e-01 6.623186166018982801e-01 5.412019750992226319e-01 8.394089149513977999e-01 3.484491005167583699e-01 1.235593930432479226e-01 6.156719828728870469e-01 6.489794722941263361e-01 6.634462087929247076e-01 9.643475777190042564e-01 8.526320148935031540e-01 1.292349518866548752e-01 7.342919298192138733e-01 7.685959078368197472e-01 1.004986483027430655e+00 9.093723819376057227e-01 3.138443584518102458e-01 5.654278350939361264e-01 2.993986938179556412e-01 9.657823564449431464e-01 7.942833652975447301e-01
2.239055377371641786e-01 9.043511623316392578e-01 1.090810626367149316e+00 8.671879099915436040e-01 4.884779174546035607e-01 5.007517724824812611e-01 5.823252293459098006e-01 6.309736083897324876e-01 3.934767278716441163e-01 2.257009099452667589e-01 7.655429520548250322e-01 2.254087680311867015e-01 6.017945836221807454e-01 6.803861437930820433e-01 8.630550732254391733e-01 4.545234182990006144e-01 3.624860676708908658e-01 4.076177770113198484e-01 0.000000000000000000e+00 3.381483622041607795e-01 2.812065769902774015e-01 5.758236308385467073e-01 2.500492463537021259e-01 3.298818781147531687e-01 6.298757632875010559e-01 6.764695013316690542e-01 1.045767514146402677e+00 5.158117542728296590e-01 1.912932195087069798e-01 7.203128177449659164e-01 7.733220847088468908e-01 9.460554880970174496e-01 3.450026800546008299e-01 6.034448387735903419e-01 1.582044334002191410e-01 4.197663193032943330e-01 3.435437753901459113e-01 7.788124843933300623e-01 9.891088825376815885e-01 3.662685012408145591e-01 1.513205590256855859e-01 5.047506092889977314e-01 4.933058151814493364e-01 1.401518837493021807e-01 8.031529389020970466e-01 6.152345969378967272e-01 1.038282279378037742e+00 4.292988633599583714e-01 3.665678271099737651e-01 9.979727057916794042e-01 1.242859026449601445e-01 4.725691271466626042e-01 2.509285439111624827e-01 1.410062127536220455e-01 3.442189542793325230e-01 5.900216321132490949e-01 2.141918897467523231e-01 5.264166073607833285e-01 2.702359677219597911e-01 5.310666978314206865e-01 2.588731684470043093e-01 2.950591836664634982e-01 2.882600033558930241e-01 8.770972166116175472e-01 6.921095922570728032e-01 2.831017084129405781e-01 5.154095175100125159e-01 6.769616368503208470e-01 8.450474885171607164e-01 7.305311634422867462e-01 2.760226164199326426e-01 1.850514071023365847e-01 1.431892557360547047e-01 6.166209210743435198e-01 4.254497285274436713e-01
2.320016046950983679e-01 8.825428010115260458e-01 8.742852070564276490e-01 7.718924628373594610e-01 6.777379877208423720e-01 5.812052894066918052e-01 5.021733601625506527e-01 6.842141422459764311e-01 2.232823357856885127e-01 3.618914769829619793e-01 5.139539890807298672e-01 2.317888287009565729e-01 5.038844661750281340e-01 6.464404127702552127e-01 6.580370714555855427e-01 2.296050139704473581e-01 4.138150779368451326e-01 4.608583108675637363e-01 3.381483622041607795e-01 0.000000000000000000e+00 4.749414908412659120e-01 3.178928391354362559e-01 3.493585217995281433e-01 4.333227196950181215e-01 5.633568918457956265e-01 4.645957522917224525e-01 7.841789040494866470e-01 5.085504382684770119e-01 1.965462955362986819e-01 6.182237395919599754e-01 6.151493615851264529e-01 7.057529306107569456e-01 3.871517323576588177e-01 4.084477198248391838e-01 1.803815998152156763e-01 3.692304276481969683e-01 3.801469977481522489e-01 7.569329099830442997e-01 7.936111949411617239e-01 1.447867291856543004e-01 3.401976711542826215e-01 5.466347744365827044e-01 3.664590548509205625e-01 3.331147474282707410e-01 5.384493323827609368e-01 6.284469822686195029e-01 8.304705679189527956e-01 1.581632228720017408e-01 5.554449392385707451e-01 7.946961693174424690e-01 2.464956438313251619e-01 4.840970792192236805e-01 1.252734372863361645e-01 4.216962256144079491e-01 2.802432826873035854e-01 3.462647544593053239e-01 3.398013863313868455e-01 3.879967823721475750e-01 1.148268733686199916e-01 5.843072316876646299e-01 3.257101510935125344e-01 2.039393631008583896e-01 3.121940934311521754e-01 6.155086065147019614e-01 5.649515529418156490e-01 3.360477031115900459e-01 2.956657814591323596e-01 4.153730267534049836e-01 6.798811136215320294e-01 5.267588242279909183e-01 2.813660451569368615e-01 2.802587573184318614e-01 2.153532525431901545e-01 5.136278253512495118e-01 4.628796389494191921e-01
5.003815231268756714e-01 1.009799263389505652e+00 1.158432727870776668e+00 9.829155866310118617e-01 2.177605521136302125e-01 6.873510533119429056e-01 6.395865559914309939e-01 9.096454523637815814e-01 5.254616795883778613e-01 2.192172747304026448e-01 8.718048226104866405e-01 4.189062189700345495e-01 7.175222602616490031e-01 7.864038847309805513e-01 9.203163998709602556e-01 5.201275256027879657e-01 4.397804924188699616e-01 6.862896209853691643e-01 2.812065769902774015e-01 4.749414908412659120e-01 0.000000000000000000e+00 7.078085825552803412e-01 3.907770687611932803e-01 5.241650096091635680e-01 7.414283494588679302e-01 7.337308279771902475e-01 1.105955169806819294e+00 6.172295570180914570e-01 3.227488855099300835e-01 8.373415317887233922e-01 8.305834113543683062e-01 1.038231502722180455e+00 3.930080960742112772e-01 7.349005047748132791e-01 4.300940565452443520e-01 5.389878778339989296e-01 6.222156193641951161e-01 8.848302253312286814e-01 1.046370209183202782e+00 5.845327362141553573e-01 1.427076545519260775e-01 7.821760978700533773e-01 5.505671418269701967e-01 3.588574294959438471e-01 8.635455811769098267e-01 7.040806207549736850e-01 1.115206811774492213e+00 5.612838150766921164e-01 1.290282319459245264e-01 1.055234032437200709e+00 2.910111012179962819e-01 5.248421719991581691e-01 3.829134956278963386e-01 2.719674130599141759e-01 4.294573994859542387e-01 6.474678003742792010e-01 4.097456663769770691e-01 6.559781653605936125e-01 5.435257656903340617e-01 8.097385418054698913e-01 3.293608930436688897e-01 4.265148496676866019e-01 3.957978972920432326e-01 9.527407698872332187e-01 7.493709189025942186e-01 5.617735523869898939e-01 6.468651835112354531e-01 7.569891000050488206e-01 9.362688997219876796e-01 8.426539885930484086e-01 4.770720878581437563e-01 2.398002409444283944e-01 4.182356729977820264e-01 7.382897587289796171e-01 5.268675312727053583e-01
