0.000000000000000000e+00 5.844661980666637779e-01 5.479971118757063220e-01 4.863359163000531282e-01 4.398196168423486041e-01 3.736939614910423924e-01 3.621400226418602375e-01 3.252915853125706303e-01 2.957727068545954463e-01 2.836230900288835288e-01 2.424273710671719373e-01 3.092721700512127692e-01 2.267198016934615923e-01 4.569806150047807658e-01 3.904201664851316145e-01 2.496186012636281149e-01 2.529668264898131125e-01 3.263161869658566250e-01 1.660602609238835958e-01 1.718246645599991185e-01 1.619064528189603225e-01 2.658942583947777605e-01 4.346559020016729225e-01 1.910233735673241284e-01 4.549259186119235521e-01
5.844661980666637779e-01 0.000000000000000000e+00 9.879227148441951378e-01 9.943811011371449515e-01 1.008245102736964993e+00 7.072860504902455103e-01 7.285242509174537640e-01 6.571879837188659979e-01 2.967420653533466290e-01 8.073344834777885781e-01 5.619464219462453336e-01 7.989506127947384462e-01 5.532809913970430093e-01 9.565883129220468239e-01 8.161292539793307821e-01 8.180440871582441709e-01 4.801345430581598905e-01 7.671944964334221906e-01 4.616566373865656492e-01 5.583448966620828680e-01 6.161863723753894240e-01 5.755436713015280592e-01 1.562849595173002037e-01 7.277941593457593061e-01 9.384131786715375068e-01
5.479971118757063220e-01 9.879227148441951378e-01 0.000000000000000000e+00 5.586681943951519180e-01 5.867210794330864898e-01 8.627305324219685101e-01 8.863010834773784596e-01 3.455379659364740119e-01 6.911806494908488974e-01 3.148273552972737366e-01 6.484400451307553714e-01 3.904983180135506160e-01 7.508808625289797867e-01 2.092541402189949939e-01 2.019787791030395740e-01 4.660276111154787460e-01 5.265090564996829370e-01 2.533673910472732382e-01 6.428561748520927877e-01 4.614010975533117120e-01 4.341414912622306166e-01 7.549308293257039892e-01 8.465954582090783331e-01 3.736709070762476714e-01 1.467747693611246851e-01
4.863359163000531282e-01 9.943811011371449515e-01 5.586681943951519180e-01 0.000000000000000000e+00 6.060549669517646398e-01 7.840077146841208933e-01 8.187589547033130577e-01 4.490433492667167958e-01 7.082139421926948453e-01 3.998698651713086250e-01 5.843394680266128516e-01 2.413133163179722873e-01 6.833387337549140517e-01 5.033396637060768564e-01 3.871892434079201584e-01 4.468530497179079575e-01 5.613514527478303817e-01 5.486329407753416376e-01 6.519454938270913269e-01 5.899490205184355629e-01 3.865882487437862225e-01 6.762080115878562614e-01 8.476046965525064758e-01 3.131984394125409965e-01 5.455658143352311029e-01
4.398196168423486041e-01 1.008245102736964993e+00 5.867210794330864898e-01 6.060549669517646398e-01 0.000000000000000000e+00 7.917495908486614775e-01 7.929335697703326913e-01 5.304654912412786194e-01 7.115030373836180866e-01 2.840906119467224711e-01 6.290412713615370910e-01 4.747436976029154043e-01 6.575133488219342404e-01 4.943567079299922007e-01 4.730058305409683417e-01 1.913920586765958110e-01 6.215898785639277779e-01 4.486756171881182698e-01 5.812721708923367370e-01 4.806454766587329175e-01 4.572970590648114952e-01 6.839498877523968456e-01 8.597221713332791060e-01 3.206607464838588939e-01 5.176164383976076255e-01
3.736939614910423924e-01 7.072860504902455103e-01 8.627305324219685101e-01 7.840077146841208933e-01 7.917495908486614775e-01 0.000000000000000000e+00 5.729647943307406566e-01 5.748488765862076466e-01 4.222582696338194053e-01 6.334384233957304211e-01 2.456010357786051757e-01 6.062411132272388370e-01 4.131334137379064630e-01 8.025351308532140404e-01 6.643698975540439644e-01 6.143617525701056126e-01 4.186278157013454959e-01 6.965344797887821349e-01 4.430473597943177522e-01 5.390967594771711724e-01 4.302577526541685460e-01 1.644628907756672254e-01 5.583632139618246448e-01 4.965427518504529347e-01 8.251442114348490620e-01
3.621400226418602375e-01 7.285242509174537640e-01 8.863010834773784596e-01 8.187589547033130577e-01 7.929335697703326913e-01 5.729647943307406566e-01 0.000000000000000000e+00 6.331563036694770608e-01 4.342037127779944661e-01 6.346224023174017459e-01 4.570227583666698901e-01 6.416952084544726986e-01 2.174926947476588379e-01 8.037191097748853652e-01 7.121151368888721800e-01 6.117586239054886299e-01 4.997745582916983120e-01 6.874708844891672666e-01 3.099489206720275614e-01 4.821410190777355997e-01 4.780029919889967061e-01 4.525618981112509709e-01 5.779151915875575529e-01 5.293273451689967102e-01 8.164631166569362719e-01
3.252915853125706303e-01 6.571879837188659979e-01 3.455379659364740119e-01 4.490433492667167958e-01 5.304654912412786194e-01 5.748488765862076466e-01 6.331563036694770608e-01 0.000000000000000000e+00 3.639632921154184464e-01 3.006130960627677040e-01 3.323228927943738253e-01 2.452193409422797898e-01 4.939946034434086752e-01 3.641362512785246142e-01 1.929161134601875549e-01 3.421266863014834625e-01 1.826435434568494387e-01 1.663343204267881403e-01 3.568080820705488709e-01 1.746099402846245097e-01 1.633851324936103078e-01 4.615731188612589020e-01 5.139832072757326564e-01 2.193352067024938457e-01 3.153413853163469227e-01
2.957727068545954463e-01 2.967420653533466290e-01 6.911806494908488974e-01 7.082139421926948453e-01 7.115030373836180866e-01 4.222582696338194053e-01 4.342037127779944661e-01 3.639632921154184464e-01 0.000000000000000000e+00 5.105924181244418936e-01 2.764831599383254512e-01 5.127834538502882289e-01 2.565389260436962693e-01 6.598462475687003614e-01 5.249532389518186681e-01 5.213020218048975973e-01 1.869098514547123391e-01 4.704524310800754505e-01 1.649145720332190201e-01 2.616028313087361834e-01 3.300192134309390402e-01 2.905158904451017876e-01 1.575347199363180961e-01 4.391006681336910855e-01 6.416711133181907112e-01
2.836230900288835288e-01 8.073344834777885781e-01 3.148273552972737366e-01 3.998698651713086250e-01 2.840906119467224711e-01 6.334384233957304211e-01 6.346224023174017459e-01 3.006130960627677040e-01 5.105924181244418936e-01 0.000000000000000000e+00 4.707301039086058680e-01 2.617993547638318153e-01 4.992021813690030729e-01 2.224629837941794197e-01 2.092232604360592940e-01 1.859557233080426086e-01 4.270227116494185737e-01 1.736846526967834314e-01 3.897996414477663540e-01 2.775876366898161751e-01 2.989858916118804943e-01 5.256387202994656782e-01 6.662299982172313895e-01 1.561027216766890380e-01 2.380219887645264321e-01
2.424273710671719373e-01 5.619464219462453336e-01 6.484400451307553714e-01 5.843394680266128516e-01 6.290412713615370910e-01 2.456010357786051757e-01 4.570227583666698901e-01 3.323228927943738253e-01 2.764831599383254512e-01 4.707301039086058680e-01 0.000000000000000000e+00 3.978162545247860837e-01 3.146439154559224072e-01 6.300862302658873926e-01 4.500794102628308813e-01 4.558809952970859225e-01 1.885612197870239481e-01 4.984545584801665652e-01 3.447131989407357100e-01 3.513918799357083067e-01 2.159672653629554628e-01 1.613539953539954164e-01 4.130235854178244681e-01 3.297662124978810172e-01 6.476642781107208036e-01
3.092721700512127692e-01 7.989506127947384462e-01 3.904983180135506160e-01 2.413133163179722873e-01 4.747436976029154043e-01 6.062411132272388370e-01 6.416952084544726986e-01 2.452193409422797898e-01 5.127834538502882289e-01 2.617993547638318153e-01 3.978162545247860837e-01 0.000000000000000000e+00 5.062749875060741367e-01 3.406340535036922468e-01 1.957514548722908976e-01 3.145192477805763276e-01 3.575274444233932369e-01 3.405439117266673144e-01 4.748817475782508568e-01 3.990745068836895060e-01 1.827642404193491887e-01 4.984414101309742051e-01 6.521742082100996374e-01 1.623409387670109727e-01 3.828602041328463268e-01
2.267198016934615923e-01 5.532809913970430093e-01 7.508808625289797867e-01 6.833387337549140517e-01 6.575133488219342404e-01 4.131334137379064630e-01 2.174926947476588379e-01 4.939946034434086752e-01 2.565389260436962693e-01 4.992021813690030729e-01 3.146439154559224072e-01 5.062749875060741367e-01 0.000000000000000000e+00 6.682988888264868033e-01 5.729534366628038500e-01 4.763384029570897904e-01 3.642844710915734141e-01 5.520506635407687046e-01 1.836910095389810982e-01 3.558831079446890810e-01 3.388412917629283760e-01 2.911285640510342110e-01 4.034046461437965636e-01 3.939071242205980927e-01 6.810428957085377100e-01
4.569806150047807658e-01 9.565883129220468239e-01 2.092541402189949939e-01 5.033396637060768564e-01 4.943567079299922007e-01 8.025351308532140404e-01 8.037191097748853652e-01 3.641362512785246142e-01 6.598462475687003614e-01 2.224629837941794197e-01 6.300862302658873926e-01 3.406340535036922468e-01 6.682988888264868033e-01 0.000000000000000000e+00 1.965438573983322446e-01 3.736632396123845123e-01 5.323886505587948070e-01 2.121763118147430571e-01 5.620889198288262500e-01 3.982434162599641225e-01 4.163882918493890806e-01 6.947354277569494085e-01 8.154838276614896353e-01 3.083973670492662911e-01 1.523716880174024180e-01
3.904201664851316145e-01 8.161292539793307821e-01 2.019787791030395740e-01 3.871892434079201584e-01 4.730058305409683417e-01 6.643698975540439644e-01 7.121151368888721800e-01 1.929161134601875549e-01 5.249532389518186681e-01 2.092232604360592940e-01 4.500794102628308813e-01 1.957514548722908976e-01 5.729534366628038500e-01 1.965438573983322446e-01 0.000000000000000000e+00 3.432812669892456592e-01 3.465372838339298989e-01 1.860828178908454922e-01 5.406686933664651695e-01 3.623384260914914168e-01 2.357808563943061819e-01 5.565701944577793325e-01 6.702975053466232458e-01 2.387997432051420788e-01 2.461836457612708584e-01
2.496186012636281149e-01 8.180440871582441709e-01 4.660276111154787460e-01 4.468530497179079575e-01 1.913920586765958110e-01 6.143617525701056126e-01 6.117586239054886299e-01 3.421266863014834625e-01 5.213020218048975973e-01 1.859557233080426086e-01 4.558809952970859225e-01 3.145192477805763276e-01 4.763384029570897904e-01 3.736632396123845123e-01 3.432812669892456592e-01 0.000000000000000000e+00 4.386884929417395051e-01 2.895604449909081612e-01 3.910711553136160257e-01 2.892534179821372176e-01 2.852912240970018054e-01 5.065620494738409807e-01 6.748301017556046499e-01 1.614588292500020450e-01 3.969229700799998262e-01
2.529668264898131125e-01 4.801345430581598905e-01 5.265090564996829370e-01 5.613514527478303817e-01 6.215898785639277779e-01 4.186278157013454959e-01 4.997745582916983120e-01 1.826435434568494387e-01 1.869098514547123391e-01 4.270227116494185737e-01 1.885612197870239481e-01 3.575274444233932369e-01 3.642844710915734141e-01 5.323886505587948070e-01 3.465372838339298989e-01 4.386884929417395051e-01 0.000000000000000000e+00 3.309317169724388941e-01 1.965176879413850219e-01 1.629386589219424530e-01 1.908678978630209688e-01 3.053520579763968068e-01 3.369297666150265491e-01 3.223148197002717597e-01 4.865213101132742635e-01
3.263161869658566250e-01 7.671944964334221906e-01 2.533673910472732382e-01 5.486329407753416376e-01 4.486756171881182698e-01 6.965344797887821349e-01 6.874708844891672666e-01 1.663343204267881403e-01 4.704524310800754505e-01 1.736846526967834314e-01 4.984545584801665652e-01 3.405439117266673144e-01 5.520506635407687046e-01 2.121763118147430571e-01 1.860828178908454922e-01 2.895604449909081612e-01 3.309317169724388941e-01 0.000000000000000000e+00 3.991659916470828295e-01 2.177109143483017539e-01 3.221707996231407689e-01 5.887347766925175030e-01 6.258672397983048308e-01 3.066324368801758848e-01 1.812219517308848171e-01
1.660602609238835958e-01 4.616566373865656492e-01 6.428561748520927877e-01 6.519454938270913269e-01 5.812721708923367370e-01 4.430473597943177522e-01 3.099489206720275614e-01 3.568080820705488709e-01 1.649145720332190201e-01 3.897996414477663540e-01 3.447131989407357100e-01 4.748817475782508568e-01 1.836910095389810982e-01 5.620889198288262500e-01 5.406686933664651695e-01 3.910711553136160257e-01 1.965176879413850219e-01 3.991659916470828295e-01 0.000000000000000000e+00 1.821981417859244168e-01 3.279667137428439183e-01 3.196019407670598333e-01 3.182112381583208083e-01 3.551001607613014643e-01 5.537944386890528703e-01
1.718246645599991185e-01 5.583448966620828680e-01 4.614010975533117120e-01 5.899490205184355629e-01 4.806454766587329175e-01 5.390967594771711724e-01 4.821410190777355997e-01 1.746099402846245097e-01 2.616028313087361834e-01 2.775876366898161751e-01 3.513918799357083067e-01 3.990745068836895060e-01 3.558831079446890810e-01 3.982434162599641225e-01 3.623384260914914168e-01 2.892534179821372176e-01 1.629386589219424530e-01 2.177109143483017539e-01 1.821981417859244168e-01 0.000000000000000000e+00 2.538117979204836949e-01 4.312970563809065405e-01 4.172404114015257903e-01 2.893757643909255495e-01 3.800682820094544723e-01
1.619064528189603225e-01 6.161863723753894240e-01 4.341414912622306166e-01 3.865882487437862225e-01 4.572970590648114952e-01 4.302577526541685460e-01 4.780029919889967061e-01 1.633851324936103078e-01 3.300192134309390402e-01 2.989858916118804943e-01 2.159672653629554628e-01 1.827642404193491887e-01 3.388412917629283760e-01 4.163882918493890806e-01 2.357808563943061819e-01 2.852912240970018054e-01 1.908678978630209688e-01 3.221707996231407689e-01 3.279667137428439183e-01 2.538117979204836949e-01 0.000000000000000000e+00 3.224580495579039141e-01 4.694099677907506152e-01 1.514914327655277060e-01 4.604313114421634823e-01
2.658942583947777605e-01 5.755436713015280592e-01 7.549308293257039892e-01 6.762080115878562614e-01 6.839498877523968456e-01 1.644628907756672254e-01 4.525618981112509709e-01 4.615731188612589020e-01 2.905158904451017876e-01 5.256387202994656782e-01 1.613539953539954164e-01 4.984414101309742051e-01 2.911285640510342110e-01 6.947354277569494085e-01 5.565701944577793325e-01 5.065620494738409807e-01 3.053520579763968068e-01 5.887347766925175030e-01 3.196019407670598333e-01 4.312970563809065405e-01 3.224580495579039141e-01 0.000000000000000000e+00 4.266208347731073047e-01 3.887430487541883029e-01 7.173445083385845411e-01
4.346559020016729225e-01 1.562849595173002037e-01 8.465954582090783331e-01 8.476046965525064758e-01 8.597221713332791060e-01 5.583632139618246448e-01 5.779151915875575529e-01 5.139832072757326564e-01 1.575347199363180961e-01 6.662299982172313895e-01 4.130235854178244681e-01 6.521742082100996374e-01 4.034046461437965636e-01 8.154838276614896353e-01 6.702975053466232458e-01 6.748301017556046499e-01 3.369297666150265491e-01 6.258672397983048308e-01 3.182112381583208083e-01 4.172404114015257903e-01 4.694099677907506152e-01 4.266208347731073047e-01 0.000000000000000000e+00 5.779838632807684506e-01 7.973086934109800961e-01
1.910233735673241284e-01 7.277941593457593061e-01 3.736709070762476714e-01 3.131984394125409965e-01 3.206607464838588939e-01 4.965427518504529347e-01 5.293273451689967102e-01 2.193352067024938457e-01 4.391006681336910855e-01 1.561027216766890380e-01 3.297662124978810172e-01 1.623409387670109727e-01 3.939071242205980927e-01 3.083973670492662911e-01 2.387997432051420788e-01 1.614588292500020450e-01 3.223148197002717597e-01 3.066324368801758848e-01 3.551001607613014643e-01 2.893757643909255495e-01 1.514914327655277060e-01 3.887430487541883029e-01 5.779838632807684506e-01 0.000000000000000000e+00 3.448512824206213523e-01
4.549259186119235521e-01 9.384131786715375068e-01 1.467747693611246851e-01 5.455658143352311029e-01 5.176164383976076255e-01 8.251442114348490620e-01 8.164631166569362719e-01 3.153413853163469227e-01 6.416711133181907112e-01 2.380219887645264321e-01 6.476642781107208036e-01 3.828602041328463268e-01 6.810428957085377100e-01 1.523716880174024180e-01 2.461836457612708584e-01 3.969229700799998262e-01 4.865213101132742635e-01 1.812219517308848171e-01 5.537944386890528703e-01 3.800682820094544723e-01 4.604313114421634823e-01 7.173445083385845411e-01 7.973086934109800961e-01 3.448512824206213523e-01 0.000000000000000000e+00
