0.000000000000000000e+00 1.019508916458897740e+00 8.909960874138734832e-01 1.017669278872235017e+00 6.669109952741086866e-01 6.602974919039267254e-01 5.448844680186286649e-01 4.656267077488069894e-01 4.270169809935224214e-01 3.717885171580377346e-01 6.405274382308839831e-01 3.499438682357720043e-01 6.867398536548603438e-01 6.670992790389006499e-01 2.893097530212165869e-01 7.399025692133314180e-01 3.898326091094534429e-01 2.408076229318364958e-01 4.667801864785526833e-01 6.481876094266968424e-01 4.719607054400500878e-01 1.984708744066329689e-01 2.014173150164538517e-01 1.971349165836376038e-01 4.821213401657810649e-01
1.019508916458897740e+00 0.000000000000000000e+00 8.902955011130931906e-01 8.605187888249506978e-01 1.228147000843234471e+00 1.304383153474592882e+00 6.396750928953208737e-01 6.351432743612452914e-01 1.443114291079174771e+00 8.864527982699544895e-01 6.035949589889852973e-01 9.968579858620389977e-01 3.340647230248071642e-01 8.281717454455431726e-01 8.733269893492459079e-01 6.159768863656966964e-01 6.540544263655106993e-01 1.256904933017488846e+00 1.059908901232385237e+00 6.404470432929227908e-01 6.877176368252406746e-01 8.260202051025754555e-01 9.959720136446904570e-01 9.637453451749566913e-01 1.156493075938066939e+00
8.909960874138734832e-01 8.902955011130931906e-01 0.000000000000000000e+00 9.436076921965910191e-01 1.277453241667427575e+00 1.357786705957226614e+00 7.720138652915141675e-01 4.583785703186162852e-01 1.314829268753683111e+00 9.159905659090664676e-01 4.403126263294778742e-01 1.020990841749002120e+00 6.037591971990067252e-01 3.000463941579296634e-01 7.093876932736137286e-01 7.053341850529969426e-01 7.159840438945997976e-01 1.116696212311934833e+00 1.115045680681308937e+00 2.657793922608955306e-01 5.529893337502900241e-01 7.078804828107062574e-01 9.090378292737673060e-01 1.018756116171534831e+00 1.218878333961348925e+00
1.017669278872235017e+00 8.605187888249506978e-01 9.436076921965910191e-01 0.000000000000000000e+00 1.208111484477315090e+00 1.238034134431710731e+00 5.612600389013396862e-01 7.597444264529208402e-01 1.426448633852229309e+00 8.849935524298472300e-01 5.261719774034372410e-01 9.200386561330933244e-01 5.674318147516030919e-01 8.476646749638575562e-01 7.461808160265004375e-01 2.808940548868343323e-01 7.051487364729867036e-01 1.229501851889365227e+00 1.034052043796553244e+00 7.280023171580062291e-01 5.567521669092493353e-01 8.868326845633501820e-01 8.755646871374987983e-01 9.223826860226952418e-01 1.096182664595843681e+00
6.669109952741086866e-01 1.228147000843234471e+00 1.277453241667427575e+00 1.208111484477315090e+00 0.000000000000000000e+00 8.925499735430048043e-01 6.716680004702928475e-01 8.327017501354352369e-01 1.054548047610675887e+00 3.659793355520535862e-01 1.019954276531137349e+00 6.311187397612666450e-01 9.011458376054374275e-01 1.100043946980734155e+00 7.405645956196750257e-01 9.451450908506697779e-01 6.010107475828853074e-01 8.661150862369542125e-01 2.151083436782950109e-01 1.030982271536164285e+00 8.877251357054579683e-01 6.659842982285582025e-01 6.991396011052942727e-01 4.768122357437585834e-01 7.314395756836552520e-01
6.602974919039267254e-01 1.304383153474592882e+00 1.357786705957226614e+00 1.238034134431710731e+00 8.925499735430048043e-01 0.000000000000000000e+00 6.784176102281959109e-01 9.554361251853161763e-01 1.036251500226186062e+00 6.308949617676991029e-01 9.985196977756906067e-01 3.616350870332186163e-01 9.854317360119749791e-01 1.133321355792084040e+00 6.630232139580375383e-01 9.590107284835754919e-01 7.152339297150794861e-01 8.450591060701743151e-01 7.021228906062445541e-01 1.144801250013196992e+00 8.244281869081696579e-01 7.938680286422613586e-01 5.570028519782401766e-01 5.055284758204470208e-01 1.941725792020324304e-01
5.448844680186286649e-01 6.396750928953208737e-01 7.720138652915141675e-01 5.612600389013396862e-01 6.716680004702928475e-01 6.784176102281959109e-01 0.000000000000000000e+00 4.578036752678080190e-01 9.256554949727199277e-01 3.737795796453198260e-01 3.649389718213310041e-01 3.622301963996176211e-01 3.280178245888428212e-01 6.059188011700534782e-01 2.839771868343903272e-01 2.844720543744920782e-01 2.468800049413064079e-01 7.367891065501179781e-01 4.917551168209642887e-01 5.473014594654980192e-01 2.530602683809275444e-01 4.442547557420847837e-01 3.767106543724285661e-01 3.655605468655912516e-01 5.356191994364815079e-01
4.656267077488069894e-01 6.351432743612452914e-01 4.583785703186162852e-01 7.597444264529208402e-01 8.327017501354352369e-01 9.554361251853161763e-01 4.578036752678080190e-01 0.000000000000000000e+00 8.898044801717543972e-01 4.712390743770743518e-01 3.546169473689381180e-01 6.430635253964164244e-01 3.270709363678544479e-01 3.059155755397350851e-01 3.235246159324368653e-01 5.152025239936669498e-01 2.653711978249779779e-01 6.956418676529504408e-01 6.702941891493171545e-01 2.058396732860219014e-01 2.785386709722361132e-01 2.682493015357029220e-01 4.996528466782066968e-01 5.740046246395429375e-01 8.029587073669005592e-01
4.270169809935224214e-01 1.443114291079174771e+00 1.314829268753683111e+00 1.426448633852229309e+00 1.054548047610675887e+00 1.036251500226186062e+00 9.256554949727199277e-01 8.898044801717543972e-01 0.000000000000000000e+00 7.730878713653711598e-01 1.054806321413016557e+00 7.251098324233700154e-01 1.110345228275138041e+00 1.086132858673044765e+00 6.929731209756746502e-01 1.148681924193326154e+00 8.119979457142175727e-01 2.427588161981815151e-01 8.544172388151195507e-01 1.072365381849644139e+00 8.807400604200450456e-01 6.221009576695886167e-01 5.873730960642863375e-01 5.812159192633765681e-01 8.580753484880402349e-01
3.717885171580377346e-01 8.864527982699544895e-01 9.159905659090664676e-01 8.849935524298472300e-01 3.659793355520535862e-01 6.308949617676991029e-01 3.737795796453198260e-01 4.712390743770743518e-01 7.730878713653711598e-01 0.000000000000000000e+00 7.062666044716096048e-01 3.566810139016208248e-01 5.580871997660546979e-01 7.377325955077272956e-01 4.528135796882005182e-01 6.220271588032022514e-01 2.431721343387607259e-01 5.846549099916497072e-01 2.068344524024065267e-01 6.695195957778035112e-01 5.885074567362956754e-01 3.000049626765045052e-01 4.259697516031912268e-01 2.036423862416556207e-01 4.697845639083492175e-01
6.405274382308839831e-01 6.035949589889852973e-01 4.403126263294778742e-01 5.261719774034372410e-01 1.019954276531137349e+00 9.985196977756906067e-01 3.649389718213310041e-01 3.546169473689381180e-01 1.054806321413016557e+00 7.062666044716096048e-01 0.000000000000000000e+00 6.701003238945966167e-01 3.354066575880851886e-01 3.291647652961773862e-01 4.011545787239316208e-01 2.805944340483727539e-01 5.206833667971713098e-01 8.574283818576278193e-01 8.400413928818082354e-01 2.281294305579760484e-01 2.012701291641524337e-01 4.816573957408984419e-01 5.874722707077372208e-01 7.138468229264351983e-01 8.590636534733616658e-01
3.499438682357720043e-01 9.968579858620389977e-01 1.020990841749002120e+00 9.200386561330933244e-01 6.311187397612666450e-01 3.616350870332186163e-01 3.622301963996176211e-01 6.430635253964164244e-01 7.251098324233700154e-01 3.566810139016208248e-01 6.701003238945966167e-01 0.000000000000000000e+00 6.779065683994200953e-01 7.965254915838594352e-01 3.245017975739609706e-01 6.410152501849569751e-01 4.198514893812886339e-01 5.334268125709084041e-01 4.433220356984832744e-01 8.080053858049723869e-01 4.919072971380986647e-01 4.838911263750819702e-01 1.973696983755959811e-01 2.230465424643745531e-01 2.098358592543618784e-01
6.867398536548603438e-01 3.340647230248071642e-01 6.037591971990067252e-01 5.674318147516030919e-01 9.011458376054374275e-01 9.854317360119749791e-01 3.280178245888428212e-01 3.270709363678544479e-01 1.110345228275138041e+00 5.580871997660546979e-01 3.354066575880851886e-01 6.779065683994200953e-01 0.000000000000000000e+00 5.416354415314568183e-01 5.788917192432455616e-01 3.228899122923490350e-01 3.230851992358638736e-01 9.241358702134515601e-01 7.354807398143636821e-01 3.532225457731178464e-01 3.932823667192403283e-01 4.932511422985380589e-01 6.843147453382123491e-01 6.393335634808697820e-01 8.375416584754484806e-01
6.670992790389006499e-01 8.281717454455431726e-01 3.000463941579296634e-01 8.476646749638575562e-01 1.100043946980734155e+00 1.133321355792084040e+00 6.059188011700534782e-01 3.059155755397350851e-01 1.086132858673044765e+00 7.377325955077272956e-01 3.291647652961773862e-01 7.965254915838594352e-01 5.416354415314568183e-01 0.000000000000000000e+00 4.831186753351789376e-01 6.086600062813445344e-01 5.579984754652252965e-01 8.879998022312968198e-01 9.376363859946155177e-01 2.042835378193430251e-01 3.705528338960286661e-01 5.022248107421610763e-01 6.738873919798733514e-01 8.404981457701955483e-01 9.944129837962064622e-01
2.893097530212165869e-01 8.733269893492459079e-01 7.093876932736137286e-01 7.461808160265004375e-01 7.405645956196750257e-01 6.630232139580375383e-01 2.839771868343903272e-01 3.235246159324368653e-01 6.929731209756746502e-01 4.528135796882005182e-01 4.011545787239316208e-01 3.245017975739609706e-01 5.788917192432455616e-01 4.831186753351789376e-01 0.000000000000000000e+00 4.655930043497988891e-01 3.378394810465777942e-01 4.960263390128104022e-01 5.606517119703463559e-01 4.895911835702740356e-01 2.004722425943153974e-01 2.007490884863140090e-01 1.997535342745292708e-01 4.114612262302654866e-01 5.233357876139078657e-01
7.399025692133314180e-01 6.159768863656966964e-01 7.053341850529969426e-01 2.808940548868343323e-01 9.451450908506697779e-01 9.590107284835754919e-01 2.844720543744920782e-01 5.152025239936669498e-01 1.148681924193326154e+00 6.220271588032022514e-01 2.805944340483727539e-01 6.410152501849569751e-01 3.228899122923490350e-01 6.086600062813445344e-01 4.655930043497988891e-01 0.000000000000000000e+00 4.473183642252946401e-01 9.517351422304619613e-01 7.710856501699087096e-01 4.897288100144123191e-01 2.789854572503455143e-01 6.090659749044464721e-01 5.965412811893624490e-01 6.500326012400833298e-01 8.171592586477071096e-01
3.898326091094534429e-01 6.540544263655106993e-01 7.159840438945997976e-01 7.051487364729867036e-01 6.010107475828853074e-01 7.152339297150794861e-01 2.468800049413064079e-01 2.653711978249779779e-01 8.119979457142175727e-01 2.431721343387607259e-01 5.206833667971713098e-01 4.198514893812886339e-01 3.230851992358638736e-01 5.579984754652252965e-01 3.378394810465777942e-01 4.473183642252946401e-01 0.000000000000000000e+00 6.257885876525317581e-01 4.368720624023929577e-01 4.569961861517461421e-01 4.196596456542505682e-01 2.042665058351735841e-01 4.669631907339026888e-01 3.563029592651701938e-01 5.627565118966634250e-01
2.408076229318364958e-01 1.256904933017488846e+00 1.116696212311934833e+00 1.229501851889365227e+00 8.661150862369542125e-01 8.450591060701743151e-01 7.367891065501179781e-01 6.956418676529504408e-01 2.427588161981815151e-01 5.846549099916497072e-01 8.574283818576278193e-01 5.334268125709084041e-01 9.241358702134515601e-01 8.879998022312968198e-01 4.960263390128104022e-01 9.517351422304619613e-01 6.257885876525317581e-01 0.000000000000000000e+00 6.659842774413982092e-01 8.764937633423233176e-01 6.837932784571805200e-01 4.335168762957535837e-01 3.916659212862389494e-01 3.924127880119535061e-01 6.673273795533015695e-01
4.667801864785526833e-01 1.059908901232385237e+00 1.115045680681308937e+00 1.034052043796553244e+00 2.151083436782950109e-01 7.021228906062445541e-01 4.917551168209642887e-01 6.702941891493171545e-01 8.544172388151195507e-01 2.068344524024065267e-01 8.400413928818082354e-01 4.433220356984832744e-01 7.354807398143636821e-01 9.376363859946155177e-01 5.606517119703463559e-01 7.710856501699087096e-01 4.368720624023929577e-01 6.659842774413982092e-01 0.000000000000000000e+00 8.685747105500457588e-01 7.078122520561290765e-01 5.009051805646523858e-01 4.997643191197029822e-01 2.774369537581673484e-01 5.410124927468944467e-01
6.481876094266968424e-01 6.404470432929227908e-01 2.657793922608955306e-01 7.280023171580062291e-01 1.030982271536164285e+00 1.144801250013196992e+00 5.473014594654980192e-01 2.058396732860219014e-01 1.072365381849644139e+00 6.695195957778035112e-01 2.281294305579760484e-01 8.080053858049723869e-01 3.532225457731178464e-01 2.042835378193430251e-01 4.895911835702740356e-01 4.897288100144123191e-01 4.569961861517461421e-01 8.764937633423233176e-01 8.685747105500457588e-01 0.000000000000000000e+00 3.643216505525509463e-01 4.644477233103834757e-01 6.690744395307191006e-01 7.722851460402717638e-01 1.001239228767629275e+00
4.719607054400500878e-01 6.877176368252406746e-01 5.529893337502900241e-01 5.567521669092493353e-01 8.877251357054579683e-01 8.244281869081696579e-01 2.530602683809275444e-01 2.785386709722361132e-01 8.807400604200450456e-01 5.885074567362956754e-01 2.012701291641524337e-01 4.919072971380986647e-01 3.932823667192403283e-01 3.705528338960286661e-01 2.004722425943153974e-01 2.789854572503455143e-01 4.196596456542505682e-01 6.837932784571805200e-01 7.078122520561290765e-01 3.643216505525509463e-01 0.000000000000000000e+00 3.320067189430633281e-01 3.867424235996976822e-01 5.690592086562565877e-01 6.855842899781430244e-01
1.984708744066329689e-01 8.260202051025754555e-01 7.078804828107062574e-01 8.868326845633501820e-01 6.659842982285582025e-01 7.938680286422613586e-01 4.442547557420847837e-01 2.682493015357029220e-01 6.221009576695886167e-01 3.000049626765045052e-01 4.816573957408984419e-01 4.838911263750819702e-01 4.932511422985380589e-01 5.022248107421610763e-01 2.007490884863140090e-01 6.090659749044464721e-01 2.042665058351735841e-01 4.335168762957535837e-01 5.009051805646523858e-01 4.644477233103834757e-01 3.320067189430633281e-01 0.000000000000000000e+00 2.995451611916066792e-01 3.746128109791660443e-01 6.413906108238456305e-01
2.014173150164538517e-01 9.959720136446904570e-01 9.090378292737673060e-01 8.755646871374987983e-01 6.991396011052942727e-01 5.570028519782401766e-01 3.767106543724285661e-01 4.996528466782066968e-01 5.873730960642863375e-01 4.259697516031912268e-01 5.874722707077372208e-01 1.973696983755959811e-01 6.843147453382123491e-01 6.738873919798733514e-01 1.997535342745292708e-01 5.965412811893624490e-01 4.669631907339026888e-01 3.916659212862389494e-01 4.997643191197029822e-01 6.690744395307191006e-01 3.867424235996976822e-01 2.995451611916066792e-01 0.000000000000000000e+00 2.271745314327091037e-01 3.873693654206949444e-01
1.971349165836376038e-01 9.637453451749566913e-01 1.018756116171534831e+00 9.223826860226952418e-01 4.768122357437585834e-01 5.055284758204470208e-01 3.655605468655912516e-01 5.740046246395429375e-01 5.812159192633765681e-01 2.036423862416556207e-01 7.138468229264351983e-01 2.230465424643745531e-01 6.393335634808697820e-01 8.404981457701955483e-01 4.114612262302654866e-01 6.500326012400833298e-01 3.563029592651701938e-01 3.924127880119535061e-01 2.774369537581673484e-01 7.722851460402717638e-01 5.690592086562565877e-01 3.746128109791660443e-01 2.271745314327091037e-01 0.000000000000000000e+00 3.364549743718241448e-01
4.821213401657810649e-01 1.156493075938066939e+00 1.218878333961348925e+00 1.096182664595843681e+00 7.314395756836552520e-01 1.941725792020324304e-01 5.356191994364815079e-01 8.029587073669005592e-01 8.580753484880402349e-01 4.697845639083492175e-01 8.590636534733616658e-01 2.098358592543618784e-01 8.375416584754484806e-01 9.944129837962064622e-01 5.233357876139078657e-01 8.171592586477071096e-01 5.627565118966634250e-01 6.673273795533015695e-01 5.410124927468944467e-01 1.001239228767629275e+00 6.855842899781430244e-01 6.413906108238456305e-01 3.873693654206949444e-01 3.364549743718241448e-01 0.000000000000000000e+00
