0.000000000000000000e+00 3.117845439187340872e+01 2.103124414826983113e+01 2.051752788812929396e+01 1.678807145850691285e+01 1.516043483160540184e+01 1.514477153781019325e+01 1.220569350749115323e+01 2.160107424921192987e+01 1.210839849841713622e+01 1.115057203288199439e+01 2.294913595853149957e+01 2.104541441702211557e+01 2.624479415843365260e+01 1.446272166244926360e+01 8.794276421224410001e+00 1.909296629156545677e+01 2.407131244957940552e+01 1.185606692932056561e+01 7.873982012916653339e+00 1.367091494878228453e+01 2.406275918031219518e+01 7.286264190867617785e+00 7.083093304585401206e+00 2.844324495781735251e+01
3.117845439187340872e+01 0.000000000000000000e+00 3.029602140030208801e+01 2.033907916851327613e+01 1.615178187481584615e+01 2.064254563209966165e+01 1.799117593243770941e+01 3.136793031665710174e+01 1.210320870407332805e+01 3.051389457271683270e+01 2.767998128398939173e+01 1.255833151610963938e+01 1.117213230842436467e+01 1.076600562629725744e+01 2.118878614689708328e+01 2.294244446315519070e+01 2.106704797936528806e+01 8.169907615129973877e+00 2.219180533215775597e+01 3.381020732183205268e+01 2.456020474097422479e+01 1.779085301327831559e+01 2.478258056396364140e+01 3.351702977051962051e+01 6.896164481448110450e+00
2.103124414826983113e+01 3.029602140030208801e+01 0.000000000000000000e+00 3.353859357579781175e+01 1.610699003396014461e+01 2.606683058936555142e+01 1.920237566076517766e+01 1.275449080988268236e+01 3.302095640190452031e+01 1.156901104517244327e+01 2.286929843316197974e+01 2.113256548882976205e+01 2.645397629568184783e+01 2.798376187857352804e+01 9.898256102516352684e+00 1.767915392137492958e+01 2.782682284197447231e+01 2.320145619830644534e+01 2.744085060450895242e+01 1.920357739369501360e+01 8.708430817088181897e+00 2.896374646860871849e+01 1.425857291871373889e+01 1.810682254065362784e+01 3.367898597269898886e+01
2.051752788812929396e+01 2.033907916851327613e+01 3.353859357579781175e+01 0.000000000000000000e+00 2.511103351172998899e+01 1.472743152690640578e+01 1.470217123461200792e+01 2.815668088033974925e+01 1.194749814093222540e+01 2.741274074267222716e+01 1.174769209983097262e+01 2.049016877200325837e+01 1.988640865489537646e+01 1.072025049946854303e+01 2.398097293476721603e+01 1.813186968204115246e+01 8.916938757260430393e+00 2.613517911879117506e+01 8.790855266966122628e+00 2.693693338551706518e+01 2.709773377616117784e+01 8.614517128268630586e+00 2.016811804861092483e+01 2.568514053363291794e+01 1.358951674397970066e+01
1.678807145850691285e+01 1.615178187481584615e+01 1.610699003396014461e+01 2.511103351172998899e+01 0.000000000000000000e+00 1.496212140712289695e+01 1.466352966248238587e+01 1.529382395398708461e+01 2.110508296560850638e+01 2.037962848329895138e+01 2.155106854923707260e+01 1.175067584196630399e+01 1.091901172191555780e+01 2.028576342481182948e+01 1.010624568747418373e+01 8.645893959128336803e+00 2.279950830454133026e+01 8.122200962927205836e+00 1.674582601592335962e+01 1.796188879585439224e+01 8.835718905489502006e+00 2.251126634675128102e+01 1.709710508332806000e+01 2.365899891431360658e+01 2.242060090415180440e+01
1.516043483160540184e+01 2.064254563209966165e+01 2.606683058936555142e+01 1.472743152690640578e+01 1.496212140712289695e+01 0.000000000000000000e+00 2.403626630631178784e+01 2.009337900206312710e+01 1.197935224459011039e+01 2.530188169102313367e+01 1.522422987074616962e+01 2.656880125565138329e+01 1.148778647945657205e+01 2.167607779201457063e+01 2.284239016308128711e+01 9.105410778298836050e+00 1.819376877883799537e+01 1.907673628122211085e+01 7.881704747510486442e+00 2.058344303337432635e+01 1.735850626521115458e+01 2.095584062163172590e+01 1.894748985269028196e+01 2.198252749552761642e+01 1.888624324015422573e+01
1.514477153781019325e+01 1.799117593243770941e+01 1.920237566076517766e+01 1.470217123461200792e+01 1.466352966248238587e+01 2.403626630631178784e+01 0.000000000000000000e+00 2.403945285291182543e+01 2.179104843223698040e+01 1.553003361419089146e+01 1.127652016193336237e+01 1.113843934025541493e+01 2.527921748072254360e+01 1.116180670114997042e+01 9.644755019734578383e+00 2.021388003412288725e+01 8.722239593323235951e+00 1.705865125109421854e+01 1.745662826809349255e+01 2.271646805608551034e+01 1.635148980089057957e+01 1.068536994295850029e+01 9.103282107492285391e+00 1.746011484293571314e+01 1.789498167494435066e+01
1.220569350749115323e+01 3.136793031665710174e+01 1.275449080988268236e+01 2.815668088033974925e+01 1.529382395398708461e+01 2.009337900206312710e+01 2.403945285291182543e+01 0.000000000000000000e+00 2.754091632831525871e+01 2.146355791743744135e+01 2.172258949899035230e+01 2.299901719698271307e+01 2.291930733736036885e+01 3.177557059483378410e+01 1.530734360164488450e+01 1.098796822376428750e+01 2.861003400017351339e+01 2.341602491691429222e+01 1.973366861946495732e+01 7.838048622893700745e+00 7.818662993943897632e+00 3.301200528083593611e+01 1.949195769835876746e+01 1.609513812939169952e+01 3.449648958247333042e+01
2.160107424921192987e+01 1.210320870407332805e+01 3.302095640190452031e+01 1.194749814093222540e+01 2.110508296560850638e+01 1.197935224459011039e+01 2.179104843223698040e+01 2.754091632831525871e+01 0.000000000000000000e+00 3.111836001427810316e+01 1.775867518091768460e+01 2.296609056855273678e+01 1.078393420772427547e+01 1.298149449322970739e+01 2.972975550975221637e+01 1.655294810455097476e+01 1.650790259839113361e+01 1.771056893726557746e+01 1.066283094242561447e+01 2.750245481550893700e+01 2.446950306768537686e+01 1.540154454049936383e+01 2.450006042439717291e+01 2.822357305466158195e+01 7.094902386992310461e+00
1.210839849841713622e+01 3.051389457271683270e+01 1.156901104517244327e+01 2.741274074267222716e+01 2.037962848329895138e+01 2.530188169102313367e+01 1.553003361419089146e+01 2.146355791743744135e+01 3.111836001427810316e+01 0.000000000000000000e+00 1.625535587898800927e+01 2.152285407666987993e+01 3.129864020521451096e+01 2.637406421159830217e+01 1.047716561564699767e+01 2.049110133618737706e+01 2.254113138519933912e+01 2.610067730545840092e+01 2.107818925761879214e+01 1.545457715094037532e+01 1.651355051225376869e+01 2.585685326038376530e+01 7.524412536384944339e+00 7.812151745476997533e+00 3.239769213788034818e+01
1.115057203288199439e+01 2.767998128398939173e+01 2.286929843316197974e+01 1.174769209983097262e+01 2.155106854923707260e+01 1.522422987074616962e+01 1.127652016193336237e+01 2.172258949899035230e+01 1.775867518091768460e+01 1.625535587898800927e+01 0.000000000000000000e+00 2.114652664197947729e+01 2.237577189738963312e+01 1.758855821294444155e+01 1.419328918188757882e+01 1.315904055061008648e+01 8.409251393296951704e+00 2.688941277450959078e+01 7.932080253499914413e+00 1.842174505581808219e+01 2.140463547436667113e+01 1.500893456519160729e+01 8.989167722751931322e+00 1.514950569491436383e+01 2.129716806907251581e+01
2.294913595853149957e+01 1.255833151610963938e+01 2.113256548882976205e+01 2.049016877200325837e+01 1.175067584196630399e+01 2.656880125565138329e+01 1.113843934025541493e+01 2.299901719698271307e+01 2.296609056855273678e+01 2.152285407666987993e+01 2.114652664197947729e+01 0.000000000000000000e+00 1.879600269155880454e+01 1.200644775837939093e+01 1.196546063261160953e+01 1.886546812757434566e+01 1.728750498481479170e+01 1.025359260565955033e+01 2.613793596255212037e+01 2.769524801074886966e+01 1.543058615063835504e+01 1.473256675346708278e+01 1.616726308818009272e+01 2.487089677413063171e+01 1.593850072548327823e+01
2.104541441702211557e+01 1.117213230842436467e+01 2.645397629568184783e+01 1.988640865489537646e+01 1.091901172191555780e+01 1.148778647945657205e+01 2.527921748072254360e+01 2.291930733736036885e+01 1.078393420772427547e+01 3.129864020521451096e+01 2.237577189738963312e+01 1.879600269155880454e+01 0.000000000000000000e+00 2.093868104020109655e+01 2.102525740938973797e+01 1.273829067230408896e+01 2.469213556165422929e+01 8.555989124040818794e+00 1.459512152253920192e+01 2.426776263863157368e+01 1.868448520291485337e+01 2.565617228141141837e+01 2.582669965860979389e+01 2.801705622088168823e+01 1.429821956526489757e+01
2.624479415843365260e+01 1.076600562629725744e+01 2.798376187857352804e+01 1.072025049946854303e+01 2.028576342481182948e+01 2.167607779201457063e+01 1.116180670114997042e+01 3.177557059483378410e+01 1.298149449322970739e+01 2.637406421159830217e+01 1.758855821294444155e+01 1.200644775837939093e+01 2.093868104020109655e+01 0.000000000000000000e+00 1.825079432917081235e+01 2.581561273050990124e+01 1.132138762469643112e+01 1.594357728888532755e+01 1.666453694445001332e+01 3.380989237607226272e+01 2.420984253388698804e+01 7.329269149347654277e+00 2.020330472811573941e+01 2.856013746355916538e+01 7.182706760703925220e+00
1.446272166244926360e+01 2.118878614689708328e+01 9.898256102516352684e+00 2.398097293476721603e+01 1.010624568747418373e+01 2.284239016308128711e+01 9.644755019734578383e+00 1.530734360164488450e+01 2.972975550975221637e+01 1.047716561564699767e+01 1.419328918188757882e+01 1.196546063261160953e+01 2.102525740938973797e+01 1.825079432917081235e+01 0.000000000000000000e+00 1.445471349509066528e+01 1.830705360925283642e+01 1.570476844014427620e+01 2.025312462386406764e+01 2.059721100248805925e+01 7.806484926785992151e+00 1.923077891920600635e+01 7.310785548200274597e+00 1.535745112594678474e+01 2.394601842329626962e+01
8.794276421224410001e+00 2.294244446315519070e+01 1.767915392137492958e+01 1.813186968204115246e+01 8.645893959128336803e+00 9.105410778298836050e+00 2.021388003412288725e+01 1.098796822376428750e+01 1.655294810455097476e+01 2.049110133618737706e+01 1.315904055061008648e+01 1.886546812757434566e+01 1.273829067230408896e+01 2.581561273050990124e+01 1.445471349509066528e+01 0.000000000000000000e+00 1.881253805251904510e+01 1.574102789977794536e+01 9.766662186234539078e+00 1.152947196632748650e+01 8.970829597220539853e+00 2.358187368763858771e+01 1.466068571000575638e+01 1.567197271924113799e+01 2.350852135870903581e+01
1.909296629156545677e+01 2.106704797936528806e+01 2.782682284197447231e+01 8.916938757260430393e+00 2.279950830454133026e+01 1.819376877883799537e+01 8.722239593323235951e+00 2.861003400017351339e+01 1.650790259839113361e+01 2.254113138519933912e+01 8.409251393296951704e+00 1.728750498481479170e+01 2.469213556165422929e+01 1.132138762469643112e+01 1.830705360925283642e+01 1.881253805251904510e+01 0.000000000000000000e+00 2.310195499925033857e+01 1.051849689376293462e+01 2.636413931450154990e+01 2.497700930174642409e+01 7.401064941035795819e+00 1.536189778935486849e+01 2.298895982800459237e+01 1.576147470918488480e+01
2.407131244957940552e+01 8.169907615129973877e+00 2.320145619830644534e+01 2.613517911879117506e+01 8.122200962927205836e+00 1.907673628122211085e+01 1.705865125109421854e+01 2.341602491691429222e+01 1.771056893726557746e+01 2.610067730545840092e+01 2.688941277450959078e+01 1.025359260565955033e+01 8.555989124040818794e+00 1.594357728888532755e+01 1.570476844014427620e+01 1.574102789977794536e+01 2.310195499925033857e+01 0.000000000000000000e+00 2.237222599325021477e+01 2.582048587850241006e+01 1.691217798411932804e+01 2.041734601334866639e+01 2.137142855417216580e+01 2.989625411882275685e+01 1.488363619683244110e+01
1.185606692932056561e+01 2.219180533215775597e+01 2.744085060450895242e+01 8.790855266966122628e+00 1.674582601592335962e+01 7.881704747510486442e+00 1.745662826809349255e+01 1.973366861946495732e+01 1.066283094242561447e+01 2.107818925761879214e+01 7.932080253499914413e+00 2.613793596255212037e+01 1.459512152253920192e+01 1.666453694445001332e+01 2.025312462386406764e+01 9.766662186234539078e+00 1.051849689376293462e+01 2.237222599325021477e+01 0.000000000000000000e+00 1.827014860349836667e+01 1.873252628035456269e+01 1.433031721379407486e+01 1.443876983631847821e+01 1.839155865655437694e+01 1.723817025262589553e+01
7.873982012916653339e+00 3.381020732183205268e+01 1.920357739369501360e+01 2.693693338551706518e+01 1.796188879585439224e+01 2.058344303337432635e+01 2.271646805608551034e+01 7.838048622893700745e+00 2.750245481550893700e+01 1.545457715094037532e+01 1.842174505581808219e+01 2.769524801074886966e+01 2.426776263863157368e+01 3.380989237607226272e+01 2.059721100248805925e+01 1.152947196632748650e+01 2.636413931450154990e+01 2.582048587850241006e+01 1.827014860349836667e+01 0.000000000000000000e+00 1.299269985755853618e+01 3.142061332181178557e+01 1.483363930952330456e+01 8.848234912701483879e+00 3.434462552411437031e+01
1.367091494878228453e+01 2.456020474097422479e+01 8.708430817088181897e+00 2.709773377616117784e+01 8.835718905489502006e+00 1.735850626521115458e+01 1.635148980089057957e+01 7.818662993943897632e+00 2.446950306768537686e+01 1.651355051225376869e+01 2.140463547436667113e+01 1.543058615063835504e+01 1.868448520291485337e+01 2.420984253388698804e+01 7.806484926785992151e+00 8.970829597220539853e+00 2.497700930174642409e+01 1.691217798411932804e+01 1.873252628035456269e+01 1.299269985755853618e+01 0.000000000000000000e+00 2.532404222881468669e+01 1.459799601865981700e+01 1.981975613368691924e+01 2.828304344207578325e+01
2.406275918031219518e+01 1.779085301327831559e+01 2.896374646860871849e+01 8.614517128268630586e+00 2.251126634675128102e+01 2.095584062163172590e+01 1.068536994295850029e+01 3.301200528083593611e+01 1.540154454049936383e+01 2.585685326038376530e+01 1.500893456519160729e+01 1.473256675346708278e+01 2.565617228141141837e+01 7.329269149347654277e+00 1.923077891920600635e+01 2.358187368763858771e+01 7.401064941035795819e+00 2.041734601334866639e+01 1.433031721379407486e+01 3.142061332181178557e+01 2.532404222881468669e+01 0.000000000000000000e+00 1.887006861549016179e+01 2.683487186966321048e+01 1.347666585895584035e+01
7.286264190867617785e+00 2.478258056396364140e+01 1.425857291871373889e+01 2.016811804861092483e+01 1.709710508332806000e+01 1.894748985269028196e+01 9.103282107492285391e+00 1.949195769835876746e+01 2.450006042439717291e+01 7.524412536384944339e+00 8.989167722751931322e+00 1.616726308818009272e+01 2.582669965860979389e+01 2.020330472811573941e+01 7.310785548200274597e+00 1.466068571000575638e+01 1.536189778935486849e+01 2.137142855417216580e+01 1.443876983631847821e+01 1.483363930952330456e+01 1.459799601865981700e+01 1.887006861549016179e+01 0.000000000000000000e+00 8.785902489297935603e+00 2.651378954275150690e+01
7.083093304585401206e+00 3.351702977051962051e+01 1.810682254065362784e+01 2.568514053363291794e+01 2.365899891431360658e+01 2.198252749552761642e+01 1.746011484293571314e+01 1.609513812939169952e+01 2.822357305466158195e+01 7.812151745476997533e+00 1.514950569491436383e+01 2.487089677413063171e+01 2.801705622088168823e+01 2.856013746355916538e+01 1.535745112594678474e+01 1.567197271924113799e+01 2.298895982800459237e+01 2.989625411882275685e+01 1.839155865655437694e+01 8.848234912701483879e+00 1.981975613368691924e+01 2.683487186966321048e+01 8.785902489297935603e+00 0.000000000000000000e+00 3.506574376326701525e+01
2.844324495781735251e+01 6.896164481448110450e+00 3.367898597269898886e+01 1.358951674397970066e+01 2.242060090415180440e+01 1.888624324015422573e+01 1.789498167494435066e+01 3.449648958247333042e+01 7.094902386992310461e+00 3.239769213788034818e+01 2.129716806907251581e+01 1.593850072548327823e+01 1.429821956526489757e+01 7.182706760703925220e+00 2.394601842329626962e+01 2.350852135870903581e+01 1.576147470918488480e+01 1.488363619683244110e+01 1.723817025262589553e+01 3.434462552411437031e+01 2.828304344207578325e+01 1.347666585895584035e+01 2.651378954275150690e+01 3.506574376326701525e+01 0.000000000000000000e+00
