0.000000000000000000e+00 5.821136390636663105e-01 5.437553303620480394e-01 4.743432168195316212e-01 4.296944323584705461e-01 3.680209982175617345e-01 3.608935021677954214e-01 3.099319104268775105e-01 2.993630756355347700e-01 2.743147613611504054e-01 3.000390572027720193e-01 2.297023701955379915e-01 2.284169505031352909e-01 4.535896818539032482e-01 2.363741808022463975e-01 3.796002157606659377e-01 2.394859634026860751e-01 1.721012858768853904e-01 3.162565073874715749e-01 4.385794521502354715e-01 1.700604663739097022e-01 1.823277824347106224e-01 4.467776402448159767e-01 1.584262940642793827e-01 3.241274844641260366e-01 1.664307712940903961e-01 2.659876843456958628e-01 1.311921520355742998e-01 1.313907044997343898e-01 1.310772173915250027e-01 4.335108689141015659e-01 2.392947854125845042e-01 4.320714212054369008e-01 2.830616984703258621e-01 2.465759835003058509e-01 2.646003054195855131e-01 3.271887803614693113e-01 1.124706509553818068e-01 3.410991316827957642e-01 4.956089977018204307e-01 2.103723584736624796e-01 3.916536995395467069e-01 2.191978889325684188e-01 3.771881532197964848e-01 2.000952863437359674e-01 2.242694105413566563e-01 1.653793334220155786e-01 9.216210747035884221e-02 3.298971201440226708e-01 4.476365520725960612e-01
5.821136390636663105e-01 0.000000000000000000e+00 1.041560641963616751e+00 9.951424095219552068e-01 9.903134072608972271e-01 6.987563881581170255e-01 7.139671054684797458e-01 7.204431960893612485e-01 3.098619991594310785e-01 8.249487578332858062e-01 8.184496738122052362e-01 5.272583312128054089e-01 5.404670974511698311e-01 1.005560360110207885e+00 5.117430221126956225e-01 8.649124532185977765e-01 8.131957829522600267e-01 6.090838358276154940e-01 8.218592722969110254e-01 1.611141987134771525e-01 4.565495325651701131e-01 7.084600491710224546e-01 9.895306516364946736e-01 6.369663440727773018e-01 8.449266771665497888e-01 7.102228514936027581e-01 5.890337742701631241e-01 4.605881789065447429e-01 5.759943000818938952e-01 5.805001385584940277e-01 9.768934784861955656e-01 4.222471594983357446e-01 9.109625929038421832e-01 8.038608911727496142e-01 5.996495868009903418e-01 7.525718976246934533e-01 8.859951358221607176e-01 5.293314533403811195e-01 8.873038556849196512e-01 1.041813721703944484e+00 7.879030612454184235e-01 9.120954679492021544e-01 6.083605678609664835e-01 8.270788533538574461e-01 4.365051198423945400e-01 7.085205424698172161e-01 5.071434611471306031e-01 6.400647980349358779e-01 8.964954892401928443e-01 9.984972345204159438e-01
5.437553303620480394e-01 1.041560641963616751e+00 0.000000000000000000e+00 5.656357560600355772e-01 5.937177698980173890e-01 8.578568123445685645e-01 8.746356233547797343e-01 3.340429936448630066e-01 7.447679738476129518e-01 3.224685745015378746e-01 3.977537539905632857e-01 6.742540618149216458e-01 7.411263189423090703e-01 2.158466465765905284e-01 5.409006560401058428e-01 2.043311396962010085e-01 4.723639307717336644e-01 4.515631513528513552e-01 2.426380035183520467e-01 8.964484935180366820e-01 6.602190899358866272e-01 3.811846325862634499e-01 1.522117392552815307e-01 4.311357009534801943e-01 4.266618899107819107e-01 3.870860153650022562e-01 7.558234984727025818e-01 6.369741508961599408e-01 5.833501393199269636e-01 6.634078705143204857e-01 1.264963229612256768e-01 6.456847824625990828e-01 1.305980490597747623e-01 2.994726279798008428e-01 7.603181046872903304e-01 3.155301474015639873e-01 4.838959304131298378e-01 5.587835889179596505e-01 2.281024779518425749e-01 1.078897370659823857e-01 4.231716003512095980e-01 5.096050709315464999e-01 4.445616405124785397e-01 2.280335702016859922e-01 6.250148904555241636e-01 3.589031804737224385e-01 5.688869948904449192e-01 4.547367413165486760e-01 5.396008592023474604e-01 2.025037145498439772e-01
4.743432168195316212e-01 9.951424095219552068e-01 5.656357560600355772e-01 0.000000000000000000e+00 6.023872708758427619e-01 7.633545401092375338e-01 7.966619894677506863e-01 4.472048447301123497e-01 7.122483076880109509e-01 3.976747469341148644e-01 2.424736250618712008e-01 6.090756822001314186e-01 6.631526850552800223e-01 5.083560888568687819e-01 5.736418951880786210e-01 3.887008616623781609e-01 4.436213617119236230e-01 5.949196778996365120e-01 5.450542473759169004e-01 8.516082226085242013e-01 6.381128713627925997e-01 3.113569510393883188e-01 5.434306885561035472e-01 3.958100537501993421e-01 1.517735656959726120e-01 4.640332564799596327e-01 6.613212262373717731e-01 5.467644926975036013e-01 4.935427974328481793e-01 5.971592770108266057e-01 4.556769375686502976e-01 5.813926470007783065e-01 5.022708344684779780e-01 2.730333981879945471e-01 6.823444708002613934e-01 3.571412117642061568e-01 4.955692285314085010e-01 5.866423878517867951e-01 4.295184981941368441e-01 5.579494784357017512e-01 4.620881987851025996e-01 1.073303732530044713e-01 4.719163316864809499e-01 4.730570008400780124e-01 6.478236527120847521e-01 5.424017375898337878e-01 5.074771950102093809e-01 3.845965154147513720e-01 5.178176018393322311e-01 4.945590126403160425e-01
4.296944323584705461e-01 9.903134072608972271e-01 5.937177698980173890e-01 6.023872708758427619e-01 0.000000000000000000e+00 7.726779919062461977e-01 7.725091125030256745e-01 5.315359312731753327e-01 7.075628438327657976e-01 2.850095958482570246e-01 4.742389453643334196e-01 6.343593638842227600e-01 6.389998080905548994e-01 4.996514783143133354e-01 6.180728394632194478e-01 4.722380042791632926e-01 1.913940565501968949e-01 4.919460673718510924e-01 4.483928296521890178e-01 8.467792203474662216e-01 5.876704475757182911e-01 3.192776648938610573e-01 5.173925634463691914e-01 4.649793940690124527e-01 4.521715385204372328e-01 3.456376793238095657e-01 6.706446780343804370e-01 5.393919202328052442e-01 5.223363414268152871e-01 5.607716497499957153e-01 4.803659835484090368e-01 6.245599820988834150e-01 5.278882997420677459e-01 3.867599625982627298e-01 6.581915938355363815e-01 4.624565997496011271e-01 1.130756362140938748e-01 5.086396545232996225e-01 3.949884866633444069e-01 5.453171962484161250e-01 2.493777733759768300e-01 5.365828753246291161e-01 5.584743264012069774e-01 5.497811843752583583e-01 6.087060282458781613e-01 4.383310393524926796e-01 5.506445301083146004e-01 3.526102304647949492e-01 1.003643526509642447e-01 4.936983485330062038e-01
3.680209982175617345e-01 6.987563881581170255e-01 8.578568123445685645e-01 7.633545401092375338e-01 7.726779919062461977e-01 0.000000000000000000e+00 5.693062556730539292e-01 5.813295815580205028e-01 4.160275875783702171e-01 6.154857014671907267e-01 5.886929561997099603e-01 2.244273334670064401e-01 4.100055306870356020e-01 7.894519994407903640e-01 4.425704525784890375e-01 6.604294290884188401e-01 5.962081683629901763e-01 5.401222840944470693e-01 6.801325784593060808e-01 5.548915740192079671e-01 4.054580879889229106e-01 4.766721797583050035e-01 8.106537113166507602e-01 4.298239651954225415e-01 6.131388077538321157e-01 5.303068423659250685e-01 1.370837002253785242e-01 2.819798109978393641e-01 2.848420751755432745e-01 4.137690416603475585e-01 7.477806171953146341e-01 3.242958839530968307e-01 7.577459800406712853e-01 5.720730217600321632e-01 4.549887370055646363e-01 5.454295187473385820e-01 6.683597204675096881e-01 4.565828582067554819e-01 6.900976303089746411e-01 8.351177173748933757e-01 5.719922045174722358e-01 6.803075985364844813e-01 4.634968001414001559e-01 6.543262838193083519e-01 4.486624587992951163e-01 5.907016761038007546e-01 3.438190248969899554e-01 4.224293826802851815e-01 6.788600738855421479e-01 7.791728523220465830e-01
3.608935021677954214e-01 7.139671054684797458e-01 8.746356233547797343e-01 7.966619894677506863e-01 7.725091125030256745e-01 5.693062556730539292e-01 0.000000000000000000e+00 6.282155146452824690e-01 4.276931164282838371e-01 6.153168220639703145e-01 6.220004055582231128e-01 4.196740326114938857e-01 2.176127425161353546e-01 7.892831200375700629e-01 5.071240072578491187e-01 6.991838861415404782e-01 5.930083988041995324e-01 5.164369431771804742e-01 6.750856788165846556e-01 5.704329185550488512e-01 2.984444942520944055e-01 5.099796291168181561e-01 8.056068116739292240e-01 4.767098982826844522e-01 6.464462571123451573e-01 5.252599427232036433e-01 4.665242178716584864e-01 2.873264446752147871e-01 3.997086478548991795e-01 2.501100943223049100e-01 7.612838370051708825e-01 4.130897299544670775e-01 7.909005926345500370e-01 6.053804711185450937e-01 1.159582208816195420e-01 5.841839758004601091e-01 6.681908410642891649e-01 4.006396813198010443e-01 6.899287509057541179e-01 8.349488379716728526e-01 5.687924349586814809e-01 7.136150478949976339e-01 5.234616648156154017e-01 6.967718236006710253e-01 4.039196049408486089e-01 5.819684669465260418e-01 4.545732127243098386e-01 4.198988820382310583e-01 6.786911944823216247e-01 7.806929397625446132e-01
3.099319104268775105e-01 7.204431960893612485e-01 3.340429936448630066e-01 4.472048447301123497e-01 5.315359312731753327e-01 5.813295815580205028e-01 6.282155146452824690e-01 0.000000000000000000e+00 4.255336108870164114e-01 3.002055818002191123e-01 2.473046026472990877e-01 3.673604874038606249e-01 4.826614396601403012e-01 3.690751298144784309e-01 2.096591490217043496e-01 1.926842885975072195e-01 3.416666501657398824e-01 1.692354143016834012e-01 1.665208975984543982e-01 5.753310476437812904e-01 3.946366109771284880e-01 2.185068608243845856e-01 3.118414134337178512e-01 1.515056163625981278e-01 3.055915248847784205e-01 1.947623849112414263e-01 4.792962676861547977e-01 3.647755527027237155e-01 3.037200547290447306e-01 4.295103599435177166e-01 3.151688021481946489e-01 3.191415479488138307e-01 2.087621669335206487e-01 2.806810428023028270e-01 5.138979959777930651e-01 1.286251167540105322e-01 4.196945451856889386e-01 2.870189457437185010e-01 2.815859153782338531e-01 3.680803208780752955e-01 2.880000256824400973e-01 3.543283104096263125e-01 1.219463862137206145e-01 1.083550320616543106e-01 3.128635513387050260e-01 9.519689285972149362e-02 2.493292932636146375e-01 2.425715037414253039e-01 4.332633945014888188e-01 3.675293706501542301e-01
2.993630756355347700e-01 3.098619991594310785e-01 7.447679738476129518e-01 7.122483076880109509e-01 7.075628438327657976e-01 4.160275875783702171e-01 4.276931164282838371e-01 4.255336108870164114e-01 0.000000000000000000e+00 5.264922610701201489e-01 5.270581750011020805e-01 2.439706694650402019e-01 2.541247653648897042e-01 7.071038633470425605e-01 2.168334369103508408e-01 5.700028680162531058e-01 5.287464462850532954e-01 3.106273390644496146e-01 5.234027755337451460e-01 1.647498507138512314e-01 1.580930358020044280e-01 4.257094857428907475e-01 6.910741548733294604e-01 3.455748452616742572e-01 5.621761137384179152e-01 4.117663547304368232e-01 3.063049736904162601e-01 1.767246041864777850e-01 2.932437366537622436e-01 2.820436417953282593e-01 6.897655939739570918e-01 1.308556606872327277e-01 6.141699247878384949e-01 5.211103277446179627e-01 3.133755977607942667e-01 4.611803988135904642e-01 6.032445723940289550e-01 2.308749565772154067e-01 5.888473589217542159e-01 7.433572249407788268e-01 4.894465644822527106e-01 6.282193272659459815e-01 3.134509826586214798e-01 5.321692681515125534e-01 1.380486230792288271e-01 4.100640457066512257e-01 2.157519623360276140e-01 3.573142346068042818e-01 6.137449258120613038e-01 7.011507335657349849e-01
2.743147613611504054e-01 8.249487578332858062e-01 3.224685745015378746e-01 3.976747469341148644e-01 2.850095958482570246e-01 6.154857014671907267e-01 6.153168220639703145e-01 3.002055818002191123e-01 5.264922610701201489e-01 0.000000000000000000e+00 2.634730008155719561e-01 4.771670734451670670e-01 4.818075176514997060e-01 2.284022829178338487e-01 4.275167232461307143e-01 2.091120244784186732e-01 1.846110046739167232e-01 2.888649253543415507e-01 1.724948146168920615e-01 6.798366093877057370e-01 3.952077934050005070e-01 1.561179014856118874e-01 2.393231578044997532e-01 3.077871036299570373e-01 2.474590145787093354e-01 1.425565373063001073e-01 5.134523875953249661e-01 3.821996297937497178e-01 3.651440509877598162e-01 3.966905864087676981e-01 2.091167881519294669e-01 4.673676916598278885e-01 2.455728379770073799e-01 1.455748997462836536e-01 5.009993033964809106e-01 2.864715697053993870e-01 1.719339596341631915e-01 3.080312716435103515e-01 1.193010724028569780e-01 2.738109384218817000e-01 1.078667771177334589e-01 3.318703513829011631e-01 3.978311799994866949e-01 2.763117329265515898e-01 4.107150431818125669e-01 2.119616174629315175e-01 3.934522396692591295e-01 1.954179400257395338e-01 2.492579152556047839e-01 2.224491531365265784e-01
3.000390572027720193e-01 8.184496738122052362e-01 3.977537539905632857e-01 2.424736250618712008e-01 4.742389453643334196e-01 5.886929561997099603e-01 6.220004055582231128e-01 2.473046026472990877e-01 5.270581750011020805e-01 2.634730008155719561e-01 0.000000000000000000e+00 4.246016906008694414e-01 4.884911011457525043e-01 3.483932525366562061e-01 3.737416531052653035e-01 1.978848690921992115e-01 3.121196677080756987e-01 3.950194358168233055e-01 3.422149284884733467e-01 6.733375253666252780e-01 4.634512874532649152e-01 1.606021418263063882e-01 3.834678522358909158e-01 1.959098116673861356e-01 1.465824641436000997e-01 3.015197699114789409e-01 4.866596423278442551e-01 3.721029087879758057e-01 3.178991746740084112e-01 4.224976931012990322e-01 2.914675008813217838e-01 3.962025143138693251e-01 3.075225659070240924e-01 1.180429816117508635e-01 5.076828868907339309e-01 1.300958691656282917e-01 3.674209030198991033e-01 4.119808039422592216e-01 2.695556618739242682e-01 3.979866421154890088e-01 3.314738098536560984e-01 1.358192727103155750e-01 2.720160896036677434e-01 2.383980101788137906e-01 4.626335200251757707e-01 3.425014955070206368e-01 3.222870623233005105e-01 2.102923557979917424e-01 3.896692763278229443e-01 3.345961763201034667e-01
2.297023701955379915e-01 5.272583312128054089e-01 6.742540618149216458e-01 6.090756822001314186e-01 6.343593638842227600e-01 2.244273334670064401e-01 4.196740326114938857e-01 3.673604874038606249e-01 2.439706694650402019e-01 4.771670734451670670e-01 4.246016906008694414e-01 0.000000000000000000e+00 2.603733076254753365e-01 6.511333714187670374e-01 2.234255273065573755e-01 4.737238247544381942e-01 4.578895403409666276e-01 3.754249883616401218e-01 5.338813850023149676e-01 3.833935170738965725e-01 2.467440962285736838e-01 3.383535517362811773e-01 6.723350832946268785e-01 2.431183608614414515e-01 4.611275724038950141e-01 3.919882143439014088e-01 1.292391729548278689e-01 1.323475879362791263e-01 1.280246280114031576e-01 2.685929832103708392e-01 5.873091095737240641e-01 1.224088613155656646e-01 5.710403757066906394e-01 4.260105074906745393e-01 3.053565139440043152e-01 3.587239144133577695e-01 5.300410924454862505e-01 3.135545693729490102e-01 5.517790022869512034e-01 6.967990893528694940e-01 4.336735764954485761e-01 5.250467017780665602e-01 2.454141011901399549e-01 4.676206794853276505e-01 2.515124459432176440e-01 4.523830480817772060e-01 1.246740996250581962e-01 2.841107546582612997e-01 5.405414458635182662e-01 6.408542243000227012e-01
2.284169505031352909e-01 5.404670974511698311e-01 7.411263189423090703e-01 6.631526850552800223e-01 6.389998080905548994e-01 4.100055306870356020e-01 2.176127425161353546e-01 4.826614396601403012e-01 2.541247653648897042e-01 4.818075176514997060e-01 4.884911011457525043e-01 2.603733076254753365e-01 0.000000000000000000e+00 6.557738156250992878e-01 3.497178958675895011e-01 5.617612871905386385e-01 4.594990943917289239e-01 3.890906091747410311e-01 5.415763744041141026e-01 3.969329105377388811e-01 1.704053643415867070e-01 3.764703247043473811e-01 6.720975072614583379e-01 3.311558232975421179e-01 5.129369526998746043e-01 3.917506383107328682e-01 3.072234928856398817e-01 1.280257196891961546e-01 2.541545728697567896e-01 1.541261902256664262e-01 6.277745325927003295e-01 2.496629792061137443e-01 6.573912882220792619e-01 4.718711667060744297e-01 1.229796706505415921e-01 4.467613768494583804e-01 5.346815366518186119e-01 2.735888906989654701e-01 5.564194464932835649e-01 7.014395335592019665e-01 4.352831305462108724e-01 5.801057434825269699e-01 3.779075898304730674e-01 5.556581419214281503e-01 2.516272094561954331e-01 4.510976283893745609e-01 3.090191377391673933e-01 2.863895776257601722e-01 5.451818900698507386e-01 6.471836353500737271e-01
4.535896818539032482e-01 1.005560360110207885e+00 2.158466465765905284e-01 5.083560888568687819e-01 4.996514783143133354e-01 7.894519994407903640e-01 7.892831200375700629e-01 3.690751298144784309e-01 7.071038633470425605e-01 2.284022829178338487e-01 3.483932525366562061e-01 6.511333714187670374e-01 6.557738156250992878e-01 0.000000000000000000e+00 5.645676563914103774e-01 1.992995528285388118e-01 3.782976391880297218e-01 4.110527266768359000e-01 2.186284346340355289e-01 8.604482116646281487e-01 5.758193956819228632e-01 3.139004783633142504e-01 1.521376965382738866e-01 4.165193450776366046e-01 3.640659119001410926e-01 3.038049758538797773e-01 6.874186855689251585e-01 5.561659277673499657e-01 5.391103489613597866e-01 5.790081762603567217e-01 1.226736211171279428e-01 6.312385296520780509e-01 2.059743220562760269e-01 2.353226906688744013e-01 6.749656013700811030e-01 3.009137915257202867e-01 3.898296388294257842e-01 4.886428739204324856e-01 1.182565044252881364e-01 1.099852528598086049e-01 3.237794711793857694e-01 4.565720040954959758e-01 4.558514381861705211e-01 2.885804291131734978e-01 5.846154439116528767e-01 3.132293052181244208e-01 5.547046778997907213e-01 3.693842379993393932e-01 4.455345676186435733e-01 8.992481475674178604e-02
2.363741808022463975e-01 5.117430221126956225e-01 5.409006560401058428e-01 5.736418951880786210e-01 6.180728394632194478e-01 4.425704525784890375e-01 5.071240072578491187e-01 2.096591490217043496e-01 2.168334369103508408e-01 4.275167232461307143e-01 3.737416531052653035e-01 2.234255273065573755e-01 3.497178958675895011e-01 5.645676563914103774e-01 0.000000000000000000e+00 3.701207990339151488e-01 4.392038087134433333e-01 1.696528785985138843e-01 3.569975031074880123e-01 3.666308736671157753e-01 2.086795130057546854e-01 3.206241811900333305e-01 5.088887756761107939e-01 1.873749613178160578e-01 4.268000142575922307e-01 3.079480117302231257e-01 3.427254769379031729e-01 2.629830741622091184e-01 1.933660976848050050e-01 2.955810260261259592e-01 4.926053125846024949e-01 1.311221126955830207e-01 4.103026069803311637e-01 3.916829493443718113e-01 4.106047428317096126e-01 2.794781680155784542e-01 5.137545680244828272e-01 1.255155250019704405e-01 4.667448998061847765e-01 5.651276831204682383e-01 3.904710266582632205e-01 4.807653608675925283e-01 1.135689136762835089e-01 3.180141810833586047e-01 1.032044023170006625e-01 2.589966096042234378e-01 9.875142768149920702e-02 2.709489479289483027e-01 5.242549214425150650e-01 5.534811585179496563e-01
3.796002157606659377e-01 8.649124532185977765e-01 2.043311396962010085e-01 3.887008616623781609e-01 4.722380042791632926e-01 6.604294290884188401e-01 6.991838861415404782e-01 1.926842885975072195e-01 5.700028680162531058e-01 2.091120244784186732e-01 1.978848690921992115e-01 4.737238247544381942e-01 5.617612871905386385e-01 1.992995528285388118e-01 3.701207990339151488e-01 0.000000000000000000e+00 3.418660605507653494e-01 3.560758721670253535e-01 1.833226887890176404e-01 7.198003047730178183e-01 5.406347680365821695e-01 2.385043120804714034e-01 2.419178133622973403e-01 2.306054638929966039e-01 2.623614054261487749e-01 3.194587063023938689e-01 5.583961152165531905e-01 4.438754002331222193e-01 3.828199022594432344e-01 4.996811736846162866e-01 1.224845135506873600e-01 4.453246484674381334e-01 1.171657461576282311e-01 1.351721434951676515e-01 5.848663674740510743e-01 1.149999103410803830e-01 3.624161647942757969e-01 4.738594036090604811e-01 1.436423917019698238e-01 2.414616758699944521e-01 3.133576476002787881e-01 3.257171322967512550e-01 2.565518853576316261e-01 1.101008448377937821e-01 4.733252013509158251e-01 2.786814360233236809e-01 3.687907967151505817e-01 2.965674757835444764e-01 4.091029889813792564e-01 1.833603594840346462e-01
2.394859634026860751e-01 8.131957829522600267e-01 4.723639307717336644e-01 4.436213617119236230e-01 1.913940565501968949e-01 5.962081683629901763e-01 5.930083988041995324e-01 3.416666501657398824e-01 5.287464462850532954e-01 1.846110046739167232e-01 3.121196677080756987e-01 4.578895403409666276e-01 4.594990943917289239e-01 3.782976391880297218e-01 4.392038087134433333e-01 3.418660605507653494e-01 0.000000000000000000e+00 3.005520108216542252e-01 2.887911593119283915e-01 6.696615960388290212e-01 3.974619786199335980e-01 1.605117557299419184e-01 3.960387243200854668e-01 2.930758290591040649e-01 2.934056293565180384e-01 1.542436227736127541e-01 4.941748544911245267e-01 3.622742959241679328e-01 3.461644313717999744e-01 3.705631807942111333e-01 3.590121444221253122e-01 4.483880720438682133e-01 4.018288767666628458e-01 2.353458010241210596e-01 4.786908801367102395e-01 2.910172763760831560e-01 1.141564350462682675e-01 3.184311855675149294e-01 2.736346475370607934e-01 4.239633571221324004e-01 1.055181182138089369e-01 3.778169661607099772e-01 3.865707613912984786e-01 3.645682664354954472e-01 4.184975592900934682e-01 2.469369828022957569e-01 3.744726200532992877e-01 1.740766991709459810e-01 9.159674433574895025e-02 3.723445094067225902e-01
1.721012858768853904e-01 6.090838358276154940e-01 4.515631513528513552e-01 5.949196778996365120e-01 4.919460673718510924e-01 5.401222840944470693e-01 5.164369431771804742e-01 1.692354143016834012e-01 3.106273390644496146e-01 2.888649253543415507e-01 3.950194358168233055e-01 3.754249883616401218e-01 3.890906091747410311e-01 4.110527266768359000e-01 1.696528785985138843e-01 3.560758721670253535e-01 3.005520108216542252e-01 0.000000000000000000e+00 2.127754364692956146e-01 4.639716873820354803e-01 2.254011966754451146e-01 2.992057808726738544e-01 3.869134283567862709e-01 2.345515312093741922e-01 4.473983944857368722e-01 1.576681744704010457e-01 4.380889702225813642e-01 2.952269369022063605e-01 3.034919903766197802e-01 2.733253444772618113e-01 4.127028287867520184e-01 2.971091165078531549e-01 3.217890398715825828e-01 4.020660838401984849e-01 4.054165298330789091e-01 2.924793309690172927e-01 3.858742734592934265e-01 1.177835314420351415e-01 3.070725459800600077e-01 4.438806254536270535e-01 2.518192287664740014e-01 5.020431435791504748e-01 1.300108871715000836e-01 2.540234025276854046e-01 1.758410880125808040e-01 9.943670664220161104e-02 2.573937942213940788e-01 2.224125348392988477e-01 3.921487551574031061e-01 4.090341189379274600e-01
3.162565073874715749e-01 8.218592722969110254e-01 2.426380035183520467e-01 5.450542473759169004e-01 4.483928296521890178e-01 6.801325784593060808e-01 6.750856788165846556e-01 1.665208975984543982e-01 5.234027755337451460e-01 1.724948146168920615e-01 3.422149284884733467e-01 5.338813850023149676e-01 5.415763744041141026e-01 2.186284346340355289e-01 3.569975031074880123e-01 1.833226887890176404e-01 2.887911593119283915e-01 2.127754364692956146e-01 0.000000000000000000e+00 6.767471238513310672e-01 4.289778031523440727e-01 3.058346995683414171e-01 1.823380966402510239e-01 3.148241440191422158e-01 3.948385150205112604e-01 1.498257360933812343e-01 5.780992645874404312e-01 4.443515759365530560e-01 4.327805916160272215e-01 4.359090475397441877e-01 2.237640615712513381e-01 4.705979309123207166e-01 1.206977908754251066e-01 2.826083991360351932e-01 5.607681601490954737e-01 2.270184260594649561e-01 3.353171934380952401e-01 3.179520375560723755e-01 1.261232991298928685e-01 2.393052937370919453e-01 2.133532546526779317e-01 4.768292645706665445e-01 2.884672838121749572e-01 1.038169183096595560e-01 3.886165244818763909e-01 1.162651769553704195e-01 4.158501908620689802e-01 2.701148462040504628e-01 3.803879036476773279e-01 2.170826754697111061e-01
4.385794521502354715e-01 1.611141987134771525e-01 8.964484935180366820e-01 8.516082226085242013e-01 8.467792203474662216e-01 5.548915740192079671e-01 5.704329185550488512e-01 5.753310476437812904e-01 1.647498507138512314e-01 6.798366093877057370e-01 6.733375253666252780e-01 3.833935170738965725e-01 3.969329105377388811e-01 8.604482116646281487e-01 3.666308736671157753e-01 7.198003047730178183e-01 6.696615960388290212e-01 4.639716873820354803e-01 6.767471238513310672e-01 0.000000000000000000e+00 3.114373841195902659e-01 5.649258622575914490e-01 8.444185031909152706e-01 4.918541956271972881e-01 7.013924902531188943e-01 5.651107030480226889e-01 4.451689601312542321e-01 3.170539919931138484e-01 4.324601131684629451e-01 4.353879901129141250e-01 8.333592915727646711e-01 2.771350110527558419e-01 7.658504444582622250e-01 6.603267042593186087e-01 4.561153998875595028e-01 6.074597491791136061e-01 7.424609489087297121e-01 3.842193048948012724e-01 7.421917072393398040e-01 8.967015732583644150e-01 6.427909127998385763e-01 7.685612810357711489e-01 4.632484194153863588e-01 6.819667049082775989e-01 2.913929713968146928e-01 5.634083940242370359e-01 3.620313127015506449e-01 4.965306111215050944e-01 7.529613023267620608e-01 8.544950818833205730e-01
1.700604663739097022e-01 4.565495325651701131e-01 6.602190899358866272e-01 6.381128713627925997e-01 5.876704475757182911e-01 4.054580879889229106e-01 2.984444942520944055e-01 3.946366109771284880e-01 1.580930358020044280e-01 3.952077934050005070e-01 4.634512874532649152e-01 2.467440962285736838e-01 1.704053643415867070e-01 5.758193956819228632e-01 2.086795130057546854e-01 5.406347680365821695e-01 3.974619786199335980e-01 2.254011966754451146e-01 4.289778031523440727e-01 3.114373841195902659e-01 0.000000000000000000e+00 3.514305110118597364e-01 5.632413998186547310e-01 3.189583379328855273e-01 4.878971390073869596e-01 2.804818870653170704e-01 2.957354741009690091e-01 1.454963700928012527e-01 2.650735467534607870e-01 1.239506059933237758e-01 5.688113341836678050e-01 1.884308758956252106e-01 5.449385972276211687e-01 4.468313530135868406e-01 2.019252298259549272e-01 4.256348576955018004e-01 4.922171415099522718e-01 1.185745838030780319e-01 4.575628912566344075e-01 6.120727572756591295e-01 3.581620968171329022e-01 5.550659297900395472e-01 3.222484266820382359e-01 4.794245992031305192e-01 1.054751106887540368e-01 3.197098165080138887e-01 2.458215683906294080e-01 2.613497639332725830e-01 4.878731353612701938e-01 5.698662659006152875e-01
1.823277824347106224e-01 7.084600491710224546e-01 3.811846325862634499e-01 3.113569510393883188e-01 3.192776648938610573e-01 4.766721797583050035e-01 5.099796291168181561e-01 2.185068608243845856e-01 4.257094857428907475e-01 1.561179014856118874e-01 1.606021418263063882e-01 3.383535517362811773e-01 3.764703247043473811e-01 3.139004783633142504e-01 3.206241811900333305e-01 2.385043120804714034e-01 1.605117557299419184e-01 2.992057808726738544e-01 3.058346995683414171e-01 5.649258622575914490e-01 3.514305110118597364e-01 0.000000000000000000e+00 3.438091100305050718e-01 1.599403914994822762e-01 1.611412186839826788e-01 1.669840558368456407e-01 3.746388658864390764e-01 2.600821323465706825e-01 2.260697748219585579e-01 3.104769166598938535e-01 2.711084374370097971e-01 3.271163322357860115e-01 3.320320225136819126e-01 1.160665797237468155e-01 3.956621104493286967e-01 1.431789348557401254e-01 2.124596225494267965e-01 2.901570229195187256e-01 2.228289570881978043e-01 3.634938679421469976e-01 1.846304005296433570e-01 2.424087488138836344e-01 2.432183477807531580e-01 2.590461029326860398e-01 3.824230687784465621e-01 2.568365927672829341e-01 2.532008802452171414e-01 9.016567496435173856e-02 2.347079958573504987e-01 3.025006725637416349e-01
4.467776402448159767e-01 9.895306516364946736e-01 1.522117392552815307e-01 5.434306885561035472e-01 5.173925634463691914e-01 8.106537113166507602e-01 8.056068116739292240e-01 3.118414134337178512e-01 6.910741548733294604e-01 2.393231578044997532e-01 3.834678522358909158e-01 6.723350832946268785e-01 6.720975072614583379e-01 1.521376965382738866e-01 5.088887756761107939e-01 2.419178133622973403e-01 3.960387243200854668e-01 3.869134283567862709e-01 1.823380966402510239e-01 8.444185031909152706e-01 5.632413998186547310e-01 3.438091100305050718e-01 0.000000000000000000e+00 4.498792532117535936e-01 3.991405115993756914e-01 2.912269799906118672e-01 7.086203974447848886e-01 5.748727087938974023e-01 5.621600566125686260e-01 5.664301803970885896e-01 1.885002135102352427e-01 6.224892034809433872e-01 1.267533230445342385e-01 2.703972903681090001e-01 6.912892930064398200e-01 3.404824913771866690e-01 4.075707239614815292e-01 4.736008874548796044e-01 1.224040767830247012e-01 1.093377889858052066e-01 3.213876725167109094e-01 4.916466037947305745e-01 4.337877996474384101e-01 2.302542892401114316e-01 5.604761455916029700e-01 2.890900068980747362e-01 5.611707066973322666e-01 3.924339456505481216e-01 4.632756527506993183e-01 1.635261370528484637e-01
1.584262940642793827e-01 6.369663440727773018e-01 4.311357009534801943e-01 3.958100537501993421e-01 4.649793940690124527e-01 4.298239651954225415e-01 4.767098982826844522e-01 1.515056163625981278e-01 3.455748452616742572e-01 3.077871036299570373e-01 1.959098116673861356e-01 2.431183608614414515e-01 3.311558232975421179e-01 4.165193450776366046e-01 1.873749613178160578e-01 2.306054638929966039e-01 2.930758290591040649e-01 2.345515312093741922e-01 3.148241440191422158e-01 4.918541956271972881e-01 3.189583379328855273e-01 1.599403914994822762e-01 4.498792532117535936e-01 0.000000000000000000e+00 2.541967339048654129e-01 2.613773312925704029e-01 3.277906513235565589e-01 2.132699363401255876e-01 1.522144383664466305e-01 2.780047435809196443e-01 3.441907487122828901e-01 2.147191845744415017e-01 3.279220148452491879e-01 2.292862518223898194e-01 3.623923796151950483e-01 1.156055535519162070e-01 3.606611226302759987e-01 2.674878544218798337e-01 3.536398148014663900e-01 4.597355189509123030e-01 2.946013511080905478e-01 3.029335194297132494e-01 1.045406440378740809e-01 2.245023186238860602e-01 2.778492441536209445e-01 2.467025092223196214e-01 1.394110557258445016e-01 1.394733402648855036e-01 3.711614760483082365e-01 4.005801517331324946e-01
3.241274844641260366e-01 8.449266771665497888e-01 4.266618899107819107e-01 1.517735656959726120e-01 4.521715385204372328e-01 6.131388077538321157e-01 6.464462571123451573e-01 3.055915248847784205e-01 5.621761137384179152e-01 2.474590145787093354e-01 1.465824641436000997e-01 4.611275724038950141e-01 5.129369526998746043e-01 3.640659119001410926e-01 4.268000142575922307e-01 2.623614054261487749e-01 2.934056293565180384e-01 4.473983944857368722e-01 3.948385150205112604e-01 7.013924902531188943e-01 4.878971390073869596e-01 1.611412186839826788e-01 3.991405115993756914e-01 2.541967339048654129e-01 0.000000000000000000e+00 3.138175241245540481e-01 5.111054938819662441e-01 3.965487603420979612e-01 3.455946876366114973e-01 4.469435446554210767e-01 3.167030714193966312e-01 4.334445372045416245e-01 3.643623421550064578e-01 1.287432212312666913e-01 5.321287384448558644e-01 2.276967518494575904e-01 3.453534961760029165e-01 4.364266554963812661e-01 2.852283212374089882e-01 4.136593014789737288e-01 3.118724664296970706e-01 1.045592135129971012e-01 3.303030118411470206e-01 3.455472526100008546e-01 4.998755429158480701e-01 4.007884177444999696e-01 3.595290852139728099e-01 2.343807830593457320e-01 3.676018694839267575e-01 3.502688356835881867e-01
1.664307712940903961e-01 7.102228514936027581e-01 3.870860153650022562e-01 4.640332564799596327e-01 3.456376793238095657e-01 5.303068423659250685e-01 5.252599427232036433e-01 1.947623849112414263e-01 4.117663547304368232e-01 1.425565373063001073e-01 3.015197699114789409e-01 3.919882143439014088e-01 3.917506383107328682e-01 3.038049758538797773e-01 3.079480117302231257e-01 3.194587063023938689e-01 1.542436227736127541e-01 1.576681744704010457e-01 1.498257360933812343e-01 5.651107030480226889e-01 2.804818870653170704e-01 1.669840558368456407e-01 2.912269799906118672e-01 2.613773312925704029e-01 3.138175241245540481e-01 0.000000000000000000e+00 4.282735284940593079e-01 2.945258398431718216e-01 2.829548555226460427e-01 2.860833114463630089e-01 2.967969143556249412e-01 3.889187215986938395e-01 2.687170748123416941e-01 2.557576957921570693e-01 4.109424240557141839e-01 2.795173765825100243e-01 2.395658854112519276e-01 1.933053653038269704e-01 1.855484714285917103e-01 3.400583374476164322e-01 1.055108407184324748e-01 3.912566867432333839e-01 2.876790616419010460e-01 2.182588666714964931e-01 2.959891368421291302e-01 1.040531464510426191e-01 3.150032696081249695e-01 1.219039910276848576e-01 2.458403671093617182e-01 2.978518460725725903e-01
2.659876843456958628e-01 5.890337742701631241e-01 7.558234984727025818e-01 6.613212262373717731e-01 6.706446780343804370e-01 1.370837002253785242e-01 4.665242178716584864e-01 4.792962676861547977e-01 3.063049736904162601e-01 5.134523875953249661e-01 4.866596423278442551e-01 1.292391729548278689e-01 3.072234928856398817e-01 6.874186855689251585e-01 3.427254769379031729e-01 5.583961152165531905e-01 4.941748544911245267e-01 4.380889702225813642e-01 5.780992645874404312e-01 4.451689601312542321e-01 2.957354741009690091e-01 3.746388658864390764e-01 7.086203974447848886e-01 3.277906513235565589e-01 5.111054938819662441e-01 4.282735284940593079e-01 0.000000000000000000e+00 1.791977731964436715e-01 1.917121087483039110e-01 3.117357277884815758e-01 6.457473033234486515e-01 2.121394982657850981e-01 6.557126661688056357e-01 4.700397078881661250e-01 3.522066992041689160e-01 4.433962048754728769e-01 5.663264065956440385e-01 3.545495443348894993e-01 5.880643164371091025e-01 7.330844035030275041e-01 4.699588906456064752e-01 5.782742846646190538e-01 3.711470103105121154e-01 5.522929699474427023e-01 3.365060731119834392e-01 4.886683622319351050e-01 2.504070087454303706e-01 3.203960688084192543e-01 5.768267600136761653e-01 6.771395384501806003e-01
1.311921520355742998e-01 4.605881789065447429e-01 6.369741508961599408e-01 5.467644926975036013e-01 5.393919202328052442e-01 2.819798109978393641e-01 2.873264446752147871e-01 3.647755527027237155e-01 1.767246041864777850e-01 3.821996297937497178e-01 3.721029087879758057e-01 1.323475879362791263e-01 1.280257196891961546e-01 5.561659277673499657e-01 2.629830741622091184e-01 4.438754002331222193e-01 3.622742959241679328e-01 2.952269369022063605e-01 4.443515759365530560e-01 3.170539919931138484e-01 1.454963700928012527e-01 2.600821323465706825e-01 5.748727087938974023e-01 2.132699363401255876e-01 3.965487603420979612e-01 2.945258398431718216e-01 1.791977731964436715e-01 0.000000000000000000e+00 1.362686859123402039e-01 1.456208774901485981e-01 5.259719914581033606e-01 1.543138747946920242e-01 5.411919511853747755e-01 3.554829743482977866e-01 1.730089260077252167e-01 3.288754898920417946e-01 4.350736487940686792e-01 2.102380293468837646e-01 4.568115586355337432e-01 6.018316457014523113e-01 3.380583320786497703e-01 4.637175511247504933e-01 2.600217028730565372e-01 4.377722549640116756e-01 2.157926311410831854e-01 3.538728299218135143e-01 1.911332507817507520e-01 1.891433110068439227e-01 4.455740022121009170e-01 5.475757474923240720e-01
1.313907044997343898e-01 5.759943000818938952e-01 5.833501393199269636e-01 4.935427974328481793e-01 5.223363414268152871e-01 2.848420751755432745e-01 3.997086478548991795e-01 3.037200547290447306e-01 2.932437366537622436e-01 3.651440509877598162e-01 3.178991746740084112e-01 1.280246280114031576e-01 2.541545728697567896e-01 5.391103489613597866e-01 1.933660976848050050e-01 3.828199022594432344e-01 3.461644313717999744e-01 3.034919903766197802e-01 4.327805916160272215e-01 4.324601131684629451e-01 2.650735467534607870e-01 2.260697748219585579e-01 5.621600566125686260e-01 1.522144383664466305e-01 3.455946876366114973e-01 2.829548555226460427e-01 1.917121087483039110e-01 1.362686859123402039e-01 0.000000000000000000e+00 2.144783564314282909e-01 4.964051870787294374e-01 1.781445287920671583e-01 4.801364532116957906e-01 3.089629812400339626e-01 2.853911291874096090e-01 2.678199919183628652e-01 4.180180699880787776e-01 2.218537238413097190e-01 4.397559798295437306e-01 5.847760668954623542e-01 3.229895159132232241e-01 4.095138170107830433e-01 1.933677928094229004e-01 3.767167569903326907e-01 2.445755345033736039e-01 3.477750790115924362e-01 1.042290768014982605e-01 1.720877322008539934e-01 4.285184234061109598e-01 5.285704473857000263e-01
1.310772173915250027e-01 5.805001385584940277e-01 6.634078705143204857e-01 5.971592770108266057e-01 5.607716497499957153e-01 4.137690416603475585e-01 2.501100943223049100e-01 4.295103599435177166e-01 2.820436417953282593e-01 3.966905864087676981e-01 4.224976931012990322e-01 2.685929832103708392e-01 1.541261902256664262e-01 5.790081762603567217e-01 2.955810260261259592e-01 4.996811736846162866e-01 3.705631807942111333e-01 2.733253444772618113e-01 4.359090475397441877e-01 4.353879901129141250e-01 1.239506059933237758e-01 3.104769166598938535e-01 5.664301803970885896e-01 2.780047435809196443e-01 4.469435446554210767e-01 2.860833114463630089e-01 3.117357277884815758e-01 1.456208774901485981e-01 2.144783564314282909e-01 0.000000000000000000e+00 5.617811245482466909e-01 2.937912909555134289e-01 5.517239613577094026e-01 4.058777586616209576e-01 1.472721624115730932e-01 3.846812633435358619e-01 4.582659977529942030e-01 1.732832520566113255e-01 4.607516718350682661e-01 6.152615378540929880e-01 3.414495758651875379e-01 5.141123354380737753e-01 3.296379204361202797e-01 4.972691111437468336e-01 2.206684252666951951e-01 3.359886940501651820e-01 2.609102051355747243e-01 2.203961695813066446e-01 4.609743375355477291e-01 5.730550464790491461e-01
4.335108689141015659e-01 9.768934784861955656e-01 1.264963229612256768e-01 4.556769375686502976e-01 4.803659835484090368e-01 7.477806171953146341e-01 7.612838370051708825e-01 3.151688021481946489e-01 6.897655939739570918e-01 2.091167881519294669e-01 2.914675008813217838e-01 5.873091095737240641e-01 6.277745325927003295e-01 1.226736211171279428e-01 4.926053125846024949e-01 1.224845135506873600e-01 3.590121444221253122e-01 4.127028287867520184e-01 2.237640615712513381e-01 8.333592915727646711e-01 5.688113341836678050e-01 2.711084374370097971e-01 1.885002135102352427e-01 3.441907487122828901e-01 3.167030714193966312e-01 2.967969143556249412e-01 6.457473033234486515e-01 5.259719914581033606e-01 4.964051870787294374e-01 5.617811245482466909e-01 0.000000000000000000e+00 5.589099332867242254e-01 1.561939389214282159e-01 1.895138094884155078e-01 6.469663183376815896e-01 2.285851951603665722e-01 3.705441440635214856e-01 4.816348124221776494e-01 1.112484429270332309e-01 1.194057084861601253e-01 3.167714096811309332e-01 3.996462524401613314e-01 3.790363989083189722e-01 2.163017887221686808e-01 5.842860354456945737e-01 3.148794073280404837e-01 4.823760815344367847e-01 3.413849549669403238e-01 4.262490728527392192e-01 8.944748065432507611e-02
2.392947854125845042e-01 4.222471594983357446e-01 6.456847824625990828e-01 5.813926470007783065e-01 6.245599820988834150e-01 3.242958839530968307e-01 4.130897299544670775e-01 3.191415479488138307e-01 1.308556606872327277e-01 4.673676916598278885e-01 3.962025143138693251e-01 1.224088613155656646e-01 2.496629792061137443e-01 6.312385296520780509e-01 1.311221126955830207e-01 4.453246484674381334e-01 4.483880720438682133e-01 2.971091165078531549e-01 4.705979309123207166e-01 2.771350110527558419e-01 1.884308758956252106e-01 3.271163322357860115e-01 6.224892034809433872e-01 2.147191845744415017e-01 4.334445372045416245e-01 3.889187215986938395e-01 2.121394982657850981e-01 1.543138747946920242e-01 1.781445287920671583e-01 2.937912909555134289e-01 5.589099332867242254e-01 0.000000000000000000e+00 5.239030347851638680e-01 3.983274722913212051e-01 2.987722112869776181e-01 3.303247381263577087e-01 5.202417106601470165e-01 2.455848783364325827e-01 5.419796205016119695e-01 6.744547035253534162e-01 4.288800222222343694e-01 4.973636665787132816e-01 2.011231419501205708e-01 4.257772052133100282e-01 1.330007111849862422e-01 3.884844741461362383e-01 9.490616330734039097e-02 2.743113728729221212e-01 5.307420640781790322e-01 6.152993363075737188e-01
