0.000000000000000000e+00 1.468690694465855762e+00 1.424622861874120128e+00 9.103680828590665630e-01 1.224368617293814854e+00 8.857218046498795960e-01 6.499053747238451306e-01 6.871758966632948162e-01 1.021036561830342748e+00 1.080779608717482798e+00 5.187996722356439383e-01 5.641974251809104279e-01 9.200427005174304229e-01 3.298513448731081876e-01 6.631127812986807868e-01 6.256119540934080847e-01 2.759504704125792518e-01 9.323558771856241822e-01 2.934084043167536349e-01 9.536729982716170007e-01 4.453617692323545429e-01 1.228395392028324373e+00 4.792908758097828570e-01 1.265008300353470672e+00 4.915490579054652698e-01 6.939112364136695854e-01 1.938123133283176369e-01 9.867666869500234528e-01 7.772145304595097226e-01 7.358908202427529854e-01 7.893467029061190798e-01 7.596858134372235227e-01 5.022855899207983033e-01 5.277374372202453534e-01 1.070576249432687810e+00 1.693891066861236971e-01 7.980077844240086593e-01 1.526552409991937531e-01 2.172722121726264888e-01 8.272718310846229883e-01 6.483521500322231290e-01 6.152445017315892883e-01 6.857156055000988015e-01 5.688341161729640882e-01 3.342871777584149329e-01 7.901273345805943649e-01 9.764284734374881758e-01 9.480503136644475859e-01 1.137612452061233848e+00 4.611599370487959870e-01 7.645501892210614381e-01 9.028211945421600326e-01 2.356763697138438141e-01 9.218503708834627774e-01 6.205268116959059554e-01 4.032633616086505612e-01 1.051723497417111686e+00 1.311923479302563367e+00 9.939955989490046884e-01 8.027310307240104192e-01 5.663554579835867742e-01 4.315540874110905811e-01 1.177254688779344916e+00 1.403000273156699951e+00 4.341592613379503529e-01 5.754331781615842356e-01 5.605287827128314637e-01 3.430655812222918044e-01 6.047477143769012242e-01 8.453167822935929721e-01 8.632640325653531121e-01 2.375110173177055750e-01 5.579802792101917763e-01 5.941148687606631063e-01 1.151090836805999107e-01 6.662866153495103916e-01 8.479289855206649795e-01 7.981060039424390240e-01 1.361212323653949063e+00 7.890906470338079348e-01 5.533948992653106025e-01 9.392548643323305191e-01 1.061097636137850880e-01 5.674643144672676387e-01 1.023384415170829065e-01 9.902759320867753345e-01 1.362310952739246961e+00 8.379911141889992976e-01 1.474930293445096685e-01 9.970569305524332737e-01 6.287303020391059594e-01 4.670209590924721543e-01 5.719723727703733829e-01 1.167090186291251497e+00 1.118826948924054099e+00 5.364241143824751701e-01 1.012227222474057386e+00 3.825900562447431819e-01 6.983868996977212751e-01 2.422009665466547945e-01
1.468690694465855762e+00 0.000000000000000000e+00 1.254206757031768316e+00 1.449435137025453235e+00 9.280407962583916426e-01 1.528512953259436369e+00 1.042443872058277821e+00 7.886783872226268421e-01 8.689909076153733425e-01 4.043463989972583827e-01 1.164219105433444312e+00 1.133532733455403951e+00 7.470019670245069410e-01 1.169928348114193106e+00 9.079251381345818661e-01 8.628559499847934244e-01 1.484279065740260917e+00 6.300768615332098532e-01 1.186976447691193037e+00 8.225745989940771441e-01 1.108326770044635534e+00 1.058535401684070232e+00 1.004110648918275617e+00 2.056459844511753787e-01 9.843052259804564441e-01 1.339958356151455643e+00 1.380264381043783573e+00 5.935042298723491871e-01 9.440865943414418204e-01 1.274453519890173636e+00 6.793439915597365708e-01 8.478366597604852783e-01 1.055236701635828167e+00 1.015677303433591971e+00 7.664134681851600961e-01 1.302591793505054163e+00 7.653589798906551556e-01 1.493707988133020192e+00 1.515950593294984827e+00 7.133082518094095992e-01 8.350015363473518581e-01 1.014849735201151626e+00 8.534461436804575696e-01 1.011637222292620875e+00 1.141245519001057529e+00 9.351935628232386222e-01 7.729157374148073467e-01 5.292273248847797484e-01 9.628508948619003416e-01 1.168984001091709857e+00 7.390350485869744412e-01 8.688743107998870840e-01 1.296618621125700921e+00 7.679816415385168904e-01 9.633004642197401379e-01 1.137547259216196593e+00 6.494164457795982281e-01 1.141507374460211555e+00 5.050510692001555224e-01 1.440085827118559259e+00 1.102595809769007396e+00 1.050763770143097187e+00 3.177964242326697941e-01 1.137601314775365802e-01 1.064534933360030244e+00 1.219749718095349378e+00 1.001473558535482145e+00 1.217615608835652230e+00 8.971621465686254737e-01 1.383935366386213506e+00 6.436394770593625303e-01 1.385966565000678496e+00 9.181715482278469675e-01 1.112921476729664683e+00 1.499411449653997419e+00 1.214511422289384912e+00 8.721613709902490408e-01 7.410557452381172361e-01 1.103125430641766630e-01 8.445521854464708156e-01 9.618226872852490006e-01 8.270869127857694014e-01 1.371559161609435806e+00 9.131453378906656537e-01 1.545141802817513454e+00 7.045889105613436509e-01 1.191894847896894705e+00 1.377349969740180091e+00 1.394193839209597829e+00 7.118295544999190261e-01 1.277106706453663421e+00 1.071892035384711672e+00 1.113500426649108865e+00 3.016005081746043204e-01 9.494060696599136984e-01 1.111384493037690602e+00 8.528328442391232000e-01 1.095920355009193603e+00 7.777649277403171357e-01 1.276870338406751682e+00
1.424622861874120128e+00 1.254206757031768316e+00 0.000000000000000000e+00 1.480061467046432711e+00 8.920349301357516358e-01 1.472512566012110558e+00 9.776500319090971614e-01 8.040662427477057728e-01 4.155828664392182126e-01 8.842340603587134362e-01 1.113184604759468899e+00 1.164159063476383871e+00 8.443101420825214198e-01 1.193283636001236658e+00 7.706804434700410544e-01 9.823176193401007561e-01 1.475238458301964650e+00 6.408476948950948549e-01 1.170127837047211905e+00 6.356658572193661927e-01 9.940809623811576179e-01 2.145606533967635288e-01 1.078706342852753020e+00 1.050524362919383004e+00 9.691229513967720699e-01 1.280797021793990798e+00 1.322295971138586435e+00 8.346692162062990805e-01 7.901479787827999646e-01 1.305079849911153111e+00 7.988056609150441245e-01 9.750862833820278519e-01 1.142888315603123095e+00 9.376862681624725804e-01 7.403538593687728486e-01 1.312498221066670023e+00 6.297998601137596575e-01 1.503264266128468973e+00 1.470511071706989137e+00 7.104732735844099256e-01 9.305140911602133302e-01 8.704164821376677574e-01 7.618167400995238259e-01 1.044246982168067994e+00 1.180042994892348540e+00 9.347633916890673023e-01 5.355369225524057031e-01 7.667017745123388961e-01 3.488521589201332707e-01 1.041877171247160616e+00 8.809037921030932194e-01 7.369235582764331882e-01 1.197618198642987464e+00 5.064957053856212754e-01 1.103578302419008672e+00 1.050510914955885777e+00 7.198939078718898932e-01 1.290691414541935700e-01 7.754234857995802033e-01 1.388870443760378048e+00 1.051561309095032204e+00 1.170225439498404407e+00 9.627707513452575805e-01 1.188516335722613171e+00 1.080528796269952352e+00 1.158305536522771240e+00 8.830270972898194293e-01 1.103369801172174425e+00 8.556674463015577770e-01 1.414561696407193647e+00 7.974365417409997603e-01 1.367864161455363492e+00 1.037015172207387925e+00 1.143547806750644824e+00 1.438853672974513165e+00 1.245137752310363943e+00 8.405975316913106843e-01 6.617662942399521464e-01 1.146728386219861617e+00 7.001189323829865030e-01 1.091081094740212309e+00 5.366399049557694090e-01 1.318513098260335248e+00 9.475653545580815518e-01 1.524631794458651823e+00 7.613633321060581105e-01 1.010890471689252085e-01 1.407976299761159789e+00 1.403474105643304437e+00 6.289506123805856941e-01 1.226072205779688007e+00 1.022601093454323262e+00 9.690671735856241087e-01 9.526062488571643838e-01 3.058047069782159344e-01 1.044250751549618883e+00 4.123956394000629633e-01 1.082429310907528031e+00 8.972265970956246894e-01 1.261615520851772754e+00
9.103680828590665630e-01 1.449435137025453235e+00 1.480061467046432711e+00 0.000000000000000000e+00 1.266317806849428296e+00 1.097653198237796390e+00 9.540793560232160297e-01 6.772692715053540979e-01 1.094845617630037848e+00 1.067974014880813671e+00 7.262179704334905672e-01 3.625825785490116582e-01 1.001454775875746828e+00 7.040659226390563186e-01 8.793531122683543311e-01 7.473713900106982999e-01 9.392067393102591089e-01 9.170290105540241932e-01 6.518869889809949525e-01 1.084458487635462820e+00 8.054656747663446748e-01 1.284390111698735737e+00 5.506221866087636085e-01 1.245752742913068145e+00 5.643561086429083051e-01 9.053210394245372328e-01 8.591516729779795636e-01 1.002526547562927250e+00 1.067625161818190005e+00 1.806735653723694768e-01 7.788788705376464838e-01 9.243631477212058689e-01 7.814991934299482246e-01 7.286740480760651728e-01 1.105860557730017124e+00 7.451607238399098332e-01 9.050230783840240711e-01 9.391170197034414135e-01 9.824690165485205906e-01 8.315394557569156797e-01 6.317171500920159000e-01 9.813330170898350024e-01 7.523721689304350146e-01 4.446335208429247898e-01 5.875992914256353838e-01 1.038130429519612319e+00 1.023105361320702622e+00 9.352447198277784590e-01 1.188705604876564070e+00 8.370635979226046519e-01 8.593834994576972086e-01 1.094700898401195666e+00 7.720459989828619696e-01 9.840757405260293078e-01 8.549893669114037031e-01 6.810300709785105377e-01 1.030429709650788839e+00 1.367362084474875950e+00 9.747400415086022729e-01 1.014804918542125955e+00 7.225249259123275314e-01 6.550966901658463737e-01 1.157999131338942389e+00 1.383744715716297202e+00 4.774905702184968903e-01 7.875070659796995498e-01 8.548686153408752153e-01 7.471621463128748086e-01 6.478540689263527774e-01 1.104706070242809507e-01 9.017222486546376814e-01 8.440698323991717711e-01 6.418930941597827955e-01 3.365136602957887746e-01 9.484015865694574998e-01 2.724563324507420226e-01 1.080540564208955834e+00 8.229855040407593192e-01 1.341956766213546315e+00 9.897122262217301625e-01 7.521264543779093703e-01 1.029667771250984520e+00 8.205492985248958870e-01 5.383109269778526551e-01 9.884299500770478142e-01 1.032083899889871370e+00 1.417749557911559544e+00 1.002688290757125927e-01 8.456364075921276591e-01 1.013085443534643915e+00 8.380119274979271893e-01 6.412555896658862498e-01 9.436460043717637136e-01 1.147834628850848970e+00 1.175260779674578648e+00 7.597433661427230867e-01 1.074452592116623695e+00 5.667309194446331633e-01 7.386505201457151948e-01 7.467743194175034960e-01
1.224368617293814854e+00 9.280407962583916426e-01 8.920349301357516358e-01 1.266317806849428296e+00 0.000000000000000000e+00 1.301106709150583463e+00 6.454180278749742650e-01 5.979797242815385605e-01 4.945605649519650981e-01 5.328261724240807018e-01 9.408278041140750725e-01 9.504154032793785678e-01 3.500526801621779427e-01 9.385742806693805340e-01 5.633172500083083456e-01 6.422419226714372043e-01 1.247538678558426151e+00 3.508615930305861719e-01 9.772475995557897699e-01 3.090638775756684997e-01 7.790068480614609214e-01 6.897297958302838206e-01 8.297533612252171453e-01 7.238467550053936383e-01 7.889824404133719549e-01 1.109391164932463258e+00 1.112107651497965533e+00 3.740426974527401582e-01 4.694574342755466478e-01 1.091336189714148253e+00 5.115300353673251088e-01 5.183489325072319076e-01 7.864749513894256916e-01 7.677267391437812005e-01 1.643213257187096377e-01 1.087988811858777716e+00 4.624324656828504021e-01 1.273424340627820284e+00 1.256223290008885440e+00 4.984140888323705387e-01 6.564863332995590772e-01 6.161499899299489602e-01 5.930501999282324910e-01 8.298935676103081915e-01 9.504408151804446536e-01 5.253294768306254747e-01 3.590079519239919303e-01 4.742040991319294019e-01 5.950600453726844208e-01 7.927600431052185259e-01 5.008356079495391855e-01 3.380980092110175139e-01 9.962510820426804248e-01 4.630496996733872161e-01 6.599043379426324796e-01 8.730655912247797801e-01 2.851681681742199714e-01 7.813231814975679645e-01 4.301840412986395190e-01 1.216694525799189464e+00 8.792045084496387108e-01 8.251142661096744213e-01 6.266281975122593995e-01 8.663498382103818063e-01 8.814176031840051939e-01 9.868996796612430344e-01 6.705747835533755197e-01 8.867575226086912288e-01 6.806102142856575998e-01 1.200818036210188122e+00 4.080942150397967039e-01 1.140164381711824770e+00 7.273963473894801135e-01 9.298041465536394101e-01 1.233595549687261927e+00 1.031394092113359306e+00 4.249758283201671705e-01 4.867090622240520248e-01 8.208248746746652502e-01 4.352779702600074740e-01 7.086098329097131332e-01 4.017280536975546545e-01 1.118258853680030418e+00 7.300280077146403812e-01 1.324377549878346993e+00 2.755084170010035360e-01 8.324383517518452180e-01 1.194232639564154930e+00 1.173634180142655303e+00 2.714024563271411061e-01 1.053715405134294070e+00 8.502442928089299912e-01 6.746995919646829876e-01 6.302686889157055328e-01 5.908734065459915197e-01 8.728448946880911219e-01 5.113455228855938728e-01 9.022887999241282486e-01 5.883208753965202265e-01 1.033915741108234920e+00
8.857218046498795960e-01 1.528512953259436369e+00 1.472512566012110558e+00 1.097653198237796390e+00 1.301106709150583463e+00 0.000000000000000000e+00 9.004422444553228377e-01 7.451519466513639722e-01 1.078150407595441562e+00 1.150571436446510942e+00 3.813716443784985755e-01 7.557436480845330928e-01 1.141454611381681916e+00 7.394528412063698930e-01 7.684376000262982398e-01 9.261715205922739225e-01 9.593426540656269097e-01 9.661617975718790330e-01 5.969545284326055468e-01 1.035751347697210445e+00 6.307042541063755392e-01 1.276841210664414250e+00 7.393706007995781704e-01 1.324830559147050835e+00 5.764280281416241936e-01 1.985057908485567957e-01 8.012248125222052320e-01 1.107874953816349040e+00 9.457145625138709821e-01 9.230742687692153892e-01 9.040283112593122672e-01 1.072866423563131111e+00 8.212082102165154662e-01 5.389826556771811772e-01 1.143925731890375275e+00 7.541220054433331876e-01 8.548419235945829975e-01 9.438097260283238032e-01 9.494399130906079343e-01 8.691887478546638235e-01 7.754302265254543469e-01 8.078602201615119327e-01 7.106958259125870647e-01 7.163944137567721526e-01 6.672357596072064911e-01 1.023947271184429075e+00 1.019725681498525827e+00 1.016344131385974014e+00 1.181156703842241917e+00 7.340390004972594529e-01 1.003096575891135878e+00 1.022267522928342665e+00 6.734163090063386425e-01 9.711204363459240430e-01 9.391222187434768998e-01 5.055553980205186315e-01 1.090034556961932521e+00 1.359813183440553797e+00 1.053817857742584962e+00 1.218999547598263733e-01 4.287104357415391642e-01 7.878853175584652480e-01 1.237076947572925301e+00 1.462822531950280114e+00 6.398388356223085882e-01 3.147010625322580468e-01 6.831766336449069943e-01 6.247988128760402216e-01 6.313508066908104510e-01 1.032153427598556217e+00 1.023693971275537296e+00 8.568041294900106131e-01 8.355684406481808102e-01 7.767152690994050257e-01 9.008422217935372345e-01 8.544650270946206883e-01 1.050993262062474232e+00 8.186948708919681295e-01 1.421034582447529671e+00 9.031993498168960910e-01 9.158802891360742215e-01 1.000007422521642431e+00 7.796120410360948272e-01 6.841805771461100250e-01 9.814127764686426669e-01 1.147056495057764636e+00 1.410200656877237391e+00 1.025970718619221733e+00 8.514471280173810941e-01 1.034180817051645551e+00 2.969555515743102503e-01 4.705167607532428353e-01 8.133729190574903178e-01 1.226912445084831660e+00 1.167711878640256717e+00 4.287558475054099039e-01 1.061497287936518541e+00 5.509730523077791542e-01 8.823635965791537528e-01 7.521471365794967223e-01
6.499053747238451306e-01 1.042443872058277821e+00 9.776500319090971614e-01 9.540793560232160297e-01 6.454180278749742650e-01 9.004422444553228377e-01 0.000000000000000000e+00 5.798925813935815743e-01 5.620671654698790043e-01 6.395285312229440633e-01 5.393613517543411895e-01 6.083760065143806184e-01 3.437300680787814255e-01 3.364197779040045688e-01 2.952114132532016044e-01 2.821330852439820069e-01 6.456012144805421960e-01 5.153040559828396816e-01 4.562445058228459249e-01 4.412567714320026480e-01 2.697379903489476316e-01 7.786330734342075122e-01 4.071064818878846192e-01 8.409439645918244111e-01 5.541237553168437691e-01 7.087267002372037439e-01 5.189516092450104923e-01 5.080387760597512292e-01 1.928226827873430749e-01 7.772749319683524005e-01 4.624862157934364615e-01 1.946072122977930696e-01 1.779765680224705826e-01 4.175389917289045183e-01 4.891902107101713804e-01 4.895071842548071595e-01 3.931406543477566351e-01 6.702569287106195928e-01 6.604390270215360070e-01 5.716308532575072876e-01 4.396827026437580277e-01 1.616433058123524780e-01 4.378116094296430338e-01 5.457990821412096460e-01 4.266174514533240258e-01 1.445777292099074962e-01 5.455916044865691816e-01 5.157183129501835550e-01 6.955457696414867330e-01 1.887454376750492824e-01 3.266701753639527084e-01 3.078943707340207614e-01 4.174719505349501203e-01 4.868656336322060851e-01 1.259308864253072258e-01 4.033172229082041538e-01 5.266963885296990222e-01 8.661738073583609143e-01 5.848149778914601971e-01 8.174514705294537720e-01 5.563603076606696840e-01 3.043790712865724335e-01 7.512524928031076854e-01 9.768639023969269974e-01 4.929811507517136149e-01 5.901536179670275883e-01 2.758913102649770965e-01 3.179566177296948570e-01 4.943221940192298325e-01 8.876000238276404719e-01 4.045126749041181302e-01 5.400845633909628907e-01 3.489596375586873078e-01 6.301778824602519702e-01 6.514445960813838310e-01 7.143544127741164873e-01 2.282231222404909055e-01 4.868647055403411694e-01 9.335044554743648915e-01 2.829003793556156832e-01 2.019529016453066039e-01 4.639340102562848345e-01 5.437956111100600287e-01 4.913781515633681152e-01 7.279637793759157205e-01 4.483550809564716966e-01 9.176639788686089538e-01 8.794467646409270811e-01 5.704667682254547234e-01 5.015268452856823655e-01 6.492919815578033216e-01 5.063453147146009803e-01 9.813166977661663681e-02 7.438403072885936274e-01 6.729655164531002098e-01 5.089290354727159515e-01 5.772424852228006387e-01 4.883806681696646890e-01 3.761395696525725585e-01 4.318657205089787010e-01
6.871758966632948162e-01 7.886783872226268421e-01 8.040662427477057728e-01 6.772692715053540979e-01 5.979797242815385605e-01 7.451519466513639722e-01 5.798925813935815743e-01 0.000000000000000000e+00 4.188503933313102445e-01 4.107368704097010825e-01 3.808580988253725819e-01 3.613668679353045921e-01 3.984026596111533425e-01 4.862721603444504215e-01 2.934999488957817371e-01 2.977594961495995673e-01 7.280270500581025317e-01 2.472117338149830146e-01 3.982980604685657511e-01 4.101885034638201311e-01 3.718127848030153282e-01 6.083948874000080220e-01 2.754641802536180184e-01 5.849959931102411970e-01 1.956268387578295465e-01 5.565973495433838014e-01 6.348843489097077963e-01 3.664647397337575940e-01 4.533479303764469392e-01 5.022876543700741658e-01 1.784994390944191489e-01 4.330261285983619257e-01 4.551985757447600811e-01 2.399423871671421404e-01 4.375224751621274444e-01 5.315806188482058436e-01 2.580927743261047791e-01 7.255369147117373130e-01 7.718651323792458108e-01 1.550447484283144495e-01 1.468446557126260876e-01 4.253379928150373135e-01 1.520971706272554735e-01 2.414547866269895759e-01 3.960373961491793771e-01 5.680517534605759034e-01 3.458360898153485796e-01 2.765095653491645433e-01 5.127103805778369106e-01 5.039143112090771481e-01 3.143154795239028187e-01 4.284110552874114131e-01 5.079402339030737457e-01 3.080805162273016484e-01 4.539616949682743763e-01 3.648182863938320697e-01 3.675133289194231212e-01 6.913668601761483457e-01 3.139832917057755468e-01 6.567248205104874170e-01 3.192348031609363312e-01 3.826468180756238402e-01 4.972423815361155519e-01 7.229879659134710312e-01 2.892858848156927842e-01 4.363887114872771478e-01 3.121300537442465162e-01 4.593045793800832333e-01 1.216688964790565569e-01 6.117695008661143685e-01 2.806420195050086663e-01 6.334659482298969913e-01 2.446479612924645497e-01 3.407556112095654344e-01 7.107330624313707990e-01 4.423455567692853307e-01 5.229601312282516901e-01 1.537098976246037418e-01 6.812000164107201439e-01 3.514141283865847010e-01 3.916546972058453369e-01 3.536725469522568055e-01 5.828807743868091862e-01 1.434991118103759178e-01 7.676335898958069892e-01 4.040045432872366171e-01 7.417543336128316067e-01 6.051841042200811760e-01 6.320563026004236695e-01 3.432681667956026250e-01 4.937456998455916346e-01 2.872137300886724032e-01 4.898896942326070869e-01 4.870778790480224107e-01 4.992655553758508225e-01 3.336182191318216028e-01 3.984573678178963130e-01 3.089331982685857847e-01 2.225626490611387620e-01 5.410683437257102213e-01
1.021036561830342748e+00 8.689909076153733425e-01 4.155828664392182126e-01 1.094845617630037848e+00 4.945605649519650981e-01 1.078150407595441562e+00 5.620671654698790043e-01 4.188503933313102445e-01 0.000000000000000000e+00 4.903178522353303648e-01 7.216609533841582547e-01 7.789432140599882315e-01 4.468357768987345491e-01 7.805269730628584535e-01 3.579237805316619059e-01 5.971017699237054499e-01 1.062481795363586334e+00 2.482465087881825239e-01 7.718541300791432747e-01 2.253281037329850911e-01 5.854374478319174235e-01 2.168930860595031651e-01 6.934904934363577134e-01 6.653085135029878083e-01 5.786686484882919146e-01 8.864348633773218022e-01 9.187096710948092770e-01 4.384144824294606835e-01 3.745651123435818075e-01 9.198640004947581383e-01 4.135898114986485963e-01 5.595034169428096948e-01 7.301316526647446681e-01 5.408661096510422039e-01 3.428794941849861444e-01 9.123018899669737003e-01 2.269471964250716622e-01 1.090507603190090435e+00 1.066924771663212201e+00 3.252574241680144529e-01 5.452982417438176910e-01 4.576598191992888864e-01 3.674545816828544420e-01 6.590311327516730211e-01 7.928807946839624421e-01 5.191805252498493672e-01 1.392821887755673060e-01 3.814859250959433679e-01 1.365806899483399672e-01 6.291205083087819672e-01 4.956879426866978022e-01 3.213406918372149201e-01 7.940318985992103062e-01 1.294547313956803669e-01 6.879954359797909591e-01 6.479469562045975239e-01 3.236391740950519402e-01 3.041066418884820766e-01 3.815072776761970208e-01 9.945082853437091641e-01 6.600376577197221151e-01 7.850095900820096562e-01 5.775549019288620523e-01 8.033004863062176426e-01 6.953129468535571567e-01 7.639433781061014672e-01 4.702704343514404473e-01 6.977512776831983343e-01 4.704515968851622487e-01 1.029345846990797897e+00 4.122206923246042876e-01 9.551074985169846210e-01 6.517993227909928411e-01 7.583319573342490738e-01 1.035267372930736007e+00 8.599219028939690812e-01 4.250146652520926382e-01 2.765504448235566182e-01 7.615125368034668663e-01 2.873622694446072434e-01 7.058652453238171143e-01 1.225695302376042933e-01 9.149267982165574242e-01 5.623495051416861346e-01 1.121045494414874222e+00 3.651085983292196580e-01 3.555968133987298385e-01 1.022760450344764926e+00 9.907174427049253440e-01 2.326958786037474358e-01 8.345485544043775850e-01 6.310774420790135064e-01 5.563105106472452377e-01 5.673903994407688556e-01 1.108983509832212333e-01 6.498885931329496657e-01 9.603480483625120856e-02 6.919750079990479863e-01 5.120107476792291612e-01 8.488588579133942158e-01
1.080779608717482798e+00 4.043463989972583827e-01 8.842340603587134362e-01 1.067974014880813671e+00 5.328261724240807018e-01 1.150571436446510942e+00 6.395285312229440633e-01 4.107368704097010825e-01 4.903178522353303648e-01 0.000000000000000000e+00 7.862775886205189968e-01 7.520716113107639433e-01 3.426555680272485027e-01 7.783267713300068280e-01 5.386123504386090000e-01 4.651043266765941264e-01 1.095386198148103896e+00 2.483744854120414902e-01 8.090349308782669446e-01 4.300384297275975376e-01 7.390139823486623349e-01 6.819289260532458430e-01 6.161995631699022091e-01 2.042480024965629137e-01 6.063637091675306845e-01 9.620168393385302164e-01 9.886628042595971833e-01 1.932381309458609808e-01 5.468990608235071438e-01 8.929923977455337392e-01 2.914329058113634408e-01 4.449213189251509104e-01 6.535049704915647517e-01 6.377357866206661008e-01 3.711988443508493773e-01 9.146807077566810884e-01 3.960461921946819008e-01 1.105796902384647007e+00 1.127057725702827584e+00 3.439954641134364000e-01 4.470904505989785616e-01 6.455369475051789818e-01 4.841333559844843704e-01 6.287253257693169450e-01 7.533344332526850096e-01 5.322782219879047538e-01 3.819978392835166603e-01 1.380614742665287054e-01 5.872591755956463322e-01 7.672522699474466634e-01 3.373033174427109149e-01 4.681321558538145133e-01 9.100489703466074776e-01 3.986688538425436357e-01 5.615687330754766116e-01 7.597592416146077277e-01 2.542018219452877315e-01 7.716001595586340356e-01 1.225213232620744053e-01 1.062144310305634054e+00 7.246542929560826352e-01 6.591621933589115745e-01 1.219141048514380821e-01 3.397882058752368373e-01 6.830738112153905695e-01 8.418082012824235072e-01 6.321607708395090564e-01 8.483028211396793639e-01 5.192206297556998251e-01 1.002474244241573720e+00 2.407241362240282179e-01 9.970736974085213644e-01 5.297081132733612030e-01 7.314603545850247857e-01 1.120606454877373315e+00 8.330503001447444600e-01 4.678149719929906025e-01 3.717429575421442034e-01 2.947674976545472947e-01 4.752393977504974498e-01 5.600909561409854742e-01 4.577741250897962577e-01 9.927541668328117019e-01 5.316842157460257567e-01 1.157230717069140935e+00 3.043228116348555834e-01 8.219876329953174077e-01 9.958888475955405273e-01 1.006282753461225310e+00 3.192933852334392530e-01 8.991651896407382161e-01 6.939505185717859126e-01 7.277437191522776461e-01 1.106556190506898379e-01 5.794988547583366234e-01 7.334429762247647311e-01 4.829256293375460141e-01 7.144592328645541501e-01 3.893014927858317598e-01 8.879774708145942164e-01
5.187996722356439383e-01 1.164219105433444312e+00 1.113184604759468899e+00 7.262179704334905672e-01 9.408278041140750725e-01 3.813716443784985755e-01 5.393613517543411895e-01 3.808580988253725819e-01 7.216609533841582547e-01 7.862775886205189968e-01 0.000000000000000000e+00 3.843084202802268812e-01 7.743939743025313183e-01 3.725307087921344018e-01 4.148103194009120642e-01 5.553976425856197441e-01 5.914475312552862629e-01 6.043944643080203516e-01 2.297121053823570624e-01 6.857712281265030407e-01 2.696233614053935579e-01 9.175132494117713700e-01 3.685607051312597693e-01 9.605367113210591112e-01 2.031237380213531396e-01 1.950228153999826186e-01 4.343026801079696853e-01 7.435811059903574272e-01 5.876639110961365819e-01 5.516390409649092330e-01 5.380781255179867273e-01 7.117855308621489074e-01 4.542860778022798640e-01 1.880468130716571040e-01 7.836468268538673287e-01 3.862268826329927629e-01 5.048618040238758153e-01 5.759146032179833785e-01 5.825177806763723876e-01 5.048949000286723221e-01 4.046563485188001685e-01 4.467793274605301734e-01 3.559610991549242431e-01 3.430719477498420100e-01 2.964258639388879235e-01 6.628663784834472050e-01 6.594467764620178807e-01 6.520502835599822911e-01 8.218287425896001475e-01 3.699703284025027683e-01 6.323226978844818102e-01 6.686402423029564890e-01 3.064941765921029293e-01 6.142711730328074271e-01 5.722000863292412420e-01 1.418746266312785886e-01 7.297556519254243534e-01 1.000485222187911027e+00 6.895240099165933501e-01 2.918717701742408743e-01 1.205512988089167542e-01 4.170754218901467913e-01 8.727830997469333552e-01 1.098528684124288946e+00 2.684036078180025431e-01 1.127722100656377707e-01 3.251259822271725941e-01 2.578766804618043418e-01 2.670569588648190051e-01 6.607181997942505047e-01 6.594001234495456831e-01 4.898819970757751219e-01 4.643593218786074561e-01 4.037130629648566504e-01 5.339200893793012437e-01 4.830297992903147541e-01 6.920022372256924292e-01 4.581029840998759317e-01 1.056740734621538058e+00 5.495720691915095824e-01 5.489581567218385638e-01 6.494685770098281852e-01 4.126899086218589474e-01 3.129714583765362268e-01 6.135176536583017981e-01 7.827626472317735784e-01 1.050872695624595066e+00 6.545354908149161322e-01 4.835520052070405583e-01 6.739019120151373832e-01 1.128876010202190805e-01 9.827223373549341667e-02 4.522920263565085586e-01 8.626185972588401585e-01 8.083839173876139483e-01 1.102436801292479146e-01 7.046480246234020361e-01 1.801631566394603368e-01 5.115897185724994634e-01 3.852250041652611756e-01
5.641974251809104279e-01 1.133532733455403951e+00 1.164159063476383871e+00 3.625825785490116582e-01 9.504154032793785678e-01 7.557436480845330928e-01 6.083760065143806184e-01 3.613668679353045921e-01 7.789432140599882315e-01 7.520716113107639433e-01 3.843084202802268812e-01 0.000000000000000000e+00 6.816214166005000186e-01 3.557562518172814325e-01 5.496896399251189891e-01 4.117023655722406583e-01 5.921764177961527098e-01 6.011266069839744652e-01 3.075604495938368821e-01 7.685092810264138041e-01 4.611391353791864378e-01 9.684877081286860090e-01 2.086087462373100720e-01 9.298503393430184172e-01 2.244602588103962182e-01 5.634114892712736022e-01 5.121213514638729425e-01 6.866241439928777446e-01 7.410692216640346608e-01 1.849775847324657552e-01 4.629764669675966449e-01 5.886941232827479498e-01 4.329708634444153215e-01 3.887781982435533634e-01 7.899581541599675072e-01 3.981304023258031566e-01 5.890738717749750553e-01 5.920866981893349035e-01 6.354386950344140805e-01 5.156370521868659518e-01 3.121364056452269331e-01 6.382951014343229978e-01 4.317613132790000807e-01 1.420083829386678265e-01 2.404618261360862985e-01 7.017903420601163678e-01 7.072029577506532272e-01 6.193423162577287311e-01 8.728032013065148975e-01 4.887539271008295994e-01 5.395501401824502885e-01 7.724870119493330023e-01 4.277194595957035661e-01 6.681733369559795799e-01 5.092860174025681808e-01 3.367035315913519677e-01 7.145273060807391108e-01 1.051459680904826222e+00 6.588376379385526560e-01 6.728953683888619919e-01 3.826290760798156110e-01 3.065683601803134706e-01 8.420967277688927721e-01 1.067842312146248362e+00 1.321330542705541067e-01 4.455975158264359748e-01 5.173388295915626323e-01 4.028356069257163496e-01 3.213365063876372218e-01 2.941433628563104863e-01 5.821415042078488256e-01 4.970395108850654275e-01 3.077763692334133383e-01 1.119728787399712905e-01 6.036518327382501825e-01 1.088913643549447030e-01 7.448715397704976926e-01 5.070362974317099702e-01 1.026054362643497031e+00 6.631946636830148289e-01 4.114795213516969641e-01 7.137653676809349035e-01 4.757995446936887363e-01 2.224085234078031215e-01 6.413996285629409710e-01 7.139205082795290203e-01 1.101847154341509816e+00 2.832535444088447596e-01 4.986060860780209825e-01 6.971830399645941867e-01 4.961023773446636143e-01 2.999637982141820092e-01 5.952641220754529838e-01 8.319322252807995755e-01 8.593583761045286984e-01 4.178338159894591786e-01 7.585501885465741889e-01 2.224043800574748708e-01 4.188171608704682192e-01 3.997439979033970969e-01
9.200427005174304229e-01 7.470019670245069410e-01 8.443101420825214198e-01 1.001454775875746828e+00 3.500526801621779427e-01 1.141454611381681916e+00 3.437300680787814255e-01 3.984026596111533425e-01 4.468357768987345491e-01 3.426555680272485027e-01 7.743939743025313183e-01 6.816214166005000186e-01 0.000000000000000000e+00 6.019486276660458435e-01 3.737579622797421175e-01 3.089694774316796844e-01 9.247126178955321629e-01 2.832413255467296498e-01 7.570254711228749933e-01 2.291463540991719727e-01 5.463007326902914462e-01 6.420050077770536046e-01 5.138888285016622870e-01 5.469035705238115552e-01 5.748976064646041939e-01 9.504800180879210414e-01 8.094763455339966107e-01 1.946283613891298114e-01 2.042434927962585300e-01 8.264731587404673396e-01 2.416258963323367759e-01 1.782663737935872850e-01 4.463269515703013335e-01 6.104609981250875839e-01 1.885126362669245215e-01 7.513631588554431362e-01 3.240705477202329710e-01 9.376427126578640303e-01 9.485138451144338179e-01 3.503711622654201996e-01 3.697376257837312052e-01 3.732024373271896067e-01 4.761214273675080100e-01 5.575501814955498014e-01 6.138151621771100741e-01 2.083279882803191763e-01 3.112831638707614923e-01 2.267464830319790847e-01 5.473352573194542048e-01 5.106348700658704942e-01 1.703346889885914428e-01 1.337926978967468317e-01 7.218751321490431971e-01 3.931621021536253480e-01 3.198217792289878014e-01 6.639548164433027866e-01 2.079370046406789352e-01 7.335983934443377485e-01 3.058898084321505229e-01 1.053027485240805694e+00 7.155374678912540531e-01 4.884886131063396753e-01 4.536126392606631419e-01 6.824437739024855620e-01 6.287260296368810675e-01 8.295732420638103344e-01 4.667814216652227399e-01 6.340784665393280894e-01 5.101038046908711321e-01 9.359550052365070982e-01 1.177606401061447317e-01 8.240762837692372500e-01 4.018797277229917420e-01 6.649411155799583861e-01 9.441439834470829462e-01 7.712630103569818596e-01 1.251594039657420721e-01 3.940938935827622558e-01 6.374230656817959639e-01 2.496105766867785514e-01 3.719841799063782761e-01 3.245652748731552295e-01 8.443034984863038162e-01 4.727900882732300469e-01 9.931133492181961619e-01 1.160515474421346116e-01 7.847135636986148910e-01 9.293696085904741278e-01 8.378525521726988279e-01 2.185389232758272182e-01 8.861932579479184779e-01 6.780350853106282827e-01 3.986892754817909501e-01 4.500073841470126901e-01 5.431486184927611927e-01 7.222426445729889233e-01 4.573666287039492850e-01 6.676259551676971826e-01 2.628042557300317994e-01 7.126264184590895834e-01
3.298513448731081876e-01 1.169928348114193106e+00 1.193283636001236658e+00 7.040659226390563186e-01 9.385742806693805340e-01 7.394528412063698930e-01 3.364197779040045688e-01 4.862721603444504215e-01 7.805269730628584535e-01 7.783267713300068280e-01 3.725307087921344018e-01 3.557562518172814325e-01 6.019486276660458435e-01 0.000000000000000000e+00 4.231482610561679847e-01 3.132224446534125351e-01 3.249597523143229472e-01 6.699858070632076501e-01 2.301018193393249700e-01 7.115401945630089875e-01 2.187513073128911079e-01 9.945938556215222492e-01 2.196311908528688350e-01 9.662459540018073501e-01 3.453580913479606940e-01 5.476422729701598824e-01 2.103360329295902165e-01 6.743771775100277921e-01 4.862217512446986301e-01 5.274496468791239900e-01 4.968518373560374402e-01 4.322308722581983398e-01 1.725140221550193198e-01 3.506927225140656357e-01 7.767737348405437947e-01 1.611718032111209842e-01 5.798766585539781859e-01 3.445872561469962569e-01 3.490323926346469707e-01 6.292351381929118803e-01 3.676974144369129505e-01 3.388060276972438833e-01 4.786439430298229381e-01 3.410300849851810590e-01 1.410803878170401038e-01 4.729316496730677777e-01 7.558559287492048195e-01 6.492879673127845974e-01 9.140055772344661822e-01 1.629191424150268630e-01 4.521606797810658329e-01 6.177282704717244055e-01 1.356227552053644037e-01 6.971299578948417786e-01 2.906754668227978233e-01 2.449805647002645803e-01 7.560052218256343437e-01 1.081807411450501410e+00 6.952332525973416999e-01 6.564620672805008272e-01 4.312394453958712792e-01 1.191645779710950592e-01 8.784923424276815940e-01 1.104237926805037295e+00 2.322276151983198311e-01 4.291642147180746991e-01 3.241522036374641091e-01 1.264843750926473165e-01 4.536743382051406925e-01 6.377747387384120614e-01 5.508745231253574515e-01 2.221276561031914343e-01 2.631821088718919732e-01 3.930319413994547428e-01 3.450036708426766907e-01 4.599844551295004802e-01 5.534592060292610194e-01 5.910343414721631605e-01 1.062449977302286408e+00 5.312245489258011766e-01 2.299644477596674008e-01 6.987452755648458913e-01 2.499990176709255829e-01 3.500438552402464487e-01 4.022941068122924402e-01 6.778864226467797849e-01 1.133297582960749006e+00 6.295499408253704132e-01 2.447970956618311933e-01 7.638871247824710053e-01 4.824613385955964229e-01 3.319049465047569369e-01 2.809795935555624569e-01 8.683278399395882863e-01 8.885991205452405950e-01 3.818629641454999724e-01 7.875068094854362766e-01 2.497250605531285139e-01 3.921634203738756375e-01 1.106777907930438093e-01
6.631127812986807868e-01 9.079251381345818661e-01 7.706804434700410544e-01 8.793531122683543311e-01 5.633172500083083456e-01 7.684376000262982398e-01 2.952114132532016044e-01 2.934999488957817371e-01 3.579237805316619059e-01 5.386123504386090000e-01 4.148103194009120642e-01 5.496896399251189891e-01 3.737579622797421175e-01 4.231482610561679847e-01 0.000000000000000000e+00 5.630673495907344561e-01 7.051030833568959766e-01 3.029651877142786609e-01 4.139303495474813133e-01 2.905602169729362139e-01 2.275136673002555177e-01 5.719906630903258682e-01 5.133976030703569782e-01 7.042427440221967760e-01 3.252293811147227709e-01 5.767220558081789239e-01 5.607858905631472046e-01 5.176284580284657988e-01 1.913795817389155052e-01 7.043714951330743990e-01 4.265037364378782003e-01 4.476167258646271963e-01 4.199983172146584676e-01 2.367030358453454109e-01 4.104454461939003873e-01 5.549231779602834536e-01 1.670642530209925092e-01 7.331288911834001887e-01 7.090009911315497959e-01 3.090093862741440378e-01 4.344740639966006568e-01 1.439752804932554198e-01 1.426001961764414017e-01 4.435386273899896148e-01 5.293071103702757796e-01 3.255097097157041430e-01 3.332527362180080499e-01 4.204201556151523911e-01 4.914023847032699677e-01 2.941744064437509798e-01 5.080952945640854201e-01 2.538299229020443137e-01 4.361081180675482338e-01 2.745267653636450089e-01 4.068651507720597582e-01 3.097483412164713790e-01 4.193613582467390910e-01 6.592042189193048074e-01 4.332300426177310704e-01 6.854468261004290630e-01 3.744936770959979566e-01 4.811817291977190658e-01 6.164891324480712420e-01 8.422347168254267213e-01 4.495787412960262630e-01 4.558152797840682169e-01 1.123466538197785275e-01 3.403725656765079766e-01 2.314990433420014704e-01 8.138533416291144906e-01 4.511549228438132553e-01 5.977287865102943742e-01 5.188281963554201015e-01 5.428394519725654455e-01 6.773435923990736018e-01 6.443825944932854988e-01 2.914393093768775644e-01 2.048534032136745953e-01 8.004467673226757229e-01 1.347617497905975181e-01 4.700485904238510537e-01 2.761420830336495658e-01 5.570030176848954628e-01 3.742910367380565262e-01 7.631217138832119273e-01 4.347386545228081323e-01 7.106943904295526249e-01 8.072679449830815201e-01 6.333387306982353193e-01 3.550754914141879270e-01 5.222949804002746665e-01 3.646294293969803979e-01 2.424624445095933112e-01 6.063246299599777123e-01 4.659959280140439364e-01 3.484846822932468613e-01 3.649036169542396735e-01 4.246333863868011482e-01 4.990144889236751702e-01 4.914801459067040801e-01
6.256119540934080847e-01 8.628559499847934244e-01 9.823176193401007561e-01 7.473713900106982999e-01 6.422419226714372043e-01 9.261715205922739225e-01 2.821330852439820069e-01 2.977594961495995673e-01 5.971017699237054499e-01 4.651043266765941264e-01 5.553976425856197441e-01 4.117023655722406583e-01 3.089694774316796844e-01 3.132224446534125351e-01 5.630673495907344561e-01 0.000000000000000000e+00 6.302818714715093806e-01 3.629134089338084124e-01 4.527485651559916557e-01 5.285384333767558784e-01 4.536942825398583290e-01 7.866462639924030054e-01 2.130412064143467898e-01 6.591735558724082233e-01 3.559012747476926197e-01 7.363959784468903091e-01 5.235584775830028903e-01 3.611547328566152570e-01 4.541870507033395898e-01 5.709776775638801816e-01 1.986949013907523820e-01 1.936846794887828738e-01 2.191939124290296081e-01 4.685036843903917503e-01 4.803501336852397108e-01 4.569324124314207980e-01 4.934698421989873185e-01 6.432119662338414701e-01 6.619533990262329581e-01 3.868269040073227250e-01 1.575496173997760208e-01 4.190920690974790919e-01 4.476074938269851700e-01 3.126718014083230690e-01 3.097749127197402808e-01 3.074519612871892682e-01 5.040511866977936961e-01 3.382530394514369210e-01 6.909617571702324490e-01 3.498983775332587531e-01 1.464053186621781522e-01 4.243862726444858624e-01 4.449446436700131846e-01 4.960925038468490533e-01 1.562021988186747812e-01 5.045979436177934208e-01 4.489328236962349949e-01 8.696182367685433290e-01 3.881608544679425177e-01 8.377443944513974783e-01 5.113235662709926244e-01 1.940578666823174481e-01 5.714199442982825783e-01 7.971655286756380576e-01 3.241943751513481353e-01 6.181505951141037514e-01 5.094418919649099653e-01 3.897790186341564822e-01 3.633922228564516188e-01 6.813027694231683640e-01 2.376520784719449719e-01 5.319693707319270715e-01 1.084894206685715345e-01 4.148026098829938335e-01 6.582261154960892258e-01 5.204051578704013137e-01 3.495573908955652009e-01 4.226307453063171127e-01 7.553775791728870592e-01 5.225826974142098180e-01 1.087634754001114701e-01 5.551977750941017309e-01 5.504160125779221646e-01 2.479307298363469525e-01 6.986826027941739348e-01 3.712833693177274852e-01 9.200057102052265900e-01 6.738741274138873028e-01 5.434218057486766007e-01 4.568147266530716566e-01 6.671969262310071258e-01 4.590387535937166530e-01 3.316822514765493946e-01 5.612554418101891596e-01 6.775169319682458058e-01 5.331171528090463685e-01 5.809437065474553075e-01 3.958352758659425819e-01 9.400648440859055155e-02 4.228731441379999234e-01
