0.000000000000000000e+00 1.052241332595417633e+00 9.933934402567927702e-01 9.893620791589914365e-01 7.076528635912019416e-01 6.405733042564307755e-01 5.494106944615452237e-01 4.561257396390793750e-01 4.479268943292462613e-01 3.975381445483333054e-01 6.416697070800959635e-01 3.399045903883641806e-01 7.192090075598616128e-01 8.000168752688652241e-01 7.406141382852450272e-01 2.743951629906228318e-01 5.006851435150295737e-01 2.412457657001453870e-01 2.239055377371641786e-01 2.320016046950983679e-01 5.003815231268756714e-01 4.604915734582589182e-01 2.016811194960580478e-01 4.598427586430142711e-01 7.620057948787042346e-01
1.052241332595417633e+00 0.000000000000000000e+00 9.023385549209052003e-01 8.243176422173802420e-01 1.193823011449384186e+00 1.239987409540717289e+00 5.499010731653566353e-01 1.477411902063659577e+00 6.592604652258378106e-01 8.301778384727558358e-01 6.598232729132721408e-01 9.451205977606108588e-01 5.338861207334710812e-01 2.877930677211771870e-01 7.604292450466426656e-01 8.032663884435553570e-01 5.866196070988495270e-01 1.258896159319044639e+00 9.043511623316392578e-01 8.825428010115260458e-01 1.009799263389505652e+00 7.128544533527539917e-01 8.740168172175323269e-01 1.080789665659332988e+00 4.692043787721523751e-01
9.933934402567927702e-01 9.023385549209052003e-01 0.000000000000000000e+00 9.406541428053140086e-01 1.341605411602438069e+00 1.393480922027328761e+00 5.391351213023805045e-01 1.432155839783668450e+00 7.579316045465714913e-01 9.425708918870647768e-01 3.669502703939074295e-01 1.062825212873708791e+00 6.318023799759796555e-01 6.282722158990142747e-01 2.793604947949113737e-01 7.189982772661697163e-01 7.867844528440849361e-01 1.221490604740008257e+00 1.090810626367149316e+00 8.742852070564276490e-01 1.158432727870776668e+00 5.664977323586506408e-01 9.082775732805716817e-01 1.241388272650337354e+00 4.633585223524662178e-01
9.893620791589914365e-01 8.243176422173802420e-01 9.406541428053140086e-01 0.000000000000000000e+00 1.174664713130018079e+00 1.181100127343081230e+00 6.761909948478551646e-01 1.439504335092361309e+00 5.491890907173851977e-01 8.255038856083756205e-01 6.502687112701247552e-01 8.731008681539136340e-01 3.092933597459401329e-01 5.846595981045973334e-01 8.365415633464505785e-01 7.857580930283055709e-01 6.012702248974940433e-01 1.223570527498609284e+00 8.671879099915436040e-01 7.718924628373594610e-01 9.829155866310118617e-01 5.898355404187866080e-01 9.068713776866148546e-01 1.022745643339305177e+00 5.057856629456035646e-01
7.076528635912019416e-01 1.193823011449384186e+00 1.341605411602438069e+00 1.174664713130018079e+00 0.000000000000000000e+00 8.908822366645003932e-01 8.227592397230926169e-01 1.116916792828108074e+00 7.282581764679543213e-01 4.073753417336751781e-01 1.054977506342148263e+00 6.224374023225919261e-01 9.092713867606554423e-01 9.704276327908596400e-01 1.103489083602621879e+00 7.070105291843075124e-01 6.238042404787489392e-01 8.935609614496949904e-01 4.884779174546035607e-01 6.777379877208423720e-01 2.177605521136302125e-01 9.065246920737451974e-01 5.891360501208663392e-01 7.276961929617209446e-01 9.330281875951441650e-01
6.405733042564307755e-01 1.239987409540717289e+00 1.393480922027328761e+00 1.181100127343081230e+00 8.908822366645003932e-01 0.000000000000000000e+00 9.390765659547256616e-01 1.058694999842357376e+00 6.668309351693026965e-01 6.344481107294528410e-01 1.032619415447846301e+00 3.529918484693259639e-01 9.158038348722091770e-01 1.016022391002159964e+00 1.205133104333208749e+00 7.870269315371346552e-01 7.095135375008888579e-01 8.353391684639448478e-01 5.007517724824812611e-01 5.812052894066918052e-01 6.873510533119429056e-01 8.429000942315683087e-01 7.508010188361834425e-01 1.979396761006176619e-01 9.630637302225687479e-01
5.494106944615452237e-01 5.499010731653566353e-01 5.391351213023805045e-01 6.761909948478551646e-01 8.227592397230926169e-01 9.390765659547256616e-01 0.000000000000000000e+00 9.808558949272750960e-01 4.652600955282895634e-01 4.237247200077191578e-01 3.698427541981740285e-01 6.577788630280988480e-01 4.028860903880360222e-01 2.814875373123928992e-01 3.231520363662717110e-01 2.888942425848562423e-01 2.476493315417042651e-01 7.662682743074085145e-01 5.823252293459098006e-01 5.021733601625506527e-01 6.395865559914309939e-01 3.020135551132930307e-01 4.031310211916434016e-01 7.792256501435879112e-01 2.424480856319131405e-01
4.561257396390793750e-01 1.477411902063659577e+00 1.432155839783668450e+00 1.439504335092361309e+00 1.116916792828108074e+00 1.058694999842357376e+00 9.808558949272750960e-01 0.000000000000000000e+00 9.001394318801241301e-01 8.145401983570197402e-01 1.085185018210365282e+00 7.585850606215569503e-01 1.167322826001618852e+00 1.231462075734595318e+00 1.179501309837813761e+00 7.131575625174985111e-01 9.258557129832710730e-01 2.364835032965366401e-01 6.309736083897324876e-01 6.842141422459764311e-01 9.096454523637815814e-01 9.053594130580481236e-01 6.202052808042418652e-01 8.779644542289408715e-01 1.208607794208965247e+00
4.479268943292462613e-01 6.592604652258378106e-01 7.579316045465714913e-01 5.491890907173851977e-01 7.282581764679543213e-01 6.668309351693026965e-01 4.652600955282895634e-01 9.001394318801241301e-01 0.000000000000000000e+00 3.907186285899040268e-01 3.980907561802931038e-01 3.372181681136022235e-01 2.940448899909005598e-01 4.231580769845664225e-01 6.017888031115682379e-01 2.761039871205341889e-01 2.425981513409056767e-01 6.767836005017116019e-01 3.934767278716441163e-01 2.232823357856885127e-01 5.254616795883778613e-01 2.182337681785102568e-01 4.942774703098198885e-01 5.147382857923107347e-01 3.600044332167653960e-01
3.975381445483333054e-01 8.301778384727558358e-01 9.425708918870647768e-01 8.255038856083756205e-01 4.073753417336751781e-01 6.344481107294528410e-01 4.237247200077191578e-01 8.145401983570197402e-01 3.907186285899040268e-01 0.000000000000000000e+00 6.559429866267747489e-01 3.567666209260678123e-01 5.578601577821145074e-01 6.030095013024534545e-01 7.044545638872483639e-01 3.009102508723853764e-01 2.489006918876275065e-01 5.920680474622015410e-01 2.257009099452667589e-01 3.618914769829619793e-01 2.192172747304026448e-01 5.074901723583716828e-01 2.107890165685474548e-01 4.741654701259190308e-01 5.711902889914907133e-01
6.416697070800959635e-01 6.598232729132721408e-01 3.669502703939074295e-01 6.502687112701247552e-01 1.054977506342148263e+00 1.032619415447846301e+00 3.698427541981740285e-01 1.085185018210365282e+00 3.980907561802931038e-01 6.559429866267747489e-01 0.000000000000000000e+00 7.019637062942261085e-01 3.414169484407905131e-01 3.857569338913813262e-01 2.754349294063826448e-01 3.814745893962376844e-01 5.391518260265967255e-01 8.785307255162680962e-01 7.655429520548250322e-01 5.139539890807298672e-01 8.718048226104866405e-01 2.056362257791679582e-01 5.998648052728724478e-01 8.805267660708550048e-01 2.019600473732645618e-01
3.399045903883641806e-01 9.451205977606108588e-01 1.062825212873708791e+00 8.731008681539136340e-01 6.224374023225919261e-01 3.529918484693259639e-01 6.577788630280988480e-01 7.585850606215569503e-01 3.372181681136022235e-01 3.567666209260678123e-01 7.019637062942261085e-01 0.000000000000000000e+00 6.110815807401979161e-01 7.168494196782688732e-01 8.679499412466512576e-01 4.498437684505773304e-01 4.282158345742620442e-01 5.352292292431444221e-01 2.254087680311867015e-01 2.317888287009565729e-01 4.189062189700345495e-01 5.122443850779477836e-01 4.736411589283821555e-01 2.052325844134622879e-01 6.587798086771349260e-01
7.192090075598616128e-01 5.338861207334710812e-01 6.318023799759796555e-01 3.092933597459401329e-01 9.092713867606554423e-01 9.158038348722091770e-01 4.028860903880360222e-01 1.167322826001618852e+00 2.940448899909005598e-01 5.578601577821145074e-01 3.414169484407905131e-01 6.110815807401979161e-01 0.000000000000000000e+00 2.942280766206876175e-01 5.279568462225907588e-01 5.112034083031524734e-01 3.291206452899498869e-01 9.552965987542784143e-01 6.017945836221807454e-01 5.038844661750281340e-01 7.175222602616490031e-01 3.115841568992778199e-01 6.347217980790708092e-01 7.573523169699426516e-01 1.978463327069762967e-01
8.000168752688652241e-01 2.877930677211771870e-01 6.282722158990142747e-01 5.846595981045973334e-01 9.704276327908596400e-01 1.016022391002159964e+00 2.814875373123928992e-01 1.231462075734595318e+00 4.231580769845664225e-01 6.030095013024534545e-01 3.857569338913813262e-01 7.168494196782688732e-01 2.942280766206876175e-01 0.000000000000000000e+00 4.863629060247519065e-01 5.507624461740499022e-01 3.645967201475255881e-01 1.014147551924278634e+00 6.803861437930820433e-01 6.464404127702552127e-01 7.864038847309805513e-01 4.767520651114827701e-01 6.323987103901118623e-01 8.568246471207754400e-01 1.991860781029623495e-01
7.406141382852450272e-01 7.604292450466426656e-01 2.793604947949113737e-01 8.365415633464505785e-01 1.103489083602621879e+00 1.205133104333208749e+00 3.231520363662717110e-01 1.179501309837813761e+00 6.017888031115682379e-01 7.044545638872483639e-01 2.754349294063826448e-01 8.679499412466512576e-01 5.279568462225907588e-01 4.863629060247519065e-01 0.000000000000000000e+00 4.663437473203152495e-01 5.607077314779644883e-01 9.688360747941532347e-01 8.630550732254391733e-01 6.580370714555855427e-01 9.203163998709602556e-01 3.922739500797828294e-01 6.694079782571120685e-01 1.053040454956216676e+00 3.333524586689471936e-01
2.743951629906228318e-01 8.032663884435553570e-01 7.189982772661697163e-01 7.857580930283055709e-01 7.070105291843075124e-01 7.870269315371346552e-01 2.888942425848562423e-01 7.131575625174985111e-01 2.761039871205341889e-01 3.009102508723853764e-01 3.814745893962376844e-01 4.498437684505773304e-01 5.112034083031524734e-01 5.507624461740499022e-01 4.663437473203152495e-01 0.000000000000000000e+00 3.059054551711768433e-01 5.024923274738379853e-01 4.545234182990006144e-01 2.296050139704473581e-01 5.201275256027879657e-01 2.172841250099223909e-01 2.309116075187540584e-01 6.349342821601429154e-01 5.171521901219062745e-01
5.006851435150295737e-01 5.866196070988495270e-01 7.867844528440849361e-01 6.012702248974940433e-01 6.238042404787489392e-01 7.095135375008888579e-01 2.476493315417042651e-01 9.258557129832710730e-01 2.425981513409056767e-01 2.489006918876275065e-01 5.391518260265967255e-01 4.282158345742620442e-01 3.291206452899498869e-01 3.645967201475255881e-01 5.607077314779644883e-01 3.059054551711768433e-01 0.000000000000000000e+00 7.073399702386560239e-01 3.624860676708908658e-01 4.138150779368451326e-01 4.397804924188699616e-01 4.422204150622787155e-01 3.200159818675655243e-01 5.496626216897511075e-01 3.389793457907144258e-01
2.412457657001453870e-01 1.258896159319044639e+00 1.221490604740008257e+00 1.223570527498609284e+00 8.935609614496949904e-01 8.353391684639448478e-01 7.662682743074085145e-01 2.364835032965366401e-01 6.767836005017116019e-01 5.920680474622015410e-01 8.785307255162680962e-01 5.352292292431444221e-01 9.552965987542784143e-01 1.014147551924278634e+00 9.688360747941532347e-01 5.024923274738379853e-01 7.073399702386560239e-01 0.000000000000000000e+00 4.076177770113198484e-01 4.608583108675637363e-01 6.862896209853691643e-01 6.973932361364852950e-01 3.996123683602032517e-01 6.546086228505282323e-01 9.972283306178877371e-01
2.239055377371641786e-01 9.043511623316392578e-01 1.090810626367149316e+00 8.671879099915436040e-01 4.884779174546035607e-01 5.007517724824812611e-01 5.823252293459098006e-01 6.309736083897324876e-01 3.934767278716441163e-01 2.257009099452667589e-01 7.655429520548250322e-01 2.254087680311867015e-01 6.017945836221807454e-01 6.803861437930820433e-01 8.630550732254391733e-01 4.545234182990006144e-01 3.624860676708908658e-01 4.076177770113198484e-01 0.000000000000000000e+00 3.381483622041607795e-01 2.812065769902774015e-01 5.758236308385467073e-01 2.500492463537021259e-01 3.298818781147531687e-01 6.298757632875010559e-01
2.320016046950983679e-01 8.825428010115260458e-01 8.742852070564276490e-01 7.718924628373594610e-01 6.777379877208423720e-01 5.812052894066918052e-01 5.021733601625506527e-01 6.842141422459764311e-01 2.232823357856885127e-01 3.618914769829619793e-01 5.139539890807298672e-01 2.317888287009565729e-01 5.038844661750281340e-01 6.464404127702552127e-01 6.580370714555855427e-01 2.296050139704473581e-01 4.138150779368451326e-01 4.608583108675637363e-01 3.381483622041607795e-01 0.000000000000000000e+00 4.749414908412659120e-01 3.178928391354362559e-01 3.493585217995281433e-01 4.333227196950181215e-01 5.633568918457956265e-01
5.003815231268756714e-01 1.009799263389505652e+00 1.158432727870776668e+00 9.829155866310118617e-01 2.177605521136302125e-01 6.873510533119429056e-01 6.395865559914309939e-01 9.096454523637815814e-01 5.254616795883778613e-01 2.192172747304026448e-01 8.718048226104866405e-01 4.189062189700345495e-01 7.175222602616490031e-01 7.864038847309805513e-01 9.203163998709602556e-01 5.201275256027879657e-01 4.397804924188699616e-01 6.862896209853691643e-01 2.812065769902774015e-01 4.749414908412659120e-01 0.000000000000000000e+00 7.078085825552803412e-01 3.907770687611932803e-01 5.241650096091635680e-01 7.414283494588679302e-01
4.604915734582589182e-01 7.128544533527539917e-01 5.664977323586506408e-01 5.898355404187866080e-01 9.065246920737451974e-01 8.429000942315683087e-01 3.020135551132930307e-01 9.053594130580481236e-01 2.182337681785102568e-01 5.074901723583716828e-01 2.056362257791679582e-01 5.122443850779477836e-01 3.115841568992778199e-01 4.767520651114827701e-01 3.922739500797828294e-01 2.172841250099223909e-01 4.422204150622787155e-01 6.973932361364852950e-01 5.758236308385467073e-01 3.178928391354362559e-01 7.078085825552803412e-01 0.000000000000000000e+00 4.416576019786395135e-01 6.908074448545763468e-01 3.117400565043146887e-01
2.016811194960580478e-01 8.740168172175323269e-01 9.082775732805716817e-01 9.068713776866148546e-01 5.891360501208663392e-01 7.508010188361834425e-01 4.031310211916434016e-01 6.202052808042418652e-01 4.942774703098198885e-01 2.107890165685474548e-01 5.998648052728724478e-01 4.736411589283821555e-01 6.347217980790708092e-01 6.323987103901118623e-01 6.694079782571120685e-01 2.309116075187540584e-01 3.200159818675655243e-01 3.996123683602032517e-01 2.500492463537021259e-01 3.493585217995281433e-01 3.907770687611932803e-01 4.416576019786395135e-01 0.000000000000000000e+00 5.799311244684554056e-01 6.340910775021225687e-01
4.598427586430142711e-01 1.080789665659332988e+00 1.241388272650337354e+00 1.022745643339305177e+00 7.276961929617209446e-01 1.979396761006176619e-01 7.792256501435879112e-01 8.779644542289408715e-01 5.147382857923107347e-01 4.741654701259190308e-01 8.805267660708550048e-01 2.052325844134622879e-01 7.573523169699426516e-01 8.568246471207754400e-01 1.053040454956216676e+00 6.349342821601429154e-01 5.496626216897511075e-01 6.546086228505282323e-01 3.298818781147531687e-01 4.333227196950181215e-01 5.241650096091635680e-01 6.908074448545763468e-01 5.799311244684554056e-01 0.000000000000000000e+00 8.046122123203017784e-01
7.620057948787042346e-01 4.692043787721523751e-01 4.633585223524662178e-01 5.057856629456035646e-01 9.330281875951441650e-01 9.630637302225687479e-01 2.424480856319131405e-01 1.208607794208965247e+00 3.600044332167653960e-01 5.711902889914907133e-01 2.019600473732645618e-01 6.587798086771349260e-01 1.978463327069762967e-01 1.991860781029623495e-01 3.333524586689471936e-01 5.171521901219062745e-01 3.389793457907144258e-01 9.972283306178877371e-01 6.298757632875010559e-01 5.633568918457956265e-01 7.414283494588679302e-01 3.117400565043146887e-01 6.340910775021225687e-01 8.046122123203017784e-01 0.000000000000000000e+00
