0.000000000000000000e+00 6.334876347327844659e-01 6.180673519078866418e-01 5.790563629785134836e-01 5.489237148195953431e-01 4.280972871871371321e-01 3.908107393290995990e-01 3.338803606425664872e-01 3.155603639000567617e-01 3.059618951681615240e-01 2.585793404922350214e-01 2.258468177042565472e-01 3.127116207116988900e-01 4.629631858452703530e-01 3.917258660810832849e-01 4.391515145312347990e-01 1.888502115841447226e-01 4.325456860346421073e-01 1.730817063592315908e-01 5.097490113674968404e-01 2.619722721537622867e-01 1.671360549294549913e-01 1.603618988617662444e-01 1.595917899155839259e-01 2.985559886727457979e-01 4.012792726420304490e-01 2.388519684039616953e-01 5.014833645511497240e-01 3.191304417924354930e-01 4.351499949180404059e-01 2.712278997016586701e-01 5.244550724786614104e-01 5.680421730305125205e-01 2.036384303378057370e-01 4.688938294915842020e-01 3.616856181916643931e-01 3.886885211996649603e-01 3.942180928250950678e-01 2.619363832650283275e-01 1.102148613871212629e-01 2.372003771958715035e-01 3.428577356542053534e-01 2.626310699090218526e-01 3.591452563874151793e-01 5.909496278880423947e-01 1.246391063117566200e-01 2.145038464494013752e-01 3.616494842877984728e-01 9.768696102659313318e-02 2.413140721374935072e-01 5.315326783129984412e-01 4.393983683468669077e-01 5.222779327648605641e-01 5.049686580032172190e-01 2.638131288425948906e-01 1.479734850617078212e-01 5.625317686521199567e-01 2.626935742735584944e-01 2.361369026680069927e-01 2.392930974039091663e-01 3.205944022851995312e-01 3.474798664143871063e-01 8.460600896894190925e-02 5.112977099794422386e-01 3.293984675011501495e-01 1.687135484157196164e-01 3.757257754761961777e-01 2.516291297561755180e-01 3.776843220368723553e-01 5.561624509862078680e-01 2.449304740056122420e-01 2.408528136862107538e-01 1.902292036235769535e-01 2.883216336221317011e-01 8.232361498767309937e-02
6.334876347327844659e-01 0.000000000000000000e+00 1.106438357737055789e+00 6.136063546860472950e-01 5.107218975511794712e-01 9.409295204355135889e-01 1.012325979651044427e+00 3.360786560850316240e-01 7.493209984412791957e-01 4.644544714615326808e-01 5.362365627016763003e-01 8.593344524370409854e-01 8.475565514766985054e-01 1.974161085043082964e-01 4.553254467663999105e-01 9.342695293843865656e-01 6.023574020661672801e-01 3.780953238006092842e-01 5.597948758351777299e-01 4.406981639052047761e-01 3.871512495822316269e-01 6.916712284287779289e-01 4.966405796915235316e-01 7.154877740326471836e-01 9.077172162552489265e-01 3.285809026029811175e-01 7.345676207701092864e-01 1.354743542137441803e-01 5.043595998601492214e-01 4.545645942564385256e-01 4.562526532057952222e-01 3.915880792209816552e-01 4.760610050320890352e-01 8.019680580353338861e-01 5.271109694686951785e-01 8.741715229037853030e-01 3.795257422821032844e-01 2.457671963713155827e-01 4.460018358346437561e-01 7.437024961199056872e-01 7.476792165019667813e-01 8.475553114786902320e-01 6.500322917708259984e-01 3.638425248170126247e-01 9.668693482471350797e-02 6.551756840594138431e-01 8.025339524992302076e-01 4.859637979666192042e-01 5.785055058397187144e-01 4.012102897687141456e-01 1.024137780165798040e+00 2.840070843502642828e-01 5.641606061005548511e-01 4.741143385351172523e-01 5.374989588388557893e-01 4.855141496710769222e-01 8.943386459457131066e-02 5.234267227295908986e-01 5.681198695821870759e-01 6.798269812097830211e-01 9.413202424009379232e-01 4.583825356487523095e-01 5.702538027235225515e-01 5.165142475100668040e-01 3.040891672316345939e-01 6.594394980977411613e-01 4.143327907965325685e-01 7.861146750304816022e-01 8.905165552852488675e-01 4.677689911511893617e-01 7.398154512305621378e-01 8.261206269294573135e-01 6.187810974523354490e-01 8.833424356862890070e-01 5.591737636983474813e-01
6.180673519078866418e-01 1.106438357737055789e+00 0.000000000000000000e+00 1.086914742179871052e+00 9.156241022476399039e-01 7.136943723091597747e-01 7.216327909514455019e-01 7.825144212558940993e-01 3.571173592957763709e-01 8.111330559994611722e-01 5.964613906630199525e-01 5.179323678340831405e-01 5.410877009659781356e-01 9.090222492327474368e-01 9.495937274484040902e-01 1.822661246730736817e-01 5.393638619570465531e-01 7.704277362054270384e-01 6.873003079274938587e-01 9.226844438310679575e-01 8.494847142332302425e-01 4.880913294904317690e-01 6.923450748598971582e-01 4.654217643457925768e-01 5.911460687646804546e-01 8.844639433173954179e-01 4.773315528897158488e-01 9.952395904517347125e-01 7.133265606520263757e-01 8.333754995701413426e-01 6.578152805959781579e-01 8.932554893739546031e-01 9.804339506914592217e-01 4.200080029354672506e-01 9.767522086929417702e-01 6.438641932431449222e-01 7.269126154549524488e-01 8.867722740108541224e-01 8.168078826469329368e-01 5.194465731352131410e-01 5.451572851060564329e-01 2.762551434922730920e-01 4.631959443193712778e-01 8.737827475069159799e-01 1.089855687835225240e+00 5.909569668490626260e-01 4.864907702962128488e-01 9.000795406850091718e-01 6.043582635520072799e-01 7.700334940456236010e-01 9.195452486320764007e-02 8.278740663234132047e-01 1.058197465717245711e+00 9.173604356641635871e-01 5.699132813678795539e-01 7.381573307471027690e-01 1.022670628906904300e+00 7.387363267029088965e-01 6.365853620696041437e-01 4.473157374396878883e-01 6.528401175880137464e-01 6.853619165851720929e-01 6.646265091868814867e-01 8.940493379786895733e-01 8.991343861398906068e-01 5.167052129774475366e-01 7.918678520583971592e-01 4.046120364240570755e-01 6.632814071588947202e-01 9.040355062713097967e-01 3.985058696125274857e-01 4.349750983767060042e-01 5.264388351523172638e-01 5.349595765913295331e-01 6.461115705962520162e-01
5.790563629785134836e-01 6.136063546860472950e-01 1.086914742179871052e+00 0.000000000000000000e+00 5.083377225341270123e-01 9.895391229146299761e-01 9.575665977500215087e-01 4.569240865277831576e-01 7.620920360176116626e-01 2.993089831458912164e-01 5.203330441817399787e-01 7.922240166881440171e-01 8.860078222817059368e-01 4.369376284484817186e-01 1.879321730488137665e-01 9.096481961627204127e-01 6.910191452052162342e-01 4.528309640736501440e-01 4.463765926511601423e-01 4.125047387537486010e-01 3.492542434860920197e-01 6.008008677577690859e-01 5.211960569172400248e-01 7.386315811164729794e-01 8.704776965460487848e-01 3.231883714370978322e-01 7.992096302027972277e-01 4.827885904173873644e-01 3.897481540102049058e-01 3.849245747042772114e-01 5.726753459773895605e-01 4.223122298131260499e-01 4.700999568231206127e-01 7.107339386018548533e-01 1.134687948990087680e-01 9.231274539191570705e-01 5.121653828411298903e-01 4.094857693094017259e-01 3.207052097645494704e-01 6.561223305766296088e-01 7.986422129233641254e-01 8.106595986875978488e-01 6.652152554255047479e-01 2.497638298690347536e-01 5.651325414114054535e-01 5.385952784332554977e-01 7.886013350127786259e-01 2.225893658969035072e-01 6.158996298483720988e-01 4.530327763866184854e-01 1.003543188467347802e+00 4.214439708683604402e-01 9.100798434890611244e-02 4.233252421235624285e-01 6.018795889508478103e-01 4.632530305781464297e-01 5.365062112553313778e-01 3.748431032654165884e-01 4.505958263918704021e-01 7.414930443888116951e-01 8.873502607061213299e-01 4.798373878732249964e-01 4.944503540095714356e-01 4.615133282422210215e-01 3.313562404334771672e-01 7.227115530040696401e-01 3.062376003323539209e-01 8.293069108193213967e-01 9.391261577643649217e-01 4.999408880140027711e-01 6.894374226513174664e-01 7.909369689029430717e-01 5.652343689098572321e-01 8.621948567558407328e-01 5.515421012228095554e-01
5.489237148195953431e-01 5.107218975511794712e-01 9.156241022476399039e-01 5.083377225341270123e-01 0.000000000000000000e+00 8.613118807819313272e-01 8.869799565817014786e-01 3.628633598809151151e-01 5.744217391401061912e-01 2.958519890115953732e-01 3.191627115846195073e-01 6.884994260190874238e-01 7.459016107119906813e-01 3.133057890468712303e-01 3.776149755213973336e-01 7.412190284479583946e-01 4.923133664411362131e-01 1.746174843506194951e-01 3.902222288442759868e-01 1.729768641273722318e-01 3.684412414805397495e-01 4.671751076224285315e-01 5.124717131959373173e-01 6.516168628190885936e-01 8.043073117847016062e-01 2.263208940766062160e-01 6.169038799319697119e-01 4.015873870834347770e-01 2.372939645843035461e-01 1.265679476136678250e-01 3.868011352775416190e-01 1.205775864902086658e-01 1.194461263015371699e-01 5.807517815124386695e-01 4.026989882068863769e-01 7.941263656901258461e-01 2.793464344951369638e-01 3.496051829404863698e-01 3.922466862228272122e-01 5.841028022006935494e-01 6.665098618137141884e-01 6.461630106026159392e-01 4.691124799100358511e-01 2.843932910742448250e-01 4.695566583929244309e-01 4.284678626127803036e-01 7.224309502514312253e-01 3.577953751456536269e-01 5.535519755721575175e-01 4.337679489422450740e-01 8.349917566902957944e-01 2.511055925317879911e-01 4.706721735434516996e-01 9.077728458590436644e-02 3.874258077561557601e-01 4.796266816569288438e-01 4.313889648239802588e-01 3.298248772724747258e-01 3.169700662565301252e-01 5.320502852536423966e-01 8.167636195378015218e-01 2.370971505751830466e-01 4.681527891868708102e-01 8.689100267188232252e-02 3.101018712626935625e-01 5.711267710906301476e-01 2.066239213614615988e-01 6.271453512878364389e-01 8.112385087634594871e-01 8.525052307832042819e-02 5.346722492361490886e-01 6.609548118135268879e-01 4.011164377425275318e-01 7.632597460658365751e-01 5.532862956841997359e-01
4.280972871871371321e-01 9.409295204355135889e-01 7.136943723091597747e-01 9.895391229146299761e-01 8.613118807819313272e-01 0.000000000000000000e+00 5.904004318884729097e-01 6.074411114491988783e-01 3.933291643569289397e-01 7.277984686822313032e-01 5.581043908534221165e-01 4.507571793925478909e-01 2.123246203754747263e-01 7.923975575059730714e-01 8.063935582046319883e-01 5.364214003011985588e-01 3.738879950773177363e-01 6.980439337447752468e-01 5.967985330386033072e-01 8.871238527077119906e-01 6.413701653287987581e-01 5.169722346293582627e-01 4.690403005759532507e-01 2.857247088124845735e-01 4.857916684926772422e-01 7.649624232994138850e-01 2.780933145038795296e-01 8.167281307500106058e-01 6.810064859068956089e-01 7.790632781044326549e-01 5.198571946174742608e-01 7.996533054996648460e-01 9.182137574785973477e-01 4.203941355462374463e-01 8.907304030056537592e-01 1.104968372320570824e-01 6.139066919513865850e-01 7.082608143091301267e-01 6.837729567790981067e-01 3.938230914453775822e-01 1.948020189682168612e-01 4.475973091090760247e-01 4.338949484239973953e-01 7.605207068316230945e-01 9.171518383083234749e-01 5.483559329911282809e-01 3.767542058221341472e-01 7.834860578018680854e-01 3.842253150354474900e-01 5.615205311064521698e-01 6.277403530214973326e-01 7.011511353142725333e-01 9.350487685529957904e-01 8.755648198400527438e-01 4.787755537622981894e-01 5.300427818426710624e-01 8.894433267093052597e-01 6.859121520060040833e-01 6.423170635283705909e-01 3.605616230879943318e-01 5.193946946383661833e-01 6.247295412188993424e-01 5.100360944926433104e-01 8.397371165129807746e-01 6.877573205169690285e-01 2.901851096913009020e-01 7.727951524552543194e-01 3.114763401229052042e-01 8.088354141356886295e-02 8.474608191889263509e-01 4.510617538210838773e-01 3.821118120225372450e-01 5.176694463155682158e-01 4.509729814370958545e-01 4.379970216918201431e-01
3.908107393290995990e-01 1.012325979651044427e+00 7.216327909514455019e-01 9.575665977500215087e-01 8.869799565817014786e-01 5.904004318884729097e-01 0.000000000000000000e+00 6.788375706647298280e-01 4.225369913567937896e-01 6.844721299396695491e-01 5.828971137396158353e-01 2.118170388884399180e-01 4.677516533270330013e-01 8.537739251743700075e-01 7.749636584183429155e-01 5.422091825775137153e-01 4.628444627336370520e-01 7.568634592820228102e-01 5.238721438552983445e-01 8.563754183682388277e-01 6.527830114828619967e-01 4.260262975649883321e-01 5.315782099503587599e-01 3.046757230759880586e-01 1.408511024268140621e-01 7.920900119711301590e-01 4.440409777198727759e-01 8.881245899655408893e-01 6.571866835545412400e-01 7.732062366801465414e-01 5.915819549057821369e-01 8.734710060499503159e-01 9.141249252286300919e-01 3.311548081851147796e-01 8.474040642630923381e-01 5.239887628930000041e-01 7.028631596077056232e-01 7.796572735246605212e-01 6.422533724870674865e-01 3.086952267456199439e-01 4.086313202431468561e-01 4.453776474591724099e-01 4.934967630865958466e-01 7.427877992175594413e-01 9.817603672171421048e-01 4.710714718117233746e-01 2.502693967062945557e-01 7.402489813313420930e-01 4.482849994400396332e-01 6.255802155110441465e-01 6.360449606385648602e-01 7.725475945298031499e-01 9.055157251021203058e-01 8.510514102013345683e-01 5.677320214186173386e-01 5.387842243908074202e-01 9.533425079812195557e-01 6.134840117696253037e-01 5.700098903251712423e-01 4.728589559555676503e-01 8.555339665605217470e-02 6.717976396617678647e-01 4.682485517990860879e-01 8.493539517415483742e-01 7.202092068302498040e-01 3.831134218265169200e-01 7.253107643767142676e-01 3.931399175935317847e-01 5.399874667382078552e-01 8.820397452978291364e-01 4.112015818265255529e-01 2.866576925747396087e-01 5.003525789889565756e-01 2.017636464346770075e-01 4.712297013907181809e-01
3.338803606425664872e-01 3.360786560850316240e-01 7.825144212558940993e-01 4.569240865277831576e-01 3.628633598809151151e-01 6.074411114491988783e-01 6.788375706647298280e-01 0.000000000000000000e+00 4.253970619601176173e-01 3.268004514082554213e-01 2.506070199553480093e-01 5.270017357775168554e-01 5.140681424903837948e-01 1.951614207935772338e-01 2.889105911869760401e-01 6.103455929032250982e-01 2.688689930798524585e-01 2.163567409131057218e-01 2.601876017449596956e-01 3.163763371988350670e-01 1.654172240236587432e-01 3.839348524721881706e-01 1.787507301454871189e-01 3.819993650463324175e-01 5.742288072689342160e-01 2.093488232803933924e-01 4.010792117837945758e-01 2.162509818044968946e-01 2.956434970996172362e-01 3.243807539176262189e-01 1.246991406599158025e-01 2.470816707486038211e-01 3.479800664929858511e-01 4.905557238732820569e-01 3.708885502931892342e-01 5.406831139174705925e-01 1.205071886173150059e-01 1.104891245218474483e-01 2.698856901229944594e-01 4.302768722455680983e-01 4.141908075156520153e-01 5.236313749975287646e-01 3.333088059241918755e-01 2.089085271151682188e-01 3.178582097294714859e-01 3.555684099691959199e-01 4.690455435129154971e-01 3.195489423871954449e-01 2.556308032189286705e-01 9.256628850507299389e-02 7.002138436846365721e-01 1.141171943154111884e-01 4.039886093815013290e-01 3.503664886679179746e-01 2.192381045540428008e-01 1.859068755808586382e-01 2.840206440972782853e-01 3.079380372242930819e-01 2.947065789758958054e-01 3.559030447286215537e-01 6.078318334146232127e-01 2.062803427831128023e-01 2.706465286333043507e-01 3.650188081380872918e-01 1.255678460943060459e-01 3.259510891114263398e-01 2.788304004942939729e-01 4.573960554748997542e-01 5.570281462989341570e-01 3.215322096502852278e-01 4.230919653839279038e-01 4.926322179431426029e-01 3.145080367344259553e-01 5.498540266999742965e-01 2.524096354297220568e-01
3.155603639000567617e-01 7.493209984412791957e-01 3.571173592957763709e-01 7.620920360176116626e-01 5.744217391401061912e-01 3.933291643569289397e-01 4.225369913567937896e-01 4.253970619601176173e-01 0.000000000000000000e+00 4.863103498372018940e-01 2.641140184971774163e-01 2.191589658908929261e-01 2.043294857198042491e-01 5.519048899369709549e-01 6.314389936294567685e-01 1.862641394507228987e-01 1.822465026612701267e-01 4.197435166776831705e-01 3.719680316536281839e-01 5.978617376688087903e-01 5.090650276317887357e-01 1.736726279687287322e-01 3.369369896881292403e-01 1.629147763379625580e-01 2.898372052833538270e-01 5.596412371551361398e-01 1.341473402506674906e-01 6.381222311559580085e-01 3.877726725079792547e-01 4.921731364626077410e-01 3.006979213002017870e-01 5.474278703941605206e-01 6.556112445292000546e-01 1.262818337762303678e-01 6.519295025306827140e-01 3.115332566978230022e-01 3.697952561591760223e-01 5.296549147150776404e-01 4.986531488279853375e-01 2.204700846498849898e-01 2.257757915154111339e-01 9.939079425467797768e-02 1.060785850235948929e-01 5.489600413446568128e-01 7.327383285394490908e-01 2.765382653273597002e-01 1.851819068148861658e-01 5.818810467768623651e-01 2.489501783802394175e-01 4.146254088738557386e-01 2.748167817245187883e-01 4.707567070276367782e-01 7.333747595549865439e-01 5.886746781982276078e-01 2.127959220721031275e-01 4.078373182748598058e-01 6.655532696111274849e-01 4.205815928839614082e-01 3.135860433736638031e-01 9.019837814391148956e-02 3.515312541066872853e-01 3.395342976053780104e-01 3.647260961603399632e-01 5.528469748711558607e-01 5.420170268441142358e-01 1.690799970119687690e-01 4.670451458961378255e-01 8.185282423402368002e-02 3.429161992066642184e-01 5.622655755754046858e-01 8.250136810074150395e-02 1.362016964335156788e-01 1.974194098643612949e-01 2.336507131100028500e-01 3.265865857028517061e-01
3.059618951681615240e-01 4.644544714615326808e-01 8.111330559994611722e-01 2.993089831458912164e-01 2.958519890115953732e-01 7.277984686822313032e-01 6.844721299396695491e-01 3.268004514082554213e-01 4.863103498372018940e-01 0.000000000000000000e+00 2.452812242580759139e-01 5.191295488777922795e-01 6.186735158798605250e-01 2.778177374123883547e-01 1.902466345568807338e-01 6.338665099823105331e-01 4.373915229979644659e-01 2.357389690023641848e-01 1.732821248408083215e-01 2.199092298797984124e-01 1.976526412330084082e-01 3.250191815773593174e-01 2.949671947784202053e-01 4.655371133061211864e-01 5.973832287356969362e-01 1.578592900076216943e-01 5.385214551500437929e-01 3.472270488906302188e-01 1.275925225553673492e-01 1.727796402636724848e-01 3.472503415090261170e-01 2.416228212688076860e-01 2.818276345914336734e-01 4.289162779480039656e-01 1.891464496589621014e-01 6.613867996867583976e-01 3.215194026801695415e-01 2.793621341898739341e-01 1.073486384528770377e-01 3.830278627662778712e-01 5.369015586909654525e-01 5.348779125071879692e-01 3.894335692450947572e-01 1.308514125003276685e-01 4.185669265322999877e-01 2.654641655114840515e-01 5.155068672024264442e-01 9.557069693966024904e-02 3.658479967027305491e-01 2.572580653954473218e-01 7.277615022869380335e-01 2.582947360389112323e-01 2.706985815320107625e-01 2.230591882259383707e-01 3.325039643129839573e-01 2.069608568081102162e-01 3.864476172533656273e-01 8.938266301236807987e-02 1.748141402114606335e-01 4.691614822263219797e-01 6.142557928957692592e-01 2.224970468490133080e-01 2.213558861992195870e-01 2.493683938016162394e-01 2.012326053139493753e-01 4.683830351618016308e-01 9.001906094700867778e-02 5.575744531467128340e-01 6.773855035319662488e-01 3.166079658764930360e-01 4.136557364709073648e-01 5.091193082490921284e-01 2.894526827294472415e-01 5.891003889454887732e-01 2.898014469904108825e-01
2.585793404922350214e-01 5.362365627016763003e-01 5.964613906630199525e-01 5.203330441817399787e-01 3.191627115846195073e-01 5.581043908534221165e-01 5.828971137396158353e-01 2.506070199553480093e-01 2.641140184971774163e-01 2.452812242580759139e-01 0.000000000000000000e+00 3.844165831770017250e-01 4.368371716148687356e-01 3.388204541973680595e-01 3.975101366155650573e-01 4.220563168633386653e-01 1.941168985721500317e-01 1.739663455424071692e-01 1.783781073972482145e-01 3.394179240014705834e-01 3.666576206534036819e-01 1.606839402190452237e-01 2.400628469309623592e-01 3.484093728905795495e-01 5.015922572878138697e-01 3.149696479788918757e-01 3.136963900034606123e-01 4.482240306338988178e-01 1.305848901715349619e-01 2.369141089071212236e-01 1.379501239771987187e-01 2.967940987109347617e-01 3.968802950385284523e-01 2.747822181052542168e-01 4.101705106948108637e-01 4.909188757616165799e-01 1.691209062892006232e-01 3.552323348217227839e-01 2.921686429144226271e-01 2.800199593586080726e-01 3.633023718852051442e-01 3.270002990179960434e-01 1.596269338877903954e-01 3.042884521684126042e-01 5.196538927998461954e-01 1.404603683409237080e-01 4.197158957545433222e-01 3.408519211977361074e-01 2.553555077031713361e-01 2.645334263680960141e-01 5.158290451056761761e-01 2.576722712880339383e-01 4.905673346376193678e-01 3.334156506427410349e-01 8.922933988716953702e-02 2.733574503857340576e-01 4.524688338715246450e-01 2.062555635727703340e-01 8.866156728340533755e-02 2.273334490249536155e-01 5.126807766957156565e-01 8.890052592215216820e-02 2.073323673209826468e-01 2.975879473156692878e-01 3.675944469507593237e-01 2.679192811621211590e-01 2.223735567198936725e-01 3.180809121907144932e-01 5.080310188349502765e-01 3.075741156082897887e-01 2.155095376515294148e-01 3.495855103158713728e-01 8.254453475065917645e-02 4.591769032237508208e-01 2.971066125407786918e-01
2.258468177042565472e-01 8.593344524370409854e-01 5.179323678340831405e-01 7.922240166881440171e-01 6.884994260190874238e-01 4.507571793925478909e-01 2.118170388884399180e-01 5.270017357775168554e-01 2.191589658908929261e-01 5.191295488777922795e-01 3.844165831770017250e-01 0.000000000000000000e+00 3.001134827405034788e-01 6.888100035495267059e-01 6.096210773564655350e-01 3.385087594601512428e-01 3.145569607981078541e-01 5.583829287194088664e-01 3.585295627934209639e-01 6.578948878056247729e-01 4.878190898580188062e-01 2.274833836135781162e-01 3.797423750631457873e-01 1.650324705800632341e-01 1.398374852370777854e-01 6.194263250730986936e-01 2.874761454604287669e-01 7.273301822554062435e-01 4.587061529919274072e-01 5.747257061175324866e-01 4.397461200185691643e-01 6.749904754873361501e-01 7.156443946660160371e-01 1.245769787187642474e-01 6.820614832012149575e-01 3.843455103970751519e-01 5.401649116428616226e-01 6.200649105293517538e-01 4.769107914251900504e-01 1.361016861115143806e-01 2.689880677472220039e-01 2.416772243418101040e-01 2.909487149865446209e-01 5.778238775927162507e-01 8.167964455922988032e-01 2.815156957031649254e-01 1.044708166325308690e-01 5.749064002694647124e-01 2.964491645528266606e-01 4.671608898417500821e-01 4.323445375212022213e-01 6.207117596425901773e-01 7.401731440402428142e-01 6.525708796387204025e-01 3.930958127725668327e-01 3.738203027659643962e-01 7.883785863563764762e-01 4.481414307077478676e-01 3.715293597625572986e-01 2.822380960409541228e-01 1.425409474767571627e-01 4.733171090991538654e-01 3.032846301742431194e-01 6.508734211789343194e-01 5.552452852054066135e-01 2.434701693305920400e-01 5.268302338141004348e-01 2.009267569882343119e-01 4.003442142422831695e-01 6.835592147352153036e-01 1.997963940857311882e-01 8.295726945737724733e-02 3.018720484263425763e-01 8.071561434483005837e-02 3.062941999236949986e-01
3.127116207116988900e-01 8.475565514766985054e-01 5.410877009659781356e-01 8.860078222817059368e-01 7.459016107119906813e-01 2.123246203754747263e-01 4.677516533270330013e-01 5.140681424903837948e-01 2.043294857198042491e-01 6.186735158798605250e-01 4.368371716148687356e-01 3.001134827405034788e-01 0.000000000000000000e+00 6.883550756899932122e-01 7.018779247529810528e-01 3.638147289580170862e-01 2.700436905013524069e-01 5.871415445585772552e-01 4.790186507996325171e-01 7.744292496668905290e-01 5.378388646958746078e-01 3.707064952559922522e-01 3.701004505034562464e-01 1.648820330940330425e-01 3.350518672535930387e-01 6.614311226664897347e-01 1.437782372738481418e-01 7.233551617911949672e-01 5.655962158369548520e-01 6.636530080344921201e-01 4.218170794009317714e-01 6.919920554604763741e-01 8.105525074394088758e-01 2.554385368068263218e-01 7.816054502032830920e-01 1.196474433406046756e-01 5.062454419121983351e-01 6.148878453503144881e-01 5.746480039767273285e-01 2.729804157269259401e-01 1.135646453264503725e-01 2.756802308259742595e-01 2.907646766154394213e-01 6.569894061986989442e-01 8.237788693495078363e-01 4.305760507521575464e-01 2.174822566207384178e-01 6.743611049994975293e-01 2.854962155028900606e-01 4.627914315738945739e-01 4.551336816783158601e-01 6.072068927806589800e-01 8.315174679200718622e-01 7.601545497701117649e-01 3.697583756944446964e-01 4.265114812097470787e-01 7.960703577504896211e-01 5.686305187139594208e-01 5.063066392654190784e-01 2.173251338571000058e-01 3.967459160769263860e-01 5.095764707643851699e-01 3.973176296806408270e-01 7.243268464430403508e-01 5.862165527956508804e-01 1.978943411931380902e-01 6.573848823853135626e-01 1.376033849545429955e-01 1.644238142206168873e-01 7.323077487344119563e-01 2.850595980881190927e-01 2.171562132831262315e-01 3.891220005836379392e-01 2.917010322356999308e-01 3.344657210588963259e-01
4.629631858452703530e-01 1.974161085043082964e-01 9.090222492327474368e-01 4.369376284484817186e-01 3.133057890468712303e-01 7.923975575059730714e-01 8.537739251743700075e-01 1.951614207935772338e-01 5.519048899369709549e-01 2.778177374123883547e-01 3.388204541973680595e-01 6.888100035495267059e-01 6.883550756899932122e-01 0.000000000000000000e+00 2.847259949789958666e-01 7.368534208800783247e-01 4.221283306518637257e-01 1.806792152963009879e-01 3.892704269476635615e-01 2.493624864949593178e-01 2.165517977948276385e-01 4.942551199244696880e-01 3.444107912274435579e-01 5.669558111031062220e-01 7.540206681071122130e-01 1.388455267888049072e-01 5.548891250586396318e-01 1.303420207175009504e-01 3.159453324317167411e-01 2.632289168461930950e-01 2.889384147178450934e-01 1.943140244221724655e-01 2.847253276218436602e-01 6.045519495310256453e-01 3.504422432311294910e-01 7.256395599742443414e-01 1.821096337777949881e-01 1.095752749393065634e-01 2.754023840472397122e-01 5.731780472323916298e-01 5.991472535724255977e-01 6.501392029743822132e-01 4.526161832665177576e-01 1.871737985794468817e-01 1.808334386024781082e-01 4.792808225382917398e-01 6.540019895696893570e-01 3.090970654615455282e-01 4.262757173756387963e-01 2.489805013046341720e-01 8.267216716614897987e-01 9.138822180502553794e-02 3.874918798629891081e-01 2.827786611248718773e-01 3.400828503345474929e-01 3.149897007835625318e-01 1.180831757771090146e-01 3.381688084501089930e-01 3.805403410531454922e-01 4.824108727054748358e-01 7.832752090189296634e-01 2.609664271444440131e-01 3.997293538360082166e-01 3.190981390057583966e-01 1.363593657436573126e-01 5.058312160378805045e-01 2.249914047827489272e-01 5.886985665261734724e-01 7.419845923557080170e-01 2.703528826468810653e-01 5.423993427262538969e-01 6.764753153905959104e-01 4.213649889480272082e-01 7.328028745366157448e-01 3.886493148108333129e-01
3.917258660810832849e-01 4.553254467663999105e-01 9.495937274484040902e-01 1.879321730488137665e-01 3.776149755213973336e-01 8.063935582046319883e-01 7.749636584183429155e-01 2.889105911869760401e-01 6.314389936294567685e-01 1.902466345568807338e-01 3.975101366155650573e-01 6.096210773564655350e-01 7.018779247529810528e-01 2.847259949789958666e-01 0.000000000000000000e+00 7.723271814312535621e-01 5.095582810769523352e-01 3.224155353214601671e-01 2.656912067254815768e-01 2.817819917410190889e-01 1.667080934575675411e-01 4.615023979579723212e-01 3.397351927889762924e-01 5.513010842190428917e-01 6.878747572143701916e-01 1.924656244243682646e-01 6.171165446724445891e-01 3.233211765847648356e-01 2.669252464440300399e-01 2.542018276915476438e-01 4.046618506365824985e-01 2.915894828003965378e-01 3.393772098103911006e-01 5.417818795402852272e-01 1.105883017225127163e-01 7.399818892091593048e-01 3.696624362335829694e-01 2.427608540147754568e-01 1.388667783676841572e-01 4.735193912449511267e-01 6.154966482133661376e-01 6.733385839561309982e-01 5.453049451997020736e-01 1.037565041742661009e-01 4.127874399216575063e-01 3.594942382472561260e-01 6.048380379871071133e-01 9.467593761722047085e-02 4.341333535640758412e-01 2.734709346858199552e-01 8.662221737358809515e-01 2.789410242608135193e-01 1.305520666837772792e-01 2.926024951108329164e-01 4.790566813846728889e-01 2.770320189663240673e-01 3.842945777858455259e-01 2.228602463462650007e-01 3.306855161660679499e-01 5.867375578611609965e-01 7.047473213744427367e-01 3.514353130876984865e-01 3.071198571121413479e-01 3.307905812294914538e-01 1.646313251388508980e-01 5.412506888758057411e-01 1.804468025093505512e-01 6.433384240596344839e-01 7.559805930543672670e-01 3.692181410012732035e-01 5.528322548815735038e-01 6.173893920531592361e-01 4.453240586840546134e-01 6.784315597301693312e-01 3.683965365128117897e-01
4.391515145312347990e-01 9.342695293843865656e-01 1.822661246730736817e-01 9.096481961627204127e-01 7.412190284479583946e-01 5.364214003011985588e-01 5.422091825775137153e-01 6.103455929032250982e-01 1.862641394507228987e-01 6.338665099823105331e-01 4.220563168633386653e-01 3.385087594601512428e-01 3.638147289580170862e-01 7.368534208800783247e-01 7.723271814312535621e-01 0.000000000000000000e+00 3.663473174108484165e-01 5.960226624057459732e-01 5.100337619103435527e-01 7.454178978139173184e-01 6.705688768565781777e-01 3.108247834732812964e-01 5.157813570405540560e-01 2.865059269691405675e-01 4.111059252389131502e-01 7.071973973002446678e-01 3.007678350703726911e-01 8.230707620990653783e-01 5.360600146348759587e-01 6.589704257704601664e-01 4.856464522433093234e-01 7.188504155742735380e-01 8.031674046743085826e-01 2.405843945615352419e-01 7.994856626757913531e-01 4.665912212351839838e-01 5.547437871022834477e-01 7.146034456581850103e-01 6.395413366297822977e-01 3.400229647612811879e-01 3.678843130980955500e-01 9.898859747512256391e-02 2.892390742184751673e-01 6.965162014897653409e-01 9.176868594825564607e-01 4.136904208319122644e-01 3.064506267704454334e-01 7.228129946678584217e-01 4.277945457326642331e-01 5.934697762262804988e-01 9.397513825807186916e-02 6.557052379707442036e-01 8.809309197000951830e-01 7.400938896470130590e-01 3.977444530152106084e-01 5.592414933704507041e-01 8.505018005542348547e-01 5.614697806857582574e-01 4.593188160524537822e-01 2.725425114229952372e-01 4.727999740622464420e-01 5.109568427854908057e-01 4.852029008129497001e-01 7.196442641790083972e-01 7.222803296863128386e-01 3.401414951581044344e-01 6.146013060412464091e-01 2.273390644160960539e-01 4.860084351509337819e-01 7.296304324716286205e-01 2.212393235953770410e-01 2.555514900027739955e-01 3.491722891351669023e-01 3.549194330655622287e-01 4.671957332196000068e-01
1.888502115841447226e-01 6.023574020661672801e-01 5.393638619570465531e-01 6.910191452052162342e-01 4.923133664411362131e-01 3.738879950773177363e-01 4.628444627336370520e-01 2.688689930798524585e-01 1.822465026612701267e-01 4.373915229979644659e-01 1.941168985721500317e-01 3.145569607981078541e-01 2.700436905013524069e-01 4.221283306518637257e-01 5.095582810769523352e-01 3.663473174108484165e-01 0.000000000000000000e+00 3.241559386674572885e-01 3.483165625583177216e-01 5.132358576303939213e-01 3.428501876193847941e-01 1.708682661249038837e-01 1.707221496757253543e-01 1.632702586750420792e-01 3.582356993378415511e-01 4.372139584387194078e-01 1.338650444456530586e-01 4.797905983164848509e-01 3.170189936256233021e-01 4.136869866299445198e-01 1.524462741709574631e-01 4.257653104223468876e-01 5.443257624012792784e-01 2.704298183868865113e-01 5.966046141488990928e-01 3.067024799855124217e-01 2.400186968740687654e-01 3.713232818756043718e-01 4.115459097106738406e-01 2.178320972661592081e-01 1.790859761091009028e-01 2.796330995051520829e-01 1.058621938516535049e-01 4.620007291222090751e-01 5.802143058747976090e-01 2.656959667063391040e-01 2.530524355818227211e-01 4.954796316153673441e-01 9.445007967521147629e-02 2.484105688614517971e-01 4.570632843857888594e-01 3.409801477425296046e-01 6.365287908435819375e-01 5.101885283655642755e-01 1.048875586849804947e-01 2.533372195698318508e-01 5.357767103260203667e-01 3.983658623126589138e-01 2.796646843362293189e-01 9.846738683022827898e-02 3.918387254835305478e-01 2.552162158659533331e-01 2.655572374864853535e-01 4.726387831789284344e-01 3.836853940046409117e-01 8.370288538601683426e-02 4.088076601739819571e-01 1.900831610636110336e-01 3.238146230588460628e-01 4.743361683538181439e-01 1.970145147524668960e-01 2.766391100120498825e-01 1.566829173341699466e-01 3.338609187688814650e-01 1.720864869978237788e-01
4.325456860346421073e-01 3.780953238006092842e-01 7.704277362054270384e-01 4.528309640736501440e-01 1.746174843506194951e-01 6.980439337447752468e-01 7.568634592820228102e-01 2.163567409131057218e-01 4.197435166776831705e-01 2.357389690023641848e-01 1.739663455424071692e-01 5.583829287194088664e-01 5.871415445585772552e-01 1.806792152963009879e-01 3.224155353214601671e-01 5.960226624057459732e-01 3.241559386674572885e-01 0.000000000000000000e+00 2.852135975157153447e-01 2.338498773951019072e-01 2.971093634337452216e-01 3.346502857614523374e-01 3.549802950886468134e-01 4.874261973424993677e-01 6.755586028302208446e-01 1.694844244082762685e-01 4.536755939272237304e-01 2.875475631100646856e-01 1.352661171354157810e-01 1.248101631735804018e-01 2.139666317133231688e-01 1.282245182873431588e-01 2.631018059943146525e-01 4.487485636476613582e-01 3.426684305867210845e-01 6.308584186529696547e-01 1.103071283519143908e-01 2.355653589671162229e-01 3.370472460228899902e-01 4.539863049010152696e-01 5.032419147765581080e-01 5.009666445604032958e-01 3.144342574476128305e-01 2.291938508743077141e-01 3.555168344195543395e-01 3.141123798936196754e-01 5.772083742492799541e-01 2.977648175254884455e-01 3.853945477984785373e-01 2.782390726165488992e-01 6.897953906480833730e-01 1.130034274684741519e-01 4.154727333435145331e-01 2.168811426729045644e-01 2.192683799824768354e-01 3.715796596923345851e-01 2.987623910734100718e-01 2.610683152738069168e-01 2.035545701233793803e-01 3.749029790650956762e-01 6.866471222381226314e-01 8.506581962025500099e-02 3.555193025222293524e-01 1.654482173940415579e-01 2.197294259435229880e-01 4.078588240534740672e-01 1.465933637412962787e-01 4.702552447147159698e-01 6.479705617263034068e-01 1.501802296863608277e-01 3.894758831939366117e-01 5.235518558582785698e-01 2.565108802930663456e-01 6.331432487661580177e-01 4.147849696249126250e-01
1.730817063592315908e-01 5.597948758351777299e-01 6.873003079274938587e-01 4.463765926511601423e-01 3.902222288442759868e-01 5.967985330386033072e-01 5.238721438552983445e-01 2.601876017449596956e-01 3.719680316536281839e-01 1.732821248408083215e-01 1.783781073972482145e-01 3.585295627934209639e-01 4.790186507996325171e-01 3.892704269476635615e-01 2.656912067254815768e-01 5.100337619103435527e-01 3.483165625583177216e-01 2.852135975157153447e-01 0.000000000000000000e+00 3.391011992037528677e-01 1.882795132561554952e-01 1.992089784370622008e-01 1.829856809587958599e-01 3.141366177055995301e-01 4.367832426513258426e-01 2.946285276391960584e-01 4.080769994797578959e-01 4.277906056535428769e-01 1.639452017961812447e-01 2.703177157623178339e-01 2.634660833538851610e-01 3.724080382325387073e-01 3.973943608667684368e-01 2.771398929864464789e-01 3.362140591642309717e-01 5.303868640431302905e-01 3.048856179528852128e-01 3.205253339274883317e-01 1.329809207942061755e-01 2.224278766819066944e-01 4.059016230473375120e-01 4.110451644352209333e-01 2.961508679791359788e-01 2.339339273371721095e-01 5.172568689904356587e-01 9.634334107843123274e-02 3.549068811180552396e-01 2.290589762324809764e-01 2.538664828831062592e-01 1.676213132398867156e-01 6.039287542149708310e-01 3.743047960603708701e-01 3.962432734092589115e-01 3.343208458394730798e-01 2.567975085197384266e-01 9.497934298848587087e-02 4.888390097545131652e-01 8.961186791432687593e-02 9.654389522391344791e-02 3.823599992602459974e-01 4.536558068113982767e-01 2.075519707444327122e-01 9.231078072650712729e-02 3.475229425474353206e-01 2.557057086035433580e-01 3.395995521820328600e-01 2.050779633124520940e-01 4.083889970335419228e-01 5.463855678883382527e-01 4.010197853009810354e-01 2.905388353606634388e-01 3.573429232875346973e-01 2.023282438001928474e-01 4.285004028611175686e-01 1.778199331707865372e-01
5.097490113674968404e-01 4.406981639052047761e-01 9.226844438310679575e-01 4.125047387537486010e-01 1.729768641273722318e-01 8.871238527077119906e-01 8.563754183682388277e-01 3.163763371988350670e-01 5.978617376688087903e-01 2.199092298797984124e-01 3.394179240014705834e-01 6.578948878056247729e-01 7.744292496668905290e-01 2.493624864949593178e-01 2.817819917410190889e-01 7.454178978139173184e-01 5.132358576303939213e-01 2.338498773951019072e-01 3.391011992037528677e-01 0.000000000000000000e+00 2.694153570921528629e-01 4.365705694089661582e-01 4.309530755783205214e-01 6.489351284878388526e-01 7.734505476595910922e-01 1.349409495431161121e-01 6.454315188868695596e-01 3.306369709542338886e-01 2.186763818889955746e-01 1.273068117621250495e-01 3.906777822543316403e-01 1.342697572990011745e-01 1.204039739182807822e-01 5.501472432989761296e-01 3.198461263266611510e-01 8.199383376159065095e-01 2.732171607563252391e-01 2.786547668112854259e-01 2.964137024424489120e-01 5.534982639872311205e-01 6.923218337394949629e-01 6.464293003387948655e-01 4.976401188649359764e-01 1.885603072938664970e-01 3.986062422637235425e-01 3.905260423120463509e-01 6.915741861263206003e-01 2.761197950786669075e-01 5.256566485094523733e-01 3.627897950476990374e-01 8.393128901185448187e-01 2.022591428834238092e-01 3.748391897630733438e-01 8.931478774188529590e-02 4.209644687705785260e-01 3.834141441842072728e-01 3.622642425524245091e-01 2.580151850991888041e-01 2.863655280430675298e-01 5.605779242085424663e-01 7.861590813243388709e-01 2.724814820387143066e-01 4.289780857347724741e-01 1.706860143028701149e-01 2.181146954623838508e-01 5.969387430164109221e-01 1.340232358913007182e-01 6.556729902427362866e-01 8.370504806892401506e-01 1.926217894798235297e-01 5.252071243025141500e-01 6.303502736000642370e-01 4.010040705610541378e-01 7.326552078523739242e-01 4.612991198838900520e-01
2.619722721537622867e-01 3.871512495822316269e-01 8.494847142332302425e-01 3.492542434860920197e-01 3.684412414805397495e-01 6.413701653287987581e-01 6.527830114828619967e-01 1.654172240236587432e-01 5.090650276317887357e-01 1.976526412330084082e-01 3.666576206534036819e-01 4.878190898580188062e-01 5.378388646958746078e-01 2.165517977948276385e-01 1.667080934575675411e-01 6.705688768565781777e-01 3.428501876193847941e-01 2.971093634337452216e-01 1.882795132561554952e-01 2.694153570921528629e-01 0.000000000000000000e+00 3.865259588390227430e-01 1.730270993314087513e-01 3.910091522409273601e-01 5.530297544156040912e-01 1.436765468088461450e-01 4.510406726169657876e-01 2.551469794005965519e-01 2.869459193467457370e-01 2.597741210355163921e-01 2.402996479974490451e-01 2.682970520432683137e-01 3.181632960740463645e-01 4.478123983653941598e-01 2.659385127854825281e-01 5.749584963333258525e-01 2.782160875744978945e-01 1.745866568306071454e-01 1.068503515986220787e-01 3.721871335408835635e-01 4.504732553375328519e-01 5.815011739260085299e-01 4.487123814710382574e-01 1.229765690708933129e-01 3.446132427374892782e-01 2.836603214803917195e-01 4.538494230319621847e-01 1.736843642208913407e-01 2.677306722625408253e-01 1.067628412282523725e-01 7.629500406383422639e-01 2.220430321896973425e-01 2.947638891244578896e-01 2.862340548134749696e-01 3.348386118915759879e-01 1.139987870920544655e-01 3.161203806016772422e-01 1.723000095880224958e-01 2.848234084800689292e-01 4.200294644035933445e-01 5.822842953274216526e-01 3.524486701953386536e-01 1.987384401445001503e-01 3.363628745734601466e-01 9.645712795468258660e-02 3.745425954182382555e-01 1.990707400341677757e-01 4.811379532334902343e-01 5.909572001785337036e-01 3.480042272649284674e-01 4.770000498027157088e-01 4.891225920292845419e-01 3.906077570563483148e-01 5.318119608451075120e-01 2.033731436369782819e-01
