0.000000000000000000e+00 5.191955409975682612e-01 4.294009452286619011e-01 4.154433525537025718e-01 3.404838510512384619e-01 3.325073089156952988e-01 2.673731869223696656e-01 3.158786320122065616e-01 2.086571922723209349e-01 3.296441585181381639e-01 1.924091619354761917e-01 2.018131201588871937e-01 4.227448630340896463e-01 1.657629353510877146e-01 4.484927974631263137e-01 1.551277359506996467e-01 1.513821083334362383e-01 2.886514902166344432e-01 1.317720538077276904e-01 3.400366773583290425e-01 2.591605633286177546e-01 3.328087792575743498e-01 1.102392160850264730e-01 4.135514181871155492e-01 4.130241156829435045e-01
5.191955409975682612e-01 0.000000000000000000e+00 4.283128118195118628e-01 4.236232201172696055e-01 3.393020890648064114e-01 8.491105801350379290e-01 6.939505918762201020e-01 2.499686636725772237e-01 6.752126625013673555e-01 2.266250641875363070e-01 4.311306970011328232e-01 4.309253798233605992e-01 1.662002707829426940e-01 6.805640582356174972e-01 1.604277484690976863e-01 4.113340655247557653e-01 5.484848295298696552e-01 3.231863073446569201e-01 5.280379926463839579e-01 3.096364714453418987e-01 3.051491706307550844e-01 3.361944541919452689e-01 5.375081035247881722e-01 1.114088229770159311e-01 1.100035210352423021e-01
4.294009452286619011e-01 4.283128118195118628e-01 0.000000000000000000e+00 4.354813666551604623e-01 3.517985053293688491e-01 7.593159843661315689e-01 6.026230455898701210e-01 3.586169876143948110e-01 5.856718918592745959e-01 2.064381622226355573e-01 3.269534174293908246e-01 4.158321645044300574e-01 3.657156391150109820e-01 5.907694624667113592e-01 3.603436786834870453e-01 3.425250142418913568e-01 4.535634690884219888e-01 3.093522332824549248e-01 4.350610433666328158e-01 3.996181602371539077e-01 2.170466750470982364e-01 1.115314730131645865e-01 4.540829681642140070e-01 3.686216928709976082e-01 3.188453219392679006e-01
4.154433525537025718e-01 4.236232201172696055e-01 4.354813666551604623e-01 0.000000000000000000e+00 3.943255630794830768e-01 7.467400890299790150e-01 6.066104006238852708e-01 2.340577207183645592e-01 5.705248069534792910e-01 3.186362982722131254e-01 3.558177749640856757e-01 3.728268366724556415e-01 3.377549016221927380e-01 5.781935671305586943e-01 3.711913240897567468e-01 3.044577490718545221e-01 4.670938953600100585e-01 1.347659697171969539e-01 4.711216438905816428e-01 3.283572150220053776e-01 2.933404787039436412e-01 3.400039209584674871e-01 4.306317870718868734e-01 3.139030138158156458e-01 3.397296595308688105e-01
3.404838510512384619e-01 3.393020890648064114e-01 3.517985053293688491e-01 3.943255630794830768e-01 0.000000000000000000e+00 5.858860303030402061e-01 4.990242201346456463e-01 2.405979203050470083e-01 5.126112752872579170e-01 2.091691080845754502e-01 1.986195449173306926e-01 1.914808364884951208e-01 3.290350657579470539e-01 4.068613845090934267e-01 1.874028702743826547e-01 2.767692729426216025e-01 3.585482014023639308e-01 2.675337007424149482e-01 2.303087797440493134e-01 1.250172205259501290e-01 1.456959252443596198e-01 2.506421767861761185e-01 3.849676098360588217e-01 2.935314769869568075e-01 2.378882171167838455e-01
3.325073089156952988e-01 8.491105801350379290e-01 7.593159843661315689e-01 7.467400890299790150e-01 5.858860303030402061e-01 0.000000000000000000e+00 5.666082237835001756e-01 6.271865332901908063e-01 5.228156392976445188e-01 6.595591976556078873e-01 4.609091199975196007e-01 4.581097050077020949e-01 7.538643121642032430e-01 1.805550912043058231e-01 7.605727768801270328e-01 4.787960773766274936e-01 4.467824536304934036e-01 6.199482266929108309e-01 3.663982691580365825e-01 6.011337568465897618e-01 5.890756024660874779e-01 6.627238183950440176e-01 4.181697638988636778e-01 7.448481546633920480e-01 7.429391548204133944e-01
2.673731869223696656e-01 6.939505918762201020e-01 6.026230455898701210e-01 6.066104006238852708e-01 4.990242201346456463e-01 5.666082237835001756e-01 0.000000000000000000e+00 5.091162531947572845e-01 4.635953351583314563e-01 5.042330637337810728e-01 3.146960187066770165e-01 4.623782616018614622e-01 6.061300934341360414e-01 3.884486653752816099e-01 6.151996779803772242e-01 3.633592279431825944e-01 1.562909595721569400e-01 4.798185382868173643e-01 3.225258121431875402e-01 5.375695822863070239e-01 4.282471698338212174e-01 5.060308796187825697e-01 3.547817591125739800e-01 6.029528994772075379e-01 5.877791665615955674e-01
3.158786320122065616e-01 2.499686636725772237e-01 3.586169876143948110e-01 2.340577207183645592e-01 2.405979203050470083e-01 6.271865332901908063e-01 5.091162531947572845e-01 0.000000000000000000e+00 4.639564310517974577e-01 2.064188321106351642e-01 2.640271065240484827e-01 2.035242568089196680e-01 1.821378408902100954e-01 4.604421597255832221e-01 1.651460865232735609e-01 1.852204791578318521e-01 3.753032269199728099e-01 1.402474272604333216e-01 3.312180806383046017e-01 1.251767682586209518e-01 2.045095009066272840e-01 2.631395419177018913e-01 3.148622688118742907e-01 1.401632136790261218e-01 1.920175784587553058e-01
2.086571922723209349e-01 6.752126625013673555e-01 5.856718918592745959e-01 5.705248069534792910e-01 5.126112752872579170e-01 5.228156392976445188e-01 4.635953351583314563e-01 4.639564310517974577e-01 0.000000000000000000e+00 4.859151051487511919e-01 3.602928371001353214e-01 3.716116595882630880e-01 5.778263174338662544e-01 3.560712657330369346e-01 6.043319911610052220e-01 2.787359518939655501e-01 3.481037044100123157e-01 4.437329446164114954e-01 3.097425344246457768e-01 4.833858012501590085e-01 4.154315099592307825e-01 4.890797258881873222e-01 1.490941622399230837e-01 5.686328725868923240e-01 5.692950623135563104e-01
3.296441585181381639e-01 2.266250641875363070e-01 2.064381622226355573e-01 3.186362982722131254e-01 2.091691080845754502e-01 6.595591976556078873e-01 5.042330637337810728e-01 2.064188321106351642e-01 4.859151051487511919e-01 0.000000000000000000e+00 2.329831851019627253e-01 3.092143352016500368e-01 1.689888561886590812e-01 4.910126757561875110e-01 1.689183490016558653e-01 2.388009159753424759e-01 3.551734872323329406e-01 1.925071648995076434e-01 3.410908110392047998e-01 2.699973718216401863e-01 1.244859596604498964e-01 1.147804051361677874e-01 3.517227442161231510e-01 1.765773805504084748e-01 1.171575743072922615e-01
1.924091619354761917e-01 4.311306970011328232e-01 3.269534174293908246e-01 3.558177749640856757e-01 1.986195449173306926e-01 4.609091199975196007e-01 3.146960187066770165e-01 2.640271065240484827e-01 3.602928371001353214e-01 2.329831851019627253e-01 0.000000000000000000e+00 2.235261586914327747e-01 3.482512361241960619e-01 2.803540287932138608e-01 3.209769498400727450e-01 1.691392685131827278e-01 1.607334654507076577e-01 2.290259126270176304e-01 1.346235071387266446e-01 2.934510471539324983e-01 1.454141656954473782e-01 2.303612514583032178e-01 2.422121543820278111e-01 3.473216512585134974e-01 3.217468391334196709e-01
2.018131201588871937e-01 4.309253798233605992e-01 4.158321645044300574e-01 3.728268366724556415e-01 1.914808364884951208e-01 4.581097050077020949e-01 4.623782616018614622e-01 2.035242568089196680e-01 3.716116595882630880e-01 3.092143352016500368e-01 2.235261586914327747e-01 0.000000000000000000e+00 3.775794180586513615e-01 2.913653314430944552e-01 3.055330913820576977e-01 1.558508328421525646e-01 3.396927601761713933e-01 2.397498935897965089e-01 1.398524494586739775e-01 1.450251411641906574e-01 2.524829716585790251e-01 3.192399985333425061e-01 2.445570146439856596e-01 3.210268375634414695e-01 3.797144966984333792e-01
4.227448630340896463e-01 1.662002707829426940e-01 3.657156391150109820e-01 3.377549016221927380e-01 3.290350657579470539e-01 7.538643121642032430e-01 6.061300934341360414e-01 1.821378408902100954e-01 5.778263174338662544e-01 1.689888561886590812e-01 3.482512361241960619e-01 3.775794180586513615e-01 0.000000000000000000e+00 5.853177902647830333e-01 2.084647873998979883e-01 3.141517648978704447e-01 4.617749656113663836e-01 2.295682747051460137e-01 4.600781361983833917e-01 2.762076538785652180e-01 2.657408459955872826e-01 2.758579425141693409e-01 4.403258028979028516e-01 1.100750325765928461e-01 1.114520723145896175e-01
1.657629353510877146e-01 6.805640582356174972e-01 5.907694624667113592e-01 5.781935671305586943e-01 4.068613845090934267e-01 1.805550912043058231e-01 3.884486653752816099e-01 4.604421597255832221e-01 3.560712657330369346e-01 4.910126757561875110e-01 2.803540287932138608e-01 2.913653314430944552e-01 5.853177902647830333e-01 0.000000000000000000e+00 5.816928143141779639e-01 3.120517038120198539e-01 2.686228952222750599e-01 4.514017047934903992e-01 1.882549134024625037e-01 4.343893832819820111e-01 4.095942568065605305e-01 4.941772964956236414e-01 2.514253903342559826e-01 5.763016327639716163e-01 5.743926329209929627e-01
4.484927974631263137e-01 1.604277484690976863e-01 3.603436786834870453e-01 3.711913240897567468e-01 1.874028702743826547e-01 7.605727768801270328e-01 6.151996779803772242e-01 1.651460865232735609e-01 6.043319911610052220e-01 1.689183490016558653e-01 3.209769498400727450e-01 3.055330913820576977e-01 2.084647873998979883e-01 5.816928143141779639e-01 0.000000000000000000e+00 3.255960392670398940e-01 4.599100512089293602e-01 2.719520714348188095e-01 4.150117045882628641e-01 1.677844094387393181e-01 1.945401308986264843e-01 2.635851525514795735e-01 4.552378289210823326e-01 1.153896588086818636e-01 1.096229734565988545e-01
1.551277359506996467e-01 4.113340655247557653e-01 3.425250142418913568e-01 3.044577490718545221e-01 2.767692729426216025e-01 4.787960773766274936e-01 3.633592279431825944e-01 1.852204791578318521e-01 2.787359518939655501e-01 2.388009159753424759e-01 1.691392685131827278e-01 1.558508328421525646e-01 3.141517648978704447e-01 3.120517038120198539e-01 3.255960392670398940e-01 0.000000000000000000e+00 2.391750854345849886e-01 1.773760998811834133e-01 2.060691228781089401e-01 2.101395044204533435e-01 1.777564836874568899e-01 2.459328482708038888e-01 1.296417896540424386e-01 3.025658147052674996e-01 3.113454090978322042e-01
1.513821083334362383e-01 5.484848295298696552e-01 4.535634690884219888e-01 4.670938953600100585e-01 3.585482014023639308e-01 4.467824536304934036e-01 1.562909595721569400e-01 3.753032269199728099e-01 3.481037044100123157e-01 3.551734872323329406e-01 1.607334654507076577e-01 3.396927601761713933e-01 4.617749656113663836e-01 2.686228952222750599e-01 4.599100512089293602e-01 2.391750854345849886e-01 0.000000000000000000e+00 3.403020330229419854e-01 1.998403107174975268e-01 4.047271675498568255e-01 2.761851941651632947e-01 3.569713031173345485e-01 2.391796915733699902e-01 4.585977716544378802e-01 4.423134042152450096e-01
2.886514902166344432e-01 3.231863073446569201e-01 3.093522332824549248e-01 1.347659697171969539e-01 2.675337007424149482e-01 6.199482266929108309e-01 4.798185382868173643e-01 1.402474272604333216e-01 4.437329446164114954e-01 1.925071648995076434e-01 2.290259126270176304e-01 2.397498935897965089e-01 2.295682747051460137e-01 4.514017047934903992e-01 2.719520714348188095e-01 1.773760998811834133e-01 3.403020330229419854e-01 0.000000000000000000e+00 3.443297815535134587e-01 1.935912453048083681e-01 1.665486163668755404e-01 2.138747875857620329e-01 3.035766438781367094e-01 2.142897597792078335e-01 2.276721646513888697e-01
1.317720538077276904e-01 5.280379926463839579e-01 4.350610433666328158e-01 4.711216438905816428e-01 2.303087797440493134e-01 3.663982691580365825e-01 3.225258121431875402e-01 3.312180806383046017e-01 3.097425344246457768e-01 3.410908110392047998e-01 1.346235071387266446e-01 1.398524494586739775e-01 4.600781361983833917e-01 1.882549134024625037e-01 4.150117045882628641e-01 2.060691228781089401e-01 1.998403107174975268e-01 3.443297815535134587e-01 0.000000000000000000e+00 2.837950019503015509e-01 2.523516534481077822e-01 3.384688773955453200e-01 2.043815769848245090e-01 4.523784940226628914e-01 4.180344716111417114e-01
3.400366773583290425e-01 3.096364714453418987e-01 3.996181602371539077e-01 3.283572150220053776e-01 1.250172205259501290e-01 6.011337568465897618e-01 5.375695822863070239e-01 1.251767682586209518e-01 4.833858012501590085e-01 2.699973718216401863e-01 2.934510471539324983e-01 1.450251411641906574e-01 2.762076538785652180e-01 4.343893832819820111e-01 1.677844094387393181e-01 2.101395044204533435e-01 4.047271675498568255e-01 1.935912453048083681e-01 2.837950019503015509e-01 0.000000000000000000e+00 2.193582530158425803e-01 3.030259942660663564e-01 3.342916390102359525e-01 2.014699716336680879e-01 2.715389603251824324e-01
2.591605633286177546e-01 3.051491706307550844e-01 2.170466750470982364e-01 2.933404787039436412e-01 1.456959252443596198e-01 5.890756024660874779e-01 4.282471698338212174e-01 2.045095009066272840e-01 4.154315099592307825e-01 1.244859596604498964e-01 1.454141656954473782e-01 2.524829716585790251e-01 2.657408459955872826e-01 4.095942568065605305e-01 1.945401308986264843e-01 1.777564836874568899e-01 2.761851941651632947e-01 1.665486163668755404e-01 2.523516534481077822e-01 2.193582530158425803e-01 0.000000000000000000e+00 1.170551104033611400e-01 2.877878445080315761e-01 2.668097444140622998e-01 1.951456495955127546e-01
3.328087792575743498e-01 3.361944541919452689e-01 1.115314730131645865e-01 3.400039209584674871e-01 2.506421767861761185e-01 6.627238183950440176e-01 5.060308796187825697e-01 2.631395419177018913e-01 4.890797258881873222e-01 1.147804051361677874e-01 2.303612514583032178e-01 3.192399985333425061e-01 2.758579425141693409e-01 4.941772964956236414e-01 2.635851525514795735e-01 2.459328482708038888e-01 3.569713031173345485e-01 2.138747875857620329e-01 3.384688773955453200e-01 3.030259942660663564e-01 1.170551104033611400e-01 0.000000000000000000e+00 3.574908021931265667e-01 2.777041210835681229e-01 2.267269643117012512e-01
1.102392160850264730e-01 5.375081035247881722e-01 4.540829681642140070e-01 4.306317870718868734e-01 3.849676098360588217e-01 4.181697638988636778e-01 3.547817591125739800e-01 3.148622688118742907e-01 1.490941622399230837e-01 3.517227442161231510e-01 2.422121543820278111e-01 2.445570146439856596e-01 4.403258028979028516e-01 2.514253903342559826e-01 4.552378289210823326e-01 1.296417896540424386e-01 2.391796915733699902e-01 3.035766438781367094e-01 2.043815769848245090e-01 3.342916390102359525e-01 2.877878445080315761e-01 3.574908021931265667e-01 0.000000000000000000e+00 4.287398527052998509e-01 4.343973129728374571e-01
4.135514181871155492e-01 1.114088229770159311e-01 3.686216928709976082e-01 3.139030138158156458e-01 2.935314769869568075e-01 7.448481546633920480e-01 6.029528994772075379e-01 1.401632136790261218e-01 5.686328725868923240e-01 1.765773805504084748e-01 3.473216512585134974e-01 3.210268375634414695e-01 1.100750325765928461e-01 5.763016327639716163e-01 1.153896588086818636e-01 3.025658147052674996e-01 4.585977716544378802e-01 2.142897597792078335e-01 4.523784940226628914e-01 2.014699716336680879e-01 2.668097444140622998e-01 2.777041210835681229e-01 4.287398527052998509e-01 0.000000000000000000e+00 1.449873479989411407e-01
4.130241156829435045e-01 1.100035210352423021e-01 3.188453219392679006e-01 3.397296595308688105e-01 2.378882171167838455e-01 7.429391548204133944e-01 5.877791665615955674e-01 1.920175784587553058e-01 5.692950623135563104e-01 1.171575743072922615e-01 3.217468391334196709e-01 3.797144966984333792e-01 1.114520723145896175e-01 5.743926329209929627e-01 1.096229734565988545e-01 3.113454090978322042e-01 4.423134042152450096e-01 2.276721646513888697e-01 4.180344716111417114e-01 2.715389603251824324e-01 1.951456495955127546e-01 2.267269643117012512e-01 4.343973129728374571e-01 1.449873479989411407e-01 0.000000000000000000e+00
