0.000000000000000000e+00 1.441793733853407700e+00 1.428366556768217110e+00 9.207246875680707987e-01 1.144416886739066497e+00 8.735335577193417134e-01 6.517993682524747534e-01 5.781933119423067202e-01 9.905386530173483361e-01 4.508257381185190593e-01 1.027601283609236749e+00 5.846597905161254882e-01 8.243018013606885352e-01 3.344405668273984777e-01 7.815018886896438755e-01 2.782754441464473372e-01 9.598922150212492177e-01 5.693862453929438017e-01 1.215510433990642625e+00 5.438842668768439914e-01 6.692054915169847185e-01 2.417202043474103168e-01 4.463253644751453142e-01 7.663346363889055324e-01 1.222191234004395666e+00
1.441793733853407700e+00 0.000000000000000000e+00 1.322304490395007637e+00 1.509341738092225160e+00 8.813616413907962022e-01 1.532183203710378416e+00 1.021142382011805738e+00 9.146771685975594313e-01 4.574549775069829405e-01 1.129162546947101831e+00 9.086964203903796777e-01 1.201176217257678980e+00 9.195530487537545428e-01 1.242826102273256073e+00 7.636782460696344144e-01 1.528783208207515232e+00 6.502610451261496838e-01 1.140125352122977276e+00 2.345362832974769995e-01 9.160811513347268953e-01 1.317668373973757356e+00 1.233463905849233155e+00 1.178103113669212609e+00 6.993378597242930761e-01 1.113684907457011652e+00
1.428366556768217110e+00 1.322304490395007637e+00 0.000000000000000000e+00 1.413758907977096912e+00 8.991205840598140986e-01 1.510569076984699333e+00 8.208838303116164914e-01 1.021996976267367074e+00 8.742046424365235158e-01 1.107548420221422747e+00 4.191575557243472083e-01 1.108346795107998162e+00 7.869006916874008439e-01 1.164101258681957907e+00 7.111253071346735899e-01 1.491872128776977169e+00 7.497250866835610816e-01 9.914049483632974002e-01 1.089794171629604680e+00 9.415773410086664130e-01 1.296054247248078051e+00 1.188898434844638086e+00 1.028606316199796922e+00 8.066576673941011633e-01 2.114953245870472009e-01
9.207246875680707987e-01 1.509341738092225160e+00 1.413758907977096912e+00 0.000000000000000000e+00 1.234837126314476841e+00 1.109977982289156673e+00 6.565541074459245729e-01 8.974047290149264056e-01 1.058981817023760374e+00 6.799037660933285876e-01 1.012993634818115662e+00 3.500279691281415473e-01 9.836320614163670539e-01 7.616953800633654570e-01 7.967512342761815525e-01 9.938679946976985979e-01 1.065027692704995310e+00 8.679878361033172007e-01 1.281079279211564392e+00 6.752618063826266726e-01 8.970386706993348502e-01 6.794760007561291282e-01 5.507604461016873953e-01 8.972935876937288002e-01 1.207583585213274580e+00
1.144416886739066497e+00 8.813616413907962022e-01 8.991205840598140986e-01 1.234837126314476841e+00 0.000000000000000000e+00 1.293203779196791414e+00 6.316180866141171135e-01 5.685649637958544167e-01 4.942602392270226686e-01 8.901831224335146064e-01 4.799630283354668348e-01 9.283211364880145089e-01 4.032904874968776254e-01 8.925151565698721257e-01 4.790130687129443565e-01 1.206813044012882363e+00 2.518969339716232159e-01 6.511953722783507814e-01 6.507665973280725158e-01 6.744257325964941874e-01 1.078688949460170132e+00 9.546109620697749154e-01 8.540543503316888607e-01 4.138996343086889795e-01 6.905177181462497371e-01
8.735335577193417134e-01 1.532183203710378416e+00 1.510569076984699333e+00 1.109977982289156673e+00 1.293203779196791414e+00 0.000000000000000000e+00 8.427453327747252976e-01 8.195215165349651887e-01 1.081288373020875104e+00 4.305812045500682084e-01 1.109803803825718749e+00 7.777286496634463475e-01 1.148585871737620057e+00 7.836875368178363166e-01 8.547557333500924726e-01 9.911854170142599951e-01 1.098476864958143118e+00 9.429185278985707797e-01 1.305593523593423733e+00 6.249164008610862409e-01 2.222625577994584434e-01 6.452939873119195591e-01 7.418862313361174188e-01 8.854424991488915042e-01 1.304393754220877444e+00
6.517993682524747534e-01 1.021142382011805738e+00 8.208838303116164914e-01 6.565541074459245729e-01 6.316180866141171135e-01 8.427453327747252976e-01 0.000000000000000000e+00 5.588886589446834252e-01 5.715446917921023218e-01 4.292046289079380350e-01 4.201185571526353524e-01 3.473888398420751367e-01 3.395854296070321965e-01 3.562235461455913188e-01 3.073652412942924350e-01 6.828721982000853785e-01 4.918560137996721426e-01 3.101933302857989294e-01 7.886320632464026703e-01 3.726312018049348085e-01 6.273284266651092400e-01 4.588937611858077137e-01 2.307666795756894706e-01 4.767848250554270195e-01 6.147085075477932703e-01
5.781933119423067202e-01 9.146771685975594313e-01 1.021996976267367074e+00 8.974047290149264056e-01 5.685649637958544167e-01 8.195215165349651887e-01 5.588886589446834252e-01 0.000000000000000000e+00 4.600668655274119945e-01 4.253920888784546439e-01 6.212317031083863794e-01 5.892392081803814463e-01 3.401447808449684085e-01 3.352620812411090112e-01 3.981834307785760418e-01 6.385878802075309890e-01 3.932070027974053916e-01 2.497958970861462180e-01 6.890833977656083409e-01 2.308750917656623713e-01 6.088033989003605040e-01 3.987991660433464758e-01 5.178292699532511811e-01 2.153393088732661609e-01 8.158216535035439643e-01
9.905386530173483361e-01 4.574549775069829405e-01 8.742046424365235158e-01 1.058981817023760374e+00 4.942602392270226686e-01 1.081288373020875104e+00 5.715446917921023218e-01 4.600668655274119945e-01 0.000000000000000000e+00 6.782677162575982965e-01 4.734393692775425433e-01 7.508162961892153042e-01 5.035869793409265549e-01 7.898355412464673764e-01 3.137148423504644290e-01 1.077528127371455868e+00 2.524675006926181964e-01 6.873727666584629192e-01 2.361938882662677208e-01 4.651863206452230837e-01 8.667735432842539334e-01 7.825690751597291772e-01 7.277431926007489338e-01 2.447275566541459169e-01 6.680293196727004057e-01
4.508257381185190593e-01 1.129162546947101831e+00 1.107548420221422747e+00 6.799037660933285876e-01 8.901831224335146064e-01 4.305812045500682084e-01 4.292046289079380350e-01 4.253920888784546439e-01 6.782677162575982965e-01 0.000000000000000000e+00 7.067831470624422741e-01 3.476544334676181514e-01 7.351756372559949959e-01 3.619661188968243959e-01 4.517350765868153872e-01 5.661622680553060061e-01 6.954562081948665320e-01 5.260105219743028693e-01 9.025728668301469249e-01 2.339123062546546450e-01 2.216769508307243897e-01 2.194217499497977397e-01 3.113050267860494325e-01 4.933202131498010679e-01 9.013730974575998589e-01
1.027601283609236749e+00 9.086964203903796777e-01 4.191575557243472083e-01 1.012993634818115662e+00 4.799630283354668348e-01 1.109803803825718749e+00 4.201185571526353524e-01 6.212317031083863794e-01 4.734393692775425433e-01 7.067831470624422741e-01 0.000000000000000000e+00 7.075815219490180219e-01 3.812346540499308434e-01 7.633359855229778779e-01 3.103600339756931170e-01 1.091106855617997029e+00 3.320538840060699992e-01 5.941066646598669454e-01 6.761861016249769429e-01 5.408120678496857181e-01 8.952889740890977999e-01 7.881331616856579458e-01 6.278410430408160048e-01 4.058923942351201353e-01 2.116443418047301572e-01
5.846597905161254882e-01 1.201176217257678980e+00 1.108346795107998162e+00 3.500279691281415473e-01 9.283211364880145089e-01 7.777286496634463475e-01 3.473888398420751367e-01 5.892392081803814463e-01 7.508162961892153042e-01 3.476544334676181514e-01 7.075815219490180219e-01 0.000000000000000000e+00 6.762165780972063667e-01 4.274332675256548031e-01 4.885857134416360381e-01 6.593523317992366906e-01 7.579216910334031221e-01 5.437197446568567960e-01 9.729137583770193221e-01 3.670962855480812692e-01 5.666899961609541680e-01 3.434111037041837067e-01 2.190453730980649882e-01 5.891280668591836189e-01 9.021714723441754957e-01
8.243018013606885352e-01 9.195530487537545428e-01 7.869006916874008439e-01 9.836320614163670539e-01 4.032904874968776254e-01 1.148585871737620057e+00 3.395854296070321965e-01 3.401447808449684085e-01 5.035869793409265549e-01 7.351756372559949959e-01 3.812346540499308434e-01 6.762165780972063667e-01 0.000000000000000000e+00 5.106516148597728399e-01 4.040769230941804180e-01 8.518446771561232200e-01 2.812971504609452778e-01 2.566538522500780295e-01 6.889580046910308564e-01 5.322137537833115939e-01 9.331689656280041101e-01 6.860957607697377725e-01 5.045632756851404777e-01 3.068950349834206892e-01 5.848455692008355244e-01
3.344405668273984777e-01 1.242826102273256073e+00 1.164101258681957907e+00 7.616953800633654570e-01 8.925151565698721257e-01 7.836875368178363166e-01 3.562235461455913188e-01 3.352620812411090112e-01 7.898355412464673764e-01 3.619661188968243959e-01 7.633359855229778779e-01 4.274332675256548031e-01 5.106516148597728399e-01 0.000000000000000000e+00 6.295802998300615849e-01 3.439496175154824753e-01 7.284690840385144028e-01 2.608587096968641439e-01 1.016542802410491220e+00 3.749224827242554348e-01 5.793594706154793217e-01 2.250887938159196744e-01 2.172485377533535378e-01 5.451079845923211264e-01 9.579259359181353517e-01
7.815018886896438755e-01 7.636782460696344144e-01 7.111253071346735899e-01 7.967512342761815525e-01 4.790130687129443565e-01 8.547557333500924726e-01 3.073652412942924350e-01 3.981834307785760418e-01 3.137148423504644290e-01 4.517350765868153872e-01 3.103600339756931170e-01 4.885857134416360381e-01 4.040769230941804180e-01 6.295802998300615849e-01 0.000000000000000000e+00 8.862791019177542751e-01 2.973118605407688575e-01 5.791178257718886391e-01 5.354157871889744236e-01 2.699722619750051789e-01 6.402409036134713016e-01 5.420337667660647396e-01 4.504505480546635576e-01 2.262106584143158405e-01 5.049499843708508129e-01
2.782754441464473372e-01 1.528783208207515232e+00 1.491872128776977169e+00 9.938679946976985979e-01 1.206813044012882363e+00 9.911854170142599951e-01 6.828721982000853785e-01 6.385878802075309890e-01 1.077528127371455868e+00 5.661622680553060061e-01 1.091106855617997029e+00 6.593523317992366906e-01 8.518446771561232200e-01 3.439496175154824753e-01 8.862791019177542751e-01 0.000000000000000000e+00 1.031794883004936381e+00 5.975137579356963879e-01 1.302499908344750601e+00 6.470273330270869261e-01 7.868573508119030002e-01 3.532907556666147753e-01 5.037203416081488250e-01 8.443948743390170542e-01 1.285696806013155502e+00
9.598922150212492177e-01 6.502610451261496838e-01 7.497250866835610816e-01 1.065027692704995310e+00 2.518969339716232159e-01 1.098476864958143118e+00 4.918560137996721426e-01 3.932070027974053916e-01 2.524675006926181964e-01 6.954562081948665320e-01 3.320538840060699992e-01 7.579216910334031221e-01 2.812971504609452778e-01 7.284690840385144028e-01 2.973118605407688575e-01 1.031794883004936381e+00 0.000000000000000000e+00 5.240351664178434232e-01 4.196660010634261084e-01 4.740367607263227256e-01 8.839620352215221688e-01 7.659570913952019611e-01 6.909346854987195030e-01 2.136041179872167073e-01 5.402977079885993295e-01
5.693862453929438017e-01 1.140125352122977276e+00 9.914049483632974002e-01 8.679878361033172007e-01 6.511953722783507814e-01 9.429185278985707797e-01 3.101933302857989294e-01 2.497958970861462180e-01 6.873727666584629192e-01 5.260105219743028693e-01 5.941066646598669454e-01 5.437197446568567960e-01 2.566538522500780295e-01 2.608587096968641439e-01 5.791178257718886391e-01 5.975137579356963879e-01 5.240351664178434232e-01 0.000000000000000000e+00 9.100009761973640865e-01 4.252600044497070186e-01 7.377920108428520640e-01 4.302462117526257290e-01 3.376144564806771164e-01 4.518292470901419389e-01 7.883501648960642427e-01
1.215510433990642625e+00 2.345362832974769995e-01 1.089794171629604680e+00 1.281079279211564392e+00 6.507665973280725158e-01 1.305593523593423733e+00 7.886320632464026703e-01 6.890833977656083409e-01 2.361938882662677208e-01 9.025728668301469249e-01 6.761861016249769429e-01 9.729137583770193221e-01 6.889580046910308564e-01 1.016542802410491220e+00 5.354157871889744236e-01 1.302499908344750601e+00 4.196660010634261084e-01 9.100009761973640865e-01 0.000000000000000000e+00 6.897978514719622645e-01 1.091078693856802229e+00 1.006874225732277806e+00 9.498406547885529516e-01 4.737440888923422078e-01 8.811745886916080295e-01
5.438842668768439914e-01 9.160811513347268953e-01 9.415773410086664130e-01 6.752618063826266726e-01 6.744257325964941874e-01 6.249164008610862409e-01 3.726312018049348085e-01 2.308750917656623713e-01 4.651863206452230837e-01 2.339123062546546450e-01 5.408120678496857181e-01 3.670962855480812692e-01 5.322137537833115939e-01 3.749224827242554348e-01 2.699722619750051789e-01 6.470273330270869261e-01 4.740367607263227256e-01 4.252600044497070186e-01 6.897978514719622645e-01 0.000000000000000000e+00 4.104759858750607338e-01 3.362672026954570681e-01 3.557538803648897519e-01 2.605260982878052634e-01 7.354020182448433030e-01
6.692054915169847185e-01 1.317668373973757356e+00 1.296054247248078051e+00 8.970386706993348502e-01 1.078688949460170132e+00 2.222625577994584434e-01 6.273284266651092400e-01 6.088033989003605040e-01 8.667735432842539334e-01 2.216769508307243897e-01 8.952889740890977999e-01 5.666899961609541680e-01 9.331689656280041101e-01 5.793594706154793217e-01 6.402409036134713016e-01 7.868573508119030002e-01 8.839620352215221688e-01 7.377920108428520640e-01 1.091078693856802229e+00 4.104759858750607338e-01 0.000000000000000000e+00 4.409659211095625087e-01 5.326160280266164504e-01 6.710020841628662192e-01 1.089878924484255718e+00
2.417202043474103168e-01 1.233463905849233155e+00 1.188898434844638086e+00 6.794760007561291282e-01 9.546109620697749154e-01 6.452939873119195591e-01 4.588937611858077137e-01 3.987991660433464758e-01 7.825690751597291772e-01 2.194217499497977397e-01 7.881331616856579458e-01 3.434111037041837067e-01 6.860957607697377725e-01 2.250887938159196744e-01 5.420337667660647396e-01 3.532907556666147753e-01 7.659570913952019611e-01 4.302462117526257290e-01 1.006874225732277806e+00 3.362672026954570681e-01 4.409659211095625087e-01 0.000000000000000000e+00 2.329873336754244295e-01 5.723995127628579427e-01 9.827231120808155307e-01
4.463253644751453142e-01 1.178103113669212609e+00 1.028606316199796922e+00 5.507604461016873953e-01 8.540543503316888607e-01 7.418862313361174188e-01 2.307666795756894706e-01 5.178292699532511811e-01 7.277431926007489338e-01 3.113050267860494325e-01 6.278410430408160048e-01 2.190453730980649882e-01 5.045632756851404777e-01 2.172485377533535378e-01 4.504505480546635576e-01 5.037203416081488250e-01 6.909346854987195030e-01 3.376144564806771164e-01 9.498406547885529516e-01 3.557538803648897519e-01 5.326160280266164504e-01 2.329873336754244295e-01 0.000000000000000000e+00 5.775632358163169666e-01 8.224309934359738117e-01
7.663346363889055324e-01 6.993378597242930761e-01 8.066576673941011633e-01 8.972935876937288002e-01 4.138996343086889795e-01 8.854424991488915042e-01 4.767848250554270195e-01 2.153393088732661609e-01 2.447275566541459169e-01 4.933202131498010679e-01 4.058923942351201353e-01 5.891280668591836189e-01 3.068950349834206892e-01 5.451079845923211264e-01 2.262106584143158405e-01 8.443948743390170542e-01 2.136041179872167073e-01 4.518292470901419389e-01 4.737440888923422078e-01 2.605260982878052634e-01 6.710020841628662192e-01 5.723995127628579427e-01 5.775632358163169666e-01 0.000000000000000000e+00 6.004823446302779422e-01
1.222191234004395666e+00 1.113684907457011652e+00 2.114953245870472009e-01 1.207583585213274580e+00 6.905177181462497371e-01 1.304393754220877444e+00 6.147085075477932703e-01 8.158216535035439643e-01 6.680293196727004057e-01 9.013730974575998589e-01 2.116443418047301572e-01 9.021714723441754957e-01 5.848455692008355244e-01 9.579259359181353517e-01 5.049499843708508129e-01 1.285696806013155502e+00 5.402977079885993295e-01 7.883501648960642427e-01 8.811745886916080295e-01 7.354020182448433030e-01 1.089878924484255718e+00 9.827231120808155307e-01 8.224309934359738117e-01 6.004823446302779422e-01 0.000000000000000000e+00
