0.000000000000000000e+00 5.844661980666637779e-01 5.479971118757063220e-01 4.863359163000531282e-01 4.398196168423486041e-01 3.736939614910423924e-01 3.621400226418602375e-01 3.252915853125706303e-01 2.957727068545954463e-01 2.836230900288835288e-01 2.424273710671719373e-01 3.092721700512127692e-01 2.267198016934615923e-01 4.569806150047807658e-01 3.904201664851316145e-01 2.496186012636281149e-01 2.529668264898131125e-01 3.263161869658566250e-01 1.660602609238835958e-01 1.718246645599991185e-01 1.619064528189603225e-01 2.658942583947777605e-01 4.346559020016729225e-01 1.910233735673241284e-01 4.549259186119235521e-01 3.364815883175377720e-01 1.757975047582708006e-01 2.454697245362146285e-01 1.565471533944123583e-01 1.396630608369963666e-01 4.412051081820932974e-01 2.931638064533378385e-01 2.480269594952314305e-01 4.314901983648600781e-01 2.753047114501627757e-01 3.378204502454876801e-01 1.260508686992581340e-01 2.190588320304844572e-01 4.034307502295625958e-01 3.885491901498833722e-01 2.189275236721872075e-01 3.620246168992966584e-01 5.017386654424171866e-01 1.246608341527737224e-01 3.041774281726732365e-01 2.141508230313491912e-01 1.615942400123143996e-01 2.334643959596010565e-01 4.761342830270312576e-01 2.237493040354425755e-01
5.844661980666637779e-01 0.000000000000000000e+00 9.879227148441951378e-01 9.943811011371449515e-01 1.008245102736964993e+00 7.072860504902455103e-01 7.285242509174537640e-01 6.571879837188659979e-01 2.967420653533466290e-01 8.073344834777885781e-01 5.619464219462453336e-01 7.989506127947384462e-01 5.532809913970430093e-01 9.565883129220468239e-01 8.161292539793307821e-01 8.180440871582441709e-01 4.801345430581598905e-01 7.671944964334221906e-01 4.616566373865656492e-01 5.583448966620828680e-01 6.161863723753894240e-01 5.755436713015280592e-01 1.562849595173002037e-01 7.277941593457593061e-01 9.384131786715375068e-01 8.475058703011072447e-01 6.882832252812176588e-01 4.274403756022555068e-01 5.851994134744362697e-01 4.448031372296673003e-01 8.529240205726320578e-01 8.104646232970152964e-01 6.144111877708249292e-01 9.373561694401816302e-01 7.270492205388826568e-01 9.026363561391353985e-01 5.494305090627344956e-01 4.816827118430537236e-01 9.086304479262479195e-01 7.655837236657078160e-01 7.696079504839050678e-01 8.504002242900752240e-01 9.940933966063042471e-01 5.039203206157427672e-01 6.377695171718762435e-01 4.147772120664548479e-01 5.364245145967329043e-01 6.548691948948932584e-01 9.087469433896988580e-01 5.625051513314827112e-01
5.479971118757063220e-01 9.879227148441951378e-01 0.000000000000000000e+00 5.586681943951519180e-01 5.867210794330864898e-01 8.627305324219685101e-01 8.863010834773784596e-01 3.455379659364740119e-01 6.911806494908488974e-01 3.148273552972737366e-01 6.484400451307553714e-01 3.904983180135506160e-01 7.508808625289797867e-01 2.092541402189949939e-01 2.019787791030395740e-01 4.660276111154787460e-01 5.265090564996829370e-01 2.533673910472732382e-01 6.428561748520927877e-01 4.614010975533117120e-01 4.341414912622306166e-01 7.549308293257039892e-01 8.465954582090783331e-01 3.736709070762476714e-01 1.467747693611246851e-01 4.218886980869409054e-01 3.844858457802546869e-01 6.695212059515771585e-01 6.789758961262449821e-01 6.516757613379734471e-01 1.405875432867403629e-01 2.918353840317290948e-01 7.721880203307496249e-01 1.250356879292731926e-01 3.134760899028933845e-01 4.754473454709488567e-01 5.494874918288268351e-01 7.256088484545173412e-01 5.001032289897607841e-01 2.395266549845608273e-01 4.178857166869880402e-01 2.015359352631475032e-01 1.060199891285152907e-01 5.574029615327753540e-01 7.932139991035992432e-01 5.979138161170530763e-01 6.506308109432403786e-01 3.681154627078897512e-01 1.014823749292244059e-01 4.535474166287416509e-01
4.863359163000531282e-01 9.943811011371449515e-01 5.586681943951519180e-01 0.000000000000000000e+00 6.060549669517646398e-01 7.840077146841208933e-01 8.187589547033130577e-01 4.490433492667167958e-01 7.082139421926948453e-01 3.998698651713086250e-01 5.843394680266128516e-01 2.413133163179722873e-01 6.833387337549140517e-01 5.033396637060768564e-01 3.871892434079201584e-01 4.468530497179079575e-01 5.613514527478303817e-01 5.486329407753416376e-01 6.519454938270913269e-01 5.899490205184355629e-01 3.865882487437862225e-01 6.762080115878562614e-01 8.476046965525064758e-01 3.131984394125409965e-01 5.455658143352311029e-01 1.514680003698461452e-01 4.663803001703156204e-01 6.186968215881089028e-01 6.269679023634600057e-01 5.715602273357059948e-01 5.200841523621855256e-01 2.736764236266726602e-01 7.046458915566838899e-01 4.483573169119018376e-01 3.536255304098978591e-01 4.992074345804354829e-01 4.834802605076709558e-01 6.696703055624587675e-01 1.070266004783843733e-01 4.704759618549101963e-01 4.632572438225907030e-01 4.513917742519011345e-01 5.452862523533389405e-01 5.921301542360297709e-01 7.144911813657516264e-01 6.599053308434906784e-01 5.719079932053928728e-01 5.442143547759489275e-01 4.769791432836062439e-01 4.684382715617483317e-01
4.398196168423486041e-01 1.008245102736964993e+00 5.867210794330864898e-01 6.060549669517646398e-01 0.000000000000000000e+00 7.917495908486614775e-01 7.929335697703326913e-01 5.304654912412786194e-01 7.115030373836180866e-01 2.840906119467224711e-01 6.290412713615370910e-01 4.747436976029154043e-01 6.575133488219342404e-01 4.943567079299922007e-01 4.730058305409683417e-01 1.913920586765958110e-01 6.215898785639277779e-01 4.486756171881182698e-01 5.812721708923367370e-01 4.806454766587329175e-01 4.572970590648114952e-01 6.839498877523968456e-01 8.597221713332791060e-01 3.206607464838588939e-01 5.176164383976076255e-01 4.562006389692493946e-01 3.455990397819632132e-01 6.633986249230331422e-01 5.939644246691667684e-01 5.647293301686028277e-01 5.211642173562345270e-01 3.871244833233962179e-01 6.788205066237039675e-01 4.702141659222403014e-01 4.643850176849872446e-01 1.131094736034501808e-01 5.244881987466590845e-01 6.498523791589571053e-01 5.413156772564320374e-01 5.491082732514098730e-01 2.476210351591408010e-01 4.164660994525397064e-01 5.397121760051513117e-01 5.066875737830562887e-01 7.222330575302922107e-01 6.092167583412251286e-01 5.796498693699334570e-01 4.384973016627506381e-01 5.148582505844115920e-01 5.588809672347466728e-01
3.736939614910423924e-01 7.072860504902455103e-01 8.627305324219685101e-01 7.840077146841208933e-01 7.917495908486614775e-01 0.000000000000000000e+00 5.729647943307406566e-01 5.748488765862076466e-01 4.222582696338194053e-01 6.334384233957304211e-01 2.456010357786051757e-01 6.062411132272388370e-01 4.131334137379064630e-01 8.025351308532140404e-01 6.643698975540439644e-01 6.143617525701056126e-01 4.186278157013454959e-01 6.965344797887821349e-01 4.430473597943177522e-01 5.390967594771711724e-01 4.302577526541685460e-01 1.644628907756672254e-01 5.583632139618246448e-01 4.965427518504529347e-01 8.251442114348490620e-01 6.356472742502380369e-01 5.460157975811965603e-01 2.887266823623394485e-01 3.994676797793440537e-01 2.741537900954829077e-01 7.762089566613180613e-01 5.923294923860380479e-01 4.588517311841118218e-01 7.579277421442676133e-01 5.492544425190751811e-01 6.876357836123344613e-01 3.132430405931414530e-01 3.909269404637346623e-01 7.003996934055886081e-01 6.588095413571148917e-01 5.886911113678341412e-01 7.290292708578942626e-01 8.480148884456062408e-01 4.570035034446968680e-01 1.054413441601832896e-01 4.636020973958355773e-01 2.120997214787278817e-01 6.051376455293332457e-01 7.670166243611354906e-01 4.492346056587496750e-01
3.621400226418602375e-01 7.285242509174537640e-01 8.863010834773784596e-01 8.187589547033130577e-01 7.929335697703326913e-01 5.729647943307406566e-01 0.000000000000000000e+00 6.331563036694770608e-01 4.342037127779944661e-01 6.346224023174017459e-01 4.570227583666698901e-01 6.416952084544726986e-01 2.174926947476588379e-01 8.037191097748853652e-01 7.121151368888721800e-01 6.117586239054886299e-01 4.997745582916983120e-01 6.874708844891672666e-01 3.099489206720275614e-01 4.821410190777355997e-01 4.780029919889967061e-01 4.525618981112509709e-01 5.779151915875575529e-01 5.293273451689967102e-01 8.164631166569362719e-01 6.689046267207976459e-01 5.373347028032836592e-01 4.301408001049640273e-01 2.445098091003183316e-01 3.004129577026403153e-01 8.027423062271059617e-01 6.255868448565976569e-01 1.160322573155964376e-01 7.697941699665326043e-01 5.969996818539033967e-01 6.888197625340057861e-01 3.697219184195619790e-01 2.492685818655635543e-01 7.358537886328224698e-01 7.065547806919431073e-01 5.810675463140475561e-01 7.235618149443094893e-01 8.491988673672775656e-01 3.918241778805322539e-01 5.034482610123716118e-01 4.137037612181868051e-01 3.608650728520128026e-01 5.852926198097537780e-01 8.144382546287037838e-01 5.123566635813191494e-01
3.252915853125706303e-01 6.571879837188659979e-01 3.455379659364740119e-01 4.490433492667167958e-01 5.304654912412786194e-01 5.748488765862076466e-01 6.331563036694770608e-01 0.000000000000000000e+00 3.639632921154184464e-01 3.006130960627677040e-01 3.323228927943738253e-01 2.452193409422797898e-01 4.939946034434086752e-01 3.641362512785246142e-01 1.929161134601875549e-01 3.421266863014834625e-01 1.826435434568494387e-01 1.663343204267881403e-01 3.568080820705488709e-01 1.746099402846245097e-01 1.633851324936103078e-01 4.615731188612589020e-01 5.139832072757326564e-01 2.193352067024938457e-01 3.153413853163469227e-01 3.081607374226884577e-01 1.951776461409557850e-01 3.414972301921299636e-01 4.413652513296243418e-01 3.743562932506537821e-01 2.213166021063868727e-01 2.821910203131633432e-01 5.190432405228482260e-01 3.141430289210384030e-01 1.289314914290986547e-01 4.183285051174417957e-01 2.721680237415072812e-01 4.444549729651160463e-01 3.548991760737892909e-01 1.083957399468418736e-01 2.878059298726304838e-01 2.637283358218945883e-01 3.827585399369312635e-01 2.765598144133964986e-01 4.974744834910667657e-01 2.756073187563661264e-01 3.708281585661525881e-01 9.517100550923207614e-02 2.628065569106523558e-01 1.257990059257045046e-01
2.957727068545954463e-01 2.967420653533466290e-01 6.911806494908488974e-01 7.082139421926948453e-01 7.115030373836180866e-01 4.222582696338194053e-01 4.342037127779944661e-01 3.639632921154184464e-01 0.000000000000000000e+00 5.105924181244418936e-01 2.764831599383254512e-01 5.127834538502882289e-01 2.565389260436962693e-01 6.598462475687003614e-01 5.249532389518186681e-01 5.213020218048975973e-01 1.869098514547123391e-01 4.704524310800754505e-01 1.649145720332190201e-01 2.616028313087361834e-01 3.300192134309390402e-01 2.905158904451017876e-01 1.575347199363180961e-01 4.391006681336910855e-01 6.416711133181907112e-01 5.613387113566568054e-01 3.915411599278709742e-01 1.424125947458292074e-01 2.930923771652410581e-01 1.561096460175990797e-01 5.561819552192854843e-01 5.242974643525648570e-01 3.223041514616297176e-01 6.461801544126694052e-01 4.358732055113705983e-01 6.058942907857889359e-01 2.632633501182841673e-01 1.849406464897070945e-01 6.224632889817977022e-01 4.693009547183550900e-01 4.728658851305584387e-01 5.536581589367287615e-01 6.973513312529577846e-01 2.071782552623960549e-01 3.527417363154502494e-01 1.180351467131082188e-01 2.506834405326942017e-01 3.581271295415466849e-01 6.175709283621865220e-01 2.713291363039706527e-01
2.836230900288835288e-01 8.073344834777885781e-01 3.148273552972737366e-01 3.998698651713086250e-01 2.840906119467224711e-01 6.334384233957304211e-01 6.346224023174017459e-01 3.006130960627677040e-01 5.105924181244418936e-01 0.000000000000000000e+00 4.707301039086058680e-01 2.617993547638318153e-01 4.992021813690030729e-01 2.224629837941794197e-01 2.092232604360592940e-01 1.859557233080426086e-01 4.270227116494185737e-01 1.736846526967834314e-01 3.897996414477663540e-01 2.775876366898161751e-01 2.989858916118804943e-01 5.256387202994656782e-01 6.662299982172313895e-01 1.561027216766890380e-01 2.380219887645264321e-01 2.500155371887932687e-01 1.425411998130465818e-01 5.050874574701019748e-01 4.158150378436752947e-01 4.064181627156716048e-01 2.398228350136606957e-01 1.453942756260488134e-01 5.205093391707728001e-01 1.983204417864275204e-01 2.862366527906224367e-01 1.709811383432722764e-01 3.661770312937280281e-01 4.624479901719476538e-01 3.351305754759758004e-01 2.781967149709752007e-01 1.069338913236486943e-01 1.351247171099658195e-01 2.678184518693386140e-01 3.036297338141395463e-01 5.639218900773611542e-01 4.061589183723084417e-01 4.213387019170022896e-01 2.124290557571275884e-01 2.429645264485990053e-01 3.936204761518117268e-01
2.424273710671719373e-01 5.619464219462453336e-01 6.484400451307553714e-01 5.843394680266128516e-01 6.290412713615370910e-01 2.456010357786051757e-01 4.570227583666698901e-01 3.323228927943738253e-01 2.764831599383254512e-01 4.707301039086058680e-01 0.000000000000000000e+00 3.978162545247860837e-01 3.146439154559224072e-01 6.300862302658873926e-01 4.500794102628308813e-01 4.558809952970859225e-01 1.885612197870239481e-01 4.984545584801665652e-01 3.447131989407357100e-01 3.513918799357083067e-01 2.159672653629554628e-01 1.613539953539954164e-01 4.130235854178244681e-01 3.297662124978810172e-01 6.476642781107208036e-01 4.374642371905749783e-01 4.015528489150969604e-01 1.420574765085550473e-01 2.819749001659610510e-01 1.853320419929904983e-01 5.536394949007605870e-01 4.004229901864830299e-01 3.429096952200409998e-01 5.585501930085619016e-01 3.349639552278620980e-01 5.249274641252099638e-01 1.163765023679137894e-01 2.954608533121445557e-01 5.007314467480803444e-01 4.392786582508568238e-01 4.379234774855585433e-01 5.663209513707697651e-01 6.612258732306643960e-01 3.197132463968603844e-01 1.726703196894112669e-01 2.419149885613951501e-01 9.615768551465708747e-02 4.186101486695996687e-01 5.527261370699224630e-01 2.065238868686693208e-01
3.092721700512127692e-01 7.989506127947384462e-01 3.904983180135506160e-01 2.413133163179722873e-01 4.747436976029154043e-01 6.062411132272388370e-01 6.416952084544726986e-01 2.452193409422797898e-01 5.127834538502882289e-01 2.617993547638318153e-01 3.978162545247860837e-01 0.000000000000000000e+00 5.062749875060741367e-01 3.406340535036922468e-01 1.957514548722908976e-01 3.145192477805763276e-01 3.575274444233932369e-01 3.405439117266673144e-01 4.748817475782508568e-01 3.990745068836895060e-01 1.827642404193491887e-01 4.984414101309742051e-01 6.521742082100996374e-01 1.623409387670109727e-01 3.828602041328463268e-01 1.460100990035960444e-01 3.035565550150515768e-01 4.232663332457026195e-01 4.499041561146200352e-01 3.937936258788239385e-01 3.214721126465365231e-01 1.164050791377830296e-01 5.275821453078437528e-01 2.813134690418542805e-01 1.271711148275996017e-01 3.678961652315860809e-01 2.969570470058442990e-01 4.926065593136185750e-01 1.350343020244929026e-01 2.360318494524755173e-01 3.319459744737414120e-01 2.886861640495165249e-01 3.825806421509541644e-01 4.160612236585826129e-01 5.367245799088696812e-01 4.560813225190534781e-01 3.941413917485108165e-01 3.403903464515118937e-01 3.010139629886173229e-01 2.646142632373113535e-01
2.267198016934615923e-01 5.532809913970430093e-01 7.508808625289797867e-01 6.833387337549140517e-01 6.575133488219342404e-01 4.131334137379064630e-01 2.174926947476588379e-01 4.939946034434086752e-01 2.565389260436962693e-01 4.992021813690030729e-01 3.146439154559224072e-01 5.062749875060741367e-01 0.000000000000000000e+00 6.682988888264868033e-01 5.729534366628038500e-01 4.763384029570897904e-01 3.642844710915734141e-01 5.520506635407687046e-01 1.836910095389810982e-01 3.558831079446890810e-01 3.388412917629283760e-01 2.911285640510342110e-01 4.034046461437965636e-01 3.939071242205980927e-01 6.810428957085377100e-01 5.334844057723988620e-01 4.019144818548849307e-01 2.572383356411534483e-01 1.409949862959047062e-01 1.389796236424235554e-01 6.673220852787076218e-01 4.901666239081990950e-01 1.232569347868425758e-01 6.343739490181339313e-01 4.578379816278350112e-01 5.533995415856072242e-01 2.300596875935400631e-01 1.089514031312060205e-01 6.004335676844236858e-01 5.673930804658748883e-01 4.456473253656489386e-01 5.881415939959108163e-01 7.137786464188787816e-01 2.655662667474857352e-01 3.436168804195373627e-01 2.694420545799972588e-01 2.184862299412653197e-01 4.521459767692415088e-01 6.756001634698952651e-01 3.731949633552507639e-01
4.569806150047807658e-01 9.565883129220468239e-01 2.092541402189949939e-01 5.033396637060768564e-01 4.943567079299922007e-01 8.025351308532140404e-01 8.037191097748853652e-01 3.641362512785246142e-01 6.598462475687003614e-01 2.224629837941794197e-01 6.300862302658873926e-01 3.406340535036922468e-01 6.682988888264868033e-01 0.000000000000000000e+00 1.965438573983322446e-01 3.736632396123845123e-01 5.323886505587948070e-01 2.121763118147430571e-01 5.620889198288262500e-01 3.982434162599641225e-01 4.163882918493890806e-01 6.947354277569494085e-01 8.154838276614896353e-01 3.083973670492662911e-01 1.523716880174024180e-01 3.612658556600185644e-01 2.953750295264297443e-01 6.517680065387357891e-01 5.898650798724199840e-01 5.755148701731552796e-01 1.957190976705233676e-01 2.296632400794042517e-01 6.896060466282565304e-01 1.159714639335230058e-01 2.957228904900517930e-01 3.830829739678545676e-01 5.292270227469455524e-01 6.364980322006921210e-01 4.491129359683488920e-01 2.839959555864877139e-01 3.146078665264963048e-01 1.061880886319716139e-01 1.047356871825488034e-01 4.759190121951997199e-01 7.330185975348447736e-01 5.449035764357618161e-01 5.904354093744859089e-01 3.049577814145421062e-01 1.926045661508217488e-01 4.589594926383809836e-01
3.904201664851316145e-01 8.161292539793307821e-01 2.019787791030395740e-01 3.871892434079201584e-01 4.730058305409683417e-01 6.643698975540439644e-01 7.121151368888721800e-01 1.929161134601875549e-01 5.249532389518186681e-01 2.092232604360592940e-01 4.500794102628308813e-01 1.957514548722908976e-01 5.729534366628038500e-01 1.965438573983322446e-01 0.000000000000000000e+00 3.432812669892456592e-01 3.465372838339298989e-01 1.860828178908454922e-01 5.406686933664651695e-01 3.623384260914914168e-01 2.357808563943061819e-01 5.565701944577793325e-01 6.702975053466232458e-01 2.387997432051420788e-01 2.461836457612708584e-01 2.656297982530534396e-01 3.225701731418409990e-01 4.711605710836526129e-01 5.203240845490194610e-01 4.533151264700490124e-01 1.343093236178836969e-01 1.355764841978416568e-01 5.980020737422432342e-01 1.212269154608508204e-01 1.151154550349688804e-01 3.631266640008382618e-01 3.511268569609024559e-01 5.537703745190259985e-01 3.224264581901342130e-01 1.111479171169792723e-01 3.125656116025194997e-01 1.592965816642640531e-01 2.239025956829531760e-01 4.642883002202634057e-01 5.948533642356746975e-01 4.450911619295901400e-01 4.522701760753159439e-01 2.810422465212854548e-01 1.055256035165974687e-01 2.624156352400487391e-01
2.496186012636281149e-01 8.180440871582441709e-01 4.660276111154787460e-01 4.468530497179079575e-01 1.913920586765958110e-01 6.143617525701056126e-01 6.117586239054886299e-01 3.421266863014834625e-01 5.213020218048975973e-01 1.859557233080426086e-01 4.558809952970859225e-01 3.145192477805763276e-01 4.763384029570897904e-01 3.736632396123845123e-01 3.432812669892456592e-01 0.000000000000000000e+00 4.386884929417395051e-01 2.895604449909081612e-01 3.910711553136160257e-01 2.892534179821372176e-01 2.852912240970018054e-01 5.065620494738409807e-01 6.748301017556046499e-01 1.614588292500020450e-01 3.969229700799998262e-01 2.969987217353926012e-01 1.542069811053675410e-01 4.861375156152779042e-01 4.037634090904461681e-01 3.860357712652476847e-01 4.017057247604333137e-01 2.367419387265103370e-01 4.976455607588596286e-01 3.495206976046324465e-01 2.923791827171775548e-01 1.140865897390981598e-01 3.482071209382474053e-01 4.601884002143782904e-01 3.821137600225752995e-01 3.657062280139861121e-01 1.039466647924034287e-01 2.958965620986510614e-01 4.190187076875435679e-01 3.152955151064605888e-01 5.448452192517364567e-01 4.178246996646294287e-01 4.022620310913775921e-01 2.471052429861549660e-01 3.941647822668037926e-01 3.868751322669367609e-01
2.529668264898131125e-01 4.801345430581598905e-01 5.265090564996829370e-01 5.613514527478303817e-01 6.215898785639277779e-01 4.186278157013454959e-01 4.997745582916983120e-01 1.826435434568494387e-01 1.869098514547123391e-01 4.270227116494185737e-01 1.885612197870239481e-01 3.575274444233932369e-01 3.642844710915734141e-01 5.323886505587948070e-01 3.465372838339298989e-01 4.386884929417395051e-01 0.000000000000000000e+00 3.309317169724388941e-01 1.965176879413850219e-01 1.629386589219424530e-01 1.908678978630209688e-01 3.053520579763968068e-01 3.369297666150265491e-01 3.223148197002717597e-01 4.865213101132742635e-01 4.204688409038020436e-01 3.013391401015527160e-01 1.640313038376198795e-01 2.941777020610081839e-01 2.489652491629439635e-01 3.947649382662023476e-01 3.929715973888738834e-01 3.979705276719434082e-01 4.677641992947807470e-01 2.574572503934818846e-01 5.174760713276007618e-01 1.479107509310401136e-01 2.725452563302506181e-01 4.672072795549028212e-01 2.904905985217572373e-01 3.892961786555351189e-01 4.283257323675453976e-01 5.539384647338585488e-01 1.311520266098364640e-01 3.412534226062046150e-01 9.855387809566007462e-02 2.350686037113552118e-01 2.408723337086661753e-01 4.361785376899393052e-01 9.291318118608193899e-02
3.263161869658566250e-01 7.671944964334221906e-01 2.533673910472732382e-01 5.486329407753416376e-01 4.486756171881182698e-01 6.965344797887821349e-01 6.874708844891672666e-01 1.663343204267881403e-01 4.704524310800754505e-01 1.736846526967834314e-01 4.984545584801665652e-01 3.405439117266673144e-01 5.520506635407687046e-01 2.121763118147430571e-01 1.860828178908454922e-01 2.895604449909081612e-01 3.309317169724388941e-01 0.000000000000000000e+00 3.991659916470828295e-01 2.177109143483017539e-01 3.221707996231407689e-01 5.887347766925175030e-01 6.258672397983048308e-01 3.066324368801758848e-01 1.812219517308848171e-01 3.987786127928262259e-01 1.505186822075857966e-01 4.907713891937717232e-01 4.555160643146223265e-01 4.649939226843034512e-01 1.218452377130167796e-01 2.835270365057193098e-01 5.733578213425384318e-01 2.146238217007284121e-01 2.282194609688704412e-01 3.355661435846680751e-01 4.361853161251881272e-01 4.894142228208957501e-01 4.748183909003840242e-01 1.045120622741917554e-01 2.133960866295149250e-01 1.081133936234936477e-01 2.496813954990003415e-01 3.137127783277655624e-01 6.270179464704128680e-01 3.543593094257500575e-01 4.844347583100542254e-01 1.161954180302629536e-01 2.145654835095824609e-01 2.919306716114973832e-01
1.660602609238835958e-01 4.616566373865656492e-01 6.428561748520927877e-01 6.519454938270913269e-01 5.812721708923367370e-01 4.430473597943177522e-01 3.099489206720275614e-01 3.568080820705488709e-01 1.649145720332190201e-01 3.897996414477663540e-01 3.447131989407357100e-01 4.748817475782508568e-01 1.836910095389810982e-01 5.620889198288262500e-01 5.406686933664651695e-01 3.910711553136160257e-01 1.965176879413850219e-01 3.991659916470828295e-01 0.000000000000000000e+00 1.821981417859244168e-01 3.279667137428439183e-01 3.196019407670598333e-01 3.182112381583208083e-01 3.551001607613014643e-01 5.537944386890528703e-01 5.020911658445759151e-01 2.752081428853592748e-01 2.337741677452188915e-01 1.317515043513471096e-01 1.688935696988347612e-01 5.122639871614804719e-01 4.587733839803758151e-01 2.136628569227697061e-01 5.524816677310727675e-01 4.413649723740463715e-01 4.851015141091131744e-01 2.294506388146889120e-01 1.058512195626530039e-01 5.690403277566008500e-01 4.416582520101190457e-01 3.520731084538827327e-01 4.621314223388218179e-01 6.035448832692910104e-01 1.024649938217789963e-01 3.735308264759485963e-01 1.106094715019501490e-01 2.541713183850674573e-01 2.853497425179426505e-01 5.919824404269590223e-01 2.894308691274669054e-01
1.718246645599991185e-01 5.583448966620828680e-01 4.614010975533117120e-01 5.899490205184355629e-01 4.806454766587329175e-01 5.390967594771711724e-01 4.821410190777355997e-01 1.746099402846245097e-01 2.616028313087361834e-01 2.775876366898161751e-01 3.513918799357083067e-01 3.990745068836895060e-01 3.558831079446890810e-01 3.982434162599641225e-01 3.623384260914914168e-01 2.892534179821372176e-01 1.629386589219424530e-01 2.177109143483017539e-01 1.821981417859244168e-01 0.000000000000000000e+00 2.538117979204836949e-01 4.312970563809065405e-01 4.172404114015257903e-01 2.893757643909255495e-01 3.800682820094544723e-01 4.400946925359202622e-01 1.463310795192800662e-01 3.134438276960335168e-01 2.742460613593904473e-01 2.899114636122971378e-01 3.300658453755561661e-01 3.913156260556875377e-01 3.848850129610986714e-01 3.978955626499189879e-01 2.990043128537779871e-01 3.728895093511630510e-01 2.942436217575579160e-01 2.724463729597373929e-01 5.075366020667798628e-01 2.594601102241946289e-01 2.398611036959326648e-01 2.920553276279924115e-01 4.357484999442214901e-01 1.019498741287719890e-01 4.695802261588020166e-01 1.466601601757977213e-01 3.269970379984431519e-01 1.038946652191615749e-01 4.097842986410347166e-01 1.460597980637708404e-01
1.619064528189603225e-01 6.161863723753894240e-01 4.341414912622306166e-01 3.865882487437862225e-01 4.572970590648114952e-01 4.302577526541685460e-01 4.780029919889967061e-01 1.633851324936103078e-01 3.300192134309390402e-01 2.989858916118804943e-01 2.159672653629554628e-01 1.827642404193491887e-01 3.388412917629283760e-01 4.163882918493890806e-01 2.357808563943061819e-01 2.852912240970018054e-01 1.908678978630209688e-01 3.221707996231407689e-01 3.279667137428439183e-01 2.538117979204836949e-01 0.000000000000000000e+00 3.224580495579039141e-01 4.694099677907506152e-01 1.514914327655277060e-01 4.604313114421634823e-01 2.457056368997578844e-01 2.554080627312219631e-01 2.405020928263533753e-01 2.862119396491439316e-01 2.192029815701734830e-01 3.476199155015803899e-01 2.197359197902327144e-01 3.638899288423678713e-01 3.442516391400370357e-01 1.206654013593373154e-01 3.531832518284846456e-01 1.170147120610269958e-01 3.196582296191504691e-01 2.924440755508586065e-01 2.315519842619260527e-01 2.854365189504290967e-01 3.762350318488674183e-01 4.469273193621392526e-01 2.865672869717340032e-01 3.607412193357993901e-01 2.832311384410644006e-01 2.181580311754405255e-01 2.585561380028423839e-01 3.384275832013977636e-01 1.108614720730775605e-01
2.658942583947777605e-01 5.755436713015280592e-01 7.549308293257039892e-01 6.762080115878562614e-01 6.839498877523968456e-01 1.644628907756672254e-01 4.525618981112509709e-01 4.615731188612589020e-01 2.905158904451017876e-01 5.256387202994656782e-01 1.613539953539954164e-01 4.984414101309742051e-01 2.911285640510342110e-01 6.947354277569494085e-01 5.565701944577793325e-01 5.065620494738409807e-01 3.053520579763968068e-01 5.887347766925175030e-01 3.196019407670598333e-01 4.312970563809065405e-01 3.224580495579039141e-01 0.000000000000000000e+00 4.266208347731073047e-01 3.887430487541883029e-01 7.173445083385845411e-01 5.278475711539731829e-01 4.382160944849319284e-01 1.537934577481402942e-01 2.916679766830794218e-01 1.521489404086106556e-01 6.684092535650535405e-01 4.845297892897734160e-01 3.384488349646220251e-01 6.501280390480028704e-01 4.414547394228105492e-01 5.798360805160699405e-01 2.054433374968768766e-01 2.689220907768624103e-01 5.925999903093238652e-01 5.510098382608502599e-01 4.808914082715693983e-01 6.212295677616295198e-01 7.402151853493413869e-01 3.492038003484322362e-01 9.861631945192747550e-02 3.286688727816362565e-01 1.043000183824633192e-01 4.973379424330685028e-01 6.592169212648708587e-01 3.359588479338009859e-01
4.346559020016729225e-01 1.562849595173002037e-01 8.465954582090783331e-01 8.476046965525064758e-01 8.597221713332791060e-01 5.583632139618246448e-01 5.779151915875575529e-01 5.139832072757326564e-01 1.575347199363180961e-01 6.662299982172313895e-01 4.130235854178244681e-01 6.521742082100996374e-01 4.034046461437965636e-01 8.154838276614896353e-01 6.702975053466232458e-01 6.748301017556046499e-01 3.369297666150265491e-01 6.258672397983048308e-01 3.182112381583208083e-01 4.172404114015257903e-01 4.694099677907506152e-01 4.266208347731073047e-01 0.000000000000000000e+00 5.779838632807684506e-01 7.973086934109800961e-01 7.007294657164684359e-01 5.471787400206604701e-01 2.785175390738345857e-01 4.345903541445400586e-01 2.949928411646764448e-01 7.115967639375148091e-01 6.636882187123764876e-01 4.638021284409286626e-01 7.915244208074739829e-01 5.812174719061751205e-01 7.556083640969522008e-01 4.026541044780957423e-01 3.369572144876514797e-01 7.618540433416091107e-01 6.223789472225744746e-01 6.285034652233477681e-01 7.092957390295180353e-01 8.529889113457470584e-01 3.628158353551855786e-01 4.888466806434556000e-01 2.736727268058976592e-01 3.873487900173651077e-01 5.137647096343361808e-01 7.629151947569912107e-01 4.166734026987752304e-01
1.910233735673241284e-01 7.277941593457593061e-01 3.736709070762476714e-01 3.131984394125409965e-01 3.206607464838588939e-01 4.965427518504529347e-01 5.293273451689967102e-01 2.193352067024938457e-01 4.391006681336910855e-01 1.561027216766890380e-01 3.297662124978810172e-01 1.623409387670109727e-01 3.939071242205980927e-01 3.083973670492662911e-01 2.387997432051420788e-01 1.614588292500020450e-01 3.223148197002717597e-01 3.066324368801758848e-01 3.551001607613014643e-01 2.893757643909255495e-01 1.514914327655277060e-01 3.887430487541883029e-01 5.779838632807684506e-01 0.000000000000000000e+00 3.448512824206213523e-01 1.633441114300256403e-01 1.669696468408745915e-01 3.641235660593771239e-01 3.375362928291439912e-01 2.829910221160919503e-01 3.515753983649808623e-01 1.163149712053666990e-01 4.152142820223678754e-01 2.613849902938145675e-01 1.437857002049592881e-01 2.138132141125295149e-01 2.262661418668537039e-01 3.807114551801586422e-01 2.449352747186681334e-01 2.603122707659281110e-01 1.840405514263938613e-01 2.439579011648199125e-01 3.526681578120498539e-01 2.915568981085198130e-01 4.270262185320838344e-01 3.910998339744912733e-01 2.844430303717249697e-01 2.575976369152069290e-01 3.001927513613786291e-01 2.387301289975254093e-01
4.549259186119235521e-01 9.384131786715375068e-01 1.467747693611246851e-01 5.455658143352311029e-01 5.176164383976076255e-01 8.251442114348490620e-01 8.164631166569362719e-01 3.153413853163469227e-01 6.416711133181907112e-01 2.380219887645264321e-01 6.476642781107208036e-01 3.828602041328463268e-01 6.810428957085377100e-01 1.523716880174024180e-01 2.461836457612708584e-01 3.969229700799998262e-01 4.865213101132742635e-01 1.812219517308848171e-01 5.537944386890528703e-01 3.800682820094544723e-01 4.604313114421634823e-01 7.173445083385845411e-01 7.973086934109800961e-01 3.448512824206213523e-01 0.000000000000000000e+00 4.034920062891726444e-01 2.900182461364010922e-01 6.463609823346071481e-01 5.845082964823913318e-01 5.939861548520725121e-01 1.228855195716602178e-01 2.718893907085582762e-01 7.023500535103075482e-01 1.858209891398638625e-01 3.424566945865369361e-01 4.062538975036501521e-01 5.627942867372406344e-01 6.311412488106636909e-01 4.913390865975029720e-01 2.352010896243100502e-01 3.192470530784011773e-01 1.028972716545606125e-01 1.115756466064813657e-01 4.676457294258271613e-01 7.556276781164799061e-01 5.267284421852522769e-01 6.130444899561212635e-01 2.867826471640324004e-01 1.648187597708736241e-01 4.411403912420513995e-01
3.364815883175377720e-01 8.475058703011072447e-01 4.218886980869409054e-01 1.514680003698461452e-01 4.562006389692493946e-01 6.356472742502380369e-01 6.689046267207976459e-01 3.081607374226884577e-01 5.613387113566568054e-01 2.500155371887932687e-01 4.374642371905749783e-01 1.460100990035960444e-01 5.334844057723988620e-01 3.612658556600185644e-01 2.656297982530534396e-01 2.969987217353926012e-01 4.204688409038020436e-01 3.987786127928262259e-01 5.020911658445759151e-01 4.400946925359202622e-01 2.457056368997578844e-01 5.278475711539731829e-01 7.007294657164684359e-01 1.633441114300256403e-01 4.034920062891726444e-01 0.000000000000000000e+00 3.165259721878002086e-01 4.718215907520711405e-01 4.771135743809448715e-01 4.220955445158769415e-01 3.869076122966148557e-01 1.316026155806143128e-01 5.547915635741687002e-01 3.115778206036907694e-01 2.289732978704543953e-01 3.493531065979200712e-01 3.366050296716332491e-01 5.198159775799436888e-01 1.047473666430392553e-01 3.475372391863326693e-01 3.134029158400753468e-01 3.093179662058427870e-01 4.032124443072805930e-01 4.422758262535145257e-01 5.661307409318687700e-01 5.145506363667823324e-01 4.235475527715100164e-01 4.033317429319205338e-01 3.428392372220920858e-01 3.275556597177199936e-01
1.757975047582708006e-01 6.882832252812176588e-01 3.844858457802546869e-01 4.663803001703156204e-01 3.455990397819632132e-01 5.460157975811965603e-01 5.373347028032836592e-01 1.951776461409557850e-01 3.915411599278709742e-01 1.425411998130465818e-01 4.015528489150969604e-01 3.035565550150515768e-01 4.019144818548849307e-01 2.953750295264297443e-01 3.225701731418409990e-01 1.542069811053675410e-01 3.013391401015527160e-01 1.505186822075857966e-01 2.752081428853592748e-01 1.463310795192800662e-01 2.554080627312219631e-01 4.382160944849319284e-01 5.471787400206604701e-01 1.669696468408745915e-01 2.900182461364010922e-01 3.165259721878002086e-01 0.000000000000000000e+00 4.177915606263687964e-01 3.053798826287384971e-01 3.148577409984197328e-01 2.706922512391931601e-01 2.562691891789179444e-01 4.232216396566548244e-01 2.857677774286764283e-01 2.805414454991747020e-01 2.378430724743935409e-01 2.863347804271370589e-01 3.520128349570109116e-01 3.934932482236492834e-01 2.193232915934997806e-01 1.048146668191630021e-01 1.971169444237740875e-01 3.368309929668944491e-01 1.890382352517326059e-01 4.764992642628274044e-01 2.804753468244425840e-01 3.339160761024685398e-01 1.041829045232978285e-01 3.371097565350217873e-01 2.923908775830508788e-01
2.454697245362146285e-01 4.274403756022555068e-01 6.695212059515771585e-01 6.186968215881089028e-01 6.633986249230331422e-01 2.887266823623394485e-01 4.301408001049640273e-01 3.414972301921299636e-01 1.424125947458292074e-01 5.050874574701019748e-01 1.420574765085550473e-01 4.232663332457026195e-01 2.572383356411534483e-01 6.517680065387357891e-01 4.711605710836526129e-01 4.861375156152779042e-01 1.640313038376198795e-01 4.907713891937717232e-01 2.337741677452188915e-01 3.134438276960335168e-01 2.405020928263533753e-01 1.537934577481402942e-01 2.785175390738345857e-01 3.641235660593771239e-01 6.463609823346071481e-01 4.718215907520711405e-01 4.177915606263687964e-01 0.000000000000000000e+00 2.712434428245163454e-01 1.299532409812076683e-01 5.546046104875352878e-01 4.347803437479792477e-01 3.160277369583351370e-01 5.796313538293835776e-01 3.560451160486838296e-01 5.592848176867061261e-01 1.737462295136984192e-01 2.153600583736973439e-01 5.329461683772119818e-01 4.484529956486130731e-01 4.604668744130063773e-01 5.881654045888782267e-01 6.823070340514859611e-01 2.784882381695315545e-01 2.192101490439703482e-01 1.748754150334959623e-01 1.277948992613319734e-01 4.037766191770737478e-01 5.727760885771202570e-01 2.179274989249503358e-01
1.565471533944123583e-01 5.851994134744362697e-01 6.789758961262449821e-01 6.269679023634600057e-01 5.939644246691667684e-01 3.994676797793440537e-01 2.445098091003183316e-01 4.413652513296243418e-01 2.930923771652410581e-01 4.158150378436752947e-01 2.819749001659610510e-01 4.499041561146200352e-01 1.409949862959047062e-01 5.898650798724199840e-01 5.203240845490194610e-01 4.037634090904461681e-01 2.941777020610081839e-01 4.555160643146223265e-01 1.317515043513471096e-01 2.742460613593904473e-01 2.862119396491439316e-01 2.916679766830794218e-01 4.345903541445400586e-01 3.375362928291439912e-01 5.845082964823913318e-01 4.771135743809448715e-01 3.053798826287384971e-01 2.712434428245163454e-01 0.000000000000000000e+00 1.431193579026852902e-01 5.707874860525611327e-01 4.337957925167450490e-01 1.344028412422239860e-01 5.780031176266799964e-01 4.052086295140506778e-01 4.943676036399000662e-01 1.779308660797092045e-01 1.294108555190673082e-01 5.440627362929695288e-01 5.147637283520903884e-01 3.701262489549362877e-01 4.916069947697644382e-01 6.313210433128848553e-01 1.722961872306184861e-01 3.299511464609748979e-01 2.263359022383177876e-01 1.873679583006160887e-01 3.556113775430950752e-01 6.226472022888511759e-01 3.205656112414664305e-01
1.396630608369963666e-01 4.448031372296673003e-01 6.516757613379734471e-01 5.715602273357059948e-01 5.647293301686028277e-01 2.741537900954829077e-01 3.004129577026403153e-01 3.743562932506537821e-01 1.561096460175990797e-01 4.064181627156716048e-01 1.853320419929904983e-01 3.937936258788239385e-01 1.389796236424235554e-01 5.755148701731552796e-01 4.533151264700490124e-01 3.860357712652476847e-01 2.489652491629439635e-01 4.649939226843034512e-01 1.688935696988347612e-01 2.899114636122971378e-01 2.192029815701734830e-01 1.521489404086106556e-01 2.949928411646764448e-01 2.829910221160919503e-01 5.939861548520725121e-01 4.220955445158769415e-01 3.148577409984197328e-01 1.299532409812076683e-01 1.431193579026852902e-01 0.000000000000000000e+00 5.651541855773232204e-01 3.787777626516769525e-01 1.862998945560114250e-01 5.393484227578954071e-01 3.381996714350801181e-01 4.606155229322758116e-01 1.104213774007851423e-01 1.167731503682517824e-01 4.879522060571737097e-01 4.477547702731199397e-01 3.585905845091836297e-01 5.010848531394456185e-01 6.209946277655474800e-01 2.039052757325751919e-01 2.046372567771137796e-01 1.984213141970297134e-01 9.680947414032961551e-02 3.650892359127762554e-01 5.559618532771404276e-01 2.535566531624959263e-01
4.412051081820932974e-01 8.529240205726320578e-01 1.405875432867403629e-01 5.200841523621855256e-01 5.211642173562345270e-01 7.762089566613180613e-01 8.027423062271059617e-01 2.213166021063868727e-01 5.561819552192854843e-01 2.398228350136606957e-01 5.536394949007605870e-01 3.214721126465365231e-01 6.673220852787076218e-01 1.957190976705233676e-01 1.343093236178836969e-01 4.017057247604333137e-01 3.947649382662023476e-01 1.218452377130167796e-01 5.122639871614804719e-01 3.300658453755561661e-01 3.476199155015803899e-01 6.684092535650535405e-01 7.115967639375148091e-01 3.515753983649808623e-01 1.228855195716602178e-01 3.869076122966148557e-01 2.706922512391931601e-01 5.546046104875352878e-01 5.707874860525611327e-01 5.651541855773232204e-01 0.000000000000000000e+00 2.568542982414031006e-01 6.886292430804774600e-01 1.801955007996549063e-01 2.340000480801078808e-01 4.080547437527843879e-01 4.629659160681766639e-01 6.025122183352933369e-01 4.561602901940322585e-01 1.208407158946319115e-01 3.165650589214268895e-01 1.126613123842268860e-01 1.652499997930275966e-01 4.320157195043281551e-01 7.066924233429487945e-01 4.611289819029972259e-01 5.641092351825900408e-01 2.328695044963367822e-01 9.690268847794250573e-02 3.471156080320913495e-01
2.931638064533378385e-01 8.104646232970152964e-01 2.918353840317290948e-01 2.736764236266726602e-01 3.871244833233962179e-01 5.923294923860380479e-01 6.255868448565976569e-01 2.821910203131633432e-01 5.242974643525648570e-01 1.453942756260488134e-01 4.004229901864830299e-01 1.164050791377830296e-01 4.901666239081990950e-01 2.296632400794042517e-01 1.355764841978416568e-01 2.367419387265103370e-01 3.929715973888738834e-01 2.835270365057193098e-01 4.587733839803758151e-01 3.913156260556875377e-01 2.197359197902327144e-01 4.845297892897734160e-01 6.636882187123764876e-01 1.163149712053666990e-01 2.718893907085582762e-01 1.316026155806143128e-01 2.562691891789179444e-01 4.347803437479792477e-01 4.337957925167450490e-01 3.787777626516769525e-01 2.568542982414031006e-01 0.000000000000000000e+00 5.114737817099688222e-01 1.803266612084310772e-01 1.674249672278993462e-01 2.772453167832660825e-01 2.995637826675412452e-01 4.764981957157436443e-01 2.221655485096694915e-01 2.391255047544699197e-01 2.266842643849472649e-01 1.777153506252285020e-01 2.716098287266662803e-01 3.973496691647360746e-01 5.228129590676688920e-01 4.775093893626903840e-01 3.802297709073100274e-01 3.491674510597053138e-01 2.127859231668804696e-01 3.015859426081948236e-01
