0.000000000000000000e+00 3.135934613293811069e+01 2.098976998020740581e+01 2.092224382496213408e+01 1.633742118514025776e+01 1.762296747287365051e+01 2.271866196356403123e+01 2.243437105376049701e+01 1.216631058591909387e+01 1.215416964788255960e+01 1.211432121642242521e+01 2.095971379465802897e+01 1.315139613160736332e+01 2.578534312407644080e+01 1.286550358503207825e+01 9.051767331021581597e+00 1.402032561865386207e+01 2.292919677160258374e+01 2.568143131108543642e+01 1.765409636654448278e+01 7.867773637341604065e+00 2.056457490968056945e+01 7.165810940552765018e+00 2.901251325930724434e+01 6.882392727820964673e+00 6.685723690708801570e+00 1.368335465676724105e+01 1.757102013808662022e+01 1.963430074482771559e+01 2.594289861130674524e+01 1.519866640521627232e+01 1.632549921549152572e+01 1.058847991525706611e+01 6.416271278023295999e+00 1.605387593200268270e+01 1.572098870138555604e+01 1.215625579179325833e+01 2.386375667968518854e+01 2.074295750528667170e+01 2.576483165782527607e+01 1.743163304266517599e+01 1.920079450885929973e+01 1.779663562733412974e+01 1.757896567165176904e+01 2.439370778590585331e+01 2.163924384218165997e+01 2.735078446708106981e+01 1.142527241464717491e+01 4.769124334643789709e+00 4.615041092065583328e+00 1.664627189727261225e+01 1.759921305235158684e+01 2.588616462805570606e+01 1.355515195325179079e+01 2.492361768898456020e+01 1.591046519434483031e+01 7.549084346238763565e+00 1.071529175839146575e+01 1.951016672628398041e+01 1.860110842183468094e+01 1.304534652863556055e+01 1.859421257924304172e+01 1.356868695712562278e+01 1.133029538139778580e+01 4.833590403081097442e+00 1.484042784052976494e+01 2.944916354925875268e+01 8.422650788475625205e+00 2.152701174903921100e+01 2.381263041646144529e+01 8.929881573844642872e+00 2.852450073378774675e+01 1.474034571297391238e+01 1.039927855968110748e+01 2.186171913873000605e+01 2.151460859318270735e+01 4.278103042242980436e+00 2.124089429661385608e+01 4.026253137073519284e+00 8.314614858812147347e+00 1.466236615597420823e+01 1.408103155175783527e+01 2.839529362394073075e+01 1.716210965235273989e+01 1.747840093479760526e+01 9.711110314218544204e+00 2.392681791266923952e+01 2.217665920434192728e+01 1.563066129188823439e+01 2.097944314692273338e+01 1.777816572273869866e+01 1.784303089217167226e+01 1.066317442884126265e+01 8.530129905645873478e+00 1.666110667024253189e+01 1.894331353269079088e+01 1.898676423861780549e+01 1.897771232119754714e+01 1.269730044110250766e+01 2.620856785554712332e+01
3.135934613293811069e+01 0.000000000000000000e+00 3.045737492720824591e+01 2.087262273852440231e+01 1.933209758586604110e+01 1.572740982812010202e+01 1.325116974011716309e+01 1.245110908442463860e+01 3.150026403935175878e+01 2.721481972754353507e+01 3.070474994631458898e+01 1.104186150730585858e+01 1.966314427379965224e+01 1.103598801465549961e+01 2.339284689984291532e+01 2.263621140507454044e+01 2.391687496948370395e+01 8.829568272902537984e+00 7.854707533457072621e+00 1.646502565074126068e+01 3.390923295224065726e+01 1.879774357685595376e+01 3.334136851448668182e+01 7.338827789734834184e+00 2.722937001930858614e+01 2.571492162201570508e+01 2.554485668651356534e+01 1.528995278232398469e+01 1.371396821533206634e+01 6.500435689586115728e+00 1.633206459981854763e+01 2.486865883941669964e+01 2.196006193647739124e+01 2.782069456448297728e+01 2.303982718824966724e+01 2.983745871858430476e+01 2.106578558973706450e+01 1.690555349840829535e+01 1.126005775830823907e+01 5.808256813144215158e+00 1.497523907749147121e+01 2.658245996759356800e+01 1.876728006360208667e+01 1.815809734775175244e+01 1.338425547722321873e+01 1.148937998805319083e+01 5.025071933470522723e+00 2.711099959722015385e+01 3.496111110204691386e+01 2.704953455128657680e+01 2.183949067069838890e+01 2.934347643916688497e+01 6.461439637270795622e+00 1.872162957022424479e+01 9.246367190819185566e+00 2.250469187743657784e+01 2.521238788935367836e+01 2.725822360307630632e+01 1.717830799539710185e+01 2.310819086280214307e+01 1.899776035598300084e+01 1.444361671849556217e+01 1.823763902005979531e+01 2.242510237916683735e+01 2.965757618025157782e+01 2.701217942670223238e+01 5.039822077585426996e+00 3.142069446432625668e+01 1.229913133056559360e+01 8.411197943293005963e+00 2.361980790274522590e+01 4.173615994290399200e+00 1.692466831892641466e+01 2.685068145163496212e+01 1.753901740199475157e+01 1.083299567214379344e+01 3.064419762486602394e+01 1.282389902059241216e+01 2.863035550338391033e+01 3.015004744099043776e+01 1.955123775386047669e+01 2.874781085142242532e+01 9.622605205725045963e+00 2.722291127406422717e+01 1.461666659751748654e+01 2.197724810123771988e+01 8.082272074970498821e+00 1.357804567471034218e+01 1.974537430703088603e+01 1.595647926021313090e+01 2.758243455728889870e+01 1.458381780275963457e+01 2.305095080272749897e+01 2.312288074366812651e+01 1.703670334247753715e+01 1.241603260024732514e+01 2.145528890038585956e+01 1.289562404075372726e+01 2.370919732817870695e+01 1.030463061719373208e+01
2.098976998020740581e+01 3.045737492720824591e+01 0.000000000000000000e+00 2.814739266530456163e+01 2.635683788497448532e+01 1.582915803210146954e+01 3.565391919016350641e+01 2.232189406585844083e+01 1.275481288457943307e+01 2.213418469411778489e+01 1.154340460027443882e+01 2.580611306283170947e+01 1.283242445746240712e+01 2.747668754107423794e+01 2.866764580162197262e+01 1.721530177376160609e+01 8.566577447469947870e+00 3.247567570946930005e+01 2.262669808443524389e+01 2.059805277092709730e+01 1.918851794047418480e+01 3.417821360625191573e+01 1.757881223420681138e+01 3.354731393593689859e+01 2.204712127568005187e+01 1.430404628949859891e+01 7.804604235194761763e+00 2.926422177009590797e+01 1.689197696681100069e+01 2.595736529153826311e+01 2.035487935687717709e+01 2.853611907865671782e+01 2.397383786016202123e+01 1.514929905724514825e+01 2.400679567616520060e+01 6.913491519247796369e+00 1.844348692797385780e+01 2.873424118514585146e+01 2.170134708624310349e+01 2.697518644843839297e+01 2.554893414857046352e+01 5.309858312450501217e+00 1.173474688981162295e+01 3.206566628718130829e+01 3.211001369724541377e+01 2.262964066200390789e+01 3.461566082489192553e+01 2.384306138479359305e+01 2.041516981726135072e+01 2.023556570590515591e+01 2.955818068489691086e+01 4.618536432892059729e+00 3.049216589820188261e+01 1.594094258980000234e+01 3.627022546851118534e+01 8.472365749859093853e+00 1.788677627516845803e+01 1.102799011607250357e+01 2.507240786515910713e+01 2.603903450228119709e+01 2.195184072636855888e+01 1.825876164385470091e+01 2.711179023083298034e+01 1.290577570433702981e+01 1.687553064996620478e+01 2.629365886062310054e+01 3.019428587897278149e+01 1.567847361846365573e+01 1.822930186487886672e+01 2.212499561509035573e+01 2.485083294151187161e+01 2.628375893291784848e+01 1.656896393472300488e+01 1.135533875147363503e+01 2.992928349676634525e+01 2.906357122527417047e+01 1.833154876254972265e+01 3.281929705318048462e+01 1.947830467412798683e+01 1.389695851980562402e+01 1.280411458208574516e+01 7.979389991610982058e+00 3.112221060172429787e+01 4.484582253343664782e+00 1.907671478346216887e+01 1.489293196644990935e+01 2.360228344598043648e+01 2.494690257466169214e+01 2.226398537046830128e+01 3.469688203456401965e+01 3.533020720065222164e+00 2.386425836577713966e+01 1.141846390612091611e+01 2.073077490668665135e+01 1.388137557924195420e+01 2.866245399701650598e+01 3.046142955612253900e+01 2.238305560868921162e+01 2.078173010962755995e+01 3.496217722262804983e+01
2.092224382496213408e+01 2.087262273852440231e+01 2.814739266530456163e+01 0.000000000000000000e+00 1.951997602991906433e+01 2.193274575208863553e+01 1.263085695779658479e+01 1.601094952012400086e+01 3.012559990507633501e+01 1.222215694369469752e+01 2.306839101514441737e+01 2.667194484046818914e+01 1.534214093076441365e+01 1.020241666641124745e+01 9.915247909030140860e+00 2.077451654554549876e+01 2.448651485924027327e+01 2.047981836065608618e+01 1.995062883334434645e+01 8.339892975584747958e+00 2.813844851995629170e+01 7.851006765748817173e+00 2.347258546979359650e+01 1.463948151249618235e+01 1.468378708526024745e+01 1.654226041228336896e+01 2.138765245778548874e+01 1.672371850512440616e+01 1.609645794671652297e+01 1.498711984676939046e+01 2.378994484060937964e+01 6.259421508087010366e+00 1.580713302966668543e+01 2.429192327401419504e+01 6.978242685242830312e+00 2.921920471133737962e+01 1.005148642797377789e+01 6.015542776822542237e+00 2.565667645645810779e+01 2.539387024483482946e+01 2.115043951947805212e+01 2.578820784703680857e+01 1.934922096843664718e+01 1.162774697434092808e+01 8.611494693933737565e+00 1.101757108852654454e+01 1.957126436124534408e+01 9.622014103217706449e+00 2.451605212517118204e+01 1.886347956310397933e+01 5.929422839712346516e+00 2.565729678496554911e+01 2.448488432877964627e+01 2.430797730419507729e+01 1.611997798045738861e+01 2.066914595083776263e+01 1.363081606789117117e+01 2.774159330926248757e+01 4.280717709593861109e+00 5.186809767947336169e+00 1.952021658598125597e+01 1.379674956424458543e+01 1.534711973328979084e+01 2.517864632158770988e+01 1.954091401067493905e+01 9.172899000501669065e+00 1.639165501916153644e+01 2.723269378903769677e+01 1.996565162766534485e+01 1.606243512472291357e+01 1.315750100958695157e+01 1.917192549086351150e+01 1.175074795939039163e+01 1.985279720081999599e+01 4.102504648908446683e+00 2.333787014422396311e+01 2.404929950286665985e+01 1.587583273033389375e+01 1.725064282437475427e+01 2.124396997976119295e+01 2.258040087335603729e+01 2.328674099854584156e+01 1.210395059200269863e+01 2.642865915350745354e+01 2.642867063166528752e+01 1.356440878029235009e+01 2.399093063050404595e+01 7.387396134399265790e+00 6.101701166933506393e+00 9.158516622332975032e+00 2.499092652915309287e+01 2.384520718955664620e+01 1.729505011015449867e+01 1.736061269409638186e+01 1.581006772063034127e+01 1.994606750053004518e+01 3.520330011286946448e+00 2.701559852860316369e+01 9.076227272528768708e+00 1.226681004595611668e+01
1.633742118514025776e+01 1.933209758586604110e+01 2.635683788497448532e+01 1.951997602991906433e+01 0.000000000000000000e+00 1.626899424005651795e+01 1.301061248761616440e+01 2.810333871948570561e+01 2.058556525428876327e+01 1.891571522950887640e+01 2.662753066719448825e+01 1.111731222259586715e+01 2.401254237000494385e+01 2.176611431555499721e+01 9.825429756616026467e+00 9.711674911436240620e+00 1.779026043750453212e+01 1.111479412312712434e+01 2.144283782670251171e+01 2.658165774979024931e+01 2.107464874486463557e+01 1.443453034668845625e+01 2.332369909288732757e+01 1.826523330233202813e+01 1.254911275825701189e+01 2.016529102066518320e+01 2.672566594328322154e+01 6.737502561689582059e+00 2.256029794072732386e+01 2.497748583471278394e+01 9.121900077857745259e+00 1.689697024679531268e+01 6.288203306644994051e+00 1.561719593440142795e+01 2.128370670463653624e+01 2.239964904160031267e+01 2.202330727331672122e+01 1.990491007385015010e+01 1.462934089245357505e+01 1.645455135510660583e+01 5.795515540399272858e+00 2.307320595144148356e+01 1.897597750335203770e+01 9.715391703241550658e+00 1.660863782409475320e+01 2.633552787841057352e+01 1.570824660321695099e+01 1.401714342775566458e+01 2.055081539407465741e+01 1.185621048202962768e+01 1.396584937602520426e+01 2.851051513258828507e+01 1.396911012844459776e+01 1.205708799665443109e+01 1.402754179594685269e+01 2.205188434168269040e+01 1.685285738617911733e+01 1.765544364088574625e+01 2.230528518706412200e+01 2.175977199256581684e+01 4.555737519772713462e+00 2.612327763398576863e+01 4.329347107592544930e+00 1.354899555252749721e+01 2.000463956362041529e+01 1.716230903186551160e+01 2.161693468564145348e+01 1.881656408606600550e+01 1.994659575431674625e+01 2.493037037519991372e+01 9.012519516967689270e+00 2.255750161461750380e+01 2.515674226822237358e+01 2.403409393983486808e+01 1.746667249507808961e+01 9.597554093571599054e+00 1.712934021433076026e+01 1.040927154843931390e+01 1.546541212816888411e+01 2.361024104729412798e+01 1.519265650390157063e+01 2.806136214872845258e+01 1.984509934906592932e+01 2.219712818610916472e+01 1.325513549780036371e+01 2.054707648037069134e+01 1.755719752789723387e+01 2.282098676348611832e+01 2.429123106139146770e+01 1.340607635093058470e+01 2.496491691610201258e+01 8.186654464711072166e+00 2.303029179950503291e+01 7.941142804437529179e+00 2.145142627218764630e+01 6.916064985618709748e+00 1.717593502064881150e+01 1.126374380980976575e+01 2.197155638034205793e+01 1.644948998831995723e+01
1.762296747287365051e+01 1.572740982812010202e+01 1.582915803210146954e+01 2.193274575208863553e+01 1.626899424005651795e+01 0.000000000000000000e+00 2.542006748919497028e+01 1.250130635994898043e+01 1.577285421123165499e+01 2.074333061980973625e+01 1.965068303605758260e+01 1.073198717524939738e+01 1.037154039673369610e+01 1.871294949459565515e+01 1.945748171619901612e+01 8.992888990570349961e+00 8.491235782636904261e+00 1.871790361997562968e+01 8.058463838211789465e+00 1.367608144614301047e+01 1.875954484733084726e+01 2.642408559237687626e+01 2.391315619385375513e+01 2.167820568579312734e+01 1.738643142925628027e+01 1.696404197847772721e+01 1.356231044809037911e+01 1.877005460057370811e+01 6.465448823936272404e+00 1.409179150887524834e+01 7.935772922569681143e+00 2.480178162605281500e+01 1.435740724752065134e+01 1.247136105445287235e+01 1.969738298900776741e+01 1.435841602383127835e+01 1.516247848221577854e+01 2.100073526907546295e+01 5.872189054141636610e+00 1.121739049790786247e+01 1.365615123504197648e+01 1.200621700319034879e+01 5.156554198833082303e+00 2.218595767478585401e+01 2.386249061550958572e+01 1.384252996697657956e+01 1.918531367628643380e+01 2.107966861852038321e+01 2.044165627887304026e+01 1.368460410273369376e+01 2.393314764737930744e+01 1.700023507910414367e+01 1.483408407090515091e+01 4.589529208036398522e+00 2.329904820285511491e+01 9.528668108225051725e+00 1.756190466593784905e+01 1.153081377495621140e+01 1.834521563022564905e+01 2.060568851862942452e+01 1.174549054099956891e+01 1.022018683290720809e+01 1.690544004546399393e+01 6.876106907742565610e+00 2.122695296404420162e+01 2.319797845827995175e+01 1.763921150513237279e+01 1.597666552655492467e+01 4.252975113527265094e+00 1.003032951530316730e+01 1.593944611111651533e+01 1.205564453394398150e+01 1.096638249602926152e+01 1.641512547136817091e+01 2.319998670349995606e+01 1.522596403079837302e+01 1.568007044893080248e+01 2.216024961312296071e+01 1.852316017347516564e+01 2.032255323897803478e+01 3.859498412394599676e+00 1.716357416698116367e+01 2.144126605147970821e+01 1.259469437895744370e+01 4.495924879576656430e+00 1.394114441017402939e+01 7.844487495449904202e+00 1.715972921788284467e+01 1.625539642241836802e+01 2.587664232247489338e+01 1.443723706322899325e+01 1.091613608390629153e+01 1.293297315043771256e+01 1.156305735156144188e+01 6.989092285681811845e+00 1.699185985531816101e+01 2.427101451639422436e+01 7.987884251195040974e+00 1.852978884824920414e+01 2.471157961987405116e+01
2.271866196356403123e+01 1.325116974011716309e+01 3.565391919016350641e+01 1.263085695779658479e+01 1.301061248761616440e+01 2.542006748919497028e+01 0.000000000000000000e+00 2.022793308548530788e+01 2.918627675807194066e+01 2.031250119794627906e+01 3.203119998023380077e+01 1.583101262122023734e+01 2.482679520417207186e+01 1.000180006296708513e+01 1.085572738078211152e+01 1.909981005028556567e+01 2.708734174269355677e+01 8.026689496009421276e+00 2.057068271099045731e+01 1.716792162148565737e+01 2.867358985617913447e+01 7.689894281001481424e+00 2.928498816048166375e+01 7.007199810473670354e+00 1.785819581975633952e+01 2.536475092326126202e+01 3.110745325322414345e+01 6.657673021956505011e+00 2.265220783000680882e+01 1.432384092406408094e+01 1.763423965767804802e+01 1.537009950378659617e+01 1.385560824687549974e+01 2.343918334208725440e+01 1.788601838529135435e+01 3.173679846111266656e+01 2.087008306719203432e+01 1.018963017429594231e+01 2.143961256501813040e+01 1.632677680321220137e+01 1.191386134520575624e+01 3.237028725663051176e+01 2.741372693471443966e+01 5.609240711634813970e+00 5.022067483905660268e+00 1.507419545252672677e+01 8.827390154943671519e+00 1.559486803629498652e+01 2.704000515360934997e+01 1.889844847205618805e+01 1.112333672467868162e+01 3.530199509060577157e+01 1.263901935580334879e+01 2.123566276139243314e+01 4.389310746152403020e+00 2.903872009901961349e+01 2.136720668646414723e+01 2.671883085817111692e+01 1.326170649153989700e+01 1.646416861940739906e+01 1.382110124189549971e+01 2.076724735721788662e+01 9.775956414997228450e+00 2.288614497203984754e+01 2.580869197530029169e+01 1.693578975097601713e+01 1.100889548078890101e+01 2.663855149375183373e+01 2.402277779940221691e+01 1.824542339762631471e+01 1.384951009657764764e+01 1.663590427253199167e+01 2.115990720306188777e+01 2.923355384243094690e+01 8.655384745895050358e+00 1.137008925714665253e+01 2.458444083908951683e+01 3.791504510384354099e+00 2.124823065751990470e+01 2.920910644142996659e+01 2.437123126863957623e+01 3.326082205132452430e+01 6.834486861449763140e+00 3.153427760562151860e+01 2.172953956759601368e+01 2.438903532256687612e+01 1.987296467952435819e+01 1.266426483350704046e+01 1.684075653181463750e+01 3.923135492397497259e+00 3.396469279227191862e+01 1.535538409612083299e+01 2.767613751719094850e+01 1.623295129625667599e+01 2.402562508331892843e+01 8.845958924387430145e+00 1.228529379509546970e+01 1.872383302284844220e+01 1.994146983746968615e+01 3.844368993308971305e+00
2.243437105376049701e+01 1.245110908442463860e+01 2.232189406585844083e+01 1.601094952012400086e+01 2.810333871948570561e+01 1.250130635994898043e+01 2.022793308548530788e+01 0.000000000000000000e+00 2.487483413904435992e+01 1.841724961801836002e+01 2.149557684475330532e+01 1.876131527496827545e+01 1.043949158840790759e+01 1.055146273280579017e+01 2.476988299772922986e+01 2.021731762776766317e+01 1.632682345912765953e+01 2.076154312346453779e+01 7.962450093488781633e+00 8.300182735416589352e+00 2.955296802746858376e+01 1.888032421344149370e+01 2.415845220043454233e+01 1.504350087756109033e+01 2.040534519980291250e+01 1.653200530796357626e+01 1.678669923653463769e+01 2.631734863587486117e+01 6.384717646743531816e+00 7.518535277454160060e+00 1.953988315875228210e+01 2.064945517218322024e+01 2.641796918727023424e+01 2.318696885025470067e+01 1.523624507159885333e+01 2.209357088410102321e+01 1.200522334353791543e+01 1.316114689266811233e+01 1.347399782703213411e+01 1.425866580340793277e+01 2.391127969635493500e+01 1.879769090694319544e+01 1.117722855324604225e+01 2.228556726506309360e+01 1.565825129349959433e+01 5.588471802639587871e+00 1.644137917505327451e+01 2.186570458471796385e+01 2.579584165533303874e+01 2.333023536614696880e+01 2.081316290074897069e+01 2.068638511652305922e+01 1.756542465776145434e+01 1.656399988822767000e+01 1.940499087103035336e+01 1.411965039528770482e+01 1.604711844263981746e+01 2.091004104143359399e+01 1.182308446518360512e+01 1.602770419768733134e+01 2.407265177768309528e+01 4.571100620637572831e+00 2.795665955892780374e+01 1.752135972546724219e+01 2.049230673353770982e+01 1.918177386099585746e+01 1.154584136634571578e+01 2.619364276129660851e+01 8.715187482293277554e+00 4.544951164255166987e+00 2.414775674646870485e+01 9.256821481581466671e+00 7.803812908114580615e+00 1.763125385299505865e+01 1.590515919323216920e+01 2.193698069263443884e+01 2.661788492235506709e+01 2.289012074688747944e+01 1.946508605667004232e+01 2.095027612126351002e+01 1.415063335444657966e+01 1.969513349715709793e+01 1.339344622403553942e+01 1.943814221341384396e+01 1.540664773880966543e+01 1.281197865452386075e+01 1.187587779410543298e+01 9.212962408983104368e+00 1.167741210147626596e+01 1.875415788374448312e+01 1.916542792970697917e+01 2.030750689261556730e+01 1.383152320408759195e+01 2.319377074665863958e+01 9.063551623891907383e+00 2.486714168467194952e+01 1.847111510871824436e+01 1.683959490967594519e+01 1.515397935066652124e+01 1.699431468968491643e+01
1.216631058591909387e+01 3.150026403935175878e+01 1.275481288457943307e+01 3.012559990507633501e+01 2.058556525428876327e+01 1.577285421123165499e+01 2.918627675807194066e+01 2.487483413904435992e+01 0.000000000000000000e+00 2.306357351918104470e+01 2.144151859761721113e+01 2.265744933923900817e+01 1.859889153829337261e+01 3.138967397089949785e+01 2.105702429002271714e+01 1.089535888359011118e+01 8.625633693663218082e+00 2.758006338363768961e+01 2.366651461125818656e+01 2.521940747091757729e+01 7.822436824283831136e+00 2.838223134738315068e+01 1.630597379414411563e+01 3.509868861585391642e+01 1.679043752834319392e+01 1.885203427662789366e+01 1.638368762081573848e+01 2.368765157887662909e+01 1.883897660303165722e+01 2.752548949580202020e+01 1.654369009257374756e+01 2.594093467884485094e+01 1.650024737352019599e+01 6.142021248766711849e+00 2.733036474447130360e+01 5.931025263224117161e+00 2.369181914995272464e+01 3.278473163589504225e+01 2.057604045380300661e+01 2.633946272686115364e+01 2.091974477985070280e+01 1.152061350192945888e+01 1.377522859954483536e+01 2.444015868372479616e+01 3.160497571321953458e+01 2.647921226462839073e+01 3.225745553902433471e+01 2.161574869545841793e+01 1.172761882271019118e+01 1.184979699094317596e+01 2.520623027604160882e+01 1.596062572711714189e+01 2.787265897954510763e+01 1.318164274518836798e+01 3.080756249443466288e+01 1.303614732531940490e+01 1.874269789651198792e+01 4.370732357864551609e+00 2.971267323656147497e+01 2.988603730792723567e+01 1.679017834579331492e+01 2.200418319972678916e+01 1.965502213407465959e+01 9.156552445725552047e+00 1.607326766330620771e+01 2.535626551331680645e+01 3.176241008323653503e+01 4.467297007465088399e+00 1.922209081414967002e+01 2.369311981935410572e+01 1.698994419255351573e+01 2.752723507322096452e+01 2.123346005254661861e+01 2.017228747084844542e+01 3.039790915199200683e+01 2.477680425195154257e+01 8.244119956958879669e+00 2.724272686196121285e+01 1.503606544582697069e+01 1.791517438474482660e+01 1.220489246338686584e+01 1.766001002315880797e+01 3.420807051587208747e+01 8.687396398015655663e+00 1.740441748656396825e+01 2.132107660301510776e+01 2.352754481601936831e+01 2.894372558470243106e+01 2.694887974881942583e+01 2.810131868443297520e+01 1.241502751063087118e+01 1.986006076372648721e+01 1.828343809082297255e+01 1.307329006622138756e+01 1.717414029130666364e+01 2.335127059327204790e+01 2.792649805603133828e+01 1.967051814934667675e+01 2.397378925357112678e+01 3.284320072732140261e+01
1.215416964788255960e+01 2.721481972754353507e+01 2.213418469411778489e+01 1.222215694369469752e+01 1.891571522950887640e+01 2.074333061980973625e+01 2.031250119794627906e+01 1.841724961801836002e+01 2.306357351918104470e+01 0.000000000000000000e+00 1.568684945915912188e+01 2.567703974822422452e+01 1.077143999209357972e+01 1.813981323326393280e+01 1.021997871032820271e+01 1.563829722231937680e+01 2.033981128618431811e+01 2.464374393112717598e+01 2.268248692877851980e+01 1.114364343979396033e+01 1.964783518325059575e+01 1.434923755656582500e+01 1.470451129271402024e+01 2.378837174542096733e+01 7.327783126429533667e+00 8.741701141942977316e+00 1.514384510054880195e+01 1.822486628947684295e+01 1.643173101276149950e+01 2.093720731123724832e+01 2.097493915172943701e+01 8.199049763937122037e+00 1.360248152561236346e+01 1.704368382866108789e+01 5.992523655934543392e+00 2.478313068897360694e+01 6.441244800389315017e+00 1.542663705258076234e+01 2.616210193783422611e+01 2.909492171173165076e+01 2.070940353579726434e+01 2.021791959813505812e+01 1.605064885328333801e+01 1.480225310202742151e+01 1.768611910268494825e+01 1.601094942159886259e+01 2.815206266775125243e+01 5.142642013929816791e+00 1.574797794809160223e+01 1.149135960713026527e+01 9.895097028641055559e+00 1.941348942772886232e+01 2.856325686208027292e+01 2.030799331038052813e+01 2.371398325895998838e+01 1.575183821174290522e+01 4.605085301643796036e+00 2.095613914337398498e+01 1.122385302592109113e+01 9.532443469801110680e+00 1.719375322519908522e+01 1.479973903367248056e+01 1.506500415726569919e+01 1.891908298058843485e+01 1.077283983359535924e+01 4.671698055372824676e+00 2.367781366115080388e+01 1.953229630163884778e+01 2.006215172897939070e+01 1.951723871792581377e+01 9.961335823008274915e+00 2.422910903525211523e+01 1.070427526803299756e+01 1.261050406111266753e+01 1.418749094158004453e+01 2.419170082720728132e+01 1.561029813675274980e+01 2.079548132060558174e+01 8.362396792057994688e+00 1.300013884838463696e+01 1.987331365099435843e+01 1.652926032209365204e+01 2.143946841555877114e+01 2.171324022324260739e+01 2.406903318732004848e+01 7.621581618282910142e+00 2.602367616367970982e+01 1.443176815412798142e+01 7.953022513426756035e+00 1.697912201428941259e+01 1.897771855796632323e+01 2.255537337122474639e+01 1.091837390356359450e+01 1.348818269357691157e+01 1.392219411287956632e+01 2.085157449572821164e+01 1.118430815766923736e+01 2.485134082422619883e+01 3.610787237345941314e+00 2.119986843619171779e+01
1.211432121642242521e+01 3.070474994631458898e+01 1.154340460027443882e+01 2.306839101514441737e+01 2.662753066719448825e+01 1.965068303605758260e+01 3.203119998023380077e+01 2.149557684475330532e+01 2.144151859761721113e+01 1.568684945915912188e+01 0.000000000000000000e+00 3.038267021130697998e+01 1.118547608199260601e+01 2.584338207636205809e+01 2.120614440500790110e+01 2.092346424129155125e+01 1.620114756558382041e+01 3.285787431375210588e+01 2.440556002076417741e+01 1.780751680325365527e+01 1.544444183170000429e+01 2.769262407511563495e+01 7.303424643240835401e+00 3.225820878762597488e+01 1.440754920982484499e+01 7.084396733494108034e+00 6.821375340531947273e+00 2.728522203124923351e+01 1.772315377434207306e+01 2.526378790974854738e+01 2.635047507500733843e+01 2.195295353940892014e+01 2.078830855661291466e+01 1.819441307398803076e+01 1.875298148162407230e+01 1.665793677601288181e+01 1.328627888257868861e+01 2.555108951382842974e+01 2.545231884813076917e+01 3.010632901555986507e+01 2.814921494694339188e+01 1.241867837830072219e+01 1.477816426099095892e+01 2.645842274544781247e+01 2.973543968859434017e+01 2.128996338159996782e+01 3.441087568825184917e+01 1.725989584554578826e+01 1.084818118115162022e+01 1.601808567857375820e+01 2.297501514564910607e+01 6.974368214534369059e+00 3.424090951619790957e+01 2.210674585162469086e+01 3.441036814905476859e+01 1.139377410515517397e+01 1.130361073592065857e+01 1.923897445676877282e+01 2.129231875945662011e+01 2.078522030774007945e+01 2.386397570731994833e+01 1.753761145927939680e+01 2.344541220447890950e+01 1.998703687058176826e+01 7.319920676183052421e+00 1.973031170109717181e+01 2.899438042499723522e+01 1.769317738233083759e+01 2.044271385224357118e+01 2.263477454230195818e+01 1.821606578261091514e+01 2.733504434167352315e+01 1.414683055609213191e+01 3.932865994752396066e+00 2.542883252363649049e+01 3.212827144250359623e+01 1.469312316864078838e+01 3.072764475668407513e+01 1.141409953439202063e+01 3.949961302166525634e+00 1.827849388815143428e+01 3.892089332488335440e+00 2.961327989491887536e+01 1.320453387386808863e+01 2.373679275144077039e+01 9.639117771908791710e+00 2.673342601310190858e+01 2.256892104148469613e+01 1.744369002441780836e+01 2.934407731800588692e+01 9.235302199037821680e+00 2.902999722332441479e+01 7.732596643659862323e+00 1.938320868533122265e+01 1.433066702343688803e+01 2.889175532799874446e+01 2.474418922853560687e+01 2.718031555081413231e+01 1.550553737217374284e+01 3.319356312912862705e+01
2.095971379465802897e+01 1.104186150730585858e+01 2.580611306283170947e+01 2.667194484046818914e+01 1.111731222259586715e+01 1.073198717524939738e+01 1.583101262122023734e+01 1.876131527496827545e+01 2.265744933923900817e+01 2.567703974822422452e+01 3.038267021130697998e+01 0.000000000000000000e+00 2.110352757198309703e+01 2.156724897214495229e+01 1.698924652507928457e+01 1.242519915991683455e+01 1.765213708494438194e+01 7.985916444726232299e+00 1.093706930921167242e+01 2.339456637995330013e+01 2.412025191885289388e+01 2.105605852519517285e+01 2.801586570104671736e+01 1.568419240249541957e+01 1.866989980214926703e+01 2.590683897604812458e+01 2.401387990058254829e+01 1.094801442557615978e+01 1.651676202155271156e+01 1.620732739569651670e+01 6.266254886698142457e+00 2.407568624707888105e+01 1.266801287327447945e+01 1.809144708189882422e+01 2.846932219992232405e+01 2.317763276702376629e+01 2.589446565746517592e+01 2.534625173625522976e+01 5.969444786883200571e+00 5.924280206131456339e+00 5.926672235411746925e+00 2.209177825192694300e+01 1.562839809023372162e+01 1.586200749018657241e+01 2.053156671082753348e+01 1.986870494332642423e+01 1.032703175992425670e+01 2.129573073192383248e+01 2.504184196477716995e+01 1.644015339136457854e+01 2.101577526098271065e+01 2.734454866695661579e+01 5.215209640306098571e+00 1.010494732691571329e+01 1.282272978781503348e+01 1.975290187715154744e+01 2.275384238738743292e+01 1.918220646169027077e+01 2.667376252431601102e+01 2.891174080311492034e+01 8.783802196245797944e+00 2.022372865815099630e+01 1.132482510717839475e+01 1.426769445224015698e+01 2.507499133931558077e+01 2.434102503214908353e+01 1.536162784834309569e+01 2.163629231046019896e+01 1.255753643905329930e+01 1.481393298664395886e+01 1.615207896354235118e+01 1.184707913017823522e+01 2.169836967127865890e+01 2.714711264661756474e+01 2.377571330130257721e+01 4.493976855548974747e+00 2.076919550236583589e+01 1.203950811083588235e+01 2.077882657972714497e+01 2.868148936071688482e+01 1.312666502341689956e+01 2.763541805838179855e+01 1.905585731673011907e+01 2.252240511789492317e+01 6.991588459996056493e+00 2.467313158542343388e+01 6.885437480862845128e+00 2.356104789211386219e+01 2.677179574601297674e+01 1.857869936681423084e+01 2.441419209395923318e+01 3.541956295453777770e+00 2.366496032568710817e+01 1.276347144047953996e+01 1.772107946093120390e+01 7.496353863638164583e+00 2.432790008989102759e+01 3.526316399187596762e+00 2.789074826663273754e+01 1.701928430837133632e+01
1.315139613160736332e+01 1.966314427379965224e+01 1.283242445746240712e+01 1.534214093076441365e+01 2.401254237000494385e+01 1.037154039673369610e+01 2.482679520417207186e+01 1.043949158840790759e+01 1.859889153829337261e+01 1.077143999209357972e+01 1.118547608199260601e+01 2.110352757198309703e+01 0.000000000000000000e+00 1.524786048769463243e+01 1.796635877787867841e+01 1.538845751538949536e+01 1.013476882312138017e+01 2.785390824772339613e+01 1.351041328434233257e+01 7.826868481498077124e+00 2.071504141866430615e+01 2.137296187171178374e+01 1.419255514920924455e+01 2.143225891896393165e+01 1.156289216764767325e+01 6.789100971062841161e+00 6.593552808433311263e+00 2.445878227409071570e+01 6.682876109591648017e+00 1.427937744946345688e+01 1.735573457458844970e+01 1.770180327211288684e+01 1.819032939653721925e+01 1.730368443980660942e+01 1.172800660430123010e+01 1.477277607454289843e+01 5.908753291499525773e+00 1.608736634600874282e+01 1.580552567046028578e+01 1.968093660161971670e+01 2.299169382806154971e+01 1.058862460376035308e+01 5.593019249740388332e+00 2.296629258104555760e+01 1.981564997299411601e+01 1.046401351293792104e+01 2.338594843012908342e+01 1.302325155256271927e+01 1.633789682905053553e+01 1.437527876817037509e+01 1.873837085266604419e+01 1.078612907184779068e+01 2.408678353856272025e+01 1.311200535120579325e+01 2.586706068998132224e+01 5.761329239283993431e+00 7.204665410484570209e+00 1.492000491700711784e+01 1.226715613061895915e+01 1.348383088788716400e+01 2.004583372580597711e+01 6.405494670042193306e+00 2.079890033313901299e+01 1.163807531501914205e+01 1.103436190725519772e+01 1.438747823884242116e+01 1.811543268158031950e+01 2.027206962405995938e+01 9.916552254603093530e+00 1.150220896688806604e+01 1.530530371431346026e+01 1.621407928421436395e+01 3.871579696564240614e+00 7.252610087240211278e+00 1.712403176222619905e+01 2.554486863026329502e+01 1.742949917385034198e+01 2.781688268838663092e+01 1.042849071476690170e+01 1.087274362171704567e+01 9.376680920961350196e+00 9.424148326998059488e+00 1.895658345265830746e+01 1.171596820975695330e+01 1.455164774019020157e+01 3.629050436594307261e+00 1.615296465830380512e+01 1.245259843679415290e+01 9.458733635928160410e+00 2.204996479192561054e+01 9.675958321310947241e+00 2.067676095098184064e+01 3.452879438332746354e+00 1.732535901290021485e+01 3.565617845505619776e+00 2.627676703080920007e+01 1.765617782158239635e+01 1.808573122926063803e+01 8.930594054251121960e+00 2.274622248101910316e+01
2.578534312407644080e+01 1.103598801465549961e+01 2.747668754107423794e+01 1.020241666641124745e+01 2.176611431555499721e+01 1.871294949459565515e+01 1.000180006296708513e+01 1.055146273280579017e+01 3.138967397089949785e+01 1.813981323326393280e+01 2.584338207636205809e+01 2.156724897214495229e+01 1.524786048769463243e+01 0.000000000000000000e+00 1.605265041917824931e+01 2.663917543397664289e+01 2.289198081820275021e+01 1.627833227995202492e+01 1.274234003227007506e+01 8.187889345233884342e+00 3.334898841113338364e+01 9.670225099706964755e+00 2.784771254427293741e+01 7.234908740530977767e+00 2.254116753493092062e+01 2.050246046766239516e+01 2.164437877862080839e+01 1.581388736936164818e+01 1.306587507072466181e+01 6.355275724048187413e+00 2.552287398593137269e+01 1.533797695113491955e+01 2.125702345507327706e+01 2.965925995755754485e+01 1.335241266514429981e+01 2.777572206671063526e+01 1.389518295905611467e+01 5.907042799300906033e+00 1.910894789516198244e+01 1.623905700143269115e+01 2.127274137784155883e+01 2.437304569563088208e+01 1.775468692739912058e+01 1.220365668762459244e+01 5.169853164412280044e+00 5.165164089533282876e+00 1.228512057004142832e+01 1.758031770893838797e+01 2.916742305582602057e+01 2.585217150835062938e+01 1.232535702120173049e+01 2.572306037412833035e+01 1.682723941744963980e+01 2.279846296196470234e+01 1.166690682002959534e+01 1.937968009170428374e+01 1.881694173011365123e+01 2.749143152042893945e+01 7.198846886800111200e+00 1.302582325810712227e+01 2.260622108653604556e+01 1.102391562414459081e+01 1.786997005114019998e+01 2.399365083277007926e+01 2.391604108515427995e+01 1.748149753842047716e+01 6.362556695658653005e+00 3.273120655251996425e+01 1.469817830947236814e+01 8.920823907696467714e+00 2.003941307441392539e+01 1.085107119158904965e+01 1.174798560695811389e+01 2.208971528527236217e+01 7.861085536261296802e+00 1.986695212363304464e+01 2.975775493864040655e+01 1.349869815831792152e+01 2.237176246439825889e+01 2.519516790174098375e+01 2.057249116065555583e+01 2.447497429718555750e+01 3.956663125080788213e+00 2.501349700210151994e+01 2.138963856598876134e+01 1.675079588808478448e+01 1.637508494022884165e+01 3.710317616988045408e+00 1.042664547118876861e+01 8.511694181515757407e+00 2.432022140492277273e+01 2.483585024505622485e+01 1.833889329218676068e+01 2.361197933513295055e+01 1.436658507600359869e+01 1.843636359553932280e+01 1.181354703150162777e+01 2.247454497780578464e+01 1.473618770322247684e+01 7.607872043963729070e+00
1.286550358503207825e+01 2.339284689984291532e+01 2.866764580162197262e+01 9.915247909030140860e+00 9.825429756616026467e+00 1.945748171619901612e+01 1.085572738078211152e+01 2.476988299772922986e+01 2.105702429002271714e+01 1.021997871032820271e+01 2.120614440500790110e+01 1.698924652507928457e+01 1.796635877787867841e+01 1.605265041917824931e+01 0.000000000000000000e+00 1.164680002221768262e+01 2.029219468323694642e+01 1.461361677032571649e+01 2.725612781995219080e+01 1.697692962890132762e+01 1.931077386257971185e+01 7.749484274700116693e+00 1.882778473025735622e+01 1.681508862703612905e+01 7.002468438974224441e+00 1.453969534803536234e+01 2.152167112262860726e+01 8.306655651037294419e+00 2.416266618758427143e+01 2.208516013380196696e+01 1.415992573374174945e+01 7.282568810707479301e+00 6.177113922799062351e+00 1.530993087403803266e+01 1.190249939854862227e+01 2.379741765478419424e+01 1.543906466505721475e+01 1.336215958890332089e+01 2.069680739733649943e+01 2.225064516027228478e+01 1.146774120408914577e+01 2.557514019717389431e+01 2.147791174908445910e+01 5.282950145996128555e+00 1.156824622229186339e+01 1.992035689231452622e+01 1.854808543495494888e+01 5.087720875732833825e+00 1.724843506883283339e+01 9.981245097658707266e+00 4.605860673863564791e+00 2.557337474594736904e+01 1.904841851132190911e+01 1.492182267009282093e+01 1.414647970902373331e+01 2.240630549911627156e+01 1.078086952645351992e+01 1.861387678593468920e+01 1.329267774556849169e+01 1.208112760048321910e+01 9.890197479113632895e+00 2.243378621756118108e+01 5.664421417900892486e+00 1.605092979825990795e+01 1.511290829887971476e+01 7.547907595777683554e+00 2.030805126250489323e+01 1.828901299220305532e+01 2.353407598571910953e+01 2.468626643052864367e+01 4.090671138569954124e+00 2.630763237099012741e+01 1.911055867609613301e+01 1.840849826720505078e+01 9.540158669990006501e+00 1.467686247644890862e+01 1.522162484549009065e+01 1.085681623738074819e+01 1.075602869393854810e+01 1.838601149811950819e+01 1.771348429553877324e+01 2.243576647609863173e+01 1.560440995352174909e+01 2.461351808455542667e+01 1.816793481053889892e+01 1.454377923547902896e+01 2.342913183038065128e+01 1.622801394352708826e+01 1.468650294050254779e+01 8.304186127230796188e+00 2.551117966547052518e+01 1.416250887416774695e+01 1.727870002607590294e+01 8.127997224020242939e+00 2.150246152640178110e+01 1.110102234134958366e+01 7.571206899759885367e+00 1.733121031469269724e+01 1.265829443715403535e+01 1.381244363278231191e+01
9.051767331021581597e+00 2.263621140507454044e+01 1.721530177376160609e+01 2.077451654554549876e+01 9.711674911436240620e+00 8.992888990570349961e+00 1.909981005028556567e+01 2.021731762776766317e+01 1.089535888359011118e+01 1.563829722231937680e+01 2.092346424129155125e+01 1.242519915991683455e+01 1.538845751538949536e+01 2.663917543397664289e+01 1.164680002221768262e+01 0.000000000000000000e+00 8.648724326291656439e+00 1.669830035658241485e+01 1.705135282878213587e+01 2.088228460565768430e+01 1.169844232296368780e+01 1.880664514056440595e+01 1.601187802550981942e+01 2.422479827300139377e+01 8.393542438685935636e+00 1.490040674047238412e+01 1.758412983207033875e+01 1.281376123602410111e+01 1.418146009175495870e+01 2.258382720234703456e+01 6.357727956729886110e+00 1.658985131931400048e+01 6.761865751672806901e+00 6.000767491243879093e+00 2.000900628781631596e+01 1.272133471645926051e+01 1.730026858425032188e+01 2.445583532111955094e+01 1.175002056521618421e+01 1.682795459193032528e+01 1.002438589626058807e+01 1.393166984022860611e+01 9.834441392139163796e+00 1.485369417869210196e+01 2.201851120818684748e+01 2.176875590635757263e+01 2.137569251196906706e+01 1.259317704481027356e+01 1.263459037123237216e+01 4.933838273409937969e+00 1.585514691651074770e+01 1.936897902137540228e+01 1.764040880022293223e+01 4.733382862948066538e+00 1.992579946737939167e+01 1.291034823046980939e+01 1.212981869711270733e+01 7.949617484031671566e+00 2.415194638208384958e+01 2.183638654189920558e+01 5.894819462203204630e+00 1.766706033446691038e+01 1.005023852643363291e+01 4.407459441314617976e+00 1.365350087387265710e+01 1.661940177974161159e+01 2.654742934948283661e+01 9.214482714570991106e+00 1.289693326673590867e+01 1.857454057000781589e+01 7.638860833022659946e+00 2.088461149538678896e+01 1.689633718728672918e+01 1.874703970835502176e+01 2.104682579246115282e+01 1.388144536836142962e+01 8.343996342448999570e+00 1.636883651910867954e+01 9.772394344151404511e+00 1.719433096333009559e+01 6.066684273321089726e+00 2.106836331741707014e+01 2.590299473874284786e+01 1.298303278262558713e+01 8.430735965000664578e+00 1.573253888192029315e+01 1.510504882236551794e+01 2.460660271944255229e+01 2.053405825412896490e+01 1.851485417940028810e+01 1.582338080488912979e+01 9.308516257430481389e+00 1.783431580808506567e+01 3.518802798197440129e+00 1.283701742604678664e+01 1.246950756621677492e+01 1.857541469650048782e+01 1.004083525530259990e+01 1.730397175692783307e+01 2.252709205737112441e+01
