0.000000000000000000e+00 1.524100647072895054e+00 1.356770583893430082e+00 1.183630883528275390e+00 8.691475362679328409e-01 8.595752366607462003e-01 6.447709749573707905e-01 5.686635006152895855e-01 1.077033345821250210e+00 4.532634246848926685e-01 9.663125248423759528e-01 8.587218807233578666e-01 3.496483220193661312e-01 5.562728642742025276e-01 8.218960084838520253e-01 5.378434242871307225e-01 2.777331667635845602e-01 9.961733421562224411e-01 6.101918211316187390e-01 1.296319286063639220e+00 2.364155346558507453e-01 6.481600924600798841e-01 1.165924985125160518e+00 8.652719467531734265e-01 7.783862274484287802e-01
1.524100647072895054e+00 0.000000000000000000e+00 1.316392350829270086e+00 8.915053360363424106e-01 1.523469590473738755e+00 1.723491903636042322e+00 9.066365275669365786e-01 1.091635572195577497e+00 4.582538923398000175e-01 1.290834378448587838e+00 9.387294555008622865e-01 8.501905321703407958e-01 1.231471014906055483e+00 1.230014265660481998e+00 7.853810427514943404e-01 1.018509417785208537e+00 1.587857401134392443e+00 7.682968408811857719e-01 1.041240016695225368e+00 2.390466692592071729e-01 1.287748151916043193e+00 1.511587056362055481e+00 1.121872036523244409e+00 6.861145711176076523e-01 9.277114261770308401e-01
1.356770583893430082e+00 1.316392350829270086e+00 0.000000000000000000e+00 8.886199821171206770e-01 1.482895593867109341e+00 1.557900174838836360e+00 9.721101453875650167e-01 8.075749699761356482e-01 8.836697755432706414e-01 1.137459271727690346e+00 4.106474511803423488e-01 8.212972053458095223e-01 1.169582501329070157e+00 1.194488206970737654e+00 7.205261660003617896e-01 8.842836005435850133e-01 1.455566707830646234e+00 6.483158855225842343e-01 1.044356831392404539e+00 1.084843750776120830e+00 1.159720289643150659e+00 1.348849160636647504e+00 2.199297450527350206e-01 7.970370156626360725e-01 6.265523819612203171e-01
1.183630883528275390e+00 8.915053360363424106e-01 8.886199821171206770e-01 0.000000000000000000e+00 1.285013793239791147e+00 1.416216744981892317e+00 6.430258690938160937e-01 6.229188405838341769e-01 4.771470514062158275e-01 9.993437608922181026e-01 5.157090942764542829e-01 3.887664355739469668e-01 8.953864118419785356e-01 9.898543390643453899e-01 4.915114825664610998e-01 7.332176805746457582e-01 1.260105761573152794e+00 2.845084209252061735e-01 6.340243715087678922e-01 6.612705062511330389e-01 9.886650928923201853e-01 1.208387548402644063e+00 6.936823676833573371e-01 4.222703419043806194e-01 4.098608760089519354e-01
8.691475362679328409e-01 1.523469590473738755e+00 1.482895593867109341e+00 1.285013793239791147e+00 0.000000000000000000e+00 1.169388884402970064e+00 6.496131180753601519e-01 9.404605480508573256e-01 1.074873804000704647e+00 7.461155923546336499e-01 1.086521356051148857e+00 9.957706239532253534e-01 6.678451885065962434e-01 3.358206935852651731e-01 8.531205686188477744e-01 6.249116713349304186e-01 9.377564441298947839e-01 1.099485413898726227e+00 8.073067089472607538e-01 1.295688229464482921e+00 6.404158708726241933e-01 9.523714152020941182e-01 1.293433804196960191e+00 8.646791267657576441e-01 1.007762975172432629e+00
8.595752366607462003e-01 1.723491903636042322e+00 1.557900174838836360e+00 1.416216744981892317e+00 1.169388884402970064e+00 0.000000000000000000e+00 9.301049041712220466e-01 8.285583243300415068e-01 1.278620041916231020e+00 4.478305399698774836e-01 1.161525937022876320e+00 1.174970864447720365e+00 7.895036084378707075e-01 8.573336466718309845e-01 1.002619010965865032e+00 7.132448858009051706e-01 9.784032974440549646e-01 1.215239978796452514e+00 9.716339148637375134e-01 1.493685439375552315e+00 6.385109702512817842e-01 2.253413173149413362e-01 1.368438385168686766e+00 1.099085238299115197e+00 1.008005139079886536e+00
6.447709749573707905e-01 9.066365275669365786e-01 9.721101453875650167e-01 6.430258690938160937e-01 6.496131180753601519e-01 9.301049041712220466e-01 0.000000000000000000e+00 5.666574481792984175e-01 4.580407410939016377e-01 4.974473789837676185e-01 5.771747337153140256e-01 3.573718275518865672e-01 3.485542558531433688e-01 3.532555217492327482e-01 3.235347060439395794e-01 2.835919797373139262e-01 6.922381198844788086e-01 4.977644709318776450e-01 2.592648375772928504e-01 6.788551665576801897e-01 4.508935441293966395e-01 7.182000568972350951e-01 7.787190589250884143e-01 2.427000886455841500e-01 5.377729117819848303e-01
5.686635006152895855e-01 1.091635572195577497e+00 8.075749699761356482e-01 6.229188405838341769e-01 9.404605480508573256e-01 8.285583243300415068e-01 5.666574481792984175e-01 0.000000000000000000e+00 6.525500433918881571e-01 4.383783106887477188e-01 4.171169109250814078e-01 3.499154250772809616e-01 3.646473492017165419e-01 6.349013468677630057e-01 4.344375718174553480e-01 3.155488767159269070e-01 6.527938455048091226e-01 4.368675821910775747e-01 3.073926106020055116e-01 8.618291079350878237e-01 3.716132063650104400e-01 6.189937308845457897e-01 6.167293712078667500e-01 5.519723895567375527e-01 2.155896808896640149e-01
1.077033345821250210e+00 4.582538923398000175e-01 8.836697755432706414e-01 4.771470514062158275e-01 1.074873804000704647e+00 1.278620041916231020e+00 4.580407410939016377e-01 6.525500433918881571e-01 0.000000000000000000e+00 8.459625167287767589e-01 5.043536812190626550e-01 4.008041779322793485e-01 7.770831430741123036e-01 7.814184791874467795e-01 3.410981058317498760e-01 5.736375560653970140e-01 1.133469529302449263e+00 3.618659667077165354e-01 5.835401436931433317e-01 2.416231065058503102e-01 8.406808506643979051e-01 1.066715194642244624e+00 6.902786890807942610e-01 2.317266992856647778e-01 4.886258973733415556e-01
4.532634246848926685e-01 1.290834378448587838e+00 1.137459271727690346e+00 9.993437608922181026e-01 7.461155923546336499e-01 4.478305399698774836e-01 4.974473789837676185e-01 4.383783106887477188e-01 8.459625167287767589e-01 0.000000000000000000e+00 7.410850339117308616e-01 7.847908508064267430e-01 3.877749666932539530e-01 4.340603546234942933e-01 5.747490043341537680e-01 2.810107842075932894e-01 5.687719913403047611e-01 7.925354364476170366e-01 5.747295742605890156e-01 1.061027914188098720e+00 2.288796641475320803e-01 2.288037561955174604e-01 9.479974820575415295e-01 6.664277131116613795e-01 6.089559950767904350e-01
9.663125248423759528e-01 9.387294555008622865e-01 4.106474511803423488e-01 5.157090942764542829e-01 1.086521356051148857e+00 1.161525937022876320e+00 5.771747337153140256e-01 4.171169109250814078e-01 5.043536812190626550e-01 7.410850339117308616e-01 0.000000000000000000e+00 4.488171017469607671e-01 7.791244422780165824e-01 7.981139691547780579e-01 3.241519281844018607e-01 4.879093627276250844e-01 1.065108648779592437e+00 2.829623015132711750e-01 6.622243070532647380e-01 7.071808554477133635e-01 7.692622305920968628e-01 9.524749228206879081e-01 2.237181447488686137e-01 4.161550578415268986e-01 2.448469841432316663e-01
8.587218807233578666e-01 8.501905321703407958e-01 8.212972053458095223e-01 3.887664355739469668e-01 9.957706239532253534e-01 1.174970864447720365e+00 3.573718275518865672e-01 3.499154250772809616e-01 4.008041779322793485e-01 7.847908508064267430e-01 4.488171017469607671e-01 0.000000000000000000e+00 5.299399738082597455e-01 6.954829435672551519e-01 4.273475432469896473e-01 5.961125948577425948e-01 8.877418715293666773e-01 2.753036102628584336e-01 2.596319258636149985e-01 6.244084266111363801e-01 6.972682792150906028e-01 9.654062710022248694e-01 6.304516065775404021e-01 2.249134707658275445e-01 2.188852632409835630e-01
3.496483220193661312e-01 1.231471014906055483e+00 1.169582501329070157e+00 8.953864118419785356e-01 6.678451885065962434e-01 7.895036084378707075e-01 3.485542558531433688e-01 3.646473492017165419e-01 7.770831430741123036e-01 3.877749666932539530e-01 7.791244422780165824e-01 5.299399738082597455e-01 0.000000000000000000e+00 3.549705165128655970e-01 6.474616761905049866e-01 4.288504344380957289e-01 3.697323449864422518e-01 7.885416213376821304e-01 2.728545607907419956e-01 1.004460955456522031e+00 2.358824500820660142e-01 5.780884642372045024e-01 9.787369025608017026e-01 5.503830303243152366e-01 5.718424639250735408e-01
5.562728642742025276e-01 1.230014265660481998e+00 1.194488206970737654e+00 9.898543390643453899e-01 3.358206935852651731e-01 8.573336466718309845e-01 3.532555217492327482e-01 6.349013468677630057e-01 7.814184791874467795e-01 4.340603546234942933e-01 7.981139691547780579e-01 6.954829435672551519e-01 3.549705165128655970e-01 0.000000000000000000e+00 5.647131817224768646e-01 3.313348455623617572e-01 6.248817721361646926e-01 8.110780270023553173e-01 4.981834867911136278e-01 1.002232904651225276e+00 3.275411988788937134e-01 6.403161774709547061e-01 1.005026417300588948e+00 5.712238019524999988e-01 7.141861493998639121e-01
8.218960084838520253e-01 7.853810427514943404e-01 7.205261660003617896e-01 4.915114825664610998e-01 8.531205686188477744e-01 1.002619010965865032e+00 3.235347060439395794e-01 4.344375718174553480e-01 3.410981058317498760e-01 5.747490043341537680e-01 3.241519281844018607e-01 4.273475432469896473e-01 6.474616761905049866e-01 5.647131817224768646e-01 0.000000000000000000e+00 2.999620954281193574e-01 9.230968782747039914e-01 2.965463089288059573e-01 5.522710664007990378e-01 5.555745784910044449e-01 5.866363347740550793e-01 7.923040887682597511e-01 5.310643763302126397e-01 2.161061790056521270e-01 2.949754803014703053e-01
5.378434242871307225e-01 1.018509417785208537e+00 8.842836005435850133e-01 7.332176805746457582e-01 6.249116713349304186e-01 7.132448858009051706e-01 2.835919797373139262e-01 3.155488767159269070e-01 5.736375560653970140e-01 2.810107842075932894e-01 4.879093627276250844e-01 5.961125948577425948e-01 4.288504344380957289e-01 3.313348455623617572e-01 2.999620954281193574e-01 0.000000000000000000e+00 6.390442940779826886e-01 5.276712267021919089e-01 5.075882056291457500e-01 7.887029535247186418e-01 3.025837505773342206e-01 5.013400385269184412e-01 6.948218108734359744e-01 4.132600288673785038e-01 3.850410040120181843e-01
2.777331667635845602e-01 1.587857401134392443e+00 1.455566707830646234e+00 1.260105761573152794e+00 9.377564441298947839e-01 9.784032974440549646e-01 6.922381198844788086e-01 6.527938455048091226e-01 1.133469529302449263e+00 5.687719913403047611e-01 1.065108648779592437e+00 8.877418715293666773e-01 3.697323449864422518e-01 6.248817721361646926e-01 9.230968782747039914e-01 6.390442940779826886e-01 0.000000000000000000e+00 1.086101098538756249e+00 6.350248062397834126e-01 1.360568476127719473e+00 3.441538676876225167e-01 7.665629383653763673e-01 1.264721109062376669e+00 9.067694165526521966e-01 8.648231972373428000e-01
9.961733421562224411e-01 7.682968408811857719e-01 6.483158855225842343e-01 2.845084209252061735e-01 1.099485413898726227e+00 1.215239978796452514e+00 4.977644709318776450e-01 4.368675821910775747e-01 3.618659667077165354e-01 7.925354364476170366e-01 2.829623015132711750e-01 2.753036102628584336e-01 7.885416213376821304e-01 8.110780270023553173e-01 2.965463089288059573e-01 5.276712267021919089e-01 1.086101098538756249e+00 0.000000000000000000e+00 5.272914255455435351e-01 5.380620110959761782e-01 7.991230479059434622e-01 1.005403355135796595e+00 4.506145709135738198e-01 2.977785905443280368e-01 2.222331483425050713e-01
6.101918211316187390e-01 1.041240016695225368e+00 1.044356831392404539e+00 6.340243715087678922e-01 8.073067089472607538e-01 9.716339148637375134e-01 2.592648375772928504e-01 3.073926106020055116e-01 5.835401436931433317e-01 5.747295742605890156e-01 6.622243070532647380e-01 2.596319258636149985e-01 2.728545607907419956e-01 4.981834867911136278e-01 5.522710664007990378e-01 5.075882056291457500e-01 6.350248062397834126e-01 5.272914255455435351e-01 0.000000000000000000e+00 8.166395393682325254e-01 4.640937924185735142e-01 7.614095393845046189e-01 8.535112326241356406e-01 3.565224960166050727e-01 4.178044494311841106e-01
1.296319286063639220e+00 2.390466692592071729e-01 1.084843750776120830e+00 6.612705062511330389e-01 1.295688229464482921e+00 1.493685439375552315e+00 6.788551665576801897e-01 8.618291079350878237e-01 2.416231065058503102e-01 1.061027914188098720e+00 7.071808554477133635e-01 6.244084266111363801e-01 1.004460955456522031e+00 1.002232904651225276e+00 5.555745784910044449e-01 7.887029535247186418e-01 1.360568476127719473e+00 5.380620110959761782e-01 8.166395393682325254e-01 0.000000000000000000e+00 1.059966790906786915e+00 1.281780592101565919e+00 8.903234364700960413e-01 4.601170433516274527e-01 6.979049619165410556e-01
2.364155346558507453e-01 1.287748151916043193e+00 1.159720289643150659e+00 9.886650928923201853e-01 6.404158708726241933e-01 6.385109702512817842e-01 4.508935441293966395e-01 3.716132063650104400e-01 8.406808506643979051e-01 2.288796641475320803e-01 7.692622305920968628e-01 6.972682792150906028e-01 2.358824500820660142e-01 3.275411988788937134e-01 5.866363347740550793e-01 3.025837505773342206e-01 3.441538676876225167e-01 7.991230479059434622e-01 4.640937924185735142e-01 1.059966790906786915e+00 0.000000000000000000e+00 4.266706111726035755e-01 9.688746908748822051e-01 6.440945793991557089e-01 5.813359331981495792e-01
6.481600924600798841e-01 1.511587056362055481e+00 1.348849160636647504e+00 1.208387548402644063e+00 9.523714152020941182e-01 2.253413173149413362e-01 7.182000568972350951e-01 6.189937308845457897e-01 1.066715194642244624e+00 2.288037561955174604e-01 9.524749228206879081e-01 9.654062710022248694e-01 5.780884642372045024e-01 6.403161774709547061e-01 7.923040887682597511e-01 5.013400385269184412e-01 7.665629383653763673e-01 1.005403355135796595e+00 7.614095393845046189e-01 1.281780592101565919e+00 4.266706111726035755e-01 0.000000000000000000e+00 1.159387370966498354e+00 8.871803910251285785e-01 8.001759425006376159e-01
1.165924985125160518e+00 1.121872036523244409e+00 2.199297450527350206e-01 6.936823676833573371e-01 1.293433804196960191e+00 1.368438385168686766e+00 7.787190589250884143e-01 6.167293712078667500e-01 6.902786890807942610e-01 9.479974820575415295e-01 2.237181447488686137e-01 6.304516065775404021e-01 9.787369025608017026e-01 1.005026417300588948e+00 5.310643763302126397e-01 6.948218108734359744e-01 1.264721109062376669e+00 4.506145709135738198e-01 8.535112326241356406e-01 8.903234364700960413e-01 9.688746908748822051e-01 1.159387370966498354e+00 0.000000000000000000e+00 6.036459292001596921e-01 4.357067831929516410e-01
8.652719467531734265e-01 6.861145711176076523e-01 7.970370156626360725e-01 4.222703419043806194e-01 8.646791267657576441e-01 1.099085238299115197e+00 2.427000886455841500e-01 5.519723895567375527e-01 2.317266992856647778e-01 6.664277131116613795e-01 4.161550578415268986e-01 2.249134707658275445e-01 5.503830303243152366e-01 5.712238019524999988e-01 2.161061790056521270e-01 4.132600288673785038e-01 9.067694165526521966e-01 2.977785905443280368e-01 3.565224960166050727e-01 4.601170433516274527e-01 6.440945793991557089e-01 8.871803910251285785e-01 6.036459292001596921e-01 0.000000000000000000e+00 3.999725631086086808e-01
7.783862274484287802e-01 9.277114261770308401e-01 6.265523819612203171e-01 4.098608760089519354e-01 1.007762975172432629e+00 1.008005139079886536e+00 5.377729117819848303e-01 2.155896808896640149e-01 4.886258973733415556e-01 6.089559950767904350e-01 2.448469841432316663e-01 2.188852632409835630e-01 5.718424639250735408e-01 7.141861493998639121e-01 2.949754803014703053e-01 3.850410040120181843e-01 8.648231972373428000e-01 2.222331483425050713e-01 4.178044494311841106e-01 6.979049619165410556e-01 5.813359331981495792e-01 8.001759425006376159e-01 4.357067831929516410e-01 3.999725631086086808e-01 0.000000000000000000e+00
