0.000000000000000000e+00 1.863863738409162529e+00 1.245737738092116631e+00 1.544281802780071988e+00 9.860220246302739966e-01 1.159985256603569326e+00 9.011142778415049959e-01 1.164399372661938603e+00 1.579226345178753377e+00 7.709314969485833169e-01 6.978021738194783996e-01 1.001244792289111674e+00 5.669470974005530461e-01 1.488739162222162626e+00 8.741056444448948026e-01 5.982153837193926460e-01 1.346657241567206453e+00 4.587079368720217154e-01 7.704407665337026367e-01 7.646185091308752568e-01 6.730521794006472103e-01 9.261819957209277421e-01 1.175186274627282978e+00 1.476129055722133598e+00 8.405970352648055588e-01
1.863863738409162529e+00 0.000000000000000000e+00 1.405764616229077779e+00 1.005047984119119331e+00 1.646621605356123563e+00 1.486836526094930333e+00 1.630613723329546572e+00 8.585776439516951131e-01 9.230846801475776076e-01 2.072288678407704143e+00 1.864726207133266644e+00 8.943642055376370692e-01 1.473466673225938495e+00 5.431953362330834700e-01 1.150001491868465342e+00 1.451281458822769155e+00 5.952351279500572856e-01 1.783172318888643249e+00 1.120049592464622767e+00 1.481169823798674123e+00 1.472525138105909903e+00 1.178778387709783715e+00 8.731893320681380910e-01 5.684728657913620253e-01 1.198548456850229815e+00
1.245737738092116631e+00 1.405764616229077779e+00 0.000000000000000000e+00 1.060421882090668566e+00 1.060209096605465362e+00 9.286152681605458481e-01 1.101300512500819506e+00 9.593809316578539859e-01 1.148090565268953034e+00 1.437838429435822851e+00 1.226454596297129385e+00 5.963059229480306422e-01 8.519804791876761652e-01 9.511499026388582356e-01 5.710292035133227584e-01 1.008992066652286912e+00 1.041030664528665328e+00 1.159121966223714217e+00 7.969430877319867434e-01 8.328021266540142076e-01 8.656127061557074009e-01 3.352586643474225192e-01 6.327274646565049787e-01 1.194331037657099470e+00 6.292709733043841958e-01
1.544281802780071988e+00 1.005047984119119331e+00 1.060421882090668566e+00 0.000000000000000000e+00 1.398730436709068936e+00 1.179390733048669038e+00 1.389370105773040098e+00 1.008465857688901623e+00 7.983809772944518990e-01 1.751445095542937702e+00 1.543882624268498205e+00 5.936969208601212689e-01 1.153884737596848398e+00 5.473910943391260275e-01 8.774865636778951261e-01 1.333270959130627098e+00 7.144035471294214457e-01 1.463590383259552263e+00 1.008528358945124603e+00 1.154462477641487350e+00 1.153730656785974862e+00 8.405663993181140548e-01 5.656292240663466364e-01 8.561339735933694017e-01 8.860667149792751385e-01
9.860220246302739966e-01 1.646621605356123563e+00 1.060209096605465362e+00 1.398730436709068936e+00 0.000000000000000000e+00 1.072402859038058098e+00 9.058731970341399320e-01 8.611569784123062066e-01 1.447700425692799442e+00 1.105288352165938903e+00 8.924247590505917094e-01 8.739962752034957649e-01 6.277572499165724462e-01 1.173704038935700966e+00 5.576384106237392002e-01 4.836394554689708025e-01 1.280798003860690315e+00 8.122363871848718997e-01 7.412667080179302648e-01 3.902626390848997207e-01 7.497786519766511670e-01 7.404778166464666134e-01 8.889598728786933801e-01 1.150284971205691287e+00 7.530146376992944424e-01
1.159985256603569326e+00 1.486836526094930333e+00 9.286152681605458481e-01 1.179390733048669038e+00 1.072402859038058098e+00 0.000000000000000000e+00 9.873523770996557314e-01 9.815537428727783009e-01 1.163356005422275130e+00 1.376008260718218024e+00 1.206924472598600140e+00 5.942732270073445289e-01 8.116665395312041564e-01 1.149168263518017374e+00 7.479434976329306650e-01 9.443016739755928368e-01 9.869414984331426055e-01 1.073526067252450922e+00 6.129368613195460558e-01 8.276714306023968959e-01 7.587964760830713251e-01 6.358460825318783538e-01 8.356153759231381706e-01 1.243167325562829273e+00 3.207871303743016211e-01
9.011142778415049959e-01 1.630613723329546572e+00 1.101300512500819506e+00 1.389370105773040098e+00 9.058731970341399320e-01 9.873523770996557314e-01 0.000000000000000000e+00 8.541574434364276325e-01 1.411760914084848384e+00 1.118022998854232952e+00 9.918629287965278207e-01 8.344774522418062501e-01 6.387496369045507771e-01 1.340471153512240887e+00 7.510298429094637296e-01 4.816009920389177079e-01 1.103343925006251558e+00 8.084815672082081850e-01 5.330351971889500939e-01 7.426836035037013284e-01 3.796142152033878392e-01 7.817447701296312834e-01 1.026918265917361683e+00 1.163810877442177372e+00 6.683555072845346334e-01
1.164399372661938603e+00 8.585776439516951131e-01 9.593809316578539859e-01 1.008465857688901623e+00 8.611569784123062066e-01 9.815537428727783009e-01 8.541574434364276325e-01 0.000000000000000000e+00 9.693879087060773836e-01 1.380422376776588411e+00 1.176734721963254904e+00 6.037019956157920753e-01 8.690327257199098598e-01 5.481200705548286978e-01 4.768511879201890458e-01 5.999065108807947189e-01 4.770951671839955832e-01 1.028194655306944094e+00 4.548379298705944596e-01 7.759943605442680692e-01 7.601901709973669652e-01 7.697846703645470079e-01 4.491275834853182269e-01 3.194506135340969832e-01 6.924381816928356637e-01
1.579226345178753377e+00 9.230846801475776076e-01 1.148090565268953034e+00 7.983809772944518990e-01 1.447700425692799442e+00 1.163356005422275130e+00 1.411760914084848384e+00 9.693879087060773836e-01 0.000000000000000000e+00 1.792807959256262684e+00 1.585245487981823853e+00 5.814544671147724442e-01 1.193966803334113980e+00 6.387361882933298984e-01 1.011952525298233541e+00 1.356869586992853094e+00 4.971850690024609554e-01 1.492767155827634973e+00 9.435883974771683835e-01 1.202968997257137129e+00 1.178037564658254821e+00 9.185785709942898558e-01 7.382718994571602078e-01 7.832589003656564852e-01 8.921721765747585575e-01
7.709314969485833169e-01 2.072288678407704143e+00 1.437838429435822851e+00 1.751445095542937702e+00 1.105288352165938903e+00 1.376008260718218024e+00 1.118022998854232952e+00 1.380422376776588411e+00 1.792807959256262684e+00 0.000000000000000000e+00 7.552574510869788371e-01 1.216291146440970694e+00 7.391943432003408310e-01 1.623023637033062405e+00 9.933719719805599313e-01 8.006096258841904900e-01 1.562680245681854929e+00 4.303590734232005666e-01 9.864637706483505575e-01 8.838848366665399414e-01 8.890751835152951310e-01 1.103889879965102017e+00 1.326556621993713048e+00 1.677246547895334450e+00 1.056620039379454035e+00
6.978021738194783996e-01 1.864726207133266644e+00 1.226454596297129385e+00 1.543882624268498205e+00 8.924247590505917094e-01 1.206924472598600140e+00 9.918629287965278207e-01 1.176734721963254904e+00 1.585245487981823853e+00 7.552574510869788371e-01 0.000000000000000000e+00 1.011265430344087779e+00 5.570674357417725320e-01 1.411639803894367606e+00 7.819881388418661317e-01 6.103540969074420230e-01 1.436520175624150353e+00 4.767257214087093353e-01 8.603037005906463142e-01 6.725010035278465859e-01 7.629151134575908877e-01 8.925060468264081059e-01 1.115172788855019137e+00 1.465862714756640539e+00 8.875362512598363729e-01
1.001244792289111674e+00 8.943642055376370692e-01 5.963059229480306422e-01 5.936969208601212689e-01 8.739962752034957649e-01 5.942732270073445289e-01 8.344774522418062501e-01 6.037019956157920753e-01 5.814544671147724442e-01 1.216291146440970694e+00 1.011265430344087779e+00 0.000000000000000000e+00 6.196134727698789924e-01 5.587773154505599749e-01 4.910028135076671685e-01 7.981654272445504184e-01 4.476887191935746690e-01 9.147856029379931586e-01 4.277156038812527372e-01 6.292648467678341184e-01 6.000560117686132289e-01 3.562803564681150115e-01 3.281391878488140734e-01 7.560098400615991032e-01 3.158492433803207766e-01
5.669470974005530461e-01 1.473466673225938495e+00 8.519804791876761652e-01 1.153884737596848398e+00 6.277572499165724462e-01 8.116665395312041564e-01 6.387496369045507771e-01 8.690327257199098598e-01 1.193966803334113980e+00 7.391943432003408310e-01 5.570674357417725320e-01 6.196134727698789924e-01 0.000000000000000000e+00 1.095313843252034403e+00 4.806014087282075020e-01 4.731294889673114401e-01 1.050449098755898536e+00 4.626897208460984956e-01 4.749988834924907533e-01 3.860268974732951053e-01 3.949900913356605425e-01 5.324247368164873873e-01 7.817609556571555318e-01 1.165079635018809956e+00 4.922783181924402229e-01
1.488739162222162626e+00 5.431953362330834700e-01 9.511499026388582356e-01 5.473910943391260275e-01 1.173704038935700966e+00 1.149168263518017374e+00 1.340471153512240887e+00 5.481200705548286978e-01 6.387361882933298984e-01 1.623023637033062405e+00 1.411639803894367606e+00 5.587773154505599749e-01 1.095313843252034403e+00 0.000000000000000000e+00 6.296516650525011416e-01 1.054677453502830708e+00 4.437456156673052488e-01 1.344307173820952661e+00 9.625492362486403053e-01 1.012075389374797574e+00 1.104783347167128449e+00 7.521391086589299668e-01 3.299939958350545655e-01 3.159704142697163931e-01 8.520132709731542686e-01
8.741056444448948026e-01 1.150001491868465342e+00 5.710292035133227584e-01 8.774865636778951261e-01 5.576384106237392002e-01 7.479434976329306650e-01 7.510298429094637296e-01 4.768511879201890458e-01 1.011952525298233541e+00 9.933719719805599313e-01 7.819881388418661317e-01 4.910028135076671685e-01 4.806014087282075020e-01 6.296516650525011416e-01 0.000000000000000000e+00 4.655648265658061113e-01 9.076709209737725548e-01 7.146555087684507424e-01 4.760726429046553410e-01 3.824237243222968208e-01 5.142104747335333181e-01 3.354189711122365636e-01 3.331846500131525612e-01 7.624097408379884033e-01 4.293748360338340286e-01
5.982153837193926460e-01 1.451281458822769155e+00 1.008992066652286912e+00 1.333270959130627098e+00 4.836394554689708025e-01 9.443016739755928368e-01 4.816009920389177079e-01 5.999065108807947189e-01 1.356869586992853094e+00 8.006096258841904900e-01 6.103540969074420230e-01 7.981654272445504184e-01 4.731294889673114401e-01 1.054677453502830708e+00 4.655648265658061113e-01 0.000000000000000000e+00 9.805749852748890660e-01 4.282881444261493753e-01 4.256297834753270948e-01 5.114085323525212612e-01 4.932064690123091344e-01 7.073806084863693000e-01 7.699332874458226783e-01 8.976031710915202133e-01 6.272066495306594103e-01
1.346657241567206453e+00 5.952351279500572856e-01 1.041030664528665328e+00 7.144035471294214457e-01 1.280798003860690315e+00 9.869414984331426055e-01 1.103343925006251558e+00 4.770951671839955832e-01 4.971850690024609554e-01 1.562680245681854929e+00 1.436520175624150353e+00 4.476887191935746690e-01 1.050449098755898536e+00 4.437456156673052488e-01 9.076709209737725548e-01 9.805749852748890660e-01 0.000000000000000000e+00 1.260198052216086939e+00 5.783771671130264469e-01 1.064194879999198484e+00 9.424480399026344823e-01 8.039690756616899581e-01 6.507300248758065564e-01 3.310752451289057929e-01 7.195525046315164319e-01
4.587079368720217154e-01 1.783172318888643249e+00 1.159121966223714217e+00 1.463590383259552263e+00 8.122363871848718997e-01 1.073526067252450922e+00 8.084815672082081850e-01 1.028194655306944094e+00 1.492767155827634973e+00 4.303590734232005666e-01 4.767257214087093353e-01 9.147856029379931586e-01 4.626897208460984956e-01 1.344307173820952661e+00 7.146555087684507424e-01 4.282881444261493753e-01 1.260198052216086939e+00 0.000000000000000000e+00 6.839815771825840107e-01 6.051683734544313076e-01 5.865929900495289173e-01 8.251734167529929387e-01 1.047840158781603748e+00 1.323306568865473931e+00 7.541378459136871548e-01
7.704407665337026367e-01 1.120049592464622767e+00 7.969430877319867434e-01 1.008528358945124603e+00 7.412667080179302648e-01 6.129368613195460558e-01 5.330351971889500939e-01 4.548379298705944596e-01 9.435883974771683835e-01 9.864637706483505575e-01 8.603037005906463142e-01 4.277156038812527372e-01 4.749988834924907533e-01 9.625492362486403053e-01 4.760726429046553410e-01 4.256297834753270948e-01 5.783771671130264469e-01 6.839815771825840107e-01 0.000000000000000000e+00 5.055559424524435075e-01 3.662315648691306658e-01 4.773873453607974660e-01 7.180312444642948932e-01 7.704177531847590243e-01 3.156536288834330684e-01
7.646185091308752568e-01 1.481169823798674123e+00 8.328021266540142076e-01 1.154462477641487350e+00 3.902626390848997207e-01 8.276714306023968959e-01 7.426836035037013284e-01 7.759943605442680692e-01 1.202968997257137129e+00 8.838848366665399414e-01 6.725010035278465859e-01 6.292648467678341184e-01 3.860268974732951053e-01 1.012075389374797574e+00 3.824237243222968208e-01 5.114085323525212612e-01 1.064194879999198484e+00 6.051683734544313076e-01 5.055559424524435075e-01 0.000000000000000000e+00 5.030087908002783825e-01 5.007043007869284024e-01 7.156083743354495486e-01 1.065122353337653482e+00 5.082832092636329069e-01
6.730521794006472103e-01 1.472525138105909903e+00 8.656127061557074009e-01 1.153730656785974862e+00 7.497786519766511670e-01 7.587964760830713251e-01 3.796142152033878392e-01 7.601901709973669652e-01 1.178037564658254821e+00 8.890751835152951310e-01 7.629151134575908877e-01 6.000560117686132289e-01 3.949900913356605425e-01 1.104783347167128449e+00 5.142104747335333181e-01 4.932064690123091344e-01 9.424480399026344823e-01 5.865929900495289173e-01 3.662315648691306658e-01 5.030087908002783825e-01 0.000000000000000000e+00 5.460569637845182900e-01 7.912304595722488010e-01 1.071919854057562072e+00 4.394082547443073916e-01
9.261819957209277421e-01 1.178778387709783715e+00 3.352586643474225192e-01 8.405663993181140548e-01 7.404778166464666134e-01 6.358460825318783538e-01 7.817447701296312834e-01 7.697846703645470079e-01 9.185785709942898558e-01 1.103889879965102017e+00 8.925060468264081059e-01 3.562803564681150115e-01 5.324247368164873873e-01 7.521391086589299668e-01 3.354189711122365636e-01 7.073806084863693000e-01 8.039690756616899581e-01 8.251734167529929387e-01 4.773873453607974660e-01 5.007043007869284024e-01 5.460569637845182900e-01 0.000000000000000000e+00 4.384605610085084426e-01 9.953202436771709793e-01 3.256218357493610993e-01
1.175186274627282978e+00 8.731893320681380910e-01 6.327274646565049787e-01 5.656292240663466364e-01 8.889598728786933801e-01 8.356153759231381706e-01 1.026918265917361683e+00 4.491275834853182269e-01 7.382718994571602078e-01 1.326556621993713048e+00 1.115172788855019137e+00 3.281391878488140734e-01 7.817609556571555318e-01 3.299939958350545655e-01 3.331846500131525612e-01 7.699332874458226783e-01 6.507300248758065564e-01 1.047840158781603748e+00 7.180312444642948932e-01 7.156083743354495486e-01 7.912304595722488010e-01 4.384605610085084426e-01 0.000000000000000000e+00 5.731751308532957445e-01 5.384603833782746207e-01
1.476129055722133598e+00 5.684728657913620253e-01 1.194331037657099470e+00 8.561339735933694017e-01 1.150284971205691287e+00 1.243167325562829273e+00 1.163810877442177372e+00 3.194506135340969832e-01 7.832589003656564852e-01 1.677246547895334450e+00 1.465862714756640539e+00 7.560098400615991032e-01 1.165079635018809956e+00 3.159704142697163931e-01 7.624097408379884033e-01 8.976031710915202133e-01 3.310752451289057929e-01 1.323306568865473931e+00 7.704177531847590243e-01 1.065122353337653482e+00 1.071919854057562072e+00 9.953202436771709793e-01 5.731751308532957445e-01 0.000000000000000000e+00 9.626285941794077150e-01
8.405970352648055588e-01 1.198548456850229815e+00 6.292709733043841958e-01 8.860667149792751385e-01 7.530146376992944424e-01 3.207871303743016211e-01 6.683555072845346334e-01 6.924381816928356637e-01 8.921721765747585575e-01 1.056620039379454035e+00 8.875362512598363729e-01 3.158492433803207766e-01 4.922783181924402229e-01 8.520132709731542686e-01 4.293748360338340286e-01 6.272066495306594103e-01 7.195525046315164319e-01 7.541378459136871548e-01 3.156536288834330684e-01 5.082832092636329069e-01 4.394082547443073916e-01 3.256218357493610993e-01 5.384603833782746207e-01 9.626285941794077150e-01 0.000000000000000000e+00
