0.000000000000000000e+00 1.564552193395898350e+00 1.378102301879147396e+00 9.171527350641960341e-01 1.183873985050831079e+00 8.683360833208323415e-01 6.876786439080356805e-01 6.137938304654477761e-01 1.121627012911569077e+00 9.937155514015710844e-01 5.039678142426672336e-01 5.477175959679786432e-01 3.540370367007834584e-01 8.485913196388547020e-01 8.848142368266713742e-01 2.765430168292402624e-01 9.958537950544665840e-01 5.968666738818401152e-01 6.522022943311004406e-01 2.615061924657676729e-01 1.332715904649603544e+00 4.648770252369126554e-01 4.739750527524321244e-01 7.997126473000343294e-01 6.822202209737917578e-01 4.346091472732727112e-01 1.189196488164003807e+00 2.016745857423860588e-01 9.218589518606485900e-01 7.307450305491012266e-01 7.281229037550637218e-01 6.707039401203399587e-01 1.037693072414157980e+00 2.155582816695387760e-01 1.595763637529061807e-01 1.576815510010425025e-01 5.191080016779699990e-01 7.192372256560811694e-01 8.712360071543648887e-01 5.390089269725583110e-01 3.252369041552062856e-01 5.318368821269235935e-01 9.032703119441638506e-01 5.956930460802779548e-01 1.052517914201350990e+00 9.765379003384003775e-01 5.426189267042337283e-01 1.193079938242423976e+00 7.912090372580005138e-01 3.077578249358109419e-01 3.853054969643918692e-01 4.601892017624781284e-01 7.581514629809269490e-01 9.255424861825052307e-01 7.870037666910630891e-01 1.047463734944904301e+00 5.839843059575500206e-01 7.316398042822691572e-01 1.028619729231168511e+00 8.428464021907970949e-01 1.452958055891227174e+00 7.229532269868748084e-01 5.517846404214585831e-01 4.282184955033450646e-01 1.109353438169360606e+00 5.748017290265885482e-01 1.294324139743780133e+00 9.555812452125654888e-01 6.286769642651538481e-01 8.100736820442819841e-01 8.283285833039752966e-01 6.250511595324559355e-01 9.008448479109752993e-01 1.086582571486848919e-01 5.183364465598714332e-01
1.564552193395898350e+00 0.000000000000000000e+00 1.342201945701426924e+00 1.638941355299463831e+00 9.210924995860454434e-01 1.568273294338761392e+00 9.009320022933722250e-01 1.080856456350422379e+00 4.608894440327621633e-01 9.431863051841358203e-01 1.209142632583784183e+00 1.276870751968734119e+00 1.238296495258017105e+00 8.191347879805940257e-01 7.939375506537372784e-01 1.576253700783450284e+00 7.613580291066808226e-01 1.044180731920829386e+00 9.735665140875232604e-01 1.308786663743612300e+00 2.356936640814586703e-01 1.115805088949185730e+00 1.092771778172641151e+00 8.876294690070121174e-01 1.382775400378910335e+00 1.218699454527450765e+00 1.150191718226562188e+00 1.437086917632522054e+00 6.434894422950270254e-01 1.010719181270408384e+00 1.447910940507763922e+00 9.018663196572139773e-01 6.284835302115863165e-01 1.596210676366883519e+00 1.417709813181458278e+00 1.587442986529847389e+00 1.183526069090264699e+00 8.530843922132828050e-01 8.535871960862289054e-01 1.166696252807029044e+00 1.241326447548595446e+00 1.042029053199056809e+00 7.536020425560826519e-01 1.055321666950153281e+00 7.861634575958600379e-01 8.572156716388790176e-01 1.086609415121176481e+00 3.764167785865381033e-01 8.460508248353360017e-01 1.334619389097472464e+00 1.213792766170493698e+00 1.173852599109408867e+00 8.067713173946901017e-01 9.436119557657436374e-01 1.483014809348056628e+00 5.222441555064123442e-01 9.814593855750236573e-01 8.979809532014491058e-01 6.359496323205315882e-01 1.569108777045452374e+00 1.237284959894008329e-01 9.914153625334689579e-01 1.250822017925248719e+00 1.211952490170649988e+00 1.062854336484111650e+00 1.044080184117557097e+00 1.258322078060784222e+00 7.473603551846291770e-01 1.323784489114715912e+00 7.553700094882913607e-01 7.612766745819481429e-01 1.089952394343540965e+00 8.634878849293958769e-01 1.646345362650190047e+00 1.148782386828744118e+00
1.378102301879147396e+00 1.342201945701426924e+00 0.000000000000000000e+00 1.608510073315465805e+00 9.096856191451123674e-01 1.412685609098094375e+00 9.450733226624342675e-01 7.918399248409542235e-01 9.092068330340378202e-01 4.053461080622536850e-01 1.020500531769740649e+00 1.245915980263504474e+00 1.130293161920817191e+00 8.683606104453219787e-01 7.221236456112271052e-01 1.438745027451104219e+00 6.665883384001315415e-01 1.050025670098220676e+00 7.816714235211511541e-01 1.170759258862745567e+00 1.111587231650161600e+00 1.142405592980368256e+00 1.032383394650039143e+00 5.938667063465977725e-01 1.227474772322699303e+00 9.490444058158227225e-01 2.061258503307830947e-01 1.255649330676204878e+00 7.669621901888458160e-01 8.926226282645521870e-01 1.417479658523766117e+00 1.012724750515950234e+00 7.871970516838771026e-01 1.418706450253721219e+00 1.299678324908569271e+00 1.469411498256958604e+00 9.477396714578911752e-01 7.919945760936754064e-01 7.100468497482084196e-01 1.143760484547518219e+00 1.223043951660002238e+00 1.144089802925424948e+00 6.007387004080999571e-01 7.833974139029399320e-01 7.842467386144100772e-01 5.363964109457525220e-01 9.220034778321416491e-01 9.729591389777664245e-01 6.566619801175852533e-01 1.071362247260919665e+00 1.065919372134402465e+00 1.070052707259033564e+00 9.033896010639175245e-01 4.800434177695719895e-01 1.327714181291845374e+00 8.240185848154261139e-01 9.124262345690000720e-01 9.678062562285946191e-01 7.072318726457232918e-01 1.538567356205597481e+00 1.227944605295085312e+00 7.533165896878487588e-01 1.095521389869036133e+00 1.142504338005494890e+00 3.282929756417660161e-01 1.030636585280970907e+00 1.166527848626775776e-01 7.811675426086277518e-01 1.292829717409486268e+00 8.043157375914741225e-01 8.868957995645589953e-01 9.268010875416053951e-01 5.999015176354033363e-01 1.486291340905003144e+00 8.597658553192765174e-01
9.171527350641960341e-01 1.638941355299463831e+00 1.608510073315465805e+00 0.000000000000000000e+00 1.411219136647478445e+00 1.131507602323807538e+00 7.412072156439359905e-01 1.042272413163127354e+00 1.202338366208809184e+00 1.216729585210483355e+00 7.721668708034643558e-01 3.784098821316836947e-01 7.309648831849381301e-01 1.056563414350888630e+00 9.953828192271646502e-01 9.598052561221013246e-01 1.203201516335128618e+00 8.624984520936090915e-01 8.386728806706985617e-01 6.731135745291649819e-01 1.406734479573450658e+00 5.836661607040060096e-01 5.956595916912782451e-01 1.081233588323243122e+00 9.418240386717267043e-01 8.224708631551962412e-01 1.416499845840601735e+00 8.552861763574018950e-01 9.980924376567343881e-01 1.055770005587158611e+00 1.932995887898580623e-01 8.415896020100591679e-01 1.149038362208422592e+00 1.000060916269050137e+00 7.931895485906139687e-01 9.527612318151305049e-01 9.101448203596901321e-01 8.203098044713794668e-01 1.202855563423032237e+00 4.743695640939609715e-01 6.083534964966219594e-01 7.357420448896339060e-01 1.068521778222228713e+00 9.354347356548705639e-01 1.274984257249052177e+00 1.209100456183860306e+00 7.277988881109981323e-01 1.267098513166270646e+00 9.547862467366169392e-01 7.587344976424232890e-01 6.563142263259137410e-01 8.082562497831436987e-01 8.612893796586148509e-01 1.172994810699228285e+00 1.048131571062314249e+00 1.121482309868751193e+00 6.973866426182634415e-01 9.477049320129743437e-01 1.105332223300315331e+00 1.254392617642396679e-01 1.527347217794792211e+00 1.121147717626512330e+00 8.106604815307555389e-01 4.920204370407731398e-01 1.336397616510459851e+00 5.973354800564250056e-01 1.524630205674823324e+00 1.133886545562930337e+00 3.178596031769233554e-01 8.867861761134292475e-01 9.728701478557170157e-01 9.686791099023260854e-01 1.190032644342156720e+00 1.002270749145342643e+00 9.366477270641492270e-01
1.183873985050831079e+00 9.210924995860454434e-01 9.096856191451123674e-01 1.411219136647478445e+00 0.000000000000000000e+00 1.270179448660283317e+00 6.762554727825597078e-01 5.700801545853837471e-01 4.786372225881279086e-01 5.100102207305474700e-01 8.858069225331436369e-01 1.048625043595517337e+00 8.996984374841027199e-01 3.937249477989313018e-01 4.980409528146313436e-01 1.236322033490838468e+00 2.647781447232627761e-01 6.439550134480542809e-01 6.424114611677684827e-01 9.948379657423209732e-01 6.926505662169775146e-01 8.574071170460962898e-01 8.578435129832435724e-01 4.274821731272168135e-01 1.084681554700432260e+00 7.685600195895202491e-01 7.176753916702482972e-01 1.061002988622239851e+00 4.367503499075766626e-01 5.199655922057594415e-01 1.220188721855779423e+00 5.950654021904994151e-01 3.093551658935604354e-01 1.224060108199755970e+00 1.094809706302968921e+00 1.264542879651358254e+00 6.890621063117420286e-01 6.006695764674094828e-01 3.229788856690603560e-01 9.373750962940224918e-01 9.406676579219660495e-01 7.232307224443315086e-01 3.648004157403884062e-01 6.174580700129091992e-01 1.367651883553312187e-01 3.977210460723545338e-01 7.827435154787586447e-01 5.675140892618306676e-01 5.011483350092357236e-01 8.771339304326037922e-01 9.231261545121355327e-01 7.755993156892544427e-01 5.502309264488588481e-01 5.237919343123447202e-01 1.184920963669578553e+00 4.428128951563516935e-01 7.359224961659406317e-01 5.138474315825402039e-01 3.132211180151568963e-01 1.341276419537610121e+00 8.068351591797036093e-01 4.714771474887966551e-01 9.527281722467700886e-01 9.704952384789581332e-01 6.296782520305237441e-01 8.141848260510482493e-01 8.258057515044697761e-01 2.776337605445428069e-01 1.095538780741498908e+00 5.256568114634733169e-01 4.386501582517566833e-01 6.106080362953120177e-01 3.435326664942961461e-01 1.292063024076687272e+00 6.738606447252142306e-01
8.683360833208323415e-01 1.568273294338761392e+00 1.412685609098094375e+00 1.131507602323807538e+00 1.270179448660283317e+00 0.000000000000000000e+00 7.364266777769646888e-01 7.895056016397320464e-01 1.136649086735112890e+00 1.020905120993111925e+00 3.923466535306554537e-01 7.580809847794274248e-01 7.558205612233239723e-01 1.080568030865860285e+00 8.659998601919727257e-01 9.663223754367251672e-01 1.042529359351560547e+00 9.098055151813120300e-01 6.313012427613985400e-01 6.203448857429948449e-01 1.336066418612748885e+00 7.331059280078477958e-01 5.764552806804997820e-01 8.569441821582650665e-01 2.087478420100689902e-01 5.913544801392319750e-01 1.220675381623229416e+00 7.799520138624977950e-01 9.448146422911265496e-01 9.691853805775411113e-01 9.435102397241901251e-01 9.043108209183852164e-01 1.103237399025803533e+00 9.323499298966413384e-01 7.892895594435737072e-01 9.435984159646197966e-01 7.750446503358041639e-01 7.219433520748191890e-01 9.841110089230808988e-01 7.449834371418916357e-01 6.858627113930694241e-01 8.689842665584346371e-01 9.078700376299622121e-01 6.658466575091932516e-01 1.144249520689906818e+00 1.024331675512297535e+00 4.990411603370529248e-01 1.196430452205568651e+00 7.761041298686779388e-01 6.307299268299952910e-01 4.937880707669318747e-01 7.978226477660530502e-01 8.624293260247253290e-01 9.666220999996110175e-01 1.327231105523263288e-01 1.048662221967036734e+00 6.101318014527624678e-01 1.022335277066127146e+00 1.024569856353361175e+00 1.055978868694978923e+00 1.456273198686673043e+00 8.956752679637935977e-01 3.250959412240473911e-01 6.447598007609868231e-01 1.140573152293088643e+00 6.893196576678423115e-01 1.328805741457451672e+00 1.106858312058705440e+00 8.353024570610927402e-01 8.300718771081398994e-01 9.740100942218272717e-01 8.871811381691133702e-01 9.657432381771791086e-01 9.765251223466878683e-01 6.958630284377526065e-01
6.876786439080356805e-01 9.009320022933722250e-01 9.450733226624342675e-01 7.412072156439359905e-01 6.762554727825597078e-01 7.364266777769646888e-01 0.000000000000000000e+00 5.667049414375492367e-01 4.643290132027169670e-01 5.532928345574520401e-01 3.908751801262903558e-01 3.851588312082873111e-01 3.912531135842073904e-01 3.441413530888954853e-01 3.079591049809094483e-01 7.125198591383062885e-01 4.736434947547026320e-01 3.235424815508625151e-01 2.854592186708524437e-01 4.333835057807541302e-01 6.687251265673583855e-01 2.323699862862285137e-01 2.168584736043698835e-01 4.423964525091429456e-01 5.503224687744235899e-01 4.457960951791142268e-01 7.530630951875700863e-01 5.824741499567128722e-01 2.600830846506424487e-01 4.623723759571110592e-01 5.503197339610683692e-01 1.719860227514369844e-01 4.105341540086967500e-01 7.388131640204456119e-01 5.504403252613776498e-01 7.158074626869770363e-01 4.819370082386332244e-01 1.531068595031120916e-01 4.971832188458581436e-01 2.670620058304848388e-01 3.640823110810144092e-01 2.214888064007798640e-01 3.603243811975639921e-01 4.295281875498564439e-01 5.397194239241391855e-01 5.104385643988743615e-01 2.733513931493644078e-01 5.290891601601784844e-01 2.946494560478453151e-01 5.010532796683182521e-01 3.431477296468776195e-01 3.779001595556090720e-01 1.306021975094114607e-01 5.095580600461970810e-01 6.511681927862599251e-01 3.834729568626591978e-01 1.404032695160207234e-01 2.859085992891623462e-01 3.697272311478708717e-01 6.715175704987564886e-01 7.893378647887001609e-01 5.651709457354756605e-01 4.159779993805166609e-01 3.252783782835030890e-01 6.729608658574284252e-01 1.438717355875105686e-01 8.611934550217917872e-01 4.031993634137275295e-01 4.273353938467600033e-01 1.529722504495621971e-01 2.421829657065135977e-01 4.483768606791568301e-01 5.450994838102528606e-01 7.694718131623272672e-01 5.105877462973256176e-01
6.137938304654477761e-01 1.080856456350422379e+00 7.918399248409542235e-01 1.042272413163127354e+00 5.700801545853837471e-01 7.895056016397320464e-01 5.667049414375492367e-01 0.000000000000000000e+00 6.561716548134214344e-01 4.074531743633776348e-01 3.997752118711072611e-01 6.705141026736616272e-01 3.492287991063455221e-01 3.395680380000054011e-01 4.247060506792479373e-01 6.662418789054549428e-01 3.859615777250565150e-01 2.779367849425029569e-01 2.844480774491398578e-01 4.316353283090950121e-01 8.476417068896243689e-01 5.302792198071692997e-01 4.902071160975717823e-01 2.134502702618408798e-01 6.107061315018417202e-01 2.208021993667971250e-01 6.029341111258100794e-01 4.909228340368557708e-01 4.989674840674721001e-01 2.119642310575609589e-01 8.542750505635097191e-01 4.416986590679946034e-01 4.841592962747071072e-01 6.539799536143715564e-01 5.256073462765089577e-01 6.953405196248985121e-01 1.558997466169371737e-01 4.166829425568263079e-01 2.574421766889171126e-01 6.339601731729516132e-01 4.787889974295468920e-01 3.879162672496346831e-01 3.328570111675794307e-01 1.389052301559353109e-01 4.387240837359032697e-01 3.902755233002069279e-01 3.417866299289616383e-01 7.090136142172289713e-01 3.220940613903603977e-01 3.070537758472200451e-01 4.246769463799671684e-01 2.782127824180793962e-01 5.626834172596391070e-01 3.392801091443118366e-01 7.081732850099627941e-01 5.600730600548889937e-01 4.320696852374832364e-01 3.927392543504895639e-01 4.592257938563542030e-01 9.673946825152985873e-01 9.676840367745266347e-01 1.231722322773902145e-01 4.865731356616907477e-01 5.515132615970247398e-01 5.230910611311669900e-01 5.574914328445038647e-01 7.080617627055862950e-01 3.672272396262299954e-01 7.545911295783979122e-01 4.902536407082352388e-01 4.511026490625369423e-01 1.732687269016500442e-01 2.981390708052424898e-01 7.219828694913030809e-01 1.080886845830607845e-01
1.121627012911569077e+00 4.608894440327621633e-01 9.092068330340378202e-01 1.202338366208809184e+00 4.786372225881279086e-01 1.136649086735112890e+00 4.643290132027169670e-01 6.561716548134214344e-01 0.000000000000000000e+00 5.101911925167462725e-01 7.775184249801351255e-01 8.402677628780800267e-01 7.953713147736871658e-01 3.585610798299643243e-01 3.623485123084091986e-01 1.133328520299121012e+00 3.193983050494250686e-01 5.908299157306601268e-01 5.419423064838735371e-01 8.726579826200897561e-01 2.415286298202529158e-01 6.792020998585310831e-01 6.563959617063637175e-01 4.656994140144265493e-01 9.511511927752620554e-01 7.885314523011985877e-01 7.171966055591734168e-01 9.941617371481928922e-01 2.056315050022373137e-01 5.501454731197786829e-01 1.011307951417110162e+00 4.589411391728830947e-01 1.749656885935902961e-01 1.153285495882554246e+00 9.747846326971287834e-01 1.144517806045518116e+00 7.264420681686593051e-01 4.211214440305644513e-01 4.092061309506834776e-01 7.300932637163746186e-01 8.001360520149523037e-01 5.991038727147262044e-01 3.316719875634971393e-01 6.333916119575677683e-01 3.430664468132220146e-01 4.242205589714891922e-01 6.549852075175269794e-01 1.329465736806717813e-01 4.196876254158786179e-01 8.845488786646558133e-01 7.801495799745644666e-01 7.205017829192403855e-01 3.701683283040351768e-01 5.112718845459583994e-01 1.051390601744407904e+00 1.286620538981576856e-01 5.475795062806269042e-01 4.440052742398658547e-01 2.029545196531420403e-01 1.132505787954798615e+00 3.485149525950443916e-01 5.329994225360312754e-01 8.191978103215996621e-01 7.755766737043729986e-01 6.298592238167225466e-01 6.074771950269021170e-01 8.253269653933953398e-01 2.889444151871913835e-01 8.871815000240615978e-01 3.214901301938946632e-01 3.079258583917788283e-01 6.328683934219352381e-01 4.211962387094326798e-01 1.203420182165860775e+00 7.268523318361589380e-01
9.937155514015710844e-01 9.431863051841358203e-01 4.053461080622536850e-01 1.216729585210483355e+00 5.100102207305474700e-01 1.020905120993111925e+00 5.532928345574520401e-01 4.074531743633776348e-01 5.101911925167462725e-01 0.000000000000000000e+00 6.287200436647588653e-01 8.541354921585223581e-01 7.459064114432405468e-01 4.721097671793244022e-01 3.303431575062449888e-01 1.054358276973527797e+00 2.669129399855664220e-01 6.656389196206442538e-01 3.898909354161688712e-01 7.863725083851690334e-01 7.136576363302233883e-01 7.506251048753864730e-01 6.406029065450572491e-01 2.094799558690212948e-01 8.356942842177166320e-01 5.646576553382458563e-01 2.116346564464981761e-01 8.712625801986282337e-01 3.690325948689073821e-01 5.082358777869760980e-01 1.025699170418784556e+00 6.147951551960118000e-01 3.875216532693122051e-01 1.034319699776144130e+00 9.152915744309918500e-01 1.085024747779381071e+00 5.633529209803147531e-01 4.002140879886931790e-01 3.197190459096318493e-01 7.519799964425358807e-01 8.312634635550207873e-01 7.461602076054870691e-01 2.028091050881613844e-01 3.990106634253632323e-01 3.845713401998450132e-01 1.360857639051950008e-01 5.302229897271589776e-01 5.750295436578278796e-01 2.648814920126029149e-01 6.869754967833433534e-01 6.741388840294199047e-01 6.856659567814569201e-01 5.054600057439792016e-01 1.277164280033250277e-01 9.359336931868627030e-01 4.260889894954879020e-01 5.206457464640179555e-01 5.799081427857978310e-01 3.082162321284317441e-01 1.146786868100615031e+00 8.289289647777939862e-01 3.689298392102722812e-01 7.037409017640543496e-01 7.507238499005125520e-01 1.196680312999762463e-01 6.388560971759889018e-01 3.206451118515288856e-01 3.814921441940630764e-01 9.010492293045040402e-01 4.101612358361632071e-01 4.889662042446206724e-01 5.424143370640287509e-01 1.998375670634663370e-01 1.101904590427426944e+00 4.753791048416996512e-01
5.039678142426672336e-01 1.209142632583784183e+00 1.020500531769740649e+00 7.721668708034643558e-01 8.858069225331436369e-01 3.923466535306554537e-01 3.908751801262903558e-01 3.997752118711072611e-01 7.775184249801351255e-01 6.287200436647588653e-01 0.000000000000000000e+00 3.987402532590840210e-01 3.847100310140866286e-01 7.276142553124320678e-01 4.939150726693330440e-01 6.033483813604827439e-01 6.581568332244209785e-01 5.292821552935753626e-01 2.433954613653752652e-01 2.573708916667524216e-01 9.769357568577711204e-01 3.717051009662179495e-01 2.208166718274566231e-01 4.647591048299117844e-01 2.135471833927651830e-01 2.068038762792408780e-01 8.284903042948768004e-01 4.152072417915984026e-01 5.888896380312037548e-01 5.811966626389494239e-01 5.841695082038466103e-01 5.526119283177852726e-01 7.473123947658808497e-01 5.679816608184765636e-01 4.263155653673313394e-01 5.806244218883772623e-01 3.904940464758128171e-01 3.703087729294676222e-01 5.935345901070241403e-01 3.893448282888480882e-01 3.231588788404719526e-01 5.075834395168047353e-01 5.234975115028225323e-01 2.752702386931364931e-01 7.570918104484193334e-01 6.350940735945119764e-01 1.332045846056013616e-01 8.372997904505911082e-01 3.925216847413279808e-01 2.618178478125676722e-01 1.310842382143345974e-01 4.235699443631537608e-01 5.168778283740507185e-01 5.744370226712581795e-01 3.109560088731757599e-01 6.895315602120588583e-01 2.589204326399860423e-01 6.767837794154526465e-01 6.582703612131941551e-01 6.966381371746352968e-01 1.097142536931696499e+00 5.059448781951689789e-01 1.209302418448292005e-01 2.854190692406433083e-01 7.483880749647351394e-01 3.376207650672428673e-01 9.366206641290982793e-01 7.162818932426486818e-01 4.759617255407493364e-01 4.784372979627882772e-01 6.284585965711527722e-01 4.991924202305217384e-01 5.735581608488259375e-01 6.121568532685227604e-01 3.061326386691278212e-01
5.477175959679786432e-01 1.276870751968734119e+00 1.245915980263504474e+00 3.784098821316836947e-01 1.048625043595517337e+00 7.580809847794274248e-01 3.851588312082873111e-01 6.705141026736616272e-01 8.402677628780800267e-01 8.541354921585223581e-01 3.987402532590840210e-01 0.000000000000000000e+00 3.647247676358367774e-01 6.944902287695765564e-01 6.327887261752043191e-01 5.920261270051140334e-01 8.406074232831677318e-01 4.973675035741426664e-01 4.646616365321795117e-01 3.013552640396994220e-01 1.044663876242721168e+00 2.253658775989980378e-01 2.216483475527596669e-01 7.072223441847241832e-01 5.683974211273460364e-01 4.507125526657304593e-01 1.053905752788640626e+00 4.875070472404148814e-01 6.360218343260052309e-01 6.906390570676922414e-01 1.908081628897286830e-01 4.845812911439235648e-01 7.869677588776933241e-01 6.322817871520627353e-01 4.250676972565148870e-01 5.846393804810312567e-01 5.439047048105885018e-01 4.577157114194189691e-01 8.407823778417207183e-01 1.472140332583093125e-01 2.413599361822494627e-01 3.706110963701676475e-01 7.059276851702683819e-01 5.620081181104898960e-01 9.156580927180021368e-01 8.465063631318996418e-01 3.543722705666177974e-01 9.050279098355412666e-01 5.921921536846563860e-01 3.869761871529575625e-01 2.843683493817880659e-01 4.431253012636772182e-01 5.061925502373803010e-01 8.099845595317434199e-01 6.747049535179335811e-01 7.594117065380220355e-01 3.347925495663028883e-01 5.856317464316619370e-01 7.427381302483548886e-01 2.995373352542194945e-01 1.165276614464062943e+00 7.560167691070460716e-01 4.372338639863749821e-01 1.211692527687387166e-01 9.738035234584989652e-01 2.504464578261306196e-01 1.162036112622862216e+00 7.787897161416963421e-01 1.135666112240150821e-01 5.241920830614686944e-01 6.177733184344823547e-01 6.035481613828596048e-01 8.160214002036382253e-01 6.328858372498226137e-01 5.648894165746833895e-01
3.540370367007834584e-01 1.238296495258017105e+00 1.130293161920817191e+00 7.309648831849381301e-01 8.996984374841027199e-01 7.558205612233239723e-01 3.912531135842073904e-01 3.492287991063455221e-01 7.953713147736871658e-01 7.459064114432405468e-01 3.847100310140866286e-01 3.647247676358367774e-01 0.000000000000000000e+00 5.074680697930631368e-01 6.874211789391394545e-01 3.490193639294446037e-01 7.288372768228185139e-01 2.557434240360486610e-01 4.736174745367850436e-01 2.410546812149200469e-01 1.007242387383402438e+00 2.219420013870664066e-01 3.453074707338149585e-01 5.519035073417039028e-01 5.738007439037731139e-01 2.233820367845001931e-01 9.413873482056732689e-01 2.002810104973556105e-01 5.956032537227662349e-01 4.153154714302529915e-01 5.419350518758060398e-01 3.402607954837849613e-01 7.023808597911949114e-01 3.594047692317176579e-01 2.029530958201020696e-01 3.726862691684917350e-01 2.189840722968462161e-01 5.242558178195726448e-01 5.865029507888648297e-01 3.278787442701590615e-01 1.483718677461278168e-01 2.010056586845046789e-01 6.713102482474424537e-01 3.685545386586729366e-01 7.631623886256824196e-01 7.287287603800699509e-01 3.884115092924053658e-01 8.672954276246158667e-01 5.978407134753128682e-01 1.335625935719964574e-01 3.028732260800353626e-01 1.328894775760188773e-01 4.340308129219957456e-01 6.777333462241746931e-01 6.744882445935547199e-01 7.227762520693123971e-01 4.633701767336059207e-01 3.860306015459076256e-01 7.095973591711847162e-01 6.570404697167834263e-01 1.126702357753345707e+00 4.380046889691284751e-01 4.433651633514399393e-01 2.483460809292318272e-01 8.615442982110300685e-01 3.309619564366204636e-01 1.046514999785449485e+00 6.220646769395601350e-01 4.413468403945491891e-01 5.392524634834207076e-01 4.951511858637416275e-01 3.076094523092071653e-01 6.473678699115880120e-01 4.339092092224770547e-01 2.727713124270437772e-01
8.485913196388547020e-01 8.191347879805940257e-01 8.683606104453219787e-01 1.056563414350888630e+00 3.937249477989313018e-01 1.080568030865860285e+00 3.441413530888954853e-01 3.395680380000054011e-01 3.585610798299643243e-01 4.721097671793244022e-01 7.276142553124320678e-01 6.944902287695765564e-01 5.074680697930631368e-01 0.000000000000000000e+00 3.974424446562248581e-01 8.564874337225079071e-01 2.623174636010360272e-01 2.517246457570145868e-01 5.382733720855720216e-01 6.877868350703196798e-01 5.982008362006803193e-01 4.743183680544494907e-01 5.514313482129469257e-01 3.084483798247301678e-01 8.944638218633190752e-01 5.549308758780859829e-01 6.794547967301783897e-01 7.027616660584059538e-01 2.015395548922555569e-01 1.942081172211189144e-01 8.669689948514570643e-01 2.235065283606486319e-01 2.158635743604012946e-01 8.653710388836229894e-01 7.070796637012080055e-01 8.768128370495975599e-01 3.749003056458151129e-01 4.060270825748460433e-01 1.583137606971138367e-01 5.915287039600894969e-01 5.529376153202053557e-01 3.355006798425708703e-01 3.476170797560178549e-01 4.523440166192959078e-01 2.571888989405107240e-01 3.876358139665039837e-01 6.174927462382598931e-01 4.604772448406043162e-01 4.463757127675418990e-01 5.657122065663415800e-01 6.777206042554545506e-01 3.953182278972051655e-01 2.271212887107608713e-01 4.368766801512685150e-01 9.953095458751555213e-01 3.193566655405016830e-01 4.845446226049162641e-01 1.261173889807795656e-01 2.846226284044400257e-01 9.842073421146108059e-01 7.070565208079351294e-01 2.254145307062853099e-01 7.601193524694120907e-01 5.853387739141118207e-01 5.912981941170389888e-01 4.683384337171153655e-01 7.845824483099542723e-01 1.160911872543885226e-01 7.474137100510964693e-01 2.976559133635799381e-01 1.155405205136587343e-01 2.793995453745390933e-01 2.770491373704563332e-01 9.369289475302047254e-01 4.459859320808641781e-01
8.848142368266713742e-01 7.939375506537372784e-01 7.221236456112271052e-01 9.953828192271646502e-01 4.980409528146313436e-01 8.659998601919727257e-01 3.079591049809094483e-01 4.247060506792479373e-01 3.623485123084091986e-01 3.303431575062449888e-01 4.939150726693330440e-01 6.327887261752043191e-01 6.874211789391394545e-01 3.974424446562248581e-01 0.000000000000000000e+00 9.701455818257835872e-01 2.806440631182312018e-01 5.720896375088050378e-01 2.540050055834924825e-01 6.281572090377109951e-01 5.616143714055311653e-01 5.235073251554814844e-01 4.353210631030520750e-01 2.314790633358374539e-01 6.805019662321217799e-01 4.992134704008042156e-01 5.301134181363629239e-01 8.047110193782609500e-01 1.959028897639693012e-01 5.439822364684824274e-01 8.043524044354662950e-01 4.039372040649054085e-01 3.521402607746559887e-01 9.612462910235337610e-01 7.931127658326317942e-01 9.501258867232227345e-01 5.806057972961850000e-01 1.750730147557852390e-01 3.767377065442986672e-01 5.306332304592175086e-01 6.454896169198958145e-01 5.137521228929469164e-01 1.465526793076124545e-01 3.622079680753091391e-01 3.682437222934422105e-01 3.032804829054407403e-01 3.790495763624184833e-01 4.220947085205439264e-01 1.329217932586690409e-01 6.263811322442233154e-01 5.125444127060770905e-01 6.701634760477761521e-01 2.746013700265547142e-01 2.908889454632727078e-01 7.807413752012679620e-01 2.740457245707957346e-01 3.096495498935245005e-01 4.396888797797177117e-01 2.280683192619493149e-01 9.254401021172972142e-01 6.816567012904338752e-01 3.985517564953229286e-01 5.485485837784593866e-01 5.555465891239909082e-01 4.500111888062212628e-01 4.137150239430807397e-01 6.382437779705847358e-01 3.628319764907609324e-01 6.797024633211860012e-01 1.628575018727173029e-01 3.100881782838057488e-01 5.653229790662851473e-01 3.311310170407495979e-01 9.915849929404498830e-01 4.821252086969351480e-01
2.765430168292402624e-01 1.576253700783450284e+00 1.438745027451104219e+00 9.598052561221013246e-01 1.236322033490838468e+00 9.663223754367251672e-01 7.125198591383062885e-01 6.662418789054549428e-01 1.133328520299121012e+00 1.054358276973527797e+00 6.033483813604827439e-01 5.920261270051140334e-01 3.490193639294446037e-01 8.564874337225079071e-01 9.701455818257835872e-01 0.000000000000000000e+00 1.052203456630511846e+00 6.047627879654933203e-01 7.407141474270785286e-01 3.459774896937303779e-01 1.345199592908836506e+00 4.983342920128204234e-01 5.405588261542295658e-01 8.603553728719911531e-01 7.800838105504881437e-01 5.072044320098572090e-01 1.249839213735960630e+00 2.024390941016399326e-01 9.335604592482005248e-01 7.601413457347792058e-01 7.707754248129690122e-01 6.782180010092190292e-01 1.045866678651397041e+00 1.663052942397827416e-01 1.770328159931514878e-01 1.582397309360203674e-01 5.572252027399611229e-01 7.995229274215052140e-01 9.172126923768132434e-01 5.749539940751899891e-01 3.589008862912137499e-01 5.393509430158027751e-01 9.797621137777300371e-01 6.734780530858933689e-01 1.104965962641358601e+00 1.037180625910357312e+00 6.348821626390057649e-01 1.205252633150049935e+00 8.797208903539786018e-01 3.775009028672627887e-01 4.788159065063770092e-01 4.790104149738616535e-01 7.719880184474297025e-01 9.861852117544620544e-01 8.849900588069559149e-01 1.060733457594746465e+00 6.642700077229740652e-01 7.331332095729075071e-01 1.047554564696619117e+00 8.858355996442346392e-01 1.464659563278779109e+00 7.687144305570769998e-01 6.491764780694595505e-01 4.732015557764756575e-01 1.169996163741317430e+00 6.107467961292201153e-01 1.354966865315736957e+00 9.693468806109047931e-01 6.713294853230591386e-01 8.605192090375195502e-01 8.358426441928543671e-01 6.514919537984465991e-01 9.614875734829321230e-01 2.684027363773258124e-01 5.789791721318282569e-01
9.958537950544665840e-01 7.613580291066808226e-01 6.665883384001315415e-01 1.203201516335128618e+00 2.647781447232627761e-01 1.042529359351560547e+00 4.736434947547026320e-01 3.859615777250565150e-01 3.193983050494250686e-01 2.669129399855664220e-01 6.581568332244209785e-01 8.406074232831677318e-01 7.288372768228185139e-01 2.623174636010360272e-01 2.806440631182312018e-01 1.052203456630511846e+00 0.000000000000000000e+00 4.960414966441285545e-01 4.147613718590454912e-01 7.980623971914507786e-01 5.322987236717111603e-01 6.973545606118828344e-01 6.445843867432101693e-01 2.173101329038109042e-01 8.570314653917092684e-01 5.722167233589012802e-01 4.745781109252669716e-01 8.734008238515238443e-01 2.451182728304260872e-01 3.619122952442112573e-01 1.012171101543429597e+00 4.618003780813731973e-01 1.632242990251035475e-01 1.036457943429039741e+00 9.115689240015656392e-01 1.081302097349954972e+00 5.100047508781854200e-01 3.917143677840256299e-01 1.527847522425611893e-01 7.384169551215958860e-01 8.102796837053570789e-01 5.928427482277228711e-01 1.425634521772776164e-01 4.107005522316449220e-01 1.394767532172108138e-01 1.391204048696474127e-01 5.550934261700356531e-01 4.055182997004519452e-01 2.753332008639949313e-01 6.891137404362387420e-01 6.954760652034126522e-01 6.083967408883137473e-01 3.883207890573868171e-01 2.944552793976112914e-01 9.572708743608553394e-01 2.732002131283304269e-01 5.189128735336826503e-01 3.830458127459699935e-01 1.378720966753683164e-01 1.133258799225260294e+00 6.471006887003389885e-01 2.908325878536899278e-01 7.250780829380472081e-01 7.629744689184378981e-01 3.865809712855426961e-01 6.167916765788878930e-01 5.827084707594889501e-01 1.472457863279340584e-01 8.875211604291494139e-01 3.206712443051405459e-01 3.041757348977378594e-01 4.470382744240534167e-01 1.140805036326364291e-01 1.104042834080322555e+00 4.775173484945952618e-01
5.968666738818401152e-01 1.044180731920829386e+00 1.050025670098220676e+00 8.624984520936090915e-01 6.439550134480542809e-01 9.098055151813120300e-01 3.235424815508625151e-01 2.779367849425029569e-01 5.908299157306601268e-01 6.656389196206442538e-01 5.292821552935753626e-01 4.973675035741426664e-01 2.557434240360486610e-01 2.517246457570145868e-01 5.720896375088050378e-01 6.047627879654933203e-01 4.960414966441285545e-01 0.000000000000000000e+00 5.361265280697584679e-01 4.569590564278755429e-01 8.144768003752307362e-01 2.961015957403906884e-01 4.852500903338687888e-01 4.678258759954557200e-01 7.310060450434217039e-01 3.224782790143345124e-01 8.611198563830767538e-01 4.510370203013915336e-01 4.028376667145945889e-01 1.932715534935494084e-01 6.734686207844766681e-01 1.721453210087491859e-01 4.618350905032796994e-01 6.136463931266084026e-01 4.582436145941330974e-01 6.279767879425225408e-01 1.583945266877707647e-01 4.629452304100140081e-01 3.580942063216518423e-01 4.430715490724939087e-01 3.233629697751153054e-01 1.448560356929741444e-01 5.753943299926180810e-01 3.955682445072322695e-01 5.074189645896337586e-01 6.050357253158830106e-01 4.949891378950640464e-01 6.734064279824067967e-01 5.862347513061358928e-01 3.139875608093270487e-01 4.879711091524486233e-01 1.435935821401906065e-01 2.986413154142142923e-01 6.001036938256049114e-01 8.284731985515427777e-01 5.300106650611406955e-01 4.388315107557830830e-01 1.661238199449542319e-01 5.273402323075757625e-01 7.890673438574467013e-01 9.325865944161574328e-01 2.973536622538403562e-01 6.006797404508290583e-01 3.862897516872868531e-01 7.812768063884334424e-01 3.695653552242436080e-01 9.662475079628529695e-01 3.663212529035115295e-01 5.701703424000788001e-01 4.155218437553434008e-01 2.829040573388812430e-01 1.290138728811143221e-01 4.871632267620070178e-01 6.891997279965078604e-01 2.783961002856044087e-01
6.522022943311004406e-01 9.735665140875232604e-01 7.816714235211511541e-01 8.386728806706985617e-01 6.424114611677684827e-01 6.313012427613985400e-01 2.854592186708524437e-01 2.844480774491398578e-01 5.419423064838735371e-01 3.898909354161688712e-01 2.433954613653752652e-01 4.646616365321795117e-01 4.736174745367850436e-01 5.382733720855720216e-01 2.540050055834924825e-01 7.407141474270785286e-01 4.147613718590454912e-01 5.361265280697584679e-01 0.000000000000000000e+00 4.111583832875920219e-01 7.413596383615094210e-01 4.120482061344672986e-01 2.507119711288883779e-01 2.471147574082874498e-01 4.458033488015479828e-01 2.502354377522847950e-01 5.896611960462869728e-01 5.508009075577158242e-01 3.565624492012086644e-01 4.880757416561229967e-01 6.480803564303279085e-01 4.533049227302273776e-01 5.140696881880935099e-01 7.073361792029887463e-01 5.776268324945823540e-01 7.344119135092169737e-01 3.938517655053119237e-01 1.559636082689468406e-01 3.933137815342651056e-01 3.743611824540793442e-01 4.413725281388515831e-01 4.808729308122653423e-01 2.801020501374472671e-01 1.522834480023916581e-01 5.164815331973917623e-01 3.962649653459220378e-01 1.403320543109901342e-01 6.017236719543295198e-01 1.491262233759526878e-01 3.723761266607310549e-01 2.842479486132509781e-01 4.872471339405881063e-01 3.561626297936061891e-01 3.453229229995637417e-01 5.460427577706938873e-01 4.539554417157972144e-01 1.611299506620526290e-01 5.404167412601601495e-01 4.148748998478187233e-01 7.631441470418693918e-01 8.615664184354349109e-01 3.527068939541462278e-01 3.138499663478855894e-01 3.608329144843436809e-01 5.095589667161450897e-01 2.936887233323002278e-01 6.977915558805085627e-01 5.112997143553740242e-01 5.234304153160476147e-01 2.572956552339042413e-01 4.477066394188532472e-01 4.577168043507899298e-01 3.559138134272016862e-01 7.603913333569557453e-01 2.577304277841540592e-01
2.615061924657676729e-01 1.308786663743612300e+00 1.170759258862745567e+00 6.731135745291649819e-01 9.948379657423209732e-01 6.203448857429948449e-01 4.333835057807541302e-01 4.316353283090950121e-01 8.726579826200897561e-01 7.863725083851690334e-01 2.573708916667524216e-01 3.013552640396994220e-01 2.410546812149200469e-01 6.877868350703196798e-01 6.281572090377109951e-01 3.459774896937303779e-01 7.980623971914507786e-01 4.569590564278755429e-01 4.111583832875920219e-01 0.000000000000000000e+00 1.076579788017599348e+00 2.411957775331557974e-01 2.165250321763843855e-01 5.923696042836326114e-01 4.341063208567578213e-01 2.262779461528008074e-01 9.818534451476020886e-01 2.063489158425439729e-01 6.684120540680150713e-01 5.709967145625268747e-01 4.851162119295473474e-01 4.825980498696898491e-01 8.268348108026922771e-01 3.392058156739507502e-01 1.689446737005789456e-01 3.232535302216249518e-01 3.537604111240960081e-01 4.625801978671207904e-01 6.890775049980121247e-01 3.090543135038253952e-01 1.406221025241785327e-01 3.522861552277488650e-01 6.877271781561552499e-01 3.873618449598060232e-01 8.634818948928405513e-01 7.691948573219986596e-01 2.889945169782768275e-01 9.369438216104194472e-01 5.531405296910064662e-01 1.429714956185485220e-01 1.328384168126467701e-01 3.201972997314945779e-01 5.544172248098468980e-01 7.181994431661034017e-01 5.390125691132257035e-01 7.913276183129003272e-01 3.273272781685895860e-01 5.709768987053189804e-01 7.719627014422076883e-01 5.982358438813362156e-01 1.197192526238941124e+00 5.476739255435550957e-01 3.031989883757291726e-01 1.823544229630625069e-01 9.020103951529587771e-01 3.457145737293845777e-01 1.086981096727378082e+00 7.902336546586916644e-01 3.854322909444354850e-01 5.534166542553218271e-01 6.402226930533254645e-01 4.663201145352264265e-01 6.985343486039842231e-01 3.645175545751163648e-01 3.320843437115469365e-01
1.332715904649603544e+00 2.356936640814586703e-01 1.111587231650161600e+00 1.406734479573450658e+00 6.926505662169775146e-01 1.336066418612748885e+00 6.687251265673583855e-01 8.476417068896243689e-01 2.415286298202529158e-01 7.136576363302233883e-01 9.769357568577711204e-01 1.044663876242721168e+00 1.007242387383402438e+00 5.982008362006803193e-01 5.616143714055311653e-01 1.345199592908836506e+00 5.322987236717111603e-01 8.144768003752307362e-01 7.413596383615094210e-01 1.076579788017599348e+00 0.000000000000000000e+00 8.835982132231726682e-01 8.605649024466276442e-01 6.544147195462141076e-01 1.150568524652897828e+00 9.854847050666529773e-01 9.195770041752971968e-01 1.206032809757908053e+00 4.116391336606360363e-01 7.877627410242109551e-01 1.215704064781751415e+00 6.708122117825986441e-01 4.017346449511894901e-01 1.365156568492269962e+00 1.186655705306844277e+00 1.356388878655233610e+00 9.584585413236025309e-01 6.208775164872690766e-01 6.251452627171609766e-01 9.344893770810159817e-01 1.009119571822582273e+00 8.109749453244414763e-01 5.203872930952844200e-01 8.221069174893550491e-01 5.577215242267924422e-01 6.277382899884954570e-01 8.544025393951627523e-01 1.422914492517479423e-01 6.128360753745378808e-01 1.103565281222858019e+00 9.815858904444804134e-01 9.441486675638108839e-01 5.745644416686765954e-01 7.103972063049452945e-01 1.250807933622043677e+00 2.875686468347353753e-01 7.492525098490098179e-01 6.682770216558504561e-01 4.064722506701480831e-01 1.336901901319439867e+00 1.312890026035086477e-01 7.649766719691195593e-01 1.018615142199235546e+00 9.797456144446368143e-01 8.333256676301994403e-01 8.118733083915433690e-01 1.027707364009519342e+00 5.209216646202800005e-01 1.091577613388702739e+00 5.231631337622776323e-01 5.315727430363493822e-01 8.648848665768784638e-01 6.350459515603281702e-01 1.414509073903895020e+00 9.155676373679463298e-01
