0.000000000000000000e+00 1.896035785492859338e+00 1.233037555531580010e+00 1.570293794141249588e+00 9.982741768878876654e-01 8.952164720181251534e-01 1.196454923171536455e+00 1.577503225968124756e+00 7.737159734265321998e-01 8.000414424649264777e-01 7.005660713414338936e-01 1.440422518425736209e+00 1.367319599272862174e+00 5.627826876612623819e-01 9.679865709944290852e-01 6.182103453812287652e-01 4.947115559748886393e-01 8.666071746914563168e-01 1.341237483897110616e+00 8.206039210506224091e-01 1.311033227310331561e+00 6.538828043660007694e-01 1.199910025877284347e+00 7.237418413180953802e-01 1.055338405251397660e+00
1.896035785492859338e+00 0.000000000000000000e+00 1.471745958918432517e+00 1.015884972495510574e+00 9.978230160477737920e-01 1.630772416570568373e+00 1.475220294411416555e+00 9.911444935046497262e-01 2.108246766568592445e+00 1.670724531414912395e+00 1.880020545325776116e+00 6.118987956609376333e-01 5.720566657124150911e-01 1.502431288775178286e+00 9.288078554446723700e-01 1.464421052782310273e+00 1.775970707533805149e+00 1.183833605181144444e+00 7.232836298287900201e-01 1.177541227673813307e+00 6.551355943622871880e-01 1.491182629229354628e+00 8.647279047413695130e-01 1.430762423853990217e+00 8.843637937708413999e-01
1.233037555531580010e+00 1.471745958918432517e+00 0.000000000000000000e+00 1.105294073298631163e+00 1.005575330655051891e+00 9.207811014487455870e-01 9.280113604879932643e-01 1.187210467332404873e+00 1.398255451446770659e+00 1.020079897567236049e+00 1.170029230203954107e+00 9.691445952953041676e-01 1.117007494345992669e+00 8.367272738549060840e-01 5.529069160935126126e-01 9.330765129809266423e-01 1.065979392411984028e+00 5.537830801045436901e-01 1.169756426699678276e+00 6.777341468958892889e-01 8.746653663972536741e-01 8.434647581785909010e-01 8.218196480773544144e-01 7.207711087321682086e-01 8.322780536671845475e-01
1.570293794141249588e+00 1.015884972495510574e+00 1.105294073298631163e+00 0.000000000000000000e+00 1.101146814442505617e+00 1.291035989043431309e+00 1.164608285926771014e+00 8.066876366766434492e-01 1.768510339041456270e+00 1.350314039725434734e+00 1.540284117798639940e+00 6.039667351453278377e-01 7.361805912367989091e-01 1.176689297423568314e+00 6.106556757352750164e-01 1.319868775939681438e+00 1.436234280006669195e+00 8.971746968236262720e-01 9.595796858784966243e-01 9.537939143413909360e-01 3.607493781332236082e-01 1.173698900336788586e+00 8.117557338170856562e-01 1.091025996326853598e+00 8.026307597561096463e-01
9.982741768878876654e-01 9.978230160477737920e-01 1.005575330655051891e+00 1.101146814442505617e+00 0.000000000000000000e+00 8.439005484878290275e-01 8.435952691724925012e-01 9.748508248657024033e-01 1.226441114209350092e+00 7.412768954627311224e-01 1.090063029868130640e+00 6.157974006384107080e-01 5.599479913214363558e-01 6.981916296720709347e-01 5.500274654185766110e-01 4.858418901027889980e-01 9.160285619468137019e-01 4.677713148927120090e-01 3.682111557801966972e-01 3.685868261294859005e-01 8.230097993091867181e-01 5.885980526902655496e-01 3.265817495975585905e-01 6.631981913561494357e-01 3.125399321298110156e-01
8.952164720181251534e-01 1.630772416570568373e+00 9.207811014487455870e-01 1.291035989043431309e+00 8.439005484878290275e-01 0.000000000000000000e+00 9.651573781140347918e-01 1.326619179283935024e+00 1.032844552229126300e+00 8.100939116709849896e-01 8.044309624405528991e-01 1.099868957951970261e+00 1.213994142875270965e+00 5.364532882729194929e-01 7.019645611258954476e-01 4.962995213395375860e-01 6.937172636638764267e-01 5.260536142176905905e-01 1.105469240593896840e+00 6.633506028251887621e-01 1.041017968882957945e+00 6.350297685334901354e-01 8.593564654035192873e-01 3.235119351255327236e-01 9.246374931451314394e-01
1.196454923171536455e+00 1.475220294411416555e+00 9.280113604879932643e-01 1.164608285926771014e+00 8.435952691724925012e-01 9.651573781140347918e-01 0.000000000000000000e+00 1.126652689406915320e+00 1.424621860492998549e+00 9.671881617944263487e-01 1.214405506869242313e+00 1.084756840254166965e+00 9.858330441757134910e-01 8.304861714044182719e-01 5.598536624084892166e-01 9.901868468740174789e-01 1.110355669077272234e+00 7.127948328901149155e-01 1.154716886388508446e+00 4.956737761777847973e-01 8.990420318120329046e-01 7.897493644372388655e-01 9.866983551202151981e-01 7.651473853974573025e-01 6.936840943268035575e-01
1.577503225968124756e+00 9.911444935046497262e-01 1.187210467332404873e+00 8.066876366766434492e-01 9.748508248657024033e-01 1.326619179283935024e+00 1.126652689406915320e+00 0.000000000000000000e+00 1.804093529281959540e+00 1.348236464591015427e+00 1.575867308039142989e+00 7.896616422880569086e-01 5.415872425160437320e-01 1.196329769902708673e+00 6.394112283617868764e-01 1.349670447069213353e+00 1.471817470247172688e+00 1.022562127059279069e+00 9.257833545861777758e-01 9.008289014768953162e-01 4.961013588328637702e-01 1.171621325202369279e+00 9.705195541477705801e-01 1.126609186567357312e+00 6.623108927358912768e-01
7.737159734265321998e-01 2.108246766568592445e+00 1.398255451446770659e+00 1.768510339041456270e+00 1.226441114209350092e+00 1.032844552229126300e+00 1.424621860492998549e+00 1.804093529281959540e+00 0.000000000000000000e+00 1.028846131537476172e+00 7.774286181878670154e-01 1.578050598636737245e+00 1.595486536594324489e+00 7.579482167468915010e-01 1.179438911123919853e+00 8.263068833465290197e-01 4.383127454379887045e-01 1.004235254902457575e+00 1.564275627879743169e+00 1.048770858372084946e+00 1.518492318880982905e+00 8.820497416874630847e-01 1.337538106088285828e+00 8.613699215290966382e-01 1.283505342572859753e+00
8.000414424649264777e-01 1.670724531414912395e+00 1.020079897567236049e+00 1.350314039725434734e+00 7.412768954627311224e-01 8.100939116709849896e-01 9.671881617944263487e-01 1.348236464591015427e+00 1.028846131537476172e+00 0.000000000000000000e+00 8.924680471962569417e-01 1.246281624055655124e+00 1.137185377260798491e+00 5.319036774620099495e-01 7.472278588525711474e-01 4.916608792589514110e-01 7.432330018692877571e-01 6.775507311623232276e-01 1.071428303316459552e+00 5.904696990385580602e-01 1.091032718738287111e+00 3.371458193907960754e-01 9.718337267175543026e-01 6.133924430476316303e-01 8.252041832393337550e-01
7.005660713414338936e-01 1.880020545325776116e+00 1.170029230203954107e+00 1.540284117798639940e+00 1.090063029868130640e+00 8.044309624405528991e-01 1.214405506869242313e+00 1.575867308039142989e+00 7.774286181878670154e-01 8.924680471962569417e-01 0.000000000000000000e+00 1.349824377393920916e+00 1.459108452253105481e+00 5.661342527006475445e-01 9.512126898811035236e-01 6.231457097468326989e-01 4.463469294526472564e-01 7.760090336596412453e-01 1.375674869824557778e+00 9.099875350463342283e-01 1.290266097638166798e+00 7.456716573462438546e-01 1.109311884845469720e+00 6.331437002862803087e-01 1.147127258231640745e+00
1.440422518425736209e+00 6.118987956609376333e-01 9.691445952953041676e-01 6.039667351453278377e-01 6.157974006384107080e-01 1.099868957951970261e+00 1.084756840254166965e+00 7.896616422880569086e-01 1.578050598636737245e+00 1.246281624055655124e+00 1.349824377393920916e+00 0.000000000000000000e+00 5.324939107059497578e-01 1.054468249062606722e+00 5.308042300626714116e-01 9.471877399942754128e-01 1.245774539601950837e+00 5.763854055566726142e-01 3.604251506313859155e-01 8.739424686687875532e-01 3.498894430538788680e-01 1.069666484667009199e+00 3.333342942952273735e-01 8.983286434539893284e-01 7.380119270671070542e-01
1.367319599272862174e+00 5.720566657124150911e-01 1.117007494345992669e+00 7.361805912367989091e-01 5.599479913214363558e-01 1.213994142875270965e+00 9.858330441757134910e-01 5.415872425160437320e-01 1.595486536594324489e+00 1.137185377260798491e+00 1.459108452253105481e+00 5.324939107059497578e-01 0.000000000000000000e+00 1.066621880993362526e+00 5.689659830369884208e-01 9.919043765375311628e-01 1.310025281278962561e+00 9.464674904101486597e-01 3.850893125654827887e-01 6.220267025550685336e-01 3.803662823721785102e-01 9.576434750752405023e-01 6.908850839648319475e-01 1.013984150158693032e+00 3.123071280584266973e-01
5.627826876612623819e-01 1.502431288775178286e+00 8.367272738549060840e-01 1.176689297423568314e+00 6.981916296720709347e-01 5.364532882729194929e-01 8.304861714044182719e-01 1.196329769902708673e+00 7.579482167468915010e-01 5.319036774620099495e-01 5.661342527006475445e-01 1.054468249062606722e+00 1.066621880993362526e+00 0.000000000000000000e+00 5.743820742767482557e-01 4.900024769944616443e-01 4.446654288250067033e-01 4.806529053283270514e-01 1.041154936681293997e+00 5.199062027711225387e-01 9.174287305926499547e-01 3.705010100271587392e-01 8.139557565141557482e-01 3.513315669339190928e-01 7.546406869718979005e-01
9.679865709944290852e-01 9.288078554446723700e-01 5.529069160935126126e-01 6.106556757352750164e-01 5.500274654185766110e-01 7.019645611258954476e-01 5.598536624084892166e-01 6.394112283617868764e-01 1.179438911123919853e+00 7.472278588525711474e-01 9.512126898811035236e-01 5.308042300626714116e-01 5.689659830369884208e-01 5.743820742767482557e-01 0.000000000000000000e+00 7.349012013668603238e-01 8.471628520891338887e-01 4.193407668946471656e-01 8.113472409190498613e-01 3.574619263556836901e-01 3.462065484871815757e-01 5.706127194639257771e-01 4.832040364280336675e-01 5.019545684093179583e-01 3.324689698230085533e-01
6.182103453812287652e-01 1.464421052782310273e+00 9.330765129809266423e-01 1.319868775939681438e+00 4.858418901027889980e-01 4.962995213395375860e-01 9.901868468740174789e-01 1.349670447069213353e+00 8.263068833465290197e-01 4.916608792589514110e-01 6.231457097468326989e-01 9.471877399942754128e-01 9.919043765375311628e-01 4.900024769944616443e-01 7.349012013668603238e-01 0.000000000000000000e+00 4.385263202642273872e-01 4.314689111669027244e-01 7.578871608587735009e-01 5.315338279524883802e-01 1.073954609123922932e+00 4.934489733996723082e-01 6.292860913541241663e-01 4.566739349533428527e-01 6.913634768545677822e-01
4.947115559748886393e-01 1.775970707533805149e+00 1.065979392411984028e+00 1.436234280006669195e+00 9.160285619468137019e-01 6.937172636638764267e-01 1.110355669077272234e+00 1.471817470247172688e+00 4.383127454379887045e-01 7.432330018692877571e-01 4.463469294526472564e-01 1.245774539601950837e+00 1.310025281278962561e+00 4.446654288250067033e-01 8.471628520891338887e-01 4.385263202642273872e-01 0.000000000000000000e+00 6.719591958676710552e-01 1.196413481123001166e+00 7.633096030567239065e-01 1.186216259846196275e+00 5.965884863721024889e-01 1.005262047053499641e+00 5.290938624943097857e-01 9.980440872574992683e-01
8.666071746914563168e-01 1.183833605181144444e+00 5.537830801045436901e-01 8.971746968236262720e-01 4.677713148927120090e-01 5.260536142176905905e-01 7.127948328901149155e-01 1.022562127059279069e+00 1.004235254902457575e+00 6.775507311623232276e-01 7.760090336596412453e-01 5.763854055566726142e-01 9.464674904101486597e-01 4.806529053283270514e-01 4.193407668946471656e-01 4.314689111669027244e-01 6.719591958676710552e-01 0.000000000000000000e+00 6.721310038876844306e-01 4.366456818969482456e-01 6.900762768894158627e-01 5.009355917736777464e-01 3.548925939207804303e-01 3.245132997197096025e-01 6.571108406800096891e-01
1.341237483897110616e+00 7.232836298287900201e-01 1.169756426699678276e+00 9.595796858784966243e-01 3.682111557801966972e-01 1.105469240593896840e+00 1.154716886388508446e+00 9.257833545861777758e-01 1.564275627879743169e+00 1.071428303316459552e+00 1.375674869824557778e+00 3.604251506313859155e-01 3.850893125654827887e-01 1.041154936681293997e+00 8.113472409190498613e-01 7.578871608587735009e-01 1.196413481123001166e+00 6.721310038876844306e-01 0.000000000000000000e+00 7.242381382466740458e-01 6.980026613087552123e-01 9.315613596994888335e-01 3.656640433800785739e-01 9.232420027359427017e-01 5.135820319562452996e-01
8.206039210506224091e-01 1.177541227673813307e+00 6.777341468958892889e-01 9.537939143413909360e-01 3.685868261294859005e-01 6.633506028251887621e-01 4.956737761777847973e-01 9.008289014768953162e-01 1.048770858372084946e+00 5.904696990385580602e-01 9.099875350463342283e-01 8.739424686687875532e-01 6.220267025550685336e-01 5.199062027711225387e-01 3.574619263556836901e-01 5.315338279524883802e-01 7.633096030567239065e-01 4.366456818969482456e-01 7.242381382466740458e-01 0.000000000000000000e+00 6.865164323508372579e-01 4.109277968530004599e-01 6.951685757270443800e-01 4.633406101086112727e-01 3.097195744966417252e-01
1.311033227310331561e+00 6.551355943622871880e-01 8.746653663972536741e-01 3.607493781332236082e-01 8.230097993091867181e-01 1.041017968882957945e+00 8.990420318120329046e-01 4.961013588328637702e-01 1.518492318880982905e+00 1.091032718738287111e+00 1.290266097638166798e+00 3.498894430538788680e-01 3.803662823721785102e-01 9.174287305926499547e-01 3.462065484871815757e-01 1.073954609123922932e+00 1.186216259846196275e+00 6.900762768894158627e-01 6.980026613087552123e-01 6.865164323508372579e-01 0.000000000000000000e+00 9.144175793496412963e-01 6.099029231051654731e-01 8.410079761663801223e-01 5.217229418136989372e-01
6.538828043660007694e-01 1.491182629229354628e+00 8.434647581785909010e-01 1.173698900336788586e+00 5.885980526902655496e-01 6.350297685334901354e-01 7.897493644372388655e-01 1.171621325202369279e+00 8.820497416874630847e-01 3.371458193907960754e-01 7.456716573462438546e-01 1.069666484667009199e+00 9.576434750752405023e-01 3.705010100271587392e-01 5.706127194639257771e-01 4.934489733996723082e-01 5.965884863721024889e-01 5.009355917736777464e-01 9.315613596994888335e-01 4.109277968530004599e-01 9.144175793496412963e-01 0.000000000000000000e+00 8.372919787130251867e-01 4.383282999101366095e-01 6.456622810537757662e-01
1.199910025877284347e+00 8.647279047413695130e-01 8.218196480773544144e-01 8.117557338170856562e-01 3.265817495975585905e-01 8.593564654035192873e-01 9.866983551202151981e-01 9.705195541477705801e-01 1.337538106088285828e+00 9.718337267175543026e-01 1.109311884845469720e+00 3.333342942952273735e-01 6.908850839648319475e-01 8.139557565141557482e-01 4.832040364280336675e-01 6.292860913541241663e-01 1.005262047053499641e+00 3.548925939207804303e-01 3.656640433800785739e-01 6.951685757270443800e-01 6.099029231051654731e-01 8.372919787130251867e-01 0.000000000000000000e+00 6.578161509055382439e-01 5.596555927255644214e-01
7.237418413180953802e-01 1.430762423853990217e+00 7.207711087321682086e-01 1.091025996326853598e+00 6.631981913561494357e-01 3.235119351255327236e-01 7.651473853974573025e-01 1.126609186567357312e+00 8.613699215290966382e-01 6.133924430476316303e-01 6.331437002862803087e-01 8.983286434539893284e-01 1.013984150158693032e+00 3.513315669339190928e-01 5.019545684093179583e-01 4.566739349533428527e-01 5.290938624943097857e-01 3.245132997197096025e-01 9.232420027359427017e-01 4.633406101086112727e-01 8.410079761663801223e-01 4.383282999101366095e-01 6.578161509055382439e-01 0.000000000000000000e+00 7.246275004285542831e-01
1.055338405251397660e+00 8.843637937708413999e-01 8.322780536671845475e-01 8.026307597561096463e-01 3.125399321298110156e-01 9.246374931451314394e-01 6.936840943268035575e-01 6.623108927358912768e-01 1.283505342572859753e+00 8.252041832393337550e-01 1.147127258231640745e+00 7.380119270671070542e-01 3.123071280584266973e-01 7.546406869718979005e-01 3.324689698230085533e-01 6.913634768545677822e-01 9.980440872574992683e-01 6.571108406800096891e-01 5.135820319562452996e-01 3.097195744966417252e-01 5.217229418136989372e-01 6.456622810537757662e-01 5.596555927255644214e-01 7.246275004285542831e-01 0.000000000000000000e+00
