0.000000000000000000e+00 1.850582296895330048e+00 1.215660117156902587e+00 1.534817498840137739e+00 1.002284912049467236e+00 1.161733579713185138e+00 8.934842522819046451e-01 1.167073122857764655e+00 1.548235098632121387e+00 7.740247794610470855e-01 7.004746154892724785e-01 1.010538793526364554e+00 5.577039979941577075e-01 1.489823183364898718e+00 9.151961286721180810e-01 5.960793817803837769e-01 1.303202133705608556e+00 4.462376753378902716e-01 7.690556741292945420e-01 6.913283248966307637e-01 1.159041904903001408e+00 1.279791960109508020e+00 9.120097877883556192e-01 6.875345079075679822e-01 8.807763234179448730e-01
1.850582296895330048e+00 0.000000000000000000e+00 1.407329716047224011e+00 1.012093714642146258e+00 1.688827660576378120e+00 1.456871803843298840e+00 1.591311607562986064e+00 8.524374442052276013e-01 9.133210411858105893e-01 2.066548863973119765e+00 1.857515662204396012e+00 9.213264400315039904e-01 1.466643500279605661e+00 5.378699360757506209e-01 1.191765678636162340e+00 1.425146564844691044e+00 5.491757170785231956e-01 1.751263004606440798e+00 1.467369328162130948e+00 1.181603475075620135e+00 8.777093708330313548e-01 6.501469483187574117e-01 1.190033996282953366e+00 1.474046436290424422e+00 1.170812162021140468e+00
1.215660117156902587e+00 1.407329716047224011e+00 0.000000000000000000e+00 1.070725977391750572e+00 1.035377868179379046e+00 9.184361953367793374e-01 1.073125399892819853e+00 9.146038587083528126e-01 1.142366111487640445e+00 1.419680361402621438e+00 1.206816387524174861e+00 6.586170082039803919e-01 8.250603031633207962e-01 9.787191945285838024e-01 5.190584321779132537e-01 1.007912370493187160e+00 1.141798680716122449e+00 1.120982718686889035e+00 7.938063599000861892e-01 6.752207450543253886e-01 6.479379160666853821e-01 8.471439192496703630e-01 8.369076857703525718e-01 8.550985381880042979e-01 6.153579566888474073e-01
1.534817498840137739e+00 1.012093714642146258e+00 1.070725977391750572e+00 0.000000000000000000e+00 1.388613248274286560e+00 1.156027287804292758e+00 1.385749812202800468e+00 9.409654108479429402e-01 8.024542750649568124e-01 1.748931059789443188e+00 1.539897858020719434e+00 6.367095132490281362e-01 1.149025696095929305e+00 5.388546220634266026e-01 8.666769005147919591e-01 1.340208413519555553e+00 8.467063715288747350e-01 1.435498206551249600e+00 1.142334221487781853e+00 9.793025583168860626e-01 5.200348766191558170e-01 4.806139561311374986e-01 1.076790806136320278e+00 1.169614026052365308e+00 8.683493076476125339e-01
1.002284912049467236e+00 1.688827660576378120e+00 1.035377868179379046e+00 1.388613248274286560e+00 0.000000000000000000e+00 1.075933215645374474e+00 8.891007094248404297e-01 8.527511028192260589e-01 1.428973578728699456e+00 1.125126854446671487e+00 9.114634357590094549e-01 8.931738893817190439e-01 6.459838071849784980e-01 1.243997491630323582e+00 6.292384047972688910e-01 4.852126691185976726e-01 1.192015052875727399e+00 8.452083350875139178e-01 4.003995959261569815e-01 6.691408265640295117e-01 9.556423080635867429e-01 1.144662490408640432e+00 5.221325232193857468e-01 7.659514504955334813e-01 7.850117390092532510e-01
1.161733579713185138e+00 1.456871803843298840e+00 9.184361953367793374e-01 1.156027287804292758e+00 1.075933215645374474e+00 0.000000000000000000e+00 1.006892717850507823e+00 1.034755472116251740e+00 1.126970096035747604e+00 1.380703985655438615e+00 1.218491495787972001e+00 5.714843292584034229e-01 8.220697283174110970e-01 1.097901219706539644e+00 7.088818816911183207e-01 9.533122399478556330e-01 1.050567309346897682e+00 1.062414287424296777e+00 8.295947961991435582e-01 5.611673152590486158e-01 8.218973794928994270e-01 8.714404003859589354e-01 8.880928448475451376e-01 7.954660979820524780e-01 3.037195980670072126e-01
8.934842522819046451e-01 1.591311607562986064e+00 1.073125399892819853e+00 1.385749812202800468e+00 8.891007094248404297e-01 1.006892717850507823e+00 0.000000000000000000e+00 8.607541461368750646e-01 1.397804237474051581e+00 1.113863012719259915e+00 9.867354894638200591e-01 8.596686006617629827e-01 6.284064568330931522e-01 1.342793166328239751e+00 7.885483324199785704e-01 4.676202084452580343e-01 1.043732538259594111e+00 7.877455742374824821e-01 7.395219926298980395e-01 4.808300190978150868e-01 1.013454800385323429e+00 1.129361098951438214e+00 5.872675179831644554e-01 3.299382934478763962e-01 7.293869254791860435e-01
1.167073122857764655e+00 8.524374442052276013e-01 9.146038587083528126e-01 9.409654108479429402e-01 8.527511028192260589e-01 1.034755472116251740e+00 8.607541461368750646e-01 0.000000000000000000e+00 1.048693978879770228e+00 1.386043528800018354e+00 1.178259558989926958e+00 5.919366263143666096e-01 8.690787974260456572e-01 5.382391940746525938e-01 4.914352164658498667e-01 6.169714439680651363e-01 4.459376155590467627e-01 1.040738029526145247e+00 7.599288635619854126e-01 5.508460126481582453e-01 4.287756475633530684e-01 8.029911605609947323e-01 3.380469608128924275e-01 7.904952974529617649e-01 7.949680469588856768e-01
1.548235098632121387e+00 9.133210411858105893e-01 1.142366111487640445e+00 8.024542750649568124e-01 1.428973578728699456e+00 1.126970096035747604e+00 1.397804237474051581e+00 1.048693978879770228e+00 0.000000000000000000e+00 1.767205504574375974e+00 1.572303000183793875e+00 5.746798354841939904e-01 1.177681255513383762e+00 6.111538788207546702e-01 9.755831547127759018e-01 1.320978995038674553e+00 6.382327127626771235e-01 1.448915806343231916e+00 1.182635159282469095e+00 9.609129115447839764e-01 6.865151809174530051e-01 3.280386856388438632e-01 1.206532078111234307e+00 1.183031625844347845e+00 8.437552893578519342e-01
7.740247794610470855e-01 2.066548863973119765e+00 1.419680361402621438e+00 1.748931059789443188e+00 1.125126854446671487e+00 1.380703985655438615e+00 1.113863012719259915e+00 1.386043528800018354e+00 1.767205504574375974e+00 0.000000000000000000e+00 7.624015296499584426e-01 1.229509199468619141e+00 7.466643706088342825e-01 1.693092847532646994e+00 1.064259208451314942e+00 7.896306323713173647e-01 1.522172539647861811e+00 4.312518129198342764e-01 8.918976165264991263e-01 9.102987308388853505e-01 1.366016403620724740e+00 1.497503606773398444e+00 1.054242000359316700e+00 9.065049138498226799e-01 1.099746729360199238e+00
7.004746154892724785e-01 1.857515662204396012e+00 1.206816387524174861e+00 1.539897858020719434e+00 9.114634357590094549e-01 1.218491495787972001e+00 9.867354894638200591e-01 1.178259558989926958e+00 1.572303000183793875e+00 7.624015296499584426e-01 0.000000000000000000e+00 1.036044815161878185e+00 5.673446186316046802e-01 1.480228873654201305e+00 8.513952345728691418e-01 5.996503679260969388e-01 1.395045016392422621e+00 4.984318669072113073e-01 6.790336426480524379e-01 7.831712075834448283e-01 1.156983201852001208e+00 1.288470405004674690e+00 8.413780264808706777e-01 7.793773905943820468e-01 9.278826647894120594e-01
1.010538793526364554e+00 9.213264400315039904e-01 6.586170082039803919e-01 6.367095132490281362e-01 8.931738893817190439e-01 5.714843292584034229e-01 8.596686006617629827e-01 5.919366263143666096e-01 5.746798354841939904e-01 1.229509199468619141e+00 1.036044815161878185e+00 0.000000000000000000e+00 6.399849504076279283e-01 5.637829217809204874e-01 5.009594499634723030e-01 7.594115661595637334e-01 4.928149621165114347e-01 9.112195012374763037e-01 6.468354699354879056e-01 3.893355857903806894e-01 3.560444602224775990e-01 3.282323911692538454e-01 6.718340854364616144e-01 6.453353207385921220e-01 2.961364551419017888e-01
5.577039979941577075e-01 1.466643500279605661e+00 8.250603031633207962e-01 1.149025696095929305e+00 6.459838071849784980e-01 8.220697283174110970e-01 6.284064568330931522e-01 8.690787974260456572e-01 1.177681255513383762e+00 7.466643706088342825e-01 5.673446186316046802e-01 6.399849504076279283e-01 0.000000000000000000e+00 1.100518793680889118e+00 5.235387072698927113e-01 4.682537095178634923e-01 1.005207808273889558e+00 4.462868651880323445e-01 3.917881664349954218e-01 3.924340611597119666e-01 7.697375152189908087e-01 8.975982430798843392e-01 5.398129344124482643e-01 4.052339808796397991e-01 5.318228000351619134e-01
1.489823183364898718e+00 5.378699360757506209e-01 9.787191945285838024e-01 5.388546220634266026e-01 1.243997491630323582e+00 1.097901219706539644e+00 1.342793166328239751e+00 5.382391940746525938e-01 6.111538788207546702e-01 1.693092847532646994e+00 1.480228873654201305e+00 5.637829217809204874e-01 1.100518793680889118e+00 0.000000000000000000e+00 6.719040851164489458e-01 1.124688877000492138e+00 4.518780951343289165e-01 1.392236781103318055e+00 1.062725314895932360e+00 9.354333847056698348e-01 3.461859337973024475e-01 3.268960315654078630e-01 8.149438933592696443e-01 1.126352600604433540e+00 8.114887448454752850e-01
9.151961286721180810e-01 1.191765678636162340e+00 5.190584321779132537e-01 8.666769005147919591e-01 6.292384047972688910e-01 7.088818816911183207e-01 7.885483324199785704e-01 4.914352164658498667e-01 9.755831547127759018e-01 1.064259208451314942e+00 8.513952345728691418e-01 5.009594499634723030e-01 5.235387072698927113e-01 6.719040851164489458e-01 0.000000000000000000e+00 5.579449757173523539e-01 9.201370295642052888e-01 7.958900405278040990e-01 4.338916758145994201e-01 4.110538354756067547e-01 3.649380621408524483e-01 6.778550536716722030e-01 3.273985210484018915e-01 5.697075223342812356e-01 4.166682664515221068e-01
5.960793817803837769e-01 1.425146564844691044e+00 1.007912370493187160e+00 1.340208413519555553e+00 4.852126691185976726e-01 9.533122399478556330e-01 4.676202084452580343e-01 6.169714439680651363e-01 1.320978995038674553e+00 7.896306323713173647e-01 5.996503679260969388e-01 7.594115661595637334e-01 4.682537095178634923e-01 1.124688877000492138e+00 5.579449757173523539e-01 0.000000000000000000e+00 8.868445458499900624e-01 4.259439148357592742e-01 5.107223776382503466e-01 4.056153514023000395e-01 8.590916084071044123e-01 1.079703590862491902e+00 3.224962954735687837e-01 4.845501789433302453e-01 6.795942097509735103e-01
1.303202133705608556e+00 5.491757170785231956e-01 1.141798680716122449e+00 8.467063715288747350e-01 1.192015052875727399e+00 1.050567309346897682e+00 1.043732538259594111e+00 4.459376155590467627e-01 6.382327127626771235e-01 1.522172539647861811e+00 1.395045016392422621e+00 4.928149621165114347e-01 1.005207808273889558e+00 4.518780951343289165e-01 9.201370295642052888e-01 8.868445458499900624e-01 0.000000000000000000e+00 1.203882841416720417e+00 1.053101134231826164e+00 6.448442547746806586e-01 7.152369656208318327e-01 4.340363755055102191e-01 7.088505710888534095e-01 9.266662731007037079e-01 7.889514172584130014e-01
4.462376753378902716e-01 1.751263004606440798e+00 1.120982718686889035e+00 1.435498206551249600e+00 8.452083350875139178e-01 1.062414287424296777e+00 7.877455742374824821e-01 1.040738029526145247e+00 1.448915806343231916e+00 4.312518129198342764e-01 4.984318669072113073e-01 9.112195012374763037e-01 4.462868651880323445e-01 1.392236781103318055e+00 7.958900405278040990e-01 4.259439148357592742e-01 1.203882841416720417e+00 0.000000000000000000e+00 6.235284486029878392e-01 5.920090326077429577e-01 1.061455502641420301e+00 1.180472667820619881e+00 7.484402103093277248e-01 5.882152156186802872e-01 7.814570311290570670e-01
7.690556741292945420e-01 1.467369328162130948e+00 7.938063599000861892e-01 1.142334221487781853e+00 4.003995959261569815e-01 8.295947961991435582e-01 7.395219926298980395e-01 7.599288635619854126e-01 1.182635159282469095e+00 8.918976165264991263e-01 6.790336426480524379e-01 6.468354699354879056e-01 3.917881664349954218e-01 1.062725314895932360e+00 4.338916758145994201e-01 5.107223776382503466e-01 1.053101134231826164e+00 6.235284486029878392e-01 0.000000000000000000e+00 4.222671669803026995e-01 7.471003871642446503e-01 8.983240709624094045e-01 4.230473310529290765e-01 5.165897653647677501e-01 5.386733195630222237e-01
6.913283248966307637e-01 1.181603475075620135e+00 6.752207450543253886e-01 9.793025583168860626e-01 6.691408265640295117e-01 5.611673152590486158e-01 4.808300190978150868e-01 5.508460126481582453e-01 9.609129115447839764e-01 9.102987308388853505e-01 7.831712075834448283e-01 3.893355857903806894e-01 3.924340611597119666e-01 9.354333847056698348e-01 4.110538354756067547e-01 4.056153514023000395e-01 6.448442547746806586e-01 5.920090326077429577e-01 4.222671669803026995e-01 0.000000000000000000e+00 6.111836134464868620e-01 7.151488387532136670e-01 3.497792490718348857e-01 3.214805462597392083e-01 3.017828088842536283e-01
1.159041904903001408e+00 8.777093708330313548e-01 6.479379160666853821e-01 5.200348766191558170e-01 9.556423080635867429e-01 8.218973794928994270e-01 1.013454800385323429e+00 4.287756475633530684e-01 6.865151809174530051e-01 1.366016403620724740e+00 1.156983201852001208e+00 3.560444602224775990e-01 7.697375152189908087e-01 3.461859337973024475e-01 3.649380621408524483e-01 8.590916084071044123e-01 7.152369656208318327e-01 1.061455502641420301e+00 7.471003871642446503e-01 6.111836134464868620e-01 0.000000000000000000e+00 3.780266778299878339e-01 5.567559295171646827e-01 7.955713221425358972e-01 5.184366262385510238e-01
1.279791960109508020e+00 6.501469483187574117e-01 8.471439192496703630e-01 4.806139561311374986e-01 1.144662490408640432e+00 8.714404003859589354e-01 1.129361098951438214e+00 8.029911605609947323e-01 3.280386856388438632e-01 1.497503606773398444e+00 1.288470405004674690e+00 3.282323911692538454e-01 8.975982430798843392e-01 3.268960315654078630e-01 6.778550536716722030e-01 1.079703590862491902e+00 4.340363755055102191e-01 1.180472667820619881e+00 8.983240709624094045e-01 7.151488387532136670e-01 3.780266778299878339e-01 0.000000000000000000e+00 9.324259707259103802e-01 9.145884873217353661e-01 5.867984297109738456e-01
9.120097877883556192e-01 1.190033996282953366e+00 8.369076857703525718e-01 1.076790806136320278e+00 5.221325232193857468e-01 8.880928448475451376e-01 5.872675179831644554e-01 3.380469608128924275e-01 1.206532078111234307e+00 1.054242000359316700e+00 8.413780264808706777e-01 6.718340854364616144e-01 5.398129344124482643e-01 8.149438933592696443e-01 3.273985210484018915e-01 3.224962954735687837e-01 7.088505710888534095e-01 7.484402103093277248e-01 4.230473310529290765e-01 3.497792490718348857e-01 5.567559295171646827e-01 9.324259707259103802e-01 0.000000000000000000e+00 5.265400755130232868e-01 5.971713682114230259e-01
6.875345079075679822e-01 1.474046436290424422e+00 8.550985381880042979e-01 1.169614026052365308e+00 7.659514504955334813e-01 7.954660979820524780e-01 3.299382934478763962e-01 7.904952974529617649e-01 1.183031625844347845e+00 9.065049138498226799e-01 7.793773905943820468e-01 6.453353207385921220e-01 4.052339808796397991e-01 1.126352600604433540e+00 5.697075223342812356e-01 4.845501789433302453e-01 9.266662731007037079e-01 5.882152156186802872e-01 5.165897653647677501e-01 3.214805462597392083e-01 7.955713221425358972e-01 9.145884873217353661e-01 5.265400755130232868e-01 0.000000000000000000e+00 5.155728506301724412e-01
8.807763234179448730e-01 1.170812162021140468e+00 6.153579566888474073e-01 8.683493076476125339e-01 7.850117390092532510e-01 3.037195980670072126e-01 7.293869254791860435e-01 7.949680469588856768e-01 8.437552893578519342e-01 1.099746729360199238e+00 9.278826647894120594e-01 2.961364551419017888e-01 5.318228000351619134e-01 8.114887448454752850e-01 4.166682664515221068e-01 6.795942097509735103e-01 7.889514172584130014e-01 7.814570311290570670e-01 5.386733195630222237e-01 3.017828088842536283e-01 5.184366262385510238e-01 5.867984297109738456e-01 5.971713682114230259e-01 5.155728506301724412e-01 0.000000000000000000e+00
