0.000000000000000000e+00 3.117453741236620246e+01 2.101545008180639229e+01 2.029579249183858991e+01 1.625565748964025659e+01 1.759718058536550345e+01 2.250291147307076045e+01 2.210905341224234988e+01 1.219280844956855603e+01 1.161456886033288249e+01 2.088431827941351315e+01 1.255882618524675465e+01 2.584605595520327981e+01 1.028138428343362598e+01 1.354622295160428003e+01 9.030417271574009419e+00 1.404051394824965193e+01 1.723945239397864881e+01 7.870543764356567884e+00 2.560913688505210573e+01 2.348206936342663553e+01 7.383843776677684545e+00 2.058388742369123747e+01 1.564413525269937999e+01 2.845516226139748994e+01
3.117453741236620246e+01 0.000000000000000000e+00 3.031426645875174231e+01 2.042879509142198913e+01 1.930462532289730859e+01 1.565118038670435396e+01 1.259070090298414790e+01 1.302349053598660156e+01 3.137843732314411227e+01 2.101988220977512256e+01 1.101770374491371918e+01 2.654446439483938036e+01 1.054770356530154096e+01 3.117364378976191119e+01 2.228852923956278786e+01 2.256851627728627463e+01 2.377832843170040888e+01 1.631336695380623425e+01 3.381032217512959193e+01 7.820561653303321314e+00 8.094775406990393662e+00 2.688820933498307042e+01 1.976049869417337135e+01 2.910812823059859511e+01 6.907453351367083272e+00
2.101545008180639229e+01 3.031426645875174231e+01 0.000000000000000000e+00 2.809764541636549851e+01 2.628236278220787270e+01 1.578183025722402455e+01 2.235592299815266415e+01 3.485418995064216574e+01 1.275261292017880521e+01 1.242512694642441495e+01 2.571696355606751183e+01 2.294086448936311129e+01 2.740599453268390917e+01 1.383987880864773068e+01 2.942162642334591283e+01 1.718714795318423683e+01 8.564080107635760442e+00 2.020249143818683635e+01 1.919614273834685036e+01 2.252690521734896834e+01 3.308159174927116197e+01 2.230571539173953610e+01 3.388724975207760792e+01 6.944272270158422522e+00 3.371692740239006270e+01
2.029579249183858991e+01 2.042879509142198913e+01 2.809764541636549851e+01 0.000000000000000000e+00 1.870811950997742557e+01 2.189719647455185836e+01 1.596486695521884513e+01 1.224681709931535245e+01 2.981688812821075629e+01 1.572359371391256033e+01 2.542077859919384153e+01 1.067148825186039929e+01 1.060606866038316909e+01 2.255538379323837717e+01 9.623464413824457608e+00 2.050331565079203955e+01 2.445535777689099177e+01 8.563637255995658393e+00 2.756251396913373952e+01 1.951074325093577500e+01 1.937231472135445998e+01 1.338379844295520549e+01 7.181090781695090186e+00 2.410959541082324975e+01 1.401880480299392140e+01
1.625565748964025659e+01 1.930462532289730859e+01 2.628236278220787270e+01 1.870811950997742557e+01 0.000000000000000000e+00 1.624307989940850661e+01 2.818517538752718465e+01 1.233606101061291405e+01 2.050414323675982331e+01 2.283756696345217918e+01 1.112761037725695168e+01 1.802462565563600094e+01 2.166011317710379203e+01 2.550653899443189587e+01 9.700541034311163102e+00 9.661472813412125049e+00 1.771828267457211936e+01 2.547905990136845134e+01 2.099231200918518780e+01 2.143455109074240994e+01 1.182511278634492591e+01 1.228351067015486286e+01 1.429266676695562310e+01 2.934653682531501317e+01 1.781175414562575909e+01
1.759718058536550345e+01 1.565118038670435396e+01 1.578183025722402455e+01 2.189719647455185836e+01 1.624307989940850661e+01 0.000000000000000000e+00 1.234636682431041521e+01 2.455134567299143100e+01 1.572725693643976186e+01 1.177149687985223281e+01 1.069385723869831040e+01 2.169040256480352369e+01 1.848364098206213413e+01 2.097244019123844438e+01 2.004711971758248623e+01 8.977986968288144354e+00 8.450226492713801107e+00 1.339780442928842419e+01 1.872692815333266481e+01 8.011956299686600502e+00 1.864145432209772935e+01 1.750594067817543475e+01 2.631707703043043978e+01 1.764166957168799499e+01 2.161069003151375867e+01
2.250291147307076045e+01 1.259070090298414790e+01 2.235592299815266415e+01 1.596486695521884513e+01 2.818517538752718465e+01 1.234636682431041521e+01 0.000000000000000000e+00 2.116582519151583952e+01 2.469428039994231838e+01 1.201960759905320231e+01 1.886800522389372858e+01 1.894799493200146046e+01 1.055493136081128114e+01 2.219477582216574518e+01 2.362693180049059549e+01 2.006201015110186603e+01 1.615517675207557602e+01 8.258058873726549010e+00 2.938431188186099874e+01 8.098113768013842417e+00 2.014840842939184640e+01 2.068244511670562957e+01 1.924987840234057757e+01 2.023733580618309347e+01 1.554249956773340102e+01
2.210905341224234988e+01 1.302349053598660156e+01 3.485418995064216574e+01 1.224681709931535245e+01 1.233606101061291405e+01 2.455134567299143100e+01 2.116582519151583952e+01 0.000000000000000000e+00 2.858187253586373799e+01 2.606107036048100767e+01 1.490622167405417642e+01 1.856930533310381648e+01 1.090509724113312373e+01 3.056517140096314833e+01 9.682361548138565865e+00 1.831759748900395834e+01 2.629010984300640530e+01 1.797229510053445622e+01 2.809607916906115577e+01 2.058549966301103140e+01 7.452265149119174481e+00 1.677579076796117263e+01 8.997304105014951148e+00 3.409219804422939859e+01 7.078456253512034557e+00
1.219280844956855603e+01 3.137843732314411227e+01 1.275261292017880521e+01 2.981688812821075629e+01 2.050414323675982331e+01 1.572725693643976186e+01 2.469428039994231838e+01 2.858187253586373799e+01 0.000000000000000000e+00 1.871671907787870026e+01 2.256738758923029664e+01 2.337865466157706251e+01 3.116518367583981330e+01 1.990449514196659919e+01 2.178034046416233949e+01 1.086317109031528538e+01 8.619184339514351478e+00 2.483570623351987194e+01 7.832682931860218467e+00 2.357180554937512795e+01 2.815948678450189391e+01 1.708468918491527688e+01 2.821155725363424693e+01 1.757372640793049001e+01 3.451430062034469870e+01
1.161456886033288249e+01 2.101988220977512256e+01 1.242512694642441495e+01 1.572359371391256033e+01 2.283756696345217918e+01 1.177149687985223281e+01 1.201960759905320231e+01 2.606107036048100767e+01 1.871671907787870026e+01 0.000000000000000000e+00 2.246535411855054676e+01 1.091849730687327202e+01 1.644045383878964728e+01 1.029279909498577616e+01 1.764979203822792186e+01 1.668477688240629320e+01 1.032267426496036933e+01 8.243844662742766616e+00 1.918350216261275065e+01 1.509527628930056586e+01 2.845426377627374137e+01 1.069623817013015277e+01 2.182689534346582505e+01 8.673545993055130410e+00 2.301721854679941970e+01
2.088431827941351315e+01 1.101770374491371918e+01 2.571696355606751183e+01 2.542077859919384153e+01 1.112761037725695168e+01 1.069385723869831040e+01 1.886800522389372858e+01 1.490622167405417642e+01 2.256738758923029664e+01 2.246535411855054676e+01 0.000000000000000000e+00 2.520380106839028045e+01 2.105088152422225534e+01 3.066640123201064583e+01 1.674591585650772885e+01 1.237140456594347881e+01 1.757070886605703564e+01 2.315438742772550995e+01 2.403423632448036074e+01 1.092053275809494295e+01 7.947597083399417173e+00 1.855757454624224323e+01 2.091058829306555467e+01 2.807238162654805791e+01 1.493761377126697631e+01
1.255882618524675465e+01 2.654446439483938036e+01 2.294086448936311129e+01 1.067148825186039929e+01 1.802462565563600094e+01 2.169040256480352369e+01 1.894799493200146046e+01 1.856930533310381648e+01 2.337865466157706251e+01 1.091849730687327202e+01 2.520380106839028045e+01 0.000000000000000000e+00 1.744602822224776872e+01 1.552921455246063154e+01 9.368311584911499068e+00 1.584050472087921690e+01 2.114935493372906805e+01 1.089163217153149965e+01 1.997794878446702072e+01 2.304364953137557492e+01 2.367372306892814748e+01 7.312551010991926503e+00 1.285723273874225470e+01 1.866739666217864624e+01 2.214916523866541453e+01
2.584605595520327981e+01 1.054770356530154096e+01 2.740599453268390917e+01 1.060606866038316909e+01 2.166011317710379203e+01 1.848364098206213413e+01 1.055493136081128114e+01 1.090509724113312373e+01 3.116518367583981330e+01 1.644045383878964728e+01 2.105088152422225534e+01 1.744602822224776872e+01 0.000000000000000000e+00 2.638411683838007349e+01 1.520384864487070509e+01 2.638119637491518787e+01 2.283173765656962217e+01 8.757377055870984250e+00 3.341498925748314264e+01 1.244190025321447379e+01 1.561521379382291030e+01 2.126227241376293620e+01 1.061849066532068697e+01 2.493313825788946758e+01 7.506248217490449015e+00
1.028138428343362598e+01 3.117364378976191119e+01 1.383987880864773068e+01 2.255538379323837717e+01 2.550653899443189587e+01 2.097244019123844438e+01 2.219477582216574518e+01 3.056517140096314833e+01 1.990449514196659919e+01 1.029279909498577616e+01 3.066640123201064583e+01 1.552921455246063154e+01 2.638411683838007349e+01 0.000000000000000000e+00 2.100343815159403960e+01 1.914307382777962374e+01 1.781427616111824719e+01 1.795613471280540807e+01 1.360418259669442698e+01 2.532319534526996563e+01 3.241406914108203097e+01 1.378938063300198102e+01 2.664548963282787852e+01 7.020913076028254984e+00 3.301480394679227004e+01
1.354622295160428003e+01 2.228852923956278786e+01 2.942162642334591283e+01 9.623464413824457608e+00 9.700541034311163102e+00 2.004711971758248623e+01 2.362693180049059549e+01 9.682361548138565865e+00 2.178034046416233949e+01 1.764979203822792186e+01 1.674591585650772885e+01 9.368311584911499068e+00 1.520384864487070509e+01 2.100343815159403960e+01 0.000000000000000000e+00 1.233230130071078534e+01 2.095081380831640416e+01 1.592953137348338188e+01 2.002719738037406572e+01 2.707216498067715804e+01 1.452645239115287978e+01 7.221446930397758202e+00 7.104079797950598518e+00 2.453046479486027565e+01 1.614254679163767392e+01
9.030417271574009419e+00 2.256851627728627463e+01 1.718714795318423683e+01 2.050331565079203955e+01 9.661472813412125049e+00 8.977986968288144354e+00 2.006201015110186603e+01 1.831759748900395834e+01 1.086317109031528538e+01 1.668477688240629320e+01 1.237140456594347881e+01 1.584050472087921690e+01 2.638119637491518787e+01 1.914307382777962374e+01 1.233230130071078534e+01 0.000000000000000000e+00 8.623067845548479937e+00 2.053087034274924250e+01 1.166598199327639307e+01 1.698994326797474486e+01 1.731316791102113939e+01 8.527953709887292177e+00 1.867455823997950048e+01 2.095713308848729284e+01 2.367163019699700754e+01
1.404051394824965193e+01 2.377832843170040888e+01 8.564080107635760442e+00 2.445535777689099177e+01 1.771828267457211936e+01 8.450226492713801107e+00 1.615517675207557602e+01 2.629010984300640530e+01 8.619184339514351478e+00 1.032267426496036933e+01 1.757070886605703564e+01 2.114935493372906805e+01 2.283173765656962217e+01 1.781427616111824719e+01 2.095081380831640416e+01 8.623067845548479937e+00 0.000000000000000000e+00 1.634614187597541246e+01 1.369498506761242673e+01 1.599096719029764735e+01 2.451751164163539443e+01 1.667760407321142324e+01 2.729307074758511931e+01 1.233406524293880935e+01 2.751779749924467566e+01
1.723945239397864881e+01 1.631336695380623425e+01 2.020249143818683635e+01 8.563637255995658393e+00 2.547905990136845134e+01 1.339780442928842419e+01 8.258058873726549010e+00 1.797229510053445622e+01 2.483570623351987194e+01 8.243844662742766616e+00 2.315438742772550995e+01 1.089163217153149965e+01 8.757377055870984250e+00 1.795613471280540807e+01 1.592953137348338188e+01 2.053087034274924250e+01 1.634614187597541246e+01 0.000000000000000000e+00 2.480838569625852230e+01 1.232562614195112971e+01 2.348122113063744010e+01 1.522979874210031959e+01 1.412315131295060766e+01 1.688217139152072832e+01 1.597523761051851743e+01
7.870543764356567884e+00 3.381032217512959193e+01 1.919614273834685036e+01 2.756251396913373952e+01 2.099231200918518780e+01 1.872692815333266481e+01 2.938431188186099874e+01 2.809607916906115577e+01 7.832682931860218467e+00 1.918350216261275065e+01 2.403423632448036074e+01 1.997794878446702072e+01 3.341498925748314264e+01 1.360418259669442698e+01 2.002719738037406572e+01 1.166598199327639307e+01 1.369498506761242673e+01 2.480838569625852230e+01 0.000000000000000000e+00 2.673888445301926708e+01 2.864765555692725840e+01 1.439944180420411080e+01 2.699848071226339741e+01 1.898510280129293903e+01 3.436342148888135029e+01
2.560913688505210573e+01 7.820561653303321314e+00 2.252690521734896834e+01 1.951074325093577500e+01 2.143455109074240994e+01 8.011956299686600502e+00 8.098113768013842417e+00 2.058549966301103140e+01 2.357180554937512795e+01 1.509527628930056586e+01 1.092053275809494295e+01 2.304364953137557492e+01 1.244190025321447379e+01 2.532319534526996563e+01 2.707216498067715804e+01 1.698994326797474486e+01 1.599096719029764735e+01 1.232562614195112971e+01 2.673888445301926708e+01 0.000000000000000000e+00 1.579378249382273935e+01 2.444454690345038728e+01 2.246586761588785919e+01 2.251424393398978197e+01 1.359873373182716172e+01
2.348206936342663553e+01 8.094775406990393662e+00 3.308159174927116197e+01 1.937231472135445998e+01 1.182511278634492591e+01 1.864145432209772935e+01 2.014840842939184640e+01 7.452265149119174481e+00 2.815948678450189391e+01 2.845426377627374137e+01 7.947597083399417173e+00 2.367372306892814748e+01 1.561521379382291030e+01 3.241406914108203097e+01 1.452645239115287978e+01 1.731316791102113939e+01 2.451751164163539443e+01 2.348122113063744010e+01 2.864765555692725840e+01 1.579378249382273935e+01 0.000000000000000000e+00 1.912545849738537740e+01 1.623747706454370743e+01 3.601997870994748041e+01 8.160521773039544513e+00
7.383843776677684545e+00 2.688820933498307042e+01 2.230571539173953610e+01 1.338379844295520549e+01 1.228351067015486286e+01 1.750594067817543475e+01 2.068244511670562957e+01 1.677579076796117263e+01 1.708468918491527688e+01 1.069623817013015277e+01 1.855757454624224323e+01 7.312551010991926503e+00 2.126227241376293620e+01 1.378938063300198102e+01 7.221446930397758202e+00 8.527953709887292177e+00 1.667760407321142324e+01 1.522979874210031959e+01 1.439944180420411080e+01 2.444454690345038728e+01 1.912545849738537740e+01 0.000000000000000000e+00 1.432552672834835761e+01 1.731640727626822240e+01 2.327674341447036710e+01
2.058388742369123747e+01 1.976049869417337135e+01 3.388724975207760792e+01 7.181090781695090186e+00 1.429266676695562310e+01 2.631707703043043978e+01 1.924987840234057757e+01 8.997304105014951148e+00 2.821155725363424693e+01 2.182689534346582505e+01 2.091058829306555467e+01 1.285723273874225470e+01 1.061849066532068697e+01 2.664548963282787852e+01 7.104079797950598518e+00 1.867455823997950048e+01 2.729307074758511931e+01 1.412315131295060766e+01 2.699848071226339741e+01 2.246586761588785919e+01 1.623747706454370743e+01 1.432552672834835761e+01 0.000000000000000000e+00 2.978367174254589855e+01 1.305651234633943325e+01
1.564413525269937999e+01 2.910812823059859511e+01 6.944272270158422522e+00 2.410959541082324975e+01 2.934653682531501317e+01 1.764166957168799499e+01 2.023733580618309347e+01 3.409219804422939859e+01 1.757372640793049001e+01 8.673545993055130410e+00 2.807238162654805791e+01 1.866739666217864624e+01 2.493313825788946758e+01 7.020913076028254984e+00 2.453046479486027565e+01 2.095713308848729284e+01 1.233406524293880935e+01 1.688217139152072832e+01 1.898510280129293903e+01 2.251424393398978197e+01 3.601997870994748041e+01 1.731640727626822240e+01 2.978367174254589855e+01 0.000000000000000000e+00 3.140850108785318895e+01
2.845516226139748994e+01 6.907453351367083272e+00 3.371692740239006270e+01 1.401880480299392140e+01 1.781175414562575909e+01 2.161069003151375867e+01 1.554249956773340102e+01 7.078456253512034557e+00 3.451430062034469870e+01 2.301721854679941970e+01 1.493761377126697631e+01 2.214916523866541453e+01 7.506248217490449015e+00 3.301480394679227004e+01 1.614254679163767392e+01 2.367163019699700754e+01 2.751779749924467566e+01 1.597523761051851743e+01 3.436342148888135029e+01 1.359873373182716172e+01 8.160521773039544513e+00 2.327674341447036710e+01 1.305651234633943325e+01 3.140850108785318895e+01 0.000000000000000000e+00
