0.000000000000000000e+00 2.289927683151133309e+01 1.555402226668382859e+01 1.513732729254247644e+01 1.373644670238162568e+01 8.147992053082081298e+00 8.253069892328452895e+00 2.065849723985081354e+01 7.934751512935299900e+00 1.774220390225994848e+01 9.462525375786857040e+00 1.708812929914360979e+01 1.485168329128239684e+01 1.265136834906388152e+01 1.831259640959293478e+01 9.971966806893703961e+00 4.829614144147706511e+00 4.863374064224833759e+00 1.924229698015933110e+01 1.089901160481670672e+01 1.960686241071512015e+01 1.119252032271923447e+01 4.128087014835753799e+00 1.221717162794523936e+01 1.985142911377123909e+01
2.289927683151133309e+01 0.000000000000000000e+00 1.571609340677816569e+01 1.525988314028971793e+01 1.176357229068745092e+01 2.021433103763945027e+01 1.937068925563284338e+01 8.100283134662314311e+00 1.497784994101287204e+01 7.782603553910172778e+00 1.389023168427909383e+01 5.841140911294188776e+00 1.148260786919103182e+01 1.087253505075628546e+01 5.263995902625972612e+00 1.484195085168748030e+01 1.820744384379159797e+01 1.897373842579373004e+01 1.210885055649957387e+01 1.581541547417162796e+01 4.245254897944047201e+00 1.917414416514693087e+01 2.038042864980037905e+01 1.711888200519100423e+01 4.027950498296372750e+00
1.555402226668382859e+01 1.571609340677816569e+01 0.000000000000000000e+00 2.182118838096186764e+01 1.175899219616250946e+01 2.029417601441309316e+01 8.144139253975868797e+00 8.199285235774661729e+00 1.415764953740834109e+01 1.989376944855255758e+01 7.140934393933395796e+00 1.004013021178081999e+01 5.366953907695098280e+00 1.624535010833788107e+01 1.524002996970714996e+01 1.264869162537003611e+01 1.072440812253613096e+01 1.573907847414939987e+01 4.664820046878269011e+00 1.839027398799496993e+01 1.147887623581180172e+01 2.117042624112631088e+01 1.159227715651934609e+01 4.120128395790715103e+00 1.826482144098577365e+01
1.513732729254247644e+01 1.525988314028971793e+01 2.182118838096186764e+01 0.000000000000000000e+00 1.168182604703323690e+01 8.238680515583736153e+00 1.911498246401707135e+01 2.051780038555101271e+01 8.005102916423300741e+00 7.636795134429088527e+00 1.487584764749488109e+01 1.598385156816153696e+01 1.681345638181182878e+01 5.652875592552005557e+00 1.071439647003454887e+01 1.082852572344466147e+01 1.363861894827509502e+01 1.030446198287317650e+01 2.106752442786917356e+01 4.262663395729639149e+00 1.704869662414945708e+01 4.199447628074620908e+00 1.745583960788829714e+01 1.999383121783485606e+01 1.181223975942152826e+01
1.373644670238162568e+01 1.176357229068745092e+01 1.175899219616250946e+01 1.168182604703323690e+01 0.000000000000000000e+00 1.603993342836375291e+01 1.371831991886637780e+01 9.836634810192634859e+00 8.313273860940194382e+00 8.582118910435328374e+00 6.882301607586769343e+00 5.952424758319728504e+00 6.408165815684062849e+00 6.110324543148348830e+00 8.282959446603644693e+00 5.012077324112860666e+00 9.816261914516225318e+00 1.300381545281923046e+01 1.047343503524673913e+01 1.161441572828027269e+01 8.768689727767398523e+00 1.530977107122514624e+01 1.319725773128966040e+01 1.238022318086731666e+01 1.023093446301643361e+01
8.147992053082081298e+00 2.021433103763945027e+01 2.029417601441309316e+01 8.238680515583736153e+00 1.603993342836375291e+01 0.000000000000000000e+00 1.501176303404951540e+01 2.531869651997928017e+01 8.002327811839991867e+00 1.260076101823788974e+01 1.412272465591531656e+01 2.093443164218164654e+01 1.951188257141085458e+01 1.000499168762955016e+01 1.566497654405466378e+01 1.281484515971140858e+01 1.007543727308548220e+01 4.672310589817143978e+00 2.390249626028779062e+01 4.435924521087919459e+00 2.200314452149920186e+01 4.109173057831970510e+00 1.193987617621365871e+01 1.734413213989649805e+01 1.676748890912556078e+01
8.253069892328452895e+00 1.937068925563284338e+01 8.144139253975868797e+00 1.911498246401707135e+01 1.371831991886637780e+01 1.501176303404951540e+01 0.000000000000000000e+00 1.422746752404384019e+01 1.111443368342230364e+01 2.150767277512206022e+01 6.981062768735173840e+00 1.355954172326510943e+01 8.032190145239285428e+00 1.634666115018529453e+01 1.875944148119143762e+01 1.213933091295847255e+01 5.591378347571048124e+00 1.040403376412586134e+01 1.241472562272090663e+01 1.518304469008011459e+01 1.516631549765891229e+01 1.749274413841846965e+01 4.127176559569541325e+00 4.039170071279582608e+00 2.188276082337648276e+01
2.065849723985081354e+01 8.100283134662314311e+00 8.199285235774661729e+00 2.051780038555101271e+01 9.836634810192634859e+00 2.531869651997928017e+01 1.422746752404384019e+01 0.000000000000000000e+00 1.775286568986937041e+01 1.367554999037314722e+01 1.126537578363293868e+01 6.422326889906776692e+00 6.220532492956381887e+00 1.559526826994394000e+01 1.018753377625970913e+01 1.445166915304204025e+01 1.596666425213106955e+01 2.076359897971557089e+01 4.300078561362748353e+00 2.105400755720944872e+01 4.175579415391370119e+00 2.443206141040824164e+01 1.724301506645248949e+01 1.076541400233776180e+01 1.143896017799966103e+01
7.934751512935299900e+00 1.497784994101287204e+01 1.415764953740834109e+01 8.005102916423300741e+00 8.313273860940194382e+00 8.002327811839991867e+00 1.111443368342230364e+01 1.775286568986937041e+01 0.000000000000000000e+00 1.050572918645956122e+01 7.453820027210388943e+00 1.386865563799645784e+01 1.263084573381987852e+01 5.232227466762987333e+00 1.037784489665764021e+01 5.037115808254786664e+00 5.638070167680335310e+00 4.781604535728025240e+00 1.703174463052225462e+01 4.295415226120911534e+00 1.668492060744413052e+01 7.824179288175512781e+00 9.474095164768151278e+00 1.199328243724009546e+01 1.222508101017490922e+01
1.774220390225994848e+01 7.782603553910172778e+00 1.989376944855255758e+01 7.636795134429088527e+00 8.582118910435328374e+00 1.260076101823788974e+01 2.150767277512206022e+01 1.367554999037314722e+01 1.050572918645956122e+01 0.000000000000000000e+00 1.467165446384245087e+01 9.924891907935734281e+00 1.499028472611939655e+01 5.279423395820931120e+00 5.091744154163107439e+00 1.054110527116393214e+01 1.608104586191841179e+01 1.288264343997872174e+01 1.666652208269232105e+01 8.202101527600413888e+00 9.857618944486072010e+00 1.155105615928630414e+01 1.991717038925652261e+01 2.034308382964838202e+01 4.264582540567718461e+00
9.462525375786857040e+00 1.389023168427909383e+01 7.140934393933395796e+00 1.487584764749488109e+01 6.882301607586769343e+00 1.412272465591531656e+01 6.981062768735173840e+00 1.126537578363293868e+01 7.453820027210388943e+00 1.467165446384245087e+01 0.000000000000000000e+00 8.079084151911365197e+00 5.401781550764243711e+00 1.045546147574415841e+01 1.327898390983769339e+01 6.333269595650714123e+00 4.770692388067113043e+00 9.567627115651609060e+00 9.792395239641178861e+00 1.136277336390164017e+01 1.021374095449723995e+01 1.497959647726514554e+01 6.507518767297447937e+00 6.306295910213233213e+00 1.632047001642355610e+01
1.708812929914360979e+01 5.841140911294188776e+00 1.004013021178081999e+01 1.598385156816153696e+01 5.952424758319728504e+00 2.093443164218164654e+01 1.355954172326510943e+01 6.422326889906776692e+00 1.386865563799645784e+01 9.924891907935734281e+00 8.079084151911365197e+00 0.000000000000000000e+00 5.671460336823306747e+00 1.159103412303548453e+01 5.269455098126987203e+00 1.056745910116912412e+01 1.239629631142386934e+01 1.719323103900836713e+01 7.683377790282147402e+00 1.653551607871381535e+01 4.265535832008628070e+00 1.989811259301875523e+01 1.456928111743265220e+01 1.131252602031094590e+01 8.352780660939400192e+00
1.485168329128239684e+01 1.148260786919103182e+01 5.366953907695098280e+00 1.681345638181182878e+01 6.408165815684062849e+00 1.951188257141085458e+01 8.032190145239285428e+00 6.220532492956381887e+00 1.263084573381987852e+01 1.499028472611939655e+01 5.401781550764243711e+00 5.671460336823306747e+00 0.000000000000000000e+00 1.116058078925981611e+01 1.087136009474963316e+01 9.415221739507256160e+00 1.015985030356265106e+01 1.495678503114715241e+01 4.403260051533132824e+00 1.639298971928243986e+01 7.276163814591949830e+00 2.025398092191522537e+01 1.122955907227507311e+01 6.001593347104915210e+00 1.399467943693467475e+01
1.265136834906388152e+01 1.087253505075628546e+01 1.624535010833788107e+01 5.652875592552005557e+00 6.110324543148348830e+00 1.000499168762955016e+01 1.634666115018529453e+01 1.559526826994394000e+01 5.232227466762987333e+00 5.279423395820931120e+00 1.045546147574415841e+01 1.159103412303548453e+01 1.116058078925981611e+01 0.000000000000000000e+00 6.321579024908497324e+00 5.534568145625316404e+00 1.087029763444332353e+01 8.152830709037822032e+00 1.541464883531716090e+01 5.595334136049032736e+00 1.266134853461602461e+01 9.256702676266902685e+00 1.470479901720045923e+01 1.612689084155007890e+01 7.430079528575573633e+00
1.831259640959293478e+01 5.263995902625972612e+00 1.524002996970714996e+01 1.071439647003454887e+01 8.282959446603644693e+00 1.566497654405466378e+01 1.875944148119143762e+01 1.018753377625970913e+01 1.037784489665764021e+01 5.091744154163107439e+00 1.327898390983769339e+01 5.269455098126987203e+00 1.087136009474963316e+01 6.321579024908497324e+00 0.000000000000000000e+00 1.024194580733225024e+01 1.589757346223405143e+01 1.442424476448540815e+01 1.288327754820847382e+01 1.126606098058682370e+01 6.736718523934346337e+00 1.462865749489177247e+01 1.973369798957215338e+01 1.651242577823727231e+01 5.602268339973396571e+00
9.971966806893703961e+00 1.484195085168748030e+01 1.264869162537003611e+01 1.082852572344466147e+01 5.012077324112860666e+00 1.281484515971140858e+01 1.213933091295847255e+01 1.445166915304204025e+01 5.037115808254786664e+00 1.054110527116393214e+01 6.333269595650714123e+00 1.056745910116912412e+01 9.415221739507256160e+00 5.534568145625316404e+00 1.024194580733225024e+01 0.000000000000000000e+00 6.703886593137069028e+00 9.229804252523102548e+00 1.381734653061320905e+01 8.388047387738984284e+00 1.338372407061679858e+01 1.231376170946380100e+01 1.074344571358223632e+01 1.221334415264754725e+01 1.218992082374503383e+01
4.829614144147706511e+00 1.820744384379159797e+01 1.072440812253613096e+01 1.363861894827509502e+01 9.816261914516225318e+00 1.007543727308548220e+01 5.591378347571048124e+00 1.596666425213106955e+01 5.638070167680335310e+00 1.608104586191841179e+01 4.770692388067113043e+00 1.239629631142386934e+01 1.015985030356265106e+01 1.087029763444332353e+01 1.589757346223405143e+01 6.703886593137069028e+00 0.000000000000000000e+00 5.417256137325773935e+00 1.455046399243959065e+01 9.595761101250909419e+00 1.491502942299537438e+01 1.203634249995756633e+01 4.073847380515699612e+00 7.439965222052586924e+00 1.777845147920538338e+01
4.863374064224833759e+00 1.897373842579373004e+01 1.573907847414939987e+01 1.030446198287317650e+01 1.300381545281923046e+01 4.672310589817143978e+00 1.040403376412586134e+01 2.076359897971557089e+01 4.781604535728025240e+00 1.288264343997872174e+01 9.567627115651609060e+00 1.719323103900836713e+01 1.495678503114715241e+01 8.152830709037822032e+00 1.442424476448540815e+01 9.229804252523102548e+00 5.417256137325773935e+00 0.000000000000000000e+00 1.934739872002409555e+01 6.069820321258236895e+00 1.971196415057987750e+01 7.095774196644482501e+00 7.915151081227086216e+00 1.274164060785099828e+01 1.552753280966607896e+01
1.924229698015933110e+01 1.210885055649957387e+01 4.664820046878269011e+00 2.106752442786917356e+01 1.047343503524673913e+01 2.390249626028779062e+01 1.241472562272090663e+01 4.300078561362748353e+00 1.703174463052225462e+01 1.666652208269232105e+01 9.792395239641178861e+00 7.683377790282147402e+00 4.403260051533132824e+00 1.541464883531716090e+01 1.288327754820847382e+01 1.381734653061320905e+01 1.455046399243959065e+01 1.934739872002409555e+01 0.000000000000000000e+00 2.076262948893062799e+01 7.871569446198530606e+00 2.451828440783049956e+01 1.562017276115201092e+01 8.639842804388164765e+00 1.479139918819928035e+01
1.089901160481670672e+01 1.581541547417162796e+01 1.839027398799496993e+01 4.262663395729639149e+00 1.161441572828027269e+01 4.435924521087919459e+00 1.518304469008011459e+01 2.105400755720944872e+01 4.295415226120911534e+00 8.202101527600413888e+00 1.136277336390164017e+01 1.653551607871381535e+01 1.639298971928243986e+01 5.595334136049032736e+00 1.126606098058682370e+01 8.388047387738984284e+00 9.595761101250909419e+00 6.069820321258236895e+00 2.076262948893062799e+01 0.000000000000000000e+00 1.760422895803136711e+01 4.074194280434281445e+00 1.322209021306894705e+01 1.611270000345890452e+01 1.236857334565772071e+01
1.960686241071512015e+01 4.245254897944047201e+00 1.147887623581180172e+01 1.704869662414945708e+01 8.768689727767398523e+00 2.200314452149920186e+01 1.516631549765891229e+01 4.175579415391370119e+00 1.668492060744413052e+01 9.857618944486072010e+00 1.021374095449723995e+01 4.265535832008628070e+00 7.276163814591949830e+00 1.266134853461602461e+01 6.736718523934346337e+00 1.338372407061679858e+01 1.491502942299537438e+01 1.971196415057987750e+01 7.871569446198530606e+00 1.760422895803136711e+01 0.000000000000000000e+00 2.096295764900666825e+01 1.630238415019248777e+01 1.288661169122510763e+01 7.263380762608289132e+00
1.119252032271923447e+01 1.917414416514693087e+01 2.117042624112631088e+01 4.199447628074620908e+00 1.530977107122514624e+01 4.109173057831970510e+00 1.749274413841846965e+01 2.443206141040824164e+01 7.824179288175512781e+00 1.155105615928630414e+01 1.497959647726514554e+01 1.989811259301875523e+01 2.025398092191522537e+01 9.256702676266902685e+00 1.462865749489177247e+01 1.231376170946380100e+01 1.203634249995756633e+01 7.095774196644482501e+00 2.451828440783049956e+01 4.074194280434281445e+00 2.096295764900666825e+01 0.000000000000000000e+00 1.483799856017082774e+01 1.869961340968237096e+01 1.572650078427874476e+01
4.128087014835753799e+00 2.038042864980037905e+01 1.159227715651934609e+01 1.745583960788829714e+01 1.319725773128966040e+01 1.193987617621365871e+01 4.127176559569541325e+00 1.724301506645248949e+01 9.474095164768151278e+00 1.991717038925652261e+01 6.507518767297447937e+00 1.456928111743265220e+01 1.122955907227507311e+01 1.470479901720045923e+01 1.973369798957215338e+01 1.074344571358223632e+01 4.073847380515699612e+00 7.915151081227086216e+00 1.562017276115201092e+01 1.322209021306894705e+01 1.630238415019248777e+01 1.483799856017082774e+01 0.000000000000000000e+00 8.104784965894751281e+00 2.161457600654348354e+01
1.221717162794523936e+01 1.711888200519100423e+01 4.120128395790715103e+00 1.999383121783485606e+01 1.238022318086731666e+01 1.734413213989649805e+01 4.039170071279582608e+00 1.076541400233776180e+01 1.199328243724009546e+01 2.034308382964838202e+01 6.306295910213233213e+00 1.131252602031094590e+01 6.001593347104915210e+00 1.612689084155007890e+01 1.651242577823727231e+01 1.221334415264754725e+01 7.439965222052586924e+00 1.274164060785099828e+01 8.639842804388164765e+00 1.611270000345890452e+01 1.288661169122510763e+01 1.869961340968237096e+01 8.104784965894751281e+00 0.000000000000000000e+00 1.963161314865415008e+01
1.985142911377123909e+01 4.027950498296372750e+00 1.826482144098577365e+01 1.181223975942152826e+01 1.023093446301643361e+01 1.676748890912556078e+01 2.188276082337648276e+01 1.143896017799966103e+01 1.222508101017490922e+01 4.264582540567718461e+00 1.632047001642355610e+01 8.352780660939400192e+00 1.399467943693467475e+01 7.430079528575573633e+00 5.602268339973396571e+00 1.218992082374503383e+01 1.777845147920538338e+01 1.552753280966607896e+01 1.479139918819928035e+01 1.236857334565772071e+01 7.263380762608289132e+00 1.572650078427874476e+01 2.161457600654348354e+01 1.963161314865415008e+01 0.000000000000000000e+00
