0.000000000000000000e+00 1.999112500404483228e+01 1.660471222384983037e+01 1.066319189345114893e+01 1.046500383548881885e+01 1.775224410794917418e+01 8.458976994491751000e+00 7.592894574703451305e+00 1.640624197459325373e+01 1.546413095782335390e+01 7.227106689404608986e+00 1.278882209042975404e+01 5.368330662488295602e+00 1.310190594646697093e+01 1.286582017595513072e+01 1.814589940899742260e+01 4.579533674804888044e+00 1.713461475103282794e+01 1.221821503210834159e+01 7.966631438215625138e+00 3.819700130522665216e+00 1.438339616200670967e+01 8.254106611969440621e+00 1.641150218323996413e+01 1.350802573352506641e+01 1.900984929975424720e+01 1.644391906887338450e+01 1.276454791413712364e+01 4.637016335693828317e+00 1.031870806947146590e+01 1.205278024946836979e+01 1.509559513939863962e+01 1.812032784540419073e+01 8.231303226666502937e+00 1.685356129613940368e+01 8.527721845776760290e+00 1.598155148476558196e+01 1.000502861361235674e+01 6.028596002176842106e+00 8.029387610156341282e+00 1.096031319780007962e+01 2.578605606196023192e+00 1.040873592008724202e+01 1.028964694681763881e+01 1.495217627833612895e+01 1.042811480267209134e+01 1.465436359195856930e+01 1.944974049282213002e+01 5.936787052150149790e+00 6.109849600003043335e+00
1.999112500404483228e+01 0.000000000000000000e+00 1.657700181497984104e+01 1.074009549464890867e+01 1.111907039607011249e+01 9.643474655084736114e+00 2.283515776788388507e+01 1.611695308214610733e+01 6.978983553286509434e+00 6.921477972756608033e+00 1.276401831464021797e+01 7.237451036190226006e+00 1.566643536220820465e+01 1.194372267247174157e+01 2.073781125243434431e+01 4.783003793837331763e+00 2.072737843804581104e+01 1.363130988349293204e+01 1.632289173778359981e+01 1.460268747456569294e+01 1.706889656651403087e+01 8.573013238563932603e+00 1.973444721388148082e+01 3.647980297114900239e+00 8.397475250524294665e+00 3.401382707998931387e+00 3.668554131054412970e+00 7.624584874492736475e+00 1.608286270558160069e+01 1.261503942298053538e+01 8.036116876998873337e+00 9.187227867981825113e+00 7.070686130136499159e+00 1.277403437867945968e+01 1.176097288727760670e+01 1.180722136284957102e+01 4.236035319477659655e+00 1.000879023306660009e+01 1.496866933137922651e+01 1.331694515842817061e+01 1.895146748301009865e+01 2.139106619479727911e+01 2.220751535652172848e+01 1.437057492008682047e+01 1.848572645866411790e+01 1.038051510340032202e+01 1.415288261872710329e+01 2.443642958233680496e+00 2.261741236529199384e+01 1.857438056936709003e+01
1.660471222384983037e+01 1.657700181497984104e+01 0.000000000000000000e+00 1.989416959691538267e+01 1.043973284811339219e+01 1.008352453680409866e+01 8.922967375080826713e+00 9.077706598962762996e+00 1.964096077106220761e+01 9.754399743645576493e+00 1.488757841766178025e+01 1.425158729687834125e+01 1.870277332959046745e+01 5.228973173315769607e+00 4.920064627542615199e+00 1.434724384231594385e+01 1.216406623108008844e+01 4.532741096308320117e+00 4.409301559904533541e+00 9.990486257959469540e+00 1.290584351337924929e+01 2.055159908502274391e+01 8.367277458023595571e+00 1.470586402354098965e+01 8.749887182473905511e+00 1.802246270182218169e+01 1.291584407920171174e+01 1.750273948967926074e+01 1.560295827816882586e+01 7.715159164268261982e+00 1.132992837679085874e+01 7.603524545028410131e+00 1.128252037886641723e+01 1.715434485020679745e+01 7.385495392188339281e+00 1.301049368913742121e+01 1.683584473331204023e+01 1.524501280475314502e+01 1.217201893981522609e+01 1.967483666210008408e+01 5.644431851665118849e+00 1.459833587179075920e+01 6.405270814039492500e+00 6.426604362823389316e+00 2.470380826011117747e+00 1.793228431155809233e+01 2.660517287360114835e+00 1.580547019361535277e+01 1.152798390175593468e+01 1.062934519196641681e+01
1.066319189345114893e+01 1.074009549464890867e+01 1.989416959691538267e+01 0.000000000000000000e+00 1.042811018933085698e+01 1.735765015478710893e+01 1.616283168776382340e+01 1.102353621621182711e+01 6.816657366157967246e+00 1.184336789848102534e+01 5.842156403215681415e+00 5.717384048666827923e+00 5.323391606720847768e+00 1.470470896018055562e+01 1.742162833544615808e+01 1.350892207961003422e+01 1.196150958806624587e+01 1.869019128981987876e+01 1.568288038749253133e+01 1.079420328820544306e+01 8.202717418502292190e+00 3.814002186171980391e+00 1.306856428635061818e+01 7.189459139460698367e+00 1.195528183953608270e+01 9.699784157854841382e+00 1.043319565589905729e+01 3.201806408014201466e+00 6.043656234504488189e+00 1.332319345850338443e+01 8.934875471537038649e+00 1.486918626715399228e+01 1.430087834567123828e+01 3.030644865073793603e+00 1.784056167533000092e+01 7.828151599619991075e+00 6.677904258707841656e+00 4.826801008913224500e+00 8.274470389371835211e+00 2.650071084936815424e+00 1.505749530166490757e+01 1.239441957971234665e+01 1.662852851431996726e+01 1.372028858832602261e+01 1.860858596503114981e+01 2.468415988864472332e+00 1.723803172963781805e+01 1.117017635585575874e+01 1.438128352929685327e+01 1.036866171952920723e+01
1.046500383548881885e+01 1.111907039607011249e+01 1.043973284811339219e+01 1.042811018933085698e+01 0.000000000000000000e+00 9.429116636562376641e+00 1.437254144489052265e+01 7.380029952529363335e+00 1.100550066728194665e+01 6.284298774197230486e+00 5.880772206668450686e+00 5.503442395685193667e+00 1.118404323814403512e+01 5.341493492060856774e+00 1.227854062976792271e+01 8.973671262384954161e+00 1.095243548558869406e+01 9.747549536429144013e+00 7.875398456039178541e+00 3.930748975458529415e+00 7.542240990418744850e+00 1.131112749615775037e+01 1.122503990789076234e+01 7.646390972237471217e+00 3.472288580300389782e+00 1.045156607083536215e+01 7.457533494599557500e+00 8.098980011836907522e+00 7.995115952294964856e+00 3.345441959357145834e+00 3.276236985323439654e+00 6.772467668011843855e+00 8.940495661778065539e+00 9.116523031890201523e+00 8.916661545452647886e+00 2.959332572704132858e+00 8.302641420476199130e+00 5.738689188546099551e+00 4.623090032631014701e+00 1.140012312959976448e+01 1.048870382151325842e+01 1.164235869735041007e+01 1.374489903352836251e+01 5.859164503366059762e+00 1.068350742006559173e+01 8.432903706212179884e+00 7.782882183243932772e+00 1.043150135351060115e+01 1.337495503155700050e+01 8.814305712205982246e+00
1.775224410794917418e+01 9.643474655084736114e+00 1.008352453680409866e+01 1.735765015478710893e+01 9.429116636562376641e+00 0.000000000000000000e+00 1.706279746451859936e+01 1.049980381731806034e+01 1.593564377597061110e+01 6.122690846684972321e+00 1.390306397994668508e+01 1.181913190105146327e+01 1.896759423760329355e+01 6.195576222923555143e+00 1.494519868818268371e+01 5.319015219294379371e+00 1.524852546521829666e+01 5.729640450347631919e+00 1.046383541623124991e+01 1.081450485873675582e+01 1.400394493763888093e+01 1.744794090353697058e+01 1.399867742157477757e+01 1.016819101532640879e+01 6.594439868774840008e+00 1.236858680184576365e+01 6.996022677025795389e+00 1.481621939217813377e+01 1.669766316869280232e+01 7.973998042380181062e+00 9.077390419882927830e+00 3.151749158877358070e+00 3.108527699812844602e+00 1.649427460865787864e+01 3.040224197406276474e+00 1.194234005262388898e+01 1.307133198098499527e+01 1.310088283679124288e+01 1.307658475852108992e+01 1.855873026904427192e+01 1.319786678044519768e+01 1.669349415891358746e+01 1.642872341875724729e+01 8.661108646277959622e+00 1.253533307705450284e+01 1.559151084565669088e+01 8.202903417013285292e+00 7.743074461836546796e+00 1.688253617509627702e+01 1.296488958287988602e+01
8.458976994491751000e+00 2.283515776788388507e+01 8.922967375080826713e+00 1.616283168776382340e+01 1.437254144489052265e+01 1.706279746451859936e+01 0.000000000000000000e+00 7.334533627285527047e+00 2.106714433075548598e+01 1.605363168588328548e+01 1.188800904556684479e+01 1.744972444659199695e+01 1.333574102175942677e+01 1.091830559573933179e+01 5.062158240323671343e+00 2.068975863419872496e+01 4.562959939892007988e+00 1.151201402402282348e+01 6.672144461406866789e+00 1.107706846596157568e+01 8.013407996480326645e+00 1.906071043373125917e+01 3.733551579675314258e+00 1.993849455173577567e+01 1.462222287028611589e+01 2.280656226648269325e+01 1.917362086641334429e+01 1.742545027029936122e+01 1.094813177271333515e+01 1.114131148775367741e+01 1.563257165855468145e+01 1.450462654127547069e+01 1.818265855636053985e+01 1.314159186603261631e+01 1.436476831990285064e+01 1.302104267030215823e+01 2.064245384092783198e+01 1.466593096977459076e+01 1.035825542927251242e+01 1.516266959565038164e+01 3.933568100252603728e+00 5.968150094981292675e+00 2.517696561041329772e+00 8.528104505914766875e+00 7.244975065904927902e+00 1.509648861368207484e+01 8.917276798691974093e+00 2.214758872532438971e+01 2.712646059112163055e+00 6.199093087904455679e+00
7.592894574703451305e+00 1.611695308214610733e+01 9.077706598962762996e+00 1.102353621621182711e+01 7.380029952529363335e+00 1.049980381731806034e+01 7.334533627285527047e+00 0.000000000000000000e+00 1.469035606514954750e+01 9.355931665558285815e+00 6.032673676167014776e+00 1.102117312602586274e+01 9.639509643946750472e+00 5.511446018110314427e+00 6.889876299118164127e+00 1.397155394846095433e+01 4.752198641627619402e+00 9.577950127110961276e+00 4.674570743032734121e+00 3.900551118213716695e+00 3.842579827735538966e+00 1.346766124531679587e+01 3.846739015678045881e+00 1.313217786461406966e+01 7.902134980010206533e+00 1.600024557936099256e+01 1.245541618067555412e+01 1.120088790975362691e+01 6.539694592525112427e+00 4.110951466961422440e+00 8.822218890821259762e+00 7.858049311710541218e+00 1.148832230939062171e+01 8.091081164563087569e+00 9.263101367782759610e+00 6.351020522536095392e+00 1.416720661872552789e+01 8.290957170919030617e+00 3.488867019569804384e+00 1.061157297645637598e+01 4.273093109575909487e+00 6.193690341595520898e+00 6.926362804566513098e+00 2.697223342681973612e+00 7.600645793870683065e+00 9.396451886707106738e+00 7.097698968036689315e+00 1.542938403958659777e+01 6.676492554791233047e+00 2.465085765561827014e+00
1.640624197459325373e+01 6.978983553286509434e+00 1.964096077106220761e+01 6.816657366157967246e+00 1.100550066728194665e+01 1.593564377597061110e+01 2.106714433075548598e+01 1.469035606514954750e+01 0.000000000000000000e+00 1.057801051654082514e+01 9.179135285188639415e+00 5.525923241129558683e+00 1.206437410041834646e+01 1.444918129478537594e+01 2.118809785471492901e+01 1.168773399511974098e+01 1.714249540859423249e+01 1.806153963663268414e+01 1.730800361343796112e+01 1.215061651041921387e+01 1.348401353706245054e+01 3.841649151851499244e+00 1.780406542504756828e+01 5.813306110443686947e+00 1.113708764071821378e+01 3.590320103230340010e+00 8.944858829709353643e+00 3.661107213440482067e+00 1.248101696044890119e+01 1.313185056512347693e+01 8.312331746897960727e+00 1.360382888521378675e+01 1.285440886748103040e+01 9.130726267265727003e+00 1.655587350486408837e+01 9.147541996528621766e+00 3.139966418201559417e+00 6.412825373169804166e+00 1.157643478690909866e+01 9.459279175342430790e+00 1.857725631262112742e+01 1.780618316534570056e+01 2.137630191589084916e+01 1.531368293909625677e+01 1.990952762658391251e+01 6.607242456066970249e+00 1.698482290378462878e+01 9.348373159516089714e+00 1.956501495456253537e+01 1.513272169393798450e+01
1.546413095782335390e+01 6.921477972756608033e+00 9.754399743645576493e+00 1.184336789848102534e+01 6.284298774197230486e+00 6.122690846684972321e+00 1.605363168588328548e+01 9.355931665558285815e+00 1.057801051654082514e+01 0.000000000000000000e+00 8.237024268418743134e+00 6.274686587017414219e+00 1.341949224191082735e+01 5.150889618062817199e+00 1.395628517043372874e+01 4.775701103448732887e+00 1.410770547880580139e+01 7.676993529812508044e+00 9.540409852299124083e+00 9.636295047349038967e+00 1.254190252029255426e+01 1.202950212422798160e+01 1.295292113188086169e+01 4.992969186210422627e+00 3.562703628651411769e+00 8.303116443971161331e+00 3.260320236978477837e+00 9.321052330407081143e+00 1.179673361869226333e+01 6.795788230992461543e+00 3.411350708354984107e+00 3.110665151647562521e+00 3.138709556939870637e+00 1.094848345546304813e+01 6.439456845183610945e+00 7.254629229263591661e+00 7.640753530504007074e+00 7.547947222076928142e+00 1.041607719779324981e+01 1.301477104955531772e+01 1.216994140100949551e+01 1.554672968427777491e+01 1.542598927452112534e+01 7.589048838086207560e+00 1.170114909615680254e+01 1.004755162616773312e+01 7.353035400451382486e+00 6.233531194574386980e+00 1.583588628329137649e+01 1.182059260274000145e+01
7.227106689404608986e+00 1.276401831464021797e+01 1.488757841766178025e+01 5.842156403215681415e+00 5.880772206668450686e+00 1.390306397994668508e+01 1.188800904556684479e+01 6.032673676167014776e+00 9.179135285188639415e+00 8.237024268418743134e+00 0.000000000000000000e+00 5.561715401025153049e+00 5.713031674196260568e+00 1.027410788714992229e+01 1.291306961864094482e+01 1.091879271959282072e+01 7.963360123405596624e+00 1.431013467913297887e+01 1.050011749029088115e+01 5.364217396364589163e+00 4.304878251873810235e+00 7.483484872180150127e+00 8.624930139858925315e+00 9.184395493835365798e+00 7.907862385582706821e+00 1.178274261034963288e+01 9.216812379468779071e+00 5.537441224732515543e+00 3.559709350273524642e+00 8.133150546548014503e+00 4.825673560063756362e+00 1.126284263709170652e+01 1.089322115599958174e+01 3.361641729904536025e+00 1.347807366701273679e+01 2.930614818191365156e+00 8.754444795360976528e+00 2.777921924207747306e+00 2.808724669648117178e+00 6.198058453134383861e+00 1.030012174202358999e+01 8.627047880157059367e+00 1.219716663070221685e+01 8.461199180398040198e+00 1.349086924179158586e+01 3.463393636290385658e+00 1.279588840564333374e+01 1.222263380341753880e+01 1.038587966937390838e+01 5.953586408749345971e+00
1.278882209042975404e+01 7.237451036190226006e+00 1.425158729687834125e+01 5.717384048666827923e+00 5.503442395685193667e+00 1.181913190105146327e+01 1.744972444659199695e+01 1.102117312602586274e+01 5.525923241129558683e+00 6.274686587017414219e+00 5.561715401025153049e+00 0.000000000000000000e+00 8.447011223935071200e+00 9.062126660143492884e+00 1.627565496517893706e+01 8.152399809975831246e+00 1.352507552443075411e+01 1.297833208493076107e+01 1.187168568014323178e+01 7.754367498223310839e+00 9.866593652898961508e+00 6.300011788144392888e+00 1.418664554088407570e+01 3.677656726961176847e+00 6.325347553460098027e+00 6.225384757400762581e+00 4.930672868457475211e+00 3.271679715328254190e+00 8.863597076285406828e+00 7.688448553114707984e+00 3.246204234027967317e+00 9.300504955690376718e+00 8.768038818552714275e+00 5.551498186451931716e+00 1.213937117431260759e+01 4.745803879255754865e+00 3.198888111433380033e+00 2.791375278365153534e+00 7.907251847785409460e+00 6.770592654639330910e+00 1.448782298352816511e+01 1.418876328118221686e+01 1.774401819554326920e+01 9.870280927087486944e+00 1.451384924427353162e+01 3.803373231251741871e+00 1.159544942960075353e+01 6.784279845004145493e+00 1.594759507039906055e+01 1.151530180977450080e+01
5.368330662488295602e+00 1.566643536220820465e+01 1.870277332959046745e+01 5.323391606720847768e+00 1.118404323814403512e+01 1.896759423760329355e+01 1.333574102175942677e+01 9.639509643946750472e+00 1.206437410041834646e+01 1.341949224191082735e+01 5.713031674196260568e+00 8.447011223935071200e+00 0.000000000000000000e+00 1.514849257768476676e+01 1.576377437748047150e+01 1.542614088704035424e+01 8.952248795416728910e+00 1.920405894856795470e+01 1.429885381522746002e+01 9.929157171975615981e+00 6.251562442361198180e+00 9.091085179290113061e+00 1.140286836397319803e+01 1.209965226982797049e+01 1.345246424098125004e+01 1.466819694223649861e+01 1.214687967650243294e+01 8.413615622708736197e+00 3.201229548256191215e+00 1.236076969288815164e+01 1.033794716956413318e+01 1.644531061058379606e+01 1.592631977498651530e+01 3.039487131525858921e+00 1.890014792735721016e+01 8.574181141631575187e+00 1.163989912724784226e+01 5.882604297669119298e+00 7.219124888754277158e+00 2.676174740450047107e+00 1.350838995030695955e+01 7.459872223532149960e+00 1.473619064259080957e+01 1.233626201606094064e+01 1.722455939276607140e+01 5.552141567510395781e+00 1.672380778949367652e+01 1.517842121909069597e+01 1.081369517770789201e+01 8.677876608515560974e+00
1.310190594646697093e+01 1.194372267247174157e+01 5.228973173315769607e+00 1.470470896018055562e+01 5.341493492060856774e+00 6.195576222923555143e+00 1.091830559573933179e+01 5.511446018110314427e+00 1.444918129478537594e+01 5.150889618062817199e+00 1.027410788714992229e+01 9.062126660143492884e+00 1.514849257768476676e+01 0.000000000000000000e+00 8.820959080289782150e+00 9.798323538786585019e+00 9.168025445488876102e+00 4.440746925481672491e+00 4.400788191050945208e+00 6.250188259519039669e+00 9.351638107827852764e+00 1.536213844828789021e+01 7.817595041736906225e+00 9.732095946537988596e+00 3.744295785274523336e+00 1.305381527360714067e+01 8.282185771001186581e+00 1.231327885294441593e+01 1.204867752626313582e+01 3.497624844392944521e+00 6.139051639152701689e+00 3.590239440754626088e+00 7.275117280126593755e+00 1.344483707835210673e+01 3.770398960118849452e+00 7.865708863760327851e+00 1.164369609970047037e+01 1.005555216801829310e+01 8.494492258208914848e+00 1.571004309821083211e+01 7.034615310865540039e+00 1.155329158805623457e+01 1.029066318437717165e+01 2.832410030500546405e+00 6.557606216720540004e+00 1.274282367482324752e+01 2.596893974043048559e+00 1.125615362991223023e+01 1.070056019314742279e+01 7.243578602418109469e+00
1.286582017595513072e+01 2.073781125243434431e+01 4.920064627542615199e+00 1.742162833544615808e+01 1.227854062976792271e+01 1.494519868818268371e+01 5.062158240323671343e+00 6.889876299118164127e+00 2.118809785471492901e+01 1.395628517043372874e+01 1.291306961864094482e+01 1.627565496517893706e+01 1.576377437748047150e+01 8.820959080289782150e+00 0.000000000000000000e+00 1.859241211874919131e+01 8.430132075084200594e+00 9.394415247686906056e+00 4.555126130475746216e+00 9.378514497059176946e+00 9.567094217203452544e+00 2.015442495272838386e+01 4.645406951126791029e+00 1.784241538480518585e+01 1.252487635483656092e+01 2.071048309955210698e+01 1.707627435096378576e+01 1.791772984633443144e+01 1.272723877589129948e+01 9.098936512819859601e+00 1.353649249162409340e+01 1.240324572767445765e+01 1.608531204091098132e+01 1.445294390260482231e+01 1.224716954356692433e+01 1.240969230073694263e+01 1.892376002963138504e+01 1.488707144320627052e+01 1.035205798224582985e+01 1.694242576681610402e+01 2.640697999222066716e+00 1.084383404669694251e+01 2.551717768124950769e+00 6.439544934662991160e+00 2.522746631028271125e+00 1.617733375958204078e+01 6.799838241831946739e+00 2.005024220987484185e+01 7.765442941489040685e+00 7.120174200813458754e+00
1.814589940899742260e+01 4.783003793837331763e+00 1.434724384231594385e+01 1.350892207961003422e+01 8.973671262384954161e+00 5.319015219294379371e+00 2.068975863419872496e+01 1.397155394846095433e+01 1.168773399511974098e+01 4.775701103448732887e+00 1.091879271959282072e+01 8.152399809975831246e+00 1.542614088704035424e+01 9.798323538786585019e+00 1.859241211874919131e+01 0.000000000000000000e+00 1.871609431174771387e+01 1.031495097333381672e+01 1.417749260409844148e+01 1.245728834088053283e+01 1.522367097146663184e+01 1.328176368039716593e+01 1.758904808019632071e+01 6.319462940149340291e+00 6.252076116839136333e+00 8.110133149832163824e+00 3.279261210537926630e+00 1.089806163212871226e+01 1.447850206986633914e+01 1.046964028929537527e+01 6.100723196542709559e+00 6.801822837490618667e+00 3.306200245383775549e+00 1.290525536712207000e+01 7.887741380162522908e+00 9.944001717451319777e+00 8.944785761310894756e+00 9.579074181020647671e+00 1.310544968598097526e+01 1.484956709343926207e+01 1.680606834932494920e+01 1.954584059974988364e+01 2.006211622283657192e+01 1.222517578640166391e+01 1.634032732497896845e+01 1.188234767005167747e+01 1.200748348504194674e+01 2.427602536069175976e+00 2.047201323160683728e+01 1.642898143568194058e+01
4.579533674804888044e+00 2.072737843804581104e+01 1.216406623108008844e+01 1.196150958806624587e+01 1.095243548558869406e+01 1.524852546521829666e+01 4.562959939892007988e+00 4.752198641627619402e+00 1.714249540859423249e+01 1.410770547880580139e+01 7.963360123405596624e+00 1.352507552443075411e+01 8.952248795416728910e+00 9.168025445488876102e+00 8.430132075084200594e+00 1.871609431174771387e+01 0.000000000000000000e+00 1.266982827908008069e+01 7.755236400540591823e+00 7.977006730839850235e+00 3.926730724498925351e+00 1.513606151157001456e+01 3.805215258912313381e+00 1.714775561724096065e+01 1.264006100090982443e+01 1.974610273375522240e+01 1.718017250287437037e+01 1.350080134813811839e+01 6.389354739716980980e+00 8.769543977499992593e+00 1.278903368346935387e+01 1.261024795333816328e+01 1.624009612263812485e+01 9.167000772287794419e+00 1.275676096224088596e+01 9.096393748140918945e+00 1.671780491876657138e+01 1.074128204761334615e+01 6.502389927681234916e+00 1.062079087100109653e+01 6.522741562824422523e+00 2.824375996313155390e+00 5.978753248157936184e+00 6.632798376466251256e+00 1.051522907666225493e+01 1.117183969152083733e+01 1.018957712000581139e+01 2.017392440287337152e+01 2.422519545968306875e+00 2.416738472308218366e+00
1.713461475103282794e+01 1.363130988349293204e+01 4.532741096308320117e+00 1.869019128981987876e+01 9.747549536429144013e+00 5.729640450347631919e+00 1.151201402402282348e+01 9.577950127110961276e+00 1.806153963663268414e+01 7.676993529812508044e+00 1.431013467913297887e+01 1.297833208493076107e+01 1.920405894856795470e+01 4.440746925481672491e+00 9.394415247686906056e+00 1.031495097333381672e+01 1.266982827908008069e+01 0.000000000000000000e+00 4.918056790668957845e+00 1.037105292989101279e+01 1.340712913235674009e+01 1.921379263814996818e+01 8.880508139063396200e+00 1.266160225504882675e+01 6.926091732449042304e+00 1.559657830604402307e+01 1.013096740930409290e+01 1.623427575246347487e+01 1.610424389714631843e+01 7.760936605293875523e+00 9.827171329249290821e+00 4.751970427642374872e+00 7.069381232696382966e+00 1.748086387033516331e+01 2.933060024303805413e+00 1.226155838146327959e+01 1.503936171356469842e+01 1.409157896000135501e+01 1.261229158315412846e+01 1.974606989019389047e+01 7.648689762300746153e+00 1.516513665266699284e+01 1.087793997826147319e+01 6.895781669839723627e+00 6.984549636558726959e+00 1.677885046680631120e+01 2.657124053370796268e+00 1.183949521725658371e+01 1.212402155914761437e+01 1.113370355069022999e+01
1.221821503210834159e+01 1.632289173778359981e+01 4.409301559904533541e+00 1.568288038749253133e+01 7.875398456039178541e+00 1.046383541623124991e+01 6.672144461406866789e+00 4.674570743032734121e+00 1.730800361343796112e+01 9.540409852299124083e+00 1.050011749029088115e+01 1.187168568014323178e+01 1.429885381522746002e+01 4.400788191050945208e+00 4.555126130475746216e+00 1.417749260409844148e+01 7.755236400540591823e+00 4.918056790668957845e+00 0.000000000000000000e+00 6.084377187684656185e+00 8.501923999016243627e+00 1.760089331658958400e+01 3.964108420138900968e+00 1.342930653571943900e+01 8.109956840185819971e+00 1.629737425046636901e+01 1.266135483631303593e+01 1.473986830014992577e+01 1.119903876380582908e+01 4.696282761949693629e+00 9.124496032378914379e+00 7.927062392903897248e+00 1.166099819228246304e+01 1.275042533584379534e+01 7.769002680068750166e+00 9.140173011081683896e+00 1.451866031415793756e+01 1.169262285660133394e+01 7.769591654547166826e+00 1.527091714773708730e+01 2.796022007487795058e+00 1.024707986199803145e+01 6.038650861050311569e+00 2.493691921362982455e+00 3.301506601140729025e+00 1.386211278942651326e+01 2.437805631594681444e+00 1.563532269522407958e+01 7.205964768478660964e+00 6.221551401419057825e+00
7.966631438215625138e+00 1.460268747456569294e+01 9.990486257959469540e+00 1.079420328820544306e+01 3.930748975458529415e+00 1.081450485873675582e+01 1.107706846596157568e+01 3.900551118213716695e+00 1.215061651041921387e+01 9.636295047349038967e+00 5.364217396364589163e+00 7.754367498223310839e+00 9.929157171975615981e+00 6.250188259519039669e+00 9.378514497059176946e+00 1.245728834088053283e+01 7.977006730839850235e+00 1.037105292989101279e+01 6.084377187684656185e+00 0.000000000000000000e+00 5.043868593145544033e+00 1.186811061143153267e+01 7.563140283795312335e+00 1.113000805073305166e+01 6.227034413614521036e+00 1.390041975666731844e+01 1.094115057309513439e+01 8.943564236527615563e+00 6.765452220655772564e+00 3.192022054682214893e+00 6.819904412363938739e+00 8.157855890186223036e+00 1.176868569118137486e+01 8.152041182057093494e+00 1.000184360919148396e+01 3.061906035131648274e+00 1.090585914969853043e+01 5.968882682715769050e+00 2.765410651491443605e+00 1.072134853026898682e+01 7.156269649583732573e+00 8.979703542342827305e+00 1.058084642398213404e+01 3.607815837840433471e+00 9.340916921709231602e+00 8.380189229803979956e+00 7.897534015764214210e+00 1.391511843200617804e+01 1.025680847896942893e+01 5.568262692868491293e+00
3.819700130522665216e+00 1.706889656651403087e+01 1.290584351337924929e+01 8.202717418502292190e+00 7.542240990418744850e+00 1.400394493763888093e+01 8.013407996480326645e+00 3.842579827735538966e+00 1.348401353706245054e+01 1.254190252029255426e+01 4.304878251873810235e+00 9.866593652898961508e+00 6.251562442361198180e+00 9.351638107827852764e+00 9.567094217203452544e+00 1.522367097146663184e+01 3.926730724498925351e+00 1.340712913235674009e+01 8.501923999016243627e+00 5.043868593145544033e+00 0.000000000000000000e+00 1.146498222848436122e+01 5.193089983350862582e+00 1.348927374570917692e+01 1.058526288845497909e+01 1.608762086222344578e+01 1.352169063134258664e+01 9.842319476606324002e+00 3.230344716077134581e+00 6.582618147778826589e+00 9.130551811937570150e+00 1.134729596908835525e+01 1.495812577008350708e+01 5.372008649934430835e+00 1.310329345750029084e+01 5.604959000706686290e+00 1.305932304723478765e+01 7.082800176081557986e+00 3.105833157106764553e+00 7.481436324848152353e+00 7.468499818626827214e+00 4.421884331052284622e+00 8.753054211320206335e+00 6.539332199849731353e+00 1.142762957655485501e+01 7.505886365141297922e+00 1.092687797328246369e+01 1.652751205529134637e+01 6.347098223099793657e+00 2.446920016389994235e+00
1.438339616200670967e+01 8.573013238563932603e+00 2.055159908502274391e+01 3.814002186171980391e+00 1.131112749615775037e+01 1.744794090353697058e+01 1.906071043373125917e+01 1.346766124531679587e+01 3.841649151851499244e+00 1.202950212422798160e+01 7.483484872180150127e+00 6.300011788144392888e+00 9.091085179290113061e+00 1.536213844828789021e+01 2.015442495272838386e+01 1.328176368039716593e+01 1.513606151157001456e+01 1.921379263814996818e+01 1.760089331658958400e+01 1.186811061143153267e+01 1.146498222848436122e+01 0.000000000000000000e+00 1.581697114015631911e+01 7.312712698608184958e+00 1.237488196298375343e+01 7.031928669921551744e+00 1.046619481929558049e+01 3.215152185262561524e+00 9.811349807073753482e+00 1.398846034125910620e+01 9.435040236088086729e+00 1.505532049290094321e+01 1.438471590004377276e+01 6.329364969274644537e+00 1.802313135119903009e+01 8.892151168058553878e+00 4.407653059639856430e+00 5.915433903549735639e+00 1.022417485170003637e+01 6.417764657506080717e+00 1.768498717469955395e+01 1.579974926832147553e+01 1.938043319114129304e+01 1.542719642237815236e+01 2.081386103241793251e+01 4.121990940654470137e+00 1.789546121774515797e+01 1.094240284479351644e+01 1.755858105753831921e+01 1.313517397315399293e+01
8.254106611969440621e+00 1.973444721388148082e+01 8.367277458023595571e+00 1.306856428635061818e+01 1.122503990789076234e+01 1.399867742157477757e+01 3.733551579675314258e+00 3.846739015678045881e+00 1.780406542504756828e+01 1.295292113188086169e+01 8.624930139858925315e+00 1.418664554088407570e+01 1.140286836397319803e+01 7.817595041736906225e+00 4.645406951126791029e+00 1.758904808019632071e+01 3.805215258912313381e+00 8.880508139063396200e+00 3.964108420138900968e+00 7.563140283795312335e+00 5.193089983350862582e+00 1.581697114015631911e+01 0.000000000000000000e+00 1.683778399773335721e+01 1.152151231628369210e+01 1.970585171248028900e+01 1.607291031241091162e+01 1.416237136459143819e+01 8.367091065078799517e+00 7.955961422322823218e+00 1.253171650324506636e+01 1.140391598727304334e+01 1.508194800235811073e+01 1.009591616176466644e+01 1.134927219526886510e+01 9.670093889810839727e+00 1.737937493521990362e+01 1.140285206406666596e+01 6.638165679312588274e+00 1.258313994542645986e+01 2.722845606358482939e+00 6.318542480953544427e+00 3.582002087178115524e+00 5.412257166960820598e+00 6.716975756276421627e+00 1.184528605173598947e+01 6.400256979989123352e+00 1.904687817132195704e+01 3.305790225180015085e+00 2.746169966960867903e+00
1.641150218323996413e+01 3.647980297114900239e+00 1.470586402354098965e+01 7.189459139460698367e+00 7.646390972237471217e+00 1.016819101532640879e+01 1.993849455173577567e+01 1.313217786461406966e+01 5.813306110443686947e+00 4.992969186210422627e+00 9.184395493835365798e+00 3.677656726961176847e+00 1.209965226982797049e+01 9.732095946537988596e+00 1.784241538480518585e+01 6.319462940149340291e+00 1.714775561724096065e+01 1.266160225504882675e+01 1.342930653571943900e+01 1.113000805073305166e+01 1.348927374570917692e+01 7.312712698608184958e+00 1.683778399773335721e+01 0.000000000000000000e+00 6.058874762413510418e+00 3.346717466633216898e+00 3.243736516438365136e+00 4.651013080442780279e+00 1.251607961320135765e+01 9.319953107013249749e+00 4.421657153789024797e+00 8.018787554883383351e+00 7.111419206210547905e+00 9.207306191181105604e+00 1.081475889375571775e+01 8.227598542044709973e+00 2.930512678965090601e+00 6.441309780999755041e+00 1.138904651057436723e+01 9.763681484680624578e+00 1.605480426686197859e+01 1.781144337399241451e+01 1.931085214037362263e+01 1.146389296782971812e+01 1.564455226227099693e+01 6.824898827870536699e+00 1.208778026499194880e+01 3.980717216395064817e+00 1.957027516320927063e+01 1.513798190258471088e+01
1.350802573352506641e+01 8.397475250524294665e+00 8.749887182473905511e+00 1.195528183953608270e+01 3.472288580300389782e+00 6.594439868774840008e+00 1.462222287028611589e+01 7.902134980010206533e+00 1.113708764071821378e+01 3.562703628651411769e+00 7.907862385582706821e+00 6.325347553460098027e+00 1.345246424098125004e+01 3.744295785274523336e+00 1.252487635483656092e+01 6.252076116839136333e+00 1.264006100090982443e+01 6.926091732449042304e+00 8.109956840185819971e+00 6.227034413614521036e+00 1.058526288845497909e+01 1.237488196298375343e+01 1.152151231628369210e+01 6.058874762413510418e+00 0.000000000000000000e+00 9.375754886667285959e+00 4.735938349053737895e+00 9.475255065693785284e+00 1.137018245059922350e+01 4.282713112422795732e+00 3.179325590773305343e+00 3.937790900224307222e+00 6.218900516232247710e+00 1.098936351105617781e+01 6.084098999119959217e+00 5.945448814619237687e+00 8.150076939083451322e+00 7.577540115546270272e+00 7.519262553313607711e+00 1.307046713167764906e+01 1.073853258541232591e+01 1.404937690909212300e+01 1.399458045892395575e+01 6.157640022489039744e+00 1.027481687788317011e+01 1.010324770829006447e+01 6.122411165003035727e+00 7.709906207964787761e+00 1.440447746769420689e+01 1.035061315623781475e+01
1.900984929975424720e+01 3.401382707998931387e+00 1.802246270182218169e+01 9.699784157854841382e+00 1.045156607083536215e+01 1.236858680184576365e+01 2.280656226648269325e+01 1.600024557936099256e+01 3.590320103230340010e+00 8.303116443971161331e+00 1.178274261034963288e+01 6.225384757400762581e+00 1.466819694223649861e+01 1.305381527360714067e+01 2.071048309955210698e+01 8.110133149832163824e+00 1.974610273375522240e+01 1.559657830604402307e+01 1.629737425046636901e+01 1.390041975666731844e+01 1.608762086222344578e+01 7.031928669921551744e+00 1.970585171248028900e+01 3.346717466633216898e+00 9.375754886667285959e+00 0.000000000000000000e+00 5.471553830304488386e+00 6.573940354945427167e+00 1.508462428560989466e+01 1.218802082176016910e+01 7.211343769128812475e+00 1.108350321804031857e+01 9.280833550008638966e+00 1.177470258743747067e+01 1.372741247235308215e+01 1.089185613769976335e+01 3.028774556633304194e+00 9.011218733062028363e+00 1.405330410622941884e+01 1.228698595052129328e+01 1.892287198160890682e+01 2.040979049050669047e+01 2.217891985512053665e+01 1.433196068257664102e+01 1.856448321827177139e+01 9.358794751393579858e+00 1.540437894327314439e+01 5.770772314228514333e+00 2.216862227972352528e+01 1.773632901909897797e+01
1.644391906887338450e+01 3.668554131054412970e+00 1.291584407920171174e+01 1.043319565589905729e+01 7.457533494599557500e+00 6.996022677025795389e+00 1.917362086641334429e+01 1.245541618067555412e+01 8.944858829709353643e+00 3.260320236978477837e+00 9.216812379468779071e+00 4.930672868457475211e+00 1.214687967650243294e+01 8.282185771001186581e+00 1.707627435096378576e+01 3.279261210537926630e+00 1.718017250287437037e+01 1.013096740930409290e+01 1.266135483631303593e+01 1.094115057309513439e+01 1.352169063134258664e+01 1.046619481929558049e+01 1.607291031241091162e+01 3.243736516438365136e+00 4.735938349053737895e+00 5.471553830304488386e+00 0.000000000000000000e+00 7.877686585781003892e+00 1.256330701987582721e+01 8.953502521509975054e+00 4.453959677700134456e+00 5.615104236890682721e+00 3.923606878339771953e+00 9.641518301342260955e+00 8.262551668287869688e+00 8.260015427678132127e+00 6.096715939647989302e+00 6.485368327432462721e+00 1.142146339620778583e+01 1.165707317885731875e+01 1.528993058153953832e+01 1.784386025962583489e+01 1.854597845505118059e+01 1.070903801861626370e+01 1.482418955719356468e+01 8.689853755469734153e+00 1.049134571725655007e+01 3.031541542588263916e+00 1.895587546382143529e+01 1.491284366789653149e+01
1.276454791413712364e+01 7.624584874492736475e+00 1.750273948967926074e+01 3.201806408014201466e+00 8.098980011836907522e+00 1.481621939217813377e+01 1.742545027029936122e+01 1.120088790975362691e+01 3.661107213440482067e+00 9.321052330407081143e+00 5.537441224732515543e+00 3.271679715328254190e+00 8.413615622708736197e+00 1.231327885294441593e+01 1.791772984633443144e+01 1.089806163212871226e+01 1.350080134813811839e+01 1.623427575246347487e+01 1.473986830014992577e+01 8.943564236527615563e+00 9.842319476606324002e+00 3.215152185262561524e+00 1.416237136459143819e+01 4.651013080442780279e+00 9.475255065693785284e+00 6.573940354945427167e+00 7.877686585781003892e+00 0.000000000000000000e+00 8.839322899992769322e+00 1.093176335126724474e+01 6.478492722245198010e+00 1.234687069908004453e+01 1.175894135693154752e+01 5.495543313827791820e+00 1.531824610725606028e+01 5.947478949250502467e+00 3.555076811035242201e+00 3.047245443548592725e+00 8.011502745524342828e+00 5.844428217198665898e+00 1.529353482815319332e+01 1.416448910488957935e+01 1.773460785543473861e+01 1.250945638865797349e+01 1.776500143707444579e+01 2.992391497923206689e+00 1.484660162240167303e+01 8.558700796525053889e+00 1.592332089410642482e+01 1.149102763348186329e+01
4.637016335693828317e+00 1.608286270558160069e+01 1.560295827816882586e+01 6.043656234504488189e+00 7.995115952294964856e+00 1.669766316869280232e+01 1.094813177271333515e+01 6.539694592525112427e+00 1.248101696044890119e+01 1.179673361869226333e+01 3.559709350273524642e+00 8.863597076285406828e+00 3.201229548256191215e+00 1.204867752626313582e+01 1.272723877589129948e+01 1.447850206986633914e+01 6.389354739716980980e+00 1.610424389714631843e+01 1.119903876380582908e+01 6.765452220655772564e+00 3.230344716077134581e+00 9.811349807073753482e+00 8.367091065078799517e+00 1.251607961320135765e+01 1.137018245059922350e+01 1.508462428560989466e+01 1.256330701987582721e+01 8.839322899992769322e+00 0.000000000000000000e+00 9.260954641466513593e+00 8.385382910337281004e+00 1.404101420014226242e+01 1.445293050627310016e+01 3.676983541226412910e+00 1.580033287593557212e+01 5.648925365461983539e+00 1.205632647062123475e+01 6.079803599468005082e+00 4.033870176845826272e+00 4.315189084995052049e+00 1.044031901194669842e+01 6.482424499098355497e+00 1.192705529304814682e+01 9.236446964639307922e+00 1.412474434134443335e+01 6.127129518340690417e+00 1.362399273807204203e+01 1.557486078599179891e+01 8.511754861895287405e+00 5.652728429372956498e+00
1.031870806947146590e+01 1.261503942298053538e+01 7.715159164268261982e+00 1.332319345850338443e+01 3.345441959357145834e+00 7.973998042380181062e+00 1.114131148775367741e+01 4.110951466961422440e+00 1.313185056512347693e+01 6.795788230992461543e+00 8.133150546548014503e+00 7.688448553114707984e+00 1.236076969288815164e+01 3.497624844392944521e+00 9.098936512819859601e+00 1.046964028929537527e+01 8.769543977499992593e+00 7.760936605293875523e+00 4.696282761949693629e+00 3.192022054682214893e+00 6.582618147778826589e+00 1.398846034125910620e+01 7.955961422322823218e+00 9.319953107013249749e+00 4.282713112422795732e+00 1.218802082176016910e+01 8.953502521509975054e+00 1.093176335126724474e+01 9.260954641466513593e+00 0.000000000000000000e+00 5.009994133220436296e+00 5.317349073829643835e+00 8.928178874824800104e+00 1.081217632440257859e+01 7.256074584437209651e+00 5.884210500152327050e+00 1.035498186112470442e+01 8.674036666341123691e+00 5.515287511980580426e+00 1.333283302539777537e+01 7.244216963227833261e+00 1.005908816208612855e+01 1.055660959164463542e+01 2.673105869757359976e+00 7.850450118687448686e+00 1.136130817314607633e+01 5.293487997480183616e+00 1.192747038042101870e+01 1.075478177530235868e+01 6.435925561370691383e+00
1.205278024946836979e+01 8.036116876998873337e+00 1.132992837679085874e+01 8.934875471537038649e+00 3.276236985323439654e+00 9.077390419882927830e+00 1.563257165855468145e+01 8.822218890821259762e+00 8.312331746897960727e+00 3.411350708354984107e+00 4.825673560063756362e+00 3.246204234027967317e+00 1.033794716956413318e+01 6.139051639152701689e+00 1.353649249162409340e+01 6.100723196542709559e+00 1.278903368346935387e+01 9.827171329249290821e+00 9.124496032378914379e+00 6.819904412363938739e+00 9.130551811937570150e+00 9.435040236088086729e+00 1.253171650324506636e+01 4.421657153789024797e+00 3.179325590773305343e+00 7.211343769128812475e+00 4.453959677700134456e+00 6.478492722245198010e+00 8.385382910337281004e+00 5.009994133220436296e+00 0.000000000000000000e+00 6.437169077027949271e+00 6.067547595935822713e+00 7.889958821911007725e+00 8.985178595920206845e+00 3.843278520908607554e+00 5.511202260045227952e+00 4.472272290034647213e+00 7.004726489438266590e+00 9.997226912843144575e+00 1.174888137368088969e+01 1.345272144022081662e+01 1.500492924719252308e+01 7.155947010731527946e+00 1.159719587968596244e+01 7.030007489455558201e+00 8.673790509513271019e+00 7.458071342320228503e+00 1.521155322943766564e+01 1.077925996881310766e+01
1.509559513939863962e+01 9.187227867981825113e+00 7.603524545028410131e+00 1.486918626715399228e+01 6.772467668011843855e+00 3.151749158877358070e+00 1.450462654127547069e+01 7.858049311710541218e+00 1.360382888521378675e+01 3.110665151647562521e+00 1.126284263709170652e+01 9.300504955690376718e+00 1.644531061058379606e+01 3.590239440754626088e+00 1.240324572767445765e+01 6.801822837490618667e+00 1.261024795333816328e+01 4.751970427642374872e+00 7.927062392903897248e+00 8.157855890186223036e+00 1.134729596908835525e+01 1.505532049290094321e+01 1.140391598727304334e+01 8.018787554883383351e+00 3.937790900224307222e+00 1.108350321804031857e+01 5.615104236890682721e+00 1.234687069908004453e+01 1.404101420014226242e+01 5.317349073829643835e+00 6.437169077027949271e+00 0.000000000000000000e+00 3.747671268096648411e+00 1.397430182413601507e+01 3.436222389139509392e+00 9.285691084073354418e+00 1.066657189917697401e+01 1.057376559074989331e+01 1.041993578997055181e+01 1.604058941822827933e+01 1.062093625640167716e+01 1.405173965330605590e+01 1.387671425624430910e+01 6.048326272808128401e+00 1.005417075831323892e+01 1.307336999484069473e+01 5.669913383387116035e+00 8.259830432513687981e+00 1.428688113868356346e+01 1.032313507727236335e+01
