0.000000000000000000e+00 3.114154277719459785e+01 2.100935315622281863e+01 2.040400070531718413e+01 1.643222437538054237e+01 1.513571186604150043e+01 1.549244353524650641e+01 1.218911097660744680e+01 2.153370533894811700e+01 1.210584171497149342e+01 1.145763008744573952e+01 2.278166854572299371e+01 2.651249219381042366e+01 2.164497935847262866e+01 1.443450685032960479e+01 8.931614990856498792e+00 1.944050696289714253e+01 2.404555348064620546e+01 1.189237156594136202e+01 7.868875552704500009e+00 1.364994476231060538e+01 2.393092858724597960e+01 7.276607357290989953e+00 7.082650813909650900e+00 2.803640757941288086e+01
3.114154277719459785e+01 0.000000000000000000e+00 3.028794052599881326e+01 2.037989249999565899e+01 1.635164345042907996e+01 1.796495971978158579e+01 2.039581214276127241e+01 3.135957728393272603e+01 1.171875805823131955e+01 3.049170762624193287e+01 2.715028162929309019e+01 1.235256306964108397e+01 1.070808166128689010e+01 1.054120975993545173e+01 2.117064397574049650e+01 2.272593010775526778e+01 2.072530016536287789e+01 8.168171215140974439e+00 2.215397512760568688e+01 3.379641746739911667e+01 2.455394277496272792e+01 1.698162307570543206e+01 2.475545065434463154e+01 3.348847539280620111e+01 7.006652421076172921e+00
2.100935315622281863e+01 3.028794052599881326e+01 0.000000000000000000e+00 3.415795570675148696e+01 1.628076895374901412e+01 1.923189522053837308e+01 2.639521823193351224e+01 1.275037909384512247e+01 3.273899705060561161e+01 1.155849596535421675e+01 2.319363524833383394e+01 2.101589893623037142e+01 2.825525784487050274e+01 2.659254320622606116e+01 9.902102613030493217e+00 1.845731536190004007e+01 2.729517759603298188e+01 2.319458145870871846e+01 2.745675318977947654e+01 1.919248302241243209e+01 8.704865976126779259e+00 2.828156795603970153e+01 1.424630695907628208e+01 1.809496237742145297e+01 3.403550858177764127e+01
2.040400070531718413e+01 2.037989249999565899e+01 3.415795570675148696e+01 0.000000000000000000e+00 2.429835606367332090e+01 1.545015811968843167e+01 1.447784048643807076e+01 2.791920621056226892e+01 1.198615698047899336e+01 2.755578115339623579e+01 1.167381654525849655e+01 2.065305101251235342e+01 1.070097560668527592e+01 2.004835684814591090e+01 2.464976504330947904e+01 1.711791670536893761e+01 8.648263002086912010e+00 2.623988061031938557e+01 8.621931972388676257e+00 2.681920528749960653e+01 2.685289495928617853e+01 9.494484115356309317e+00 2.029129584701760436e+01 2.575891051536217091e+01 1.364754372908172186e+01
1.643222437538054237e+01 1.635164345042907996e+01 1.628076895374901412e+01 2.429835606367332090e+01 0.000000000000000000e+00 1.523205806690517505e+01 1.473010667276328256e+01 1.514154093866425299e+01 1.982037744654476796e+01 2.091915079961277613e+01 2.141177353750194357e+01 1.217316320842340005e+01 2.119596977342621003e+01 1.065668965872902518e+01 1.065531831215425385e+01 8.514570173149305532e+00 2.288916078102220908e+01 8.329201066874752257e+00 1.619821827819475857e+01 1.773906287304712137e+01 8.757925611391128129e+00 2.235439890375458560e+01 1.763216714093409010e+01 2.330632838887809299e+01 2.297465331772835384e+01
1.513571186604150043e+01 1.796495971978158579e+01 1.923189522053837308e+01 1.545015811968843167e+01 1.523205806690517505e+01 0.000000000000000000e+00 2.432444629263010327e+01 2.407036854978689888e+01 2.252805054233550308e+01 1.554038925573871488e+01 1.139327484326368989e+01 1.099476660583493270e+01 1.137678032776892145e+01 2.493172916584752130e+01 9.671946111732111717e+00 2.007628078436191643e+01 8.214046392685052211e+00 1.707501176325207837e+01 1.751562374601953920e+01 2.270396905438329682e+01 1.638004441174579640e+01 1.015256192141418623e+01 9.106173683266511887e+00 1.745792844557747969e+01 1.814921422083636671e+01
1.549244353524650641e+01 2.039581214276127241e+01 2.639521823193351224e+01 1.447784048643807076e+01 1.473010667276328256e+01 2.432444629263010327e+01 0.000000000000000000e+00 2.043247803161638387e+01 1.172934073753495099e+01 2.561660465786465934e+01 1.572214080122214064e+01 2.663890124336222343e+01 2.162132484818620881e+01 1.191450241619005190e+01 2.316643119522195349e+01 8.696665544720142194e+00 1.858776011064657396e+01 1.894058068711810350e+01 7.945072191926397132e+00 2.092243569710275608e+01 1.769122221596166611e+01 2.154399263317178281e+01 1.925096698922853022e+01 2.231210920606980608e+01 1.844310316494042112e+01
1.218911097660744680e+01 3.135957728393272603e+01 1.275037909384512247e+01 2.791920621056226892e+01 1.514154093866425299e+01 2.407036854978689888e+01 2.043247803161638387e+01 0.000000000000000000e+00 2.727121765279164478e+01 2.144947409187914289e+01 2.201300501967282841e+01 2.288175380367908218e+01 3.214533695876314567e+01 2.344824486571095790e+01 1.530797433134969410e+01 1.176901058232986408e+01 2.926227739237317849e+01 2.341053814004699163e+01 1.976615097400931731e+01 7.831438682956225250e+00 7.819041127630597998e+00 3.232623065577691790e+01 1.946571833389843675e+01 1.608003352028749688e+01 3.411284992648226222e+01
2.153370533894811700e+01 1.171875805823131955e+01 3.273899705060561161e+01 1.198615698047899336e+01 1.982037744654476796e+01 2.252805054233550308e+01 1.172934073753495099e+01 2.727121765279164478e+01 0.000000000000000000e+00 3.111791684097402921e+01 1.811597641075786669e+01 2.260222694177871006e+01 1.326218195086966567e+01 1.041885917252241711e+01 2.944357811074837272e+01 1.553540516589540310e+01 1.638827002312860159e+01 1.700529434658508521e+01 1.088225891243988741e+01 2.740731590218684843e+01 2.419426069346533481e+01 1.634260841724132973e+01 2.455066911873325353e+01 2.816471444053314244e+01 7.079700239765333691e+00
1.210584171497149342e+01 3.049170762624193287e+01 1.155849596535421675e+01 2.755578115339623579e+01 2.091915079961277613e+01 1.554038925573871488e+01 2.561660465786465934e+01 2.144947409187914289e+01 3.111791684097402921e+01 0.000000000000000000e+00 1.659631336015146275e+01 2.138193113908014809e+01 2.667654445311331912e+01 3.118145870229079009e+01 1.046829398686637091e+01 2.042957951354647861e+01 2.219329218762655742e+01 2.607611220014851838e+01 2.109186713138963398e+01 1.544487344774012882e+01 1.649813979152999011e+01 2.553730049052608564e+01 7.523957075708116449e+00 7.809909158414058972e+00 3.272920208665079400e+01
1.145763008744573952e+01 2.715028162929309019e+01 2.319363524833383394e+01 1.167381654525849655e+01 2.141177353750194357e+01 1.139327484326368989e+01 1.572214080122214064e+01 2.201300501967282841e+01 1.811597641075786669e+01 1.659631336015146275e+01 0.000000000000000000e+00 2.117360598701835528e+01 1.716180451946183894e+01 2.305038670055146710e+01 1.449056875104739284e+01 1.289720336435263803e+01 8.290059718319627180e+00 2.714784142013582979e+01 7.979226279922567500e+00 1.872285352684502158e+01 2.172307770385203440e+01 1.504544044963650329e+01 9.326975388599938910e+00 1.547842781761033137e+01 2.065573979515252390e+01
2.278166854572299371e+01 1.235256306964108397e+01 2.101589893623037142e+01 2.065305101251235342e+01 1.217316320842340005e+01 1.099476660583493270e+01 2.663890124336222343e+01 2.288175380367908218e+01 2.260222694177871006e+01 2.138193113908014809e+01 2.117360598701835528e+01 0.000000000000000000e+00 1.217733714445777338e+01 1.797665052830445376e+01 1.183489310859096477e+01 1.902243813852285825e+01 1.677237907110388448e+01 1.008333544973364049e+01 2.634512874816908123e+01 2.757036987313940557e+01 1.531584178367109850e+01 1.379804441182401042e+01 1.602037135004443869e+01 2.472273016758835595e+01 1.610501932615960641e+01
2.651249219381042366e+01 1.070808166128689010e+01 2.825525784487050274e+01 1.070097560668527592e+01 2.119596977342621003e+01 1.137678032776892145e+01 2.162132484818620881e+01 3.214533695876314567e+01 1.326218195086966567e+01 2.667654445311331912e+01 1.716180451946183894e+01 1.217733714445777338e+01 0.000000000000000000e+00 2.032597776384389121e+01 1.851839713967034484e+01 2.491577962230671872e+01 1.065152503767678915e+01 1.600942606923697298e+01 1.646029035921133143e+01 3.371824271527585637e+01 2.447941008000935881e+01 7.319262492773725981e+00 2.048295401103543867e+01 2.883470877334640647e+01 7.053651281275018725e+00
2.164497935847262866e+01 1.054120975993545173e+01 2.659254320622606116e+01 2.004835684814591090e+01 1.065668965872902518e+01 2.493172916584752130e+01 1.191450241619005190e+01 2.344824486571095790e+01 1.041885917252241711e+01 3.118145870229079009e+01 2.305038670055146710e+01 1.797665052830445376e+01 2.032597776384389121e+01 0.000000000000000000e+00 2.090568149670246711e+01 1.291125327201434381e+01 2.577199359749926444e+01 8.226227240947523001e+00 1.520674263449282826e+01 2.488213196715706843e+01 1.885281211075447061e+01 2.666153052368705545e+01 2.639813078206265828e+01 2.861659719733122387e+01 1.385976967361119172e+01
1.443450685032960479e+01 2.117064397574049650e+01 9.902102613030493217e+00 2.464976504330947904e+01 1.065531831215425385e+01 9.671946111732111717e+00 2.316643119522195349e+01 1.530797433134969410e+01 2.944357811074837272e+01 1.046829398686637091e+01 1.449056875104739284e+01 1.183489310859096477e+01 1.851839713967034484e+01 2.090568149670246711e+01 0.000000000000000000e+00 1.522852832518847954e+01 1.773522848722672052e+01 1.569064403721446510e+01 2.023810417949167473e+01 2.058575847614500987e+01 7.803872278752404412e+00 1.854470725083954719e+01 7.294893519238263124e+00 1.534586095471982503e+01 2.429864787657748337e+01
8.931614990856498792e+00 2.272593010775526778e+01 1.845731536190004007e+01 1.711791670536893761e+01 8.514570173149305532e+00 2.007628078436191643e+01 8.696665544720142194e+00 1.176901058232986408e+01 1.553540516589540310e+01 2.042957951354647861e+01 1.289720336435263803e+01 1.902243813852285825e+01 2.491577962230671872e+01 1.291125327201434381e+01 1.522852832518847954e+01 0.000000000000000000e+00 1.868591237656125870e+01 1.594153329516664996e+01 9.017778919890385936e+00 1.222577015238261033e+01 9.753319345928190387e+00 2.372539863525113191e+01 1.458952649116285727e+01 1.584521322094903439e+01 2.237703743958601166e+01
1.944050696289714253e+01 2.072530016536287789e+01 2.729517759603298188e+01 8.648263002086912010e+00 2.288916078102220908e+01 8.214046392685052211e+00 1.858776011064657396e+01 2.926227739237317849e+01 1.638827002312860159e+01 2.219329218762655742e+01 8.290059718319627180e+00 1.677237907110388448e+01 1.065152503767678915e+01 2.577199359749926444e+01 1.773522848722672052e+01 1.868591237656125870e+01 0.000000000000000000e+00 2.273416805794983730e+01 1.083271643698612152e+01 2.670573040229643524e+01 2.444332678724040875e+01 7.352389333965846596e+00 1.496077546938900760e+01 2.251456145631426153e+01 1.458256129225655684e+01
2.404555348064620546e+01 8.168171215140974439e+00 2.319458145870871846e+01 2.623988061031938557e+01 8.329201066874752257e+00 1.707501176325207837e+01 1.894058068711810350e+01 2.341053814004699163e+01 1.700529434658508521e+01 2.607611220014851838e+01 2.714784142013582979e+01 1.008333544973364049e+01 1.600942606923697298e+01 8.226227240947523001e+00 1.569064403721446510e+01 1.594153329516664996e+01 2.273416805794983730e+01 0.000000000000000000e+00 2.235134132075535973e+01 2.580818736108571798e+01 1.690725758276000690e+01 1.962964067261247436e+01 2.134346094817503925e+01 2.986479499388813608e+01 1.499208221107462613e+01
1.189237156594136202e+01 2.215397512760568688e+01 2.745675318977947654e+01 8.621931972388676257e+00 1.619821827819475857e+01 1.751562374601953920e+01 7.945072191926397132e+00 1.976615097400931731e+01 1.088225891243988741e+01 2.109186713138963398e+01 7.979226279922567500e+00 2.634512874816908123e+01 1.646029035921133143e+01 1.520674263449282826e+01 2.023810417949167473e+01 9.017778919890385936e+00 1.083271643698612152e+01 2.235134132075535973e+01 0.000000000000000000e+00 1.830606799845470789e+01 1.875275717380761620e+01 1.520471438676497833e+01 1.444799680512195827e+01 1.842494954213064773e+01 1.675910118877593646e+01
7.868875552704500009e+00 3.379641746739911667e+01 1.919248302241243209e+01 2.681920528749960653e+01 1.773906287304712137e+01 2.270396905438329682e+01 2.092243569710275608e+01 7.831438682956225250e+00 2.740731590218684843e+01 1.544487344774012882e+01 1.872285352684502158e+01 2.757036987313940557e+01 3.371824271527585637e+01 2.488213196715706843e+01 2.058575847614500987e+01 1.222577015238261033e+01 2.670573040229643524e+01 2.580818736108571798e+01 1.830606799845470789e+01 0.000000000000000000e+00 1.298485554336711623e+01 3.154940848629743400e+01 1.482176523022584647e+01 8.840587247725547826e+00 3.395041651131563754e+01
1.364994476231060538e+01 2.455394277496272792e+01 8.704865976126779259e+00 2.685289495928617853e+01 8.757925611391128129e+00 1.638004441174579640e+01 1.769122221596166611e+01 7.819041127630597998e+00 2.419426069346533481e+01 1.649813979152999011e+01 2.172307770385203440e+01 1.531584178367109850e+01 2.447941008000935881e+01 1.885281211075447061e+01 7.803872278752404412e+00 9.753319345928190387e+00 2.444332678724040875e+01 1.690725758276000690e+01 1.875275717380761620e+01 1.298485554336711623e+01 0.000000000000000000e+00 2.463590651773581897e+01 1.457718193470687318e+01 1.980246245549061967e+01 2.865068352515030625e+01
2.393092858724597960e+01 1.698162307570543206e+01 2.828156795603970153e+01 9.494484115356309317e+00 2.235439890375458560e+01 1.015256192141418623e+01 2.154399263317178281e+01 3.232623065577691790e+01 1.634260841724132973e+01 2.553730049052608564e+01 1.504544044963650329e+01 1.379804441182401042e+01 7.319262492773725981e+00 2.666153052368705545e+01 1.854470725083954719e+01 2.372539863525113191e+01 7.352389333965846596e+00 1.962964067261247436e+01 1.520471438676497833e+01 3.154940848629743400e+01 2.463590651773581897e+01 0.000000000000000000e+00 1.854835391934500066e+01 2.663788729763425778e+01 1.372489660111701859e+01
7.276607357290989953e+00 2.475545065434463154e+01 1.424630695907628208e+01 2.029129584701760436e+01 1.763216714093409010e+01 9.106173683266511887e+00 1.925096698922853022e+01 1.946571833389843675e+01 2.455066911873325353e+01 7.523957075708116449e+00 9.326975388599938910e+00 1.602037135004443869e+01 2.048295401103543867e+01 2.639813078206265828e+01 7.294893519238263124e+00 1.458952649116285727e+01 1.496077546938900760e+01 2.134346094817503925e+01 1.444799680512195827e+01 1.482176523022584647e+01 1.457718193470687318e+01 1.854835391934500066e+01 0.000000000000000000e+00 8.784190330323642826e+00 2.684179830614748852e+01
7.082650813909650900e+00 3.348847539280620111e+01 1.809496237742145297e+01 2.575891051536217091e+01 2.330632838887809299e+01 1.745792844557747969e+01 2.231210920606980608e+01 1.608003352028749688e+01 2.816471444053314244e+01 7.809909158414058972e+00 1.547842781761033137e+01 2.472273016758835595e+01 2.883470877334640647e+01 2.861659719733122387e+01 1.534586095471982503e+01 1.584521322094903439e+01 2.251456145631426153e+01 2.986479499388813608e+01 1.842494954213064773e+01 8.840587247725547826e+00 1.980246245549061967e+01 2.663788729763425778e+01 8.784190330323642826e+00 0.000000000000000000e+00 3.465536375292631988e+01
2.803640757941288086e+01 7.006652421076172921e+00 3.403550858177764127e+01 1.364754372908172186e+01 2.297465331772835384e+01 1.814921422083636671e+01 1.844310316494042112e+01 3.411284992648226222e+01 7.079700239765333691e+00 3.272920208665079400e+01 2.065573979515252390e+01 1.610501932615960641e+01 7.053651281275018725e+00 1.385976967361119172e+01 2.429864787657748337e+01 2.237703743958601166e+01 1.458256129225655684e+01 1.499208221107462613e+01 1.675910118877593646e+01 3.395041651131563754e+01 2.865068352515030625e+01 1.372489660111701859e+01 2.684179830614748852e+01 3.465536375292631988e+01 0.000000000000000000e+00
