0.000000000000000000e+00 5.901453559539191485e-01 4.764201386027606122e-01 4.722190377143390405e-01 3.378355526875573833e-01 3.232801363236665337e-01 2.857678639479957483e-01 2.734703978140859415e-01 3.838637656927673114e-01 2.261699131529649187e-01 2.242398135893484967e-01 3.109475879889784800e-01 1.803481130112443154e-01 1.691861119404259040e-01 5.143153792122860946e-01 2.603197194298578210e-01 4.454712495602020095e-01 1.624784808189284058e-01 5.345829472856372666e-01 1.782506150118831345e-01 3.508527712560745027e-01 1.314146355486595086e-01 3.754242658664329602e-01 4.637978697307458820e-01 2.334807347308778536e-01 1.311250733724598494e-01 1.120755969696705656e-01 2.388575234486954579e-01 3.141190577248606508e-01 5.280036922056511317e-01 2.387311603719391440e-01 1.019198225177977285e-01 3.282813465379370577e-01 2.221214029756790331e-01 3.559599553326632804e-01 9.292459009238905610e-02 3.814443101512094980e-01 1.951114413371319578e-01 1.546221036834367901e-01 1.627165005851049229e-01 4.569466265681179640e-01 2.389601596585319288e-01 8.843355664085689183e-02 5.168236739998224305e-01 5.319441837840777065e-01 4.117282456569582583e-01 3.970085245050810063e-01 4.039331300298250049e-01 9.495209763576216433e-02 4.480289303419259239e-01 3.890146060207465561e-01 1.970008291918702303e-01 3.327836086800970428e-01 2.993426777121243609e-01 2.743664326912921281e-01 2.151378441204759850e-01 1.844163588904591256e-01 3.036742725915896890e-01 1.576993898239622827e-01 2.115367701914469545e-01 2.011336841428632838e-01 3.489312250490433920e-01 3.835059348923069433e-01 2.513907896632133765e-01 1.050542489375041050e-01 1.327875189589566574e-01 1.211864007055089010e-01 1.947355883466453941e-01 1.418718326122330731e-01 6.999486550455862044e-02 2.817311635201661946e-01 3.574218694195158141e-01 2.157555626654007463e-01 3.505159187860659165e-01 1.870772695973957067e-01 4.633210760580497301e-01 5.148238812278583820e-01 1.651075790924667885e-01 7.799057690754061800e-02 1.355235263125476319e-01 5.335420796818525213e-01 3.339191405841900329e-01 1.707045574467378479e-01 5.866965068856559024e-02 2.659199313472435655e-01 4.674919431937363812e-01 1.745462646012849173e-01 5.692593997672372730e-01 2.948446590513368881e-01 1.493019241960570620e-01 2.692755282972484343e-01 5.386245518957618605e-01 4.588007347604890485e-01 2.023278882958501612e-01 3.584307426705711230e-01 4.061338404975941008e-01 1.787174931711454640e-01 4.221976062476333613e-01 4.392638310778614885e-01 1.125211372060672677e-01
5.901453559539191485e-01 0.000000000000000000e+00 4.859783531373474408e-01 4.644543811112461507e-01 8.585501714386429839e-01 3.429649960117123753e-01 6.792894543779655070e-01 6.685825405497465290e-01 2.435067930419978210e-01 5.012469040908951179e-01 5.005521380352661032e-01 2.791977679649405575e-01 6.978839407423660379e-01 4.791451597771563820e-01 1.610139960883811283e-01 3.474970796047887056e-01 1.859896560055044057e-01 5.847754433982239597e-01 1.424513183381988513e-01 6.013224000726571372e-01 3.384558262356749947e-01 5.158214911222122057e-01 3.693868910070428058e-01 1.352472637022163748e-01 3.830203448222700979e-01 4.646001151844058596e-01 5.338127230878340068e-01 4.097781780194004186e-01 3.069241787544977895e-01 1.195099839579822631e-01 7.643161467257855168e-01 6.037410027153675696e-01 2.752247765198664875e-01 3.748119364897310457e-01 2.533969947592383809e-01 5.829190768275128720e-01 2.185637036898772090e-01 4.397055745054158082e-01 5.087751467675060146e-01 5.241532267152015923e-01 1.941634681358191394e-01 4.252792876633108565e-01 5.589475012087671280e-01 8.701455416670766940e-02 8.202321766012558857e-02 3.990346824667084236e-01 4.129954423341281045e-01 1.893437424466744290e-01 5.384660081532408604e-01 1.602509957235027371e-01 2.649620910814685093e-01 5.721343825350132528e-01 3.393137194075296903e-01 3.486895879478998928e-01 3.733625776028893228e-01 6.088129547847372924e-01 4.719032069113942018e-01 3.282313961840297445e-01 5.534733834916821804e-01 6.066489129271075420e-01 4.185846639236854849e-01 2.943834345132033681e-01 2.392703323918494995e-01 3.463466065463359778e-01 5.122596854938089583e-01 6.589979870807513018e-01 5.393558748731724917e-01 4.826125143673465900e-01 5.477151829336377453e-01 5.844071289508671052e-01 8.016334724862121952e-01 2.539060996819705873e-01 4.136392471087130263e-01 2.810530895001727703e-01 7.077918883484811685e-01 1.397948931112719950e-01 1.106552830673157156e-01 4.492374909882990708e-01 5.257361424634394709e-01 4.804060710954032309e-01 6.339959593406561955e-02 3.205491917443611949e-01 4.724100311260389096e-01 6.184474736033875875e-01 3.855520300174716808e-01 1.686989947162009229e-01 4.954915871879027045e-01 5.948304778264015130e-02 3.287473910406628064e-01 5.716412249793499933e-01 3.399897926470550891e-01 1.267055048300580189e-01 1.466108373518469066e-01 5.479180480691923094e-01 2.940850908980540135e-01 1.983119759318623665e-01 5.792408164252978997e-01 4.226216791021061847e-01 4.526109217487009340e-01 6.505169441640699102e-01
4.764201386027606122e-01 4.859783531373474408e-01 0.000000000000000000e+00 4.339570137994268051e-01 8.125022358342489648e-01 3.808623175471635980e-01 5.588886549356569811e-01 5.847547700376410917e-01 2.447880587174846301e-01 3.924523356765086124e-01 4.372323491342771096e-01 3.324969915182975910e-01 6.447122850026029139e-01 5.075511111278644405e-01 3.960581526167710198e-01 2.532696437653588206e-01 3.673377463302907042e-01 4.901203664730800491e-01 4.079622808974624482e-01 4.809216006303487778e-01 3.006574051920513080e-01 4.554830861446207968e-01 1.324363198757080862e-01 3.630663721328981075e-01 3.983675076481379418e-01 3.455359278522225908e-01 4.982258539237404693e-01 3.519572080808325287e-01 4.136302247727743908e-01 3.979742656808347712e-01 7.133978435186303368e-01 5.663502948592167296e-01 2.266961514792908972e-01 3.032268751532207207e-01 2.704697596623580336e-01 4.600765996267344726e-01 3.046428805093754355e-01 4.060554523217639322e-01 4.249473762554004108e-01 4.037524272728932329e-01 3.325619281719767728e-01 4.335369388641338029e-01 4.642924242836232729e-01 4.120607054670405445e-01 4.179881316455610341e-01 3.717173231294545466e-01 8.133901203061710827e-02 3.896006617932291638e-01 5.296938602742887747e-01 3.310802316981822369e-01 3.286847145292278172e-01 4.554320744743379779e-01 3.239880326364492635e-01 1.808344502798914788e-01 4.457285726851193397e-01 4.884121553424288775e-01 4.410505306935732506e-01 2.965816189494678845e-01 4.938884524365507178e-01 5.228211424150022157e-01 2.926292711314135153e-01 2.117317823511317976e-01 3.986149679773023369e-01 2.406996339988042855e-01 3.918588860515007100e-01 6.074542021056480445e-01 4.956026899395815088e-01 3.983140457408919644e-01 4.636658162923005810e-01 5.043142108325952000e-01 7.563978466668574985e-01 2.329524961201007716e-01 4.549653727347854892e-01 3.084725477733269439e-01 6.617439527440870384e-01 3.493650239195329466e-01 3.868343627551696362e-01 3.770735083293332290e-01 4.222081302047933082e-01 4.657344283044119182e-01 4.334731487338095990e-01 1.664583570153262415e-01 3.557077230653635791e-01 5.230338226799241541e-01 3.637120977110221420e-01 3.374625166689199096e-01 4.484620516253967071e-01 4.406037664860147918e-01 2.694926887234425639e-01 4.753161072375194363e-01 3.527358502792101169e-01 4.121716085232451365e-01 4.016610247594101790e-01 4.725355804769794665e-01 3.776376299628598776e-01 2.881282577425500202e-01 4.959312220342969035e-01 3.827443484511025007e-01 5.408546909877936376e-02 5.768853091974258662e-01
4.722190377143390405e-01 4.644543811112461507e-01 4.339570137994268051e-01 0.000000000000000000e+00 8.016608146925476852e-01 4.312186678198902112e-01 5.819777894178665978e-01 5.587415616241551142e-01 3.210275216470413473e-01 4.316531053812384111e-01 4.043606335782241046e-01 2.435748553778814274e-01 6.410047458385723651e-01 4.513376731122982766e-01 3.945045723475623656e-01 3.076602712278575513e-01 3.895878700895010760e-01 4.749344644726322673e-01 4.404514575284426692e-01 5.040107351125578949e-01 1.345643040049155914e-01 4.946838558493507065e-01 3.352894378532438324e-01 3.389181379568854680e-01 3.350150282876050434e-01 3.420576857471219201e-01 4.498332985094379288e-01 4.007054219267532913e-01 3.309136533050304751e-01 4.224624344466049175e-01 7.055039925975762349e-01 5.569507050120280356e-01 2.327756812459080837e-01 2.563950546096894212e-01 3.729831067928136568e-01 4.691982568163670653e-01 2.458906774213690527e-01 3.576628969074613917e-01 3.989341678419143777e-01 4.268415617551022945e-01 3.416497031761341896e-01 4.748668492556042398e-01 4.491065222831756576e-01 4.085051908230145079e-01 4.094274319853016819e-01 8.116570719656590605e-02 3.550397832970127454e-01 3.188558293478682693e-01 4.772765666083402247e-01 3.706238760356175277e-01 3.932051152699135854e-01 4.883249882922143237e-01 1.596650022178406070e-01 2.816892101844337137e-01 4.092756758865098710e-01 5.115012898246381612e-01 4.824893429806372258e-01 3.789491046490059412e-01 4.574021229145977530e-01 4.968079340015159051e-01 3.290673412905341655e-01 3.289000696327341045e-01 3.269161853928671535e-01 2.346735711157806048e-01 4.149480205337097716e-01 5.995603511845939426e-01 5.369708664069656745e-01 4.375148154456218186e-01 5.028665859970304908e-01 5.025829790693812082e-01 7.447441157401170075e-01 2.815193614582172099e-01 3.963798494981432552e-01 2.076972582957284097e-01 6.509025316023860919e-01 3.412064355259768478e-01 4.191153369758807146e-01 3.469236494637248369e-01 4.116557759201349698e-01 4.140110517924496247e-01 4.093249145577969594e-01 2.795224011175658219e-01 3.898257919775019453e-01 5.193262835158932722e-01 4.319928039819838084e-01 3.632164723637459902e-01 4.062851566302870254e-01 4.668101439343317893e-01 1.773743786630023189e-01 4.984052417197284424e-01 2.798529598827086406e-01 4.194140217280391547e-01 3.628492285722441646e-01 4.456042065446179645e-01 3.833534772727630324e-01 2.865573065145431420e-01 4.699180136208107594e-01 5.452642954134675340e-02 4.020877819406946663e-01 5.731777700333950953e-01
3.378355526875573833e-01 8.585501714386429839e-01 8.125022358342489648e-01 8.016608146925476852e-01 0.000000000000000000e+00 5.236177201268379378e-01 6.125269908317494405e-01 6.113059505016433803e-01 7.080441853598287150e-01 4.990712593180436363e-01 5.019917025636601027e-01 6.006079496933985906e-01 1.859045584532111606e-01 3.824776774555015413e-01 8.454034869319032586e-01 5.694019293523280290e-01 6.746021339024856900e-01 5.003140335064858446e-01 8.041998648685296791e-01 5.050097418956366324e-01 6.871822206697404400e-01 3.745843204798099402e-01 6.906356396783770446e-01 7.441218415917800755e-01 4.835331332200817900e-01 4.672071706039479522e-01 4.064048497565526663e-01 4.680780195805204769e-01 5.516259926841448058e-01 8.230896001441975196e-01 1.022445244983031798e-01 2.552642783297293660e-01 6.643634437694252437e-01 5.519159560541987419e-01 6.342666351715651185e-01 4.131728009435942650e-01 6.996135823694858979e-01 4.473287388827461020e-01 4.924576563709941457e-01 4.937044956336185675e-01 7.800962188553279830e-01 4.392977434617031385e-01 4.182715260696084347e-01 7.732488450161604243e-01 8.315063178609443106e-01 7.297618337839739677e-01 7.330906217365693589e-01 6.727159440451255801e-01 3.267442015527567412e-01 7.179212318864672815e-01 6.016206250570820258e-01 5.036815872265775207e-01 6.485803219735724046e-01 6.354247749436126025e-01 4.874282007104980274e-01 5.418969710042296217e-01 3.928081545006763542e-01 5.482252266186671275e-01 4.699175029130351899e-01 5.493723228790045043e-01 5.352516097349245827e-01 6.497044439483152800e-01 6.210128698515912093e-01 5.874728868947014515e-01 4.411363461689921661e-01 2.081881659112856386e-01 3.253554865388979533e-01 4.332971638902393674e-01 4.209678884483798456e-01 3.501191568331993853e-01 6.270623703950962968e-02 6.935039666510040002e-01 4.449109243299294580e-01 6.520739382717498644e-01 1.507582830901617044e-01 7.925651972375268306e-01 7.888853690596255852e-01 5.016832380483455811e-01 4.153263897288950734e-01 3.876497629000981160e-01 8.059749598449693631e-01 6.700012378156782189e-01 5.067866546782259229e-01 2.977871870325699555e-01 4.866820291030733991e-01 7.667845626084107691e-01 4.439239479978854264e-01 8.366279475204491112e-01 6.296933728391996832e-01 4.525465022480887334e-01 5.349836993335461699e-01 8.483012400482403681e-01 7.125782694806767070e-01 5.257794600120635486e-01 5.649871870307336952e-01 7.422159377290824533e-01 5.105870863720115560e-01 7.547693322461218601e-01 7.699092511932991156e-01 2.524722830271113883e-01
3.232801363236665337e-01 3.429649960117123753e-01 3.808623175471635980e-01 4.312186678198902112e-01 5.236177201268379378e-01 0.000000000000000000e+00 4.234462034015900600e-01 4.834875295101620507e-01 2.456716215597340713e-01 2.334829551338473141e-01 3.054265473980126711e-01 2.084286973583270031e-01 3.606218014873510125e-01 1.709047466739330723e-01 3.517052283747055808e-01 1.587051685449059057e-01 1.581830648525546223e-01 3.844196990537948611e-01 2.874292656075671526e-01 3.341285595055130675e-01 3.214476025686346383e-01 2.008551020436896428e-01 2.549315387072237371e-01 2.820659921198293563e-01 1.572843025422012153e-01 2.364324562954022158e-01 2.755737161358343679e-01 1.234365914010000509e-01 1.055778473953610519e-01 3.137544702274933095e-01 4.314276009793134858e-01 2.683534417971084052e-01 2.733714149590026898e-01 2.251415567464091771e-01 1.496114750013439743e-01 3.074368499286114220e-01 2.892923764931455421e-01 2.347440971347960204e-01 3.247289133395682703e-01 2.683099757388261453e-01 2.876079052493201171e-01 8.431997666513464662e-02 3.489696290558873537e-01 2.586320315277420012e-01 3.595206947008782739e-01 3.569466020678424001e-01 3.021503288057135750e-01 2.057057690237658332e-01 2.472152428472013941e-01 2.061167004987264906e-01 7.800290493024396310e-02 2.845595456576934801e-01 2.757650902574403373e-01 2.077093080127571101e-01 7.610787513793086656e-02 3.529697038083617899e-01 1.455660529966164296e-01 8.428069859769572736e-02 3.268227895053549270e-01 4.215539018875230082e-01 1.652487417998108332e-01 2.055127869985697020e-01 1.350585162271202844e-01 2.324828240347452668e-01 2.564164345174335669e-01 3.355445878888137501e-01 2.020937356181576328e-01 1.872900220542518535e-01 2.451375385364932546e-01 2.694407398723444036e-01 4.665296634083642147e-01 2.877068523802942535e-01 1.443347463791313512e-01 2.668382060399223099e-01 3.749033426020090820e-01 3.280298051755627387e-01 2.770808376718846833e-01 2.605338539753506155e-01 3.130291078758253298e-01 2.189214919486413002e-01 3.086589177579751042e-01 2.589730015594755019e-01 2.136796210567104004e-01 2.863762468978776621e-01 6.892596536743453295e-02 2.666925372231427893e-01 2.744589742330890147e-01 3.200176251838321995e-01 2.668910190066693944e-01 2.690635805822053084e-01 1.696819324642841464e-01 3.521656310896210673e-01 2.067762258112015861e-01 3.532726577684783820e-01 6.019771545649406363e-02 2.825208515062811454e-01 3.732510314751644742e-01 3.843271853734642196e-01 3.343881992058091446e-01 3.132548049090548847e-01
2.857678639479957483e-01 6.792894543779655070e-01 5.588886549356569811e-01 5.819777894178665978e-01 6.125269908317494405e-01 4.234462034015900600e-01 0.000000000000000000e+00 4.609328901248861410e-01 4.691914246048080606e-01 2.290801491661476896e-01 3.640560248154606215e-01 4.371570542286428163e-01 4.399777134352991781e-01 3.975063379574311218e-01 6.052752270977377336e-01 3.317923747731766904e-01 5.177459577435433724e-01 3.555666293192460969e-01 6.060556026289558584e-01 1.382885052693365868e-01 4.604584221479935957e-01 2.840851130190917839e-01 4.521628210853284591e-01 5.698533977072870460e-01 3.969168230900723682e-01 2.567398233637024352e-01 3.842209842360380656e-01 3.059134714194165494e-01 4.694069475770182298e-01 6.120640202530256424e-01 5.134225985161310346e-01 3.659483699156190206e-01 4.200918171131219347e-01 3.406249170605614718e-01 4.274326106759820942e-01 2.040838201008718655e-01 4.815142862755348308e-01 3.604728714503060427e-01 3.172485559931605414e-01 1.551362276627639147e-01 5.463808403574041961e-01 3.710701598075661356e-01 3.238380803165258337e-01 6.005749446329351482e-01 6.272052061265275258e-01 5.214869973604853159e-01 4.794770408379775972e-01 5.305682797215264257e-01 3.780870685524412855e-01 5.195015856852447378e-01 4.541183588866021248e-01 1.607286657612741476e-01 4.470071373396248826e-01 3.807292479565284604e-01 4.435185058907785693e-01 7.513588426792131014e-02 3.225117634977331393e-01 3.687780254574452576e-01 3.593347152827168767e-01 3.989992625022470984e-01 2.668283023256314834e-01 4.211270097390779621e-01 5.127348853915552063e-01 3.514418276013034914e-01 2.101141244315398726e-01 4.074789571031485202e-01 3.411871065446250850e-01 2.609652262210658824e-01 2.251706235674743040e-01 2.677367080375929187e-01 5.564226016643581962e-01 4.440114834267569477e-01 4.317241901689737316e-01 4.682244527340518325e-01 4.617687077415876251e-01 5.585820984004993273e-01 5.862965365711773069e-01 3.049237903185789689e-01 2.695563624232308331e-01 4.201518474329539732e-01 6.402601743081985930e-01 4.163876569170864572e-01 2.209459991404408852e-01 3.230585776774246853e-01 3.636793861256372717e-01 5.540815572009772927e-01 3.877510831873876573e-01 6.407320551105561979e-01 4.046034107548641123e-01 1.793109980741497411e-01 3.986385050191690316e-01 6.273760748479222382e-01 5.726488134648632933e-01 3.710545551908872031e-01 4.656606795268728449e-01 4.973453322235166785e-01 3.724412995278024163e-01 5.319563579511606966e-01 5.217323474107579129e-01 3.731129761549242807e-01
2.734703978140859415e-01 6.685825405497465290e-01 5.847547700376410917e-01 5.587415616241551142e-01 6.113059505016433803e-01 4.834875295101620507e-01 4.609328901248861410e-01 0.000000000000000000e+00 4.868243491089967456e-01 3.623044501918511462e-01 2.249490070004555031e-01 3.893847725848059160e-01 4.503448124713592682e-01 3.562828028189345964e-01 6.074462048211602960e-01 3.764905818940796345e-01 5.337339340889242223e-01 1.428528285131755171e-01 6.468337708135920572e-01 3.592552248551070804e-01 4.381343720183688561e-01 3.822795157280416412e-01 4.855757116046673927e-01 5.422350543265732625e-01 3.429038759955878590e-01 2.470550732147597794e-01 2.558726555135328873e-01 3.752480874763928220e-01 4.153940004825338317e-01 6.297874938780653187e-01 5.122015581860250855e-01 3.745951599996725223e-01 4.265737474488144887e-01 3.023785360750569362e-01 4.721308177968851494e-01 2.992454457436555249e-01 4.720386663562849971e-01 2.833720738519783233e-01 1.598073937822404589e-01 3.167513523750344895e-01 5.545913356497322866e-01 4.350694643210002988e-01 2.014869690993137952e-01 5.952608585956499221e-01 6.236671031899007067e-01 4.950059368423623263e-01 5.053431559399612638e-01 4.823703146256523855e-01 3.228729327609453637e-01 5.641997928061478484e-01 5.089962098629366993e-01 3.780054390350940929e-01 4.138244250319603190e-01 4.130765877586627943e-01 4.263190380085812303e-01 3.903028702973663222e-01 4.312773772786325233e-01 4.268395973680179090e-01 1.760529123828715736e-01 7.210987420753983690e-02 3.182387877103511342e-01 4.651020875132650945e-01 4.628708607365130678e-01 3.524977993102753615e-01 2.568461029560287212e-01 4.062579167730426266e-01 3.904180718575910314e-01 3.849234303516054223e-01 3.601715084239534015e-01 3.195618991128745812e-01 5.552015613342522471e-01 4.603824528357453594e-01 3.625424906519240653e-01 4.307730518854440138e-01 4.605476674114817870e-01 5.554794421305657703e-01 6.254976502610302136e-01 2.364835833985751701e-01 2.036443870449202720e-01 2.869618133987901776e-01 6.119792642776797909e-01 4.422537720190703459e-01 3.068390944856240199e-01 3.286663501486805083e-01 4.308104595390668812e-01 5.701956342043430492e-01 2.214672268544866096e-01 6.604487992012928466e-01 3.813671829611526842e-01 3.459983317528572133e-01 3.452996903200007406e-01 6.323556542016370852e-01 5.372379193563163735e-01 1.719132939517213909e-01 4.706778933735396020e-01 4.994367643635483356e-01 1.261722574682112019e-01 5.087201301574492129e-01 5.475984625127418015e-01 3.825178366661822205e-01
3.838637656927673114e-01 2.435067930419978210e-01 2.447880587174846301e-01 3.210275216470413473e-01 7.080441853598287150e-01 2.456716215597340713e-01 4.691914246048080606e-01 4.868243491089967456e-01 0.000000000000000000e+00 3.027551053456594699e-01 3.393019282056328745e-01 2.082114813247107066e-01 5.412167646901240303e-01 4.025891365615547057e-01 1.611795654839228153e-01 1.569715450631902209e-01 1.522935470957128279e-01 3.949262027361610250e-01 1.640390660107792775e-01 3.912243702994996353e-01 1.877279130396658502e-01 3.474090536793439932e-01 1.324098836419661251e-01 1.379268857249767999e-01 2.916891264038701803e-01 2.529795549422290679e-01 3.933061126823821918e-01 2.399661657793080161e-01 2.796760330992075216e-01 1.531862069633502244e-01 6.158540662123039855e-01 4.580111106843920421e-01 1.031961318872726963e-01 1.965484939089530148e-01 9.606014655839005545e-02 3.675202267167409498e-01 1.116157496683577582e-01 3.011357110804055437e-01 3.270169553267562312e-01 3.140551969420441458e-01 9.008686712031524491e-02 3.149380796529345772e-01 3.690982605467043043e-01 1.681374905803574571e-01 1.840711889842279458e-01 2.587878309770690888e-01 1.755667297843291896e-01 1.769995918402385016e-01 4.247741190329302197e-01 8.780299510611733194e-02 1.788775638784121658e-01 3.657348441434888908e-01 2.062015890297603793e-01 1.153020674885661123e-01 3.111876339126561364e-01 3.987149250115797905e-01 3.327113465187485075e-01 1.779827597382686311e-01 3.977325925929798833e-01 4.248907214863577031e-01 2.029320408005645393e-01 7.626513920607819186e-02 2.230535015105155061e-01 1.385394877380749512e-01 3.021616557206515674e-01 5.148978291956544107e-01 3.872635057647567103e-01 3.086168154100428773e-01 3.739685859614513830e-01 4.117578379226015661e-01 6.502887171196218841e-01 6.195595112238336255e-02 3.482869914905177833e-01 1.562354691071335400e-01 5.593298078349997482e-01 1.154480812581999138e-01 1.429111478684866599e-01 2.791430874006889384e-01 3.289571014355389678e-01 3.608146870630535297e-01 2.048829007169074845e-01 7.832970170215834693e-02 2.660104927345144921e-01 4.304774497699305758e-01 2.451132384998228608e-01 9.267445795143544607e-02 3.473007725733516793e-01 1.966805515993319819e-01 1.565631965710570783e-01 3.856188769066702937e-01 2.460574690349424110e-01 1.695354448596854691e-01 1.599592253485679350e-01 3.746051595483352870e-01 2.278304793120442540e-01 6.051576854518282006e-02 3.980008011056526129e-01 2.698148562987170984e-01 2.103914317064979889e-01 4.843289362874322324e-01
2.261699131529649187e-01 5.012469040908951179e-01 3.924523356765086124e-01 4.316531053812384111e-01 4.990712593180436363e-01 2.334829551338473141e-01 2.290801491661476896e-01 3.623044501918511462e-01 3.027551053456594699e-01 0.000000000000000000e+00 2.423849883835110242e-01 2.883862317352263172e-01 3.288132316492119456e-01 2.221711415648085219e-01 4.447447702694589111e-01 1.537498244861062457e-01 3.352184758392509067e-01 2.590180306936945009e-01 4.280130523418856914e-01 1.416462235726302643e-01 3.059961288121480494e-01 1.317422009226540403e-01 2.801312250778024149e-01 4.106491323431121776e-01 2.513767422983148592e-01 1.216443358701046057e-01 3.111742379086374632e-01 1.158969103152355795e-01 3.230894513520424227e-01 4.340214699659547537e-01 4.068811401705192399e-01 2.492739982975858692e-01 2.605421323336234996e-01 1.918540945671449172e-01 2.493900603889117606e-01 1.561104348112494211e-01 3.257040681341184518e-01 2.227005614191382987e-01 2.172769553783185370e-01 9.255434470417354953e-02 3.849996643855877476e-01 1.956359798671762629e-01 2.272894816909741822e-01 4.225323943458650366e-01 4.666747492982489254e-01 3.717426276844483790e-01 3.130407215788290065e-01 3.817974572281100376e-01 2.631423773815281808e-01 3.414590353981743487e-01 2.645104529742774435e-01 7.769328169177677768e-02 2.972627676635878902e-01 2.137240101759919075e-01 2.559560483454259572e-01 1.622327517504379146e-01 1.471765671051106783e-01 1.791701195451206319e-01 2.627861166571652252e-01 3.003708225692120481e-01 1.041396256339155446e-01 2.430844594520075730e-01 3.430973737129056067e-01 1.992975792934992552e-01 1.241261278278524283e-01 3.168170813951565745e-01 1.831628564044681107e-01 7.513109191813874266e-02 1.030520908827612936e-01 1.936650929028518597e-01 4.413157910778371384e-01 2.826303074549406102e-01 2.741229796246372752e-01 3.169580754874738449e-01 3.503568817932148360e-01 3.980516415722209489e-01 4.082539862841068623e-01 1.822261475785669771e-01 1.829715108160001602e-01 2.823795374017862292e-01 4.785219267723497261e-01 2.499513376579378665e-01 5.873084563628323818e-02 2.449790171389056581e-01 1.703574618740593682e-01 3.771085371011851373e-01 2.602277961598659095e-01 4.626895048234856422e-01 2.548590410788270089e-01 9.980005001518396646e-02 2.512036941708506999e-01 4.586252145410146253e-01 3.901213315605708831e-01 2.658436283026396896e-01 2.760527736145482192e-01 3.368148753952379670e-01 2.758927009022507093e-01 3.816316739145327319e-01 3.552960281516093222e-01 2.755916844844237268e-01
2.242398135893484967e-01 5.005521380352661032e-01 4.372323491342771096e-01 4.043606335782241046e-01 5.019917025636601027e-01 3.054265473980126711e-01 3.640560248154606215e-01 2.249490070004555031e-01 3.393019282056328745e-01 2.423849883835110242e-01 0.000000000000000000e+00 2.213543700703254902e-01 3.511493638377019000e-01 1.695395005226967011e-01 4.557871334656740103e-01 2.378642188026380833e-01 3.551321947237361942e-01 1.432611019695102239e-01 4.978966157954172189e-01 2.731118115185333650e-01 2.846521331248810793e-01 3.103011469443187065e-01 3.380532907013035215e-01 3.742046518120928367e-01 1.637941162717917454e-01 1.207406525134064046e-01 1.142422666451805707e-01 2.390221254877396007e-01 2.362842407587376625e-01 4.808503388598904804e-01 4.058348804686886524e-01 2.572815928831402865e-01 2.774683709644842344e-01 1.481426093476531369e-01 3.335044547054436537e-01 2.287451686900482395e-01 3.182693498822591338e-01 8.899074995210443095e-02 8.877944025251797988e-02 2.198744870656090811e-01 4.029322642942459454e-01 2.483261620247623758e-01 1.497175855229651575e-01 4.272304560811694962e-01 4.556367006754202253e-01 3.335419568000058677e-01 3.578207350365975037e-01 3.143399121111720151e-01 1.787294724007301994e-01 4.255734297147061307e-01 3.385648772512069304e-01 2.877263689165285299e-01 2.523604449896039159e-01 2.655541668552989232e-01 2.395757357123433628e-01 2.934260049879408028e-01 2.445340749823946558e-01 2.882132342765764133e-01 7.894775882187700378e-02 1.567988392484764293e-01 1.796602475230686946e-01 3.206831218978214992e-01 2.877867132811308126e-01 2.049753784069115459e-01 1.779470117197841927e-01 2.998912390557061936e-01 2.460319145929831530e-01 2.589867258626771807e-01 2.896712313703461161e-01 2.546037549443906367e-01 4.450750036112294250e-01 3.128600319323814327e-01 1.757991883556862533e-01 2.655187511890054197e-01 3.512334194734985093e-01 4.038203707750794846e-01 4.765604952428553198e-01 6.015884080494394992e-02 1.516746743858559121e-01 1.235136927638047499e-01 4.439488617631992540e-01 2.947313511157063637e-01 1.892525633958517250e-01 2.571439132347537182e-01 2.922319193517842750e-01 4.212584791861681000e-01 5.806775456577463468e-02 4.924183966868120876e-01 2.271632852943403780e-01 2.650229895396072344e-01 1.685881040782543361e-01 4.806965828461507995e-01 3.692075168418360032e-01 5.542573341840544010e-02 2.915681336497434328e-01 3.477776930080621609e-01 1.051191485339493525e-01 3.545162324906369067e-01 4.000760416093779304e-01 2.990901377787176796e-01
3.109475879889784800e-01 2.791977679649405575e-01 3.324969915182975910e-01 2.435748553778814274e-01 6.006079496933985906e-01 2.084286973583270031e-01 4.371570542286428163e-01 3.893847725848059160e-01 2.082114813247107066e-01 2.883862317352263172e-01 2.213543700703254902e-01 0.000000000000000000e+00 4.497656109674401104e-01 2.449066275932385572e-01 2.538879123288617090e-01 1.849390400880592811e-01 1.512188264123439096e-01 3.055776754332832357e-01 2.857485743606121287e-01 3.591899999233345575e-01 1.348765985338863660e-01 3.564305256835488267e-01 2.338294155721145906e-01 1.528502817417673187e-01 1.227003033898342310e-01 1.921665556930225449e-01 2.630041840127401720e-01 2.632420620602074490e-01 1.064858332234019656e-01 2.918067615468875053e-01 5.044511275984269183e-01 3.558978400128785524e-01 1.489167749733221191e-01 9.653213716808131672e-02 2.223783283361706054e-01 3.154529430896781950e-01 1.015098313624081122e-01 1.656336852816408522e-01 2.295773788025654016e-01 2.820208265658789570e-01 2.103408210582465299e-01 2.602240942182913463e-01 2.797497332438265705e-01 2.063979889479220786e-01 2.342823306050946797e-01 1.672632187849721896e-01 2.535797610158835869e-01 9.771503836596030779e-02 2.762237016091907971e-01 2.267296588844376071e-01 1.611383772136989467e-01 3.435042531029910418e-01 8.551501776587122627e-02 1.670776994148467920e-01 1.944804645645891450e-01 3.666805546354147127e-01 3.199012020529364286e-01 2.419067144076827436e-01 2.743958594066990830e-01 3.274511449621668735e-01 1.842466061013107448e-01 2.274400473516048904e-01 8.694648096753310185e-02 1.080257480721580482e-01 2.642238203078647873e-01 3.985074861854444594e-01 3.367325053451082351e-01 2.992614852798199943e-01 3.630770462325251247e-01 3.413115293440205922e-01 5.436912507409679129e-01 1.790565056472359085e-01 1.817370944608303063e-01 6.323725912736910537e-02 4.498496666032367197e-01 1.919572475441279902e-01 2.806981145570132674e-01 1.700397230233585966e-01 2.465383744984990244e-01 2.129581867933003081e-01 2.225944916928738471e-01 1.780623788364366078e-01 2.450050567882785524e-01 3.559025433846559339e-01 2.716115388930507302e-01 2.338936022382277768e-01 2.199603295068401632e-01 2.715859295535648088e-01 8.366941030259553158e-02 3.512997981276878567e-01 6.562425035985228194e-02 2.787973617093385537e-01 1.525826430966242819e-01 2.687202801042518074e-01 1.515813132321231493e-01 1.576770696020955986e-01 3.000430484603571757e-01 1.975112205183860714e-01 2.969118114402970465e-01 3.977063849084560010e-01
1.803481130112443154e-01 6.978839407423660379e-01 6.447122850026029139e-01 6.410047458385723651e-01 1.859045584532111606e-01 3.606218014873510125e-01 4.399777134352991781e-01 4.503448124713592682e-01 5.412167646901240303e-01 3.288132316492119456e-01 3.511493638377019000e-01 4.497656109674401104e-01 0.000000000000000000e+00 2.239473707073385833e-01 6.785760662621987960e-01 4.025745086826232333e-01 5.133669301366780013e-01 3.393528954762017324e-01 6.373724441988253275e-01 3.308045144701785567e-01 5.196384793803073832e-01 2.043262928109782495e-01 5.238082190086722489e-01 5.932795028658213177e-01 3.326907944941235873e-01 2.994172197723021234e-01 2.555625110305944636e-01 3.012505989108159032e-01 3.987226647207014474e-01 6.562621794744929460e-01 1.057926475727752336e-01 1.027881928299831521e-01 4.965734929377793039e-01 3.909071110999118859e-01 4.674392145018602673e-01 2.388459511309937444e-01 5.487712436435272512e-01 2.964864001567878438e-01 3.296251524170603631e-01 3.234809799323387081e-01 6.132687981856235204e-01 2.763018248222163797e-01 2.640109496167737380e-01 6.126067680548278327e-01 6.806639791349855528e-01 5.789194950580158761e-01 5.653006709049233081e-01 5.218419251928695379e-01 1.759018628267984830e-01 5.510938112167627079e-01 4.386247064175949895e-01 3.307579748775451023e-01 4.977379832476138688e-01 4.676348241119666072e-01 3.288736528384045843e-01 3.693476936077794148e-01 2.259807338309717251e-01 3.813978059489623318e-01 3.190751641870769872e-01 3.884111848487202256e-01 3.684241890652200091e-01 4.828770232786104288e-01 4.649478807837518213e-01 4.196829360630556227e-01 2.733463953373463928e-01 6.808743517274981616e-02 1.585280658691934075e-01 2.630391362214076767e-01 2.480442760993474827e-01 1.758097852883390988e-01 1.239284093042631180e-01 5.257140158193580604e-01 2.920075963664860996e-01 5.012315995457914397e-01 6.512695365450001106e-02 6.321067841822826106e-01 6.220579483899210116e-01 3.338932872166996413e-01 2.489810345329858676e-01 2.368074241741398855e-01 6.531097986049820836e-01 5.022112869840322791e-01 3.389967038465800941e-01 1.216784623226787321e-01 3.198546084333687700e-01 5.999571419387061955e-01 2.930816092719272792e-01 6.749365699144858066e-01 4.636303671755697686e-01 2.796228898990563150e-01 3.841413606075878562e-01 6.814738193785359055e-01 5.553570482880889614e-01 3.749371212861053460e-01 4.043451100694011591e-01 5.744259868974366245e-01 3.560153888668917688e-01 5.909833143718665749e-01 6.030818305235942089e-01 6.782697580517706160e-02
1.691861119404259040e-01 4.791451597771563820e-01 5.075511111278644405e-01 4.513376731122982766e-01 3.824776774555015413e-01 1.709047466739330723e-01 3.975063379574311218e-01 3.562828028189345964e-01 4.025891365615547057e-01 2.221711415648085219e-01 1.695395005226967011e-01 2.449066275932385572e-01 2.239473707073385833e-01 0.000000000000000000e+00 4.953983802339660403e-01 2.691343007906257800e-01 2.988595776018969641e-01 2.530942251581939084e-01 4.491521406543258488e-01 2.970848486147069645e-01 3.368590790894905873e-01 1.437450266390593590e-01 3.902973752969947641e-01 3.764684650567263202e-01 1.247734893618084318e-01 2.088824590533910897e-01 1.313578073135351076e-01 1.677397551991382796e-01 1.759344944332899841e-01 4.754773452742521722e-01 2.882436527426442963e-01 1.282141382937022345e-01 3.376240232628011650e-01 2.060828759775530372e-01 3.113343500481027259e-01 2.407592448714943878e-01 3.439122602693257535e-01 1.014956588061005222e-01 2.383690872708061903e-01 2.849343657064089541e-01 4.493307802960788688e-01 8.908839455676345609e-02 1.962550090806542691e-01 3.950867061726571206e-01 4.672125492150239756e-01 3.794386922037246146e-01 4.281394970301847791e-01 3.008583879937352101e-01 7.922942061072899000e-02 3.678395755454852978e-01 2.381733343578825712e-01 2.475158347668873493e-01 2.982571803933225518e-01 3.358729288488861986e-01 1.070239990128872137e-01 3.396301002253856449e-01 7.499457445969789915e-02 2.250599281698033582e-01 1.875445109000949129e-01 2.855676439365725239e-01 2.349839811732223616e-01 3.462920165706774300e-01 2.410005100764131547e-01 2.737779651274732107e-01 2.730408244850164312e-01 1.867201736150425895e-01 9.199380957361620592e-02 1.502463111634456949e-01 2.041279847331347597e-01 1.771959231101093157e-01 3.255609785030709746e-01 3.761472402883033195e-01 7.163926265150588613e-02 2.983220556675295065e-01 2.317193943653398924e-01 4.319567449840387985e-01 4.388037127186434905e-01 1.615836721174169766e-01 2.392502155995953061e-01 7.479695456304144563e-02 4.291624278976430285e-01 3.610840160320791248e-01 2.248224214927335707e-01 1.461696601376788751e-01 1.596657315699850088e-01 4.284154122699016520e-01 1.351806956278290006e-01 4.607682587217850623e-01 2.793702312589498860e-01 2.320198696913992054e-01 1.818495423917903808e-01 5.138885061363799300e-01 3.331732578191902716e-01 2.208589445228442971e-01 1.892446307301452191e-01 4.000794985090133093e-01 2.339727528699044601e-01 4.044461906658722850e-01 4.695709868119167796e-01 1.807220253457886006e-01
5.143153792122860946e-01 1.610139960883811283e-01 3.960581526167710198e-01 3.945045723475623656e-01 8.454034869319032586e-01 3.517052283747055808e-01 6.052752270977377336e-01 6.074462048211602960e-01 1.611795654839228153e-01 4.447447702694589111e-01 4.557871334656740103e-01 2.538879123288617090e-01 6.785760662621987960e-01 4.953983802339660403e-01 0.000000000000000000e+00 3.019776369385713255e-01 2.255713969619844994e-01 5.211767010576637826e-01 1.764829248137871898e-01 5.273081727924292528e-01 2.639640785969090686e-01 4.847683552514184258e-01 2.842304487183951456e-01 1.274250587726331596e-01 3.761590156598042523e-01 3.831903058398262729e-01 5.066597618848183160e-01 3.773254673513824486e-01 3.264668817798269118e-01 1.040117155681303113e-01 7.512930841281562078e-01 5.953704122564665857e-01 1.869548826677628617e-01 3.099021431113891945e-01 2.144422463386503885e-01 4.991780054344865936e-01 1.601544800038024741e-01 4.144893602828417789e-01 4.476388110389197261e-01 4.501389994349737078e-01 8.446307523007368090e-02 4.342509328073283492e-01 4.953487588682071729e-01 1.781299572944177456e-01 8.313547962175046879e-02 3.322648816775899960e-01 3.233536142066752439e-01 2.022255033213309627e-01 5.301116139380523951e-01 1.514698539662428234e-01 2.766320484145222691e-01 5.074175204293341901e-01 2.771074068100489174e-01 2.595827101745343812e-01 4.061464773384633742e-01 5.347987275045094080e-01 4.607795128792195327e-01 3.022640287045537666e-01 5.110862417954160630e-01 5.455125771985211980e-01 3.446147170864095610e-01 2.345929770599046171e-01 2.704556967187729533e-01 2.629245895490727736e-01 4.382454582135811849e-01 6.453494427151738044e-01 5.246228073368311984e-01 4.501598036993285645e-01 5.152624722656198308e-01 5.434156166403472099e-01 7.876480186916966497e-01 1.631644076798359488e-01 4.322288471015577893e-01 2.259455499115458343e-01 6.966891094070742918e-01 6.712547926456705061e-02 1.409301746174539682e-01 3.956282926607301298e-01 4.567031479888896683e-01 4.668460991221619061e-01 1.309276223472186362e-01 2.298074997422265564e-01 4.076931690203597358e-01 5.609290632894495809e-01 3.693945074661078576e-01 8.824951091544729065e-02 4.606544217757878035e-01 1.167201509178809188e-01 2.526864112061990020e-01 5.217026793995996892e-01 3.195121626887140187e-01 5.668822452976512299e-02 2.065466267849904169e-01 4.943088497416233129e-01 3.322861237399767909e-01 1.081815387146919660e-01 5.186226568178160523e-01 3.487858510688414126e-01 3.618692297465662122e-01 6.147805498069514041e-01
2.603197194298578210e-01 3.474970796047887056e-01 2.532696437653588206e-01 3.076602712278575513e-01 5.694019293523280290e-01 1.587051685449059057e-01 3.317923747731766904e-01 3.764905818940796345e-01 1.569715450631902209e-01 1.537498244861062457e-01 2.378642188026380833e-01 1.849390400880592811e-01 4.025745086826232333e-01 2.691343007906257800e-01 3.019776369385713255e-01 0.000000000000000000e+00 1.859535829703668763e-01 2.774227514377123338e-01 2.742632278557793901e-01 2.538253204678682096e-01 1.820032946587671341e-01 2.070976742467860732e-01 1.292580698004835715e-01 2.803419571766983531e-01 2.072633522188636335e-01 1.294355086793197718e-01 2.988577235921014430e-01 1.098475693187930674e-01 2.262425376548900524e-01 2.802716454798486745e-01 4.772118102048035215e-01 3.193688546768915226e-01 1.312442099945641816e-01 1.106036460777552327e-01 9.564023590280554266e-02 2.354219972227239999e-01 2.012242659327912742e-01 2.066873219901249337e-01 2.231658851247252384e-01 1.766561471104126924e-01 2.366703688619961887e-01 1.964920224266120674e-01 2.496026360151713530e-01 2.687825698597587354e-01 3.363675741318350454e-01 2.479500625420258397e-01 1.745576550239087699e-01 2.627161223590132599e-01 3.271355383815650608e-01 1.877092109120680197e-01 1.325056279688571204e-01 2.246373029302244917e-01 1.854270123687755678e-01 7.909393004272997907e-02 2.235714236828616752e-01 2.613158751799484203e-01 1.941397263309279086e-01 7.442446994721015063e-02 2.811908374011831135e-01 3.145569542714404809e-01 7.108758431889673768e-02 8.933463496590136887e-02 2.054490676974798924e-01 7.691329201590123288e-02 1.647626058890201139e-01 3.869119377744621446e-01 2.486212497572561630e-01 1.529605411605109155e-01 2.191564772873514089e-01 2.751238468348259913e-01 5.116464611121213091e-01 1.523231322885267580e-01 2.627695207198093574e-01 1.929652413340929851e-01 4.206875518274990067e-01 2.677444664058070134e-01 2.545041617980004500e-01 1.777053779976942027e-01 2.064121935959741805e-01 2.663662979727728364e-01 3.247721022862435358e-01 1.196441624915240143e-01 1.249129515212500652e-01 3.069334035070214184e-01 1.391115795656787391e-01 2.233587126150788360e-01 2.490939212937577085e-01 3.089396803373793410e-01 1.345657851520630777e-01 2.360688106806816400e-01 1.699532456814609738e-01 3.048753900549083240e-01 2.408564386916867972e-01 2.707540893463042386e-01 1.709586447638842266e-01 2.065077002288240315e-01 2.913571617215962584e-01 2.576388397611519832e-01 2.067955254240043672e-01 3.502768392729984637e-01
