0.000000000000000000e+00 1.474902990695712068e+00 1.466700828559969194e+00 9.237899225740430209e-01 9.180392726763603184e-01 1.205547790672919506e+00 6.532631373875597003e-01 5.790186920341868770e-01 1.014994656203459744e+00 1.075017183482381844e+00 5.478017585370087428e-01 8.068566879501242184e-01 5.707120601732306175e-01 3.486727520527634905e-01 8.376142313336620848e-01 2.779529088042380636e-01 1.023011573672125474e+00 8.370188688507808061e-01 2.928596525074434465e-01 5.740180134680771262e-01 1.253087507554582203e+00 6.130931232565337563e-01 1.285467528537173054e+00 8.182100945679062765e-01 4.725742030454123110e-01
1.474902990695712068e+00 0.000000000000000000e+00 1.330816104669797939e+00 1.464345434133121460e+00 1.467206911706277594e+00 9.284817137513431407e-01 8.300528447071815474e-01 1.055121445302965810e+00 8.770116571126049809e-01 4.253121677450629745e-01 1.112571726514358650e+00 8.778261469849882870e-01 1.120756370015182135e+00 1.156222556281265357e+00 7.222454500548044498e-01 1.502199523734134123e+00 6.920538662733963786e-01 8.529585883390490286e-01 1.195160546263805301e+00 1.049301270546169285e+00 1.112861228333837271e+00 8.937138329180168705e-01 2.243122289813788972e-01 6.844199697288795292e-01 1.014187744356628507e+00
1.466700828559969194e+00 1.330816104669797939e+00 0.000000000000000000e+00 1.543926308705927841e+00 1.453096031663333676e+00 9.019696371235488286e-01 9.948850146922416648e-01 9.177906753338427315e-01 4.617646164545494147e-01 9.203327415257941402e-01 1.098460846471414731e+00 9.375460148115581926e-01 1.200337244587988517e+00 1.272625112839002037e+00 7.573167488196735908e-01 1.553040301104306353e+00 7.704242554908631302e-01 6.939662526955102662e-01 1.205037300384279142e+00 1.089122416622636980e+00 2.369624741374802834e-01 9.084875976555877308e-01 1.133707321845539351e+00 8.710021427185381526e-01 1.138276946462758454e+00
9.237899225740430209e-01 1.464345434133121460e+00 1.543926308705927841e+00 0.000000000000000000e+00 1.108623926623223621e+00 1.273586399649786260e+00 6.769226197856011984e-01 9.227924692768308956e-01 1.092220136349418169e+00 1.062589483929279544e+00 7.346667927453136571e-01 1.010992182794167915e+00 3.566381293571582733e-01 7.020937277541832167e-01 8.481079125146644415e-01 9.703504932904075675e-01 1.062270197794847881e+00 1.028824541521252467e+00 6.667348248102777930e-01 9.013668114976592927e-01 1.329006756647304499e+00 6.460383832007144944e-01 1.274244668447116924e+00 8.700263639400772631e-01 5.478945238574487453e-01
9.180392726763603184e-01 1.467206911706277594e+00 1.453096031663333676e+00 1.108623926623223621e+00 0.000000000000000000e+00 1.241332717551534737e+00 7.898281515890656079e-01 7.195536036823414472e-01 1.001389859306824004e+00 1.064056075168166471e+00 3.739571338779100196e-01 1.081170511469467410e+00 7.521938349929937484e-01 8.136141394205809174e-01 8.063171451165253023e-01 1.011055362253687528e+00 1.081057817170453461e+00 8.925719668788694161e-01 6.354649837873949103e-01 8.921501751600904306e-01 1.239482710657946463e+00 5.836108260786821988e-01 1.275988692450521711e+00 9.459124851230321651e-01 7.522529533462426476e-01
1.205547790672919506e+00 9.284817137513431407e-01 9.019696371235488286e-01 1.273586399649786260e+00 1.241332717551534737e+00 0.000000000000000000e+00 6.468966059100391686e-01 6.308137871670184138e-01 4.702359324288514220e-01 5.042767987232127380e-01 8.866975323596155700e-01 4.662819080145322870e-01 9.299973355318469359e-01 9.066166963365043241e-01 4.948840223352680145e-01 1.263240765750095695e+00 2.709260695162455934e-01 3.785947672167444544e-01 9.689334219616186905e-01 7.042472026944359698e-01 6.811968924641583767e-01 6.817549507682312271e-01 7.220880023683290405e-01 4.430903214876164009e-01 8.318935213256607453e-01
6.532631373875597003e-01 8.300528447071815474e-01 9.948850146922416648e-01 6.769226197856011984e-01 7.898281515890656079e-01 6.468966059100391686e-01 0.000000000000000000e+00 5.697072715741086091e-01 5.410805671350481516e-01 4.308782827614057176e-01 4.271030191691002620e-01 3.657509087555420590e-01 3.492206109135601033e-01 3.412202369118526035e-01 3.109536600462560196e-01 6.782624831352850325e-01 4.036163733090780692e-01 5.149275967456075076e-01 4.452108443658408521e-01 3.432126444836886003e-01 7.769301383562803309e-01 2.511336550053168137e-01 6.406173825486439766e-01 2.073292896751201542e-01 2.011917171514233382e-01
5.790186920341868770e-01 1.055121445302965810e+00 9.177906753338427315e-01 9.227924692768308956e-01 7.195536036823414472e-01 6.308137871670184138e-01 5.697072715741086091e-01 0.000000000000000000e+00 4.687083374875668507e-01 6.446380821589607901e-01 3.824667651685014769e-01 3.661990065383253223e-01 5.666459925755105154e-01 3.549718451289982646e-01 4.061048524498721557e-01 6.390952987086676584e-01 5.137499585975786598e-01 2.684871732404930378e-01 3.393434437534775805e-01 2.457985723190637684e-01 7.041773543284558512e-01 3.218224583570893360e-01 8.580126624787057787e-01 5.454197099439422880e-01 5.327320205498952133e-01
1.014994656203459744e+00 8.770116571126049809e-01 4.617646164545494147e-01 1.092220136349418169e+00 1.001389859306824004e+00 4.702359324288514220e-01 5.410805671350481516e-01 4.687083374875668507e-01 0.000000000000000000e+00 4.665282939686004604e-01 6.467546741149049483e-01 5.124847938949231851e-01 7.486310722314786226e-01 8.235427749927256569e-01 3.056105764631635302e-01 1.101334128747797347e+00 3.296639620096840639e-01 2.542225616386117881e-01 7.533311280277695809e-01 6.439747186799407164e-01 2.407748357408531770e-01 4.567814252990783364e-01 6.799028742883452825e-01 4.171976951613446394e-01 6.865707741062485603e-01
1.075017183482381844e+00 4.253121677450629745e-01 9.203327415257941402e-01 1.062589483929279544e+00 1.064056075168166471e+00 5.042767987232127380e-01 4.308782827614057176e-01 6.446380821589607901e-01 4.665282939686004604e-01 0.000000000000000000e+00 7.094208899762475262e-01 4.679227229834030388e-01 7.190004198113401079e-01 7.570479943354891939e-01 3.120506215874093714e-01 1.103024961788357627e+00 2.681548416907929000e-01 4.424752251950441195e-01 7.924564217546121725e-01 6.519892481823196251e-01 7.000479554529644988e-01 4.905629963799053028e-01 2.191375968180706291e-01 2.871079473650308134e-01 6.150131824108526768e-01
5.478017585370087428e-01 1.112571726514358650e+00 1.098460846471414731e+00 7.346667927453136571e-01 3.739571338779100196e-01 8.866975323596155700e-01 4.271030191691002620e-01 3.824667651685014769e-01 6.467546741149049483e-01 7.094208899762475262e-01 0.000000000000000000e+00 7.429991346732636170e-01 3.782367011150836733e-01 4.411055174847814397e-01 4.516819599246063577e-01 6.386503661256572872e-01 7.264226319785348496e-01 5.488878720681450440e-01 2.646777273800909880e-01 5.396415885061125461e-01 8.848475254660272959e-01 2.289756408867630044e-01 9.213535072586032104e-01 5.857824378105451757e-01 3.843113027007535876e-01
8.068566879501242184e-01 8.778261469849882870e-01 9.375460148115581926e-01 1.010992182794167915e+00 1.081170511469467410e+00 4.662819080145322870e-01 3.657509087555420590e-01 3.661990065383253223e-01 5.124847938949231851e-01 4.679227229834030388e-01 7.429991346732636170e-01 0.000000000000000000e+00 6.721545056252478112e-01 4.816063085277132449e-01 4.467689045613624788e-01 8.276300121089890105e-01 2.695974762983935902e-01 2.628567043749854837e-01 6.348033887381387963e-01 2.417527184817565844e-01 7.178683575950337570e-01 5.947545037653204636e-01 6.809726991821186681e-01 2.084675766539619002e-01 4.775836842758028888e-01
5.707120601732306175e-01 1.120756370015182135e+00 1.200337244587988517e+00 3.566381293571582733e-01 7.521938349929937484e-01 9.299973355318469359e-01 3.492206109135601033e-01 5.666459925755105154e-01 7.486310722314786226e-01 7.190004198113401079e-01 3.782367011150836733e-01 6.721545056252478112e-01 0.000000000000000000e+00 3.521336932332579384e-01 5.045188483967250059e-01 6.192709370417132098e-01 7.186811336769084457e-01 6.836608123607139653e-01 3.128605079983200477e-01 5.590758699007539745e-01 9.854176925293649525e-01 3.004818973509338909e-01 9.306556043291777103e-01 5.348046534229538018e-01 2.060370799498985050e-01
3.486727520527634905e-01 1.156222556281265357e+00 1.272625112839002037e+00 7.020937277541832167e-01 8.136141394205809174e-01 9.066166963365043241e-01 3.412202369118526035e-01 3.549718451289982646e-01 8.235427749927256569e-01 7.570479943354891939e-01 4.411055174847814397e-01 4.816063085277132449e-01 3.521336932332579384e-01 0.000000000000000000e+00 6.221925155486389691e-01 3.604185080317969248e-01 6.831411886373095488e-01 6.154951498673659760e-01 2.528683229016350786e-01 2.605017222542717614e-01 1.059011791833614824e+00 4.502015007703896732e-01 9.667870941227277859e-01 4.852150743338079497e-01 2.036713830112291124e-01
8.376142313336620848e-01 7.222454500548044498e-01 7.573167488196735908e-01 8.481079125146644415e-01 8.063171451165253023e-01 4.948840223352680145e-01 3.109536600462560196e-01 4.061048524498721557e-01 3.056105764631635302e-01 3.120506215874093714e-01 4.516819599246063577e-01 4.467689045613624788e-01 5.045188483967250059e-01 6.221925155486389691e-01 0.000000000000000000e+00 9.058835854720032055e-01 3.205016266063142605e-01 2.743559487708428501e-01 5.474270126751450416e-01 6.074813998920193248e-01 5.423971967610501377e-01 2.365584867361484878e-01 5.254252019071540269e-01 2.426000990747303465e-01 4.367253675285526215e-01
2.779529088042380636e-01 1.502199523734134123e+00 1.553040301104306353e+00 9.703504932904075675e-01 1.011055362253687528e+00 1.263240765750095695e+00 6.782624831352850325e-01 6.390952987086676584e-01 1.101334128747797347e+00 1.103024961788357627e+00 6.386503661256572872e-01 8.276300121089890105e-01 6.192709370417132098e-01 3.604185080317969248e-01 9.058835854720032055e-01 0.000000000000000000e+00 1.039203979267615319e+00 9.042277154923887839e-01 3.817997374309479719e-01 5.997880339047924059e-01 1.339426980098919584e+00 6.837164520579310789e-01 1.312764061575595109e+00 8.344025001633958993e-01 5.102669493688994917e-01
1.023011573672125474e+00 6.920538662733963786e-01 7.704242554908631302e-01 1.062270197794847881e+00 1.081057817170453461e+00 2.709260695162455934e-01 4.036163733090780692e-01 5.137499585975786598e-01 3.296639620096840639e-01 2.681548416907929000e-01 7.264226319785348496e-01 2.695974762983935902e-01 7.186811336769084457e-01 6.831411886373095488e-01 3.205016266063142605e-01 1.039203979267615319e+00 0.000000000000000000e+00 2.616405036387521865e-01 7.998384972530225845e-01 5.030373269644421441e-01 5.496515108314720122e-01 5.108286483835412506e-01 4.859660453359089805e-01 2.065955765902863506e-01 6.000471492252877903e-01
8.370188688507808061e-01 8.529585883390490286e-01 6.939662526955102662e-01 1.028824541521252467e+00 8.925719668788694161e-01 3.785947672167444544e-01 5.149275967456075076e-01 2.684871732404930378e-01 2.542225616386117881e-01 4.424752251950441195e-01 5.488878720681450440e-01 2.628567043749854837e-01 6.836608123607139653e-01 6.154951498673659760e-01 2.743559487708428501e-01 9.042277154923887839e-01 2.616405036387521865e-01 0.000000000000000000e+00 5.919790031898652938e-01 4.053546406940694569e-01 4.811069423174325066e-01 3.831789150097802410e-01 6.558498055147888861e-01 3.761856137655976706e-01 6.326724329093401655e-01
2.928596525074434465e-01 1.195160546263805301e+00 1.205037300384279142e+00 6.667348248102777930e-01 6.354649837873949103e-01 9.689334219616186905e-01 4.452108443658408521e-01 3.393434437534775805e-01 7.533311280277695809e-01 7.924564217546121725e-01 2.646777273800909880e-01 6.348033887381387963e-01 3.128605079983200477e-01 2.528683229016350786e-01 5.474270126751450416e-01 3.817997374309479719e-01 7.998384972530225845e-01 5.919790031898652938e-01 0.000000000000000000e+00 3.947292754831491779e-01 9.914239793788918176e-01 3.218879015987055059e-01 1.004111606272449775e+00 6.198628430978960768e-01 2.541275468949963368e-01
5.740180134680771262e-01 1.049301270546169285e+00 1.089122416622636980e+00 9.013668114976592927e-01 8.921501751600904306e-01 7.042472026944359698e-01 3.432126444836886003e-01 2.457985723190637684e-01 6.439747186799407164e-01 6.519892481823196251e-01 5.396415885061125461e-01 2.417527184817565844e-01 5.590758699007539745e-01 2.605017222542717614e-01 6.074813998920193248e-01 5.997880339047924059e-01 5.030373269644421441e-01 4.053546406940694569e-01 3.947292754831491779e-01 0.000000000000000000e+00 8.766945338610288019e-01 5.265569724536096619e-01 8.567595557052850586e-01 3.648813008172889227e-01 3.592772115585280424e-01
1.253087507554582203e+00 1.112861228333837271e+00 2.369624741374802834e-01 1.329006756647304499e+00 1.239482710657946463e+00 6.811968924641583767e-01 7.769301383562803309e-01 7.041773543284558512e-01 2.407748357408531770e-01 7.000479554529644988e-01 8.848475254660272959e-01 7.178683575950337570e-01 9.854176925293649525e-01 1.059011791833614824e+00 5.423971967610501377e-01 1.339426980098919584e+00 5.496515108314720122e-01 4.811069423174325066e-01 9.914239793788918176e-01 8.766945338610288019e-01 0.000000000000000000e+00 6.935680455969648328e-01 9.157524455095774618e-01 6.530472663825767077e-01 9.233573944041352233e-01
6.130931232565337563e-01 8.937138329180168705e-01 9.084875976555877308e-01 6.460383832007144944e-01 5.836108260786821988e-01 6.817549507682312271e-01 2.511336550053168137e-01 3.218224583570893360e-01 4.567814252990783364e-01 4.905629963799053028e-01 2.289756408867630044e-01 5.947545037653204636e-01 3.004818973509338909e-01 4.502015007703896732e-01 2.365584867361484878e-01 6.837164520579310789e-01 5.108286483835412506e-01 3.831789150097802410e-01 3.218879015987055059e-01 5.265569724536096619e-01 6.935680455969648328e-01 0.000000000000000000e+00 7.024956136622608760e-01 3.862869271113585912e-01 2.708968190143098420e-01
1.285467528537173054e+00 2.243122289813788972e-01 1.133707321845539351e+00 1.274244668447116924e+00 1.275988692450521711e+00 7.220880023683290405e-01 6.406173825486439766e-01 8.580126624787057787e-01 6.799028742883452825e-01 2.191375968180706291e-01 9.213535072586032104e-01 6.809726991821186681e-01 9.306556043291777103e-01 9.667870941227277859e-01 5.254252019071540269e-01 1.312764061575595109e+00 4.859660453359089805e-01 6.558498055147888861e-01 1.004111606272449775e+00 8.567595557052850586e-01 9.157524455095774618e-01 7.024956136622608760e-01 0.000000000000000000e+00 4.918782548879961913e-01 8.247522821980912688e-01
8.182100945679062765e-01 6.844199697288795292e-01 8.710021427185381526e-01 8.700263639400772631e-01 9.459124851230321651e-01 4.430903214876164009e-01 2.073292896751201542e-01 5.454197099439422880e-01 4.171976951613446394e-01 2.871079473650308134e-01 5.857824378105451757e-01 2.084675766539619002e-01 5.348046534229538018e-01 4.852150743338079497e-01 2.426000990747303465e-01 8.344025001633958993e-01 2.065955765902863506e-01 3.761856137655976706e-01 6.198628430978960768e-01 3.648813008172889227e-01 6.530472663825767077e-01 3.862869271113585912e-01 4.918782548879961913e-01 0.000000000000000000e+00 3.974873374932954562e-01
4.725742030454123110e-01 1.014187744356628507e+00 1.138276946462758454e+00 5.478945238574487453e-01 7.522529533462426476e-01 8.318935213256607453e-01 2.011917171514233382e-01 5.327320205498952133e-01 6.865707741062485603e-01 6.150131824108526768e-01 3.843113027007535876e-01 4.775836842758028888e-01 2.060370799498985050e-01 2.036713830112291124e-01 4.367253675285526215e-01 5.102669493688994917e-01 6.000471492252877903e-01 6.326724329093401655e-01 2.541275468949963368e-01 3.592772115585280424e-01 9.233573944041352233e-01 2.708968190143098420e-01 8.247522821980912688e-01 3.974873374932954562e-01 0.000000000000000000e+00
