0.000000000000000000e+00 3.117845439187340872e+01 2.103124414826983113e+01 2.051752788812929396e+01 1.678807145850691285e+01 1.516043483160540184e+01 1.514477153781019325e+01 1.220569350749115323e+01 2.160107424921192987e+01 1.210839849841713622e+01 1.115057203288199439e+01 2.294913595853149957e+01 2.104541441702211557e+01 2.624479415843365260e+01 1.446272166244926360e+01 8.794276421224410001e+00 1.909296629156545677e+01 2.407131244957940552e+01 1.185606692932056561e+01 7.873982012916653339e+00 1.367091494878228453e+01 2.406275918031219518e+01 7.286264190867617785e+00 7.083093304585401206e+00 2.844324495781735251e+01 2.194044300558681471e+01 2.501203567404321149e+01 1.517660813226046201e+01 1.799036244000633289e+01 6.369979741978518462e+00 2.487788155446176575e+01 1.914020035912861673e+01 6.452645870576303011e+00 1.138136853073079635e+01 2.044176709869041986e+01 1.469759368998584570e+01 2.617577431304849611e+01 1.702051886879123899e+01 1.690947446102472895e+01 1.972762881057592210e+01 1.538988298751509376e+01 1.923237282487339783e+01 2.432895484963392363e+01 2.026753016077897840e+01 1.909857396636125060e+01 1.251144235228015589e+01 1.063363835453155204e+01 1.588332836839397721e+01 1.650188066156245270e+01 2.870454905799820722e+01 2.846623419668346600e+01 1.230392402937783558e+01 2.272851377081656565e+01 4.503965225045906351e+00 4.771059685029598540e+00 1.450213904744972382e+01 1.514092669492716325e+01 2.152417256288239145e+01 1.380771229978571668e+01 7.500708933911226950e+00 4.773924556626774951e+00 2.628259610699819149e+01 1.032317341448970716e+01 2.470408921316083450e+01 2.802932408773318684e+01 1.065089512574662400e+01 1.819150006954163601e+01 8.453093221616660102e+00 2.162007065382394444e+01 1.076016242261658995e+01 1.961511071793612260e+01 1.648970353404451927e+01 2.467280007630105132e+01 8.438752075802076646e+00 1.675678703448036089e+01
3.117845439187340872e+01 0.000000000000000000e+00 3.029602140030208801e+01 2.033907916851327613e+01 1.615178187481584615e+01 2.064254563209966165e+01 1.799117593243770941e+01 3.136793031665710174e+01 1.210320870407332805e+01 3.051389457271683270e+01 2.767998128398939173e+01 1.255833151610963938e+01 1.117213230842436467e+01 1.076600562629725744e+01 2.118878614689708328e+01 2.294244446315519070e+01 2.106704797936528806e+01 8.169907615129973877e+00 2.219180533215775597e+01 3.381020732183205268e+01 2.456020474097422479e+01 1.779085301327831559e+01 2.478258056396364140e+01 3.351702977051962051e+01 6.896164481448110450e+00 1.427062666758866527e+01 6.875858895921847846e+00 1.627821551656951371e+01 1.354556255857470859e+01 2.638720568884281548e+01 6.300572837411645644e+00 1.498988540789322066e+01 2.770965665918215848e+01 2.378857933200143648e+01 1.271772810044884849e+01 2.716573286762619333e+01 5.649551596476550586e+00 1.738149679456912367e+01 2.926718194741704338e+01 1.187099329553529437e+01 2.211439186780606647e+01 2.641014554025087691e+01 9.361458909899781133e+00 1.300261798544768510e+01 1.621360809369152278e+01 1.919190948905046312e+01 2.108915205156754524e+01 2.358677900521989201e+01 1.974760645604106202e+01 5.182556611272808311e+00 4.760097446694735446e+00 2.093174644198455425e+01 1.508718681194919853e+01 2.901662068078185541e+01 3.481439755686754722e+01 1.771687927408037666e+01 2.449498847811274160e+01 1.175485557225445810e+01 1.785150312347816026e+01 2.596069328379730123e+01 2.694529231339999242e+01 1.104044884625968237e+01 2.633338717663058404e+01 1.058889506360803701e+01 4.137076000176304724e+00 2.505774992378847799e+01 1.871012294516422614e+01 3.131368361971917835e+01 1.039101162254548250e+01 2.712217900054657704e+01 1.875521411572323416e+01 1.496911656575587735e+01 8.317967650949912084e+00 3.035199593728386347e+01 2.374160102816677664e+01
2.103124414826983113e+01 3.029602140030208801e+01 0.000000000000000000e+00 3.353859357579781175e+01 1.610699003396014461e+01 2.606683058936555142e+01 1.920237566076517766e+01 1.275449080988268236e+01 3.302095640190452031e+01 1.156901104517244327e+01 2.286929843316197974e+01 2.113256548882976205e+01 2.645397629568184783e+01 2.798376187857352804e+01 9.898256102516352684e+00 1.767915392137492958e+01 2.782682284197447231e+01 2.320145619830644534e+01 2.744085060450895242e+01 1.920357739369501360e+01 8.708430817088181897e+00 2.896374646860871849e+01 1.425857291871373889e+01 1.810682254065362784e+01 3.367898597269898886e+01 3.394793932241263690e+01 2.460692913204916721e+01 2.029336382258392746e+01 2.741704144006125077e+01 2.267821026889525626e+01 3.302859160478794820e+01 1.535897680741756588e+01 1.515378134648307551e+01 1.968417483636761034e+01 2.176629767654990033e+01 6.820930194717147010e+00 2.818934314652800310e+01 3.077652541528313890e+01 5.435601404234819967e+00 2.193202419708507733e+01 2.838156579664299173e+01 5.314854677493618951e+00 2.093456249040231043e+01 2.001734317423504095e+01 2.410108901758956890e+01 1.470123954202506766e+01 2.282343897325482374e+01 2.469677412696409746e+01 1.082605616862763043e+01 2.943754256557316040e+01 2.572098022480432888e+01 1.320369452146901068e+01 2.962015949791339864e+01 1.707395349647359595e+01 2.044127777924894929e+01 2.273025649093113287e+01 2.726712611234716022e+01 1.900089074917395138e+01 2.680816560536190707e+01 1.884033820971180617e+01 1.905816207481235836e+01 3.205593290651866312e+01 2.451056962412375384e+01 3.672673238997138867e+01 3.367643847462355922e+01 1.100016903331797380e+01 3.324603079642599113e+01 1.568185561249105930e+01 2.983404823915473969e+01 1.102638063236229371e+01 2.909176156926272583e+01 1.698547510923152615e+01 3.565137703702646377e+01 1.414342105869529576e+01 8.041802957635979965e+00
2.051752788812929396e+01 2.033907916851327613e+01 3.353859357579781175e+01 0.000000000000000000e+00 2.511103351172998899e+01 1.472743152690640578e+01 1.470217123461200792e+01 2.815668088033974925e+01 1.194749814093222540e+01 2.741274074267222716e+01 1.174769209983097262e+01 2.049016877200325837e+01 1.988640865489537646e+01 1.072025049946854303e+01 2.398097293476721603e+01 1.813186968204115246e+01 8.916938757260430393e+00 2.613517911879117506e+01 8.790855266966122628e+00 2.693693338551706518e+01 2.709773377616117784e+01 8.614517128268630586e+00 2.016811804861092483e+01 2.568514053363291794e+01 1.358951674397970066e+01 6.623789187889547847e+00 1.739510059619391669e+01 1.957596843177887180e+01 1.370888777168207184e+01 1.501796768124919623e+01 1.802412778117816927e+01 2.177828103949049421e+01 2.240552387002843560e+01 1.578182438302888357e+01 1.382322317307123249e+01 2.838409102151521424e+01 2.379600609299786740e+01 7.143924585628686152e+00 3.180138220300770513e+01 2.326974766037544384e+01 5.679518646571326101e+00 3.108185649833786002e+01 2.134569579214943857e+01 1.900522858235327561e+01 9.682773978303846008e+00 1.949871022517152497e+01 1.346901137285201422e+01 1.241011541119679151e+01 2.608785773294112786e+01 1.585844528507142215e+01 2.217731408534146809e+01 2.294540397714655100e+01 6.237047578889365340e+00 2.115336574968599592e+01 2.490462631483770650e+01 1.503968125522422206e+01 9.215164868854794022e+00 2.519139846654999815e+01 1.015103526172692838e+01 1.540998151913225200e+01 1.850995170555063041e+01 9.428065884444826850e+00 1.105813997591970299e+01 1.112047291921910031e+01 1.775819441176852465e+01 2.423227209244619473e+01 4.150297950901331134e+00 2.560134476998409880e+01 1.674712993190892973e+01 2.569278051732196744e+01 5.185445375436106730e+00 1.722613203506342572e+01 1.482345911530136107e+01 2.512669273341825971e+01 2.743535696704533677e+01
1.678807145850691285e+01 1.615178187481584615e+01 1.610699003396014461e+01 2.511103351172998899e+01 0.000000000000000000e+00 1.496212140712289695e+01 1.466352966248238587e+01 1.529382395398708461e+01 2.110508296560850638e+01 2.037962848329895138e+01 2.155106854923707260e+01 1.175067584196630399e+01 1.091901172191555780e+01 2.028576342481182948e+01 1.010624568747418373e+01 8.645893959128336803e+00 2.279950830454133026e+01 8.122200962927205836e+00 1.674582601592335962e+01 1.796188879585439224e+01 8.835718905489502006e+00 2.251126634675128102e+01 1.709710508332806000e+01 2.365899891431360658e+01 2.242060090415180440e+01 2.513782956191596796e+01 1.400480986031384489e+01 6.733605416278105160e+00 1.466187051364064686e+01 1.567214465835992954e+01 1.709887909146210561e+01 6.423303327061040235e+00 1.166318105802075777e+01 1.889115806638816508e+01 1.519453005826884251e+01 1.578310087861474642e+01 1.227374549448086150e+01 1.943395912418685612e+01 1.397190652621989493e+01 5.917214505172466055e+00 2.170779311279780543e+01 1.230815521795241452e+01 8.643907361189679506e+00 1.331390825531590316e+01 1.847569526379281868e+01 1.229050322135276296e+01 1.192276326277842990e+01 2.199301219223125514e+01 5.705897998560012674e+00 1.834328850414949486e+01 1.197893304890583366e+01 4.779964567168704548e+00 2.314549712831291828e+01 2.118734106889991153e+01 1.965591010018675888e+01 1.065984340628030225e+01 2.320103890013112391e+01 4.858070570298362867e+00 1.546559931426562251e+01 1.934858891444738660e+01 1.227467646862567818e+01 2.430505019350649576e+01 1.796651962317923079e+01 2.498623471598764922e+01 1.882839709659254623e+01 1.541683259522275051e+01 2.269116982684045780e+01 1.535295817413138764e+01 1.515650357308583374e+01 1.105629461124319057e+01 2.391656759317750769e+01 1.097545233148810162e+01 2.100867991361785059e+01 2.129651251164040815e+01 1.073443258941869338e+01
1.516043483160540184e+01 2.064254563209966165e+01 2.606683058936555142e+01 1.472743152690640578e+01 1.496212140712289695e+01 0.000000000000000000e+00 2.403626630631178784e+01 2.009337900206312710e+01 1.197935224459011039e+01 2.530188169102313367e+01 1.522422987074616962e+01 2.656880125565138329e+01 1.148778647945657205e+01 2.167607779201457063e+01 2.284239016308128711e+01 9.105410778298836050e+00 1.819376877883799537e+01 1.907673628122211085e+01 7.881704747510486442e+00 2.058344303337432635e+01 1.735850626521115458e+01 2.095584062163172590e+01 1.894748985269028196e+01 2.198252749552761642e+01 1.888624324015422573e+01 1.461664708611896835e+01 2.698063746614822378e+01 9.053080257756919380e+00 7.197844406806088280e+00 1.053108465340610067e+01 1.434197279468801689e+01 2.087708760131499375e+01 1.512658424472693675e+01 1.944202489351784280e+01 2.602903602511459979e+01 2.685883488783197492e+01 1.663000806446498103e+01 9.001061802494859876e+00 2.260905275073070086e+01 1.369744583441853791e+01 1.291731327440064625e+01 2.277346275095782246e+01 2.254902064960387520e+01 2.785468309726035940e+01 2.174706773853434427e+01 2.174116230679009476e+01 4.963145201637962245e+00 1.779176234527072609e+01 1.784177671313812041e+01 2.317686581498504950e+01 2.327733273028727723e+01 1.320617646619652241e+01 1.806402084778708428e+01 1.812169748504457800e+01 1.943128513320388251e+01 5.011317318308113222e+00 1.578814369191737121e+01 1.831758855650718587e+01 4.681557344669181830e+00 1.480635827790167447e+01 1.176199727824348606e+01 1.874658159019718084e+01 1.127610246995343424e+01 1.548124497755119044e+01 1.780853113293249734e+01 2.281213632359276033e+01 1.205734853801969919e+01 1.832240514468259818e+01 1.082755262062369894e+01 1.716236908222228763e+01 1.667132245066781593e+01 2.525807546452971764e+01 1.482883726813914471e+01 2.250049390080344125e+01 2.193018383778039393e+01
1.514477153781019325e+01 1.799117593243770941e+01 1.920237566076517766e+01 1.470217123461200792e+01 1.466352966248238587e+01 2.403626630631178784e+01 0.000000000000000000e+00 2.403945285291182543e+01 2.179104843223698040e+01 1.553003361419089146e+01 1.127652016193336237e+01 1.113843934025541493e+01 2.527921748072254360e+01 1.116180670114997042e+01 9.644755019734578383e+00 2.021388003412288725e+01 8.722239593323235951e+00 1.705865125109421854e+01 1.745662826809349255e+01 2.271646805608551034e+01 1.635148980089057957e+01 1.068536994295850029e+01 9.103282107492285391e+00 1.746011484293571314e+01 1.789498167494435066e+01 1.519565679818183135e+01 1.124185468506926178e+01 2.094552528592960172e+01 2.575181339336113240e+01 1.355056971687399781e+01 2.429174876984935594e+01 8.535666709996514001e+00 2.097994634370983036e+01 5.995667926034105477e+00 5.918879597838025752e+00 1.414388793411488088e+01 2.114082262157127801e+01 1.918868142994126913e+01 1.973262498392841735e+01 1.987943145170332571e+01 1.268913566682963179e+01 1.683300315135673841e+01 1.218058558072821285e+01 7.787164735849136932e+00 5.502508162147661253e+00 5.000564505362478762e+00 1.987645815858540033e+01 7.398600039697813990e+00 1.186416288529482088e+01 1.452449865520637218e+01 1.506140650660444180e+01 1.593997330465896134e+01 1.146743714209440768e+01 1.278039987274175537e+01 1.852661327236097932e+01 2.416623906320721815e+01 9.873472736298154473e+00 1.441374645665389664e+01 2.167447492088412275e+01 9.327499145046154183e+00 1.674489655319310799e+01 1.512893805035451145e+01 1.448622833929482567e+01 1.924797836174206367e+01 2.041396101828498288e+01 1.080373775906935663e+01 1.527084482162226742e+01 2.338382434481101413e+01 2.791416800111964136e+01 2.032589649101609908e+01 1.011785363136825211e+01 4.183094142375189506e+00 2.303129211759697981e+01 1.496395910671184915e+01 1.311782917887429889e+01
1.220569350749115323e+01 3.136793031665710174e+01 1.275449080988268236e+01 2.815668088033974925e+01 1.529382395398708461e+01 2.009337900206312710e+01 2.403945285291182543e+01 0.000000000000000000e+00 2.754091632831525871e+01 2.146355791743744135e+01 2.172258949899035230e+01 2.299901719698271307e+01 2.291930733736036885e+01 3.177557059483378410e+01 1.530734360164488450e+01 1.098796822376428750e+01 2.861003400017351339e+01 2.341602491691429222e+01 1.973366861946495732e+01 7.838048622893700745e+00 7.818662993943897632e+00 3.301200528083593611e+01 1.949195769835876746e+01 1.609513812939169952e+01 3.449648958247333042e+01 2.879185369515462867e+01 2.618087508703625232e+01 1.648506309398164760e+01 2.214484225364915204e+01 1.598480865878900659e+01 2.909491035166852768e+01 1.725201239953478094e+01 6.144991273845890056e+00 2.270395411793894525e+01 2.569526899235349404e+01 1.574803437390848515e+01 2.699437815202751523e+01 2.361844508318501568e+01 7.401890996966707270e+00 2.019880945425375529e+01 2.395219471849682691e+01 1.151622803129229844e+01 2.218774487827555220e+01 2.381464718940055647e+01 2.870401814536775476e+01 2.024262056440151269e+01 1.582238143577355949e+01 2.656820672908753878e+01 1.250126997519564220e+01 3.101667209377306378e+01 2.697416261267757775e+01 1.051385938681838184e+01 3.122410136110583068e+01 1.592230955859947805e+01 1.175615285848259184e+01 1.788338262758154329e+01 2.516910862296223783e+01 1.963537566603126550e+01 1.990682243141232632e+01 1.842471941244078337e+01 1.064556933798108496e+01 3.310963784394851928e+01 1.967862603961293644e+01 3.111915376196768079e+01 3.286816729176325680e+01 1.913292496524958963e+01 2.573681719545022162e+01 4.475855500055336833e+00 2.523909777728221471e+01 4.374829876116240968e+00 2.817273362867189945e+01 2.121803955666991470e+01 3.020922654196773749e+01 1.807332926756189195e+01 1.193893647014191473e+01
2.160107424921192987e+01 1.210320870407332805e+01 3.302095640190452031e+01 1.194749814093222540e+01 2.110508296560850638e+01 1.197935224459011039e+01 2.179104843223698040e+01 2.754091632831525871e+01 0.000000000000000000e+00 3.111836001427810316e+01 1.775867518091768460e+01 2.296609056855273678e+01 1.078393420772427547e+01 1.298149449322970739e+01 2.972975550975221637e+01 1.655294810455097476e+01 1.650790259839113361e+01 1.771056893726557746e+01 1.066283094242561447e+01 2.750245481550893700e+01 2.446950306768537686e+01 1.540154454049936383e+01 2.450006042439717291e+01 2.822357305466158195e+01 7.094902386992310461e+00 6.633538535868385821e+00 1.636931654422392768e+01 1.437147754933040034e+01 6.443212451967860410e+00 1.644509910680762488e+01 6.273447830690209059e+00 2.568910758029368324e+01 2.220059660171227023e+01 2.317762316031597081e+01 1.893210246428180810e+01 3.247690685013735390e+01 1.205418995911410285e+01 5.530579131144910399e+00 2.978654797483221017e+01 1.618372023674348981e+01 1.289113586926688093e+01 2.972758856349679490e+01 2.124532945748809709e+01 2.267418186864522767e+01 1.664636279633767302e+01 2.654456019861892813e+01 1.294527839393402324e+01 1.930328648654771584e+01 2.472914205980905678e+01 1.164508351453741142e+01 1.670785684881251498e+01 2.009354181286746410e+01 1.129176597138296678e+01 2.421197294436726821e+01 2.590298155114606971e+01 1.082925019947253453e+01 1.717042177516692547e+01 2.160779378322042632e+01 8.212999620686057156e+00 2.021667305997044650e+01 1.847382517947562164e+01 8.913873637094058111e+00 1.529837281663565030e+01 4.243217652982167465e+00 8.096372491308224895e+00 2.843020828589811799e+01 8.173878174850546685e+00 2.539641750166793344e+01 6.456649489675593934e+00 2.460990640847441568e+01 1.311679398811285679e+01 2.363339938023344544e+01 3.843646880715286152e+00 2.859692359152400343e+01 2.881754918445131963e+01
1.210839849841713622e+01 3.051389457271683270e+01 1.156901104517244327e+01 2.741274074267222716e+01 2.037962848329895138e+01 2.530188169102313367e+01 1.553003361419089146e+01 2.146355791743744135e+01 3.111836001427810316e+01 0.000000000000000000e+00 1.625535587898800927e+01 2.152285407666987993e+01 3.129864020521451096e+01 2.637406421159830217e+01 1.047716561564699767e+01 2.049110133618737706e+01 2.254113138519933912e+01 2.610067730545840092e+01 2.107818925761879214e+01 1.545457715094037532e+01 1.651355051225376869e+01 2.585685326038376530e+01 7.524412536384944339e+00 7.812151745476997533e+00 3.239769213788034818e+01 2.983070628858353857e+01 2.414817608200744559e+01 2.631130175230827817e+01 2.801767017364063150e+01 1.487197076094771120e+01 3.485742988904822681e+01 1.675820119784793860e+01 1.821821126726609563e+01 1.437640118661000699e+01 2.017404986914922560e+01 5.857064216998010053e+00 3.153149352166598973e+01 2.637716767835584619e+01 1.570640348999031488e+01 2.595543951289299045e+01 2.175446811930084223e+01 1.244740132392078991e+01 2.238662769584138701e+01 1.923298766186294273e+01 2.053270499285380524e+01 1.141661203401927693e+01 2.113331534796579092e+01 1.938900047720648345e+01 1.541574711331868208e+01 2.820644748622651576e+01 2.698895135221582109e+01 1.990959055922928300e+01 2.685485757680169883e+01 7.669648990450744996e+00 1.084772460418139595e+01 2.536435700629743550e+01 2.065318355817319329e+01 2.200822896229612269e+01 2.369791428030702107e+01 1.217424571093589947e+01 1.661991814148125002e+01 3.036283000469819982e+01 1.707234485289037451e+01 3.395849694902201321e+01 3.332028241522316847e+01 5.583885072614490852e+00 2.617455275912839241e+01 1.771156240547123062e+01 3.194723390033946231e+01 1.926400988399702996e+01 2.444499394464910580e+01 1.558252689031691318e+01 3.441870255010182689e+01 3.819551072604425279e+00 1.170935604949686137e+01
1.115057203288199439e+01 2.767998128398939173e+01 2.286929843316197974e+01 1.174769209983097262e+01 2.155106854923707260e+01 1.522422987074616962e+01 1.127652016193336237e+01 2.172258949899035230e+01 1.775867518091768460e+01 1.625535587898800927e+01 0.000000000000000000e+00 2.114652664197947729e+01 2.237577189738963312e+01 1.758855821294444155e+01 1.419328918188757882e+01 1.315904055061008648e+01 8.409251393296951704e+00 2.688941277450959078e+01 7.932080253499914413e+00 1.842174505581808219e+01 2.140463547436667113e+01 1.500893456519160729e+01 8.989167722751931322e+00 1.514950569491436383e+01 2.129716806907251581e+01 1.522163060778036758e+01 2.152452271729969624e+01 1.859452229750788987e+01 1.692032040062165521e+01 6.367183007330286415e+00 2.358248641182827754e+01 1.780703392983941669e+01 1.570616139393360022e+01 5.990648776426175992e+00 1.594305587682414149e+01 1.720514069565622961e+01 2.738620207201137902e+01 1.258059517305783714e+01 2.503761656723882467e+01 2.375773095297578053e+01 6.087356014827343564e+00 2.102633584574687831e+01 2.252634553308190490e+01 1.845482646083873135e+01 1.177187394200243808e+01 1.085501693224569131e+01 1.151867372238709208e+01 4.937047881860269882e+00 1.836514047822652884e+01 2.296869389268235295e+01 2.589300981244848998e+01 1.741260405630949037e+01 1.299394067109385986e+01 1.048408961025694097e+01 1.522421599244300161e+01 1.591644310034175192e+01 4.397827679185192018e+00 2.368511367649680466e+01 1.216922346125829968e+01 4.466954819185493086e+00 1.109683647198656864e+01 1.687939349880929285e+01 4.243450788673493790e+00 1.930032700699508297e+01 2.542213883114300188e+01 1.305332176658721188e+01 1.109206451863754417e+01 1.821356392114074652e+01 2.087395830665272456e+01 1.961681534858260534e+01 9.511410043022731742e+00 1.467213133938146896e+01 2.119605366543691360e+01 1.398472708261519060e+01 1.800442233858708363e+01
2.294913595853149957e+01 1.255833151610963938e+01 2.113256548882976205e+01 2.049016877200325837e+01 1.175067584196630399e+01 2.656880125565138329e+01 1.113843934025541493e+01 2.299901719698271307e+01 2.296609056855273678e+01 2.152285407666987993e+01 2.114652664197947729e+01 0.000000000000000000e+00 1.879600269155880454e+01 1.200644775837939093e+01 1.196546063261160953e+01 1.886546812757434566e+01 1.728750498481479170e+01 1.025359260565955033e+01 2.613793596255212037e+01 2.769524801074886966e+01 1.543058615063835504e+01 1.473256675346708278e+01 1.616726308818009272e+01 2.487089677413063171e+01 1.593850072548327823e+01 1.896749215303639602e+01 6.596774024328804664e+00 1.758809046257620778e+01 2.478552699443093132e+01 2.160282028416656175e+01 1.885890435352128947e+01 6.137933146016210983e+00 2.131675544740217276e+01 1.592298735102811946e+01 7.184975651621883230e+00 1.792927660186080985e+01 1.449745308161812396e+01 2.459360309653289889e+01 2.011838733109199495e+01 1.363802215708982857e+01 2.127467325879993965e+01 1.724668962877855094e+01 5.160755999475916234e+00 5.014318712119110621e+00 1.212122402745401395e+01 1.059550538748340820e+01 2.343381422809968129e+01 1.795729989402627425e+01 1.089565419416404701e+01 1.143257103106561878e+01 8.767098003749174140e+00 1.458896083273026001e+01 1.493950735377578809e+01 2.050693653951294948e+01 2.630471341559866261e+01 2.172150892393973365e+01 2.023506771368192503e+01 8.270483615337973049e+00 2.670355149969920916e+01 1.746646272978007275e+01 2.237948987222685915e+01 1.602573452707405366e+01 2.321515798679411446e+01 1.956315026054183903e+01 1.576888035754452488e+01 1.594263717721375961e+01 2.067576648821389185e+01 2.432808091263773065e+01 2.181924621545855913e+01 1.902955863823919813e+01 1.725333325147837016e+01 6.955345197880221875e+00 1.956098108382855827e+01 2.160258573883434607e+01 1.456042213095563831e+01
2.104541441702211557e+01 1.117213230842436467e+01 2.645397629568184783e+01 1.988640865489537646e+01 1.091901172191555780e+01 1.148778647945657205e+01 2.527921748072254360e+01 2.291930733736036885e+01 1.078393420772427547e+01 3.129864020521451096e+01 2.237577189738963312e+01 1.879600269155880454e+01 0.000000000000000000e+00 2.093868104020109655e+01 2.102525740938973797e+01 1.273829067230408896e+01 2.469213556165422929e+01 8.555989124040818794e+00 1.459512152253920192e+01 2.426776263863157368e+01 1.868448520291485337e+01 2.565617228141141837e+01 2.582669965860979389e+01 2.801705622088168823e+01 1.429821956526489757e+01 1.705392360418100139e+01 1.634990668561653138e+01 6.508093471247082817e+00 6.465773899066607378e+00 1.741029445932560549e+01 6.801292420578290532e+00 1.697091572532340109e+01 1.827039862130467895e+01 2.632999289476831706e+01 2.132442702907889043e+01 2.654489185841856624e+01 5.767314211082011255e+00 1.289876071183360118e+01 2.423124357074127744e+01 5.399786029019216116e+00 1.947809063864953316e+01 2.276189265140248352e+01 1.364882573022445200e+01 2.041321438640751751e+01 2.616898515426600369e+01 2.309228210373071732e+01 1.115724640645453114e+01 2.458769100984130773e+01 1.632355678281820843e+01 1.597257017274062463e+01 1.188532626701502615e+01 1.378968407069671898e+01 2.200145097216613266e+01 2.458849159394969774e+01 2.513126039656098243e+01 6.757995244355045728e+00 2.258407235648795108e+01 1.154958106537950435e+01 1.037799131160694444e+01 2.169432627915214695e+01 1.654287636566139241e+01 1.831212060618302573e+01 1.853971514287390931e+01 1.434453112149425280e+01 9.948859954402886174e+00 2.633584431713830654e+01 1.692480210718995437e+01 2.181948694286564816e+01 4.327284718048679757e+00 1.979798312591974252e+01 2.210435382143180760e+01 2.152306472975046603e+01 1.029248762084426794e+01 2.889988419292256339e+01 2.121140849552242003e+01
2.624479415843365260e+01 1.076600562629725744e+01 2.798376187857352804e+01 1.072025049946854303e+01 2.028576342481182948e+01 2.167607779201457063e+01 1.116180670114997042e+01 3.177557059483378410e+01 1.298149449322970739e+01 2.637406421159830217e+01 1.758855821294444155e+01 1.200644775837939093e+01 2.093868104020109655e+01 0.000000000000000000e+00 1.825079432917081235e+01 2.581561273050990124e+01 1.132138762469643112e+01 1.594357728888532755e+01 1.666453694445001332e+01 3.380989237607226272e+01 2.420984253388698804e+01 7.329269149347654277e+00 2.020330472811573941e+01 2.856013746355916538e+01 7.182706760703925220e+00 7.062856725021360305e+00 7.023422930763044469e+00 2.583954550483459300e+01 1.817473638707127748e+01 2.151811406771966162e+01 1.478945238614184987e+01 1.491448654386728379e+01 2.998053099306670788e+01 1.582819431242233321e+01 6.436709766846973935e+00 2.397525706356859487e+01 1.615536820162531484e+01 1.293034751458259812e+01 2.774063984279172601e+01 2.104557094201733491e+01 1.202302960641042695e+01 2.486894214047829266e+01 1.227958176758298592e+01 1.076285066100116516e+01 7.393441682877797128e+00 1.507358375388206539e+01 2.115275442132076478e+01 1.475346632028103677e+01 1.967220759201512692e+01 5.716749341824295172e+00 1.159482557775066169e+01 2.326776802907255615e+01 4.703263268395065033e+00 2.388042249336520939e+01 2.962663589298443156e+01 2.171370352930540548e+01 1.440356540706777899e+01 1.639092627813536751e+01 1.700596343643452002e+01 2.005016631891949075e+01 2.574988202091676825e+01 4.258424209743597366e+00 1.741295734515025373e+01 9.120478154477211774e+00 1.098982108579821393e+01 2.108508818595102241e+01 1.026943539172665432e+01 3.291594480464108585e+01 1.845557120365223369e+01 2.780611203609026916e+01 8.663791044678273323e+00 1.122823165062341566e+01 1.216002529267081478e+01 2.606398172733529961e+01 2.127830335432656739e+01
1.446272166244926360e+01 2.118878614689708328e+01 9.898256102516352684e+00 2.398097293476721603e+01 1.010624568747418373e+01 2.284239016308128711e+01 9.644755019734578383e+00 1.530734360164488450e+01 2.972975550975221637e+01 1.047716561564699767e+01 1.419328918188757882e+01 1.196546063261160953e+01 2.102525740938973797e+01 1.825079432917081235e+01 0.000000000000000000e+00 1.445471349509066528e+01 1.830705360925283642e+01 1.570476844014427620e+01 2.025312462386406764e+01 2.059721100248805925e+01 7.806484926785992151e+00 1.923077891920600635e+01 7.310785548200274597e+00 1.535745112594678474e+01 2.394601842329626962e+01 2.439031868138204828e+01 1.539863864541469063e+01 1.603792488996375099e+01 2.383680704654445393e+01 1.433096157601191578e+01 2.670336331204177682e+01 6.412995795744997451e+00 1.445036158751815414e+01 1.089187499382500768e+01 1.203333012714718819e+01 6.261977137829347839e+00 2.116998631091351868e+01 2.555210304460111459e+01 1.084432738535124763e+01 1.567031464981546129e+01 1.975920359801588688e+01 7.654732043134496067e+00 1.204142229373843342e+01 1.035504635623571090e+01 1.448052006980274342e+01 5.219302980437504402e+00 1.959899854697056298e+01 1.590447428442148947e+01 5.142370250974154899e+00 1.970457501617044827e+01 1.681365874146968409e+01 9.636213696884754043e+00 1.988719194851068295e+01 1.184431220627090831e+01 1.761293883496930590e+01 1.910631360183440464e+01 1.859111686107277350e+01 1.167889213756413547e+01 2.318545497804303324e+01 1.026859305255559462e+01 1.613982859959633842e+01 2.232296535711595808e+01 1.600701064475269675e+01 2.699376484056867653e+01 2.451623639760813944e+01 5.468249002039174300e+00 2.446550670482245593e+01 1.723004390437690603e+01 2.515942754277179105e+01 1.178089161691151432e+01 1.953414092823212656e+01 7.252507559828815786e+00 2.798138779910862439e+01 1.139404964398845088e+01 3.817464503063132231e+00
8.794276421224410001e+00 2.294244446315519070e+01 1.767915392137492958e+01 1.813186968204115246e+01 8.645893959128336803e+00 9.105410778298836050e+00 2.021388003412288725e+01 1.098796822376428750e+01 1.655294810455097476e+01 2.049110133618737706e+01 1.315904055061008648e+01 1.886546812757434566e+01 1.273829067230408896e+01 2.581561273050990124e+01 1.445471349509066528e+01 0.000000000000000000e+00 1.881253805251904510e+01 1.574102789977794536e+01 9.766662186234539078e+00 1.152947196632748650e+01 8.970829597220539853e+00 2.358187368763858771e+01 1.466068571000575638e+01 1.567197271924113799e+01 2.350852135870903581e+01 1.875618202461429718e+01 2.177301288209659447e+01 6.664228946585678770e+00 1.115687402988486809e+01 7.026250699231589181e+00 1.821700287812240049e+01 1.311846333012640820e+01 6.025154843097351609e+00 1.567663834508089771e+01 2.189260467569828350e+01 1.957139408446426998e+01 1.766339512737371109e+01 1.358277341264468774e+01 1.384717045757928311e+01 1.121524962490113886e+01 1.415469877084236749e+01 1.438578608296719707e+01 1.658357688601400781e+01 2.001198287274534948e+01 2.340257528324203307e+01 1.698979108535445448e+01 5.214454247121611097e+00 1.731143025980243522e+01 9.454100045147503906e+00 2.656337776383372073e+01 2.045739176372675061e+01 4.818499798205911233e+00 2.142394597561543534e+01 1.282145234573663295e+01 1.243989378389578171e+01 6.909432780391314921e+00 1.537161267530778019e+01 1.338199506350381540e+01 9.852753822110738469e+00 1.102272326054461260e+01 4.284745085794430253e+00 2.307396617340819134e+01 9.881130091958482353e+00 2.035996059200672903e+01 2.196872794001188822e+01 1.842080766371985590e+01 1.571200599715164969e+01 9.220975743053008600e+00 1.426514793009198634e+01 8.056958303923440923e+00 1.837523768101744182e+01 1.741537524001470771e+01 1.922125831820345354e+01 1.700024621877675912e+01 1.354250716978976854e+01
1.909296629156545677e+01 2.106704797936528806e+01 2.782682284197447231e+01 8.916938757260430393e+00 2.279950830454133026e+01 1.819376877883799537e+01 8.722239593323235951e+00 2.861003400017351339e+01 1.650790259839113361e+01 2.254113138519933912e+01 8.409251393296951704e+00 1.728750498481479170e+01 2.469213556165422929e+01 1.132138762469643112e+01 1.830705360925283642e+01 1.881253805251904510e+01 0.000000000000000000e+00 2.310195499925033857e+01 1.051849689376293462e+01 2.636413931450154990e+01 2.497700930174642409e+01 7.401064941035795819e+00 1.536189778935486849e+01 2.298895982800459237e+01 1.576147470918488480e+01 9.916535644359885993e+00 1.505357961350622809e+01 2.260263740839892677e+01 1.851785955144335460e+01 1.354582788111852132e+01 2.222431753276247690e+01 1.637620497748028470e+01 2.277279678585261991e+01 8.844120970340304311e+00 1.020868847702487159e+01 2.233370973275184568e+01 2.615343416549404054e+01 1.234995885208258137e+01 2.835814448478424410e+01 2.694575932975146060e+01 5.517711008379469817e+00 2.545852265221257937e+01 1.822388932888433288e+01 1.435478483056704491e+01 5.264039176281806398e+00 1.342990496536618394e+01 1.515125215678416914e+01 6.831491415910959653e+00 2.048968238615066895e+01 1.651542899182837587e+01 1.974002827046986042e+01 2.362607234762444364e+01 7.363187643703637875e+00 1.830924485781063638e+01 2.316661025112646755e+01 1.946067918785391981e+01 4.712252666703228066e+00 2.180252929749662627e+01 1.465963056106583196e+01 1.268273736381197736e+01 1.854214781370268739e+01 1.131491526260291458e+01 9.456563808746782485e+00 1.417137751456397510e+01 2.011849579528076148e+01 1.853717048111219157e+01 9.827630968124486444e+00 2.570821059742700143e+01 2.174028863867636829e+01 2.623060146224572264e+01 3.938305351104663288e+00 1.182405597305322509e+01 1.831451671060672837e+01 2.109350604000911389e+01 2.178012776839255693e+01
2.407131244957940552e+01 8.169907615129973877e+00 2.320145619830644534e+01 2.613517911879117506e+01 8.122200962927205836e+00 1.907673628122211085e+01 1.705865125109421854e+01 2.341602491691429222e+01 1.771056893726557746e+01 2.610067730545840092e+01 2.688941277450959078e+01 1.025359260565955033e+01 8.555989124040818794e+00 1.594357728888532755e+01 1.570476844014427620e+01 1.574102789977794536e+01 2.310195499925033857e+01 0.000000000000000000e+00 2.237222599325021477e+01 2.582048587850241006e+01 1.691217798411932804e+01 2.041734601334866639e+01 2.137142855417216580e+01 2.989625411882275685e+01 1.488363619683244110e+01 2.216987015279680051e+01 8.920154358122283966e+00 1.095831665784295872e+01 1.476034514163806932e+01 2.276727859900952566e+01 1.143712110657537018e+01 9.549150906729682475e+00 1.968636904153011713e+01 2.215926483462361318e+01 1.293344400035067387e+01 2.194336316619385840e+01 5.722534507887343302e+00 2.135526655210872349e+01 2.179798656866192275e+01 5.379290446803580039e+00 2.699773057280920696e+01 1.931558033825524490e+01 5.092836606183632320e+00 1.190204447642809882e+01 1.791765582044967431e+01 1.614863447889611336e+01 1.841579644977835173e+01 2.377564406236292527e+01 1.240098686336698997e+01 1.165839178632485051e+01 4.856955018620953801e+00 1.290216553009591216e+01 1.996434075634040184e+01 2.588294048845186879e+01 2.734506248075349433e+01 1.411414230613129206e+01 2.605098372034741416e+01 4.353439222554246868e+00 1.818463699065347683e+01 2.319180114778834323e+01 1.955791745969816731e+01 1.862286758294088074e+01 2.501630436100246513e+01 1.798055444539764380e+01 1.118698557383922854e+01 2.066641394653957065e+01 2.529040181508825214e+01 2.329039600206713700e+01 1.242770514791380343e+01 1.917849557417039819e+01 2.297639056548764458e+01 1.324574638052192377e+01 1.420839123100721757e+01 2.649584506113492566e+01 1.702401871264375544e+01
1.185606692932056561e+01 2.219180533215775597e+01 2.744085060450895242e+01 8.790855266966122628e+00 1.674582601592335962e+01 7.881704747510486442e+00 1.745662826809349255e+01 1.973366861946495732e+01 1.066283094242561447e+01 2.107818925761879214e+01 7.932080253499914413e+00 2.613793596255212037e+01 1.459512152253920192e+01 1.666453694445001332e+01 2.025312462386406764e+01 9.766662186234539078e+00 1.051849689376293462e+01 2.237222599325021477e+01 0.000000000000000000e+00 1.827014860349836667e+01 1.873252628035456269e+01 1.433031721379407486e+01 1.443876983631847821e+01 1.839155865655437694e+01 1.723817025262589553e+01 1.008437607626623667e+01 2.329410025569915277e+01 1.255518912866015491e+01 9.134140922341629221e+00 6.555761625679197735e+00 1.589123249474610589e+01 2.235606873024980246e+01 1.398251160915364188e+01 1.392272902992608863e+01 1.907999784993550918e+01 2.241561626205865210e+01 1.960002259373136013e+01 5.482082629350279568e+00 2.343617470720109353e+01 1.740821704253148994e+01 5.323947271410125914e+00 2.414748276610122346e+01 2.518884384613580707e+01 2.393474356568421157e+01 1.461486492463456344e+01 1.717762876520445303e+01 5.103803877045393733e+00 1.005802822839567412e+01 1.921579672828152852e+01 2.135103690542093346e+01 2.584721766346250860e+01 1.458019648133993940e+01 1.213604723839460320e+01 1.437353665237381506e+01 1.624316535602897815e+01 9.165912427506929916e+00 8.054409575042315694e+00 2.160389658622171538e+01 4.383043982978275466e+00 1.015538247189174825e+01 9.931804456683297033e+00 1.442652917767761878e+01 4.716426347460876300e+00 1.312225406460562027e+01 1.846358344158212716e+01 1.836891769781943040e+01 6.407659745404466811e+00 1.709786724040761285e+01 1.308777882837270212e+01 1.726976825644717906e+01 9.408721580334553636e+00 2.088364009634607754e+01 1.432587358818148005e+01 1.867269493874733755e+01 2.330420385292379493e+01
7.873982012916653339e+00 3.381020732183205268e+01 1.920357739369501360e+01 2.693693338551706518e+01 1.796188879585439224e+01 2.058344303337432635e+01 2.271646805608551034e+01 7.838048622893700745e+00 2.750245481550893700e+01 1.545457715094037532e+01 1.842174505581808219e+01 2.769524801074886966e+01 2.426776263863157368e+01 3.380989237607226272e+01 2.059721100248805925e+01 1.152947196632748650e+01 2.636413931450154990e+01 2.582048587850241006e+01 1.827014860349836667e+01 0.000000000000000000e+00 1.299269985755853618e+01 3.142061332181178557e+01 1.483363930952330456e+01 8.848234912701483879e+00 3.434462552411437031e+01 2.823407754126783331e+01 3.069558730736840957e+01 1.795861960804469959e+01 2.263490628496036550e+01 1.327492230473117019e+01 2.974647484444988166e+01 2.194824321330093397e+01 6.663824642942266507e+00 1.900659221047959946e+01 2.801346361696572984e+01 1.837317384814258148e+01 2.895778578883273369e+01 2.309685059036813115e+01 1.443110606656239803e+01 2.236449586880279483e+01 2.199343840501556002e+01 1.749387675918461227e+01 2.575722282539054220e+01 2.783922667905428483e+01 2.671401573800682883e+01 2.008313887055546232e+01 1.602061927605904401e+01 2.315450139133008278e+01 1.719750078896179701e+01 3.553138431410523168e+01 2.989277452421369574e+01 1.318192422868568414e+01 2.926534504762456379e+01 1.026818727775724582e+01 4.897365475963759707e+00 1.838863343259059846e+01 2.241209971786324928e+01 2.264310994545264677e+01 1.951874272204343796e+01 1.498181966623961436e+01 9.028629636033317141e+00 3.256992183289658271e+01 1.737341482289940586e+01 3.066782591350017384e+01 3.344676019508738563e+01 1.686201138258497423e+01 2.461090556692941433e+01 4.041773619435575782e+00 2.578267106260881647e+01 9.312351225418661116e+00 2.621397731519063967e+01 2.406140005231982570e+01 3.051044935959959759e+01 1.176679616920496230e+01 1.791658519803422678e+01
1.367091494878228453e+01 2.456020474097422479e+01 8.708430817088181897e+00 2.709773377616117784e+01 8.835718905489502006e+00 1.735850626521115458e+01 1.635148980089057957e+01 7.818662993943897632e+00 2.446950306768537686e+01 1.651355051225376869e+01 2.140463547436667113e+01 1.543058615063835504e+01 1.868448520291485337e+01 2.420984253388698804e+01 7.806484926785992151e+00 8.970829597220539853e+00 2.497700930174642409e+01 1.691217798411932804e+01 1.873252628035456269e+01 1.299269985755853618e+01 0.000000000000000000e+00 2.532404222881468669e+01 1.459799601865981700e+01 1.981975613368691924e+01 2.828304344207578325e+01 2.772204611873432256e+01 1.889011036915076147e+01 1.245452903168094672e+01 1.888144107265770444e+01 1.551027373681436572e+01 2.523662226378344187e+01 9.656997469226158870e+00 7.249382427206078283e+00 1.865442133817366610e+01 1.800730594033224818e+01 1.079802696872481604e+01 2.088622245279566769e+01 2.210035961585191444e+01 5.682434894333726838e+00 1.434246057219852055e+01 2.312056286496239110e+01 5.561457876091110641e+00 1.519874583107444366e+01 1.612668413737930706e+01 2.101605509334650534e+01 1.258280778338015793e+01 1.411511464910043756e+01 2.359142361691633027e+01 4.879715885934643005e+00 2.372590737588757293e+01 1.998516356547646566e+01 4.965817406856465333e+00 2.595827301037632395e+01 1.810570108410598777e+01 1.560722837448071232e+01 1.431937947077175721e+01 2.433747676942780558e+01 1.309338476810203922e+01 1.813199980593068261e+01 1.807507797934158589e+01 1.034983775065796330e+01 2.828201356183213733e+01 1.884699418607850774e+01 2.836598181740420799e+01 2.749057914835094607e+01 1.251440192406992225e+01 2.467787009127166442e+01 9.551102492385291853e+00 2.163759215077928744e+01 3.974406690125519503e+00 2.620409662072571066e+01 1.353007650464866884e+01 2.711577666962292099e+01 1.797786172340897437e+01 5.351621645570665109e+00
