0.000000000000000000e+00 1.854549201022813509e+00 1.218620216473383033e+00 1.540100403485297642e+00 1.031858212680415443e+00 8.847942471444396606e-01 1.157641326576729357e+00 1.546174148043792940e+00 7.770704897779378006e-01 7.866680270995450863e-01 6.981324386023347595e-01 1.437277202889034822e+00 1.373502468453429604e+00 8.716875003612163386e-01 5.199067418920991779e-01 9.888808305133045540e-01 5.579706745822902159e-01 4.964583294231487143e-01 6.824741376273891769e-01 1.368576385376746529e+00 1.270713375817729585e+00 1.156659937248019743e+00 7.414910585567158208e-01 8.357626537817388623e-01 1.563668439180499581e+00
1.854549201022813509e+00 0.000000000000000000e+00 1.406251045048617643e+00 1.023740714819658226e+00 9.838665686805786459e-01 1.574631721838518628e+00 1.424970876212446891e+00 9.821626578708528843e-01 2.045509516448429821e+00 1.603869016415695681e+00 1.819161960488538288e+00 6.065486966169019167e-01 5.919826720130113573e-01 1.192736487704689541e+00 1.558241846880660253e+00 9.380735585875672466e-01 1.458852528868641807e+00 1.758297255309668961e+00 1.251752250861433380e+00 6.816705581660972291e-01 6.838288085596183619e-01 8.931553183693196063e-01 1.406167826679087129e+00 1.448316678749554720e+00 3.173267231398749222e-01
1.218620216473383033e+00 1.406251045048617643e+00 0.000000000000000000e+00 1.073020667319911858e+00 9.809165910981935133e-01 8.985337891528532017e-01 8.663168770150529996e-01 1.120094247067608961e+00 1.369411583762765394e+00 9.777286975008211423e-01 1.143064027802872973e+00 9.405326181536521890e-01 1.031780697272011382e+00 5.205248082853578540e-01 9.649355947071559525e-01 6.008815608424430410e-01 8.187905696471585726e-01 1.082199322624003868e+00 6.874478984910940005e-01 1.176314542718096545e+00 8.072527357640576495e-01 7.504917694974726494e-01 7.300698939934213705e-01 8.055207655763836350e-01 1.115370283206303936e+00
1.540100403485297642e+00 1.023740714819658226e+00 1.073020667319911858e+00 0.000000000000000000e+00 1.035857291179600015e+00 1.253930748769550130e+00 1.120488477119773840e+00 8.020255364509527585e-01 1.724808543379462211e+00 1.289760601774195603e+00 1.498460987419570456e+00 6.136001668666584141e-01 7.375811991271130630e-01 8.729845302550350850e-01 1.320332554323852214e+00 6.407592479157075971e-01 1.144403731331124607e+00 1.437596282240700019e+00 9.976728120832752955e-01 9.744522409584807088e-01 3.525281440775960284e-01 7.716655302353315760e-01 1.085466853610117965e+00 1.167605154750009033e+00 7.280614395707210029e-01
1.031858212680415443e+00 9.838665686805786459e-01 9.809165910981935133e-01 1.035857291179600015e+00 0.000000000000000000e+00 8.683042655166567370e-01 8.022635741727773828e-01 9.166507361493504424e-01 1.262784910638982350e+00 7.554984210076767237e-01 1.118702940818225411e+00 6.204424966677694053e-01 5.361580513245765012e-01 5.132613695660735997e-01 6.024932488637436689e-01 4.511573266297721485e-01 7.263031468651333089e-01 9.832727122746035553e-01 3.657337512303951432e-01 3.695864923409978298e-01 7.540746911857745260e-01 3.622962375169000437e-01 7.146844727871087821e-01 5.528257474323087228e-01 7.024257528494445291e-01
8.847942471444396606e-01 1.574631721838518628e+00 8.985337891528532017e-01 1.253930748769550130e+00 8.683042655166567370e-01 0.000000000000000000e+00 9.140683407173865183e-01 1.270647085920637798e+00 1.020092430153792140e+00 7.863074415677901996e-01 7.932344496025686142e-01 1.101380428563906166e+00 1.164583947552940923e+00 5.357907260360884605e-01 5.118524771959871433e-01 7.204406179807992805e-01 5.258797769197908201e-01 7.259804789571198125e-01 5.379078097973839512e-01 1.137337989650881065e+00 9.845437211019822943e-01 8.207631629228914205e-01 3.326390815303295612e-01 3.176058419108565567e-01 1.283750959996205587e+00
1.157641326576729357e+00 1.424970876212446891e+00 8.663168770150529996e-01 1.120488477119773840e+00 8.022635741727773828e-01 9.140683407173865183e-01 0.000000000000000000e+00 1.085332486817523812e+00 1.384946135327298045e+00 8.960687027204002897e-01 1.158598579367405179e+00 1.052407963051872342e+00 9.484930420892638825e-01 6.604684109622761534e-01 9.768529319724414961e-01 5.066141867663597198e-01 7.951160757912932864e-01 1.097733874188536296e+00 5.885012242879328337e-01 1.149777682795295020e+00 8.474251042550382529e-01 9.299972853211749824e-01 7.456044455579545760e-01 8.301152839624009738e-01 1.134090114370133628e+00
1.546174148043792940e+00 9.821626578708528843e-01 1.120094247067608961e+00 8.020255364509527585e-01 9.166507361493504424e-01 1.270647085920637798e+00 1.085332486817523812e+00 0.000000000000000000e+00 1.741524880530548547e+00 1.285379151840291723e+00 1.515177324570657014e+00 7.847868871164276339e-01 5.400350759482468455e-01 9.598258429740124109e-01 1.337048891474940326e+00 5.808959886932327787e-01 1.152926497552890339e+00 1.454312619391787686e+00 9.766894522098173992e-01 8.795844174331715060e-01 5.040135486835486400e-01 9.063434458303123442e-01 1.102183190761205855e+00 1.186460362994441020e+00 6.926566471506465650e-01
7.770704897779378006e-01 2.045509516448429821e+00 1.369411583762765394e+00 1.724808543379462211e+00 1.262784910638982350e+00 1.020092430153792140e+00 1.384946135327298045e+00 1.741524880530548547e+00 0.000000000000000000e+00 1.018110787299765452e+00 7.718546961458779831e-01 1.572575385898386635e+00 1.604429166411995622e+00 1.006985683370568818e+00 7.278831509202918770e-01 1.191318412590710363e+00 7.598303588438178879e-01 3.901913895773752583e-01 9.134008355859558614e-01 1.591987770250329781e+00 1.455421515711894376e+00 1.291958120257372000e+00 8.767892415660683003e-01 9.831469391948544079e-01 1.754628754606115892e+00
7.866680270995450863e-01 1.603869016415695681e+00 9.777286975008211423e-01 1.289760601774195603e+00 7.554984210076767237e-01 7.863074415677901996e-01 8.960687027204002897e-01 1.285379151840291723e+00 1.018110787299765452e+00 0.000000000000000000e+00 8.766274312888279185e-01 1.218226490353000235e+00 1.111043155934232862e+00 6.549658458836419284e-01 4.976291045085991516e-01 7.273082066569754867e-01 5.109409714081014631e-01 7.364343092060503526e-01 4.200148251081929351e-01 1.088849147226341740e+00 1.020373574106628212e+00 9.567637566653061088e-01 6.191682876014894532e-01 6.888003606475677776e-01 1.312988254573381974e+00
6.981324386023347595e-01 1.819161960488538288e+00 1.143064027802872973e+00 1.498460987419570456e+00 1.118702940818225411e+00 7.932344496025686142e-01 1.158598579367405179e+00 1.515177324570657014e+00 7.718546961458779831e-01 8.766274312888279185e-01 0.000000000000000000e+00 1.346227829938494880e+00 1.409114186202961028e+00 7.806381274106767298e-01 5.222402427516300571e-01 9.649708566308182744e-01 5.637768791501519550e-01 4.809589123203394379e-01 7.719174795750183282e-01 1.390316880919653997e+00 1.229073959752002398e+00 1.065610564297480023e+00 6.504416856061763230e-01 7.583425670140562236e-01 1.528281198646223693e+00
1.437277202889034822e+00 6.065486966169019167e-01 9.405326181536521890e-01 6.136001668666584141e-01 6.204424966677694053e-01 1.101380428563906166e+00 1.052407963051872342e+00 7.847868871164276339e-01 1.572575385898386635e+00 1.218226490353000235e+00 1.346227829938494880e+00 0.000000000000000000e+00 5.333702884318359816e-01 5.861877910877878461e-01 1.027939753744848028e+00 5.726963509369674687e-01 1.051390474894841276e+00 1.285363124759625553e+00 9.261387006620800388e-01 3.662977489010038057e-01 3.658547587301875792e-01 3.356761330591572778e-01 9.299259927452573349e-01 8.745072702795128050e-01 3.054988870414669933e-01
1.373502468453429604e+00 5.919826720130113573e-01 1.031780697272011382e+00 7.375811991271130630e-01 5.361580513245765012e-01 1.164583947552940923e+00 9.484930420892638825e-01 5.400350759482468455e-01 1.604429166411995622e+00 1.111043155934232862e+00 1.409114186202961028e+00 5.333702884318359816e-01 0.000000000000000000e+00 8.724500394810857928e-01 1.087438429857164657e+00 4.481838773871095194e-01 1.045631682626847692e+00 1.328867754924245359e+00 6.987909706348625072e-01 3.539574079041322707e-01 3.976586374677949509e-01 7.424293662694056994e-01 9.961200523935087592e-01 1.048884583997800712e+00 3.133552653804166921e-01
8.716875003612163386e-01 1.192736487704689541e+00 5.205248082853578540e-01 8.729845302550350850e-01 5.132613695660735997e-01 5.357907260360884605e-01 6.604684109622761534e-01 9.598258429740124109e-01 1.006985683370568818e+00 6.549658458836419284e-01 7.806381274106767298e-01 5.861877910877878461e-01 8.724500394810857928e-01 0.000000000000000000e+00 5.188008890798510020e-01 4.449099272046141418e-01 4.851282962752693217e-01 7.197734222318074027e-01 3.688870752775373907e-01 7.244475799629281898e-01 6.413113311695090024e-01 3.342020862909161893e-01 3.643362902174395179e-01 3.560925923984933905e-01 8.902208330851669738e-01
5.199067418920991779e-01 1.558241846880660253e+00 9.649355947071559525e-01 1.320332554323852214e+00 6.024932488637436689e-01 5.118524771959871433e-01 9.768529319724414961e-01 1.337048891474940326e+00 7.278831509202918770e-01 4.976291045085991516e-01 5.222402427516300571e-01 1.027939753744848028e+00 1.087438429857164657e+00 5.188008890798510020e-01 0.000000000000000000e+00 7.868424235351019203e-01 3.926121196268780866e-01 3.885697056492969925e-01 4.432728047609582056e-01 8.772125915406995267e-01 1.050945526656284379e+00 7.064518799020990114e-01 4.723132525104596358e-01 3.161517629797340190e-01 1.240915123740784942e+00
9.888808305133045540e-01 9.380735585875672466e-01 6.008815608424430410e-01 6.407592479157075971e-01 4.511573266297721485e-01 7.204406179807992805e-01 5.066141867663597198e-01 5.808959886932327787e-01 1.191318412590710363e+00 7.273082066569754867e-01 9.649708566308182744e-01 5.726963509369674687e-01 4.481838773871095194e-01 4.449099272046141418e-01 7.868424235351019203e-01 0.000000000000000000e+00 6.014883530547063817e-01 9.041061514519492803e-01 4.317191063128387185e-01 6.855153053954072817e-01 3.620060082389539580e-01 5.370011986827668560e-01 5.519767228213673382e-01 6.364875612258137361e-01 6.471927967452539843e-01
5.579706745822902159e-01 1.458852528868641807e+00 8.187905696471585726e-01 1.144403731331124607e+00 7.263031468651333089e-01 5.258797769197908201e-01 7.951160757912932864e-01 1.152926497552890339e+00 7.598303588438178879e-01 5.109409714081014631e-01 5.637768791501519550e-01 1.051390474894841276e+00 1.045631682626847692e+00 4.851282962752693217e-01 3.926121196268780866e-01 6.014883530547063817e-01 0.000000000000000000e+00 4.815919418654271422e-01 3.766178388643157127e-01 1.070066469764685113e+00 8.750167036635572160e-01 7.707732092538270852e-01 3.691289214022746012e-01 4.764469417204678647e-01 1.167971767026328545e+00
4.964583294231487143e-01 1.758297255309668961e+00 1.082199322624003868e+00 1.437596282240700019e+00 9.832727122746035553e-01 7.259804789571198125e-01 1.097733874188536296e+00 1.454312619391787686e+00 3.901913895773752583e-01 7.364343092060503526e-01 4.809589123203394379e-01 1.285363124759625553e+00 1.328867754924245359e+00 7.197734222318074027e-01 3.885697056492969925e-01 9.041061514519492803e-01 4.815919418654271422e-01 0.000000000000000000e+00 6.378394240982051544e-01 1.265782297189996797e+00 1.168209254573132849e+00 1.004745859118610030e+00 5.895769804273071069e-01 6.749590579669187962e-01 1.467416493467355476e+00
6.824741376273891769e-01 1.251752250861433380e+00 6.874478984910940005e-01 9.976728120832752955e-01 3.657337512303951432e-01 5.379078097973839512e-01 5.885012242879328337e-01 9.766894522098173992e-01 9.134008355859558614e-01 4.200148251081929351e-01 7.719174795750183282e-01 9.261387006620800388e-01 6.987909706348625072e-01 3.688870752775373907e-01 4.432728047609582056e-01 4.317191063128387185e-01 3.766178388643157127e-01 6.378394240982051544e-01 0.000000000000000000e+00 7.131297836938244039e-01 7.282857844157080152e-01 6.110297181479890094e-01 3.694439146379517314e-01 4.332863753957488795e-01 9.703114350303000402e-01
1.368576385376746529e+00 6.816705581660972291e-01 1.176314542718096545e+00 9.744522409584807088e-01 3.695864923409978298e-01 1.137337989650881065e+00 1.149777682795295020e+00 8.795844174331715060e-01 1.591987770250329781e+00 1.088849147226341740e+00 1.390316880919653997e+00 3.662977489010038057e-01 3.539574079041322707e-01 7.244475799629281898e-01 8.772125915406995267e-01 6.855153053954072817e-01 1.070066469764685113e+00 1.265782297189996797e+00 7.131297836938244039e-01 0.000000000000000000e+00 7.008595616350572488e-01 4.416275406669204484e-01 9.784736202618430356e-01 8.212194841334689022e-01 3.816576512542147470e-01
1.270713375817729585e+00 6.838288085596183619e-01 8.072527357640576495e-01 3.525281440775960284e-01 7.540746911857745260e-01 9.845437211019822943e-01 8.474251042550382529e-01 5.040135486835486400e-01 1.455421515711894376e+00 1.020373574106628212e+00 1.229073959752002398e+00 3.658547587301875792e-01 3.976586374677949509e-01 6.413113311695090024e-01 1.050945526656284379e+00 3.620060082389539580e-01 8.750167036635572160e-01 1.168209254573132849e+00 7.282857844157080152e-01 7.008595616350572488e-01 0.000000000000000000e+00 5.626969784337599867e-01 8.160798259425501300e-01 8.982181270824414199e-01 3.890301881238793502e-01
1.156659937248019743e+00 8.931553183693196063e-01 7.504917694974726494e-01 7.716655302353315760e-01 3.622962375169000437e-01 8.207631629228914205e-01 9.299972853211749824e-01 9.063434458303123442e-01 1.291958120257372000e+00 9.567637566653061088e-01 1.065610564297480023e+00 3.356761330591572778e-01 7.424293662694056994e-01 3.342020862909161893e-01 7.064518799020990114e-01 5.370011986827668560e-01 7.707732092538270852e-01 1.004745859118610030e+00 6.110297181479890094e-01 4.416275406669204484e-01 5.626969784337599867e-01 0.000000000000000000e+00 6.493087271042425890e-01 5.647964138464527384e-01 5.891078481242024711e-01
7.414910585567158208e-01 1.406167826679087129e+00 7.300698939934213705e-01 1.085466853610117965e+00 7.146844727871087821e-01 3.326390815303295612e-01 7.456044455579545760e-01 1.102183190761205855e+00 8.767892415660683003e-01 6.191682876014894532e-01 6.504416856061763230e-01 9.299259927452573349e-01 9.961200523935087592e-01 3.643362902174395179e-01 4.723132525104596358e-01 5.519767228213673382e-01 3.691289214022746012e-01 5.895769804273071069e-01 3.694439146379517314e-01 9.784736202618430356e-01 8.160798259425501300e-01 6.493087271042425890e-01 0.000000000000000000e+00 3.313611499790234394e-01 1.115287064836773423e+00
8.357626537817388623e-01 1.448316678749554720e+00 8.055207655763836350e-01 1.167605154750009033e+00 5.528257474323087228e-01 3.176058419108565567e-01 8.301152839624009738e-01 1.186460362994441020e+00 9.831469391948544079e-01 6.888003606475677776e-01 7.583425670140562236e-01 8.745072702795128050e-01 1.048884583997800712e+00 3.560925923984933905e-01 3.161517629797340190e-01 6.364875612258137361e-01 4.764469417204678647e-01 6.749590579669187962e-01 4.332863753957488795e-01 8.212194841334689022e-01 8.982181270824414199e-01 5.647964138464527384e-01 3.313611499790234394e-01 0.000000000000000000e+00 1.144269208504437474e+00
1.563668439180499581e+00 3.173267231398749222e-01 1.115370283206303936e+00 7.280614395707210029e-01 7.024257528494445291e-01 1.283750959996205587e+00 1.134090114370133628e+00 6.926566471506465650e-01 1.754628754606115892e+00 1.312988254573381974e+00 1.528281198646223693e+00 3.054988870414669933e-01 3.133552653804166921e-01 8.902208330851669738e-01 1.240915123740784942e+00 6.471927967452539843e-01 1.167971767026328545e+00 1.467416493467355476e+00 9.703114350303000402e-01 3.816576512542147470e-01 3.890301881238793502e-01 5.891078481242024711e-01 1.115287064836773423e+00 1.144269208504437474e+00 0.000000000000000000e+00
