0.000000000000000000e+00 3.135934613293811069e+01 2.098976998020740581e+01 2.092224382496213408e+01 1.633742118514025776e+01 1.762296747287365051e+01 2.271866196356403123e+01 2.243437105376049701e+01 1.216631058591909387e+01 1.215416964788255960e+01 1.211432121642242521e+01 2.095971379465802897e+01 1.315139613160736332e+01 2.578534312407644080e+01 1.286550358503207825e+01 9.051767331021581597e+00 1.402032561865386207e+01 2.292919677160258374e+01 2.568143131108543642e+01 1.765409636654448278e+01 7.867773637341604065e+00 2.056457490968056945e+01 7.165810940552765018e+00 2.901251325930724434e+01 6.882392727820964673e+00 6.685723690708801570e+00 1.368335465676724105e+01 1.757102013808662022e+01 1.963430074482771559e+01 2.594289861130674524e+01 1.519866640521627232e+01 1.632549921549152572e+01 1.058847991525706611e+01 6.416271278023295999e+00 1.605387593200268270e+01 1.572098870138555604e+01 1.215625579179325833e+01 2.386375667968518854e+01 2.074295750528667170e+01 2.576483165782527607e+01 1.743163304266517599e+01 1.920079450885929973e+01 1.779663562733412974e+01 1.757896567165176904e+01 2.439370778590585331e+01 2.163924384218165997e+01 2.735078446708106981e+01 1.142527241464717491e+01 4.769124334643789709e+00 4.615041092065583328e+00
3.135934613293811069e+01 0.000000000000000000e+00 3.045737492720824591e+01 2.087262273852440231e+01 1.933209758586604110e+01 1.572740982812010202e+01 1.325116974011716309e+01 1.245110908442463860e+01 3.150026403935175878e+01 2.721481972754353507e+01 3.070474994631458898e+01 1.104186150730585858e+01 1.966314427379965224e+01 1.103598801465549961e+01 2.339284689984291532e+01 2.263621140507454044e+01 2.391687496948370395e+01 8.829568272902537984e+00 7.854707533457072621e+00 1.646502565074126068e+01 3.390923295224065726e+01 1.879774357685595376e+01 3.334136851448668182e+01 7.338827789734834184e+00 2.722937001930858614e+01 2.571492162201570508e+01 2.554485668651356534e+01 1.528995278232398469e+01 1.371396821533206634e+01 6.500435689586115728e+00 1.633206459981854763e+01 2.486865883941669964e+01 2.196006193647739124e+01 2.782069456448297728e+01 2.303982718824966724e+01 2.983745871858430476e+01 2.106578558973706450e+01 1.690555349840829535e+01 1.126005775830823907e+01 5.808256813144215158e+00 1.497523907749147121e+01 2.658245996759356800e+01 1.876728006360208667e+01 1.815809734775175244e+01 1.338425547722321873e+01 1.148937998805319083e+01 5.025071933470522723e+00 2.711099959722015385e+01 3.496111110204691386e+01 2.704953455128657680e+01
2.098976998020740581e+01 3.045737492720824591e+01 0.000000000000000000e+00 2.814739266530456163e+01 2.635683788497448532e+01 1.582915803210146954e+01 3.565391919016350641e+01 2.232189406585844083e+01 1.275481288457943307e+01 2.213418469411778489e+01 1.154340460027443882e+01 2.580611306283170947e+01 1.283242445746240712e+01 2.747668754107423794e+01 2.866764580162197262e+01 1.721530177376160609e+01 8.566577447469947870e+00 3.247567570946930005e+01 2.262669808443524389e+01 2.059805277092709730e+01 1.918851794047418480e+01 3.417821360625191573e+01 1.757881223420681138e+01 3.354731393593689859e+01 2.204712127568005187e+01 1.430404628949859891e+01 7.804604235194761763e+00 2.926422177009590797e+01 1.689197696681100069e+01 2.595736529153826311e+01 2.035487935687717709e+01 2.853611907865671782e+01 2.397383786016202123e+01 1.514929905724514825e+01 2.400679567616520060e+01 6.913491519247796369e+00 1.844348692797385780e+01 2.873424118514585146e+01 2.170134708624310349e+01 2.697518644843839297e+01 2.554893414857046352e+01 5.309858312450501217e+00 1.173474688981162295e+01 3.206566628718130829e+01 3.211001369724541377e+01 2.262964066200390789e+01 3.461566082489192553e+01 2.384306138479359305e+01 2.041516981726135072e+01 2.023556570590515591e+01
2.092224382496213408e+01 2.087262273852440231e+01 2.814739266530456163e+01 0.000000000000000000e+00 1.951997602991906433e+01 2.193274575208863553e+01 1.263085695779658479e+01 1.601094952012400086e+01 3.012559990507633501e+01 1.222215694369469752e+01 2.306839101514441737e+01 2.667194484046818914e+01 1.534214093076441365e+01 1.020241666641124745e+01 9.915247909030140860e+00 2.077451654554549876e+01 2.448651485924027327e+01 2.047981836065608618e+01 1.995062883334434645e+01 8.339892975584747958e+00 2.813844851995629170e+01 7.851006765748817173e+00 2.347258546979359650e+01 1.463948151249618235e+01 1.468378708526024745e+01 1.654226041228336896e+01 2.138765245778548874e+01 1.672371850512440616e+01 1.609645794671652297e+01 1.498711984676939046e+01 2.378994484060937964e+01 6.259421508087010366e+00 1.580713302966668543e+01 2.429192327401419504e+01 6.978242685242830312e+00 2.921920471133737962e+01 1.005148642797377789e+01 6.015542776822542237e+00 2.565667645645810779e+01 2.539387024483482946e+01 2.115043951947805212e+01 2.578820784703680857e+01 1.934922096843664718e+01 1.162774697434092808e+01 8.611494693933737565e+00 1.101757108852654454e+01 1.957126436124534408e+01 9.622014103217706449e+00 2.451605212517118204e+01 1.886347956310397933e+01
1.633742118514025776e+01 1.933209758586604110e+01 2.635683788497448532e+01 1.951997602991906433e+01 0.000000000000000000e+00 1.626899424005651795e+01 1.301061248761616440e+01 2.810333871948570561e+01 2.058556525428876327e+01 1.891571522950887640e+01 2.662753066719448825e+01 1.111731222259586715e+01 2.401254237000494385e+01 2.176611431555499721e+01 9.825429756616026467e+00 9.711674911436240620e+00 1.779026043750453212e+01 1.111479412312712434e+01 2.144283782670251171e+01 2.658165774979024931e+01 2.107464874486463557e+01 1.443453034668845625e+01 2.332369909288732757e+01 1.826523330233202813e+01 1.254911275825701189e+01 2.016529102066518320e+01 2.672566594328322154e+01 6.737502561689582059e+00 2.256029794072732386e+01 2.497748583471278394e+01 9.121900077857745259e+00 1.689697024679531268e+01 6.288203306644994051e+00 1.561719593440142795e+01 2.128370670463653624e+01 2.239964904160031267e+01 2.202330727331672122e+01 1.990491007385015010e+01 1.462934089245357505e+01 1.645455135510660583e+01 5.795515540399272858e+00 2.307320595144148356e+01 1.897597750335203770e+01 9.715391703241550658e+00 1.660863782409475320e+01 2.633552787841057352e+01 1.570824660321695099e+01 1.401714342775566458e+01 2.055081539407465741e+01 1.185621048202962768e+01
1.762296747287365051e+01 1.572740982812010202e+01 1.582915803210146954e+01 2.193274575208863553e+01 1.626899424005651795e+01 0.000000000000000000e+00 2.542006748919497028e+01 1.250130635994898043e+01 1.577285421123165499e+01 2.074333061980973625e+01 1.965068303605758260e+01 1.073198717524939738e+01 1.037154039673369610e+01 1.871294949459565515e+01 1.945748171619901612e+01 8.992888990570349961e+00 8.491235782636904261e+00 1.871790361997562968e+01 8.058463838211789465e+00 1.367608144614301047e+01 1.875954484733084726e+01 2.642408559237687626e+01 2.391315619385375513e+01 2.167820568579312734e+01 1.738643142925628027e+01 1.696404197847772721e+01 1.356231044809037911e+01 1.877005460057370811e+01 6.465448823936272404e+00 1.409179150887524834e+01 7.935772922569681143e+00 2.480178162605281500e+01 1.435740724752065134e+01 1.247136105445287235e+01 1.969738298900776741e+01 1.435841602383127835e+01 1.516247848221577854e+01 2.100073526907546295e+01 5.872189054141636610e+00 1.121739049790786247e+01 1.365615123504197648e+01 1.200621700319034879e+01 5.156554198833082303e+00 2.218595767478585401e+01 2.386249061550958572e+01 1.384252996697657956e+01 1.918531367628643380e+01 2.107966861852038321e+01 2.044165627887304026e+01 1.368460410273369376e+01
2.271866196356403123e+01 1.325116974011716309e+01 3.565391919016350641e+01 1.263085695779658479e+01 1.301061248761616440e+01 2.542006748919497028e+01 0.000000000000000000e+00 2.022793308548530788e+01 2.918627675807194066e+01 2.031250119794627906e+01 3.203119998023380077e+01 1.583101262122023734e+01 2.482679520417207186e+01 1.000180006296708513e+01 1.085572738078211152e+01 1.909981005028556567e+01 2.708734174269355677e+01 8.026689496009421276e+00 2.057068271099045731e+01 1.716792162148565737e+01 2.867358985617913447e+01 7.689894281001481424e+00 2.928498816048166375e+01 7.007199810473670354e+00 1.785819581975633952e+01 2.536475092326126202e+01 3.110745325322414345e+01 6.657673021956505011e+00 2.265220783000680882e+01 1.432384092406408094e+01 1.763423965767804802e+01 1.537009950378659617e+01 1.385560824687549974e+01 2.343918334208725440e+01 1.788601838529135435e+01 3.173679846111266656e+01 2.087008306719203432e+01 1.018963017429594231e+01 2.143961256501813040e+01 1.632677680321220137e+01 1.191386134520575624e+01 3.237028725663051176e+01 2.741372693471443966e+01 5.609240711634813970e+00 5.022067483905660268e+00 1.507419545252672677e+01 8.827390154943671519e+00 1.559486803629498652e+01 2.704000515360934997e+01 1.889844847205618805e+01
2.243437105376049701e+01 1.245110908442463860e+01 2.232189406585844083e+01 1.601094952012400086e+01 2.810333871948570561e+01 1.250130635994898043e+01 2.022793308548530788e+01 0.000000000000000000e+00 2.487483413904435992e+01 1.841724961801836002e+01 2.149557684475330532e+01 1.876131527496827545e+01 1.043949158840790759e+01 1.055146273280579017e+01 2.476988299772922986e+01 2.021731762776766317e+01 1.632682345912765953e+01 2.076154312346453779e+01 7.962450093488781633e+00 8.300182735416589352e+00 2.955296802746858376e+01 1.888032421344149370e+01 2.415845220043454233e+01 1.504350087756109033e+01 2.040534519980291250e+01 1.653200530796357626e+01 1.678669923653463769e+01 2.631734863587486117e+01 6.384717646743531816e+00 7.518535277454160060e+00 1.953988315875228210e+01 2.064945517218322024e+01 2.641796918727023424e+01 2.318696885025470067e+01 1.523624507159885333e+01 2.209357088410102321e+01 1.200522334353791543e+01 1.316114689266811233e+01 1.347399782703213411e+01 1.425866580340793277e+01 2.391127969635493500e+01 1.879769090694319544e+01 1.117722855324604225e+01 2.228556726506309360e+01 1.565825129349959433e+01 5.588471802639587871e+00 1.644137917505327451e+01 2.186570458471796385e+01 2.579584165533303874e+01 2.333023536614696880e+01
1.216631058591909387e+01 3.150026403935175878e+01 1.275481288457943307e+01 3.012559990507633501e+01 2.058556525428876327e+01 1.577285421123165499e+01 2.918627675807194066e+01 2.487483413904435992e+01 0.000000000000000000e+00 2.306357351918104470e+01 2.144151859761721113e+01 2.265744933923900817e+01 1.859889153829337261e+01 3.138967397089949785e+01 2.105702429002271714e+01 1.089535888359011118e+01 8.625633693663218082e+00 2.758006338363768961e+01 2.366651461125818656e+01 2.521940747091757729e+01 7.822436824283831136e+00 2.838223134738315068e+01 1.630597379414411563e+01 3.509868861585391642e+01 1.679043752834319392e+01 1.885203427662789366e+01 1.638368762081573848e+01 2.368765157887662909e+01 1.883897660303165722e+01 2.752548949580202020e+01 1.654369009257374756e+01 2.594093467884485094e+01 1.650024737352019599e+01 6.142021248766711849e+00 2.733036474447130360e+01 5.931025263224117161e+00 2.369181914995272464e+01 3.278473163589504225e+01 2.057604045380300661e+01 2.633946272686115364e+01 2.091974477985070280e+01 1.152061350192945888e+01 1.377522859954483536e+01 2.444015868372479616e+01 3.160497571321953458e+01 2.647921226462839073e+01 3.225745553902433471e+01 2.161574869545841793e+01 1.172761882271019118e+01 1.184979699094317596e+01
1.215416964788255960e+01 2.721481972754353507e+01 2.213418469411778489e+01 1.222215694369469752e+01 1.891571522950887640e+01 2.074333061980973625e+01 2.031250119794627906e+01 1.841724961801836002e+01 2.306357351918104470e+01 0.000000000000000000e+00 1.568684945915912188e+01 2.567703974822422452e+01 1.077143999209357972e+01 1.813981323326393280e+01 1.021997871032820271e+01 1.563829722231937680e+01 2.033981128618431811e+01 2.464374393112717598e+01 2.268248692877851980e+01 1.114364343979396033e+01 1.964783518325059575e+01 1.434923755656582500e+01 1.470451129271402024e+01 2.378837174542096733e+01 7.327783126429533667e+00 8.741701141942977316e+00 1.514384510054880195e+01 1.822486628947684295e+01 1.643173101276149950e+01 2.093720731123724832e+01 2.097493915172943701e+01 8.199049763937122037e+00 1.360248152561236346e+01 1.704368382866108789e+01 5.992523655934543392e+00 2.478313068897360694e+01 6.441244800389315017e+00 1.542663705258076234e+01 2.616210193783422611e+01 2.909492171173165076e+01 2.070940353579726434e+01 2.021791959813505812e+01 1.605064885328333801e+01 1.480225310202742151e+01 1.768611910268494825e+01 1.601094942159886259e+01 2.815206266775125243e+01 5.142642013929816791e+00 1.574797794809160223e+01 1.149135960713026527e+01
1.211432121642242521e+01 3.070474994631458898e+01 1.154340460027443882e+01 2.306839101514441737e+01 2.662753066719448825e+01 1.965068303605758260e+01 3.203119998023380077e+01 2.149557684475330532e+01 2.144151859761721113e+01 1.568684945915912188e+01 0.000000000000000000e+00 3.038267021130697998e+01 1.118547608199260601e+01 2.584338207636205809e+01 2.120614440500790110e+01 2.092346424129155125e+01 1.620114756558382041e+01 3.285787431375210588e+01 2.440556002076417741e+01 1.780751680325365527e+01 1.544444183170000429e+01 2.769262407511563495e+01 7.303424643240835401e+00 3.225820878762597488e+01 1.440754920982484499e+01 7.084396733494108034e+00 6.821375340531947273e+00 2.728522203124923351e+01 1.772315377434207306e+01 2.526378790974854738e+01 2.635047507500733843e+01 2.195295353940892014e+01 2.078830855661291466e+01 1.819441307398803076e+01 1.875298148162407230e+01 1.665793677601288181e+01 1.328627888257868861e+01 2.555108951382842974e+01 2.545231884813076917e+01 3.010632901555986507e+01 2.814921494694339188e+01 1.241867837830072219e+01 1.477816426099095892e+01 2.645842274544781247e+01 2.973543968859434017e+01 2.128996338159996782e+01 3.441087568825184917e+01 1.725989584554578826e+01 1.084818118115162022e+01 1.601808567857375820e+01
2.095971379465802897e+01 1.104186150730585858e+01 2.580611306283170947e+01 2.667194484046818914e+01 1.111731222259586715e+01 1.073198717524939738e+01 1.583101262122023734e+01 1.876131527496827545e+01 2.265744933923900817e+01 2.567703974822422452e+01 3.038267021130697998e+01 0.000000000000000000e+00 2.110352757198309703e+01 2.156724897214495229e+01 1.698924652507928457e+01 1.242519915991683455e+01 1.765213708494438194e+01 7.985916444726232299e+00 1.093706930921167242e+01 2.339456637995330013e+01 2.412025191885289388e+01 2.105605852519517285e+01 2.801586570104671736e+01 1.568419240249541957e+01 1.866989980214926703e+01 2.590683897604812458e+01 2.401387990058254829e+01 1.094801442557615978e+01 1.651676202155271156e+01 1.620732739569651670e+01 6.266254886698142457e+00 2.407568624707888105e+01 1.266801287327447945e+01 1.809144708189882422e+01 2.846932219992232405e+01 2.317763276702376629e+01 2.589446565746517592e+01 2.534625173625522976e+01 5.969444786883200571e+00 5.924280206131456339e+00 5.926672235411746925e+00 2.209177825192694300e+01 1.562839809023372162e+01 1.586200749018657241e+01 2.053156671082753348e+01 1.986870494332642423e+01 1.032703175992425670e+01 2.129573073192383248e+01 2.504184196477716995e+01 1.644015339136457854e+01
1.315139613160736332e+01 1.966314427379965224e+01 1.283242445746240712e+01 1.534214093076441365e+01 2.401254237000494385e+01 1.037154039673369610e+01 2.482679520417207186e+01 1.043949158840790759e+01 1.859889153829337261e+01 1.077143999209357972e+01 1.118547608199260601e+01 2.110352757198309703e+01 0.000000000000000000e+00 1.524786048769463243e+01 1.796635877787867841e+01 1.538845751538949536e+01 1.013476882312138017e+01 2.785390824772339613e+01 1.351041328434233257e+01 7.826868481498077124e+00 2.071504141866430615e+01 2.137296187171178374e+01 1.419255514920924455e+01 2.143225891896393165e+01 1.156289216764767325e+01 6.789100971062841161e+00 6.593552808433311263e+00 2.445878227409071570e+01 6.682876109591648017e+00 1.427937744946345688e+01 1.735573457458844970e+01 1.770180327211288684e+01 1.819032939653721925e+01 1.730368443980660942e+01 1.172800660430123010e+01 1.477277607454289843e+01 5.908753291499525773e+00 1.608736634600874282e+01 1.580552567046028578e+01 1.968093660161971670e+01 2.299169382806154971e+01 1.058862460376035308e+01 5.593019249740388332e+00 2.296629258104555760e+01 1.981564997299411601e+01 1.046401351293792104e+01 2.338594843012908342e+01 1.302325155256271927e+01 1.633789682905053553e+01 1.437527876817037509e+01
2.578534312407644080e+01 1.103598801465549961e+01 2.747668754107423794e+01 1.020241666641124745e+01 2.176611431555499721e+01 1.871294949459565515e+01 1.000180006296708513e+01 1.055146273280579017e+01 3.138967397089949785e+01 1.813981323326393280e+01 2.584338207636205809e+01 2.156724897214495229e+01 1.524786048769463243e+01 0.000000000000000000e+00 1.605265041917824931e+01 2.663917543397664289e+01 2.289198081820275021e+01 1.627833227995202492e+01 1.274234003227007506e+01 8.187889345233884342e+00 3.334898841113338364e+01 9.670225099706964755e+00 2.784771254427293741e+01 7.234908740530977767e+00 2.254116753493092062e+01 2.050246046766239516e+01 2.164437877862080839e+01 1.581388736936164818e+01 1.306587507072466181e+01 6.355275724048187413e+00 2.552287398593137269e+01 1.533797695113491955e+01 2.125702345507327706e+01 2.965925995755754485e+01 1.335241266514429981e+01 2.777572206671063526e+01 1.389518295905611467e+01 5.907042799300906033e+00 1.910894789516198244e+01 1.623905700143269115e+01 2.127274137784155883e+01 2.437304569563088208e+01 1.775468692739912058e+01 1.220365668762459244e+01 5.169853164412280044e+00 5.165164089533282876e+00 1.228512057004142832e+01 1.758031770893838797e+01 2.916742305582602057e+01 2.585217150835062938e+01
1.286550358503207825e+01 2.339284689984291532e+01 2.866764580162197262e+01 9.915247909030140860e+00 9.825429756616026467e+00 1.945748171619901612e+01 1.085572738078211152e+01 2.476988299772922986e+01 2.105702429002271714e+01 1.021997871032820271e+01 2.120614440500790110e+01 1.698924652507928457e+01 1.796635877787867841e+01 1.605265041917824931e+01 0.000000000000000000e+00 1.164680002221768262e+01 2.029219468323694642e+01 1.461361677032571649e+01 2.725612781995219080e+01 1.697692962890132762e+01 1.931077386257971185e+01 7.749484274700116693e+00 1.882778473025735622e+01 1.681508862703612905e+01 7.002468438974224441e+00 1.453969534803536234e+01 2.152167112262860726e+01 8.306655651037294419e+00 2.416266618758427143e+01 2.208516013380196696e+01 1.415992573374174945e+01 7.282568810707479301e+00 6.177113922799062351e+00 1.530993087403803266e+01 1.190249939854862227e+01 2.379741765478419424e+01 1.543906466505721475e+01 1.336215958890332089e+01 2.069680739733649943e+01 2.225064516027228478e+01 1.146774120408914577e+01 2.557514019717389431e+01 2.147791174908445910e+01 5.282950145996128555e+00 1.156824622229186339e+01 1.992035689231452622e+01 1.854808543495494888e+01 5.087720875732833825e+00 1.724843506883283339e+01 9.981245097658707266e+00
9.051767331021581597e+00 2.263621140507454044e+01 1.721530177376160609e+01 2.077451654554549876e+01 9.711674911436240620e+00 8.992888990570349961e+00 1.909981005028556567e+01 2.021731762776766317e+01 1.089535888359011118e+01 1.563829722231937680e+01 2.092346424129155125e+01 1.242519915991683455e+01 1.538845751538949536e+01 2.663917543397664289e+01 1.164680002221768262e+01 0.000000000000000000e+00 8.648724326291656439e+00 1.669830035658241485e+01 1.705135282878213587e+01 2.088228460565768430e+01 1.169844232296368780e+01 1.880664514056440595e+01 1.601187802550981942e+01 2.422479827300139377e+01 8.393542438685935636e+00 1.490040674047238412e+01 1.758412983207033875e+01 1.281376123602410111e+01 1.418146009175495870e+01 2.258382720234703456e+01 6.357727956729886110e+00 1.658985131931400048e+01 6.761865751672806901e+00 6.000767491243879093e+00 2.000900628781631596e+01 1.272133471645926051e+01 1.730026858425032188e+01 2.445583532111955094e+01 1.175002056521618421e+01 1.682795459193032528e+01 1.002438589626058807e+01 1.393166984022860611e+01 9.834441392139163796e+00 1.485369417869210196e+01 2.201851120818684748e+01 2.176875590635757263e+01 2.137569251196906706e+01 1.259317704481027356e+01 1.263459037123237216e+01 4.933838273409937969e+00
1.402032561865386207e+01 2.391687496948370395e+01 8.566577447469947870e+00 2.448651485924027327e+01 1.779026043750453212e+01 8.491235782636904261e+00 2.708734174269355677e+01 1.632682345912765953e+01 8.625633693663218082e+00 2.033981128618431811e+01 1.620114756558382041e+01 1.765213708494438194e+01 1.013476882312138017e+01 2.289198081820275021e+01 2.029219468323694642e+01 8.648724326291656439e+00 0.000000000000000000e+00 2.390909826199935395e+01 1.608619812671068772e+01 1.672171431822082255e+01 1.368898017142806189e+01 2.745203980158365908e+01 2.055819310037278314e+01 2.738517737214920444e+01 1.645295077614639467e+01 1.453134841086476747e+01 9.725834287181687188e+00 2.069764432262596188e+01 1.038600988194105490e+01 1.943070908593807289e+01 1.210703007496520911e+01 2.523524598033325717e+01 1.540726041269207691e+01 7.772686974595734100e+00 2.177107889510736172e+01 5.920583749100614135e+00 1.597903067348410033e+01 2.428703848319830172e+01 1.372322167348535871e+01 1.935600122303094039e+01 1.698235670110051743e+01 5.282945513936948778e+00 5.149594905881615503e+00 2.349908883971136575e+01 2.753987559434009924e+01 1.798151911193165375e+01 2.727946162448546374e+01 2.120272723085248856e+01 1.610532106856688728e+01 1.166898825843520271e+01
2.292919677160258374e+01 8.829568272902537984e+00 3.247567570946930005e+01 2.047981836065608618e+01 1.111479412312712434e+01 1.871790361997562968e+01 8.026689496009421276e+00 2.076154312346453779e+01 2.758006338363768961e+01 2.464374393112717598e+01 3.285787431375210588e+01 7.985916444726232299e+00 2.785390824772339613e+01 1.627833227995202492e+01 1.461361677032571649e+01 1.669830035658241485e+01 2.390909826199935395e+01 0.000000000000000000e+00 1.612380934220563589e+01 2.423712397704119681e+01 2.806914687421355126e+01 1.528470960182991689e+01 2.962875821452498215e+01 9.265232860407550675e+00 1.876645300611086142e+01 2.638794144950072962e+01 3.165712245901793409e+01 6.535864070106088164e+00 2.214424660701331149e+01 1.436337141835341313e+01 1.222009709584344783e+01 2.099144779293959573e+01 1.360202953799620573e+01 2.261169406375035251e+01 2.572684785738992375e+01 2.922872792545251741e+01 2.824064752117058674e+01 1.792570711788412297e+01 1.360098973450901028e+01 9.557934622254157020e+00 6.986861129868345621e+00 2.900512636276667777e+01 2.353336868413446581e+01 1.047091886235363667e+01 1.269340674219844445e+01 1.935543134343658522e+01 4.920230398753616896e+00 1.964017771308897409e+01 2.721062744083736362e+01 1.884361860861660531e+01
2.568143131108543642e+01 7.854707533457072621e+00 2.262669808443524389e+01 1.995062883334434645e+01 2.144283782670251171e+01 8.058463838211789465e+00 2.057068271099045731e+01 7.962450093488781633e+00 2.366651461125818656e+01 2.268248692877851980e+01 2.440556002076417741e+01 1.093706930921167242e+01 1.351041328434233257e+01 1.274234003227007506e+01 2.725612781995219080e+01 1.705135282878213587e+01 1.608619812671068772e+01 1.612380934220563589e+01 0.000000000000000000e+00 1.253807917698968311e+01 2.681800868554263317e+01 2.211802837547517697e+01 2.765452938229351432e+01 1.361974184758133966e+01 2.431585159465208790e+01 2.016083005887197999e+01 1.855461586566482879e+01 2.148689026756080622e+01 6.827537174750685445e+00 6.808211488478324469e+00 1.366514847856456960e+01 2.484598002960366614e+01 2.210690270196865370e+01 2.052982489266465294e+01 1.947414151317194353e+01 2.200678187581129208e+01 1.656293662171063374e+01 1.664367379437950945e+01 6.964005787311763562e+00 6.623905413067741499e+00 1.641857449324882268e+01 1.875178312482055532e+01 1.093660322082907044e+01 2.479969376198442177e+01 1.762544593154974493e+01 9.005703106259471014e+00 1.272507135638831954e+01 2.577621097956713569e+01 2.850012011708482618e+01 2.174306794094549034e+01
1.765409636654448278e+01 1.646502565074126068e+01 2.059805277092709730e+01 8.339892975584747958e+00 2.658165774979024931e+01 1.367608144614301047e+01 1.716792162148565737e+01 8.300182735416589352e+00 2.521940747091757729e+01 1.114364343979396033e+01 1.780751680325365527e+01 2.339456637995330013e+01 7.826868481498077124e+00 8.187889345233884342e+00 1.697692962890132762e+01 2.088228460565768430e+01 1.672171431822082255e+01 2.423712397704119681e+01 1.253807917698968311e+01 0.000000000000000000e+00 2.521774165360142561e+01 1.390882706814200453e+01 1.971646578674097583e+01 1.525150660217478737e+01 1.540368045541172748e+01 1.237121371013043891e+01 1.395610837007485650e+01 2.202028697088294962e+01 7.821243889335062427e+00 1.002662351216138248e+01 2.155649764579590766e+01 1.256443842685798273e+01 2.208312115041515256e+01 2.348527887647363599e+01 7.182331629372328052e+00 2.145440417031793601e+01 5.924200578501617187e+00 8.275058370320278911e+00 1.813296218913085056e+01 1.883429488690882891e+01 2.727687595826821010e+01 1.805172779923816861e+01 1.158442042741720002e+01 1.772363325377883925e+01 1.214585413757999710e+01 5.100365622522992304e+00 1.955226305879192594e+01 1.407390711240576309e+01 2.103617629829406610e+01 1.841378428294999736e+01
7.867773637341604065e+00 3.390923295224065726e+01 1.918851794047418480e+01 2.813844851995629170e+01 2.107464874486463557e+01 1.875954484733084726e+01 2.867358985617913447e+01 2.955296802746858376e+01 7.822436824283831136e+00 1.964783518325059575e+01 1.544444183170000429e+01 2.412025191885289388e+01 2.071504141866430615e+01 3.334898841113338364e+01 1.931077386257971185e+01 1.169844232296368780e+01 1.368898017142806189e+01 2.806914687421355126e+01 2.681800868554263317e+01 2.521774165360142561e+01 0.000000000000000000e+00 2.702429479347273045e+01 9.247411619452840625e+00 3.490639425048402700e+01 1.392494195531437562e+01 1.421623968361137891e+01 1.875573658583048342e+01 2.339554351601793414e+01 2.351711049145588106e+01 3.201250781868866113e+01 1.800524379082259685e+01 2.358004462592707640e+01 1.616171546510428314e+01 6.650522662428960174e+00 2.366501589127545913e+01 1.316712479179240702e+01 1.971990107885019938e+01 3.147489663895794720e+01 2.286339563278839293e+01 2.847547042602302980e+01 2.145969615110490381e+01 1.747859718548269470e+01 1.861592145312244284e+01 2.387149219721913340e+01 3.078294359488494791e+01 2.920288912923859215e+01 3.274653902960019991e+01 1.867981782508273625e+01 4.886621606871309531e+00 9.874338474281763922e+00
2.056457490968056945e+01 1.879774357685595376e+01 3.417821360625191573e+01 7.851006765748817173e+00 1.443453034668845625e+01 2.642408559237687626e+01 7.689894281001481424e+00 1.888032421344149370e+01 2.838223134738315068e+01 1.434923755656582500e+01 2.769262407511563495e+01 2.105605852519517285e+01 2.137296187171178374e+01 9.670225099706964755e+00 7.749484274700116693e+00 1.880664514056440595e+01 2.745203980158365908e+01 1.528470960182991689e+01 2.211802837547517697e+01 1.390882706814200453e+01 2.702429479347273045e+01 0.000000000000000000e+00 2.584618526112139136e+01 1.148929051116165745e+01 1.460484598236013731e+01 2.074747575789949039e+01 2.717136110704565155e+01 1.034296563896773868e+01 2.102496879114273298e+01 1.587523380699491860e+01 1.979488121277275781e+01 8.924965673942432787e+00 1.307395000550821429e+01 2.263513793139846442e+01 1.347695140781054413e+01 3.107301512373727448e+01 1.650066294723791316e+01 6.752065088906617163e+00 2.506503013569938076e+01 2.385986888487285995e+01 1.562431784512277488e+01 3.163638582306851177e+01 2.502881567126989282e+01 5.228183237817888518e+00 5.458759013771636859e+00 1.331608581506152511e+01 1.611172612154062378e+01 1.043272822956983958e+01 2.494750639348132282e+01 1.764476287778520813e+01
7.165810940552765018e+00 3.334136851448668182e+01 1.757881223420681138e+01 2.347258546979359650e+01 2.332369909288732757e+01 2.391315619385375513e+01 2.928498816048166375e+01 2.415845220043454233e+01 1.630597379414411563e+01 1.470451129271402024e+01 7.303424643240835401e+00 2.801586570104671736e+01 1.419255514920924455e+01 2.784771254427293741e+01 1.882778473025735622e+01 1.601187802550981942e+01 2.055819310037278314e+01 2.962875821452498215e+01 2.765452938229351432e+01 1.971646578674097583e+01 9.247411619452840625e+00 2.584618526112139136e+01 0.000000000000000000e+00 3.460995241956009494e+01 1.185222461753895828e+01 7.676221582492973816e+00 1.132311835222756358e+01 2.418801226348862699e+01 2.085527728982825479e+01 2.779869734980920981e+01 2.216924939023372687e+01 2.017984926263926582e+01 1.738425620651481296e+01 1.278550612577705081e+01 1.860421757683415223e+01 2.045023029742742438e+01 1.430082133820221912e+01 2.641409832451665096e+01 2.770306819977490420e+01 3.273541464284272706e+01 2.441791095041225290e+01 1.749699328811507826e+01 1.913192662844963365e+01 2.407462216120752885e+01 2.934912148386639075e+01 2.364170701353407367e+01 3.403924887161155510e+01 1.545167708405280749e+01 4.776583523037863266e+00 1.164654977266791391e+01
2.901251325930724434e+01 7.338827789734834184e+00 3.354731393593689859e+01 1.463948151249618235e+01 1.826523330233202813e+01 2.167820568579312734e+01 7.007199810473670354e+00 1.504350087756109033e+01 3.509868861585391642e+01 2.378837174542096733e+01 3.225820878762597488e+01 1.568419240249541957e+01 2.143225891896393165e+01 7.234908740530977767e+00 1.681508862703612905e+01 2.422479827300139377e+01 2.738517737214920444e+01 9.265232860407550675e+00 1.361974184758133966e+01 1.525150660217478737e+01 3.490639425048402700e+01 1.148929051116165745e+01 3.460995241956009494e+01 0.000000000000000000e+00 2.381755706601035527e+01 2.712650363840528911e+01 2.788460912666739944e+01 1.179837498553685826e+01 1.715783598772699037e+01 8.054943442708603740e+00 2.128082723216346039e+01 1.779712298888773248e+01 1.996264893789198425e+01 2.960429754911071853e+01 1.975642733502917636e+01 3.329992910370130943e+01 2.099822726280529750e+01 1.112617517205806017e+01 1.823127359563893890e+01 1.249054452011057315e+01 1.583679197078381229e+01 3.001622949740446700e+01 2.223558246626758006e+01 1.185393045805144219e+01 6.163431955542117535e+00 1.096824540602601417e+01 5.357160642571160203e+00 2.003946374669119379e+01 3.331271677614303428e+01 2.511836021004847197e+01
6.882392727820964673e+00 2.722937001930858614e+01 2.204712127568005187e+01 1.468378708526024745e+01 1.254911275825701189e+01 1.738643142925628027e+01 1.785819581975633952e+01 2.040534519980291250e+01 1.679043752834319392e+01 7.327783126429533667e+00 1.440754920982484499e+01 1.866989980214926703e+01 1.156289216764767325e+01 2.254116753493092062e+01 7.002468438974224441e+00 8.393542438685935636e+00 1.645295077614639467e+01 1.876645300611086142e+01 2.431585159465208790e+01 1.540368045541172748e+01 1.392494195531437562e+01 1.460484598236013731e+01 1.185222461753895828e+01 2.381755706601035527e+01 0.000000000000000000e+00 7.778238963608446355e+00 1.477586992966688229e+01 1.302996062895070217e+01 1.775919957735327159e+01 2.387320981291486532e+01 1.379027719542146535e+01 9.961999782886884702e+00 6.728545848074281466e+00 1.077736331718491769e+01 1.184015711295569417e+01 1.984013707168929130e+01 9.521653604845598196e+00 1.909144727645224648e+01 2.014356300390211985e+01 2.446111288343945134e+01 1.417505018089706148e+01 2.025356848160886969e+01 1.715591141738806158e+01 1.228541858497035300e+01 1.857071466126610204e+01 1.949289062001383144e+01 2.311756823134654582e+01 5.061772982042537450e+00 1.101811448695108986e+01 4.940640537400013521e+00
6.685723690708801570e+00 2.571492162201570508e+01 1.430404628949859891e+01 1.654226041228336896e+01 2.016529102066518320e+01 1.696404197847772721e+01 2.536475092326126202e+01 1.653200530796357626e+01 1.885203427662789366e+01 8.741701141942977316e+00 7.084396733494108034e+00 2.590683897604812458e+01 6.789100971062841161e+00 2.050246046766239516e+01 1.453969534803536234e+01 1.490040674047238412e+01 1.453134841086476747e+01 2.638794144950072962e+01 2.016083005887197999e+01 1.237121371013043891e+01 1.421623968361137891e+01 2.074747575789949039e+01 7.676221582492973816e+00 2.712650363840528911e+01 7.778238963608446355e+00 0.000000000000000000e+00 6.997630966058436819e+00 2.065591178503284553e+01 1.333329288412129543e+01 2.016315910227375241e+01 2.045592142381877565e+01 1.500780522219277557e+01 1.432606891008360073e+01 1.310199496873209668e+01 1.212208884933022723e+01 1.790786468679784704e+01 7.036335145697962368e+00 1.940569248593107687e+01 2.249171813126980624e+01 2.635500053716869928e+01 2.168697530041407973e+01 1.253931673514908773e+01 1.218281241307359863e+01 1.979197368847527727e+01 2.322263239227711296e+01 1.615825823237928205e+01 2.938264641683192480e+01 1.031474752832964370e+01 9.754446429707542165e+00 9.969158760182967427e+00
1.368335465676724105e+01 2.554485668651356534e+01 7.804604235194761763e+00 2.138765245778548874e+01 2.672566594328322154e+01 1.356231044809037911e+01 3.110745325322414345e+01 1.678669923653463769e+01 1.638368762081573848e+01 1.514384510054880195e+01 6.821375340531947273e+00 2.401387990058254829e+01 6.593552808433311263e+00 2.164437877862080839e+01 2.152167112262860726e+01 1.758412983207033875e+01 9.725834287181687188e+00 3.165712245901793409e+01 1.855461586566482879e+01 1.395610837007485650e+01 1.875573658583048342e+01 2.717136110704565155e+01 1.132311835222756358e+01 2.788460912666739944e+01 1.477586992966688229e+01 6.997630966058436819e+00 0.000000000000000000e+00 2.765354275109128324e+01 1.190064009494121677e+01 2.071099988584138174e+01 1.969097966813916400e+01 2.143169057133894739e+01 2.132369987614204376e+01 1.749852126177741951e+01 1.707224292426514722e+01 1.160010579921141272e+01 1.153628792451376128e+01 2.221660623458553019e+01 1.943449950223201483e+01 2.411514080413200745e+01 2.527841103601198824e+01 6.553923826283751808e+00 8.405756249257295920e+00 2.656315109747109204e+01 2.608538576931847786e+01 1.691636372064137461e+01 2.976452838719971794e+01 1.673863287747581552e+01 1.415947593528210291e+01 1.696678972624140869e+01
1.757102013808662022e+01 1.528995278232398469e+01 2.926422177009590797e+01 1.672371850512440616e+01 6.737502561689582059e+00 1.877005460057370811e+01 6.657673021956505011e+00 2.631734863587486117e+01 2.368765157887662909e+01 1.822486628947684295e+01 2.728522203124923351e+01 1.094801442557615978e+01 2.445878227409071570e+01 1.581388736936164818e+01 8.306655651037294419e+00 1.281376123602410111e+01 2.069764432262596188e+01 6.535864070106088164e+00 2.148689026756080622e+01 2.202028697088294962e+01 2.339554351601793414e+01 1.034296563896773868e+01 2.418801226348862699e+01 1.179837498553685826e+01 1.302996062895070217e+01 2.065591178503284553e+01 2.765354275109128324e+01 0.000000000000000000e+00 2.514844744738871185e+01 1.916044561271604607e+01 1.117735099768297324e+01 1.527714524133918417e+01 8.451798203425893163e+00 1.809344681464463633e+01 2.013917406471661309e+01 2.544669763595678091e+01 2.241754371128862644e+01 1.473805176612101420e+01 1.600967464329731271e+01 1.515527526680480008e+01 5.726096902152688628e+00 2.598058983656291687e+01 2.180419864628299464e+01 5.114782401149850166e+00 1.068886794625059089e+01 2.083104757319502198e+01 1.059184119927238754e+01 1.320006962182917398e+01 2.185960345754804734e+01 1.360750947558237556e+01
1.963430074482771559e+01 1.371396821533206634e+01 1.689197696681100069e+01 1.609645794671652297e+01 2.256029794072732386e+01 6.465448823936272404e+00 2.265220783000680882e+01 6.384717646743531816e+00 1.883897660303165722e+01 1.643173101276149950e+01 1.772315377434207306e+01 1.651676202155271156e+01 6.682876109591648017e+00 1.306587507072466181e+01 2.416266618758427143e+01 1.418146009175495870e+01 1.038600988194105490e+01 2.214424660701331149e+01 6.827537174750685445e+00 7.821243889335062427e+00 2.351711049145588106e+01 2.102496879114273298e+01 2.085527728982825479e+01 1.715783598772699037e+01 1.775919957735327159e+01 1.333329288412129543e+01 1.190064009494121677e+01 2.514844744738871185e+01 0.000000000000000000e+00 9.135139948486969530e+00 1.415536591587469140e+01 2.029873965131019276e+01 2.038211165125752089e+01 1.715111131424199797e+01 1.456761341615244021e+01 1.630076161349317587e+01 1.040946077224198696e+01 1.514589771226751580e+01 1.054731723466951365e+01 1.324094254648527169e+01 1.987574422834699206e+01 1.301706200719631923e+01 5.236414976059435844e+00 2.452451617601544953e+01 1.821541619163860659e+01 8.195455543105589769e+00 1.793363991601821539e+01 1.921955896226831584e+01 2.284236041425824482e+01 1.877710300902095852e+01
2.594289861130674524e+01 6.500435689586115728e+00 2.595736529153826311e+01 1.498711984676939046e+01 2.497748583471278394e+01 1.409179150887524834e+01 1.432384092406408094e+01 7.518535277454160060e+00 2.752548949580202020e+01 2.093720731123724832e+01 2.526378790974854738e+01 1.620732739569651670e+01 1.427937744946345688e+01 6.355275724048187413e+00 2.208516013380196696e+01 2.258382720234703456e+01 1.943070908593807289e+01 1.436337141835341313e+01 6.808211488478324469e+00 1.002662351216138248e+01 3.201250781868866113e+01 1.587523380699491860e+01 2.779869734980920981e+01 8.054943442708603740e+00 2.387320981291486532e+01 2.016315910227375241e+01 2.071099988584138174e+01 1.916044561271604607e+01 9.135139948486969530e+00 0.000000000000000000e+00 2.019474593651189309e+01 2.031305428944885350e+01 2.708581575651535189e+01 2.560391172592794362e+01 1.660530861932097935e+01 2.535129283503867725e+01 1.514981304209199031e+01 1.143708810357979999e+01 1.344479193545260287e+01 1.041912155809975893e+01 2.089953213778763796e+01 2.208245033192357099e+01 1.428111418005645739e+01 1.799148227350610085e+01 1.081723444307141691e+01 4.992059925083178307e+00 9.525639546630543464e+00 2.367204255114466704e+01 2.932497854305630725e+01 2.682450669937725962e+01
1.519866640521627232e+01 1.633206459981854763e+01 2.035487935687717709e+01 2.378994484060937964e+01 9.121900077857745259e+00 7.935772922569681143e+00 1.763423965767804802e+01 1.953988315875228210e+01 1.654369009257374756e+01 2.097493915172943701e+01 2.635047507500733843e+01 6.266254886698142457e+00 1.735573457458844970e+01 2.552287398593137269e+01 1.415992573374174945e+01 6.357727956729886110e+00 1.210703007496520911e+01 1.222009709584344783e+01 1.366514847856456960e+01 2.155649764579590766e+01 1.800524379082259685e+01 1.979488121277275781e+01 2.216924939023372687e+01 2.128082723216346039e+01 1.379027719542146535e+01 2.045592142381877565e+01 1.969097966813916400e+01 1.117735099768297324e+01 1.415536591587469140e+01 2.019474593651189309e+01 0.000000000000000000e+00 2.032218853792851121e+01 8.601428767601809966e+00 1.197643895386853430e+01 2.440163882211201951e+01 1.763252575704458991e+01 2.231387137429280187e+01 2.525092522972480324e+01 7.222941948720547067e+00 1.108277393992243987e+01 5.720378312472297999e+00 1.678502926692323527e+01 1.177214388094317421e+01 1.503179151606305197e+01 2.177043807842477108e+01 2.084008113570799381e+01 1.595036370131344228e+01 1.697548538784745631e+01 1.899231832796226271e+01 1.071746995146803272e+01
1.632549921549152572e+01 2.486865883941669964e+01 2.853611907865671782e+01 6.259421508087010366e+00 1.689697024679531268e+01 2.480178162605281500e+01 1.537009950378659617e+01 2.064945517218322024e+01 2.594093467884485094e+01 8.199049763937122037e+00 2.195295353940892014e+01 2.407568624707888105e+01 1.770180327211288684e+01 1.533797695113491955e+01 7.282568810707479301e+00 1.658985131931400048e+01 2.523524598033325717e+01 2.099144779293959573e+01 2.484598002960366614e+01 1.256443842685798273e+01 2.358004462592707640e+01 8.924965673942432787e+00 2.017984926263926582e+01 1.779712298888773248e+01 9.961999782886884702e+00 1.500780522219277557e+01 2.143169057133894739e+01 1.527714524133918417e+01 2.029873965131019276e+01 2.031305428944885350e+01 2.032218853792851121e+01 0.000000000000000000e+00 1.257108865007130127e+01 2.009576150519323079e+01 8.700691119528563888e+00 2.874046895188051209e+01 1.272830859648225044e+01 1.145012499671095618e+01 2.713650298841595188e+01 2.934167450693021095e+01 1.855877055074707016e+01 2.668868761904032993e+01 2.261004483768671847e+01 1.060910668120012268e+01 1.169487034615171339e+01 1.631520171679832742e+01 2.254611537814306033e+01 4.900226800844346364e+00 2.040499802489086889e+01 1.466731779428301330e+01
