0.000000000000000000e+00 6.484933727415976845e-01 6.135124322182673451e-01 5.359105574288260954e-01 5.204799762702984056e-01 5.069741486684844478e-01 4.889697822057865739e-01 3.466758716555320974e-01 3.408915789432580556e-01 2.715698541411422084e-01 2.452439008928333775e-01 3.050877223735640742e-01 1.972232270761025974e-01 4.545624174057668609e-01 3.127579136077702771e-01 3.039686645311230340e-01 4.808102255480584675e-01 4.716841161611322608e-01 3.454635520909572488e-01 4.166048319623829044e-01 1.812135359668278489e-01 1.784694279566373110e-01 3.960463824282324241e-01 4.837204530582164264e-01 1.331745595244797908e-01 5.230137553416137619e-01 4.226438974181919161e-01 1.841307086610055876e-01 2.178793099880763362e-01 5.240452834477900002e-01 1.348991888762748892e-01 3.586609256508351828e-01 4.019522287540036598e-01 3.626255783068932370e-01 2.980519781149720826e-01 4.124318837209030586e-01 2.923174412151308688e-01 5.472835606942407782e-01 1.044507564281381695e-01 2.176561884379384637e-01 2.212349279449642714e-01 3.790500891277427398e-01 2.966973113287618702e-01 3.969194416732630404e-01 2.604550377573582876e-01 2.824750650191374945e-01 4.539020372021350114e-01 3.483542489738808423e-01 2.264918085034262063e-01 4.338843323856240719e-01
6.484933727415976845e-01 0.000000000000000000e+00 1.099855545118820999e+00 9.167704606151119151e-01 6.805554639241604420e-01 1.083242225738243469e+00 6.832010138943135358e-01 3.731244274527836247e-01 7.613032934491179571e-01 7.042378134733066064e-01 5.050819375542903167e-01 8.907861539779029503e-01 5.741023980843287244e-01 2.010075445328173560e-01 4.967164833740083107e-01 5.861530726502881539e-01 9.228262698288960397e-01 9.042397839964932960e-01 9.149474993159253389e-01 7.452949683967280414e-01 7.577459495357651287e-01 4.811168507334179223e-01 5.297184985571992133e-01 1.009475216090206073e+00 6.429636727777657823e-01 8.872709289386359055e-01 5.448753215388927318e-01 4.998627387148096290e-01 7.896719871743936858e-01 9.608077481311927404e-01 5.345183274634058845e-01 8.603218574374625893e-01 9.813312975425869666e-01 8.087696634358791936e-01 4.013313141677599116e-01 8.864120993293440609e-01 4.608088155022311838e-01 1.054796734362087735e-01 6.091451691040200567e-01 4.612479539430378028e-01 6.546885618643072391e-01 6.761702467247465709e-01 4.748580370772928494e-01 6.029571348891535898e-01 8.054700872633009379e-01 6.280312645401635585e-01 8.276395862389674951e-01 3.066089802344584281e-01 8.441227106240131173e-01 7.852591821482686196e-01
6.135124322182673451e-01 1.099855545118820999e+00 0.000000000000000000e+00 5.338827991836885278e-01 1.025384021167624171e+00 6.035844776616516860e-01 1.070092032644600843e+00 7.267311176660365968e-01 3.539298056080179555e-01 5.332539377729090813e-01 8.326942396351715292e-01 3.275422739320019705e-01 5.956847405962532038e-01 9.171746397349710422e-01 8.202178588990798325e-01 5.261702818166883455e-01 4.355177667511203055e-01 2.023456214225975713e-01 4.927571725341223785e-01 4.033250242743539604e-01 4.481639377651684408e-01 6.914751454110943385e-01 9.498272945457131300e-01 1.388994699727350846e-01 5.713211450281243664e-01 4.097029217156112346e-01 9.270671597838768818e-01 7.136756016998271335e-01 4.520197014472720487e-01 4.905796687885365936e-01 7.408805466041713528e-01 2.548515065674322178e-01 4.838799507715236259e-01 4.202447595872949027e-01 8.472631899483670237e-01 3.222042024121746784e-01 7.552163041754832440e-01 9.999772992802966609e-01 6.240392146857905997e-01 7.971168345610539774e-01 4.836962868261799886e-01 4.328122939098574262e-01 6.292602227021514283e-01 9.843697804156009701e-01 4.555977395746801384e-01 5.496432776495582262e-01 4.802098769536588541e-01 8.180108142958126827e-01 3.914359336861319427e-01 3.262938356339804558e-01
5.359105574288260954e-01 9.167704606151119151e-01 5.338827991836885278e-01 0.000000000000000000e+00 9.045651202809542601e-01 5.063986653564882534e-01 9.032472519366291364e-01 5.670056110422303508e-01 3.364173015927773291e-01 2.765708919623561246e-01 6.799588634873998672e-01 2.798730336323829171e-01 5.426698099780267182e-01 7.322971157495360428e-01 7.222225120476548632e-01 3.565421153682819533e-01 1.824708598578507757e-01 3.458357090554480262e-01 3.845202181013482323e-01 1.815753893785450601e-01 4.690760203707878273e-01 4.722036657706678575e-01 7.643852076406604246e-01 4.112262642732175677e-01 4.182150633630261627e-01 1.329759538691057119e-01 7.807062704097893491e-01 6.573536381933546835e-01 3.803854969088212301e-01 1.288203515513006991e-01 5.873852031586980216e-01 3.821688867773322951e-01 3.989946262014446576e-01 1.732849791219327473e-01 6.510721055576360605e-01 2.116785967715137662e-01 6.277257800873040638e-01 8.168922147765883546e-01 6.145870024577407831e-01 5.754297728604511608e-01 4.594867352934340343e-01 3.044249592816129502e-01 4.920697964640900479e-01 8.169985003673223556e-01 2.905317588097366954e-01 2.999076852316741038e-01 9.711388111294515235e-02 6.277998260041209866e-01 3.743417631030088732e-01 2.479192089277274247e-01
5.204799762702984056e-01 6.805554639241604420e-01 1.025384021167624171e+00 9.045651202809542601e-01 0.000000000000000000e+00 1.019947310641414751e+00 6.058046685487447069e-01 3.573141787215315390e-01 6.914784276642821359e-01 7.243596165114771779e-01 4.119073197369307882e-01 7.886480290753877798e-01 4.311139693846940402e-01 4.889499637873480631e-01 2.077220626625282118e-01 5.540389196616396505e-01 9.221722460056900328e-01 8.479867242700197538e-01 8.654371096693100895e-01 7.282414567235798719e-01 6.042529737839054116e-01 5.111443418663357274e-01 4.564423521577674614e-01 9.220286707616742738e-01 6.389368763539786666e-01 8.532864457435987982e-01 1.450476433462142833e-01 3.365676703377659673e-01 7.378528675664293157e-01 9.643895846068096800e-01 4.481092317181644691e-01 7.728753121089309008e-01 9.149253907269336850e-01 8.288914664740500982e-01 3.331538125121872862e-01 8.301590396028708518e-01 2.854171548064388109e-01 5.806772180856368815e-01 4.468238022936198428e-01 4.308317491304123892e-01 5.481506677263193739e-01 6.347404401154345122e-01 4.193978281104858152e-01 5.269737461947726631e-01 7.804285953357112948e-01 6.388533753903494761e-01 8.154342459048098402e-01 3.934917942065471186e-01 6.941792996047617681e-01 7.290061224217954106e-01
5.069741486684844478e-01 1.083242225738243469e+00 6.035844776616516860e-01 5.063986653564882534e-01 1.019947310641414751e+00 0.000000000000000000e+00 9.866380915082602066e-01 7.631562165359748739e-01 4.920969802485808953e-01 4.035368504863811601e-01 7.429122101953070656e-01 2.760422037296496045e-01 6.161740694776486338e-01 8.899291787399739029e-01 8.122252479788866220e-01 5.923785400424574910e-01 4.281053772362951038e-01 4.539078620469951253e-01 1.793459033892087495e-01 4.611731186731005683e-01 4.250291748121167723e-01 6.027323974189184863e-01 8.798269415173013419e-01 4.713558650774751779e-01 4.457737210952407714e-01 4.705199118748786269e-01 9.296180460866763084e-01 6.845860243684547264e-01 2.955688459554876579e-01 4.731715319451300084e-01 6.167163263550023977e-01 3.958555013590792648e-01 1.197045268901280463e-01 3.395344948926135031e-01 7.728618699308088535e-01 3.818167976455316692e-01 7.782286421762910633e-01 9.820324136908864521e-01 5.741114896841277293e-01 6.806770894542216732e-01 5.280865624835747729e-01 5.658440176990890969e-01 7.092312286937018095e-01 8.945877509757368395e-01 3.016111109220879771e-01 4.929015085691308418e-01 4.326677536636364119e-01 7.831031019705265717e-01 3.348576504640673468e-01 4.593255594232119599e-01
4.889697822057865739e-01 6.832010138943135358e-01 1.070092032644600843e+00 9.032472519366291364e-01 6.058046685487447069e-01 9.866380915082602066e-01 0.000000000000000000e+00 4.048868539225815022e-01 7.433182241698909065e-01 6.435756552310915035e-01 2.437258813129532797e-01 7.870909426209921067e-01 5.082071204857140367e-01 4.874462267170699414e-01 4.201035580162549854e-01 6.024054575192678840e-01 8.818361661590787826e-01 9.221109313859833234e-01 8.243905563625826272e-01 7.516124756382330796e-01 6.327276369899101915e-01 4.356249353326726581e-01 1.674118607649936197e-01 9.657236733056444589e-01 5.559234949442231066e-01 8.935884361801411657e-01 4.827879036800578061e-01 3.671476425456257631e-01 6.968063142597017423e-01 9.198176444613753722e-01 3.710839071823722746e-01 8.175833235859079062e-01 8.837595874897560266e-01 7.643884245663540300e-01 2.854671778112926050e-01 8.787145487984696635e-01 4.430248592496005555e-01 5.834708163637487566e-01 4.668909656291009291e-01 3.327129322091815222e-01 6.026647942640939171e-01 6.936698455960923493e-01 4.942153754255534936e-01 9.957824435122038242e-02 7.319700293662423363e-01 6.085479785697426314e-01 8.126121198992111161e-01 3.824053259946672001e-01 7.068842150322588447e-01 8.031303295377587581e-01
3.466758716555320974e-01 3.731244274527836247e-01 7.267311176660365968e-01 5.670056110422303508e-01 3.573141787215315390e-01 7.631562165359748739e-01 4.048868539225815022e-01 0.000000000000000000e+00 3.881788659963342214e-01 3.713261760968847858e-01 2.318303142618748092e-01 5.654000901267087764e-01 2.009779706315449888e-01 1.904435220689343622e-01 1.884151965051232835e-01 2.194616345431063820e-01 5.896896528706762064e-01 5.311153565437094493e-01 5.948614901136567434e-01 3.916736143590676122e-01 3.846215220829815595e-01 1.682064436988947587e-01 2.531698131367913773e-01 6.363507886374224487e-01 3.266049673910305651e-01 5.270226546905555365e-01 2.245053394836287186e-01 1.940302506040277597e-01 4.695859779721250349e-01 6.268300753680861037e-01 2.521965743675410598e-01 4.871974299846789647e-01 6.612452883403183712e-01 4.758580260594574285e-01 1.247826287473521312e-01 5.132876718765604362e-01 1.087685674546756964e-01 2.732461816142600641e-01 2.791965825636618104e-01 1.789262008471729504e-01 2.815641344115236699e-01 3.030458192719627797e-01 1.017336096245092525e-01 3.260559315686096804e-01 4.782030483597496939e-01 2.932560661218659437e-01 4.778747366660859308e-01 9.665733806209900192e-02 4.793557793507605691e-01 4.121347546954848839e-01
3.408915789432580556e-01 7.613032934491179571e-01 3.539298056080179555e-01 3.364173015927773291e-01 6.914784276642821359e-01 4.920969802485808953e-01 7.433182241698909065e-01 3.881788659963342214e-01 0.000000000000000000e+00 2.723920451728615855e-01 5.059204311604611481e-01 2.316299217964855606e-01 2.616972803694601057e-01 5.786223880652685558e-01 4.869519172535553553e-01 1.876180301469856926e-01 2.638344357952775443e-01 1.789946651924407550e-01 3.662538763152526355e-01 1.760047981950700891e-01 1.705317506815200446e-01 3.529228937413917966e-01 6.230534860710026379e-01 2.727370989333545159e-01 3.165797577395098039e-01 2.127784159868534863e-01 5.849432908743709136e-01 3.869017932251168634e-01 2.964536503383947141e-01 3.153381628012028037e-01 4.698987252974229922e-01 1.332369760590387253e-01 3.777626121262807612e-01 2.704403603185734917e-01 5.087109382786644263e-01 1.654358975784190056e-01 4.093337417610632967e-01 6.614250476105942855e-01 3.250127315254746074e-01 4.585645828913513244e-01 1.439674117957805977e-01 1.008115849571333544e-01 2.885712361335196485e-01 6.575959719408905890e-01 3.299595843797263339e-01 2.157983657302248726e-01 2.760674246216467398e-01 4.794585626261101408e-01 1.966035397132034901e-01 9.299275344236598850e-02
2.715698541411422084e-01 7.042378134733066064e-01 5.332539377729090813e-01 2.765708919623561246e-01 7.243596165114771779e-01 4.035368504863811601e-01 6.435756552310915035e-01 3.713261760968847858e-01 2.723920451728615855e-01 0.000000000000000000e+00 4.173000993561225558e-01 2.268702084690700782e-01 3.810255827643046489e-01 5.109247664750372619e-01 5.394474042277173087e-01 1.971091539911967172e-01 2.382605109279873346e-01 3.579644696103895241e-01 2.308278795605680500e-01 1.718831577516167775e-01 2.382838195297026784e-01 2.261349083852040032e-01 5.062102733295903434e-01 4.088273834680051788e-01 1.416441714006699271e-01 3.001046461013413547e-01 5.958315155805135044e-01 4.506892522736785645e-01 1.345195830440421014e-01 2.762419892302840352e-01 3.241698384089303220e-01 3.450216524603579860e-01 3.126457121061264055e-01 1.208127693352625542e-01 3.992452017430976330e-01 2.351388935673783265e-01 4.557637420619221058e-01 6.030280014259497001e-01 3.502462991700569517e-01 3.127710087291736829e-01 3.109828831696532792e-01 1.735066191835990534e-01 3.201077584387079789e-01 5.558670585607614623e-01 1.133910281673370379e-01 9.763212251787015128e-02 1.880716546705787362e-01 4.040986897055898197e-01 2.080294409788133458e-01 2.581535101130168486e-01
2.452439008928333775e-01 5.050819375542903167e-01 8.326942396351715292e-01 6.799588634873998672e-01 4.119073197369307882e-01 7.429122101953070656e-01 2.437258813129532797e-01 2.318303142618748092e-01 5.059204311604611481e-01 4.173000993561225558e-01 0.000000000000000000e+00 5.461894030367765440e-01 2.708093274762842784e-01 3.065114247725575503e-01 2.053284981936748799e-01 3.833845770658464991e-01 6.555606102841098348e-01 6.849150963529017089e-01 5.806646750496294862e-01 5.321148834881452849e-01 3.953298439804803777e-01 2.101707797769084007e-01 1.602716715829028693e-01 7.248221337214290072e-01 3.136366679603236340e-01 6.740908440300532600e-01 3.020238208348126063e-01 1.297498495361961157e-01 4.530804329467485458e-01 6.935420885864065355e-01 1.278666940915621497e-01 5.801855305764781479e-01 6.400337061768029967e-01 5.381128686913850823e-01 1.179281658657216764e-01 6.524389929235008267e-01 2.056270662401708804e-01 4.019134082904998739e-01 2.294931726196712263e-01 1.061626563826353481e-01 3.652670012546641032e-01 4.746489651426710754e-01 2.836196154362863320e-01 1.516755407804296352e-01 4.887528162754323224e-01 3.860218808680644376e-01 5.863365640242422794e-01 2.006887715699050001e-01 4.675934891666386206e-01 5.815726416140045707e-01
3.050877223735640742e-01 8.907861539779029503e-01 3.275422739320019705e-01 2.798730336323829171e-01 7.886480290753877798e-01 2.760422037296496045e-01 7.870909426209921067e-01 5.654000901267087764e-01 2.316299217964855606e-01 2.268702084690700782e-01 5.461894030367765440e-01 0.000000000000000000e+00 3.815381974610911886e-01 6.974731069796333838e-01 5.809259664128597622e-01 3.816120906448300931e-01 1.966807517896042301e-01 1.778656583173454653e-01 1.726506180236178079e-01 2.481696671888722616e-01 1.892029867384050767e-01 4.102763256585779672e-01 6.791538635359043452e-01 1.953136613478254624e-01 2.533176493349001412e-01 2.237956428801171072e-01 7.021626216713078295e-01 4.532867428024280332e-01 1.340162057540477680e-01 2.431388560619013317e-01 4.228770509109470721e-01 1.260446543018369503e-01 1.563376768395215999e-01 1.224742065591783169e-01 5.787366195093273102e-01 1.132137712594062373e-01 5.435927701597333961e-01 7.895763419305459330e-01 3.428122081181011471e-01 4.868378140101665696e-01 2.922603744098629663e-01 2.903728948463902282e-01 4.649806219253125317e-01 6.978649438172058739e-01 1.414664570984810466e-01 3.050508217880684159e-01 2.082856540180146043e-01 5.906470302101859415e-01 9.446872947062605330e-02 1.838544365705132022e-01
1.972232270761025974e-01 5.741023980843287244e-01 5.956847405962532038e-01 5.426698099780267182e-01 4.311139693846940402e-01 6.161740694776486338e-01 5.082071204857140367e-01 2.009779706315449888e-01 2.616972803694601057e-01 3.810255827643046489e-01 2.708093274762842784e-01 3.815381974610911886e-01 0.000000000000000000e+00 3.855847675519897266e-01 2.259478071161494517e-01 1.875160205865798457e-01 5.255317161647374835e-01 4.406919455619007775e-01 4.684937100700615198e-01 3.613999853652474781e-01 1.923352107226860841e-01 1.989442242773331038e-01 3.827953062063377265e-01 4.923293901903032510e-01 3.164224315677066079e-01 4.592264654518486422e-01 3.405125562597169364e-01 1.474801516090157583e-01 3.581187695251249470e-01 5.754115051936519176e-01 2.382387228959559622e-01 3.431760315375599335e-01 5.084165318708785408e-01 4.713003121789198224e-01 2.709602442058656191e-01 4.271331779478790835e-01 1.620545726986422352e-01 4.742241522458050529e-01 1.038268527822241855e-01 3.002944534966976442e-01 1.177298685736795081e-01 2.529650253951509775e-01 1.004622027140094076e-01 4.224848682567139413e-01 4.119057164696960371e-01 2.862419497712187511e-01 4.538783143664453235e-01 2.917629605693308203e-01 2.870694679904650104e-01 3.349461421300450326e-01
4.545624174057668609e-01 2.010075445328173560e-01 9.171746397349710422e-01 7.322971157495360428e-01 4.889499637873480631e-01 8.899291787399739029e-01 4.874462267170699414e-01 1.904435220689343622e-01 5.786223880652685558e-01 5.109247664750372619e-01 3.065114247725575503e-01 6.974731069796333838e-01 3.855847675519897266e-01 0.000000000000000000e+00 3.051109832371960984e-01 4.040913050245813487e-01 7.295132228306266953e-01 7.215588786126438947e-01 7.216344523176557724e-01 5.608216235311521691e-01 5.750650441519159495e-01 2.878038037351485223e-01 3.311479857754665579e-01 8.267943107063568942e-01 4.496506257794964934e-01 7.027975840730601442e-01 3.532698214020804084e-01 3.055686016036882058e-01 5.963589401761241193e-01 7.674947011329233959e-01 3.405873721275752275e-01 6.776409520536134101e-01 7.880182505443174001e-01 6.154566164376098492e-01 2.027608013860272840e-01 7.037311939454946597e-01 2.714446742964485848e-01 1.083281516903533692e-01 4.148510319928986889e-01 2.627561719205482871e-01 4.720076564804580599e-01 4.934893413408971141e-01 2.921771316934436147e-01 4.043866221074210454e-01 6.121570402650314824e-01 4.347182175418941585e-01 6.431662413733916228e-01 1.068260767694473451e-01 6.508096636257436618e-01 6.025782767644192184e-01
3.127579136077702771e-01 4.967164833740083107e-01 8.202178588990798325e-01 7.222225120476548632e-01 2.077220626625282118e-01 8.122252479788866220e-01 4.201035580162549854e-01 1.884151965051232835e-01 4.869519172535553553e-01 5.394474042277173087e-01 2.053284981936748799e-01 5.809259664128597622e-01 2.259478071161494517e-01 3.051109832371960984e-01 0.000000000000000000e+00 3.709243881429420409e-01 7.260802702546625964e-01 6.518947485189926505e-01 6.577150470067820720e-01 5.451269252048822622e-01 3.965309111213773940e-01 3.254432313338460059e-01 2.707412416252777954e-01 7.168625084931297131e-01 4.323580548107227584e-01 6.571944699925716948e-01 1.295002086610307912e-01 1.288456076752377832e-01 5.301308049039012982e-01 7.733795097343749703e-01 2.415304101749084498e-01 5.677091498403861181e-01 7.072033280644056674e-01 6.467826870263642114e-01 1.474527019796975924e-01 6.340670638518435265e-01 1.070133892640190154e-01 3.968382375354848057e-01 2.391017396310916865e-01 2.439509239035899668e-01 3.429845054577748131e-01 4.441631044171338027e-01 2.301527155835649541e-01 3.412726356622829971e-01 5.727065326731832773e-01 4.608867005168245656e-01 6.330916376715104432e-01 2.093375536714992546e-01 4.864572369422337506e-01 5.329141466707678632e-01
3.039686645311230340e-01 5.861530726502881539e-01 5.261702818166883455e-01 3.565421153682819533e-01 5.540389196616396505e-01 5.923785400424574910e-01 6.024054575192678840e-01 2.194616345431063820e-01 1.876180301469856926e-01 1.971091539911967172e-01 3.833845770658464991e-01 3.816120906448300931e-01 1.875160205865798457e-01 4.040913050245813487e-01 3.709243881429420409e-01 0.000000000000000000e+00 3.799142162535607548e-01 3.305545206943609760e-01 4.279370335517647672e-01 1.752722907555028242e-01 2.145964794567983835e-01 1.761539104220513630e-01 4.517373051826983898e-01 4.373155067946216112e-01 1.964026357558276703e-01 3.099438571263660736e-01 4.301800697904748505e-01 3.060555142886417501e-01 3.249985475496059428e-01 4.167059584587008980e-01 2.967530199114026823e-01 3.034094305028003369e-01 5.014874016622026254e-01 2.848076905239926293e-01 3.319419549593239926e-01 3.127268360272119074e-01 2.764276561825911860e-01 4.862748268117645933e-01 2.913428733688039896e-01 2.817955995720109463e-01 1.165493961329653050e-01 1.005504003115976208e-01 1.407716725593770868e-01 5.166334176466275130e-01 2.988357689378303150e-01 9.974932811629151630e-02 2.677506197567006696e-01 3.026895793067697071e-01 3.064763743695509968e-01 2.115739188461364106e-01
4.808102255480584675e-01 9.228262698288960397e-01 4.355177667511203055e-01 1.824708598578507757e-01 9.221722460056900328e-01 4.281053772362951038e-01 8.818361661590787826e-01 5.896896528706762064e-01 2.638344357952775443e-01 2.382605109279873346e-01 6.555606102841098348e-01 1.966807517896042301e-01 5.255317161647374835e-01 7.295132228306266953e-01 7.260802702546625964e-01 3.799142162535607548e-01 0.000000000000000000e+00 2.541834745341359780e-01 3.086902176908514761e-01 2.188505571232388924e-01 3.806640511932322668e-01 4.479217281049728272e-01 7.444707842575775114e-01 3.128612318406494563e-01 3.707618884512547952e-01 1.374974743884328776e-01 8.033903122382349826e-01 6.447478072572552232e-01 3.136561386659649786e-01 1.254297604315897929e-01 5.624303493369176010e-01 2.838038543447641837e-01 3.207013380812516745e-01 1.181846472411652305e-01 6.369632050791955713e-01 1.147471858453225912e-01 6.400275601024713046e-01 8.216164577815394665e-01 5.342732725729282262e-01 5.510315196571610175e-01 4.078018475910580865e-01 3.099663901939625488e-01 5.078299833154944487e-01 7.941275694887488523e-01 2.315315065830175212e-01 3.061390249868840008e-01 1.447839092888563162e-01 6.226871460611794751e-01 2.859297939254533683e-01 1.978817976623306329e-01
4.716841161611322608e-01 9.042397839964932960e-01 2.023456214225975713e-01 3.458357090554480262e-01 8.479867242700197538e-01 4.539078620469951253e-01 9.221109313859833234e-01 5.311153565437094493e-01 1.789946651924407550e-01 3.579644696103895241e-01 6.849150963529017089e-01 1.778656583173454653e-01 4.406919455619007775e-01 7.215588786126438947e-01 6.518947485189926505e-01 3.305545206943609760e-01 2.541834745341359780e-01 0.000000000000000000e+00 3.499266821198558919e-01 2.140597535544443153e-01 3.115844922537718276e-01 4.958593842887670800e-01 7.714427790494140513e-01 1.435335106989530651e-01 4.286383373614376380e-01 2.204376509957015340e-01 7.314513986615496233e-01 5.658964584175575352e-01 3.093368937805852648e-01 3.088552856756421328e-01 5.981977389374846243e-01 1.198581102433945583e-01 3.342033351568670096e-01 2.444477900484976207e-01 6.516474288260398762e-01 1.408699101951904065e-01 5.658420383668010256e-01 8.043615381579694024e-01 4.874597691743941530e-01 6.015010734387268299e-01 3.229620769882213249e-01 2.371965327875301122e-01 4.336444615798241697e-01 8.363388915133432855e-01 2.803082714121605257e-01 3.540275165272308566e-01 2.988755847366746932e-01 6.223950531734854241e-01 2.487531260194451588e-01 1.306780745116530584e-01
3.454635520909572488e-01 9.149474993159253389e-01 4.927571725341223785e-01 3.845202181013482323e-01 8.654371096693100895e-01 1.793459033892087495e-01 8.243905563625826272e-01 5.948614901136567434e-01 3.662538763152526355e-01 2.308278795605680500e-01 5.806646750496294862e-01 1.726506180236178079e-01 4.684937100700615198e-01 7.216344523176557724e-01 6.577150470067820720e-01 4.279370335517647672e-01 3.086902176908514761e-01 3.499266821198558919e-01 0.000000000000000000e+00 3.293277242123675563e-01 2.773488154045294363e-01 4.344376709966004668e-01 7.116594822710415880e-01 3.621107017645197601e-01 2.774789946729225854e-01 3.511047523294349437e-01 7.676010308172039887e-01 5.290878420600174659e-01 1.275842421028808849e-01 3.537563723996863252e-01 4.544687912093245963e-01 2.821533244366873916e-01 1.203385055658154901e-01 2.112352389794153740e-01 6.046944106845489886e-01 2.624016381000880416e-01 6.305482827687037828e-01 8.137376872685685436e-01 4.223014302595757830e-01 5.170316295226867753e-01 3.804062030759873259e-01 4.043344987441669924e-01 5.509356379992760289e-01 7.323402158300589271e-01 1.393004048926916871e-01 3.284600020784381735e-01 3.043684977504382827e-01 6.148083755482085522e-01 1.871772910564799552e-01 3.486483113562658387e-01
4.166048319623829044e-01 7.452949683967280414e-01 4.033250242743539604e-01 1.815753893785450601e-01 7.282414567235798719e-01 4.611731186731005683e-01 7.516124756382330796e-01 3.916736143590676122e-01 1.760047981950700891e-01 1.718831577516167775e-01 5.321148834881452849e-01 2.481696671888722616e-01 3.613999853652474781e-01 5.608216235311521691e-01 5.451269252048822622e-01 1.752722907555028242e-01 2.188505571232388924e-01 2.140597535544443153e-01 3.293277242123675563e-01 0.000000000000000000e+00 3.352610997163270046e-01 3.221784065477274472e-01 6.037613677323654393e-01 3.023725113548419441e-01 2.834302724379030303e-01 1.426646743414382024e-01 6.043826068524152939e-01 4.802580513505820270e-01 3.064027407956588234e-01 2.556422993283791745e-01 4.408527257309128866e-01 2.575936922831798537e-01 3.605744236063630481e-01 1.289090328558206155e-01 4.839660175089909866e-01 1.569985552478672386e-01 4.506301932445314629e-01 6.454167225582044809e-01 4.607667408254009223e-01 4.278200956976869196e-01 2.779113459148889742e-01 1.240727853092035843e-01 3.149742096213173914e-01 6.653637240689264098e-01 2.345810941799959248e-01 1.526729260732465343e-01 1.066869606263787656e-01 4.566860311203701506e-01 3.196653012014263884e-01 9.653847642463098122e-02
1.812135359668278489e-01 7.577459495357651287e-01 4.481639377651684408e-01 4.690760203707878273e-01 6.042529737839054116e-01 4.250291748121167723e-01 6.327276369899101915e-01 3.846215220829815595e-01 1.705317506815200446e-01 2.382838195297026784e-01 3.953298439804803777e-01 1.892029867384050767e-01 1.923352107226860841e-01 5.750650441519159495e-01 3.965309111213773940e-01 2.145964794567983835e-01 3.806640511932322668e-01 3.115844922537718276e-01 2.773488154045294363e-01 3.352610997163270046e-01 0.000000000000000000e+00 3.275795390609234636e-01 5.124628988910219229e-01 3.416247136363649295e-01 1.657327170165754648e-01 3.833101666683735309e-01 5.190839762620591546e-01 2.763112060451360930e-01 1.714407641591578768e-01 4.323418428003062974e-01 3.161127248431027104e-01 1.933124311977360843e-01 3.160813211481924290e-01 3.109889361143415298e-01 4.101113119963525899e-01 2.834549733290476770e-01 3.543897834213284304e-01 6.578677036972416792e-01 1.758752769206224364e-01 3.898035190779081116e-01 1.030573876714578896e-01 2.157715364040914130e-01 2.842020538815852038e-01 5.470053847609099851e-01 2.271690031459187853e-01 2.709728110961862058e-01 3.974886407564195978e-01 4.812788601450806447e-01 9.473425726777899569e-02 2.635245041238860608e-01
1.784694279566373110e-01 4.811168507334179223e-01 6.914751454110943385e-01 4.722036657706678575e-01 5.111443418663357274e-01 6.027323974189184863e-01 4.356249353326726581e-01 1.682064436988947587e-01 3.529228937413917966e-01 2.261349083852040032e-01 2.101707797769084007e-01 4.102763256585779672e-01 1.989442242773331038e-01 2.878038037351485223e-01 3.254432313338460059e-01 1.761539104220513630e-01 4.479217281049728272e-01 4.958593842887670800e-01 4.344376709966004668e-01 3.221784065477274472e-01 3.275795390609234636e-01 0.000000000000000000e+00 2.969788733531807390e-01 5.976333505821996850e-01 1.618468220443479710e-01 4.641543670896354223e-01 3.788023126372555005e-01 2.692024748692207758e-01 3.091621588550686472e-01 4.859032064072695833e-01 1.213035641722070845e-01 4.656821858294805105e-01 5.008214692232618725e-01 3.338651217119559256e-01 1.900138017666881673e-01 4.481912459440716701e-01 2.656748658949243391e-01 3.799070386860610160e-01 2.368708101385680054e-01 1.056416891499595695e-01 2.641780452361576215e-01 2.674182984988759393e-01 1.300188822717102677e-01 3.487377389815474182e-01 3.249602589439761213e-01 1.782666831513323724e-01 3.785813663075103253e-01 1.809777269657011634e-01 3.630058598905952505e-01 3.768787824405425146e-01
3.960463824282324241e-01 5.297184985571992133e-01 9.498272945457131300e-01 7.643852076406604246e-01 4.564423521577674614e-01 8.798269415173013419e-01 1.674118607649936197e-01 2.531698131367913773e-01 6.230534860710026379e-01 5.062102733295903434e-01 1.602716715829028693e-01 6.791538635359043452e-01 3.827953062063377265e-01 3.311479857754665579e-01 2.707412416252777954e-01 4.517373051826983898e-01 7.444707842575775114e-01 7.714427790494140513e-01 7.116594822710415880e-01 6.037613677323654393e-01 5.124628988910219229e-01 2.969788733531807390e-01 0.000000000000000000e+00 8.464719441397630106e-01 4.385563862227656040e-01 7.457373282742734144e-01 3.334255872890807826e-01 2.468829044467376332e-01 5.863839701295100459e-01 7.824522625598743231e-01 2.770802845323085961e-01 6.973185854870196376e-01 7.769484374987971620e-01 6.270230426648527589e-01 1.283871843894392462e-01 7.413491668969686144e-01 2.951526777154349634e-01 4.265499692934087705e-01 3.466262275302127716e-01 2.104002116248525622e-01 4.824000561652056485e-01 5.430016932595229662e-01 3.448530590345765257e-01 1.006512408201031272e-01 6.050356238883624060e-01 4.654843788114777503e-01 6.752467379977098449e-01 2.253253325728139245e-01 5.866194769333705761e-01 6.524621772011894860e-01
4.837204530582164264e-01 1.009475216090206073e+00 1.388994699727350846e-01 4.112262642732175677e-01 9.220286707616742738e-01 4.713558650774751779e-01 9.657236733056444589e-01 6.363507886374224487e-01 2.727370989333545159e-01 4.088273834680051788e-01 7.248221337214290072e-01 1.953136613478254624e-01 4.923293901903032510e-01 8.267943107063568942e-01 7.168625084931297131e-01 4.373155067946216112e-01 3.128612318406494563e-01 1.435335106989530651e-01 3.621107017645197601e-01 3.023725113548419441e-01 3.416247136363649295e-01 5.976333505821996850e-01 8.464719441397630106e-01 0.000000000000000000e+00 4.406746742585217480e-01 2.974045586136720987e-01 8.306737550596812181e-01 6.103202512938773472e-01 3.213732306776694303e-01 3.679231338780658556e-01 6.102340758345689009e-01 1.491533586527433730e-01 3.516513381873470623e-01 2.958182052823910002e-01 7.441203572450938442e-01 1.995476675017038570e-01 6.543839628889455140e-01 9.095969702516821798e-01 5.091329415640044598e-01 6.741948389337881764e-01 3.819297172231680970e-01 3.439575188877907475e-01 5.359313204360259819e-01 8.764976745018583371e-01 3.311711852697761804e-01 4.535967352450368528e-01 3.575533420431880605e-01 7.291560392737461704e-01 2.607894629165293798e-01 2.374390606119137215e-01
1.331745595244797908e-01 6.429636727777657823e-01 5.713211450281243664e-01 4.182150633630261627e-01 6.389368763539786666e-01 4.457737210952407714e-01 5.559234949442231066e-01 3.266049673910305651e-01 3.165797577395098039e-01 1.416441714006699271e-01 3.136366679603236340e-01 2.533176493349001412e-01 3.164224315677066079e-01 4.496506257794964934e-01 4.323580548107227584e-01 1.964026357558276703e-01 3.707618884512547952e-01 4.286383373614376380e-01 2.774789946729225854e-01 2.834302724379030303e-01 1.657327170165754648e-01 1.618468220443479710e-01 4.385563862227656040e-01 4.406746742585217480e-01 0.000000000000000000e+00 4.254825561885377527e-01 5.353715600433900379e-01 3.091430199592539729e-01 1.522034825313908490e-01 4.139969463509863834e-01 1.953997873442760436e-01 3.333281549936563115e-01 3.438627928995839911e-01 2.525772412100895647e-01 3.315913146362728936e-01 3.575333702766313460e-01 4.173297525133793373e-01 5.417538607304090981e-01 2.263412111752016176e-01 2.430959278073790697e-01 2.507048621593356286e-01 2.737413215432966118e-01 2.884174059638460741e-01 4.638731544116995731e-01 1.825364700419163655e-01 1.527723696120697194e-01 3.248376744220488610e-01 3.428245490100492177e-01 2.011590378462472795e-01 3.634276074856035432e-01
5.230137553416137619e-01 8.872709289386359055e-01 4.097029217156112346e-01 1.329759538691057119e-01 8.532864457435987982e-01 4.705199118748786269e-01 8.935884361801411657e-01 5.270226546905555365e-01 2.127784159868534863e-01 3.001046461013413547e-01 6.740908440300532600e-01 2.237956428801171072e-01 4.592264654518486422e-01 7.027975840730601442e-01 6.571944699925716948e-01 3.099438571263660736e-01 1.374974743884328776e-01 2.204376509957015340e-01 3.511047523294349437e-01 1.426646743414382024e-01 3.833101666683735309e-01 4.641543670896354223e-01 7.457373282742734144e-01 2.974045586136720987e-01 4.254825561885377527e-01 0.000000000000000000e+00 7.360575953614463263e-01 5.901196100201392403e-01 3.560706733045484462e-01 1.689492733820709414e-01 5.828286862728209172e-01 2.683471811177868260e-01 3.631158727198351976e-01 1.794211906212657415e-01 6.259419780508991282e-01 1.105818716207108698e-01 5.711417598403800699e-01 7.873926831001124560e-01 5.377911475123280383e-01 5.697960562395949502e-01 3.567458277826340840e-01 2.251760051171767807e-01 4.389441830534032141e-01 8.073396846108344960e-01 2.782041450895291201e-01 2.948973076939096494e-01 1.363977008532410162e-01 5.986619916622781812e-01 3.000827651999268819e-01 1.242803233218035958e-01
4.226438974181919161e-01 5.448753215388927318e-01 9.270671597838768818e-01 7.807062704097893491e-01 1.450476433462142833e-01 9.296180460866763084e-01 4.827879036800578061e-01 2.245053394836287186e-01 5.849432908743709136e-01 5.958315155805135044e-01 3.020238208348126063e-01 7.021626216713078295e-01 3.405125562597169364e-01 3.532698214020804084e-01 1.295002086610307912e-01 4.301800697904748505e-01 8.033903122382349826e-01 7.314513986615496233e-01 7.676010308172039887e-01 6.043826068524152939e-01 5.190839762620591546e-01 3.788023126372555005e-01 3.334255872890807826e-01 8.306737550596812181e-01 5.353715600433900379e-01 7.360575953614463263e-01 0.000000000000000000e+00 2.490674053901112406e-01 6.400167887143228818e-01 8.405307347356452130e-01 3.477254743882696175e-01 6.815203964069379561e-01 8.245961261721955760e-01 7.003633655430862026e-01 2.101370476435006907e-01 7.136237139944007213e-01 1.837821688660669639e-01 4.449970757003692268e-01 3.593504135532066823e-01 3.078149842617257104e-01 4.545585962884388098e-01 5.108815902442694901e-01 2.978069370817254535e-01 4.039569813260860398e-01 6.825925164836049719e-01 5.149945255191846760e-01 6.915753960336449291e-01 2.579345717054687404e-01 6.076938922006818178e-01 6.124707968133250580e-01
1.841307086610055876e-01 4.998627387148096290e-01 7.136756016998271335e-01 6.573536381933546835e-01 3.365676703377659673e-01 6.845860243684547264e-01 3.671476425456257631e-01 1.940302506040277597e-01 3.869017932251168634e-01 4.506892522736785645e-01 1.297498495361961157e-01 4.532867428024280332e-01 1.474801516090157583e-01 3.055686016036882058e-01 1.288456076752377832e-01 3.060555142886417501e-01 6.447478072572552232e-01 5.658964584175575352e-01 5.290878420600174659e-01 4.802580513505820270e-01 2.763112060451360930e-01 2.692024748692207758e-01 2.468829044467376332e-01 6.103202512938773472e-01 3.091430199592539729e-01 5.901196100201392403e-01 2.490674053901112406e-01 0.000000000000000000e+00 4.015035999571365810e-01 6.964255988643291984e-01 1.659517615174297134e-01 4.611668926411338632e-01 5.795641044539741049e-01 5.462498682759534541e-01 1.363581867722193919e-01 5.483189069110180336e-01 1.099469730014486224e-01 4.001325411842451829e-01 1.104745346843269693e-01 1.683722752461112304e-01 2.462483633193198185e-01 3.777048339379395769e-01 1.801510869922109681e-01 2.814253903166256676e-01 4.440793277264185601e-01 3.968554507643629048e-01 5.682227638172102635e-01 2.085677440618883827e-01 3.588180133318020215e-01 4.658392866983356306e-01
2.178793099880763362e-01 7.896719871743936858e-01 4.520197014472720487e-01 3.803854969088212301e-01 7.378528675664293157e-01 2.955688459554876579e-01 6.968063142597017423e-01 4.695859779721250349e-01 2.964536503383947141e-01 1.345195830440421014e-01 4.530804329467485458e-01 1.340162057540477680e-01 3.581187695251249470e-01 5.963589401761241193e-01 5.301308049039012982e-01 3.249985475496059428e-01 3.136561386659649786e-01 3.093368937805852648e-01 1.275842421028808849e-01 3.064027407956588234e-01 1.714407641591578768e-01 3.091621588550686472e-01 5.863839701295100459e-01 3.213732306776694303e-01 1.522034825313908490e-01 3.560706733045484462e-01 6.400167887143228818e-01 4.015035999571365810e-01 0.000000000000000000e+00 3.587222933747998277e-01 3.268845491064437669e-01 2.414158533498370340e-01 2.138446201836847194e-01 2.071005177868883718e-01 4.794188985430174466e-01 2.472299770134540053e-01 5.096903325112619454e-01 6.884621751270366685e-01 2.965557550169910517e-01 3.908453122056630979e-01 2.744981518306157664e-01 3.023090764314606549e-01 4.313984165449405994e-01 6.047559737271780422e-01 9.833761331787622961e-02 2.264345797657317805e-01 3.002337765579112805e-01 4.895328634066767881e-01 1.064438926799590179e-01 3.159338383442074627e-01
5.240452834477900002e-01 9.608077481311927404e-01 4.905796687885365936e-01 1.288203515513006991e-01 9.643895846068096800e-01 4.731715319451300084e-01 9.198176444613753722e-01 6.268300753680861037e-01 3.153381628012028037e-01 2.762419892302840352e-01 6.935420885864065355e-01 2.431388560619013317e-01 5.754115051936519176e-01 7.674947011329233959e-01 7.733795097343749703e-01 4.167059584587008980e-01 1.254297604315897929e-01 3.088552856756421328e-01 3.537563723996863252e-01 2.556422993283791745e-01 4.323418428003062974e-01 4.859032064072695833e-01 7.824522625598743231e-01 3.679231338780658556e-01 4.139969463509863834e-01 1.689492733820709414e-01 8.405307347356452130e-01 6.964255988643291984e-01 3.587222933747998277e-01 0.000000000000000000e+00 6.004118276392143017e-01 3.388657563821806384e-01 3.657674927900864681e-01 1.614197051408969297e-01 6.749446833814922719e-01 1.683754663763620263e-01 6.873267995821833454e-01 8.595979360838361671e-01 5.859510641800023123e-01 5.890129979594577181e-01 4.593055745969835124e-01 3.572656296736745341e-01 5.518942607899457453e-01 8.321090477910454419e-01 2.765976612918524258e-01 3.434610578343452181e-01 1.775236825781674188e-01 6.606686243634761757e-01 3.376075855325274544e-01 2.451810371420427570e-01
1.348991888762748892e-01 5.345183274634058845e-01 7.408805466041713528e-01 5.873852031586980216e-01 4.481092317181644691e-01 6.167163263550023977e-01 3.710839071823722746e-01 2.521965743675410598e-01 4.698987252974229922e-01 3.241698384089303220e-01 1.278666940915621497e-01 4.228770509109470721e-01 2.382387228959559622e-01 3.405873721275752275e-01 2.415304101749084498e-01 2.967530199114026823e-01 5.624303493369176010e-01 5.981977389374846243e-01 4.544687912093245963e-01 4.408527257309128866e-01 3.161127248431027104e-01 1.213035641722070845e-01 2.770802845323085961e-01 6.102340758345689009e-01 1.953997873442760436e-01 5.828286862728209172e-01 3.477254743882696175e-01 1.659517615174297134e-01 3.268845491064437669e-01 6.004118276392143017e-01 0.000000000000000000e+00 4.935601145271100165e-01 5.138378223364981068e-01 4.449826077441929040e-01 1.958659236363338996e-01 5.360908221703533094e-01 2.418289782214045058e-01 4.333085154160489783e-01 1.663206391157428798e-01 1.035145796144271713e-01 3.292452953916259473e-01 3.887218626710830516e-01 2.417571192693602489e-01 2.790335666498486855e-01 3.608861221838700062e-01 2.934482205393623699e-01 4.937629036955404893e-01 2.343792036956890701e-01 3.613909973797010400e-01 4.981823466127496269e-01
3.586609256508351828e-01 8.603218574374625893e-01 2.548515065674322178e-01 3.821688867773322951e-01 7.728753121089309008e-01 3.958555013590792648e-01 8.175833235859079062e-01 4.871974299846789647e-01 1.332369760590387253e-01 3.450216524603579860e-01 5.801855305764781479e-01 1.260446543018369503e-01 3.431760315375599335e-01 6.776409520536134101e-01 5.677091498403861181e-01 3.034094305028003369e-01 2.838038543447641837e-01 1.198581102433945583e-01 2.821533244366873916e-01 2.575936922831798537e-01 1.933124311977360843e-01 4.656821858294805105e-01 6.973185854870196376e-01 1.491533586527433730e-01 3.333281549936563115e-01 2.683471811177868260e-01 6.815203964069379561e-01 4.611668926411338632e-01 2.414158533498370340e-01 3.388657563821806384e-01 4.935601145271100165e-01 0.000000000000000000e+00 2.776891236743362912e-01 2.415039178235284523e-01 5.949669985923503601e-01 1.704902900058186122e-01 5.052306042362022520e-01 7.604436115989390288e-01 3.691877081183584375e-01 5.628816115020680577e-01 2.327763585704247795e-01 2.340485610161720520e-01 3.867779617832827199e-01 7.318610713569076998e-01 2.675111114003179691e-01 3.464348930601760523e-01 3.242317105024323243e-01 5.838547680467779388e-01 1.369922114815446401e-01 1.641411792289919624e-01
