0.000000000000000000e+00 5.936801809847638278e-01 5.811518183155442996e-01 5.210342305055549739e-01 5.089610002335877015e-01 4.200357343704666513e-01 4.087640410261311197e-01 3.536548578088538064e-01 3.089003467797194480e-01 2.998943919763122912e-01 2.438088788592124023e-01 2.143251441422631409e-01 2.545518527480800097e-01 3.562013985045598408e-01 4.308996202040858980e-01 4.070087082261214517e-01 1.865921240984799445e-01 3.509833213498506077e-01 1.838384370050938910e-01 3.933419235721684060e-01 5.502696259673250934e-01 5.154901870222093896e-01 1.516396805267333781e-01 1.616827126304385964e-01 1.427378469352144075e-01 3.196394058926352311e-01 1.566412703293943998e-01 3.220485556859692955e-01 2.167843380574535073e-01 3.940623929078616583e-01 1.912453808272688849e-01 3.182591853377244595e-01 4.020610122555500210e-01 3.777196030667664961e-01 2.692377325797229992e-01 2.414267740730435263e-01 4.586383644361154421e-01 2.457203770051508418e-01 5.267159004105247400e-01 5.014928370056300766e-01 2.391762820937881340e-01 3.694992555262082146e-01 1.022691400791303634e-01 2.556795113978019840e-01 3.185072041540290000e-01 2.669907607550957573e-01 3.069951790118249368e-01 4.366569541498401263e-01 2.392659699090478598e-01 3.305167095750112249e-01
5.936801809847638278e-01 0.000000000000000000e+00 1.013507834996185686e+00 1.004179552523329910e+00 1.076431292993949684e+00 6.930169869627629264e-01 7.654302720389256631e-01 6.759947476921237541e-01 3.716069128141745725e-01 8.559883120969689063e-01 4.940057686527991598e-01 5.886221656565960858e-01 7.580984482239304656e-01 8.134662865237357599e-01 8.331960856834483842e-01 2.028425061147844655e-01 5.150637888551958810e-01 9.135607919997590365e-01 6.315300030073615067e-01 8.048983057036325217e-01 9.172573120869821350e-01 9.657634774882746242e-01 4.756074862729670061e-01 4.465761427273705619e-01 7.296721774098592350e-01 6.329699703175266645e-01 6.214439818134056548e-01 5.606420307870207953e-01 4.651959974644622742e-01 8.913262047965817558e-01 5.011479174572761597e-01 7.378492004538169668e-01 8.669195151207373939e-01 9.477851951415244836e-01 7.676184254075412161e-01 8.088970668334050096e-01 8.155459395477705486e-01 3.825318337352046072e-01 9.289817899626529041e-01 1.047029503931271865e-01 5.609979366233006637e-01 8.619341484172778900e-01 5.442324962418159107e-01 5.086203222937502044e-01 8.718309042411191978e-01 6.417904111832780645e-01 7.530764796561103536e-01 1.001578673430386868e+00 4.333689594963516800e-01 2.683956568867939541e-01
5.811518183155442996e-01 1.013507834996185686e+00 0.000000000000000000e+00 5.762140618139238724e-01 5.208705486124929340e-01 9.723056662637917791e-01 8.985761013421521559e-01 3.696828009615771293e-01 6.556515115924937964e-01 2.895967196781025210e-01 7.625941688100287275e-01 6.839981301454968188e-01 3.265999655674645674e-01 4.291824089367697326e-01 2.033228903464352200e-01 8.324196178702700788e-01 5.122568566336808127e-01 3.842210419523320319e-01 4.633514439357563353e-01 2.501291125795913062e-01 1.594066847883761628e-01 1.561332835694484167e-01 6.917887509102643717e-01 6.163043516242703301e-01 4.418126873059025628e-01 8.217087388994709363e-01 4.313373193783083814e-01 8.737487546318218889e-01 7.293334695188122829e-01 4.603678885228372764e-01 5.677829227872573936e-01 2.985425586702038503e-01 1.839772310868074134e-01 4.132547718574828832e-01 3.862682934042424576e-01 3.731541637414978463e-01 2.203083542680756846e-01 7.196745494541099131e-01 1.054229718644407593e-01 9.213204910170519346e-01 4.662604877833679828e-01 2.654481006242375152e-01 6.008376802646541170e-01 6.673429215968417205e-01 2.838183055691476109e-01 3.926200907626626324e-01 3.565559131061049047e-01 4.604249012123292073e-01 5.844174838047755394e-01 7.480811482841300819e-01
5.210342305055549739e-01 1.004179552523329910e+00 5.762140618139238724e-01 0.000000000000000000e+00 6.207106568522114953e-01 9.091666580483894755e-01 8.258584569797314812e-01 4.152249273170905419e-01 6.325726397091554487e-01 3.259185045996605412e-01 7.539201927084057120e-01 6.112804857830762550e-01 5.301874008218846468e-01 2.218904610101138930e-01 5.491423218318793875e-01 8.258892198570318977e-01 5.486416609770361497e-01 5.107436353194382272e-01 3.862493501800103313e-01 3.577556198521329445e-01 5.325203200704681228e-01 5.189971009180415207e-01 6.128485189898739138e-01 6.779221295151501847e-01 3.870683603222459523e-01 7.489910945370503725e-01 5.336829464487556907e-01 7.993194833305075075e-01 6.503932375984218250e-01 1.319046598105453882e-01 5.143803198207882454e-01 5.521624289021630494e-01 4.348619423565375786e-01 4.876408515138280775e-01 2.554975440316856194e-01 4.205341270782308460e-01 4.573469729902965297e-01 6.930483105446362257e-01 5.761698146247523633e-01 9.119922085441963810e-01 4.456994190334033767e-01 3.107659611896864127e-01 5.118320445790401907e-01 6.135915359252930301e-01 4.243879890150328293e-01 4.869030021764211846e-01 3.164775466809854332e-01 5.731421082518320942e-01 5.850483869824251171e-01 7.357838956365361227e-01
5.089610002335877015e-01 1.076431292993949684e+00 5.208705486124929340e-01 6.207106568522114953e-01 0.000000000000000000e+00 9.225804072348808837e-01 9.055684323860450080e-01 5.596164624014839939e-01 7.567315943704350234e-01 3.048002180477559775e-01 7.463535517236267181e-01 7.058249166492291948e-01 3.673277282565928226e-01 4.961031687755800834e-01 4.383583555137272603e-01 8.897598202353071972e-01 6.111028075811908433e-01 1.911926585517468580e-01 5.190583138432383059e-01 4.533197745522410949e-01 5.205168334755694293e-01 4.584131757172798527e-01 6.552712492011094625e-01 6.391324665724051890e-01 3.773779615785864960e-01 8.164437972525488973e-01 4.684342832061868522e-01 8.272919439329066149e-01 7.135887294173672846e-01 4.937388192545184018e-01 6.359519224171392704e-01 4.253828927011394367e-01 3.368933175256854096e-01 1.330698053383835844e-01 3.820572063610171432e-01 2.675342261605442862e-01 4.707887979708027526e-01 7.368326527266390036e-01 4.861601686203218531e-01 9.842439490148160441e-01 5.900909541177968842e-01 3.876236341802863361e-01 5.887310236087306414e-01 7.197448078134980332e-01 2.557544447154019851e-01 5.048898595070663298e-01 4.953311579991395153e-01 1.033272156320635682e-01 6.886006091917883376e-01 8.132678215841970815e-01
4.200357343704666513e-01 6.930169869627629264e-01 9.723056662637917791e-01 9.091666580483894755e-01 9.225804072348808837e-01 0.000000000000000000e+00 6.417292701417187661e-01 7.038663266534899154e-01 4.117845736226004028e-01 7.056778510450878450e-01 2.165960740200339185e-01 4.472903732578507041e-01 6.457057006963271562e-01 7.246759796067654413e-01 8.131059487259113538e-01 4.995308235105394012e-01 5.169540060615190891e-01 7.646027283511437345e-01 5.291398954263493160e-01 7.379777773891887938e-01 9.196500480315926707e-01 9.102045534450829978e-01 2.963181390585157837e-01 3.610761795203200619e-01 5.597604779844036482e-01 5.220042995815906695e-01 5.416632822830940164e-01 1.323749561757420479e-01 3.935834934412295039e-01 7.821948204506963265e-01 4.829746955937892494e-01 7.004655138595499153e-01 7.966186987187526825e-01 7.933416740092619213e-01 6.573701601225576674e-01 6.550461810743366531e-01 8.154501994914093999e-01 3.104851532275582637e-01 9.109465094407277475e-01 5.965924066172451079e-01 5.629856556907806286e-01 7.673297270811376691e-01 4.009018802855169872e-01 4.911295542881100595e-01 7.321266111553220712e-01 6.213387285821323491e-01 6.642861727391400350e-01 8.502763611511332531e-01 4.671536348446020392e-01 4.262804852360286278e-01
4.087640410261311197e-01 7.654302720389256631e-01 8.985761013421521559e-01 8.258584569797314812e-01 9.055684323860450080e-01 6.417292701417187661e-01 0.000000000000000000e+00 5.990543168881218294e-01 4.209781038558605415e-01 6.555852437018895307e-01 4.859515858237549724e-01 2.145779711966555037e-01 6.600994884804050056e-01 6.351451909801375528e-01 7.906422393688947725e-01 5.758183378876132741e-01 5.268083576289366299e-01 7.550030457509248061e-01 4.396091067997212609e-01 6.484469887625610163e-01 8.301192594049648932e-01 8.438636622193358416e-01 3.454111310832029269e-01 4.884456129254828860e-01 5.302994201021840048e-01 1.536821028623553131e-01 5.654053113555256305e-01 5.213754243234804964e-01 3.031735893130447779e-01 6.992800425301854972e-01 3.564642123791880723e-01 7.138871726756002012e-01 7.702502145674197109e-01 7.741159968278316095e-01 5.744553822020467271e-01 6.419990297226724207e-01 7.259194108647817334e-01 4.070510009772981275e-01 8.848286207581952389e-01 6.732429280597921339e-01 4.579866473830777607e-01 6.846462451567085772e-01 3.323285928622574104e-01 2.856060139388518215e-01 7.240548398863538848e-01 6.265666200886248483e-01 5.747553841125122576e-01 8.372292097994690208e-01 4.552986588619827857e-01 4.970346151521318201e-01
3.536548578088538064e-01 6.759947476921237541e-01 3.696828009615771293e-01 4.152249273170905419e-01 5.596164624014839939e-01 7.038663266534899154e-01 5.990543168881218294e-01 0.000000000000000000e+00 3.127443886682648722e-01 2.945249580810728185e-01 4.890949939281522552e-01 3.898955732781703154e-01 2.105615661260982208e-01 2.140879169950890282e-01 2.027625187185826128e-01 4.961089610433977448e-01 1.887506787697321442e-01 3.860888273711397534e-01 1.798342400189149037e-01 1.621909546161899862e-01 2.632318129539610863e-01 3.198520596633223634e-01 4.075481875949742427e-01 3.428051767423938023e-01 2.547858304960924913e-01 5.113729364075672024e-01 2.053636189328365558e-01 5.832928939527767254e-01 4.271993984440988212e-01 3.023715795903424985e-01 2.425901045089336738e-01 1.448399285504615719e-01 2.686371427730326333e-01 4.265466570631005760e-01 1.786638002013018756e-01 3.133243012494094093e-01 1.516142822057715001e-01 4.124348497258957802e-01 2.919506429357416888e-01 5.838074037129901139e-01 1.410676695050442353e-01 2.237236732536515837e-01 3.165971169493638215e-01 3.421501033185180285e-01 3.062056291322269308e-01 9.729984216454259927e-02 1.379535675343273038e-01 4.791802308063515259e-01 2.455657842076084951e-01 4.082171790749286600e-01
3.089003467797194480e-01 3.716069128141745725e-01 6.556515115924937964e-01 6.325726397091554487e-01 7.567315943704350234e-01 4.117845736226004028e-01 4.209781038558605415e-01 3.127443886682648722e-01 0.000000000000000000e+00 4.996979876483276239e-01 2.208383124731796987e-01 2.503601710273323233e-01 4.525546317434127608e-01 4.418593737095614649e-01 4.895018512080767104e-01 1.943093763052499423e-01 1.917215908762247289e-01 6.109366180528545964e-01 2.599230901931869897e-01 4.332913928894581157e-01 5.673398182346542917e-01 6.010735388653504208e-01 1.842063181995729770e-01 1.588522022921269317e-01 3.973271469682319035e-01 2.839984752231521914e-01 3.159001653328880055e-01 2.833911426022815427e-01 1.328075182975061996e-01 5.197192919824075164e-01 1.295410046431015871e-01 4.104602681806747699e-01 5.475314288171952981e-01 6.238581019652131854e-01 3.960115125933668101e-01 4.979326020246023776e-01 4.539930412045612429e-01 1.108866124594230645e-01 5.852875554872810637e-01 2.794195688350408213e-01 1.893910238091260634e-01 4.903272356031035395e-01 2.173927675072687693e-01 1.435708697419986746e-01 5.528656830378773090e-01 3.184482132043069957e-01 3.814695668419359476e-01 6.931627821013989221e-01 9.397731467328376831e-02 1.032112559273806185e-01
2.998943919763122912e-01 8.559883120969689063e-01 2.895967196781025210e-01 3.259185045996605412e-01 3.048002180477559775e-01 7.056778510450878450e-01 6.555852437018895307e-01 2.945249580810728185e-01 4.996979876483276239e-01 0.000000000000000000e+00 5.386265183772619425e-01 4.537053739635564797e-01 2.115286083521000782e-01 2.023755562175452993e-01 2.364185252893060141e-01 6.653066855472319352e-01 4.279416917410183152e-01 1.848251307197777138e-01 2.616611412100265932e-01 1.667408257534121474e-01 2.674845493754126058e-01 2.222871654064710600e-01 4.141155528974802547e-01 4.559474431808538952e-01 1.584930107681906397e-01 5.664606085683936421e-01 2.867720871665299098e-01 5.958306763272058770e-01 4.636055407332120293e-01 1.989466670019672256e-01 3.789183156950317599e-01 2.262439243025025915e-01 1.182612912038580044e-01 1.784516222014122799e-01 1.169657020406057735e-01 1.147640954981527794e-01 2.028453160119983723e-01 4.965393486369166776e-01 2.686770757795523545e-01 7.638009681178353771e-01 3.249994497973857088e-01 1.010446853814573331e-01 3.374481046947311880e-01 4.627112010913905227e-01 9.846948441537235752e-02 3.153762507756654454e-01 1.978379714202495310e-01 2.524135076284597656e-01 4.643484177464074492e-01 5.875926552101751188e-01
2.438088788592124023e-01 4.940057686527991598e-01 7.625941688100287275e-01 7.539201927084057120e-01 7.463535517236267181e-01 2.165960740200339185e-01 4.859515858237549724e-01 4.890949939281522552e-01 2.208383124731796987e-01 5.386265183772619425e-01 0.000000000000000000e+00 2.970613311406328783e-01 4.606076222518259988e-01 5.694295142667816778e-01 5.983195863913497448e-01 3.005196052005758567e-01 3.021676437269575910e-01 5.862837524871058470e-01 3.738934300863654969e-01 5.827313120492050302e-01 7.072500049884152817e-01 7.045146221427073252e-01 1.510604885018262955e-01 1.462898171857585639e-01 3.850657159115509764e-01 3.584157355703480041e-01 3.469737774074040937e-01 1.393695731560768980e-01 2.141555158715116591e-01 6.269483551107125630e-01 3.201740509067079188e-01 4.856791515249882507e-01 6.030692041754381894e-01 6.171148184980077556e-01 5.021236947825740149e-01 4.788193255630826539e-01 6.141808479912377328e-01 1.122792535955671051e-01 6.961601471061662494e-01 3.975811883072813968e-01 3.928697291233085864e-01 6.082313819271577549e-01 2.456554149455332792e-01 3.117015767183921593e-01 5.470396844815212933e-01 4.065523662475706845e-01 5.090397073991563826e-01 6.740495056398790874e-01 2.555669247744644101e-01 2.336249535950285505e-01
2.143251441422631409e-01 5.886221656565960858e-01 6.839981301454968188e-01 6.112804857830762550e-01 7.058249166492291948e-01 4.472903732578507041e-01 2.145779711966555037e-01 3.898955732781703154e-01 2.503601710273323233e-01 4.537053739635564797e-01 2.970613311406328783e-01 0.000000000000000000e+00 4.616116833312711165e-01 4.205672197834822157e-01 5.814834957589429809e-01 3.979405391068588926e-01 3.176496140189851158e-01 5.560058294115366451e-01 2.250311356030658405e-01 4.338690175659055126e-01 6.155412882083096671e-01 6.292856910226805045e-01 1.509722341993349481e-01 2.940067160416148240e-01 3.313022037627958438e-01 1.377106087539742285e-01 3.709664144716575684e-01 3.374431985399685696e-01 1.371681602229153918e-01 4.847020713335298825e-01 1.486306477380593127e-01 5.047284290656486316e-01 5.699356634435872593e-01 5.743724810910156853e-01 3.598774110053912234e-01 4.430018133832844263e-01 5.113414396681261742e-01 2.291732021965437183e-01 6.756698771482437804e-01 4.964348216774623346e-01 2.488279037731261079e-01 4.700682739600531290e-01 1.177506216656020316e-01 1.164887886322305832e-01 5.255670347372201068e-01 4.174078764786733897e-01 3.601774129158567539e-01 6.382319934600809708e-01 2.474650942208539428e-01 3.202265087698021317e-01
2.545518527480800097e-01 7.580984482239304656e-01 3.265999655674645674e-01 5.301874008218846468e-01 3.673277282565928226e-01 6.457057006963271562e-01 6.600994884804050056e-01 2.105615661260982208e-01 4.525546317434127608e-01 2.115286083521000782e-01 4.606076222518259988e-01 4.616116833312711165e-01 0.000000000000000000e+00 3.730125377997658420e-01 2.022051073235503482e-01 5.719536068271330320e-01 2.644526442499253727e-01 1.824591693298427131e-01 3.203925517445820881e-01 2.934428122564837760e-01 3.382171387419037889e-01 2.644988527487559526e-01 4.009886070312311257e-01 3.384762825075361414e-01 1.440164389380407806e-01 5.709748533469091170e-01 1.366544664105247830e-01 5.509678516250792191e-01 4.681197855117274487e-01 4.032155632241914422e-01 4.156633246020830508e-01 1.203949278432649983e-01 1.509129980224255541e-01 2.694417952183110199e-01 2.792883013344547583e-01 1.330844729534640114e-01 2.736252352757976847e-01 4.363887646878425453e-01 2.756898060547172680e-01 6.659111042447969364e-01 3.194148798286664537e-01 2.387478390083324076e-01 3.443446708896694131e-01 4.917737283797772863e-01 1.212958854850315765e-01 1.520471710640536323e-01 3.420536551761979571e-01 2.783379724424731583e-01 3.585773170701290757e-01 4.935464082021671084e-01
3.562013985045598408e-01 8.134662865237357599e-01 4.291824089367697326e-01 2.218904610101138930e-01 4.961031687755800834e-01 7.246759796067654413e-01 6.351451909801375528e-01 2.140879169950890282e-01 4.418593737095614649e-01 2.023755562175452993e-01 5.694295142667816778e-01 4.205672197834822157e-01 3.730125377997658420e-01 0.000000000000000000e+00 3.876572898000932854e-01 6.351759538574377473e-01 3.579283949774420548e-01 3.872006869373230686e-01 1.955360841804163752e-01 1.790532963571785929e-01 3.705935960019605124e-01 3.744699698139535848e-01 4.283578405482498241e-01 5.090582159837631071e-01 2.289960988617249227e-01 5.582778285374564442e-01 3.756106849882349108e-01 6.148288048888834734e-01 4.659025591567976798e-01 1.322689527913050445e-01 3.236670538211941506e-01 3.589278455455505723e-01 2.930331393338485579e-01 3.630333634371965545e-01 1.140459624145629541e-01 2.959266390015993231e-01 2.763570853476890465e-01 5.085576321030121916e-01 4.343410116020633427e-01 7.212789425446022307e-01 2.549861530338093929e-01 1.689371581669973088e-01 3.374067699026393474e-01 4.228782699256989352e-01 3.001689521825910978e-01 2.961897361768272008e-01 9.687063789285359217e-02 4.485346201752006823e-01 3.943351209828311332e-01 5.450706296369419723e-01
4.308996202040858980e-01 8.331960856834483842e-01 2.033228903464352200e-01 5.491423218318793875e-01 4.383583555137272603e-01 8.131059487259113538e-01 7.906422393688947725e-01 2.027625187185826128e-01 4.895018512080767104e-01 2.364185252893060141e-01 5.983195863913497448e-01 5.814834957589429809e-01 2.022051073235503482e-01 3.876572898000932854e-01 0.000000000000000000e+00 6.521078685575329992e-01 3.298204791446257000e-01 2.907252208512310365e-01 3.818108542239290193e-01 2.223308927518762856e-01 1.593423380377855803e-01 1.778386493672427793e-01 5.712045384926892622e-01 4.520297692055911254e-01 3.460217742149435116e-01 6.989818358662982511e-01 2.742583498746914428e-01 7.094741722131430173e-01 6.039568609839105484e-01 4.290822510238254672e-01 4.341780269897064226e-01 1.252239015356809981e-01 1.200687158458138282e-01 3.307425787587171540e-01 3.533842273299118153e-01 2.906419706427322280e-01 1.187045524750449665e-01 5.553999670354309304e-01 1.075910719451934061e-01 7.410087417043148550e-01 3.326555919858169563e-01 2.383763606421930581e-01 5.083720379724714356e-01 5.292119763747107353e-01 1.935584392552361921e-01 2.038527313212192826e-01 2.995895951314831440e-01 3.701650348984177885e-01 4.041057344920384042e-01 5.677693989713928913e-01
4.070087082261214517e-01 2.028425061147844655e-01 8.324196178702700788e-01 8.258892198570318977e-01 8.897598202353071972e-01 4.995308235105394012e-01 5.758183378876132741e-01 4.961089610433977448e-01 1.943093763052499423e-01 6.653066855472319352e-01 3.005196052005758567e-01 3.979405391068588926e-01 5.719536068271330320e-01 6.351759538574377473e-01 6.521078685575329992e-01 0.000000000000000000e+00 3.336891796372905006e-01 7.268893192411166604e-01 4.520298948256168958e-01 6.266079730373343981e-01 7.361690949610667500e-01 7.796186360914770797e-01 2.821034051718024349e-01 2.599046699687281858e-01 5.389905508601222639e-01 4.475126314883939860e-01 4.352991404166082212e-01 3.671558673347974366e-01 2.780940896756893821e-01 7.130358721302837433e-01 3.216478092755315488e-01 5.517435916194683987e-01 6.807746737239398493e-01 7.611137223828821075e-01 5.893280927412430925e-01 6.222255940747627445e-01 6.344577224218551637e-01 1.890456702829812763e-01 7.478935728367375191e-01 1.041780423155472396e-01 3.827076039570023180e-01 6.836438157509798774e-01 3.535508696920787175e-01 3.261339590331913119e-01 6.856860628443216532e-01 4.575363952534111656e-01 5.747861469898122300e-01 8.149072006717444916e-01 2.522807423704362395e-01 9.152764372021673922e-02
1.865921240984799445e-01 5.150637888551958810e-01 5.122568566336808127e-01 5.486416609770361497e-01 6.111028075811908433e-01 5.169540060615190891e-01 5.268083576289366299e-01 1.887506787697321442e-01 1.917215908762247289e-01 4.279416917410183152e-01 3.021676437269575910e-01 3.176496140189851158e-01 2.644526442499253727e-01 3.579283949774420548e-01 3.298204791446257000e-01 3.336891796372905006e-01 0.000000000000000000e+00 4.374236374064603972e-01 2.209810492478759547e-01 3.403465887283755875e-01 4.169452660272043865e-01 4.550505961243910269e-01 3.028872257429970904e-01 1.558778265411990827e-01 2.845151955818581713e-01 4.265847822612247042e-01 1.426685243750039911e-01 4.105674808438626866e-01 3.240166190897991738e-01 4.357883132502880508e-01 1.703441452497484465e-01 2.238310373286706012e-01 3.562066337568539631e-01 4.827949882034138773e-01 3.120805338612474000e-01 3.435685814206466682e-01 3.157635501683548895e-01 2.326785187260487497e-01 4.256061834238300534e-01 4.228764448760621297e-01 1.113113532094369695e-01 3.973824314420209558e-01 2.445381562325135427e-01 2.568149227696372994e-01 3.615408879775360296e-01 1.267266223280822668e-01 2.975385881098165375e-01 5.330713089301785113e-01 9.821055832362943216e-02 2.496371021431403325e-01
3.509833213498506077e-01 9.135607919997590365e-01 3.842210419523320319e-01 5.107436353194382272e-01 1.911926585517468580e-01 7.646027283511437345e-01 7.550030457509248061e-01 3.860888273711397534e-01 6.109366180528545964e-01 1.848251307197777138e-01 5.862837524871058470e-01 5.560058294115366451e-01 1.824591693298427131e-01 3.872006869373230686e-01 2.907252208512310365e-01 7.268893192411166604e-01 4.374236374064603972e-01 0.000000000000000000e+00 3.777273805406473062e-01 3.207178458389554621e-01 3.838673268154086382e-01 3.217636690571189506e-01 5.025590578148340093e-01 4.762619655782149297e-01 2.250621842130308969e-01 6.658784106174289175e-01 3.027362723206096784e-01 6.693142650491693546e-01 5.630233427822471937e-01 3.837717977217449672e-01 4.901569460995587879e-01 2.562059473350273842e-01 2.002438108655246463e-01 1.175078656679459377e-01 2.764227586365367584e-01 1.130040160282523021e-01 3.341392913106417950e-01 5.739621517324486888e-01 3.495106619601608955e-01 8.213734480206255073e-01 4.706633984991691610e-01 2.550217054670006478e-01 4.389119363710381472e-01 5.739498314959176062e-01 1.004027363831845043e-01 3.275744323090951093e-01 3.761088025743438146e-01 9.660188369135924713e-02 5.239792071246514027e-01 6.503973205900065446e-01
1.838384370050938910e-01 6.315300030073615067e-01 4.633514439357563353e-01 3.862493501800103313e-01 5.190583138432383059e-01 5.291398954263493160e-01 4.396091067997212609e-01 1.798342400189149037e-01 2.599230901931869897e-01 2.616611412100265932e-01 3.738934300863654969e-01 2.250311356030658405e-01 3.203925517445820881e-01 1.955360841804163752e-01 3.818108542239290193e-01 4.520298948256168958e-01 2.209810492478759547e-01 3.777273805406473062e-01 0.000000000000000000e+00 2.132223313561651401e-01 3.948946019985691835e-01 4.086390048129401875e-01 2.328217563678334212e-01 3.394105896105107378e-01 1.781241109521304877e-01 3.627417443570400968e-01 2.609115496143452617e-01 4.192927207084670704e-01 2.703664749763812769e-01 2.733960024532623989e-01 1.341201941068881631e-01 3.151100501171092416e-01 3.557521455902233898e-01 3.861848214380163014e-01 1.496882230642217204e-01 2.647233645123950319e-01 2.906947534583859127e-01 3.130215479225957886e-01 4.659264664724594995e-01 5.393426590282278665e-01 1.096696960384389574e-01 2.609346405046877315e-01 1.418706857222230555e-01 2.273421857452826156e-01 3.434753735305368094e-01 2.277894975301340275e-01 1.351462773127908856e-01 4.591584095377412300e-01 2.400702508843115257e-01 3.631343461205676082e-01
3.933419235721684060e-01 8.048983057036325217e-01 2.501291125795913062e-01 3.577556198521329445e-01 4.533197745522410949e-01 7.379777773891887938e-01 6.484469887625610163e-01 1.621909546161899862e-01 4.332913928894581157e-01 1.667408257534121474e-01 5.827313120492050302e-01 4.338690175659055126e-01 2.934428122564837760e-01 1.790532963571785929e-01 2.223308927518762856e-01 6.266079730373343981e-01 3.403465887283755875e-01 3.207178458389554621e-01 2.132223313561651401e-01 0.000000000000000000e+00 1.962861115498548970e-01 1.954166734567751584e-01 4.416596383306731211e-01 4.925636261299490837e-01 2.853215446861949167e-01 5.715796263198797966e-01 3.575783964813393223e-01 6.281306026713068258e-01 4.792043569392210323e-01 2.720843599766192833e-01 3.258169359650597285e-01 2.329168124393808104e-01 1.425298142340582774e-01 3.312133699445631851e-01 2.006409534842867326e-01 2.815049212515648991e-01 1.103895727332034477e-01 5.218594298854355440e-01 2.603906530794187768e-01 7.127109617244989925e-01 2.439003690803320523e-01 1.068688674475174877e-01 3.507085676850626998e-01 4.253769347746441110e-01 2.203151094557709300e-01 2.588596112384854986e-01 1.064268005265136541e-01 3.969217050989525819e-01 3.857671401627278396e-01 5.365026488168387342e-01
5.502696259673250934e-01 9.172573120869821350e-01 1.594066847883761628e-01 5.325203200704681228e-01 5.205168334755694293e-01 9.196500480315926707e-01 8.301192594049648932e-01 2.632318129539610863e-01 5.673398182346542917e-01 2.674845493754126058e-01 7.072500049884152817e-01 6.155412882083096671e-01 3.382171387419037889e-01 3.705935960019605124e-01 1.593423380377855803e-01 7.361690949610667500e-01 4.169452660272043865e-01 3.838673268154086382e-01 3.948946019985691835e-01 1.962861115498548970e-01 0.000000000000000000e+00 1.781919387592603155e-01 6.233319089730771090e-01 5.609601878026565513e-01 4.232101852944804010e-01 7.532518969622837846e-01 3.936283556379306936e-01 8.098028733137107027e-01 6.608766275816250202e-01 4.228611885491154188e-01 4.853613696276553591e-01 2.404373116666211341e-01 1.873041407194781238e-01 4.129010567205592119e-01 3.487615934305206000e-01 3.728004486045742305e-01 1.146578218330029098e-01 6.491305460538168148e-01 1.288642617920408295e-01 8.250699681078486059e-01 3.838389346237658373e-01 2.279414006505154910e-01 5.323808383274668543e-01 5.849213684372397415e-01 2.834645904322239396e-01 3.045749777279397330e-01 2.905301210813334145e-01 4.600711860754056470e-01 4.856742677456450941e-01 6.518306253749266421e-01
5.154901870222093896e-01 9.657634774882746242e-01 1.561332835694484167e-01 5.189971009180415207e-01 4.584131757172798527e-01 9.102045534450829978e-01 8.438636622193358416e-01 3.198520596633223634e-01 6.010735388653504208e-01 2.222871654064710600e-01 7.045146221427073252e-01 6.292856910226805045e-01 2.644988527487559526e-01 3.744699698139535848e-01 1.778386493672427793e-01 7.796186360914770797e-01 4.550505961243910269e-01 3.217636690571189506e-01 4.086390048129401875e-01 1.954166734567751584e-01 1.781919387592603155e-01 0.000000000000000000e+00 6.353067819300787233e-01 5.582248049569487058e-01 3.740888058140878214e-01 7.669962997766546220e-01 3.732577727109865351e-01 8.114264713731034195e-01 6.746210303959959687e-01 3.989370301099876559e-01 5.132049500601140180e-01 2.417868432630822795e-01 1.215198581915943460e-01 3.507973989622698019e-01 3.248374349913930037e-01 3.106967908462847094e-01 1.724727255569643569e-01 6.615950027867885108e-01 1.441088061463016712e-01 8.735761335091410951e-01 4.116825150562246072e-01 2.082311397283553023e-01 5.461252411418378028e-01 6.127649488696982338e-01 2.213609326739345018e-01 3.371573811107850260e-01 3.018434739832887570e-01 3.979675283171161260e-01 5.507768509775474719e-01 7.012114374665111560e-01
1.516396805267333781e-01 4.756074862729670061e-01 6.917887509102643717e-01 6.128485189898739138e-01 6.552712492011094625e-01 2.963181390585157837e-01 3.454111310832029269e-01 4.075481875949742427e-01 1.842063181995729770e-01 4.141155528974802547e-01 1.510604885018262955e-01 1.509722341993349481e-01 4.009886070312311257e-01 4.283578405482498241e-01 5.712045384926892622e-01 2.821034051718024349e-01 3.028872257429970904e-01 5.025590578148340093e-01 2.328217563678334212e-01 4.416596383306731211e-01 6.233319089730771090e-01 6.353067819300787233e-01 0.000000000000000000e+00 1.581033188351173846e-01 2.778932876225230220e-01 2.515232854427962850e-01 2.969461886179978749e-01 1.864709643406335937e-01 1.321507359780957347e-01 4.858766813921805983e-01 1.866565565352733824e-01 4.585641036263279346e-01 5.218776071634191327e-01 5.238188136428959529e-01 3.610520210640419392e-01 3.895928972430115489e-01 5.191320604328937272e-01 1.072052027103808924e-01 6.670208186991282151e-01 3.827023060275364097e-01 2.666675166322649559e-01 4.710115880226221075e-01 1.045837412270011896e-01 2.280337695933136455e-01 4.700829406190123461e-01 3.913852497346342330e-01 3.679680336806243623e-01 5.848230773198080934e-01 2.674686465141807856e-01 2.072118293861730520e-01
1.616827126304385964e-01 4.465761427273705619e-01 6.163043516242703301e-01 6.779221295151501847e-01 6.391324665724051890e-01 3.610761795203200619e-01 4.884456129254828860e-01 3.428051767423938023e-01 1.588522022921269317e-01 4.559474431808538952e-01 1.462898171857585639e-01 2.940067160416148240e-01 3.384762825075361414e-01 5.090582159837631071e-01 4.520297692055911254e-01 2.599046699687281858e-01 1.558778265411990827e-01 4.762619655782149297e-01 3.394105896105107378e-01 4.925636261299490837e-01 5.609601878026565513e-01 5.582248049569487058e-01 1.581033188351173846e-01 0.000000000000000000e+00 2.974544324126631722e-01 3.808087914384032935e-01 2.018218160970113861e-01 2.594605004813592686e-01 2.265181945159401300e-01 5.509502919174567026e-01 2.311077530827070903e-01 3.393893343392296869e-01 4.567793869896795700e-01 5.104863687199803213e-01 4.261256315893180990e-01 3.715982404118610138e-01 4.678910308054790579e-01 1.074506797255603135e-01 5.498703299204075190e-01 3.543887987482368107e-01 2.552490302929253940e-01 5.263871545358034254e-01 2.106078651458503093e-01 2.836521465994761293e-01 4.370178975726302095e-01 2.602625490618121207e-01 4.486684091161375898e-01 5.642798470088425944e-01 1.251576963052837277e-01 1.831663729192515300e-01
1.427378469352144075e-01 7.296721774098592350e-01 4.418126873059025628e-01 3.870683603222459523e-01 3.773779615785864960e-01 5.597604779844036482e-01 5.302994201021840048e-01 2.547858304960924913e-01 3.973271469682319035e-01 1.584930107681906397e-01 3.850657159115509764e-01 3.313022037627958438e-01 1.440164389380407806e-01 2.289960988617249227e-01 3.460217742149435116e-01 5.389905508601222639e-01 2.845151955818581713e-01 2.250621842130308969e-01 1.781241109521304877e-01 2.853215446861949167e-01 4.232101852944804010e-01 3.740888058140878214e-01 2.778932876225230220e-01 2.974544324126631722e-01 0.000000000000000000e+00 4.411747849686880052e-01 1.466145861265098771e-01 4.540129770655474406e-01 3.383197171335063369e-01 2.600965227245526923e-01 2.765709598493510946e-01 2.373390499068845361e-01 2.606596310474283418e-01 2.459255260203729032e-01 1.352718623964140054e-01 1.120581681847785949e-01 3.585709519310661397e-01 3.702232139498070063e-01 4.110754156231226086e-01 6.374848334307257058e-01 2.750720736995981297e-01 2.355333853428992208e-01 2.142083107222973182e-01 3.557825847934754648e-01 2.059242685630790770e-01 2.181898473803617344e-01 1.980372162381572598e-01 3.072883482615751394e-01 3.569173828232475865e-01 4.612765205230654475e-01
3.196394058926352311e-01 6.329699703175266645e-01 8.217087388994709363e-01 7.489910945370503725e-01 8.164437972525488973e-01 5.220042995815906695e-01 1.536821028623553131e-01 5.113729364075672024e-01 2.839984752231521914e-01 5.664606085683936421e-01 3.584157355703480041e-01 1.377106087539742285e-01 5.709748533469091170e-01 5.582778285374564442e-01 6.989818358662982511e-01 4.475126314883939860e-01 4.265847822612247042e-01 6.658784106174289175e-01 3.627417443570400968e-01 5.715796263198797966e-01 7.532518969622837846e-01 7.669962997766546220e-01 2.515232854427962850e-01 3.808087914384032935e-01 4.411747849686880052e-01 0.000000000000000000e+00 4.762806762220296308e-01 3.938395740700735836e-01 1.711942725704842516e-01 6.224126800875042775e-01 2.687828318986334453e-01 6.199402528388964217e-01 6.811255794339238223e-01 6.849913616943357209e-01 4.975880197593653964e-01 5.528743945891766431e-01 6.490520484221006248e-01 2.795151507238912147e-01 7.947675401455027711e-01 5.407826263383930243e-01 3.703052669025229671e-01 6.077788827140273575e-01 2.449835276707307274e-01 1.790207204812533370e-01 6.349302047528579962e-01 5.326197002519210688e-01 4.978880216698309269e-01 7.481045746659731321e-01 3.533909888004595490e-01 3.645743134307327660e-01
1.566412703293943998e-01 6.214439818134056548e-01 4.313373193783083814e-01 5.336829464487556907e-01 4.684342832061868522e-01 5.416632822830940164e-01 5.654053113555256305e-01 2.053636189328365558e-01 3.159001653328880055e-01 2.867720871665299098e-01 3.469737774074040937e-01 3.709664144716575684e-01 1.366544664105247830e-01 3.756106849882349108e-01 2.742583498746914428e-01 4.352991404166082212e-01 1.426685243750039911e-01 3.027362723206096784e-01 2.609115496143452617e-01 3.575783964813393223e-01 3.936283556379306936e-01 3.732577727109865351e-01 2.969461886179978749e-01 2.018218160970113861e-01 1.466145861265098771e-01 4.762806762220296308e-01 0.000000000000000000e+00 4.469254332118460238e-01 3.734256083868479625e-01 4.067111088510624861e-01 3.130126696247524376e-01 1.616179150083300875e-01 2.718123547437175103e-01 3.401264638284099417e-01 2.818864485229238270e-01 2.009000570456426771e-01 3.019970941067210424e-01 3.051920139268511911e-01 3.700746300811303957e-01 5.292566378342720146e-01 2.137718678630171343e-01 3.725103952870245094e-01 2.562749650927530487e-01 3.960900016574268601e-01 2.549524822634776644e-01 1.103494904257013298e-01 3.392141212819557716e-01 3.919467833352228148e-01 2.219228506596042372e-01 3.568919417916422976e-01
3.220485556859692955e-01 5.606420307870207953e-01 8.737487546318218889e-01 7.993194833305075075e-01 8.272919439329066149e-01 1.323749561757420479e-01 5.213754243234804964e-01 5.832928939527767254e-01 2.833911426022815427e-01 5.958306763272058770e-01 1.393695731560768980e-01 3.374431985399685696e-01 5.509678516250792191e-01 6.148288048888834734e-01 7.094741722131430173e-01 3.671558673347974366e-01 4.105674808438626866e-01 6.693142650491693546e-01 4.192927207084670704e-01 6.281306026713068258e-01 8.098028733137107027e-01 8.114264713731034195e-01 1.864709643406335937e-01 2.594605004813592686e-01 4.540129770655474406e-01 3.938395740700735836e-01 4.469254332118460238e-01 0.000000000000000000e+00 2.654187679297124181e-01 6.723476457328143585e-01 3.714373029649086222e-01 5.968337373467816898e-01 6.979972966064437179e-01 6.980532107072875414e-01 5.475229854046756994e-01 5.597577177723623842e-01 7.056030247735274319e-01 1.781101970518161604e-01 8.073147329279596329e-01 4.642174504415030878e-01 4.531384809728986052e-01 6.574825523632557012e-01 2.910547055676347972e-01 3.629648287765929737e-01 6.368381478533476914e-01 5.177069520693640126e-01 5.544389980212580671e-01 7.549878978491589843e-01 3.447580276361012497e-01 2.978870542157097678e-01
2.167843380574535073e-01 4.651959974644622742e-01 7.293334695188122829e-01 6.503932375984218250e-01 7.135887294173672846e-01 3.935834934412295039e-01 3.031735893130447779e-01 4.271993984440988212e-01 1.328075182975061996e-01 4.636055407332120293e-01 2.141555158715116591e-01 1.371681602229153918e-01 4.681197855117274487e-01 4.659025591567976798e-01 6.039568609839105484e-01 2.780940896756893821e-01 3.240166190897991738e-01 5.630233427822471937e-01 2.703664749763812769e-01 4.792043569392210323e-01 6.608766275816250202e-01 6.746210303959959687e-01 1.321507359780957347e-01 2.265181945159401300e-01 3.383197171335063369e-01 1.711942725704842516e-01 3.734256083868479625e-01 2.654187679297124181e-01 0.000000000000000000e+00 5.234214000007286760e-01 1.855117548145515660e-01 5.249152779565087190e-01 5.782705115987419875e-01 5.821362938591537750e-01 3.985967396725899059e-01 4.500193267539948638e-01 5.566767790414417494e-01 1.218701734731278685e-01 6.997425652631149573e-01 3.730086534853285229e-01 2.870341898184410323e-01 5.085563066311700187e-01 1.421284598355491147e-01 1.003315280344208582e-01 5.320751369176762724e-01 4.356466337898212693e-01 4.055127522891722736e-01 6.452495068307914083e-01 2.267848329707899402e-01 1.968003405776683201e-01
3.940623929078616583e-01 8.913262047965817558e-01 4.603678885228372764e-01 1.319046598105453882e-01 4.937388192545184018e-01 7.821948204506963265e-01 6.992800425301854972e-01 3.023715795903424985e-01 5.197192919824075164e-01 1.989466670019672256e-01 6.269483551107125630e-01 4.847020713335298825e-01 4.032155632241914422e-01 1.322689527913050445e-01 4.290822510238254672e-01 7.130358721302837433e-01 4.357883132502880508e-01 3.837717977217449672e-01 2.733960024532623989e-01 2.720843599766192833e-01 4.228611885491154188e-01 3.989370301099876559e-01 4.858766813921805983e-01 5.509502919174567026e-01 2.600965227245526923e-01 6.224126800875042775e-01 4.067111088510624861e-01 6.723476457328143585e-01 5.234214000007286760e-01 0.000000000000000000e+00 4.015269720940401466e-01 4.251905913044698448e-01 3.148018715484836583e-01 3.606690139161348729e-01 1.285257064339922761e-01 2.935622894805376415e-01 3.505207697611614770e-01 5.660764729469428547e-01 4.561097438166984430e-01 7.991388608174482266e-01 3.328460713066553334e-01 1.949197878985998167e-01 3.848602069813469306e-01 4.937078984613639254e-01 2.974161514173395693e-01 3.740496544496731968e-01 2.284563762625659022e-01 4.461702706541390007e-01 4.721950392556771847e-01 6.229305479097879683e-01
1.912453808272688849e-01 5.011479174572761597e-01 5.677829227872573936e-01 5.143803198207882454e-01 6.359519224171392704e-01 4.829746955937892494e-01 3.564642123791880723e-01 2.425901045089336738e-01 1.295410046431015871e-01 3.789183156950317599e-01 3.201740509067079188e-01 1.486306477380593127e-01 4.156633246020830508e-01 3.236670538211941506e-01 4.341780269897064226e-01 3.216478092755315488e-01 1.703441452497484465e-01 4.901569460995587879e-01 1.341201941068881631e-01 3.258169359650597285e-01 4.853613696276553591e-01 5.132049500601140180e-01 1.866565565352733824e-01 2.311077530827070903e-01 2.765709598493510946e-01 2.687828318986334453e-01 3.130126696247524376e-01 3.714373029649086222e-01 1.855117548145515660e-01 4.015269720940401466e-01 0.000000000000000000e+00 3.574229602964119068e-01 4.683467501991180337e-01 5.030784300119173214e-01 2.778191927049994958e-01 3.771529300713065136e-01 3.811615210874719772e-01 2.278887085083240172e-01 5.283644083790072221e-01 4.089605734781424085e-01 1.015224350038894385e-01 3.828527786787051523e-01 1.001325392497169758e-01 9.955999880958439630e-02 4.603689821044378294e-01 2.701024077094366649e-01 2.632772469535686333e-01 5.723831101481030581e-01 1.059500567774233626e-01 2.327522605704822056e-01
3.182591853377244595e-01 7.378492004538169668e-01 2.985425586702038503e-01 5.521624289021630494e-01 4.253828927011394367e-01 7.004655138595499153e-01 7.138871726756002012e-01 1.448399285504615719e-01 4.104602681806747699e-01 2.262439243025025915e-01 4.856791515249882507e-01 5.047284290656486316e-01 1.203949278432649983e-01 3.589278455455505723e-01 1.252239015356809981e-01 5.517435916194683987e-01 2.238310373286706012e-01 2.562059473350273842e-01 3.151100501171092416e-01 2.329168124393808104e-01 2.404373116666211341e-01 2.417868432630822795e-01 4.585641036263279346e-01 3.393893343392296869e-01 2.373390499068845361e-01 6.199402528388964217e-01 1.616179150083300875e-01 5.968337373467816898e-01 5.249152779565087190e-01 4.251905913044698448e-01 3.574229602964119068e-01 0.000000000000000000e+00 1.459787236787064568e-01 3.184709531412079908e-01 3.189482792667829858e-01 2.467757844096806485e-01 1.573833823076825622e-01 4.407627375762725452e-01 2.230644622504973917e-01 6.456618564746834377e-01 2.559005252925224405e-01 2.534631549587348376e-01 4.178928801010831640e-01 4.501703933473089614e-01 1.696284479857374794e-01 9.739507387713498832e-02 2.739292707186312681e-01 3.462350436289190481e-01 3.217478536811250733e-01 4.724225137417615850e-01
