0.000000000000000000e+00 9.905022436843000655e-01 9.078748016739884852e-01 9.616232924068911503e-01 6.948287385032120289e-01 6.334320198252519907e-01 5.550747502412880507e-01 4.832672253854793376e-01 4.376874121786094585e-01 3.821945027018545660e-01 6.211214554383741593e-01 3.341322583457776996e-01 6.456905236879297849e-01 7.658098706826488300e-01 7.346961668960574343e-01 2.770851136884709409e-01 4.178471075700884163e-01 2.533879275912912510e-01 2.138726474973925151e-01 6.769678615385460452e-01 1.998860352689076636e-01 5.021198676124835059e-01 1.947836110617720828e-01 4.299261221583499659e-01 6.455679927245201455e-01 4.456846240946433779e-01 4.104110744389100063e-01 6.177385208903379832e-01 5.958067605448216231e-01 5.832767351053350646e-01 3.113417742107278396e-01 5.007155554696024469e-01 8.100572582050141746e-01 8.592800907380470088e-01 2.761359178322848607e-01 7.590984979959696233e-01 1.577278418768895407e-01 3.973277138163356925e-01 8.505920487224994941e-01 2.158117691146980710e-01 3.476516301899802985e-01 1.426413179098574013e-01 3.701709405208515880e-01 5.355342451710736196e-01 7.160290089064674790e-01 2.683624640894541891e-01 8.262600772550400263e-01 4.609925131394272402e-01 5.296317673500609002e-01 1.509295984817433656e-01 8.708813407001513296e-01 5.892693945151673551e-01 5.858873629585545917e-01 3.873977565489738484e-01 7.004867607978179089e-01 6.203160968776398887e-01 1.287129419508954986e-01 2.646151361523745860e-01 3.226809948602670786e-01 6.873681522692872692e-01 3.869035308172556475e-01 3.675792327065862675e-01 1.148911376970825488e-01 3.342192252701600141e-01 3.784445919703261496e-01 7.127153415306397566e-01 5.293979446220195006e-01 7.204307946050996225e-01 4.896134654297636390e-01 5.458059660336169738e-01 8.236417828231862304e-01 2.925181918619036980e-01 6.050400057775602303e-01 8.630965922722043659e-01 3.015362197035813541e-01 1.198154066827158554e-01 1.488780480616743174e-01 6.938649307976290093e-01 6.401261771681742152e-01 3.880404539224528437e-01 6.383623584260472716e-01 1.289589086876234136e-01 2.686906002193341081e-01 8.650627662285664821e-01 8.171047868547390847e-01 3.205117932979280049e-01 5.830664674152528093e-01 2.890542105559399388e-01 3.779888406620487418e-01 5.371685772450672802e-01 2.199434025222969935e-01 4.748911142315479506e-01 3.971099251100435601e-01 4.724261503900661352e-01 4.386927494922998605e-01 1.206282667673520409e-01 4.011375687451704253e-01 4.174633041873604400e-01 6.712737478691209736e-01 3.563140964621870910e-01
9.905022436843000655e-01 0.000000000000000000e+00 9.154683986129118489e-01 8.391486278018178702e-01 1.156184391804716327e+00 1.181355044637443008e+00 5.505460985147713204e-01 6.834729789321958293e-01 1.414635660789160587e+00 8.540025763024872152e-01 6.277926704962799587e-01 8.675162231588312567e-01 5.254839121277411484e-01 2.831739209636842114e-01 8.622815894656716829e-01 8.086804609111044595e-01 6.046561534999297383e-01 1.230336176201842102e+00 7.856002486862514456e-01 4.946626493012142300e-01 9.201520744786304551e-01 9.661456309401810216e-01 8.416768451846466936e-01 6.796144297386650379e-01 4.673135895874865886e-01 1.011862108754020939e+00 6.877975950262652516e-01 6.976525182053793239e-01 4.153350429926331300e-01 8.028918982011047367e-01 7.134039838296463154e-01 5.475940816120291599e-01 6.754144720832515603e-01 8.490610226348107581e-01 1.253084166442836045e+00 7.749983957502536436e-01 8.635188963142841345e-01 7.082931349397236787e-01 1.443192591165494143e-01 8.646763724435593268e-01 7.569232169937294419e-01 1.124004431542270144e+00 7.346894285353183784e-01 5.490163843105066999e-01 7.302793973226688884e-01 8.261610948445951008e-01 9.059451411889947181e-01 7.816968982845379221e-01 5.581119433504763139e-01 9.522002717401977234e-01 8.724112033487291251e-01 1.045967653144949105e+00 6.186897279387530979e-01 6.961860137281182803e-01 5.070373150567522025e-01 5.347477895566689066e-01 9.670313288972411936e-01 9.178784781435792572e-01 6.721552676425505135e-01 3.931548246677251668e-01 8.660210415403170048e-01 1.344527481317136841e+00 8.991563001708646752e-01 9.130096429147379622e-01 6.605080199272690411e-01 6.066901782434346302e-01 1.079531536862590624e+00 5.984544842046889412e-01 5.088162958904199895e-01 6.094038418048265404e-01 8.735156406367428072e-01 7.555558675143778657e-01 4.325076560334447096e-01 9.056759912175701421e-01 8.325469200496374844e-01 8.706868370015844460e-01 1.125826296672225002e+00 3.192506302846140342e-01 7.944587987227583747e-01 6.141278948440049845e-01 4.499412423750951406e-01 9.374568643943924640e-01 8.245561679382724662e-01 7.548635660755288468e-01 8.078880585291960958e-01 7.761517032424939400e-01 7.139484796547775902e-01 8.230094609458715738e-01 7.584576836854760584e-01 6.947739838478410590e-01 7.730178990653862048e-01 6.259469257699725731e-01 9.517339636938249026e-01 5.728930722087401950e-01 9.220327948622104586e-01 1.008996044073640297e+00 6.866225895346870223e-01 6.918644286239006291e-01 7.886846300322487568e-01 1.339629885447202406e+00
9.078748016739884852e-01 9.154683986129118489e-01 0.000000000000000000e+00 8.873648018448286878e-01 1.336200942176465123e+00 1.277951778319181164e+00 7.150431806890241715e-01 4.619199933720703477e-01 1.327037197295892090e+00 1.034700109947785718e+00 3.818439938412549473e-01 9.491113466970508838e-01 6.208402243037217660e-01 6.405142558177634449e-01 2.816597309746094457e-01 7.207942452715428994e-01 7.339876845739558009e-01 1.142737712708573827e+00 7.707017775365917478e-01 4.372922790760853107e-01 9.540255346241234280e-01 1.143492071285736378e+00 9.876049970469424899e-01 5.589624323472878187e-01 5.531849472039065407e-01 1.111726935120848969e+00 8.930903546441969487e-01 2.979558236102882174e-01 6.221495401955715598e-01 4.208251248274085810e-01 5.993538568131292488e-01 5.592031144765307049e-01 7.379738997649786247e-01 1.611449355322785715e-01 1.165485702949567770e+00 1.493753558876859400e-01 7.556564920475045133e-01 8.075088216192981561e-01 7.711491394963625456e-01 9.214982758152451270e-01 9.421465801287532971e-01 1.036405968049001647e+00 8.433791875979025354e-01 7.617621724134271410e-01 2.688784267928016058e-01 8.509179259149121100e-01 2.368955128002644406e-01 4.581427935611554481e-01 5.850992406363856313e-01 1.045935529255501262e+00 1.240119991813600359e-01 1.228545251348534650e+00 4.078279254354333916e-01 6.553908142794016012e-01 4.401876039608231816e-01 5.267518330976953544e-01 8.585901791737938771e-01 1.053610257723282206e+00 6.770869159039180074e-01 5.223135739451867376e-01 1.029585013630885948e+00 1.256929017823867900e+00 8.841797843239683763e-01 1.018189638923315599e+00 8.347344627132066153e-01 3.102837889991564846e-01 1.174935422978637067e+00 6.343775597891204709e-01 6.754652098482413214e-01 4.836909548203749964e-01 1.437109099818996150e-01 8.123777708860636659e-01 5.513764250727311023e-01 2.348608696006492802e-01 9.513937910638926576e-01 8.019162763737445188e-01 1.038227833178956727e+00 6.396250601944489800e-01 3.012242458396765521e-01 5.831317546930666618e-01 6.469829787571619306e-01 9.662153280841233594e-01 9.417900336525893978e-01 7.996183307214340674e-01 1.126001823636482990e-01 6.222612661424753444e-01 3.990755054974536864e-01 9.865734330364407390e-01 9.543815091990952570e-01 3.830112517301246799e-01 7.048365035795841615e-01 8.343195366788257461e-01 1.046105105896205867e+00 7.581942258373073340e-01 1.095402301297311531e+00 9.688307606608445033e-01 5.141152397082662251e-01 7.289719336901775426e-01 3.434100100093066543e-01 1.251929268378996429e+00
9.616232924068911503e-01 8.391486278018178702e-01 8.873648018448286878e-01 0.000000000000000000e+00 1.208909088167023915e+00 1.197778461094542779e+00 6.818528630603273299e-01 5.779863842002529450e-01 1.385756709511750895e+00 9.096122331436329311e-01 6.766604242069375053e-01 8.725723419429698424e-01 3.232446828363601532e-01 5.988019436308731347e-01 8.100389705288409958e-01 8.427336777915382937e-01 6.037754784188700263e-01 1.201457224924432632e+00 7.603656298726193530e-01 4.836501595227192807e-01 9.938411210147243269e-01 1.018870327302488610e+00 8.719233569255003813e-01 7.967846120853891989e-01 6.250811811525733841e-01 1.030788098023772914e+00 7.595303028013522528e-01 6.332615463994032412e-01 5.076430721871219021e-01 7.877755290101809971e-01 6.781027836268147535e-01 4.667580055482039025e-01 1.637341557185661989e-01 8.263947995300660043e-01 1.224205215165426575e+00 7.385884981668100480e-01 8.346399450368751083e-01 8.170055108744505024e-01 6.992384328400169657e-01 8.558721120583218100e-01 8.096479133560369190e-01 1.095125480264861118e+00 7.537420859596032363e-01 6.469094036914864176e-01 7.284098726613669195e-01 9.106200215333276615e-01 8.588324799132820431e-01 7.067793931242530858e-01 6.966379865134803007e-01 9.824467834810514111e-01 8.409432778853753732e-01 1.098692349507256694e+00 5.193252156464548408e-01 8.347120568911222671e-01 5.928178836589795830e-01 3.657597046761079662e-01 9.496508811399860805e-01 9.630048011803508112e-01 6.525333158779724751e-01 5.085827211202884612e-01 9.111473645770884477e-01 1.315648530039727815e+00 8.762869346766232193e-01 9.320623003390228201e-01 6.986726491714283505e-01 6.137438348706285574e-01 1.094762105753999792e+00 2.534606830143421030e-01 5.025745652167349364e-01 7.499584425785573716e-01 8.323453416633211921e-01 7.467516071291403490e-01 4.113083163840796086e-01 8.872563663767910613e-01 9.042343879542267260e-01 8.418078857241753088e-01 1.096947345394815976e+00 5.492283783218169235e-01 7.324833480433767807e-01 5.788266946411733116e-01 5.844109399055394949e-01 9.275348788217300244e-01 8.450023318733687061e-01 9.656052617832464047e-02 7.838501237202518679e-01 7.554213082756789932e-01 7.611141759192404654e-01 8.681357839826432388e-01 8.140673405266217744e-01 6.111604476881781212e-01 7.441389477879770675e-01 7.245159193411321308e-01 9.666809034395426048e-01 6.182716588312388017e-01 9.747574912245180467e-01 1.045442232056743803e+00 6.400729411647159139e-01 8.263341261543453165e-01 7.974593766098727610e-01 1.310750934169792492e+00
6.948287385032120289e-01 1.156184391804716327e+00 1.336200942176465123e+00 1.208909088167023915e+00 0.000000000000000000e+00 9.098407996442140488e-01 7.292158207563512740e-01 8.742809488043943311e-01 1.084072150840408755e+00 3.837427516663997618e-01 1.026557680861823307e+00 6.320348027667496149e-01 8.858295285297079769e-01 9.404113388072629087e-01 1.190855770375261580e+00 6.784121743561943862e-01 6.225202174189432558e-01 9.080498603243892797e-01 6.886883138876657151e-01 9.174424010396925455e-01 5.599976111878266494e-01 1.956381309026854198e-01 5.026784072481658150e-01 8.503657021208216316e-01 9.095538174222773664e-01 7.327473098526106066e-01 5.198940064303536612e-01 1.046420358870843170e+00 7.408493488120831971e-01 1.024354644506325407e+00 7.819003528077654863e-01 8.035563077290271972e-01 1.048559641783797236e+00 1.286777003727048285e+00 9.225206564940838794e-01 1.187424638498446372e+00 7.474050424333908982e-01 6.268014630502821705e-01 1.018740134345877291e+00 6.158493162904000728e-01 3.992611748109868297e-01 8.064124314939855598e-01 5.326274399487830324e-01 6.385817886803407673e-01 1.141097415571851847e+00 5.670246628298868385e-01 1.257421115943845535e+00 9.284492677044940967e-01 8.559671170461455869e-01 5.585738983806010083e-01 1.293190242924413536e+00 1.234110618635149148e-01 9.549314967701243440e-01 7.485291230969349785e-01 9.855303595996388610e-01 9.033950823676546449e-01 6.773648672729163378e-01 4.674302146333019214e-01 6.696665513864585861e-01 8.716478692106118809e-01 3.079252076859564369e-01 1.017991497287076941e+00 6.998881109855871197e-01 6.252200868396013966e-01 5.106362498707348596e-01 1.054940982996898313e+00 8.097953077149826484e-01 9.792351857132861603e-01 7.083007796238022236e-01 9.422791493564407483e-01 1.254066683994477849e+00 6.188573193022162133e-01 8.185596456035773016e-01 1.302998447116813674e+00 4.872058539578850156e-01 7.945665727950972368e-01 8.067471025705613696e-01 8.467941979465212210e-01 1.086112615430816053e+00 7.534633442106176693e-01 8.127026353403804526e-01 5.978747591364750313e-01 5.188423577541279030e-01 1.117452479900382212e+00 1.239413689079001513e+00 7.795873373393135131e-01 1.004960264588300456e+00 4.116763485008015921e-01 4.470119596735740997e-01 9.569042253380970475e-01 7.453407155678389850e-01 6.164334917918220524e-01 6.840632522776941560e-01 5.958760137064450513e-01 2.641848028147427141e-01 6.145953560418583317e-01 8.414881849108384326e-01 6.960903989738365105e-01 1.107616125418725561e+00 1.007203315915037534e+00
6.334320198252519907e-01 1.181355044637443008e+00 1.277951778319181164e+00 1.197778461094542779e+00 9.098407996442140488e-01 0.000000000000000000e+00 8.315773333138043455e-01 8.160317849471101503e-01 1.039879350433845273e+00 6.121469962331871351e-01 1.078035684344165190e+00 3.453825615682254990e-01 8.756853953989527373e-01 9.606579500676246663e-01 1.132606606517976733e+00 8.323314955494296452e-01 5.940029826756730857e-01 8.640010651085477944e-01 5.841536197559636934e-01 9.259607342986234668e-01 7.197627795773785531e-01 7.171319287534855258e-01 4.922958358346857799e-01 8.912881315014575812e-01 9.470400992742132873e-01 1.904813866230679609e-01 6.377649439341873672e-01 9.881711950135587674e-01 7.716336582109896147e-01 1.004256870572864058e+00 7.185471612196108193e-01 7.641066611119722296e-01 1.038599518924651743e+00 1.232296286169999533e+00 8.781584947192538904e-01 1.129175474641161303e+00 7.485320780345894320e-01 7.776006712260682407e-01 1.041700948620582157e+00 4.505173255058765869e-01 5.422815489329255723e-01 7.563159745573450055e-01 4.466656161021249072e-01 7.186395227055378809e-01 1.139232326306393706e+00 7.302728556168096574e-01 1.199171952086560688e+00 8.702001038472098049e-01 9.826051160989974775e-01 5.974580218246533514e-01 1.234941079067129355e+00 8.021851088162835763e-01 9.128685651694343761e-01 8.993283312727209378e-01 9.990954148194360895e-01 8.757746023972585725e-01 7.460436299149116879e-01 6.036749578036487707e-01 6.114173875291742943e-01 8.873811860825195907e-01 6.032248710986354290e-01 9.737986968805133481e-01 5.626656093703730210e-01 3.014534565297271596e-01 5.460675878544982709e-01 1.061974672313602985e+00 1.085557242850864051e-01 9.696130843572281499e-01 6.978331368449934846e-01 1.005992734927697141e+00 1.195817520137193446e+00 4.942439150374175472e-01 8.231046434701840830e-01 1.262174843328172313e+00 7.011396586073740389e-01 6.528314991003373313e-01 7.636123827631685623e-01 8.725290027328435061e-01 1.027863451573531872e+00 6.952141803533332665e-01 8.697145845995662983e-01 5.044731111376283827e-01 3.988093338214508954e-01 1.104311094760660250e+00 1.181164525221716444e+00 8.113792861675612755e-01 1.024730772850206639e+00 5.475489266711918157e-01 6.237988825371895141e-01 8.986550614808129778e-01 6.731382187639969317e-01 7.324639475126292210e-01 2.451757758882686100e-01 6.401398807741526253e-01 6.646974074772354912e-01 6.602167448741297351e-01 7.832390210535538078e-01 8.468896071496224698e-01 1.094469006510190967e+00 9.590181514406476149e-01
5.550747502412880507e-01 5.505460985147713204e-01 7.150431806890241715e-01 6.818528630603273299e-01 7.292158207563512740e-01 8.315773333138043455e-01 0.000000000000000000e+00 4.575424813941293412e-01 9.430891985986548098e-01 3.849244118199007247e-01 3.347549344503741309e-01 5.407621735452337042e-01 3.665393089222536704e-01 3.213747325070768213e-01 5.833112472312849128e-01 2.819430550382328038e-01 2.865053785409344966e-01 7.625610236447110113e-01 4.923761385961064052e-01 3.427109455562139528e-01 4.045273851045329550e-01 5.436351643202588235e-01 4.543337512424913682e-01 2.609536995438414553e-01 1.884228581220501741e-01 6.582678500994219029e-01 2.093218143259976127e-01 5.374340775623543953e-01 1.787890818233894008e-01 4.228775374261219966e-01 3.631010980304487656e-01 3.572786573905037955e-01 5.181187073417612421e-01 6.213095796795201631e-01 7.815377042523301565e-01 5.802029765311709220e-01 4.146259537047706223e-01 1.577470364249523582e-01 4.143935616774652164e-01 5.472670681975475571e-01 3.581391295168899758e-01 6.723666998437551889e-01 4.111976047318287031e-01 1.343982801165810315e-01 4.791782437488504298e-01 2.924568068560093881e-01 7.113647646000933467e-01 3.890280155976024723e-01 1.516365232137600327e-01 5.068290473728881418e-01 6.727921097822826546e-01 6.178765502191402303e-01 4.658497267194348090e-01 1.694486078552466801e-01 3.135734809506851017e-01 3.785027126608472292e-01 4.320280136004926441e-01 4.363907354889222101e-01 3.904396516205339562e-01 2.543755218241682825e-01 4.635713677111380493e-01 8.734474611033388181e-01 5.943133622355742940e-01 5.519624654793031659e-01 3.039650873090658512e-01 4.285351776993409634e-01 7.308527145756402721e-01 4.421234115418576915e-01 2.382060257761555722e-01 2.399626489180528566e-01 6.787202214176604187e-01 4.381465632683659850e-01 2.752118912919545024e-01 6.548832270070171768e-01 3.341742688295328834e-01 4.978092844202484102e-01 6.593600998700689386e-01 2.313028188670842311e-01 5.564474048317854527e-01 3.598588944511658672e-01 1.082913829500102010e-01 5.505931343722841875e-01 4.527637999797204937e-01 5.975678013340386396e-01 6.074628406053080854e-01 2.677569847487530907e-01 3.444544837581689500e-01 4.301389781541646862e-01 2.975580372085958047e-01 4.948264134184770513e-01 4.313300972901965569e-01 1.192763559898016579e-01 6.030551414068746618e-01 2.192568679424531097e-01 4.875168088265411925e-01 4.836410976045403265e-01 4.012848085301459200e-01 1.514239354901279477e-01 4.783162848122750055e-01 8.676599857131683802e-01
4.832672253854793376e-01 6.834729789321958293e-01 4.619199933720703477e-01 5.779863842002529450e-01 8.742809488043943311e-01 8.160317849471101503e-01 4.575424813941293412e-01 0.000000000000000000e+00 9.049446274599158846e-01 5.809318966811928275e-01 3.345981511566851196e-01 4.871913533249803141e-01 3.159045512156234969e-01 4.321393539276996432e-01 3.285228490035751459e-01 3.290060987447125385e-01 2.720676912018854532e-01 7.206451428725978436e-01 3.087817841645214001e-01 2.179411277614626830e-01 5.489265734186106194e-01 6.815720779136658081e-01 5.256850036748719202e-01 2.281450422733659888e-01 4.224940767742850767e-01 6.498069417487783994e-01 4.553120484226326203e-01 1.831633804239323204e-01 3.216407961367060975e-01 2.271862498592654156e-01 1.807613837577987104e-01 1.640153898422880285e-01 4.306655413428494006e-01 4.162645012228893826e-01 7.433931331135913423e-01 3.131436896940515968e-01 3.430963275333144824e-01 4.411588957849580384e-01 5.435627839703954800e-01 4.595782824431748348e-01 4.802265867566828939e-01 6.143133982130256632e-01 3.814591942258321322e-01 3.759339579414057164e-01 3.232005413592839993e-01 4.503785483379295629e-01 3.941641374969345746e-01 1.299930333133178795e-01 3.552366942639079705e-01 5.886214097307530535e-01 4.189092941200186493e-01 7.666252579764638586e-01 1.201497208399845834e-01 3.194376277282321430e-01 3.223968283449899497e-01 2.123946714922547441e-01 4.534912179682810685e-01 6.195224568620781858e-01 2.151669225318476597e-01 3.217437590165708183e-01 5.676650202588157113e-01 8.348364479878928046e-01 4.247030889685253219e-01 5.562696455512446958e-01 3.728144693411361565e-01 2.570300645944246232e-01 7.130154296065663866e-01 3.245257011859107865e-01 2.203917023828727562e-01 3.092149532328982708e-01 3.908097055475667769e-01 3.504577775139933182e-01 2.830105825175363021e-01 4.571670287385460330e-01 5.508544134869099995e-01 3.634518187027635516e-01 6.161352633429806325e-01 3.868356660455250506e-01 2.258484632173428930e-01 1.212117613209963418e-01 4.101324609943537425e-01 5.051946377880928152e-01 4.798700402805189391e-01 4.889511803179885097e-01 3.651327402746066264e-01 2.278309357615934116e-01 2.656163000809756425e-01 5.246534396643703912e-01 4.991986700794009413e-01 9.364724689118650303e-02 2.633268657361416132e-01 4.611669027802695053e-01 5.841851125241352971e-01 3.344290331808612571e-01 6.334823079252410727e-01 5.611751216067767389e-01 9.096558922335609698e-02 3.994996248198778299e-01 3.152284139287023224e-01 8.299388521179574818e-01
4.376874121786094585e-01 1.414635660789160587e+00 1.327037197295892090e+00 1.385756709511750895e+00 1.084072150840408755e+00 1.039879350433845273e+00 9.430891985986548098e-01 9.049446274599158846e-01 0.000000000000000000e+00 7.637301411844370502e-01 1.031061808886274189e+00 7.409946969907239556e-01 1.069823940792790085e+00 1.189943287787508908e+00 1.153211808814235573e+00 6.741724610375623428e-01 8.540548319161049839e-01 2.596142002138647764e-01 6.500803718434088330e-01 1.101101278643406012e+00 5.812370993634047300e-01 8.913632799496798986e-01 5.906810354384703921e-01 8.365576618038573775e-01 1.050617157599341711e+00 8.521319547032366604e-01 7.984255227962766543e-01 1.036900916512241810e+00 1.017737577704971752e+00 9.946828967421215140e-01 7.321239086517803418e-01 9.248489725744628576e-01 1.234190675309874585e+00 1.269220444185947372e+00 1.657624422992904356e-01 1.178260893617872895e+00 5.734956391963520472e-01 7.853421621737024516e-01 1.274725465827359461e+00 6.376101222101387966e-01 7.416280348322137339e-01 3.185005771669812691e-01 7.660683648975499249e-01 9.295106498133069994e-01 1.125969362354367842e+00 6.563769124468209482e-01 1.245422472876942965e+00 8.801549087613305122e-01 9.346809322248823548e-01 5.310294531028580955e-01 1.290043736322055157e+00 9.776488263079968766e-01 1.007561722160032147e+00 7.924469214237951364e-01 1.107118300443324932e+00 1.044449513982500299e+00 5.212618686440259053e-01 6.436909544289133311e-01 7.497627623364062632e-01 1.111501569374148124e+00 7.761469431544520958e-01 1.124542932309177679e-01 5.512255079502137445e-01 7.406665558787531856e-01 7.724209966125594740e-01 1.131877737152543029e+00 9.358452752306126721e-01 1.144564211709959700e+00 9.166952329059029347e-01 9.524375056791243299e-01 1.242804178445089835e+00 7.288525621150349076e-01 1.029173422882420752e+00 1.276596423015109671e+00 6.828872837980783927e-01 5.478020831637692156e-01 3.187529755606741677e-01 1.117998347902489309e+00 1.059288572790077598e+00 8.121738710273134210e-01 1.037631510097621890e+00 5.358213473325696974e-01 6.713035022785550643e-01 1.289196183333426449e+00 1.236267182476642912e+00 7.304521467458281458e-01 9.930068208631528393e-01 6.741966605033143933e-01 7.660032890194153898e-01 9.563309728669708853e-01 6.416177617237743824e-01 8.629055625889147096e-01 8.039723637549897051e-01 8.664025550322993485e-01 8.238351994396743150e-01 4.985697497630396380e-01 8.219197031862229830e-01 8.145506515364517863e-01 1.081214101317021115e+00 8.903502136253885202e-02
3.821945027018545660e-01 8.540025763024872152e-01 1.034700109947785718e+00 9.096122331436329311e-01 3.837427516663997618e-01 6.121469962331871351e-01 3.849244118199007247e-01 5.809318966811928275e-01 7.637301411844370502e-01 0.000000000000000000e+00 6.661196628768766281e-01 3.343409993557226456e-01 5.865326735063174368e-01 6.382295233050341299e-01 8.365070395366029921e-01 3.139058646762428184e-01 3.270201262459710989e-01 5.862972912482730115e-01 3.953392617644639895e-01 6.152605855374639887e-01 2.042201629583218214e-01 2.046574634578431084e-01 1.955309003897783560e-01 4.896578645662916229e-01 5.733472699419510654e-01 4.350535064415837483e-01 1.845137952702357587e-01 7.496113960772377016e-01 4.386675333098543073e-01 6.636468069517951207e-01 4.742013919495323693e-01 5.064940824509792661e-01 7.489304040345590163e-01 9.299670777785156162e-01 6.021786468381126189e-01 8.859238062697669669e-01 3.769127411635174729e-01 2.671453866548004208e-01 7.165583188436484008e-01 3.087018094320126416e-01 1.428561512010504686e-01 4.900194321524427021e-01 2.392783878255812235e-01 3.216872368611615740e-01 7.806593975869049462e-01 1.950051393974275293e-01 9.404204607220674195e-01 5.767183321702478160e-01 4.955290990611991853e-01 2.328388946541765925e-01 9.991765605239781856e-01 2.709358961024501689e-01 6.578692714920764129e-01 3.880911051119884658e-01 6.833485440974100822e-01 6.063328570896069358e-01 3.152838403800078959e-01 1.231097883091859246e-01 3.763174992632568050e-01 5.694660537083831020e-01 1.124986142324862631e-01 6.971837287069008182e-01 3.927406041271997994e-01 3.275262834285744828e-01 2.219290933552759137e-01 7.527591674946692013e-01 5.121015043039557346e-01 6.790077517765349402e-01 4.090039246004113505e-01 5.818411313714941802e-01 9.457669514312134762e-01 3.255082671790145987e-01 5.163778301013484118e-01 9.422906095622836098e-01 1.151863305254257341e-01 4.631628940317320531e-01 4.830963674736306057e-01 5.446123824442923311e-01 7.528742088450883774e-01 4.601142920874161657e-01 4.801144339246391501e-01 2.907272522780876556e-01 2.211485543431007394e-01 8.181556248769910056e-01 9.359015793076741474e-01 4.150810276593619452e-01 6.445222466033537767e-01 9.801781406314150069e-02 9.554489261701110125e-02 6.635551732148955439e-01 4.513891982900518629e-01 2.656480558300992056e-01 3.863694488666671312e-01 2.936941982042162724e-01 1.231123172593140136e-01 2.682557164391767279e-01 5.481391327876368180e-01 3.356523809888901089e-01 7.469082878641950529e-01 6.868613062590661622e-01
6.211214554383741593e-01 6.277926704962799587e-01 3.818439938412549473e-01 6.766604242069375053e-01 1.026557680861823307e+00 1.078035684344165190e+00 3.347549344503741309e-01 3.345981511566851196e-01 1.031061808886274189e+00 6.661196628768766281e-01 0.000000000000000000e+00 7.429633528311408996e-01 3.998822311106874361e-01 3.503166888663067913e-01 2.800577379332558348e-01 3.845928067927982807e-01 5.397483433033465339e-01 8.499070773090672271e-01 5.420043988213411046e-01 2.018331359723439800e-01 6.227281547378845650e-01 8.409770244257308569e-01 7.741795187241308218e-01 1.960388716405963017e-01 1.957760920798831128e-01 9.118108411458339946e-01 5.440767487763716881e-01 2.027023434026701265e-01 3.623348784987329152e-01 1.855691146126589586e-01 3.594885231245544821e-01 3.664211144894473637e-01 5.261366038337066398e-01 2.881103928317504947e-01 8.695103145399499800e-01 2.470037896834013924e-01 4.633936135614845631e-01 4.301465651047848837e-01 4.834734113797305999e-01 7.054031217893704797e-01 6.764798701528156322e-01 7.481791561969022286e-01 6.434630936228876719e-01 4.483617202382879641e-01 1.459790569010808170e-01 5.019955714249696443e-01 3.848560243775358547e-01 2.198583089141012969e-01 2.048109943977356184e-01 7.450382696137232141e-01 3.395929229345129863e-01 9.108496202628144633e-01 2.480596697578273668e-01 2.780285577648882178e-01 1.208503051600228473e-01 3.205795615924321718e-01 5.430924713902208767e-01 6.946226179470711415e-01 4.677361525535578823e-01 2.346378458285547086e-01 7.695486396376138849e-01 9.614200713909585305e-01 6.434501456974112132e-01 8.182735449483002910e-01 5.976791060066058980e-01 1.138341989134011578e-01 9.750193290036219818e-01 4.236731821512292329e-01 4.325085546493565025e-01 1.063286983058614327e-01 3.455210345698908614e-01 5.990377324489291055e-01 3.261012426651386242e-01 3.293841236621561919e-01 5.924061512876819258e-01 5.413312079646955821e-01 7.445606744543870059e-01 3.304817734162051046e-01 2.797604777650199437e-01 4.088493648346553377e-01 2.674997864001001369e-01 7.254856894575659743e-01 7.429917954161410210e-01 5.889139530835427738e-01 2.742636537575385836e-01 3.006096621404460989e-01 9.518471786575138927e-02 7.392931438473153705e-01 5.795992112647035954e-01 2.653695574038202332e-01 4.494459167593858329e-01 4.540312904401757055e-01 8.451063495414312676e-01 5.100641582880770519e-01 7.746107758113197628e-01 6.533330528772715029e-01 3.104225793691225421e-01 3.486836874515275020e-01 1.903805270536605421e-01 9.556325960007880926e-01
3.341322583457776996e-01 8.675162231588312567e-01 9.491113466970508838e-01 8.725723419429698424e-01 6.320348027667496149e-01 3.453825615682254990e-01 5.407621735452337042e-01 4.871913533249803141e-01 7.409946969907239556e-01 3.343409993557226456e-01 7.429633528311408996e-01 0.000000000000000000e+00 5.504792762473795786e-01 6.468191285890124709e-01 8.037661748958473407e-01 4.983853069498438426e-01 2.762961402342419270e-01 5.651164116654266989e-01 2.387710581877381943e-01 6.121219128200113824e-01 4.301930974150381393e-01 4.393259318760212584e-01 2.079736875335312374e-01 5.562157999884330684e-01 6.332012777956009808e-01 1.858633295312526468e-01 3.469497841656166703e-01 6.593307633914289312e-01 4.577948367323771417e-01 6.720559584080475490e-01 3.834748297065865286e-01 4.355136777100417911e-01 7.133933997730784737e-01 9.034558545478699187e-01 5.792738412761327949e-01 8.003350430190320219e-01 4.031495164663640995e-01 4.867855114574976549e-01 7.278621271419697392e-01 1.436064397860260244e-01 2.514663891643550975e-01 4.574313211142240765e-01 1.389847617256916024e-01 4.272911569617097727e-01 8.103918946842644244e-01 4.394576958482389606e-01 8.703315204644312963e-01 5.379991916823930742e-01 6.687261954700135513e-01 3.083952614447938445e-01 9.061006474449991854e-01 5.243791119388191424e-01 5.840281335473049840e-01 5.745907867962423143e-01 6.852565933408237830e-01 5.471816189953283560e-01 4.471589764717907589e-01 3.241899849676845302e-01 2.792164753643575081e-01 5.735423646039073953e-01 3.254188742211710506e-01 6.749140434373922526e-01 2.557547236505224864e-01 1.122192304701923188e-01 2.479466135194764165e-01 7.333816889116728799e-01 2.397796437733615560e-01 6.416883919565326000e-01 3.826168885968803113e-01 6.709204034146729612e-01 8.669770885150634987e-01 1.488613534691921314e-01 5.082415718785451286e-01 9.333344117060429213e-01 4.231507701962238799e-01 3.210823694827879549e-01 4.647277293200475223e-01 5.586901812542314216e-01 6.990230199514019249e-01 3.663737487312038743e-01 5.558757631209539918e-01 2.051733496581542582e-01 1.342883362171513328e-01 7.791049756090869804e-01 8.523240935995870515e-01 4.762824099027359037e-01 6.925298606853902417e-01 2.680639538352279083e-01 3.329837227686190393e-01 5.698146298586830305e-01 3.277556571957715437e-01 4.416487877440585241e-01 1.042693637115087724e-01 3.376090351179766302e-01 3.868914105997711128e-01 3.655983296141849803e-01 4.543985894314244156e-01 5.560744473810518285e-01 7.622680943453745694e-01 6.601334979975265194e-01
6.456905236879297849e-01 5.254839121277411484e-01 6.208402243037217660e-01 3.232446828363601532e-01 8.858295285297079769e-01 8.756853953989527373e-01 3.665393089222536704e-01 3.159045512156234969e-01 1.069823940792790085e+00 5.865326735063174368e-01 3.998822311106874361e-01 5.504792762473795786e-01 0.000000000000000000e+00 2.885546201368525132e-01 5.499389950152460127e-01 5.292174390351676028e-01 2.816824127232798181e-01 8.855244562054718216e-01 4.409854628312920299e-01 2.013684253646333411e-01 6.705964381783638961e-01 6.957907676651728934e-01 5.495323307545139091e-01 4.915365989935023827e-01 3.148338576585529291e-01 7.086950323281829833e-01 4.362856199649923217e-01 3.731615708858085911e-01 1.884216661282678562e-01 5.276755534965861250e-01 3.645865448704441181e-01 1.711611431080749535e-01 1.653386851155241033e-01 5.555090107124348586e-01 9.082724464464650982e-01 4.722806065095919159e-01 5.187071763179136319e-01 4.977841048155963732e-01 3.855737171659404661e-01 5.337790463627314352e-01 4.865683537187212582e-01 7.791927115459000852e-01 4.316490202640129170e-01 3.236647208551262089e-01 4.575240838437358293e-01 5.873753386969673418e-01 5.961116904596297505e-01 4.237758520939104989e-01 3.819879172668972367e-01 6.600557573100649389e-01 5.746353862281572411e-01 7.756127898699413104e-01 2.592252401328599687e-01 5.200619876445392586e-01 3.052124611842030322e-01 1.166600681944307133e-01 6.337181124210248262e-01 6.406137750093644501e-01 3.331531488366450411e-01 1.983353976262677842e-01 5.887563384061020866e-01 9.997157613207666715e-01 5.569067676352957852e-01 6.099692346434324453e-01 3.755930895341125786e-01 3.385589360060923814e-01 7.726690400584094176e-01 1.083528736947185211e-01 1.804814995211447837e-01 4.422067192161575067e-01 5.696245522096688996e-01 4.246585414335499742e-01 1.010609928900589594e-01 6.163705775591599156e-01 5.811548283169110096e-01 5.258751170052138324e-01 7.810145766758547214e-01 2.355636626477402296e-01 4.723833725297822417e-01 2.653104558848026207e-01 2.690973857674658354e-01 6.081547117804024793e-01 5.229092661777782203e-01 2.320954306947074774e-01 5.132598842200059019e-01 4.419050695193084133e-01 4.859292770547041229e-01 5.457447578116566556e-01 4.909877808893061690e-01 3.519677033956093992e-01 4.282061790690157577e-01 4.052945132822781127e-01 6.445878377439524520e-01 2.950269759948788151e-01 6.516779315872023304e-01 7.295094633377825488e-01 3.348249280728288757e-01 5.091777430671421412e-01 5.265735877922417263e-01 9.948181654508311267e-01
7.658098706826488300e-01 2.831739209636842114e-01 6.405142558177634449e-01 5.988019436308731347e-01 9.404113388072629087e-01 9.606579500676246663e-01 3.213747325070768213e-01 4.321393539276996432e-01 1.189943287787508908e+00 6.382295233050341299e-01 3.503166888663067913e-01 6.468191285890124709e-01 2.885546201368525132e-01 0.000000000000000000e+00 5.873274466705231678e-01 5.643284870052648339e-01 3.839590589301111745e-01 1.005643803200190867e+00 5.609078756846002101e-01 2.243719574549392082e-01 7.070633075302363846e-01 7.503725779427278253e-01 6.209797506148280188e-01 4.317044960325908676e-01 2.063480526564502315e-01 7.911650141842021533e-01 4.747088280778714031e-01 4.226983754102308644e-01 1.995619899951797949e-01 5.276855042885501001e-01 4.887116108279950799e-01 3.229017086103778689e-01 4.350677879123069358e-01 5.741068798396622430e-01 1.028391793441184809e+00 5.000442529551051285e-01 6.388265233126328990e-01 4.747801210574132957e-01 1.514372371913607074e-01 6.439792778737407630e-01 5.411501639962761345e-01 8.993120585406192413e-01 5.139923339654997037e-01 3.359276173621125738e-01 4.553252545275206509e-01 6.094898914884703256e-01 6.309909983938465361e-01 5.273634361663241954e-01 3.137599694446366883e-01 7.315031771703790486e-01 5.974570605535807211e-01 8.301946001474961312e-01 3.499577761793319919e-01 4.518340398222787657e-01 2.294663837062839717e-01 2.834026223264181632e-01 7.226793549914013459e-01 7.021054251461260609e-01 4.474628946408991670e-01 1.182006818725768876e-01 6.502479885428635864e-01 1.119835108315485828e+00 6.744639271692134397e-01 6.923125483449191764e-01 4.398109253574502553e-01 3.317360354482862816e-01 8.588344422927717270e-01 3.565725849999623054e-01 2.841239228887687540e-01 3.512724207356486272e-01 5.985614978415946252e-01 5.348587729445591910e-01 1.981943166548708890e-01 6.307218484224219601e-01 6.194581531012433029e-01 6.459944639999328775e-01 9.011339236705739886e-01 9.960585901679014365e-02 5.195046559276099707e-01 3.894355218423535270e-01 2.130833495570665925e-01 7.167597698245737892e-01 6.038590733684536804e-01 5.158024737063652276e-01 5.329339157340475808e-01 5.317997293366545364e-01 4.392635491935912295e-01 6.072364079484182664e-01 5.426846306880228621e-01 4.215650383454496164e-01 5.483255260637349693e-01 4.128581588215783915e-01 7.310368691240061167e-01 3.521959776389214092e-01 7.062597418647571512e-01 7.959072771252464484e-01 4.619302165330356758e-01 4.493427162960500487e-01 5.137304872371001307e-01 1.114937512445550727e+00
7.346961668960574343e-01 8.622815894656716829e-01 2.816597309746094457e-01 8.100389705288409958e-01 1.190855770375261580e+00 1.132606606517976733e+00 5.833112472312849128e-01 3.285228490035751459e-01 1.153211808814235573e+00 8.365070395366029921e-01 2.800577379332558348e-01 8.037661748958473407e-01 5.499389950152460127e-01 5.873274466705231678e-01 0.000000000000000000e+00 5.226011748603602847e-01 5.886425127727522577e-01 9.695590779306424434e-01 6.173758042249816169e-01 3.738143326868905714e-01 7.580926405409750268e-01 9.981468994845326126e-01 8.422598252457389467e-01 3.621179425954356712e-01 4.707777686463567868e-01 9.663817633196454260e-01 7.507583772866445182e-01 1.865006879168365495e-01 5.594857895381849522e-01 1.831604654599497672e-01 4.328646026504307520e-01 4.641751505218033591e-01 6.606480684489911548e-01 1.604414986411804578e-01 9.916603144679108084e-01 1.639407064090320498e-01 5.805592053093435734e-01 6.266536651713846551e-01 7.179623303491221575e-01 7.754291835210908035e-01 7.968014083275497539e-01 8.632273332710707070e-01 6.980340157966989922e-01 6.990984217560405334e-01 1.340786810321750178e-01 6.527248555037294953e-01 1.287835677060847894e-01 2.737036537566302496e-01 4.500068918970050458e-01 8.699952068258797189e-01 2.862931987867249894e-01 1.083200079547330441e+00 3.127999614807061013e-01 4.800645327279384200e-01 3.725293700161693145e-01 4.494260017817076069e-01 6.701246698869982588e-01 8.554171873120995917e-01 5.310178236097635729e-01 4.691267647979462385e-01 8.842398418296826268e-01 1.083570071318919581e+00 7.264870512878415232e-01 8.728444671221118334e-01 6.893892909120030721e-01 2.603988705289163041e-01 1.029590251177433524e+00 5.570517284731328900e-01 5.489145513864479575e-01 3.434014013230669571e-01 1.629134563409403436e-01 6.663086785919091204e-01 4.865831626644068764e-01 1.315983650520408665e-01 7.532007206527100429e-01 6.347599224601991885e-01 8.650491984010253432e-01 5.778759272239388789e-01 1.050139761570600128e-01 4.468942052048818225e-01 5.294214386845184084e-01 8.085225950479960622e-01 7.964448618513856326e-01 7.222924994054463754e-01 2.086586061325889641e-01 4.279969694281653969e-01 2.388567634731159073e-01 8.412282612352371958e-01 7.544034804021203522e-01 2.504193877599364404e-01 5.391501241320048043e-01 7.025876032210864874e-01 9.007599340950022127e-01 6.629518821844363474e-01 9.449981524710461267e-01 7.803652513740489960e-01 3.573535385132861619e-01 5.697289656273051284e-01 1.109294023415610120e-01 1.077782595928749032e+00
2.770851136884709409e-01 8.086804609111044595e-01 7.207942452715428994e-01 8.427336777915382937e-01 6.784121743561943862e-01 8.323314955494296452e-01 2.819430550382328038e-01 3.290060987447125385e-01 6.741724610375623428e-01 3.139058646762428184e-01 3.845928067927982807e-01 4.983853069498438426e-01 5.292174390351676028e-01 5.643284870052648339e-01 5.226011748603602847e-01 0.000000000000000000e+00 3.302393739696478647e-01 4.936442860836188218e-01 2.770462985353095431e-01 5.439975593316354052e-01 2.419957134549093059e-01 4.928315179201018248e-01 4.525314086852266215e-01 1.911978174166734101e-01 3.771493191307301318e-01 6.590220123350472026e-01 2.309287146610485286e-01 4.357055314009948277e-01 4.551889283493060212e-01 3.576222875250094635e-01 1.646308941647234847e-01 3.772938190541695325e-01 6.945561241506919004e-01 6.312622895507508103e-01 5.126209666912379115e-01 5.720179415935240375e-01 1.463763143949344814e-01 1.458264896619775319e-01 6.728084574086657943e-01 4.366005178038404044e-01 3.314544766646362328e-01 4.012677914591252781e-01 3.989095924933914739e-01 3.355810550916156765e-01 4.872218952500586564e-01 1.361848516446017010e-01 6.265145960458246011e-01 2.628124674940049421e-01 2.631884247297500146e-01 3.672456307581977719e-01 6.852706958477353671e-01 5.627041137571856533e-01 4.258125024939584669e-01 1.260083845856567186e-01 4.521806622249829322e-01 4.964249262637303040e-01 1.656247502518893300e-01 3.372451989276735174e-01 2.361226696463335495e-01 4.904200138527604058e-01 4.214352066871546176e-01 6.045307235422465730e-01 3.334804313293405209e-01 5.527166277149284657e-01 3.298457270099789396e-01 4.948024083751749735e-01 7.304658278741257282e-01 5.979389214708935585e-01 3.843040228772896527e-01 3.003142752874156662e-01 6.318610867549704357e-01 3.495440426508324983e-01 4.922384878615018167e-01 6.386382683799134430e-01 2.350287322682842184e-01 2.301664248776166821e-01 3.887270703306135999e-01 4.894298306264903697e-01 4.389683441688456700e-01 2.639069831503649266e-01 3.634590490600596024e-01 4.018235778512133649e-01 4.523389589954288637e-01 7.462025124500416551e-01 6.320710131879837546e-01 1.011751629831190991e-01 3.510847442665075424e-01 3.870793456466816163e-01 2.345738177765241683e-01 3.551355877557241247e-01 1.844878164733542159e-01 2.383160811952957092e-01 6.005528484119352362e-01 3.576260410486343244e-01 4.223969776106859531e-01 2.758653317389401227e-01 2.380405095213564137e-01 1.403781904988894436e-01 4.432559466818249416e-01 5.987432481520761351e-01
