0.000000000000000000e+00 1.098343264952466036e+00 9.758897479573875877e-01 9.411354603407301456e-01 6.670463617104437359e-01 6.602377443721655359e-01 5.696451866828889932e-01 4.658004624904544255e-01 4.886480235076980927e-01 3.687109718687230364e-01 3.577129963375489941e-01 7.130593525306635483e-01 6.785685994577285163e-01 2.972331655541758932e-01 9.622027027357139550e-01 8.216291384951708299e-01 4.196899087261743433e-01 7.266626081824896222e-01 2.394413235027601228e-01 5.140275359650052778e-01 4.678043382155879226e-01 2.149948550534608593e-01 2.137100780940939804e-01 2.017019547866501228e-01 3.901503436482515741e-01 8.432573441323985008e-01 4.817906348689866558e-01 6.323441117402250899e-01 6.114232197268834046e-01 8.222352789487982205e-01 6.566340437766681193e-01 1.737749972309852453e-01 7.033972723113754988e-01 9.647998637790979881e-01 3.348039771717067348e-01 2.975164977040186121e-01 4.794282578878645285e-01 1.498604979610748678e-01 8.226645840875251858e-01 4.338792633282310685e-01 9.591499709693727116e-01 1.465188549740408519e-01 4.897988411738095627e-01 5.654856542907347183e-01 3.372364526630510229e-01 2.814201552593031397e-01 9.723665382222880238e-01 2.980313936706967537e-01 6.167415590186838825e-01 3.139021607987821372e-01 7.168051918274307432e-01 6.234052205232095689e-01 3.448926291208889161e-01 7.660996377688304992e-01 3.452470384518384061e-01 3.761895354060250662e-01 3.249234669956039268e-01 4.523198014637566100e-01 7.196054293299604110e-01 5.529874701775772117e-01 1.125184150659985644e-01 2.563564543584986866e-01 5.901753560105227336e-01 7.259605535794630971e-01 3.390558515410975748e-01 1.222647162555445255e-01 4.040674894264369987e-01 5.712070014454267985e-01 7.206648825533737979e-01 2.244182861697306686e-01 2.160877480256291339e-01 8.793443798321919358e-01 5.711146454381348381e-01 8.329667214242294504e-01 4.369588845210312655e-01
1.098343264952466036e+00 0.000000000000000000e+00 8.651389381574100534e-01 8.171393051800124319e-01 1.233594830975795809e+00 1.270452860993981581e+00 5.695595189932386448e-01 1.524664720152805186e+00 7.907360796955216209e-01 8.841756954829508297e-01 9.662015829830927771e-01 5.047851047314975137e-01 6.033998453360149838e-01 8.117154771750969555e-01 7.695652658353048237e-01 2.844772785709259177e-01 7.170461813506718851e-01 7.376794569680368285e-01 1.295919003255801005e+00 6.106607699331626504e-01 1.063267208391176943e+00 9.254526714086497297e-01 9.568443537766253559e-01 9.674409155830840934e-01 7.670165196170243282e-01 6.864282960295162717e-01 1.123904196773154895e+00 6.193568128050264132e-01 6.980056515716954735e-01 7.303579504614884366e-01 4.450815976262324503e-01 9.734268417714075916e-01 4.338374814586887784e-01 7.802271554501973849e-01 8.086836183824785973e-01 1.365023741572591653e+00 6.655899636572001343e-01 9.515973612433806794e-01 6.662871121850708622e-01 6.644640016242354674e-01 1.463563032386502594e-01 1.219496580779511730e+00 6.881043813435683276e-01 5.816683872382537590e-01 9.334672491526464500e-01 8.982197160307588968e-01 8.000544384393297737e-01 8.387345643808051809e-01 6.678577527634059763e-01 8.116945319849159235e-01 6.291844763580776156e-01 5.246939018035882141e-01 1.403756886783239288e+00 3.450213962216915342e-01 8.074574330771382424e-01 1.001309027822495423e+00 8.238624957449649511e-01 7.131600973271414734e-01 5.898073798565387493e-01 1.124401049123002538e+00 1.029405760208089937e+00 9.429510154448773607e-01 6.220037916680037915e-01 5.058878519051442924e-01 8.740325342907911965e-01 1.176085773657313593e+00 7.065399665401224105e-01 6.135161059301889042e-01 6.228364939017210222e-01 1.000003879014272457e+00 8.937899791357951651e-01 6.741274681191813389e-01 1.186942255559386705e+00 7.589735290870056605e-01 7.032658747727955628e-01
9.758897479573875877e-01 8.651389381574100534e-01 0.000000000000000000e+00 8.205754743381352689e-01 1.131181288886048408e+00 1.208240255504971383e+00 5.517259117083112008e-01 1.423223100687914799e+00 6.618989613444854481e-01 7.683763214479912840e-01 9.139165872819688952e-01 5.882888292859816959e-01 3.158426410079260283e-01 8.355136887420194780e-01 7.784446530707260781e-01 5.992123468250888374e-01 5.624602588423491811e-01 7.136330986030109402e-01 1.196863961700219248e+00 6.786216540591275548e-01 9.658669043524459319e-01 7.699490242294771969e-01 9.322094039603023852e-01 8.743959156796234922e-01 7.147315239159002243e-01 7.160450267833232685e-01 1.056476706927264253e+00 5.040638110399718874e-01 7.713936198318968041e-01 1.753087772705548275e-01 5.663504258259475233e-01 8.248745942954166521e-01 4.313014566987212750e-01 7.893167112504628768e-01 7.270300657768669073e-01 1.258138062909623045e+00 5.678825160064937538e-01 9.307016994866633697e-01 6.719609260509229465e-01 6.961780381209987656e-01 7.187826349187599329e-01 1.111144085115835178e+00 5.251089417861557473e-01 4.500251581188514094e-01 8.384547781819126078e-01 8.210356652626269458e-01 8.267514048944428762e-01 8.269618814446155763e-01 6.245965748724622291e-01 6.701647317016259375e-01 6.848432417010477113e-01 6.568068255368985087e-01 1.302315267318348901e+00 5.538977279230269390e-01 7.126018493383935448e-01 9.337037652889752515e-01 6.667658212175984200e-01 7.578637689554992285e-01 5.659409138163107311e-01 1.022843895499584432e+00 9.456543611386494241e-01 8.076927164994430752e-01 7.226043157759670654e-01 4.746537071281218823e-01 8.261608293965846395e-01 1.079687354453004344e+00 7.594991720023905879e-01 4.190179706384812852e-01 2.558271226264415832e-01 9.184811272258125436e-01 8.239587877818794759e-01 6.887859929058900432e-01 1.124767731921487490e+00 7.587752795116897708e-01 6.719268231202031316e-01
9.411354603407301456e-01 8.171393051800124319e-01 8.205754743381352689e-01 0.000000000000000000e+00 1.256644720697210227e+00 1.311040633979739134e+00 6.329555888680566955e-01 1.404832804901067655e+00 4.611847253159787052e-01 8.800180858000830053e-01 1.011499415019271986e+00 3.446094041601558966e-01 5.237845429303086275e-01 7.790970224329937244e-01 2.921318095406415516e-01 5.939125100943315472e-01 6.371606588706761887e-01 2.497289871670865247e-01 1.174649605415315934e+00 5.557416053514160348e-01 1.088905153308513674e+00 7.366957399484862501e-01 1.006290036261970666e+00 9.944329962860063432e-01 8.123143516532034258e-01 1.983796702484189045e-01 1.159459701148409350e+00 3.751135964351688945e-01 4.151186827139166091e-01 7.002468401386402475e-01 5.139423260986692998e-01 8.775429449064319209e-01 4.555177233189579566e-01 1.657673361394834122e-01 6.171011665903198828e-01 1.237406548966816677e+00 6.816013247327988855e-01 8.427047466853285762e-01 1.557957939455473784e-01 7.050721672886747227e-01 6.720596282213568973e-01 1.087524387384599223e+00 5.137050857065547094e-01 5.819870418533681367e-01 9.591051940699831801e-01 9.274868571059983191e-01 1.605908340754203800e-01 8.873908927015823345e-01 3.272717007700385317e-01 7.599425499331503575e-01 3.198563666348892554e-01 4.659706351070840857e-01 1.283924971531501757e+00 4.761033908192237596e-01 8.330953779944747506e-01 1.036686759510120126e+00 6.419657951160009368e-01 5.688231773152916393e-01 2.622383343938213263e-01 1.148307327310745585e+00 1.047436027348630949e+00 9.031962032482189207e-01 4.486608233641461441e-01 3.599318251009759329e-01 9.237436571338876190e-01 1.049049920370854760e+00 6.513562556237365575e-01 4.912531141951830271e-01 6.008405065049675642e-01 1.029719603223264945e+00 7.348462053659623461e-01 2.455582510189666667e-01 1.227568110396255463e+00 1.517756094874106176e-01 7.599909123567681890e-01
6.670463617104437359e-01 1.233594830975795809e+00 1.131181288886048408e+00 1.256644720697210227e+00 0.000000000000000000e+00 8.926329629713983804e-01 7.006738036381373602e-01 1.077916276595536793e+00 8.468396886297203663e-01 3.897665053404037461e-01 6.333125240713464166e-01 1.000195791071681661e+00 8.632760067641417345e-01 7.419088882147254482e-01 1.210417323402972256e+00 9.563654048551480935e-01 6.278126074472064611e-01 1.073133367921250247e+00 8.515571376078424626e-01 8.907278350405795075e-01 2.156318899144223367e-01 6.495818635590663304e-01 6.608861344534818771e-01 4.653444069237936409e-01 5.398213226943305854e-01 1.139481670614699071e+00 7.297742851339451553e-01 8.898596698827138107e-01 1.034693754035432400e+00 9.841863236046198837e-01 8.654945410034512454e-01 5.654964153292456608e-01 8.227308373731342384e-01 1.221289381582708611e+00 7.742359652720066654e-01 9.132143004836431599e-01 5.776314511603336532e-01 8.007523165193316528e-01 1.106437541342766062e+00 7.433708263843105124e-01 1.087238527737145466e+00 7.662203226898546271e-01 7.555580934422937434e-01 6.898670428066818738e-01 3.298099090473926576e-01 4.873281757295993555e-01 1.253107813024512796e+00 6.519117720491925949e-01 9.410708285406451656e-01 5.107077918178227760e-01 1.097183081173694452e+00 9.385595088303463340e-01 9.570084432259714502e-01 9.369348243636616003e-01 4.261373978986579547e-01 6.070013434956555987e-01 6.557969900116832340e-01 8.842289843836600438e-01 1.010961376331142914e+00 1.146619443209401512e-01 5.846886499039424256e-01 4.469542029546768602e-01 1.005288721331701440e+00 9.025596000755594650e-01 5.967452032034422649e-01 7.343805303606268930e-01 8.573384101179467587e-01 7.844705871687872589e-01 8.787290997591211683e-01 5.657901453138257652e-01 7.395131998068765755e-01 1.120431537062042571e+00 8.118043958224602230e-01 1.167299468440367693e+00 6.396910989089044097e-01
6.602377443721655359e-01 1.270452860993981581e+00 1.208240255504971383e+00 1.311040633979739134e+00 8.926329629713983804e-01 0.000000000000000000e+00 7.014344211474715651e-01 1.058441300246201422e+00 9.697714133758508215e-01 6.230078870836405214e-01 3.460255161149061176e-01 1.027408818148890512e+00 9.456942287362426480e-01 6.682645478366801006e-01 1.264813236685501163e+00 9.883481232516388992e-01 7.422235077394733205e-01 1.196065092667381036e+00 8.320821612585069804e-01 8.535649749002880426e-01 7.057610758856428523e-01 7.759460462426590599e-01 5.280817975201097525e-01 5.283854471229637584e-01 5.034363413769573636e-01 1.193877583897228423e+00 1.939022622824671249e-01 9.976476172180914759e-01 1.044923791325196305e+00 1.063309522937810891e+00 8.658361142065404970e-01 7.141425719026713859e-01 8.699507111097227741e-01 1.275685294865237296e+00 8.252745733408041184e-01 8.954739230256291149e-01 6.419590147970150040e-01 6.997482301638610069e-01 1.160833454625294969e+00 6.921636592041928715e-01 1.124096557755331016e+00 7.484799452318409152e-01 8.784898181884243096e-01 7.726255227790662650e-01 5.682956400046507150e-01 4.053047872417990805e-01 1.307503726307041481e+00 5.558910678055631882e-01 1.064002553286775399e+00 6.338456121929574305e-01 1.085664059609661392e+00 9.188277023240131181e-01 9.375334668766355239e-01 9.758267889488738689e-01 5.159480971967207452e-01 2.896945624370583783e-01 7.789348103868176665e-01 8.900004833521125702e-01 1.072272609844950431e+00 7.823853716338254882e-01 5.496954967357065014e-01 6.104732483775290319e-01 9.681258611914096424e-01 9.648171602082119547e-01 4.523257234776554281e-01 7.149055540112916329e-01 7.842593543780153054e-01 8.808333264903024373e-01 9.557880663780439212e-01 4.465401799184182119e-01 7.630802631425557259e-01 1.174827450344572144e+00 1.045993016303699563e-01 1.252504640639290567e+00 5.885115257034156944e-01
5.696451866828889932e-01 5.695595189932386448e-01 5.517259117083112008e-01 6.329555888680566955e-01 7.006738036381373602e-01 7.014344211474715651e-01 0.000000000000000000e+00 9.775963269549992063e-01 4.512656586933125880e-01 3.739212279743925893e-01 3.968398699717058387e-01 3.455683455568472895e-01 3.001157976419394080e-01 2.935545485067341254e-01 5.867281915738183917e-01 2.879704550357722326e-01 2.632844297503730280e-01 5.454056064257936098e-01 7.512371879673049868e-01 2.288579515916831508e-01 5.244919816130707568e-01 4.546966612617841519e-01 4.030002532085495415e-01 4.173791254987884725e-01 1.979980797705142292e-01 5.157925387855458732e-01 5.559457974366844857e-01 3.780665200639207191e-01 4.455619954323029042e-01 4.115836905912045873e-01 1.828909404092834423e-01 4.740421477074059364e-01 1.872877997734750666e-01 5.976002497535549685e-01 3.309993434289249525e-01 8.135003329831628216e-01 1.610833263345906319e-01 4.295539055895590264e-01 4.827484095136125308e-01 1.460726196216772521e-01 4.278689020845053426e-01 6.665063551893746219e-01 3.277898324069343228e-01 1.544421320213328064e-01 3.905414554046273690e-01 3.367044270890449109e-01 6.294186811953592642e-01 2.935094691568356784e-01 4.722379376401355522e-01 3.142267217784317501e-01 4.441248437120451920e-01 2.613965358061023925e-01 8.566884935854337524e-01 2.755342152115866083e-01 2.826868325395081039e-01 4.345504732104407131e-01 3.797248009223298526e-01 3.280519167368276534e-01 3.941875647332683252e-01 5.906093900264859364e-01 4.764155346179523298e-01 4.384443781222678305e-01 3.433664903585786354e-01 2.893022540732517189e-01 3.044730152975525517e-01 6.340605807200894173e-01 2.209366832782270196e-01 2.680114195987470249e-01 3.040622340314370065e-01 4.330146662325016216e-01 4.071720432281313862e-01 4.967424052328893724e-01 6.179238157128768005e-01 5.744195955276081289e-01 1.384744108324231782e-01
4.658004624904544255e-01 1.524664720152805186e+00 1.423223100687914799e+00 1.404832804901067655e+00 1.077916276595536793e+00 1.058441300246201422e+00 9.775963269549992063e-01 0.000000000000000000e+00 9.524651453170013271e-01 8.074718643641968230e-01 7.547397430522211348e-01 1.152866761976681254e+00 1.129974487827082319e+00 7.262895977302737949e-01 1.419941337153607819e+00 1.247950593695510202e+00 8.670682103155256115e-01 1.188672364160342054e+00 2.409682252643235711e-01 9.503398901337418714e-01 8.786742531006811463e-01 6.725857485936013180e-01 6.086261546844496939e-01 6.125718696717433742e-01 7.937442282211644162e-01 1.290129628475735535e+00 8.799941907430222088e-01 1.088900405532744475e+00 1.066456797653762445e+00 1.269568631679325099e+00 1.082955498977007158e+00 6.203296898609517163e-01 1.119722558942476187e+00 1.422538498196992185e+00 7.929041907300767855e-01 1.763352621572416845e-01 8.830221424607772596e-01 5.848012063509647751e-01 1.281939044728092947e+00 8.602007185285696078e-01 1.384230249306487526e+00 3.195574153330731915e-01 9.450106388086957354e-01 1.005520907396329156e+00 7.481063675481443020e-01 6.809943699922881288e-01 1.419238822565624725e+00 7.085595063254921389e-01 1.079035813201904226e+00 7.604568534287485804e-01 1.163677476170767555e+00 1.063212629969226830e+00 1.209115617809593257e-01 1.200339318591720827e+00 7.488434818139838578e-01 7.743930912800608413e-01 7.825143605357443022e-01 9.060122672277897138e-01 1.177344063747854275e+00 9.638573850626702688e-01 5.095451617806707745e-01 6.975837857965018207e-01 1.037047640353859101e+00 1.181172351214349492e+00 7.416578489545708752e-01 3.661966028455598821e-01 8.403227707132769897e-01 1.026020413363074368e+00 1.167998235283900677e+00 6.214450328844028926e-01 6.710253898068976319e-01 1.332971382016256090e+00 9.693073523465126629e-01 1.295675405921117518e+00 8.597827528313921608e-01
4.886480235076980927e-01 7.907360796955216209e-01 6.618989613444854481e-01 4.611847253159787052e-01 8.468396886297203663e-01 9.697714133758508215e-01 4.512656586933125880e-01 9.524651453170013271e-01 0.000000000000000000e+00 4.608262740981749483e-01 6.608696712302735143e-01 3.397222889256583667e-01 3.545663139887813009e-01 3.273382054068795233e-01 4.936764306892132415e-01 5.552782583244938452e-01 2.709041320684675291e-01 2.425450589532084367e-01 7.221621685822838810e-01 2.392455433362447037e-01 6.871202207989708377e-01 2.903968124444192833e-01 5.538025994289387244e-01 5.716045912872852464e-01 5.191219030089906372e-01 4.364682682892109256e-01 8.149367856006448640e-01 1.994749588533954454e-01 1.960909216596088411e-01 5.162948279381105454e-01 4.001440151407169021e-01 4.336034216297589006e-01 4.009642975763091921e-01 4.880669343059953480e-01 1.646137297572877745e-01 7.850388893827511261e-01 4.215258105662099131e-01 3.902173098522965788e-01 3.427138490627738565e-01 3.649039164053243800e-01 6.456564027368660863e-01 6.351567278005337824e-01 1.405749982408321108e-01 3.136468252096420439e-01 5.705727596385804512e-01 5.768673097800441907e-01 5.296477739970393284e-01 4.555081685807183534e-01 1.367908239939325254e-01 3.407507382312421895e-01 3.173577958749236316e-01 2.992763289680172578e-01 8.315573119474358732e-01 4.498473678961144029e-01 4.556816043412948436e-01 6.921638439623551964e-01 2.045625516803708799e-01 1.248476807872564293e-01 2.510791572834595864e-01 7.402182841322991758e-01 5.949485905155988963e-01 4.773718317425440505e-01 2.149906792120019894e-01 3.059731560602612088e-01 5.566826092441485851e-01 5.965624835378225965e-01 2.356852631241807827e-01 2.449748937651817782e-01 4.153283322042445325e-01 6.618873064860353317e-01 2.823587685329302377e-01 4.108181077856911667e-01 8.862988897923671505e-01 3.488491721949483204e-01 4.520383937626392123e-01
3.687109718687230364e-01 8.841756954829508297e-01 7.683763214479912840e-01 8.800180858000830053e-01 3.897665053404037461e-01 6.230078870836405214e-01 3.739212279743925893e-01 8.074718643641968230e-01 4.608262740981749483e-01 0.000000000000000000e+00 3.463764044480735493e-01 6.395122831028757782e-01 4.946988588992747293e-01 4.246879286246098006e-01 8.497338154341659289e-01 6.069462693623030036e-01 2.502693084262413992e-01 6.871199533897049960e-01 5.811127253765027145e-01 5.684671971805044244e-01 2.296382555026338645e-01 2.605357188102262467e-01 4.048009627508024622e-01 2.037400091621347498e-01 2.226003631042151598e-01 7.787981626458935214e-01 4.601492092461873518e-01 5.049044893649141663e-01 6.466668672639142024e-01 6.174366034663172353e-01 5.383211571530288619e-01 2.181701553429566676e-01 4.635166498124364542e-01 8.606058736139027276e-01 3.862090785004885229e-01 6.427698882523026347e-01 2.255399138591544506e-01 4.267757535603118879e-01 7.350330338042568856e-01 4.211101885242353182e-01 7.378193922443003760e-01 4.957759104585146570e-01 3.695446789107484920e-01 3.291835348378759907e-01 1.430432665978606521e-01 2.177030998418414409e-01 8.924243050557069123e-01 3.357266710079293004e-01 5.550574140090995812e-01 1.246943772862774136e-01 7.364995732048886801e-01 6.162988709702711398e-01 6.865640309946313691e-01 5.861312605899255956e-01 1.165758067482980248e-01 3.373762676078976841e-01 2.677701032401651471e-01 4.962020976121419014e-01 6.260061958133431581e-01 2.836812175407862902e-01 3.286034782012630107e-01 1.123545175102243499e-01 6.367022815915985845e-01 5.418760921067538039e-01 2.902877902616315953e-01 4.639361181292870895e-01 4.962717386511864004e-01 4.105060081378332226e-01 5.153327056470139444e-01 3.097049736111463503e-01 3.514863130353585441e-01 7.597480290932370206e-01 5.421793199347026970e-01 7.812860539088224421e-01 3.174304610488292711e-01
3.577129963375489941e-01 9.662015829830927771e-01 9.139165872819688952e-01 1.011499415019271986e+00 6.333125240713464166e-01 3.460255161149061176e-01 3.968398699717058387e-01 7.547397430522211348e-01 6.608696712302735143e-01 3.463764044480735493e-01 0.000000000000000000e+00 7.160242840569654987e-01 6.513705605132399379e-01 3.426304067208351678e-01 9.652720177250337930e-01 6.840968452407503175e-01 4.560760082425278639e-01 8.765655929863465090e-01 5.283806040645270263e-01 5.334514962386366355e-01 4.473343387324557052e-01 4.897985467457137143e-01 2.055990949133902068e-01 2.536464124849621693e-01 1.991850633660686432e-01 8.885544657994405293e-01 1.943581330327166790e-01 7.115001177211458527e-01 7.200224356052549179e-01 7.689858547148084034e-01 5.554839461114603472e-01 4.311631824637290333e-01 5.658316259246903845e-01 9.761440759047702587e-01 5.003732176208629534e-01 5.917723658316488278e-01 3.485253575556361283e-01 3.537767136368346610e-01 8.612922356648279321e-01 3.715840398381048404e-01 8.198452797444423235e-01 4.447783880378606280e-01 5.923423186914789085e-01 4.841904383370476128e-01 3.098689028514634569e-01 1.468780500886119333e-01 1.007962507346574554e+00 2.223939496123561732e-01 7.778550537898303308e-01 3.476981126960119739e-01 7.703285865126391352e-01 6.074431682320879933e-01 6.338319096826556809e-01 6.689892010919267218e-01 2.298005976997755107e-01 1.160979740898443746e-01 4.927873108898723209e-01 5.650991276321712942e-01 7.727313908844837265e-01 5.230649327337735244e-01 2.527934780314731178e-01 3.378344554396369714e-01 6.527903880943870529e-01 6.665043693921781642e-01 1.123400284928926796e-01 4.112039968173112903e-01 4.593579986580740293e-01 5.946858269933571473e-01 6.614643981550409890e-01 1.402514588025771669e-01 4.292321862174725555e-01 8.752862313841048847e-01 2.587821109068121905e-01 9.518871564281813358e-01 2.731760526063926053e-01
7.130593525306635483e-01 5.047851047314975137e-01 5.882888292859816959e-01 3.446094041601558966e-01 1.000195791071681661e+00 1.027408818148890512e+00 3.455683455568472895e-01 1.152866761976681254e+00 3.397222889256583667e-01 6.395122831028757782e-01 7.160242840569654987e-01 0.000000000000000000e+00 3.031692028938361982e-01 4.485387746128381981e-01 2.925944715455630618e-01 2.838029760005469360e-01 4.335952583387461257e-01 2.416699114504604340e-01 9.241210450796778497e-01 2.201533113666343522e-01 8.324562236829856632e-01 5.641510515706363860e-01 6.718951495584574163e-01 7.379840666604779997e-01 5.273670505456471425e-01 1.958834694342115601e-01 8.837011094756320739e-01 1.897365790983356060e-01 1.932205468401980430e-01 4.540608465370356006e-01 1.794964927553567569e-01 7.056575184614908292e-01 1.900441371809207802e-01 3.019027104320397004e-01 3.865225380099966412e-01 9.932257833964676097e-01 4.251523951072704310e-01 5.680655556257162564e-01 1.937572111652147433e-01 3.639504468609745524e-01 3.599171439026831454e-01 8.507351000575466005e-01 3.335645117716309893e-01 3.255381122278396822e-01 7.026562644444550587e-01 6.687720215997950968e-01 3.119126532771080984e-01 5.462691722738821642e-01 2.139204027794968099e-01 5.604093921100715692e-01 1.243993716265800326e-01 1.227960920684265378e-01 1.031958928607115356e+00 1.622103264388119748e-01 5.766464483689462961e-01 7.627559374232969480e-01 4.883173086733394452e-01 2.682698038416614916e-01 1.346590537347019945e-01 8.918583976852173523e-01 7.763188796860805985e-01 6.927315054851107545e-01 1.343154864899857581e-01 1.217148269663844290e-01 6.228108934792635498e-01 8.042878154811899938e-01 3.157679616389550414e-01 2.749842363918795773e-01 3.465393899772680197e-01 7.405342934707423996e-01 4.976982536538219204e-01 1.962908736703543877e-01 9.438982127142958589e-01 2.687671627219375137e-01 4.428482314505730599e-01
6.785685994577285163e-01 6.033998453360149838e-01 3.158426410079260283e-01 5.237845429303086275e-01 8.632760067641417345e-01 9.456942287362426480e-01 3.001157976419394080e-01 1.129974487827082319e+00 3.545663139887813009e-01 4.946988588992747293e-01 6.513705605132399379e-01 3.031692028938361982e-01 0.000000000000000000e+00 5.839035746756474632e-01 4.816537216628999363e-01 3.374732540036932682e-01 2.654520967087249383e-01 4.168421671951844654e-01 9.036153488393876554e-01 4.347392459636220674e-01 6.990720576411525444e-01 4.722672076956827558e-01 6.696633771915734279e-01 6.076842778114572852e-01 4.521854971471713780e-01 4.192540953754968491e-01 7.939306801585361839e-01 1.954173042095323221e-01 4.807356274631121584e-01 1.847691239049659151e-01 3.156995216222704959e-01 5.404156430754034623e-01 1.700625887589757024e-01 4.925257798426364575e-01 4.237887730684098964e-01 9.648894500487915638e-01 3.053364892377651296e-01 6.284767234454214924e-01 3.751699946430964716e-01 4.445679240546268063e-01 4.570435420973645302e-01 8.178954722550033640e-01 2.198960666295183553e-01 1.781751232966996557e-01 5.717431403137459567e-01 5.561501365175469669e-01 5.299604734866162348e-01 5.753517673782437836e-01 3.231573542663130350e-01 3.925502873184516517e-01 3.941720955806991000e-01 3.848329495773735731e-01 1.009066654457516421e+00 2.906289610830162240e-01 4.458902114702270603e-01 6.711577385202464052e-01 3.645408451763565427e-01 4.505311215997950813e-01 2.691499824084844228e-01 7.549386133776773145e-01 6.807688323935695562e-01 5.305196145631934090e-01 4.366394577772242935e-01 1.897129752678032300e-01 5.636148026278557932e-01 7.864387415921720859e-01 5.156167639068848230e-01 1.095914202235995227e-01 1.121275444051060555e-01 6.535955984807327868e-01 5.217338117406378206e-01 3.919950614980636239e-01 8.622217051527589771e-01 4.619843481038632960e-01 4.203167090538312833e-01
2.972331655541758932e-01 8.117154771750969555e-01 8.355136887420194780e-01 7.790970224329937244e-01 7.419088882147254482e-01 6.682645478366801006e-01 2.935545485067341254e-01 7.262895977302737949e-01 3.273382054068795233e-01 4.246879286246098006e-01 3.426304067208351678e-01 4.485387746128381981e-01 5.839035746756474632e-01 0.000000000000000000e+00 7.255617556438999083e-01 5.383110539453884735e-01 3.554708555576242546e-01 5.446367926588520092e-01 4.975438808332705576e-01 2.283854632462038181e-01 5.657270661896588448e-01 2.226993687193117299e-01 2.427998049293219329e-01 4.356145922853483787e-01 2.020875655203947519e-01 5.914305303966839178e-01 5.265331479008424909e-01 5.060428186630482328e-01 3.935040585868709861e-01 6.953714676249126425e-01 3.693093295253349617e-01 3.514522041423525645e-01 4.779099888840028232e-01 7.335583819173830955e-01 1.633497310186916018e-01 5.666486191500609282e-01 3.235089662182306092e-01 1.486872404900513589e-01 6.332748756026784775e-01 1.505611787784486566e-01 6.707221618369643146e-01 4.241579358111394749e-01 3.707613004320255423e-01 4.382299090550409448e-01 4.317765399812154570e-01 3.280570457158086262e-01 7.205397244865729967e-01 1.297773412655842118e-01 4.554317409178653131e-01 3.343701142506216306e-01 4.649783780917160492e-01 3.477911987627487767e-01 6.053817643607083410e-01 4.776718286364224353e-01 3.241973564629039295e-01 4.104136421339033003e-01 2.432626318084293582e-01 2.358936982871282506e-01 5.687510983394777897e-01 6.318444746030740244e-01 3.463386396576520476e-01 4.634929344992503308e-01 3.383485422748079841e-01 5.380958147580557904e-01 2.332420696331520271e-01 3.777106512347829237e-01 1.328396216396900142e-01 4.775470838635020310e-01 5.878500110651452282e-01 3.431986791291454786e-01 1.142568774901918244e-01 6.286433946524131455e-01 5.832889725399010850e-01 6.465369480072582498e-01 1.635868656218163464e-01
9.622027027357139550e-01 7.695652658353048237e-01 7.784446530707260781e-01 2.921318095406415516e-01 1.210417323402972256e+00 1.264813236685501163e+00 5.867281915738183917e-01 1.419941337153607819e+00 4.936764306892132415e-01 8.497338154341659289e-01 9.652720177250337930e-01 2.925944715455630618e-01 4.816537216628999363e-01 7.255617556438999083e-01 0.000000000000000000e+00 5.476322293075032155e-01 6.071212080860549642e-01 3.379599452959208272e-01 1.193582198165912933e+00 4.971762923976961179e-01 1.042677756014276147e+00 7.518042722010268575e-01 9.542376996824987190e-01 9.482055989917682615e-01 7.660869543589650110e-01 2.230082115408878185e-01 1.113232303854171601e+00 3.632625288456447499e-01 4.148942104403106068e-01 6.581160188712310566e-01 4.663682867539624133e-01 8.791834682087996677e-01 4.092903260247199304e-01 1.712702949606026148e-01 6.486238960956398625e-01 1.252515081219357285e+00 6.353739274385605817e-01 8.450885366567778556e-01 1.885446615352137367e-01 6.530572346740819434e-01 6.244855888766494001e-01 1.102632919637139830e+00 5.070904615189399944e-01 5.357596445591300549e-01 9.128777967757452094e-01 8.812594598117601263e-01 2.783999556477274595e-01 8.330077741453317808e-01 3.568856066952806882e-01 7.373149806453636046e-01 2.933057694602733134e-01 4.139557024924911399e-01 1.299033503784042587e+00 4.285293514745167620e-01 7.868679807002364468e-01 9.904593622158819333e-01 6.439694367988053614e-01 5.394965496643433500e-01 2.425972734057535163e-01 1.102079930016508058e+00 1.012445503989091389e+00 8.805686339604320567e-01 4.055422323126675055e-01 3.139265968419984176e-01 8.775162598396494262e-01 1.075076645366015438e+00 5.927909426700168627e-01 4.494165475885872341e-01 5.567609223085584480e-01 9.834922059290267526e-01 7.647139502225891450e-01 1.160185075283440281e-01 1.181340713102017270e+00 2.870716067762013601e-01 7.137635150625298852e-01
8.216291384951708299e-01 2.844772785709259177e-01 5.992123468250888374e-01 5.939125100943315472e-01 9.563654048551480935e-01 9.883481232516388992e-01 2.879704550357722326e-01 1.247950593695510202e+00 5.552782583244938452e-01 6.069462693623030036e-01 6.840968452407503175e-01 2.838029760005469360e-01 3.374732540036932682e-01 5.383110539453884735e-01 5.476322293075032155e-01 0.000000000000000000e+00 4.436450600907653197e-01 5.113679209532798753e-01 1.019204876798506243e+00 3.459447586447899070e-01 7.860377822705297834e-01 6.520515501487429422e-01 6.770758118738214870e-01 6.902114894624367114e-01 4.849117818746818132e-01 4.651065882777161153e-01 8.417994590308126579e-01 3.724745419852732442e-01 4.770235228407451178e-01 4.641766266683116093e-01 1.772126434506309245e-01 6.961974156507598765e-01 1.679108901263673681e-01 5.582941189223953327e-01 5.434901141833476945e-01 1.088309615115296447e+00 3.883605375365523638e-01 6.815378574018411406e-01 4.437053307398873825e-01 3.886727655210340804e-01 1.443416879971604616e-01 9.422671546588647917e-01 4.147032600836617622e-01 3.082672659783471381e-01 6.562378230319988459e-01 6.175407543658854026e-01 5.787327306875293953e-01 5.589660224780013120e-01 4.406012467380537312e-01 5.344651058642679864e-01 4.082023476271270379e-01 2.948879661435432342e-01 1.127042760325944304e+00 1.259412167195892440e-01 5.302280069564904164e-01 7.192042900801530747e-01 5.504613744850582746e-01 4.592887426998372713e-01 3.625508738311865042e-01 8.471716230023557115e-01 7.521763340874425552e-01 6.657215893242296456e-01 3.964808965224618231e-01 2.634436607246181672e-01 5.924434703333246732e-01 8.993716472000188311e-01 4.388495287879016771e-01 3.401149846702823387e-01 3.566551701085440285e-01 7.202353371114685876e-01 6.260995413835742651e-01 4.521944315913795087e-01 9.048375178170442457e-01 5.353765167538830916e-01 4.234973328699914163e-01
4.196899087261743433e-01 7.170461813506718851e-01 5.624602588423491811e-01 6.371606588706761887e-01 6.278126074472064611e-01 7.422235077394733205e-01 2.632844297503730280e-01 8.670682103155256115e-01 2.709041320684675291e-01 2.502693084262413992e-01 4.560760082425278639e-01 4.335952583387461257e-01 2.654520967087249383e-01 3.554708555576242546e-01 6.071212080860549642e-01 4.436450600907653197e-01 0.000000000000000000e+00 4.652364681597186413e-01 6.407090713278315031e-01 4.103927867746332003e-01 4.698814663557735471e-01 2.162643400002836613e-01 4.945232223853223141e-01 3.775179628086748895e-01 2.891533657068889873e-01 5.447215817986521547e-01 5.873888799642672520e-01 2.620470624355072942e-01 4.615362285300851908e-01 4.088057898337598139e-01 3.905968410842511340e-01 2.774657578229972610e-01 2.893310993425806110e-01 6.179932662657916520e-01 2.264329001407348052e-01 7.019831725372353004e-01 1.698816027532697726e-01 3.887227778561107017e-01 4.921756068748502355e-01 3.618728701998076835e-01 5.706898781120214315e-01 5.549891947434469897e-01 1.452658347717215026e-01 1.512775050751360983e-01 3.449900436422511651e-01 3.493194041436668007e-01 6.554279599097716513e-01 4.170619773270674013e-01 3.331739287791132265e-01 1.301937725593086959e-01 5.220430096269852438e-01 5.098930851561815913e-01 7.461603769459601576e-01 4.134905658655578242e-01 2.281336987049173426e-01 4.646159383259775844e-01 1.213569649084572377e-01 3.230370965879404976e-01 3.831487688839363970e-01 5.204559423385429762e-01 4.458992380644359876e-01 2.734474258743772590e-01 4.635372805673970142e-01 3.308534374593420369e-01 3.823768750618232737e-01 5.235324640806159335e-01 3.364955602914326271e-01 1.684142734672177955e-01 3.072353934383355023e-01 4.467648661068525651e-01 2.897112965799291673e-01 5.174625479212189294e-01 6.587509841559895385e-01 5.594025686788363094e-01 3.147662071541197926e-01
7.266626081824896222e-01 7.376794569680368285e-01 7.136330986030109402e-01 2.497289871670865247e-01 1.073133367921250247e+00 1.196065092667381036e+00 5.454056064257936098e-01 1.188672364160342054e+00 2.425450589532084367e-01 6.871199533897049960e-01 8.765655929863465090e-01 2.416699114504604340e-01 4.168421671951844654e-01 5.446367926588520092e-01 3.379599452959208272e-01 5.113679209532798753e-01 4.652364681597186413e-01 0.000000000000000000e+00 9.582509855131815524e-01 3.738495863214645332e-01 9.134139000905010519e-01 5.302829993557997001e-01 7.780560423872905362e-01 8.114907781986657742e-01 7.247643692109403402e-01 2.052999378312870271e-01 1.041230464892175078e+00 2.322151784195480573e-01 1.875004883429129965e-01 5.933044644035158077e-01 4.129224763167935186e-01 6.734896085411393729e-01 3.679677408766946489e-01 3.003943909434558246e-01 3.959390307473665827e-01 1.024179105886508179e+00 5.932560976787695228e-01 6.247469247947458060e-01 1.586671455483837367e-01 5.422251011268017784e-01 5.925997800093816270e-01 8.731814631565303353e-01 3.199706333879971942e-01 4.811669932857794985e-01 7.968664389301105544e-01 8.031609890715744049e-01 2.897688046027488418e-01 6.712040903367915146e-01 1.320625393806053594e-01 5.670444175227722372e-01 1.340630526023560143e-01 3.202612328343282799e-01 1.067764530790776156e+00 3.966435426072483783e-01 6.819752836328250023e-01 9.184575232538854106e-01 4.444487385917512690e-01 3.343629475411497021e-01 1.512180416925251458e-01 9.665119634238293900e-01 8.310374074464965677e-01 7.102980708378409114e-01 2.500693411295302204e-01 2.661350900002018571e-01 7.723785310002218019e-01 8.326513004687200459e-01 4.387368812846359489e-01 3.587239216841549561e-01 4.938981307698434020e-01 8.852006272941945753e-01 5.179562722603521241e-01 2.551016223923987525e-01 1.112592569083897143e+00 1.089702028006578338e-01 6.243393996600625773e-01
2.394413235027601228e-01 1.295919003255801005e+00 1.196863961700219248e+00 1.174649605415315934e+00 8.515571376078424626e-01 8.320821612585069804e-01 7.512371879673049868e-01 2.409682252643235711e-01 7.221621685822838810e-01 5.811127253765027145e-01 5.283806040645270263e-01 9.241210450796778497e-01 9.036153488393876554e-01 4.975438808332705576e-01 1.193582198165912933e+00 1.019204876798506243e+00 6.407090713278315031e-01 9.582509855131815524e-01 0.000000000000000000e+00 7.215941732367388006e-01 6.523151141129870378e-01 4.462266096059070430e-01 3.822670156967553079e-01 3.862127306840489882e-01 5.673850892334700857e-01 1.061383911578731798e+00 6.536350517553281003e-01 8.625412665450500338e-01 8.360354190066014990e-01 1.043209492691630658e+00 8.542097820800037544e-01 3.939705508732573858e-01 8.933634199547816346e-01 1.196179359209297521e+00 5.624828120829161726e-01 1.609614946944470937e-01 6.566630034730832621e-01 3.560554894539614823e-01 1.055579905740398061e+00 6.314550016315665371e-01 1.157871110318792640e+00 1.437608067101663889e-01 7.186514998210012939e-01 7.791617684086350470e-01 5.217472285604498605e-01 4.546352310045939094e-01 1.190493105668620988e+00 4.802587837505373214e-01 8.502557040932696708e-01 5.340977144410542499e-01 9.349317592737638183e-01 8.344669130722237593e-01 1.226803395043186695e-01 9.715936016947168685e-01 5.224843428262895273e-01 5.480339522923666218e-01 5.561552215480501937e-01 6.768095909956792777e-01 9.509849247601591671e-01 7.374982460749760493e-01 2.831860227929764995e-01 4.712246468088074902e-01 8.083019234568558087e-01 9.548132122266549393e-01 5.152987099668765447e-01 1.294696543492117879e-01 6.115770538162741410e-01 7.996612743753800379e-01 9.416390962962062350e-01 3.950858938967085621e-01 4.406040111597369080e-01 1.104225665119252575e+00 7.429482133588187764e-01 1.065254027273956572e+00 6.314820302564374543e-01
5.140275359650052778e-01 6.106607699331626504e-01 6.786216540591275548e-01 5.557416053514160348e-01 8.907278350405795075e-01 8.535649749002880426e-01 2.288579515916831508e-01 9.503398901337418714e-01 2.392455433362447037e-01 5.684671971805044244e-01 5.334514962386366355e-01 2.201533113666343522e-01 4.347392459636220674e-01 2.283854632462038181e-01 4.971762923976961179e-01 3.459447586447899070e-01 4.103927867746332003e-01 3.738495863214645332e-01 7.215941732367388006e-01 0.000000000000000000e+00 7.145460130155130152e-01 3.819480685518634178e-01 4.570614072848026566e-01 6.031173571819992141e-01 3.695903304170456427e-01 3.661300133079168906e-01 7.104283205867980566e-01 4.037355748063268246e-01 2.259234027414323553e-01 5.384794329420210524e-01 1.687321151941589825e-01 5.356621546763365993e-01 3.108318446177018024e-01 5.051729186711793052e-01 2.058252734514122717e-01 7.906989115535288937e-01 3.766594026874192647e-01 3.655386837827773183e-01 4.048894123564747427e-01 1.732280713255425764e-01 4.696674545950303981e-01 6.482082282146075514e-01 3.362826636577479489e-01 3.417582273159492368e-01 5.805954868070697383e-01 5.030151447121381514e-01 4.936591055228859992e-01 3.358314817476356073e-01 3.388450342902170620e-01 4.608768827525299150e-01 2.479041340211154965e-01 1.261432018061191263e-01 8.294320567641764175e-01 2.742127985715603344e-01 4.727408639419504177e-01 5.897479106673868543e-01 3.387410059853381838e-01 1.143978625489882883e-01 3.548123651013363467e-01 7.806634214289281948e-01 5.614851374124257832e-01 5.951332444618856465e-01 1.237802451919342989e-01 3.211188141278896735e-01 4.308773365176457038e-01 6.017609436382509447e-01 1.100171194204647290e-01 4.076573730855807542e-01 4.309579763822534715e-01 5.486007365091245536e-01 2.986664370881637054e-01 4.002579314062091331e-01 7.690555403079457619e-01 4.294627039366575305e-01 2.650534491968726813e-01
4.678043382155879226e-01 1.063267208391176943e+00 9.658669043524459319e-01 1.088905153308513674e+00 2.156318899144223367e-01 7.057610758856428523e-01 5.244919816130707568e-01 8.786742531006811463e-01 6.871202207989708377e-01 2.296382555026338645e-01 4.473343387324557052e-01 8.324562236829856632e-01 6.990720576411525444e-01 5.657270661896588448e-01 1.042677756014276147e+00 7.860377822705297834e-01 4.698814663557735471e-01 9.134139000905010519e-01 6.523151141129870378e-01 7.145460130155130152e-01 0.000000000000000000e+00 4.811482100246518567e-01 4.634028501731089489e-01 2.661023834289379386e-01 3.636395006692639820e-01 9.717421032260034064e-01 5.429023980481898493e-01 7.311984360657100002e-01 8.721293983864193411e-01 8.199823744816304716e-01 6.893127189783847530e-01 3.678988641044530494e-01 6.524032147885159283e-01 1.053549814194012058e+00 6.116716096229937172e-01 7.139722769887874021e-01 4.073038285757151766e-01 6.023098261657781061e-01 9.386979739540700640e-01 5.671890043592440200e-01 9.169109051525269338e-01 5.669782991949989803e-01 5.958386256115445478e-01 5.245526582730790643e-01 1.377320191582417919e-01 3.004562886438438274e-01 1.085368245635816242e+00 4.757299500241259915e-01 7.813513607098956371e-01 3.509883239870735250e-01 9.294435137849985651e-01 7.623776868052796196e-01 7.577664197311156924e-01 7.666072017790431792e-01 2.558097753140393671e-01 4.201294564099001261e-01 4.932326343626705079e-01 7.216646287346468736e-01 8.501371291737257474e-01 1.127866281988917502e-01 3.872053656235692753e-01 2.493566517298843599e-01 8.291068993066347259e-01 7.361648435969974091e-01 4.205633811783756060e-01 5.351385068657713573e-01 6.811565880928802663e-01 6.252067111485051232e-01 7.134147152255180258e-01 3.683068610334526150e-01 5.769488441578638493e-01 9.526919696733469056e-01 6.249325087367048059e-01 1.007580000609618498e+00 4.635092768838378618e-01
