0.000000000000000000e+00 1.443497967971632656e+00 1.371760325723268226e+00 1.167388162071420155e+00 8.612287885671529031e-01 8.521657349966330619e-01 6.694009044251054696e-01 5.901005744574796541e-01 1.031742386641242737e+00 9.751520144053480443e-01 4.820063253081967591e-01 8.478422446340592167e-01 3.464502357873202598e-01 5.567044624820340903e-01 7.915198138562116181e-01 5.021431800699990289e-01 2.771516884291633231e-01 2.591610973135203277e-01 6.057486886537287729e-01 8.633708084221798362e-01 1.221945808820251944e+00 4.592659045476635837e-01 3.769466171182486169e-01 1.154445932897775196e+00 2.072446054626911893e-01 6.751233307669057826e-01 7.984469019684189428e-01 9.842173520358860062e-01 6.969126720199430025e-01 6.476518971750914178e-01 7.717948279368115339e-01 4.980181518809066454e-01 9.154814363599643734e-01 7.059069443782010067e-01 4.988615992886381023e-01 2.173450411224794043e-01 6.541109420078197179e-01 4.961632331065370383e-01 7.370407774634331055e-01 1.010477517941198666e+00 1.560059094231297794e-01 1.889653999067043011e-01 9.187827883388426375e-01 4.278783012254847584e-01 8.715825931816798544e-01 7.772095141487097569e-01 1.616921408659244275e-01 3.710286516591959627e-01 8.519619642922259262e-01 7.252301577675543953e-01 4.106639580082134255e-01 1.100154190568214840e+00 3.218734850564774486e-01 5.487661726116209726e-01 1.342731338670112295e+00 5.079664203352177720e-01 5.427960362413566386e-01 7.900262824084187674e-01 5.552096279974479964e-01 7.275533125003719181e-01 6.069305216066767095e-01 1.261983732192833552e+00 1.124823627747566918e-01 9.484506700993964312e-01 4.779366489089820202e-01 8.930109593956627734e-01 1.123987986049314880e-01 7.933108270717773580e-01 8.097946632574813952e-01 4.023282651295202461e-01 1.050798424735098990e+00 5.640838524556884837e-01 7.337922169274918582e-01 9.665947883257143269e-01 7.788001868507619108e-01 9.307665967804986673e-01 3.219587449139759139e-01 4.512204840347739943e-01 6.038795824473358609e-01 2.673999076319288348e-01 5.783474677398804387e-01 6.342042163265048105e-01 8.910869992863198474e-01 7.472265762859691129e-01 9.969261317594291238e-01 4.654801875324167670e-01 2.307145004001381616e-01 8.154078524168371089e-01 1.099576871611615686e-01 9.585149488878458301e-01 2.526170801419640455e-01 1.314047137535340637e+00 8.937184619618273596e-01 9.561344013469784686e-01 3.998705168928236575e-01 7.226446586220655055e-01 3.860245376472316581e-01 8.131338575686352099e-01 8.916983926074636413e-01 6.157906914610633553e-01
1.443497967971632656e+00 0.000000000000000000e+00 1.341037178581209188e+00 9.264924848141533609e-01 1.554599512014830376e+00 1.499715972593435476e+00 1.075056386138927067e+00 8.598710660407286044e-01 4.520327514091642684e-01 9.471199552220241902e-01 1.182891241882428890e+00 8.817655261243737552e-01 1.204935383701982721e+00 1.181183204099321093e+00 7.281246138677658353e-01 1.012323443437797454e+00 1.525468490373368846e+00 1.245308640337062789e+00 9.712640844981683674e-01 7.095276337294175173e-01 2.345392381614765098e-01 1.215375987590601836e+00 1.073214811124252988e+00 1.123722785755717268e+00 1.412875875728414998e+00 1.365918884915370501e+00 8.833869670679612707e-01 6.402570935955067544e-01 1.059763549470411403e+00 8.380259681845304565e-01 7.586838650500337122e-01 1.201612395539904732e+00 8.754618182146395311e-01 1.348089882030488296e+00 1.029107180819202272e+00 1.531035388596957203e+00 9.065048404926868697e-01 1.016086803889712398e+00 8.292938575634477560e-01 7.782550082439616546e-01 1.483584931051562750e+00 1.254532568064928189e+00 7.667280699222674967e-01 1.139844763321906429e+00 5.724637391818973020e-01 1.011586013063183076e+00 1.369332566678645113e+00 1.117427179440988683e+00 8.320521461865147961e-01 7.221126529209761502e-01 1.133647031572003305e+00 3.463944889703116647e-01 1.306924511237672837e+00 1.035248435912301312e+00 1.240587853502405496e-01 1.174953431930740866e+00 9.045467744471740179e-01 1.491084414785006418e+00 1.080764377366925766e+00 9.373260389352315869e-01 9.179796300228928452e-01 1.233101359911040973e+00 1.531792362472829572e+00 5.547381707266748618e-01 9.706908891546262019e-01 8.029355433737936920e-01 1.465903629622825166e+00 1.442728409750605678e+00 9.539823294362297368e-01 1.104073968603752620e+00 1.020483538398081924e+00 1.155176894334156490e+00 7.670301658972412673e-01 7.592112248271283281e-01 7.974073206087261001e-01 7.986308893928261154e-01 1.149152495033947119e+00 1.068494707928240750e+00 1.256466459151596826e+00 1.179942903056601100e+00 1.276008459260737471e+00 1.136853140057169087e+00 6.641425078624694223e-01 1.443333663616652718e+00 4.485977957346873324e-01 1.119377571725886256e+00 1.330065783017989611e+00 8.616325727079184871e-01 1.357399685961531599e+00 6.742464587579596325e-01 1.456298750529616548e+00 1.283323990393282710e+00 8.382058549552334759e-01 9.362245832412670055e-01 1.124715495301062518e+00 9.788738918922996746e-01 1.251231422760318290e+00 6.662814040397573301e-01 8.650223218659878199e-01 8.860023981110263236e-01
1.371760325723268226e+00 1.341037178581209188e+00 0.000000000000000000e+00 9.199615152309699173e-01 1.555630380519222866e+00 1.408540440931538074e+00 1.082851120594044758e+00 8.081013524464373265e-01 9.220993170280145090e-01 4.147853803818090657e-01 1.191644597243151305e+00 7.764442528094533946e-01 1.052083686565795428e+00 1.090007672437423691e+00 8.614361005860550202e-01 1.086454627144574081e+00 1.472278575065350426e+00 1.234139939209989656e+00 7.978223439108490522e-01 6.438559036734188279e-01 1.118976869043790678e+00 1.200411284574907533e+00 1.017957142645071311e+00 2.174551664000728968e-01 1.320077543814237364e+00 1.364165458121668006e+00 9.969789345722224194e-01 8.114966741367055647e-01 8.780400913393155982e-01 9.289027221970066472e-01 7.441172980518134805e-01 1.019999275056980848e+00 5.902991535708072002e-01 1.256914350368591116e+00 8.978602932749086829e-01 1.459297746348591440e+00 1.044458823624098143e+00 1.030185096399536926e+00 6.576727082275888314e-01 7.630508711007484290e-01 1.428607526258273142e+00 1.182794925816563092e+00 8.639650763671919975e-01 1.049664332843251335e+00 7.792798629749611017e-01 9.839683471182341101e-01 1.316947835157216362e+00 1.155534627865512531e+00 5.212967544050416402e-01 7.927616515409454667e-01 1.223174142815307119e+00 9.976934011777913724e-01 1.171035349312011142e+00 1.162939033802695477e+00 1.240270549279688828e+00 1.173200005137038815e+00 9.096422793170708676e-01 1.491396621662791189e+00 8.991512568840024366e-01 7.522927036891787766e-01 7.803137101298996958e-01 1.164294910143044565e-01 1.474421018302766173e+00 8.097171494403294645e-01 9.088761873900061961e-01 7.019824830334533416e-01 1.394165987374459403e+00 1.351552878088708054e+00 8.756097338671116059e-01 1.100275723638771463e+00 3.253626375045876040e-01 1.120571402773925307e+00 6.604974162814728489e-01 7.810621172084110109e-01 9.510444187612575595e-01 6.270390427940619738e-01 1.062462040549684961e+00 9.773191762663441251e-01 1.165290927489700312e+00 1.131247468635318887e+00 1.274255032467034976e+00 9.910145202153965993e-01 8.381232201670252291e-01 1.444364532121046096e+00 8.944347068486476759e-01 9.564507387685424744e-01 1.217985788892953058e+00 6.397388783040118820e-01 1.285662043713165836e+00 7.253624078685289023e-01 1.406291368324163793e+00 9.719976469418134535e-02 5.169050830525137030e-01 4.174961304858040290e-01 9.983531165484823555e-01 1.067795582154273726e+00 1.079002391463133925e+00 6.955659838743948331e-01 9.045710593425859702e-01 1.000943269666700663e+00
1.167388162071420155e+00 9.264924848141533609e-01 9.199615152309699173e-01 0.000000000000000000e+00 1.327203067297293204e+00 1.211292686750089054e+00 6.723102996776019191e-01 5.974794547026619496e-01 4.763272021078085450e-01 5.221715359933637446e-01 9.594986098189201007e-01 3.532071854263381105e-01 8.209379262841003388e-01 8.927599182559744495e-01 4.690652449574615468e-01 7.602871100169192875e-01 1.275030820883900295e+00 1.004020554202284421e+00 5.616394734176917147e-01 3.156260335760274205e-01 7.022092665647555743e-01 8.750786131542875879e-01 8.207093884636221803e-01 7.032991655669392772e-01 1.089303900563365346e+00 1.135738144899737900e+00 4.855008538204641511e-01 3.118418865259852679e-01 5.352595824353112430e-01 6.208075851999685923e-01 4.924504049614859547e-01 7.471130955513926031e-01 3.650160338601525778e-01 1.059666596187141874e+00 7.041735619615487884e-01 1.235078971580992224e+00 6.071414442346209084e-01 7.903756152777309252e-01 4.659867971183662694e-01 1.629410172676652446e-01 1.231359772076824122e+00 9.833582754127233594e-01 3.466945846320485525e-01 8.524165786618018714e-01 4.139441289814811964e-01 5.585754656876664725e-01 1.119700080975767342e+00 8.946375594546355225e-01 4.602243211895673536e-01 4.918454862268082373e-01 8.650294397825756265e-01 5.913393386191431178e-01 9.215367328388294199e-01 7.269272251791680794e-01 8.271709502468080899e-01 9.447726919151090419e-01 6.742796077530059939e-01 1.262969308440861527e+00 6.395272455971481307e-01 4.515984223572652723e-01 5.866269788165395793e-01 8.090483505516407048e-01 1.277173264121317153e+00 3.780358329046733523e-01 7.060919068806914556e-01 2.743772026757576032e-01 1.183274992983733176e+00 1.154305123907258590e+00 4.601183144972482708e-01 8.738068019095847072e-01 6.027102284462085846e-01 7.826045360048987654e-01 4.498755185376974164e-01 2.622402144380692746e-01 4.823817994018438360e-01 3.080169517560427117e-01 8.652142863682361629e-01 7.800714220848944391e-01 9.680431733082506263e-01 9.339997144538698670e-01 1.045827719245105092e+00 6.441152513447910843e-01 3.851916398370907602e-01 1.215937218899116434e+00 5.016751024610075493e-01 7.064675432967821855e-01 9.868400286112584130e-01 3.768657854359519499e-01 1.073457455571066310e+00 2.613480896846997470e-01 1.175145608042469147e+00 8.629003702045044966e-01 4.030564321784564363e-01 5.318214825821440117e-01 8.047998114102222766e-01 5.809877786448027770e-01 8.261514580164956989e-01 3.934685338208227523e-01 4.168350938032310826e-01 6.443747545371601992e-01
8.612287885671529031e-01 1.554599512014830376e+00 1.555630380519222866e+00 1.327203067297293204e+00 0.000000000000000000e+00 1.139755117002630547e+00 9.390017771776141275e-01 7.475290280727855396e-01 1.140735335663958017e+00 1.161713157160037646e+00 3.840186078513732615e-01 1.148249097890812420e+00 7.494759410227870289e-01 8.284296908155657224e-01 9.038026065371588258e-01 6.772515169001163127e-01 9.338078698504875819e-01 6.492698371016171199e-01 9.322349278152414209e-01 1.025363205539402189e+00 1.333656550539978225e+00 7.955555944300582993e-01 5.900583616786309049e-01 1.338315987693729836e+00 8.393765029197761685e-01 1.952286638755786896e-01 1.004669165755630589e+00 1.084762401493736261e+00 1.101973254992745455e+00 7.353995032177266244e-01 9.150248091670242223e-01 9.207298036806322861e-01 1.115126397905445321e+00 9.946502115480714279e-01 7.551700367241755973e-01 9.581181587531549804e-01 8.440647231467520717e-01 5.398784117295727381e-01 9.538261323087701138e-01 1.175587458699150822e+00 8.960495131464137897e-01 6.995683499275638928e-01 1.038397694123160298e+00 7.386733048042561922e-01 9.823469877256568727e-01 1.079429745557501708e+00 7.772961482232449981e-01 5.456714531925296319e-01 1.036841108040301940e+00 8.353575810704851889e-01 6.922124784337102543e-01 1.211445930409337679e+00 7.791476532498535779e-01 7.756428972233501140e-01 1.453832882713310015e+00 3.861941168602076591e-01 6.529234595442872102e-01 1.211656133300615945e-01 9.596457611305283519e-01 1.061376061988101194e+00 8.291301518356689604e-01 1.446862875940909454e+00 9.456783403514537056e-01 1.061914478413740648e+00 6.667487970006055198e-01 1.142616048820852770e+00 8.908560105303250376e-01 1.080579070129613628e+00 1.155343626105562960e+00 4.794738398452520478e-01 1.235076740336095824e+00 8.760276938836168981e-01 8.951329642377500173e-01 1.142400047628790993e+00 9.192946549265167411e-01 1.109100125248588586e+00 6.731986993279669429e-01 7.143278476408758682e-01 8.911478255051724640e-01 5.939117726514364648e-01 2.941870936811066262e-01 1.009897238769181582e+00 9.847261231974577811e-01 1.155315333039538539e-01 1.108220432797895283e+00 8.657050049481077592e-01 7.633096232367682088e-01 1.046727196668001847e+00 7.848825351062640454e-01 1.077584849707576398e+00 8.606628284051683897e-01 1.497917192331295277e+00 1.077588516757782333e+00 1.141013545095054260e+00 7.694316521190449620e-01 9.463566506940253031e-01 8.208108548479745581e-01 9.433329660887298518e-01 1.088300475871012862e+00 7.440431056005916144e-01
8.521657349966330619e-01 1.499715972593435476e+00 1.408540440931538074e+00 1.211292686750089054e+00 1.139755117002630547e+00 0.000000000000000000e+00 9.480060830052499110e-01 6.398449065527068713e-01 1.087960391263045556e+00 1.011932129613618780e+00 7.693090649316943752e-01 9.495451062184978586e-01 6.193532298593625862e-01 3.254835102614657139e-01 9.307604716495770925e-01 8.132726058753035892e-01 9.540554363421815953e-01 7.295460088672462984e-01 7.069492959565363277e-01 9.001509236304504613e-01 1.278163813442054320e+00 8.341208356790387191e-01 5.496967553239997528e-01 1.191226048106045710e+00 8.110566363544433610e-01 9.531714943686604435e-01 1.074974943224424440e+00 1.054178476629639372e+00 8.693662266120921744e-01 7.639415978587532630e-01 8.215915760325307460e-01 7.739980418983206656e-01 9.540491833963190560e-01 1.691734020090117918e-01 5.276104280879565511e-01 9.397031556219570536e-01 9.295467946550629579e-01 6.781280917350441806e-01 7.726546116737366132e-01 1.056645615244821368e+00 9.103843875351050885e-01 6.632003350899288163e-01 1.050135436945672796e+00 4.299149874095544166e-01 9.278005978034827850e-01 1.002637136705469612e+00 7.987246964340483091e-01 7.157567603208416784e-01 8.887420795004965512e-01 7.894711018844968731e-01 8.082408944056198585e-01 1.156372195190017882e+00 7.218603223258376334e-01 9.326153681282012275e-01 1.398949343291915559e+00 7.798751144165098070e-01 6.481442210827800254e-01 1.068552610843896522e+00 7.373044484495760997e-01 8.380470637551576951e-01 6.377621208926547158e-01 1.298763847401103844e+00 9.561978795795984531e-01 1.004668674721199251e+00 5.378509503489676824e-01 9.613478428609185666e-01 8.745713966478247947e-01 1.112452340164879899e-01 9.773420791826317178e-01 6.695910945929752778e-01 1.087578539943369060e+00 8.901153865481390426e-01 7.705723321357625943e-01 1.062828511738881820e+00 9.669274289279755630e-01 9.675467119887694034e-01 5.332250941545205736e-01 4.350357792438777071e-01 2.492676642734308057e-01 6.266535382925764175e-01 8.557238774270642390e-01 8.808989646609862723e-01 9.610481238800732129e-01 1.025752904721447312e+00 1.053144136381231943e+00 6.526035512468503219e-01 7.138032424605816884e-01 8.718052740904779219e-01 7.660674529865314497e-01 9.952950640961167883e-01 8.924429840552161597e-01 1.350827252743610707e+00 9.304985771700980957e-01 9.929145165552490937e-01 5.180518561903312280e-01 1.044188577251877081e+00 7.143985962421836033e-01 8.686362810368704057e-01 1.054700373513462575e+00 8.169614986230830933e-01
6.694009044251054696e-01 1.075056386138927067e+00 1.082851120594044758e+00 6.723102996776019191e-01 9.390017771776141275e-01 9.480060830052499110e-01 0.000000000000000000e+00 5.872529001002616544e-01 6.409766670046378456e-01 6.704779170233325924e-01 5.550568832376339135e-01 3.531478918651416721e-01 3.629777976033111142e-01 6.351967658858963528e-01 3.725388974364078898e-01 2.950320395130814899e-01 7.156663101872229316e-01 4.256082674559282242e-01 3.560693345228423956e-01 5.748673022317016823e-01 8.585215126663806595e-01 2.250456746066917812e-01 5.513042070901077452e-01 8.742462324011670560e-01 5.608126799502947124e-01 7.549472488580039053e-01 1.916694190709654355e-01 4.866609519300208464e-01 2.048110292547291877e-01 4.049537803005981429e-01 6.205081785441936004e-01 1.758780067808916325e-01 5.503065987297190986e-01 7.968108022957998138e-01 4.361451838586090646e-01 7.183352746822402324e-01 2.002346452835925272e-01 4.518556196879962572e-01 4.648910127809813830e-01 5.191859374767683333e-01 6.995693241351449432e-01 5.057364671738816542e-01 3.420125685672101845e-01 5.363127997274255154e-01 5.055927006767454435e-01 1.460348593617897262e-01 5.636104577910853175e-01 3.947133942295391607e-01 5.737926004925162360e-01 4.934095944149490265e-01 2.809342942807230292e-01 7.326667281091261419e-01 3.526308721144788549e-01 1.705107977516164275e-01 9.742897568374068173e-01 5.939347760685426136e-01 4.635708354921237451e-01 8.683298270090058502e-01 2.475166569259426574e-01 3.305584169048660370e-01 4.717365777675949223e-01 9.719379559147158787e-01 7.613356556400836528e-01 6.000983096300078756e-01 5.498307439955805176e-01 4.578552059092306226e-01 6.813610741147306804e-01 8.904216803610505160e-01 2.432476621023749175e-01 5.089846474457497827e-01 7.728659894566978217e-01 1.154306744402737450e-01 5.555256424993884057e-01 4.138132411971268132e-01 2.894657668226984781e-01 5.475026671457435823e-01 4.713234368697422072e-01 5.305494249257739492e-01 7.070740192941595836e-01 4.615690697883645388e-01 6.610840575284137044e-01 1.018351624983372949e-01 4.183373048766585445e-01 8.251101059051614284e-01 6.299844147403695915e-01 2.954025317583998111e-01 4.525873182596696909e-01 4.654852117076976881e-01 5.715435367020640367e-01 5.065446362431578198e-01 6.228086837467009529e-01 1.029497934679463267e+00 6.225935457055218336e-01 6.782019660685776330e-01 4.409624937984437665e-01 9.618249424662697611e-02 2.878716210145665366e-01 5.454926330102454202e-01 2.554752058743708920e-01 3.128199413155725028e-01
5.901005744574796541e-01 8.598710660407286044e-01 8.081013524464373265e-01 5.974794547026619496e-01 7.475290280727855396e-01 6.398449065527068713e-01 5.872529001002616544e-01 0.000000000000000000e+00 4.481154847103386296e-01 4.141841290872521619e-01 3.835432447967135339e-01 4.114499997856334024e-01 3.542609815065898005e-01 3.213121380585922671e-01 3.032344531346046201e-01 3.128650593210122732e-01 6.886276909325187434e-01 4.472294023177032507e-01 2.466196233036306862e-01 2.818534211266345291e-01 6.383189068893474483e-01 5.640140541464102597e-01 2.288107860793674730e-01 5.907869596209449625e-01 5.590433563533232508e-01 5.560641056752303468e-01 4.868620871493294366e-01 4.143335700769322782e-01 4.316399270695769341e-01 2.000929272051506502e-01 1.870412330863452377e-01 4.442322792020120814e-01 3.675973698326598926e-01 4.882188159897599133e-01 1.784327786238090463e-01 6.776379950828036458e-01 3.943303939346341491e-01 2.308077409191608975e-01 2.158936683190339212e-01 4.428323831973941527e-01 6.449566421254422366e-01 4.011351745507752975e-01 4.102905303929657022e-01 2.799736972811780467e-01 2.879556912507756916e-01 5.781916679408404258e-01 5.332969510243852351e-01 3.633927451762795635e-01 2.893120799675163446e-01 1.496261953317897242e-01 4.454912616872476194e-01 5.165272886373107886e-01 4.816388922649637028e-01 4.373863010824773911e-01 7.591044367392090209e-01 3.650986526906013219e-01 1.236820646081377151e-01 6.832952692163533071e-01 3.540405143485083062e-01 3.337871199522938204e-01 1.306815129924670249e-01 6.993338478681235815e-01 6.907701341699357123e-01 3.648237681684922684e-01 1.121639255484976339e-01 4.035279879748593368e-01 6.125062361086711649e-01 5.828573437098766297e-01 4.730821353797680651e-01 2.921743711923340259e-01 4.875477122633102289e-01 5.603496238518305139e-01 1.476039361649645054e-01 4.501134039748684312e-01 3.775900575619060007e-01 3.615710971758033243e-01 2.892814289932184590e-01 2.086236418875123677e-01 3.965953931108684993e-01 3.443369317430333698e-01 4.661536800205973718e-01 5.102981784285351985e-01 3.212032173273661750e-01 6.362631796746081037e-01 4.132992298285249055e-01 3.127752760382913055e-01 4.701947169772611734e-01 3.031874816438255849e-01 5.040022924473779309e-01 3.747901271627104292e-01 6.213054202190673170e-01 7.503881642585101819e-01 3.300594886849970155e-01 3.934845170222688315e-01 2.690713234358368955e-01 5.215329820239733571e-01 4.239114241818547901e-01 2.287913744841633124e-01 5.015102761803041931e-01 2.817450979026541180e-01
1.031742386641242737e+00 4.520327514091642684e-01 9.220993170280145090e-01 4.763272021078085450e-01 1.140735335663958017e+00 1.087960391263045556e+00 6.409766670046378456e-01 4.481154847103386296e-01 0.000000000000000000e+00 5.243093377904075592e-01 7.690270655315566417e-01 4.319493828117121348e-01 7.931798023715925794e-01 7.694276227689309522e-01 3.046753366468815116e-01 5.969675483440636254e-01 1.111604314022497153e+00 8.299527452433295149e-01 5.588974223481287806e-01 2.801385345828532047e-01 2.340476233964006725e-01 7.976804489988233993e-01 6.595017842913746264e-01 7.054369673639829807e-01 1.001120294398024413e+00 9.520547085644978091e-01 4.493072479336726044e-01 1.882243421863426247e-01 6.077536340919632574e-01 4.226700730907969605e-01 3.480907600898039966e-01 7.892457333898651450e-01 4.326039090200647363e-01 9.363343007000983764e-01 6.173515994888117975e-01 1.119279807266566618e+00 4.830555632718026571e-01 6.022226275388399275e-01 4.169271954134081692e-01 3.280897255376163391e-01 1.069720754700692167e+00 8.427769867345384913e-01 3.185775503747334536e-01 7.280891819915167318e-01 1.601597934595629658e-01 5.677702723997463119e-01 9.554683903277736423e-01 7.020712843472542986e-01 4.196854840364749872e-01 3.082484765701040685e-01 7.182911364782696984e-01 1.352956509801018503e-01 8.915686161439395629e-01 6.117991586914173219e-01 3.547909501359144402e-01 7.610892555798688397e-01 4.906825980963019918e-01 1.077220238434134281e+00 6.683977152168864011e-01 5.249593767851918891e-01 5.056129678728531474e-01 8.111861523486844083e-01 1.117928186121959655e+00 1.123821675876845172e-01 5.589353078242362827e-01 3.531194000611316830e-01 1.054148048292434359e+00 1.030972828420215315e+00 5.031525116762041172e-01 6.902097922528808160e-01 6.048480302432522882e-01 7.287965202158240841e-01 3.546635037472014029e-01 3.090459421207829016e-01 3.710269464903936942e-01 3.531747177089699652e-01 7.373969137035570887e-01 6.567391265978509418e-01 8.447108778212071289e-01 7.660787267057299621e-01 8.621442829098651117e-01 6.918351194039729091e-01 2.272923077409174653e-01 1.029469487265780803e+00 1.003738249998128440e-01 7.070109095758471129e-01 9.183102016875996920e-01 4.492659105578787893e-01 9.456441046311411247e-01 2.248107594050836044e-01 1.042434574178743967e+00 8.650381720015482001e-01 4.069165209365430136e-01 5.229875033785731375e-01 7.129599139706722655e-01 5.447941727580111193e-01 8.388647606102787035e-01 2.556882990795273924e-01 4.195906047465165489e-01 4.706465030172929387e-01
9.751520144053480443e-01 9.471199552220241902e-01 4.147853803818090657e-01 5.221715359933637446e-01 1.161713157160037646e+00 1.011932129613618780e+00 6.704779170233325924e-01 4.141841290872521619e-01 5.243093377904075592e-01 0.000000000000000000e+00 7.977273738839655293e-01 3.640710492387411734e-01 6.483218462966624518e-01 6.933993611195041762e-01 4.675188772268694670e-01 6.925374037853888609e-01 1.075670263747430244e+00 8.375316278920695856e-01 3.898800291006814245e-01 2.460659244358122943e-01 7.250596456846053472e-01 7.924689697647400166e-01 6.213488313271517960e-01 2.082881091507297056e-01 9.163157035451051646e-01 9.702482347624823422e-01 5.846057310015100317e-01 4.137066948990989479e-01 4.656668877686032104e-01 5.349854988378209830e-01 3.502000746926278718e-01 6.120569602468134418e-01 1.869125153074223666e-01 8.603060390506716004e-01 4.975253327826190120e-01 1.057555003151105177e+00 6.505416002649125895e-01 6.362678730403517058e-01 2.539108679584559103e-01 3.652608918631420898e-01 1.031999214940353848e+00 7.861866144986437988e-01 4.661750971295857693e-01 6.530560215253313761e-01 3.853626396157758816e-01 5.715951435475218334e-01 9.203395238392972910e-01 7.616174045063267561e-01 1.379347296228417286e-01 3.988444281817601356e-01 8.292569194561222323e-01 6.037761778186063744e-01 7.664453514753000185e-01 7.690218104435098123e-01 8.463533259205046066e-01 7.792827817778534838e-01 5.157250559578852034e-01 1.097479398303605524e+00 4.912089420738349199e-01 3.399195001184664999e-01 3.822768249790107764e-01 3.035797524597796393e-01 1.077812706984847324e+00 4.119271702027230697e-01 5.149589640308205318e-01 2.963762846974580256e-01 9.975576760565395551e-01 9.549445667707883167e-01 4.632365302963994957e-01 7.063585002795861323e-01 1.220695293652228758e-01 7.126290879637579012e-01 2.665801929222876288e-01 3.832721379708046161e-01 5.571271954020717843e-01 2.282309706235024493e-01 6.658537292317657785e-01 5.807108649484240548e-01 7.686826161717802419e-01 7.346391573173995937e-01 8.803378091078496448e-01 5.786413166446843226e-01 4.442059968078398979e-01 1.050447308761860654e+00 5.005174834894619007e-01 5.485084239583749577e-01 8.142239486238201929e-01 2.273656747332995776e-01 8.890537323952464321e-01 3.275724286309223410e-01 1.002529528055031260e+00 3.623716210273155713e-01 1.191151038149071834e-01 9.684424023103262169e-02 5.945912762793493789e-01 6.554223785835613381e-01 6.710600766529662975e-01 3.016487605152095020e-01 4.921978557718735270e-01 6.070260463075147772e-01
4.820063253081967591e-01 1.182891241882428890e+00 1.191644597243151305e+00 9.594986098189201007e-01 3.840186078513732615e-01 7.693090649316943752e-01 5.550568832376339135e-01 3.835432447967135339e-01 7.690270655315566417e-01 7.977273738839655293e-01 0.000000000000000000e+00 7.842633146147403034e-01 3.718926041228597934e-01 4.584088247889072099e-01 5.303222835003316149e-01 2.951368481255776111e-01 5.525515023960282379e-01 2.677785512941164292e-01 5.622140617885830194e-01 6.613774222633302946e-01 9.619482804075768501e-01 4.140643086225578862e-01 2.200374956519726977e-01 9.743302044176581633e-01 4.581201354653166025e-01 2.017558721444943914e-01 6.225544969810913321e-01 7.126800752144012430e-01 7.252475439717515071e-01 3.619191801808996911e-01 5.497155437103975473e-01 5.392385178731318174e-01 7.511406146293732045e-01 6.242041594771347013e-01 3.851491706975173623e-01 5.790222532632885999e-01 4.619500543722132591e-01 1.695747874299767533e-01 5.898403490326978860e-01 8.078830012207778299e-01 5.147931456919544457e-01 3.204724444376968462e-01 6.649173710863331976e-01 3.654048172938735295e-01 6.106387175932554978e-01 6.954848516175212714e-01 3.960397807687856542e-01 1.617265592525493068e-01 6.728553247642296009e-01 4.676531235921118079e-01 3.084578346184052022e-01 8.397376602769364151e-01 3.976563674423528316e-01 3.916980032833694558e-01 1.082124612580908751e+00 1.227310211232977705e-01 2.889376762682153710e-01 3.153607767999241918e-01 5.820624242306012830e-01 6.933118295872046088e-01 4.651443685595969546e-01 1.082877092664837226e+00 5.664558770924978948e-01 6.902062082813393840e-01 3.027630137245336805e-01 7.786302655447813192e-01 5.117601050404584351e-01 7.104541570068388934e-01 7.732289573310240360e-01 1.194333455443277736e-01 8.710909570600237073e-01 4.922730500683120125e-01 5.311471809616780115e-01 7.689197245919642265e-01 5.414781797038900057e-01 7.451143419725164696e-01 2.960723780719056730e-01 3.443069816142175221e-01 5.210229123823970632e-01 2.148158671615697790e-01 1.156490950622385827e-01 6.259523448292011460e-01 6.115086877591073833e-01 2.710197217738351538e-01 7.365121626654940190e-01 4.881216680481808567e-01 3.818183374292674626e-01 6.827414133919297301e-01 4.057866296163972764e-01 7.075253036728581524e-01 4.794064609507089902e-01 1.133931409055223938e+00 7.136027334817102163e-01 7.770277618189821434e-01 3.923053308629834146e-01 5.642419819194861574e-01 4.431779465181828193e-01 5.756285086103568593e-01 7.104840006483866821e-01 3.662266303779651566e-01
8.478422446340592167e-01 8.817655261243737552e-01 7.764442528094533946e-01 3.532071854263381105e-01 1.148249097890812420e+00 9.495451062184978586e-01 3.531478918651416721e-01 4.114499997856334024e-01 4.319493828117121348e-01 3.640710492387411734e-01 7.842633146147403034e-01 0.000000000000000000e+00 5.013920088467388458e-01 6.346595268307475557e-01 3.233740166205447131e-01 5.468325380260070645e-01 9.594223547493451187e-01 7.148036454298193343e-01 2.513866999323084439e-01 2.494628984431755681e-01 6.570467633874113034e-01 5.250619723050259369e-01 5.739141407088973468e-01 5.667065438509093500e-01 7.697579831260039640e-01 9.567841754932571163e-01 2.226442567182674304e-01 2.566337834094001846e-01 1.852429415860494255e-01 4.787863985698047053e-01 3.690667944305941472e-01 3.970964547021306190e-01 2.069204005417841497e-01 7.979190156555504565e-01 4.250975511375744142e-01 9.155330541436308422e-01 3.805651559841510823e-01 6.326611766217449251e-01 1.955563314665994257e-01 1.946637792255073995e-01 9.300357820330291680e-01 6.638123579753618664e-01 1.676457604371704158e-01 5.766988013253070422e-01 3.554532142542303208e-01 2.266044346096429130e-01 8.175379022137266860e-01 6.876843558355686392e-01 2.818206013022933054e-01 4.195987300519967711e-01 6.057064931482044612e-01 5.461768354417986249e-01 5.876255235296204971e-01 4.679701918124538618e-01 7.820084470694634859e-01 7.658187225086282579e-01 5.185088346659935121e-01 1.084015339034380299e+00 3.121019567416818963e-01 1.202889321336872430e-01 3.230925644645549211e-01 6.655310881301240711e-01 9.578181061728821000e-01 3.328733297273287484e-01 4.854739192996180841e-01 1.151209360903874684e-01 8.637290755463716829e-01 8.939253932030479799e-01 1.164707494957929607e-01 6.882006853184083894e-01 4.677499559322572664e-01 4.293973505785606548e-01 2.693639716303959375e-01 1.269580399734829557e-01 2.837801834555349623e-01 2.194149032676841748e-01 5.794786009505764612e-01 5.276697091333040213e-01 7.141042539553704716e-01 6.735169432804241074e-01 8.668737498386244189e-01 2.909080659184528628e-01 2.656959481212562979e-01 1.036983249492635428e+00 4.523284835015519145e-01 3.823620571016423386e-01 6.672941111738968090e-01 1.430100409621830049e-01 7.539115381337049282e-01 2.084942975480552629e-01 8.555996906051076545e-01 7.246924131686968140e-01 3.041051579338339139e-01 3.851893869839997930e-01 4.963042129177434036e-01 2.941751706939405575e-01 4.922402487072868316e-01 3.289358692703690523e-01 1.293927660792227041e-01 4.590317327814600334e-01
3.464502357873202598e-01 1.204935383701982721e+00 1.052083686565795428e+00 8.209379262841003388e-01 7.494759410227870289e-01 6.193532298593625862e-01 3.629777976033111142e-01 3.542609815065898005e-01 7.931798023715925794e-01 6.483218462966624518e-01 3.718926041228597934e-01 5.013920088467388458e-01 0.000000000000000000e+00 3.225527567523773786e-01 6.574954346411943096e-01 4.253995514292896463e-01 4.580303459026059953e-01 2.522898906804554309e-01 2.592984528664085686e-01 5.570756309185677102e-01 9.833832245506014536e-01 2.349053800097835598e-01 2.103979238668393092e-01 8.362996740063783907e-01 2.683659742792649516e-01 5.633704832225397974e-01 5.546472166742765220e-01 7.397380640558917086e-01 3.561558276686672131e-01 4.951894777842414386e-01 5.154728298361261896e-01 1.870997908224194817e-01 5.690312005726442246e-01 4.719451414826956182e-01 1.783049156847230365e-01 4.141410452968921629e-01 5.331234583316381004e-01 3.684166506958556075e-01 3.990035701068567753e-01 6.640272821538784065e-01 4.286437731862902112e-01 1.624203491286232148e-01 6.374642142520615673e-01 1.907211441840075405e-01 6.330200089120296969e-01 4.593243375320024136e-01 3.169840820852333207e-01 2.827224201569984996e-01 5.314457507715228957e-01 5.038871768383794691e-01 2.929932595654051175e-01 8.615916062985646828e-01 1.273779107583739301e-01 4.043798629120233801e-01 1.104168754400462804e+00 3.962135727908517313e-01 3.793921010082684786e-01 6.782734348640527822e-01 2.129707079275169890e-01 3.811030767130515473e-01 2.940508596111761075e-01 9.411725408222021416e-01 4.564260973261430876e-01 7.004704061852152774e-01 2.687881888708056333e-01 5.465607236083426246e-01 3.623370666996328371e-01 5.611842373370978798e-01 4.747328980635348583e-01 2.866603559866501838e-01 7.305191397357045924e-01 2.912685085916615346e-01 4.453510660232956608e-01 6.201445525383938451e-01 6.443184908927056531e-01 6.166086758808403401e-01 1.083456392664311346e-01 2.330250554657679329e-01 3.727568153280421681e-01 1.749220562243586075e-01 4.665946201955143424e-01 3.232858552680176745e-01 6.750544026231137806e-01 6.354737287416032387e-01 7.583635474897787443e-01 1.190299517450965211e-01 1.659021023271579354e-01 4.689576166295169046e-01 2.525195292869660824e-01 6.511450655928286979e-01 3.542076817583686976e-01 9.956483846624196721e-01 5.792123650062369622e-01 6.358551163475842927e-01 1.045389618760473593e-01 4.591602918499380626e-01 9.996003951489640382e-02 5.546826191263912742e-01 5.615661660806633426e-01 5.364932897188827710e-01
5.567044624820340903e-01 1.181183204099321093e+00 1.090007672437423691e+00 8.927599182559744495e-01 8.284296908155657224e-01 3.254835102614657139e-01 6.351967658858963528e-01 3.213121380585922671e-01 7.694276227689309522e-01 6.933993611195041762e-01 4.584088247889072099e-01 6.346595268307475557e-01 3.225527567523773786e-01 0.000000000000000000e+00 6.122277031554623772e-01 4.946831217251604351e-01 6.584606436396458484e-01 4.320462499545854596e-01 3.930325097299808834e-01 5.816181551363357460e-01 9.596310449479399374e-01 5.490214999719165156e-01 2.383713291369346787e-01 8.726932796119311053e-01 5.198916523501218023e-01 6.418460681815953972e-01 7.564421747303098353e-01 7.356457081355247674e-01 5.554494403855366746e-01 4.454088293646383812e-01 5.030588075384159197e-01 4.662261144994976902e-01 6.355164149022043407e-01 1.697381387397727537e-01 2.127248487002064148e-01 6.442418831073579710e-01 6.109573105049199704e-01 3.595386075849011931e-01 4.577690322859861993e-01 7.381128467507067636e-01 6.147895948325693416e-01 3.677390625753299003e-01 7.316026684515581913e-01 1.588884941897005243e-01 6.092678293093680697e-01 6.898278195861158313e-01 5.031299037315125622e-01 4.124693339296453543e-01 5.702093110063817250e-01 4.709383333903819913e-01 5.104767948542592304e-01 8.378394266959030556e-01 4.367783016848569844e-01 6.160149858033678871e-01 1.080416574797800955e+00 4.685496882294444276e-01 3.296114525886653657e-01 7.572271846568316978e-01 4.233876622230206554e-01 5.241302775286021953e-01 3.228765415049045795e-01 9.802310789069889063e-01 6.606030868770627063e-01 6.861359062270846465e-01 2.193181818548531892e-01 6.464622634731682638e-01 5.791101241332257121e-01 2.673072765270648743e-01 6.634252929560763290e-01 3.582656684059100649e-01 7.690457714492546781e-01 5.823434591493162893e-01 4.520395636416477125e-01 7.479429323511316285e-01 6.483946604338608477e-01 6.490139434946546881e-01 2.446424815201168057e-01 1.141018431746898820e-01 1.029621080208784484e-01 3.291537793799155232e-01 5.443984512399991926e-01 5.680896475416323810e-01 6.425153553859583866e-01 7.144274785343824874e-01 7.346113678871173391e-01 3.397942341274964861e-01 4.256021641359920005e-01 5.569196947027276190e-01 4.706061804719324226e-01 6.767622956020020730e-01 5.968481913526800797e-01 1.032294484249496325e+00 6.119658086759833804e-01 6.743817480611342674e-01 2.205396922126668657e-01 7.313792601325233012e-01 4.108397869536226099e-01 5.501035125427556904e-01 7.407835872869074079e-01 4.983720144729399393e-01
7.915198138562116181e-01 7.281246138677658353e-01 8.614361005860550202e-01 4.690652449574615468e-01 9.038026065371588258e-01 9.307604716495770925e-01 3.725388974364078898e-01 3.032344531346046201e-01 3.046753366468815116e-01 4.675188772268694670e-01 5.303222835003316149e-01 3.233740166205447131e-01 6.574954346411943096e-01 6.122277031554623772e-01 0.000000000000000000e+00 3.019298390628297191e-01 8.429836265745261903e-01 5.423797900395121996e-01 4.915255144602432846e-01 2.468386981762064614e-01 5.095617534868762677e-01 5.030620031391180857e-01 4.581656566775078598e-01 6.441217077605621011e-01 7.303465751386879479e-01 7.153585483187817617e-01 1.969952230330395127e-01 2.083833691683824874e-01 4.419689218848454892e-01 1.802621734149713884e-01 2.479692811077859327e-01 5.402918306839955553e-01 4.182358015276862462e-01 7.791343810866298014e-01 4.816672317584135832e-01 8.886589576716733552e-01 1.894848404075691328e-01 3.639241948075858657e-01 3.495552875255226177e-01 3.217371547391830733e-01 8.153485625606490261e-01 6.445175858868871233e-01 1.594448790517127845e-01 5.661344507241306001e-01 1.568541533384247844e-01 3.458387219827277481e-01 6.892386870261189014e-01 4.378253481896199339e-01 3.524510681913599064e-01 1.536082578028149515e-01 4.224124986409536486e-01 3.854793138462389024e-01 5.956899783066234022e-01 3.182284358271837976e-01 6.273579845662459187e-01 5.268063333943052706e-01 2.917415393414748981e-01 8.402875093073347568e-01 5.853579657703730232e-01 4.279745079732488189e-01 3.955160627484888836e-01 7.535002819158862497e-01 8.712600573410081983e-01 2.474304690577804056e-01 3.945037377982995586e-01 3.518193631397505960e-01 8.296944955628752227e-01 8.737729088067465177e-01 3.233918514899777885e-01 4.715334552364749410e-01 5.408824604029274230e-01 4.408427043391397460e-01 2.779215444041704397e-01 2.512032007860420801e-01 1.047520004911585423e-01 3.444953812858791431e-01 5.606932282535758150e-01 4.995392069843823113e-01 6.875109582077384429e-01 5.425991695607873533e-01 6.316550438414217927e-01 4.608656104576059898e-01 1.026107804764096465e-01 7.925367581389815008e-01 2.822538162347962842e-01 6.082776521207496900e-01 6.403231805800053689e-01 3.818940026699932377e-01 7.237210201388142305e-01 2.685540095289011275e-01 7.679717518221452766e-01 8.037229123981273204e-01 3.752469955114756117e-01 4.566235052461122823e-01 5.719494981800571365e-01 2.914621161724068599e-01 6.331003601760144539e-01 1.729537355738376969e-01 2.271358386015752406e-01 1.762669593959182157e-01
5.021431800699990289e-01 1.012323443437797454e+00 1.086454627144574081e+00 7.602871100169192875e-01 6.772515169001163127e-01 8.132726058753035892e-01 2.950320395130814899e-01 3.128650593210122732e-01 5.969675483440636254e-01 6.925374037853888609e-01 2.951368481255776111e-01 5.468325380260070645e-01 4.253995514292896463e-01 4.946831217251604351e-01 3.019298390628297191e-01 0.000000000000000000e+00 5.505006815334195780e-01 2.487971061779837012e-01 5.504044033979532680e-01 5.196801960345723836e-01 7.918615070913629372e-01 2.579130623511181053e-01 3.123674032837143177e-01 8.691402343190817170e-01 4.339878010553480658e-01 4.898231600944938369e-01 3.285430755703511729e-01 5.103132082312121787e-01 4.774548741736470703e-01 1.801540339930646217e-01 4.302837390439732124e-01 3.866031885679210855e-01 6.459506445307966471e-01 6.616465153123562981e-01 4.119441219188020309e-01 5.923001835883334731e-01 1.668132062466356480e-01 1.638265865655592624e-01 5.182058755199414612e-01 6.123692540947270890e-01 5.253403083413674679e-01 3.573061521492402193e-01 4.217032702614622597e-01 4.399068069260697045e-01 4.400709191486240068e-01 4.107859328309219626e-01 3.967557419850122336e-01 1.556669247239417797e-01 5.676653546656531546e-01 3.233205855655366112e-01 1.450108379724548979e-01 6.691698618323048686e-01 3.160032046397946437e-01 1.245212417614651179e-01 9.115568141362773158e-01 3.127880373407256887e-01 1.891829947128745304e-01 6.104976249255017473e-01 4.889942912350407900e-01 6.032022618237837808e-01 4.335325898343184159e-01 9.776871225662603360e-01 5.812518031217266401e-01 5.225050771714740971e-01 2.953244818758305468e-01 6.166399083992835095e-01 5.406122562360066164e-01 7.544564948344945066e-01 4.792175359202838214e-01 2.770235886718743212e-01 7.659009869614469279e-01 2.704858439181026530e-01 4.259572108631013432e-01 5.263335033127977125e-01 2.817206687733815329e-01 6.189611941839358034e-01 3.567293153151006035e-01 3.805812785504706364e-01 5.669699210170815462e-01 2.535169302339183584e-01 4.090641071407421503e-01 3.659275011046488890e-01 4.045406195392393101e-01 5.659856685019390987e-01 5.659443642208624725e-01 4.893213634954559632e-01 3.439644064966657089e-01 5.815407563419624504e-01 4.346387808119452911e-01 5.430198224269576768e-01 4.733412491574533476e-01 1.028741438956646714e+00 6.084127633831337700e-01 6.718377917204055860e-01 4.529622681061784006e-01 2.702305605087460538e-01 3.612884206526309483e-01 4.312959705837817181e-01 4.180267319298546225e-01 1.268588823275408617e-01
