0.000000000000000000e+00 1.516379219434821124e+00 1.508460700575611213e+00 9.968433962455504060e-01 9.760634299599825203e-01 1.223648271823164269e+00 6.683225496395154286e-01 6.058789121137413414e-01 1.090151845441714507e+00 1.100360468452152407e+00 3.867881551449164901e-01 7.927050353791681436e-01 6.813953667539914827e-01 6.948069863674600777e-01 9.489507378335783061e-01 4.776671534981710154e-01 2.775283072065951595e-01 8.608127136703660476e-01 7.013229215724688936e-01 1.012476648391940959e+00 1.278354409272316472e+00 2.346824164509472288e-01 1.297204455782001942e+00 4.940832204686363971e-01 8.181953404635071703e-01
1.516379219434821124e+00 0.000000000000000000e+00 1.348984567581180682e+00 1.467193170793460455e+00 1.511037256988498445e+00 9.236826739486379001e-01 8.601681655421692385e-01 1.075425112582455656e+00 9.147655627264404954e-01 4.510864863676698477e-01 1.206765814682879023e+00 9.068377708654535851e-01 1.175677425923850716e+00 1.147118201378374502e+00 7.491041444087331858e-01 1.102091563250391371e+00 1.486111920680710519e+00 8.762662636086276935e-01 9.124430537508025907e-01 7.018915662310234449e-01 1.118878276277886163e+00 1.307714400699953261e+00 2.301067953367271213e-01 1.142277602166678063e+00 7.202597029143963381e-01
1.508460700575611213e+00 1.348984567581180682e+00 0.000000000000000000e+00 1.514462317744137643e+00 1.457780004572179156e+00 9.233414738035004010e-01 9.980906180041640985e-01 9.025817884618697606e-01 4.618179981439383130e-01 9.284995396770295839e-01 1.209239253002661885e+00 9.489675118500967566e-01 1.122420173507531205e+00 1.194387348329051024e+00 7.447789109069850033e-01 1.161138325063240773e+00 1.498136572558879998e+00 6.959052884018364082e-01 8.842576084750316534e-01 7.860126181596315265e-01 2.361229279205632470e-01 1.288717835302019443e+00 1.128488291720204817e+00 1.037708483225307621e+00 8.926037124962550307e-01
9.968433962455504060e-01 1.467193170793460455e+00 1.514462317744137643e+00 0.000000000000000000e+00 1.091905861476863526e+00 1.253167824132342068e+00 6.459297776855009721e-01 8.956829758463047408e-01 1.094127297470599558e+00 1.053871257405689210e+00 6.333525633224306173e-01 9.786525064497315629e-01 7.568113720899494190e-01 3.231904272030747260e-01 8.552370356649786620e-01 8.123392908799059731e-01 9.930291819981770240e-01 1.001982844634730974e+00 6.386673278600896175e-01 1.041561641188244236e+00 1.284356026440842902e+00 8.348924400260513412e-01 1.248018407140641273e+00 7.552270041732471739e-01 8.439457687334335212e-01
9.760634299599825203e-01 1.511037256988498445e+00 1.457780004572179156e+00 1.091905861476863526e+00 0.000000000000000000e+00 1.252786829211685937e+00 7.971586929486891293e-01 7.240670190911470128e-01 1.038727280126704233e+00 1.098804030115488661e+00 6.383601807936267747e-01 1.082782567701688237e+00 3.364961485730750268e-01 7.718308920617774627e-01 8.502536851453966760e-01 8.553890198648768095e-01 1.010646397895110349e+00 8.998929108432442980e-01 6.002808517801561106e-01 1.096230537675307204e+00 1.227673713268884637e+00 7.794017281084835158e-01 1.290676835992250471e+00 5.498870304612356597e-01 9.608877264284907405e-01
1.223648271823164269e+00 9.236826739486379001e-01 9.233414738035004010e-01 1.253167824132342068e+00 1.252786829211685937e+00 0.000000000000000000e+00 6.465780438182496814e-01 6.265509322853181073e-01 4.652309851699052978e-01 4.774767900870309223e-01 9.911794462477394596e-01 4.602884982717139750e-01 9.174269981470383195e-01 9.330928547172562260e-01 4.874056204319468510e-01 7.633712959266600873e-01 1.199518109819412315e+00 3.804478963173395512e-01 6.713720878121218760e-01 2.529226964837342773e-01 6.925185131584324916e-01 9.964931173131907904e-01 6.967081484219518339e-01 8.101739521446417180e-01 4.402386365390875134e-01
6.683225496395154286e-01 8.601681655421692385e-01 9.980906180041640985e-01 6.459297776855009721e-01 7.971586929486891293e-01 6.465780438182496814e-01 0.000000000000000000e+00 5.746619992259726084e-01 5.638716131494239114e-01 4.468462521543977162e-01 3.896246151777146283e-01 3.657705871029964806e-01 4.617988618840410675e-01 3.307889840661736303e-01 3.392649137526811964e-01 2.988034604007993034e-01 6.397948712573268137e-01 5.220828854332837388e-01 2.729143537249573148e-01 4.090437069175192342e-01 7.679843267008694685e-01 4.650518170471955592e-01 6.409934018893498342e-01 4.583799527038719401e-01 2.108707772085642584e-01
6.058789121137413414e-01 1.075425112582455656e+00 9.025817884618697606e-01 8.956829758463047408e-01 7.240670190911470128e-01 6.265509322853181073e-01 5.746619992259726084e-01 0.000000000000000000e+00 4.842729333279732207e-01 6.567791204085916545e-01 3.964571425004725369e-01 3.656506036368176726e-01 3.887071880264989510e-01 5.756080064312188993e-01 4.312844229170080812e-01 3.010686856039344605e-01 5.955547840970102369e-01 2.609521169395253581e-01 3.079725227546523114e-01 4.969531382165562894e-01 6.724754971585750196e-01 3.861360468401504042e-01 8.549288367214799012e-01 2.133461379138055780e-01 5.423387157997144881e-01
1.090151845441714507e+00 9.147655627264404954e-01 4.618179981439383130e-01 1.094127297470599558e+00 1.038727280126704233e+00 4.652309851699052978e-01 5.638716131494239114e-01 4.842729333279732207e-01 0.000000000000000000e+00 4.812276966014464308e-01 7.901865285571870734e-01 4.966685423385726605e-01 7.033674490620563935e-01 7.740523280555133834e-01 3.215193533249929292e-01 7.327885679237973182e-01 1.079827717424983291e+00 2.606829764434817065e-01 4.639225882014932911e-01 3.282389353915484143e-01 2.360194858416992392e-01 8.704089801681232919e-01 6.942692868654649629e-01 6.227073790907580175e-01 4.583847076415148436e-01
1.100360468452152407e+00 4.510864863676698477e-01 9.284995396770295839e-01 1.053871257405689210e+00 1.098804030115488661e+00 4.774767900870309223e-01 4.468462521543977162e-01 6.567791204085916545e-01 4.812276966014464308e-01 0.000000000000000000e+00 7.943884803884706525e-01 4.623258258719379898e-01 7.634441990508409326e-01 7.337962879906033686e-01 3.310457340319892805e-01 6.799057066260184579e-01 1.070093169698041580e+00 4.576202714347640810e-01 5.002098268777925849e-01 2.520566681042121226e-01 6.957827234209699174e-01 8.907066193400725584e-01 2.305654755536531431e-01 7.300443752936681685e-01 2.980738462900238139e-01
3.867881551449164901e-01 1.206765814682879023e+00 1.209239253002661885e+00 6.333525633224306173e-01 6.383601807936267747e-01 9.911794462477394596e-01 3.896246151777146283e-01 3.964571425004725369e-01 7.901865285571870734e-01 7.943884803884706525e-01 0.000000000000000000e+00 6.030592775306642395e-01 3.333605145723316787e-01 3.262872379099712172e-01 5.807426061797729133e-01 3.159859111911058061e-01 4.140380689863240038e-01 6.475976480043529326e-01 3.350055844714629472e-01 7.681452328306090926e-01 9.791329616993675877e-01 2.323844355402279738e-01 9.875910510300592859e-01 2.243367424556940160e-01 5.619724586095810048e-01
7.927050353791681436e-01 9.068377708654535851e-01 9.489675118500967566e-01 9.786525064497315629e-01 1.082782567701688237e+00 4.602884982717139750e-01 3.657705871029964806e-01 3.656506036368176726e-01 4.966685423385726605e-01 4.623258258719379898e-01 6.030592775306642395e-01 0.000000000000000000e+00 7.486547578789358726e-01 6.646334646018250414e-01 4.721154685199336343e-01 3.161795060501198518e-01 7.599532958130678084e-01 2.618244687148645888e-01 6.037915453094819807e-01 2.571981865396625877e-01 7.211681967174231600e-01 5.646480800991006133e-01 6.906460333313748645e-01 5.543841172069435830e-01 2.060911767186580645e-01
6.813953667539914827e-01 1.175677425923850716e+00 1.122420173507531205e+00 7.568113720899494190e-01 3.364961485730750268e-01 9.174269981470383195e-01 4.617988618840410675e-01 3.887071880264989510e-01 7.033674490620563935e-01 7.634441990508409326e-01 3.333605145723316787e-01 7.486547578789358726e-01 0.000000000000000000e+00 4.367364026748635775e-01 5.148938540807487252e-01 5.261924576530306874e-01 7.079635644090567226e-01 5.645330797785962362e-01 2.649210207155081043e-01 7.608707066106592531e-01 8.923138822042367968e-01 4.808102310653046829e-01 9.553170049276022979e-01 2.226550155574657242e-01 6.255278953638427897e-01
6.948069863674600777e-01 1.147118201378374502e+00 1.194387348329051024e+00 3.231904272030747260e-01 7.718308920617774627e-01 9.330928547172562260e-01 3.307889840661736303e-01 5.756080064312188993e-01 7.740523280555133834e-01 7.337962879906033686e-01 3.262872379099712172e-01 6.646334646018250414e-01 4.367364026748635775e-01 0.000000000000000000e+00 5.351620662498925984e-01 5.041165926608386361e-01 6.909927721200868067e-01 6.819078752196446880e-01 3.185923584450037760e-01 7.241471811339232900e-01 9.642810570257568381e-01 5.354699658513801808e-01 9.279434377255554312e-01 4.351520347581613324e-01 5.274653143079915951e-01
9.489507378335783061e-01 7.491041444087331858e-01 7.447789109069850033e-01 8.552370356649786620e-01 8.502536851453966760e-01 4.874056204319468510e-01 3.392649137526811964e-01 4.312844229170080812e-01 3.215193533249929292e-01 3.310457340319892805e-01 5.807426061797729133e-01 4.721154685199336343e-01 5.148938540807487252e-01 5.351620662498925984e-01 0.000000000000000000e+00 6.300564821775600510e-01 9.534500437367692260e-01 2.689983006923536424e-01 2.553977659861985661e-01 3.171205486728702616e-01 5.146726196036899292e-01 7.537459364120941974e-01 5.286078685477577643e-01 4.688138625364243750e-01 2.768263202866553807e-01
4.776671534981710154e-01 1.102091563250391371e+00 1.161138325063240773e+00 8.123392908799059731e-01 8.553890198648768095e-01 7.633712959266600873e-01 2.988034604007993034e-01 3.010686856039344605e-01 7.327885679237973182e-01 6.799057066260184579e-01 3.159859111911058061e-01 3.161795060501198518e-01 5.261924576530306874e-01 5.041165926608386361e-01 6.300564821775600510e-01 0.000000000000000000e+00 4.452028200728539997e-01 4.836237188705784229e-01 5.124340348958282831e-01 5.507952432950637967e-01 9.310320337599464757e-01 2.496101982181034296e-01 8.829167995975719663e-01 3.061416555416208163e-01 3.818318603359948105e-01
2.775283072065951595e-01 1.486111920680710519e+00 1.498136572558879998e+00 9.930291819981770240e-01 1.010646397895110349e+00 1.199518109819412315e+00 6.397948712573268137e-01 5.955547840970102369e-01 1.079827717424983291e+00 1.070093169698041580e+00 4.140380689863240038e-01 7.599532958130678084e-01 7.079635644090567226e-01 6.909927721200868067e-01 9.534500437367692260e-01 4.452028200728539997e-01 0.000000000000000000e+00 8.494434019797443280e-01 7.269387600499328528e-01 9.762552541128575179e-01 1.268030281255585257e+00 2.350459693032705966e-01 1.266937157027891114e+00 5.076190580657283791e-01 7.879280417093963429e-01
8.608127136703660476e-01 8.762662636086276935e-01 6.959052884018364082e-01 1.001982844634730974e+00 8.998929108432442980e-01 3.804478963173395512e-01 5.220828854332837388e-01 2.609521169395253581e-01 2.606829764434817065e-01 4.576202714347640810e-01 6.475976480043529326e-01 2.618244687148645888e-01 5.645330797785962362e-01 6.819078752196446880e-01 2.689983006923536424e-01 4.836237188705784229e-01 8.494434019797443280e-01 0.000000000000000000e+00 3.644938725942840074e-01 2.573626756864868526e-01 4.662430396543820188e-01 6.410698483967750549e-01 6.557699877476524941e-01 4.311500182241996826e-01 3.756622667228991519e-01
7.013229215724688936e-01 9.124430537508025907e-01 8.842576084750316534e-01 6.386673278600896175e-01 6.002808517801561106e-01 6.713720878121218760e-01 2.729143537249573148e-01 3.079725227546523114e-01 4.639225882014932911e-01 5.002098268777925849e-01 3.350055844714629472e-01 6.037915453094819807e-01 2.649210207155081043e-01 3.185923584450037760e-01 2.553977659861985661e-01 5.124340348958282831e-01 7.269387600499328528e-01 3.644938725942840074e-01 0.000000000000000000e+00 5.085459328312021965e-01 6.541513171717366903e-01 5.081905045435023416e-01 6.920826327545542833e-01 2.391168540661427477e-01 3.977003685908239716e-01
1.012476648391940959e+00 7.018915662310234449e-01 7.860126181596315265e-01 1.041561641188244236e+00 1.096230537675307204e+00 2.529226964837342773e-01 4.090437069175192342e-01 4.969531382165562894e-01 3.282389353915484143e-01 2.520566681042121226e-01 7.681452328306090926e-01 2.571981865396625877e-01 7.608707066106592531e-01 7.241471811339232900e-01 3.171205486728702616e-01 5.507952432950637967e-01 9.762552541128575179e-01 2.573626756864868526e-01 5.085459328312021965e-01 0.000000000000000000e+00 5.532958019035718600e-01 7.850668619864430431e-01 4.763583168527338318e-01 6.870370404979717627e-01 2.061727742210279768e-01
1.278354409272316472e+00 1.118878276277886163e+00 2.361229279205632470e-01 1.284356026440842902e+00 1.227673713268884637e+00 6.925185131584324916e-01 7.679843267008694685e-01 6.724754971585750196e-01 2.360194858416992392e-01 6.957827234209699174e-01 9.791329616993675877e-01 7.211681967174231600e-01 8.923138822042367968e-01 9.642810570257568381e-01 5.146726196036899292e-01 9.310320337599464757e-01 1.268030281255585257e+00 4.662430396543820188e-01 6.541513171717366903e-01 5.532958019035718600e-01 0.000000000000000000e+00 1.058611543998725146e+00 8.983820004169104090e-01 8.076021919220128797e-01 6.624974211929604007e-01
2.346824164509472288e-01 1.307714400699953261e+00 1.288717835302019443e+00 8.348924400260513412e-01 7.794017281084835158e-01 9.964931173131907904e-01 4.650518170471955592e-01 3.861360468401504042e-01 8.704089801681232919e-01 8.907066193400725584e-01 2.323844355402279738e-01 5.646480800991006133e-01 4.808102310653046829e-01 5.354699658513801808e-01 7.537459364120941974e-01 2.496101982181034296e-01 2.350459693032705966e-01 6.410698483967750549e-01 5.081905045435023416e-01 7.850668619864430431e-01 1.058611543998725146e+00 0.000000000000000000e+00 1.088539637047134079e+00 2.851689260315656838e-01 6.011572755626093389e-01
1.297204455782001942e+00 2.301067953367271213e-01 1.128488291720204817e+00 1.248018407140641273e+00 1.290676835992250471e+00 6.967081484219518339e-01 6.409934018893498342e-01 8.549288367214799012e-01 6.942692868654649629e-01 2.305654755536531431e-01 9.875910510300592859e-01 6.906460333313748645e-01 9.553170049276022979e-01 9.279434377255554312e-01 5.286078685477577643e-01 8.829167995975719663e-01 1.266937157027891114e+00 6.557699877476524941e-01 6.920826327545542833e-01 4.763583168527338318e-01 8.983820004169104090e-01 1.088539637047134079e+00 0.000000000000000000e+00 9.219171811704297559e-01 5.010849392615771558e-01
4.940832204686363971e-01 1.142277602166678063e+00 1.037708483225307621e+00 7.552270041732471739e-01 5.498870304612356597e-01 8.101739521446417180e-01 4.583799527038719401e-01 2.133461379138055780e-01 6.227073790907580175e-01 7.300443752936681685e-01 2.243367424556940160e-01 5.543841172069435830e-01 2.226550155574657242e-01 4.351520347581613324e-01 4.688138625364243750e-01 3.061416555416208163e-01 5.076190580657283791e-01 4.311500182241996826e-01 2.391168540661427477e-01 6.870370404979717627e-01 8.076021919220128797e-01 2.851689260315656838e-01 9.219171811704297559e-01 0.000000000000000000e+00 6.221089861836734958e-01
8.181953404635071703e-01 7.202597029143963381e-01 8.926037124962550307e-01 8.439457687334335212e-01 9.608877264284907405e-01 4.402386365390875134e-01 2.108707772085642584e-01 5.423387157997144881e-01 4.583847076415148436e-01 2.980738462900238139e-01 5.619724586095810048e-01 2.060911767186580645e-01 6.255278953638427897e-01 5.274653143079915951e-01 2.768263202866553807e-01 3.818318603359948105e-01 7.879280417093963429e-01 3.756622667228991519e-01 3.977003685908239716e-01 2.061727742210279768e-01 6.624974211929604007e-01 6.011572755626093389e-01 5.010849392615771558e-01 6.221089861836734958e-01 0.000000000000000000e+00
