0.000000000000000000e+00 1.052241332595417633e+00 9.933934402567927702e-01 9.893620791589914365e-01 7.076528635912019416e-01 6.405733042564307755e-01 5.494106944615452237e-01 4.561257396390793750e-01 4.479268943292462613e-01 3.975381445483333054e-01 6.416697070800959635e-01 3.399045903883641806e-01 7.192090075598616128e-01 8.000168752688652241e-01 7.406141382852450272e-01 2.743951629906228318e-01 5.006851435150295737e-01 2.412457657001453870e-01 2.239055377371641786e-01 2.320016046950983679e-01 5.003815231268756714e-01 4.604915734582589182e-01 2.016811194960580478e-01 4.598427586430142711e-01 7.620057948787042346e-01 5.471728191213820480e-01 8.932838326873145940e-01 6.682612083925274504e-01 3.765777780787733509e-01 8.361698223460359847e-01 6.909068630971850755e-01 8.303163550587796538e-01 3.527804684339772012e-01 6.007525607501957854e-01 1.908768235925785983e-01 5.957046148083547932e-01 1.481453930530538532e-01 9.288772811120723505e-01 8.756367270445386541e-01 1.468204898821348081e-01 3.704955051622838003e-01 3.192370807199095273e-01 4.063282763173173273e-01 1.839444083276972064e-01 6.439138631713888783e-01 6.668691744469315008e-01 9.501675241605083144e-01 3.234105720201158607e-01 5.857427732465718684e-01 8.772732361471023976e-01
1.052241332595417633e+00 0.000000000000000000e+00 9.023385549209052003e-01 8.243176422173802420e-01 1.193823011449384186e+00 1.239987409540717289e+00 5.499010731653566353e-01 1.477411902063659577e+00 6.592604652258378106e-01 8.301778384727558358e-01 6.598232729132721408e-01 9.451205977606108588e-01 5.338861207334710812e-01 2.877930677211771870e-01 7.604292450466426656e-01 8.032663884435553570e-01 5.866196070988495270e-01 1.258896159319044639e+00 9.043511623316392578e-01 8.825428010115260458e-01 1.009799263389505652e+00 7.128544533527539917e-01 8.740168172175323269e-01 1.080789665659332988e+00 4.692043787721523751e-01 7.168553363249906552e-01 9.077065704200611984e-01 3.947280623668472099e-01 7.248257387836789523e-01 6.877290915044126374e-01 5.948301046984554308e-01 7.619015198315549631e-01 7.035675143617678984e-01 5.891139765320877464e-01 9.742830560401526396e-01 5.256637332507354543e-01 1.172824734366851196e+00 1.478049271732970738e-01 8.252402593672554243e-01 9.503237021827186659e-01 8.802830976159523590e-01 1.359518512959983161e+00 6.630139684084910279e-01 9.699348649864975025e-01 7.758571306953269131e-01 4.124348361422042752e-01 8.504840717386908944e-01 7.905524411509707861e-01 1.069175215549169611e+00 8.679252477374209684e-01
9.933934402567927702e-01 9.023385549209052003e-01 0.000000000000000000e+00 9.406541428053140086e-01 1.341605411602438069e+00 1.393480922027328761e+00 5.391351213023805045e-01 1.432155839783668450e+00 7.579316045465714913e-01 9.425708918870647768e-01 3.669502703939074295e-01 1.062825212873708791e+00 6.318023799759796555e-01 6.282722158990142747e-01 2.793604947949113737e-01 7.189982772661697163e-01 7.867844528440849361e-01 1.221490604740008257e+00 1.090810626367149316e+00 8.742852070564276490e-01 1.158432727870776668e+00 5.664977323586506408e-01 9.082775732805716817e-01 1.241388272650337354e+00 4.633585223524662178e-01 4.495715854323379390e-01 2.414030552822545028e-01 6.476090666022702447e-01 9.103250631535693138e-01 8.196418371989291352e-01 3.372341048431130583e-01 1.737043985517149058e-01 7.796962767324511212e-01 5.373888622163519591e-01 1.047613093510219695e+00 6.913903168571878810e-01 1.125987308376310336e+00 7.697232974832506347e-01 1.476367207410977100e-01 8.559873392985092311e-01 1.051229034190334533e+00 1.306769779389221453e+00 6.078655860438061387e-01 1.035366855339681758e+00 3.850504255088424421e-01 5.350573097240636233e-01 1.301927800676430380e-01 7.222622608306269454e-01 1.215379166288848678e+00 2.443903965046909932e-01
9.893620791589914365e-01 8.243176422173802420e-01 9.406541428053140086e-01 0.000000000000000000e+00 1.174664713130018079e+00 1.181100127343081230e+00 6.761909948478551646e-01 1.439504335092361309e+00 5.491890907173851977e-01 8.255038856083756205e-01 6.502687112701247552e-01 8.731008681539136340e-01 3.092933597459401329e-01 5.846595981045973334e-01 8.365415633464505785e-01 7.857580930283055709e-01 6.012702248974940433e-01 1.223570527498609284e+00 8.671879099915436040e-01 7.718924628373594610e-01 9.829155866310118617e-01 5.898355404187866080e-01 9.068713776866148546e-01 1.022745643339305177e+00 5.057856629456035646e-01 7.882447423442383583e-01 9.316565751319811906e-01 4.781165864431239365e-01 6.758946904828367908e-01 1.759475941212769179e-01 6.818077879843331690e-01 7.958990045351821419e-01 7.568628526927125844e-01 4.840502805231990391e-01 8.801246418955186446e-01 4.474215906882493821e-01 1.131621327495225815e+00 6.987077511888984960e-01 8.807580685601898995e-01 8.593481233438630129e-01 8.510881080994258108e-01 1.307600857936927374e+00 7.403270787361400096e-01 9.911116837123048473e-01 7.839173569276777220e-01 5.645266710958087852e-01 8.881257958162027677e-01 6.764145190334087676e-01 1.051253830565280767e+00 9.397807248878429220e-01
7.076528635912019416e-01 1.193823011449384186e+00 1.341605411602438069e+00 1.174664713130018079e+00 0.000000000000000000e+00 8.908822366645003932e-01 8.227592397230926169e-01 1.116916792828108074e+00 7.282581764679543213e-01 4.073753417336751781e-01 1.054977506342148263e+00 6.224374023225919261e-01 9.092713867606554423e-01 9.704276327908596400e-01 1.103489083602621879e+00 7.070105291843075124e-01 6.238042404787489392e-01 8.935609614496949904e-01 4.884779174546035607e-01 6.777379877208423720e-01 2.177605521136302125e-01 9.065246920737451974e-01 5.891360501208663392e-01 7.276961929617209446e-01 9.330281875951441650e-01 9.169035117088518705e-01 1.289127853538481805e+00 8.012533050779705457e-01 5.206085006621635758e-01 1.029090658287729942e+00 1.013756095086030040e+00 1.221404186453841856e+00 5.761807798058732333e-01 9.309476688952922352e-01 6.362330803286859737e-01 7.307370043330053688e-01 8.294869598285212753e-01 1.068853973391107770e+00 1.229542892914864183e+00 7.726908032174276686e-01 3.385714603215201901e-01 9.894474383343792034e-01 7.337398255586321527e-01 5.640928560779602252e-01 1.046718264908571561e+00 8.867246903433076977e-01 1.298379495506153614e+00 7.640803119562685763e-01 1.347089847849982369e-01 1.238406716168862109e+00
6.405733042564307755e-01 1.239987409540717289e+00 1.393480922027328761e+00 1.181100127343081230e+00 8.908822366645003932e-01 0.000000000000000000e+00 9.390765659547256616e-01 1.058694999842357376e+00 6.668309351693026965e-01 6.344481107294528410e-01 1.032619415447846301e+00 3.529918484693259639e-01 9.158038348722091770e-01 1.016022391002159964e+00 1.205133104333208749e+00 7.870269315371346552e-01 7.095135375008888579e-01 8.353391684639448478e-01 5.007517724824812611e-01 5.812052894066918052e-01 6.873510533119429056e-01 8.429000942315683087e-01 7.508010188361834425e-01 1.979396761006176619e-01 9.630637302225687479e-01 1.011691785169345659e+00 1.312843977539424500e+00 8.565201767111999542e-01 5.151616707570387810e-01 1.029520221188338747e+00 1.137216349380961056e+00 1.226154484896736729e+00 7.094472262771039928e-01 8.991939465196367998e-01 4.804970238759626033e-01 7.337755705533229866e-01 7.708444895885804282e-01 1.114448731602408094e+00 1.340707227818784597e+00 7.179163608611204284e-01 5.533419200979406982e-01 9.304550011913479413e-01 8.670062720298628012e-01 6.339927942641194747e-01 1.070229402295118870e+00 9.622620667678947193e-01 1.349666282889853797e+00 6.929834708896258633e-01 7.685891881822286553e-01 1.335033799774858920e+00
5.494106944615452237e-01 5.499010731653566353e-01 5.391351213023805045e-01 6.761909948478551646e-01 8.227592397230926169e-01 9.390765659547256616e-01 0.000000000000000000e+00 9.808558949272750960e-01 4.652600955282895634e-01 4.237247200077191578e-01 3.698427541981740285e-01 6.577788630280988480e-01 4.028860903880360222e-01 2.814875373123928992e-01 3.231520363662717110e-01 2.888942425848562423e-01 2.476493315417042651e-01 7.662682743074085145e-01 5.823252293459098006e-01 5.021733601625506527e-01 6.395865559914309939e-01 3.020135551132930307e-01 4.031310211916434016e-01 7.792256501435879112e-01 2.424480856319131405e-01 2.000396871897240358e-01 5.164302431123082293e-01 2.215650699636314280e-01 4.484786142817682730e-01 5.354057686301284535e-01 2.026341709574915606e-01 4.103053290678545517e-01 2.590299183946634387e-01 4.055136122133265464e-01 6.699924468406467382e-01 3.237854393402142539e-01 6.749583985271930819e-01 4.248882517370256573e-01 4.339104145041133842e-01 4.359901025688400766e-01 5.323828623109890801e-01 8.593239638617043985e-01 1.470651117226857152e-01 5.165206834603365271e-01 3.148357346912619148e-01 1.425845368901477728e-01 4.872806381201661985e-01 3.801054370037976748e-01 6.965329944095025594e-01 4.499968768337883063e-01
4.561257396390793750e-01 1.477411902063659577e+00 1.432155839783668450e+00 1.439504335092361309e+00 1.116916792828108074e+00 1.058694999842357376e+00 9.808558949272750960e-01 0.000000000000000000e+00 9.001394318801241301e-01 8.145401983570197402e-01 1.085185018210365282e+00 7.585850606215569503e-01 1.167322826001618852e+00 1.231462075734595318e+00 1.179501309837813761e+00 7.131575625174985111e-01 9.258557129832710730e-01 2.364835032965366401e-01 6.309736083897324876e-01 6.842141422459764311e-01 9.096454523637815814e-01 9.053594130580481236e-01 6.202052808042418652e-01 8.779644542289408715e-01 1.208607794208965247e+00 9.860599906739501153e-01 1.334450454323458768e+00 1.093431777860769394e+00 7.873051109313904394e-01 1.286312078279405968e+00 1.128614697208870643e+00 1.273831666189048750e+00 7.779510379022190891e-01 1.047354560080457020e+00 6.239660366728543295e-01 1.015778210725977848e+00 3.088634254826628789e-01 1.354047850580314627e+00 1.314523898597107276e+00 5.916883294819240691e-01 7.797594343991898214e-01 1.421273644942012138e-01 8.404243891174484338e-01 5.844680513590998494e-01 1.085080484807532608e+00 1.098314374912661595e+00 1.388929923687383994e+00 7.706622528002949890e-01 9.950067024834778895e-01 1.316160407699670909e+00
4.479268943292462613e-01 6.592604652258378106e-01 7.579316045465714913e-01 5.491890907173851977e-01 7.282581764679543213e-01 6.668309351693026965e-01 4.652600955282895634e-01 9.001394318801241301e-01 0.000000000000000000e+00 3.907186285899040268e-01 3.980907561802931038e-01 3.372181681136022235e-01 2.940448899909005598e-01 4.231580769845664225e-01 6.017888031115682379e-01 2.761039871205341889e-01 2.425981513409056767e-01 6.767836005017116019e-01 3.934767278716441163e-01 2.232823357856885127e-01 5.254616795883778613e-01 2.182337681785102568e-01 4.942774703098198885e-01 5.147382857923107347e-01 3.600044332167653960e-01 4.347960049359776979e-01 6.814433264465810103e-01 2.958458399488812507e-01 2.123357033648048675e-01 3.949414038062712407e-01 5.172989287523652724e-01 5.916258256291830886e-01 3.860552222578656489e-01 2.323630113503343808e-01 3.311736544183735420e-01 1.493916721719536211e-01 5.924924442240837585e-01 5.336505741973558425e-01 7.135323477475525866e-01 3.219902209844993091e-01 3.907178599013945153e-01 7.625600640707302924e-01 3.525440100777859631e-01 5.267177496532823300e-01 4.593513704203389114e-01 4.051646464829308236e-01 7.103948896666000268e-01 1.498981209611208731e-01 6.055738395460815715e-01 7.256702033830441101e-01
3.975381445483333054e-01 8.301778384727558358e-01 9.425708918870647768e-01 8.255038856083756205e-01 4.073753417336751781e-01 6.344481107294528410e-01 4.237247200077191578e-01 8.145401983570197402e-01 3.907186285899040268e-01 0.000000000000000000e+00 6.559429866267747489e-01 3.567666209260678123e-01 5.578601577821145074e-01 6.030095013024534545e-01 7.044545638872483639e-01 3.009102508723853764e-01 2.489006918876275065e-01 5.920680474622015410e-01 2.257009099452667589e-01 3.618914769829619793e-01 2.192172747304026448e-01 5.074901723583716828e-01 2.107890165685474548e-01 4.741654701259190308e-01 5.711902889914907133e-01 5.178689919934783559e-01 8.900933338231070691e-01 4.376081321013417513e-01 1.859188949947070957e-01 6.799298307660872620e-01 6.147215753706563035e-01 8.223696667384686743e-01 1.777485615250869178e-01 5.840357098595614360e-01 3.745883895002337649e-01 3.815761768113626329e-01 5.158047884062705313e-01 7.068137869894105529e-01 8.305083731994907792e-01 3.653154614837527681e-01 1.442020240506964868e-01 6.980674747315606110e-01 3.347053058432585826e-01 2.378889585086516600e-01 6.476837451931979350e-01 4.995952650369682724e-01 8.993449757907803210e-01 4.308026592136585675e-01 2.814618232224406769e-01 8.393721964534885949e-01
6.416697070800959635e-01 6.598232729132721408e-01 3.669502703939074295e-01 6.502687112701247552e-01 1.054977506342148263e+00 1.032619415447846301e+00 3.698427541981740285e-01 1.085185018210365282e+00 3.980907561802931038e-01 6.559429866267747489e-01 0.000000000000000000e+00 7.019637062942261085e-01 3.414169484407905131e-01 3.857569338913813262e-01 2.754349294063826448e-01 3.814745893962376844e-01 5.391518260265967255e-01 8.785307255162680962e-01 7.655429520548250322e-01 5.139539890807298672e-01 8.718048226104866405e-01 2.056362257791679582e-01 5.998648052728724478e-01 8.805267660708550048e-01 2.019600473732645618e-01 1.952403426821721077e-01 3.077343849567866774e-01 3.868466837585051721e-01 5.917793339832509991e-01 5.279356429699646469e-01 1.696656824881000447e-01 1.996238332633148704e-01 5.079032074679454833e-01 1.903075015386816171e-01 6.872818755345216912e-01 4.086985151824404361e-01 7.773020106132290108e-01 5.272080154756175752e-01 3.333697642916567117e-01 4.988084148741550039e-01 7.627840840845754311e-01 9.567357224200467858e-01 3.460048383789433579e-01 7.403370721295453594e-01 1.401355488398871862e-01 3.003307070487042374e-01 3.231356312564325206e-01 3.619310428549291636e-01 9.287512610285583170e-01 3.817968557266652740e-01
3.399045903883641806e-01 9.451205977606108588e-01 1.062825212873708791e+00 8.731008681539136340e-01 6.224374023225919261e-01 3.529918484693259639e-01 6.577788630280988480e-01 7.585850606215569503e-01 3.372181681136022235e-01 3.567666209260678123e-01 7.019637062942261085e-01 0.000000000000000000e+00 6.110815807401979161e-01 7.168494196782688732e-01 8.679499412466512576e-01 4.498437684505773304e-01 4.282158345742620442e-01 5.352292292431444221e-01 2.254087680311867015e-01 2.317888287009565729e-01 4.189062189700345495e-01 5.122443850779477836e-01 4.736411589283821555e-01 2.052325844134622879e-01 6.587798086771349260e-01 6.745086220827881673e-01 9.817302170076152024e-01 5.616533649310937459e-01 2.202948589769320453e-01 7.215209619991719281e-01 8.250622313761921678e-01 8.954987757431160933e-01 4.281495233504771791e-01 5.695811794639363823e-01 1.683525195525749640e-01 4.292067018405472112e-01 4.707345503677799470e-01 8.195819198223016633e-01 1.003524064732227439e+00 3.684999001553855846e-01 2.848970857560321202e-01 6.303450619705476266e-01 5.823908919832717634e-01 3.410312537125319565e-01 7.360864173138274014e-01 6.798025512402029458e-01 1.019010573736233827e+00 3.558003078030683164e-01 5.001443538403201883e-01 9.998975801598198876e-01
7.192090075598616128e-01 5.338861207334710812e-01 6.318023799759796555e-01 3.092933597459401329e-01 9.092713867606554423e-01 9.158038348722091770e-01 4.028860903880360222e-01 1.167322826001618852e+00 2.940448899909005598e-01 5.578601577821145074e-01 3.414169484407905131e-01 6.110815807401979161e-01 0.000000000000000000e+00 2.942280766206876175e-01 5.279568462225907588e-01 5.112034083031524734e-01 3.291206452899498869e-01 9.552965987542784143e-01 6.017945836221807454e-01 5.038844661750281340e-01 7.175222602616490031e-01 3.115841568992778199e-01 6.347217980790708092e-01 7.573523169699426516e-01 1.978463327069762967e-01 4.800631829943345918e-01 6.228048123026470595e-01 1.993354034914544826e-01 4.105013641134737101e-01 1.879135676859254866e-01 3.738684577457057068e-01 4.870472417058478998e-01 4.847132730851682614e-01 1.809277173443643583e-01 6.195230493625685231e-01 1.820282643188863847e-01 8.594398184044825806e-01 4.082762297049889466e-01 5.719063057308554354e-01 5.855187376361792317e-01 5.856947817300629522e-01 1.037447786337797329e+00 4.681774991285953536e-01 7.189621041047604688e-01 4.746239971817376446e-01 2.702902448612825581e-01 5.792740329868684146e-01 4.025851333257252085e-01 7.858605041959180193e-01 6.309289620585085689e-01
8.000168752688652241e-01 2.877930677211771870e-01 6.282722158990142747e-01 5.846595981045973334e-01 9.704276327908596400e-01 1.016022391002159964e+00 2.814875373123928992e-01 1.231462075734595318e+00 4.231580769845664225e-01 6.030095013024534545e-01 3.857569338913813262e-01 7.168494196782688732e-01 2.942280766206876175e-01 0.000000000000000000e+00 4.863629060247519065e-01 5.507624461740499022e-01 3.645967201475255881e-01 1.014147551924278634e+00 6.803861437930820433e-01 6.464404127702552127e-01 7.864038847309805513e-01 4.767520651114827701e-01 6.323987103901118623e-01 8.568246471207754400e-01 1.991860781029623495e-01 4.427889973030998405e-01 6.336402313981702727e-01 1.875837736618722051e-01 5.008607202451215157e-01 4.491727067324524092e-01 3.207637656765647827e-01 4.878351808096640929e-01 4.619494075343473782e-01 3.435868853525302913e-01 7.440997507667614919e-01 2.928983725241340319e-01 9.255645793345130823e-01 1.502744444947456126e-01 5.511739203453647207e-01 6.978197599132134332e-01 6.563180790773950335e-01 1.109930144669024399e+00 4.101069986156010150e-01 7.353236029083549674e-01 5.017907916734360985e-01 1.389030004222451264e-01 5.764177327168000797e-01 5.544500529096996200e-01 8.457798368906443987e-01 5.938589087155301538e-01
7.406141382852450272e-01 7.604292450466426656e-01 2.793604947949113737e-01 8.365415633464505785e-01 1.103489083602621879e+00 1.205133104333208749e+00 3.231520363662717110e-01 1.179501309837813761e+00 6.017888031115682379e-01 7.044545638872483639e-01 2.754349294063826448e-01 8.679499412466512576e-01 5.279568462225907588e-01 4.863629060247519065e-01 0.000000000000000000e+00 4.663437473203152495e-01 5.607077314779644883e-01 9.688360747941532347e-01 8.630550732254391733e-01 6.580370714555855427e-01 9.203163998709602556e-01 3.922739500797828294e-01 6.694079782571120685e-01 1.053040454956216676e+00 3.333524586689471936e-01 1.961547447232261654e-01 1.942033632240770524e-01 5.074024542321367015e-01 7.615370142180284407e-01 7.051191004699903786e-01 1.709991251923171363e-01 1.684883096304948258e-01 5.415799487326347084e-01 4.492511561056265479e-01 8.258561581336817392e-01 5.593418482980500039e-01 8.733327784304556474e-01 6.278139876089882110e-01 1.479173588398244310e-01 6.111094877676845893e-01 8.131127061905183417e-01 1.054115249443366542e+00 3.697492580439897258e-01 7.972505273398655667e-01 1.473156564289739290e-01 3.723206649328035245e-01 2.424253079641309205e-01 5.287733811066921419e-01 9.772628382890320431e-01 1.372518060374461057e-01
2.743951629906228318e-01 8.032663884435553570e-01 7.189982772661697163e-01 7.857580930283055709e-01 7.070105291843075124e-01 7.870269315371346552e-01 2.888942425848562423e-01 7.131575625174985111e-01 2.761039871205341889e-01 3.009102508723853764e-01 3.814745893962376844e-01 4.498437684505773304e-01 5.112034083031524734e-01 5.507624461740499022e-01 4.663437473203152495e-01 0.000000000000000000e+00 3.059054551711768433e-01 5.024923274738379853e-01 4.545234182990006144e-01 2.296050139704473581e-01 5.201275256027879657e-01 2.172841250099223909e-01 2.309116075187540584e-01 6.349342821601429154e-01 5.171521901219062745e-01 2.729024281564520482e-01 6.225853174785865862e-01 4.300805145459578593e-01 3.556493595805325092e-01 6.366487312785038544e-01 4.165117001065625213e-01 5.621276167880632224e-01 1.690019571032035095e-01 3.724307749450963545e-01 3.974241006485436101e-01 4.119222226759843841e-01 4.069890311101404534e-01 6.804050990526554488e-01 6.013663360796086543e-01 1.554966674248782488e-01 4.166341517722035315e-01 5.877715021230514036e-01 1.418676771069908027e-01 3.696521132010490152e-01 3.732153479626609260e-01 4.172669703248131357e-01 6.757723611698852606e-01 1.298924083412732189e-01 5.807842838707173438e-01 6.030028451821722868e-01
5.006851435150295737e-01 5.866196070988495270e-01 7.867844528440849361e-01 6.012702248974940433e-01 6.238042404787489392e-01 7.095135375008888579e-01 2.476493315417042651e-01 9.258557129832710730e-01 2.425981513409056767e-01 2.489006918876275065e-01 5.391518260265967255e-01 4.282158345742620442e-01 3.291206452899498869e-01 3.645967201475255881e-01 5.607077314779644883e-01 3.059054551711768433e-01 0.000000000000000000e+00 7.073399702386560239e-01 3.624860676708908658e-01 4.138150779368451326e-01 4.397804924188699616e-01 4.422204150622787155e-01 3.200159818675655243e-01 5.496626216897511075e-01 3.389793457907144258e-01 4.140384737335291998e-01 7.549110947020415407e-01 1.982794870581560120e-01 2.172687824005463952e-01 4.597891339394381549e-01 4.502835024991958535e-01 6.540795432214011607e-01 1.589790790285882660e-01 4.027085456158140953e-01 4.763809532321591766e-01 1.855279632790999556e-01 6.212685452864629143e-01 4.632555556155041887e-01 6.800297983388802203e-01 4.396840440550330853e-01 3.248013833567776620e-01 8.079623238795944351e-01 2.509347109727411151e-01 4.065312075016620508e-01 5.457444935365217686e-01 2.682553927929011706e-01 7.349299696618707411e-01 3.862870643394113457e-01 4.991564445785337534e-01 6.907395460753508187e-01
2.412457657001453870e-01 1.258896159319044639e+00 1.221490604740008257e+00 1.223570527498609284e+00 8.935609614496949904e-01 8.353391684639448478e-01 7.662682743074085145e-01 2.364835032965366401e-01 6.767836005017116019e-01 5.920680474622015410e-01 8.785307255162680962e-01 5.352292292431444221e-01 9.552965987542784143e-01 1.014147551924278634e+00 9.688360747941532347e-01 5.024923274738379853e-01 7.073399702386560239e-01 0.000000000000000000e+00 4.076177770113198484e-01 4.608583108675637363e-01 6.862896209853691643e-01 6.973932361364852950e-01 3.996123683602032517e-01 6.546086228505282323e-01 9.972283306178877371e-01 7.753947556302901445e-01 1.124522358524606913e+00 8.749160351161542337e-01 5.639492795529779112e-01 1.070378270685653499e+00 9.157935459165873482e-01 1.064064657834083105e+00 5.594352951576038180e-01 8.370366222331359074e-01 4.006102052944416902e-01 7.924223793475652089e-01 1.481891347901730105e-01 1.135532107835699023e+00 1.103858663553446862e+00 3.876435661305211444e-01 5.564036030207771821e-01 1.431826199613847050e-01 6.276032378251655830e-01 3.611122199806870436e-01 8.751523890086808644e-01 8.837267542927949027e-01 1.178264688643723579e+00 5.596946335030562603e-01 7.716508711050652503e-01 1.105495172656010494e+00
2.239055377371641786e-01 9.043511623316392578e-01 1.090810626367149316e+00 8.671879099915436040e-01 4.884779174546035607e-01 5.007517724824812611e-01 5.823252293459098006e-01 6.309736083897324876e-01 3.934767278716441163e-01 2.257009099452667589e-01 7.655429520548250322e-01 2.254087680311867015e-01 6.017945836221807454e-01 6.803861437930820433e-01 8.630550732254391733e-01 4.545234182990006144e-01 3.624860676708908658e-01 4.076177770113198484e-01 0.000000000000000000e+00 3.381483622041607795e-01 2.812065769902774015e-01 5.758236308385467073e-01 2.500492463537021259e-01 3.298818781147531687e-01 6.298757632875010559e-01 6.764695013316690542e-01 1.045767514146402677e+00 5.158117542728296590e-01 1.912932195087069798e-01 7.203128177449659164e-01 7.733220847088468908e-01 9.460554880970174496e-01 3.450026800546008299e-01 6.034448387735903419e-01 1.582044334002191410e-01 4.197663193032943330e-01 3.435437753901459113e-01 7.788124843933300623e-01 9.891088825376815885e-01 3.662685012408145591e-01 1.513205590256855859e-01 5.047506092889977314e-01 4.933058151814493364e-01 1.401518837493021807e-01 8.031529389020970466e-01 6.152345969378967272e-01 1.038282279378037742e+00 4.292988633599583714e-01 3.665678271099737651e-01 9.979727057916794042e-01
2.320016046950983679e-01 8.825428010115260458e-01 8.742852070564276490e-01 7.718924628373594610e-01 6.777379877208423720e-01 5.812052894066918052e-01 5.021733601625506527e-01 6.842141422459764311e-01 2.232823357856885127e-01 3.618914769829619793e-01 5.139539890807298672e-01 2.317888287009565729e-01 5.038844661750281340e-01 6.464404127702552127e-01 6.580370714555855427e-01 2.296050139704473581e-01 4.138150779368451326e-01 4.608583108675637363e-01 3.381483622041607795e-01 0.000000000000000000e+00 4.749414908412659120e-01 3.178928391354362559e-01 3.493585217995281433e-01 4.333227196950181215e-01 5.633568918457956265e-01 4.645957522917224525e-01 7.841789040494866470e-01 5.085504382684770119e-01 1.965462955362986819e-01 6.182237395919599754e-01 6.151493615851264529e-01 7.057529306107569456e-01 3.871517323576588177e-01 4.084477198248391838e-01 1.803815998152156763e-01 3.692304276481969683e-01 3.801469977481522489e-01 7.569329099830442997e-01 7.936111949411617239e-01 1.447867291856543004e-01 3.401976711542826215e-01 5.466347744365827044e-01 3.664590548509205625e-01 3.331147474282707410e-01 5.384493323827609368e-01 6.284469822686195029e-01 8.304705679189527956e-01 1.581632228720017408e-01 5.554449392385707451e-01 7.946961693174424690e-01
5.003815231268756714e-01 1.009799263389505652e+00 1.158432727870776668e+00 9.829155866310118617e-01 2.177605521136302125e-01 6.873510533119429056e-01 6.395865559914309939e-01 9.096454523637815814e-01 5.254616795883778613e-01 2.192172747304026448e-01 8.718048226104866405e-01 4.189062189700345495e-01 7.175222602616490031e-01 7.864038847309805513e-01 9.203163998709602556e-01 5.201275256027879657e-01 4.397804924188699616e-01 6.862896209853691643e-01 2.812065769902774015e-01 4.749414908412659120e-01 0.000000000000000000e+00 7.078085825552803412e-01 3.907770687611932803e-01 5.241650096091635680e-01 7.414283494588679302e-01 7.337308279771902475e-01 1.105955169806819294e+00 6.172295570180914570e-01 3.227488855099300835e-01 8.373415317887233922e-01 8.305834113543683062e-01 1.038231502722180455e+00 3.930080960742112772e-01 7.349005047748132791e-01 4.300940565452443520e-01 5.389878778339989296e-01 6.222156193641951161e-01 8.848302253312286814e-01 1.046370209183202782e+00 5.845327362141553573e-01 1.427076545519260775e-01 7.821760978700533773e-01 5.505671418269701967e-01 3.588574294959438471e-01 8.635455811769098267e-01 7.040806207549736850e-01 1.115206811774492213e+00 5.612838150766921164e-01 1.290282319459245264e-01 1.055234032437200709e+00
4.604915734582589182e-01 7.128544533527539917e-01 5.664977323586506408e-01 5.898355404187866080e-01 9.065246920737451974e-01 8.429000942315683087e-01 3.020135551132930307e-01 9.053594130580481236e-01 2.182337681785102568e-01 5.074901723583716828e-01 2.056362257791679582e-01 5.122443850779477836e-01 3.115841568992778199e-01 4.767520651114827701e-01 3.922739500797828294e-01 2.172841250099223909e-01 4.422204150622787155e-01 6.973932361364852950e-01 5.758236308385467073e-01 3.178928391354362559e-01 7.078085825552803412e-01 0.000000000000000000e+00 4.416576019786395135e-01 6.908074448545763468e-01 3.117400565043146887e-01 2.181978886310141641e-01 4.810045987631523801e-01 3.504539672229636804e-01 4.020600127669726742e-01 4.422102697126487625e-01 3.717272888128204111e-01 3.986845849661092012e-01 3.594503931995424173e-01 1.587121233188382441e-01 4.887819382485638631e-01 2.566924517831786767e-01 5.974764054609120745e-01 5.872445623242720236e-01 5.329172262563997009e-01 3.136710835761239990e-01 5.730647628682972172e-01 7.760733188098738466e-01 2.136031874036487810e-01 5.744022654016388563e-01 2.498365173885534474e-01 4.285700731245129513e-01 5.226830932211756764e-01 1.633750880465973387e-01 7.802984467601553620e-01 5.161553503512587016e-01
2.016811194960580478e-01 8.740168172175323269e-01 9.082775732805716817e-01 9.068713776866148546e-01 5.891360501208663392e-01 7.508010188361834425e-01 4.031310211916434016e-01 6.202052808042418652e-01 4.942774703098198885e-01 2.107890165685474548e-01 5.998648052728724478e-01 4.736411589283821555e-01 6.347217980790708092e-01 6.323987103901118623e-01 6.694079782571120685e-01 2.309116075187540584e-01 3.200159818675655243e-01 3.996123683602032517e-01 2.500492463537021259e-01 3.493585217995281433e-01 3.907770687611932803e-01 4.416576019786395135e-01 0.000000000000000000e+00 5.799311244684554056e-01 6.340910775021225687e-01 4.754054430268888076e-01 8.409755333552213497e-01 4.875920467450634566e-01 3.098689826360213062e-01 7.653902867285587996e-01 5.897246824898600970e-01 7.805178326646983189e-01 1.721113067865132906e-01 5.957670281617027941e-01 3.463801014492746688e-01 4.899359290408207834e-01 3.197521454964090126e-01 7.506527657341870441e-01 7.962150545929976841e-01 2.083792844139910894e-01 2.920663637306055160e-01 5.056117956295621552e-01 3.004119872367654320e-01 1.437070946181771003e-01 5.916055638392958560e-01 5.127545239437432123e-01 8.650516571842872260e-01 3.468003658536759071e-01 4.634193190477289837e-01 8.050788778469952778e-01
4.598427586430142711e-01 1.080789665659332988e+00 1.241388272650337354e+00 1.022745643339305177e+00 7.276961929617209446e-01 1.979396761006176619e-01 7.792256501435879112e-01 8.779644542289408715e-01 5.147382857923107347e-01 4.741654701259190308e-01 8.805267660708550048e-01 2.052325844134622879e-01 7.573523169699426516e-01 8.568246471207754400e-01 1.053040454956216676e+00 6.349342821601429154e-01 5.496626216897511075e-01 6.546086228505282323e-01 3.298818781147531687e-01 4.333227196950181215e-01 5.241650096091635680e-01 6.908074448545763468e-01 5.799311244684554056e-01 0.000000000000000000e+00 8.046122123203017784e-01 8.595991357923539189e-01 1.160751328162432205e+00 6.973224328298155417e-01 3.564312737134092135e-01 8.722012342913949556e-01 9.787648314786940862e-01 1.074061835519744657e+00 5.495963104659661314e-01 7.456093811530883908e-01 3.045136281651402710e-01 5.753240526510560171e-01 5.901139439751637017e-01 9.552509877210234590e-01 1.188614578441792968e+00 5.553974547566191688e-01 3.901558763951611386e-01 7.497244555779315478e-01 7.071553562187250508e-01 4.556109357849797981e-01 9.181367529181271303e-01 8.024111509567570799e-01 1.197573633512862168e+00 5.408908215126340124e-01 6.054031444794493177e-01 1.182941150397867514e+00
7.620057948787042346e-01 4.692043787721523751e-01 4.633585223524662178e-01 5.057856629456035646e-01 9.330281875951441650e-01 9.630637302225687479e-01 2.424480856319131405e-01 1.208607794208965247e+00 3.600044332167653960e-01 5.711902889914907133e-01 2.019600473732645618e-01 6.587798086771349260e-01 1.978463327069762967e-01 1.991860781029623495e-01 3.333524586689471936e-01 5.171521901219062745e-01 3.389793457907144258e-01 9.972283306178877371e-01 6.298757632875010559e-01 5.633568918457956265e-01 7.414283494588679302e-01 3.117400565043146887e-01 6.340910775021225687e-01 8.046122123203017784e-01 0.000000000000000000e+00 3.186233498242738160e-01 4.631411450345901959e-01 1.866742035226227059e-01 4.493902000739213864e-01 3.757015609332894912e-01 1.786186833068295343e-01 3.186033840823345176e-01 4.787381615368879739e-01 1.657227038288685839e-01 6.812461743987158203e-01 2.304554537775401757e-01 9.007247866118291979e-01 3.366930603935480160e-01 3.944485822365320637e-01 6.224459902180708992e-01 6.096008709272815462e-01 1.079321699960791081e+00 3.780251680331647712e-01 7.288208046055251188e-01 3.420955962131517203e-01 1.345465715738932422e-01 4.108301753633549769e-01 4.395312976945921490e-01 8.083803916949288126e-01 4.408484613597254964e-01
5.471728191213820480e-01 7.168553363249906552e-01 4.495715854323379390e-01 7.882447423442383583e-01 9.169035117088518705e-01 1.011691785169345659e+00 2.000396871897240358e-01 9.860599906739501153e-01 4.347960049359776979e-01 5.178689919934783559e-01 1.952403426821721077e-01 6.745086220827881673e-01 4.800631829943345918e-01 4.427889973030998405e-01 1.961547447232261654e-01 2.729024281564520482e-01 4.140384737335291998e-01 7.753947556302901445e-01 6.764695013316690542e-01 4.645957522917224525e-01 7.337308279771902475e-01 2.181978886310141641e-01 4.754054430268888076e-01 8.595991357923539189e-01 3.186233498242738160e-01 0.000000000000000000e+00 3.780685451947276010e-01 4.094851526997177471e-01 5.803142132127433461e-01 6.496960871643694402e-01 1.620266538342929052e-01 3.305389725990611205e-01 3.549943768388646448e-01 3.052450614960460218e-01 6.324148389698185380e-01 4.695882997364882461e-01 6.798914592665922241e-01 5.842400788873360895e-01 3.293514502136731248e-01 4.176681686038215546e-01 6.265271342967483337e-01 8.606739302795031188e-01 1.861546179450859761e-01 6.106649554460955587e-01 1.536170748254981067e-01 3.109115505953615743e-01 4.075142816513729338e-01 3.416249075669619550e-01 7.906772663952619240e-01 3.327305182615827861e-01
8.932838326873145940e-01 9.077065704200611984e-01 2.414030552822545028e-01 9.316565751319811906e-01 1.289127853538481805e+00 1.312843977539424500e+00 5.164302431123082293e-01 1.334450454323458768e+00 6.814433264465810103e-01 8.900933338231070691e-01 3.077343849567866774e-01 9.817302170076152024e-01 6.228048123026470595e-01 6.336402313981702727e-01 1.942033632240770524e-01 6.225853174785865862e-01 7.549110947020415407e-01 1.124522358524606913e+00 1.045767514146402677e+00 7.841789040494866470e-01 1.105955169806819294e+00 4.810045987631523801e-01 8.409755333552213497e-01 1.160751328162432205e+00 4.631411450345901959e-01 3.780685451947276010e-01 0.000000000000000000e+00 6.473916892843943893e-01 8.746814885731057920e-01 8.106442695255964281e-01 3.558838454210241364e-01 1.604512980529631816e-01 7.272187186684931914e-01 4.929963147379452515e-01 9.575067905032781379e-01 6.911729395393116926e-01 1.027321219056529955e+00 7.750913129824064107e-01 1.727528278417666263e-01 7.572611291000833633e-01 9.987514761263768248e-01 1.207803173462095980e+00 5.553880279798484310e-01 9.791473354421537101e-01 2.517033549884694632e-01 5.445687018680943625e-01 2.663345715465881836e-01 6.321559578236859434e-01 1.162901608224891081e+00 1.558378938372861899e-01
6.682612083925274504e-01 3.947280623668472099e-01 6.476090666022702447e-01 4.781165864431239365e-01 8.012533050779705457e-01 8.565201767111999542e-01 2.215650699636314280e-01 1.093431777860769394e+00 2.958458399488812507e-01 4.376081321013417513e-01 3.868466837585051721e-01 5.616533649310937459e-01 1.993354034914544826e-01 1.875837736618722051e-01 5.074024542321367015e-01 4.300805145459578593e-01 1.982794870581560120e-01 8.749160351161542337e-01 5.158117542728296590e-01 5.085504382684770119e-01 6.172295570180914570e-01 3.504539672229636804e-01 4.875920467450634566e-01 6.973224328298155417e-01 1.866742035226227059e-01 4.094851526997177471e-01 6.473916892843943893e-01 0.000000000000000000e+00 3.413585059541616173e-01 3.373313602253972809e-01 3.416135053772540453e-01 5.028539283321388220e-01 3.197572513696242957e-01 2.774650188657338257e-01 5.916978949712040636e-01 1.543711837608060244e-01 7.888446101639607910e-01 2.713640108835019271e-01 5.739022517431924264e-01 5.771378282851213903e-01 4.915221696773937055e-01 9.755383887570923118e-01 2.940007032547098942e-01 5.815947449458043206e-01 5.181065535170247260e-01 1.350817892993330382e-01 5.950807196131591148e-01 4.281519550211805858e-01 6.766055091777550823e-01 6.203021308663857480e-01
3.765777780787733509e-01 7.248257387836789523e-01 9.103250631535693138e-01 6.758946904828367908e-01 5.206085006621635758e-01 5.151616707570387810e-01 4.484786142817682730e-01 7.873051109313904394e-01 2.123357033648048675e-01 1.859188949947070957e-01 5.917793339832509991e-01 2.202948589769320453e-01 4.105013641134737101e-01 5.008607202451215157e-01 7.615370142180284407e-01 3.556493595805325092e-01 2.172687824005463952e-01 5.639492795529779112e-01 1.912932195087069798e-01 1.965462955362986819e-01 3.227488855099300835e-01 4.020600127669726742e-01 3.098689826360213062e-01 3.564312737134092135e-01 4.493902000739213864e-01 5.803142132127433461e-01 8.746814885731057920e-01 3.413585059541616173e-01 0.000000000000000000e+00 5.290195982362591032e-01 6.235428192323134722e-01 7.655699248834373360e-01 2.424971429113726429e-01 4.136547506247311157e-01 2.632200760973885667e-01 2.284730997945873532e-01 4.998752779318039186e-01 5.992870608453696457e-01 8.393727181620160849e-01 3.329952666993000188e-01 1.880050658229468485e-01 6.595523562173192245e-01 4.000561886641316733e-01 3.245342412903451934e-01 6.354599744751622259e-01 4.595076922632709282e-01 8.577967161644579619e-01 2.616058989330234952e-01 3.971976180974263193e-01 8.857725972852092955e-01
8.361698223460359847e-01 6.877290915044126374e-01 8.196418371989291352e-01 1.759475941212769179e-01 1.029090658287729942e+00 1.029520221188338747e+00 5.354057686301284535e-01 1.286312078279405968e+00 3.949414038062712407e-01 6.799298307660872620e-01 5.279356429699646469e-01 7.215209619991719281e-01 1.879135676859254866e-01 4.491727067324524092e-01 7.051191004699903786e-01 6.366487312785038544e-01 4.597891339394381549e-01 1.070378270685653499e+00 7.203128177449659164e-01 6.182237395919599754e-01 8.373415317887233922e-01 4.422102697126487625e-01 7.653902867285587996e-01 8.722012342913949556e-01 3.757015609332894912e-01 6.496960871643694402e-01 8.106442695255964281e-01 3.373313602253972809e-01 5.290195982362591032e-01 0.000000000000000000e+00 5.503853251078728581e-01 6.748866989287971574e-01 6.153817617346563074e-01 3.549834634446505377e-01 7.258769549844051872e-01 3.018475358459610791e-01 9.784290706822699191e-01 5.621192004759307803e-01 7.597457629538049151e-01 7.070897192866848480e-01 7.055140532571373413e-01 1.154408601123971589e+00 5.995418525184130765e-01 8.483264633129825594e-01 6.590333710162342706e-01 4.296983125085228061e-01 7.671134902098177832e-01 5.241561149762306027e-01 9.056797757229924084e-01 8.126151031607685704e-01
6.909068630971850755e-01 5.948301046984554308e-01 3.372341048431130583e-01 6.818077879843331690e-01 1.013756095086030040e+00 1.137216349380961056e+00 2.026341709574915606e-01 1.128614697208870643e+00 5.172989287523652724e-01 6.147215753706563035e-01 1.696656824881000447e-01 8.250622313761921678e-01 3.738684577457057068e-01 3.207637656765647827e-01 1.709991251923171363e-01 4.165117001065625213e-01 4.502835024991958535e-01 9.157935459165873482e-01 7.733220847088468908e-01 6.151493615851264529e-01 8.305834113543683062e-01 3.717272888128204111e-01 5.897246824898600970e-01 9.787648314786940862e-01 1.786186833068295343e-01 1.620266538342929052e-01 3.558838454210241364e-01 3.416135053772540453e-01 6.235428192323134722e-01 5.503853251078728581e-01 0.000000000000000000e+00 2.084043126085869668e-01 4.500267737576005289e-01 3.030439881536438618e-01 7.829684482632224274e-01 4.046080729359323169e-01 8.227172008087881849e-01 4.622148472608010872e-01 2.529373997170675237e-01 5.649776745569161651e-01 7.233797176739263923e-01 1.004283202229613758e+00 2.893126952530947760e-01 7.075175388232735063e-01 1.875506820950320064e-01 2.065317160779209238e-01 2.853796216608986414e-01 4.921785168603661775e-01 8.875298497724397606e-01 2.842734387835510468e-01
8.303163550587796538e-01 7.619015198315549631e-01 1.737043985517149058e-01 7.958990045351821419e-01 1.221404186453841856e+00 1.226154484896736729e+00 4.103053290678545517e-01 1.273831666189048750e+00 5.916258256291830886e-01 8.223696667384686743e-01 1.996238332633148704e-01 8.954987757431160933e-01 4.870472417058478998e-01 4.878351808096640929e-01 1.684883096304948258e-01 5.621276167880632224e-01 6.540795432214011607e-01 1.064064657834083105e+00 9.460554880970174496e-01 7.057529306107569456e-01 1.038231502722180455e+00 3.986845849661092012e-01 7.805178326646983189e-01 1.074061835519744657e+00 3.186033840823345176e-01 3.305389725990611205e-01 1.604512980529631816e-01 5.028539283321388220e-01 7.655699248834373360e-01 6.748866989287971574e-01 2.084043126085869668e-01 0.000000000000000000e+00 6.576979318679637698e-01 3.754528689494979199e-01 8.790808170645486586e-01 5.466351785870562363e-01 9.659486585919125901e-01 6.292862623939003974e-01 1.891943123414967509e-01 6.874550628528387497e-01 9.257805957367977179e-01 1.145382370398730254e+00 4.876643608952098696e-01 9.151656301910858771e-01 2.125106578304903626e-01 3.987636512795880162e-01 1.449467514642164834e-01 5.537299843849561309e-01 1.095177941140252242e+00 2.467191579565834181e-01
