0.000000000000000000e+00 1.443497967971632656e+00 1.371760325723268226e+00 1.167388162071420155e+00 8.612287885671529031e-01 8.521657349966330619e-01 6.694009044251054696e-01 5.901005744574796541e-01 1.031742386641242737e+00 9.751520144053480443e-01 4.820063253081967591e-01 8.478422446340592167e-01 3.464502357873202598e-01 5.567044624820340903e-01 7.915198138562116181e-01 5.021431800699990289e-01 2.771516884291633231e-01 2.591610973135203277e-01 6.057486886537287729e-01 8.633708084221798362e-01 1.221945808820251944e+00 4.592659045476635837e-01 3.769466171182486169e-01 1.154445932897775196e+00 2.072446054626911893e-01 6.751233307669057826e-01 7.984469019684189428e-01 9.842173520358860062e-01 6.969126720199430025e-01 6.476518971750914178e-01 7.717948279368115339e-01 4.980181518809066454e-01 9.154814363599643734e-01 7.059069443782010067e-01 4.988615992886381023e-01 2.173450411224794043e-01 6.541109420078197179e-01 4.961632331065370383e-01 7.370407774634331055e-01 1.010477517941198666e+00 1.560059094231297794e-01 1.889653999067043011e-01 9.187827883388426375e-01 4.278783012254847584e-01 8.715825931816798544e-01 7.772095141487097569e-01 1.616921408659244275e-01 3.710286516591959627e-01 8.519619642922259262e-01 7.252301577675543953e-01
1.443497967971632656e+00 0.000000000000000000e+00 1.341037178581209188e+00 9.264924848141533609e-01 1.554599512014830376e+00 1.499715972593435476e+00 1.075056386138927067e+00 8.598710660407286044e-01 4.520327514091642684e-01 9.471199552220241902e-01 1.182891241882428890e+00 8.817655261243737552e-01 1.204935383701982721e+00 1.181183204099321093e+00 7.281246138677658353e-01 1.012323443437797454e+00 1.525468490373368846e+00 1.245308640337062789e+00 9.712640844981683674e-01 7.095276337294175173e-01 2.345392381614765098e-01 1.215375987590601836e+00 1.073214811124252988e+00 1.123722785755717268e+00 1.412875875728414998e+00 1.365918884915370501e+00 8.833869670679612707e-01 6.402570935955067544e-01 1.059763549470411403e+00 8.380259681845304565e-01 7.586838650500337122e-01 1.201612395539904732e+00 8.754618182146395311e-01 1.348089882030488296e+00 1.029107180819202272e+00 1.531035388596957203e+00 9.065048404926868697e-01 1.016086803889712398e+00 8.292938575634477560e-01 7.782550082439616546e-01 1.483584931051562750e+00 1.254532568064928189e+00 7.667280699222674967e-01 1.139844763321906429e+00 5.724637391818973020e-01 1.011586013063183076e+00 1.369332566678645113e+00 1.117427179440988683e+00 8.320521461865147961e-01 7.221126529209761502e-01
1.371760325723268226e+00 1.341037178581209188e+00 0.000000000000000000e+00 9.199615152309699173e-01 1.555630380519222866e+00 1.408540440931538074e+00 1.082851120594044758e+00 8.081013524464373265e-01 9.220993170280145090e-01 4.147853803818090657e-01 1.191644597243151305e+00 7.764442528094533946e-01 1.052083686565795428e+00 1.090007672437423691e+00 8.614361005860550202e-01 1.086454627144574081e+00 1.472278575065350426e+00 1.234139939209989656e+00 7.978223439108490522e-01 6.438559036734188279e-01 1.118976869043790678e+00 1.200411284574907533e+00 1.017957142645071311e+00 2.174551664000728968e-01 1.320077543814237364e+00 1.364165458121668006e+00 9.969789345722224194e-01 8.114966741367055647e-01 8.780400913393155982e-01 9.289027221970066472e-01 7.441172980518134805e-01 1.019999275056980848e+00 5.902991535708072002e-01 1.256914350368591116e+00 8.978602932749086829e-01 1.459297746348591440e+00 1.044458823624098143e+00 1.030185096399536926e+00 6.576727082275888314e-01 7.630508711007484290e-01 1.428607526258273142e+00 1.182794925816563092e+00 8.639650763671919975e-01 1.049664332843251335e+00 7.792798629749611017e-01 9.839683471182341101e-01 1.316947835157216362e+00 1.155534627865512531e+00 5.212967544050416402e-01 7.927616515409454667e-01
1.167388162071420155e+00 9.264924848141533609e-01 9.199615152309699173e-01 0.000000000000000000e+00 1.327203067297293204e+00 1.211292686750089054e+00 6.723102996776019191e-01 5.974794547026619496e-01 4.763272021078085450e-01 5.221715359933637446e-01 9.594986098189201007e-01 3.532071854263381105e-01 8.209379262841003388e-01 8.927599182559744495e-01 4.690652449574615468e-01 7.602871100169192875e-01 1.275030820883900295e+00 1.004020554202284421e+00 5.616394734176917147e-01 3.156260335760274205e-01 7.022092665647555743e-01 8.750786131542875879e-01 8.207093884636221803e-01 7.032991655669392772e-01 1.089303900563365346e+00 1.135738144899737900e+00 4.855008538204641511e-01 3.118418865259852679e-01 5.352595824353112430e-01 6.208075851999685923e-01 4.924504049614859547e-01 7.471130955513926031e-01 3.650160338601525778e-01 1.059666596187141874e+00 7.041735619615487884e-01 1.235078971580992224e+00 6.071414442346209084e-01 7.903756152777309252e-01 4.659867971183662694e-01 1.629410172676652446e-01 1.231359772076824122e+00 9.833582754127233594e-01 3.466945846320485525e-01 8.524165786618018714e-01 4.139441289814811964e-01 5.585754656876664725e-01 1.119700080975767342e+00 8.946375594546355225e-01 4.602243211895673536e-01 4.918454862268082373e-01
8.612287885671529031e-01 1.554599512014830376e+00 1.555630380519222866e+00 1.327203067297293204e+00 0.000000000000000000e+00 1.139755117002630547e+00 9.390017771776141275e-01 7.475290280727855396e-01 1.140735335663958017e+00 1.161713157160037646e+00 3.840186078513732615e-01 1.148249097890812420e+00 7.494759410227870289e-01 8.284296908155657224e-01 9.038026065371588258e-01 6.772515169001163127e-01 9.338078698504875819e-01 6.492698371016171199e-01 9.322349278152414209e-01 1.025363205539402189e+00 1.333656550539978225e+00 7.955555944300582993e-01 5.900583616786309049e-01 1.338315987693729836e+00 8.393765029197761685e-01 1.952286638755786896e-01 1.004669165755630589e+00 1.084762401493736261e+00 1.101973254992745455e+00 7.353995032177266244e-01 9.150248091670242223e-01 9.207298036806322861e-01 1.115126397905445321e+00 9.946502115480714279e-01 7.551700367241755973e-01 9.581181587531549804e-01 8.440647231467520717e-01 5.398784117295727381e-01 9.538261323087701138e-01 1.175587458699150822e+00 8.960495131464137897e-01 6.995683499275638928e-01 1.038397694123160298e+00 7.386733048042561922e-01 9.823469877256568727e-01 1.079429745557501708e+00 7.772961482232449981e-01 5.456714531925296319e-01 1.036841108040301940e+00 8.353575810704851889e-01
8.521657349966330619e-01 1.499715972593435476e+00 1.408540440931538074e+00 1.211292686750089054e+00 1.139755117002630547e+00 0.000000000000000000e+00 9.480060830052499110e-01 6.398449065527068713e-01 1.087960391263045556e+00 1.011932129613618780e+00 7.693090649316943752e-01 9.495451062184978586e-01 6.193532298593625862e-01 3.254835102614657139e-01 9.307604716495770925e-01 8.132726058753035892e-01 9.540554363421815953e-01 7.295460088672462984e-01 7.069492959565363277e-01 9.001509236304504613e-01 1.278163813442054320e+00 8.341208356790387191e-01 5.496967553239997528e-01 1.191226048106045710e+00 8.110566363544433610e-01 9.531714943686604435e-01 1.074974943224424440e+00 1.054178476629639372e+00 8.693662266120921744e-01 7.639415978587532630e-01 8.215915760325307460e-01 7.739980418983206656e-01 9.540491833963190560e-01 1.691734020090117918e-01 5.276104280879565511e-01 9.397031556219570536e-01 9.295467946550629579e-01 6.781280917350441806e-01 7.726546116737366132e-01 1.056645615244821368e+00 9.103843875351050885e-01 6.632003350899288163e-01 1.050135436945672796e+00 4.299149874095544166e-01 9.278005978034827850e-01 1.002637136705469612e+00 7.987246964340483091e-01 7.157567603208416784e-01 8.887420795004965512e-01 7.894711018844968731e-01
6.694009044251054696e-01 1.075056386138927067e+00 1.082851120594044758e+00 6.723102996776019191e-01 9.390017771776141275e-01 9.480060830052499110e-01 0.000000000000000000e+00 5.872529001002616544e-01 6.409766670046378456e-01 6.704779170233325924e-01 5.550568832376339135e-01 3.531478918651416721e-01 3.629777976033111142e-01 6.351967658858963528e-01 3.725388974364078898e-01 2.950320395130814899e-01 7.156663101872229316e-01 4.256082674559282242e-01 3.560693345228423956e-01 5.748673022317016823e-01 8.585215126663806595e-01 2.250456746066917812e-01 5.513042070901077452e-01 8.742462324011670560e-01 5.608126799502947124e-01 7.549472488580039053e-01 1.916694190709654355e-01 4.866609519300208464e-01 2.048110292547291877e-01 4.049537803005981429e-01 6.205081785441936004e-01 1.758780067808916325e-01 5.503065987297190986e-01 7.968108022957998138e-01 4.361451838586090646e-01 7.183352746822402324e-01 2.002346452835925272e-01 4.518556196879962572e-01 4.648910127809813830e-01 5.191859374767683333e-01 6.995693241351449432e-01 5.057364671738816542e-01 3.420125685672101845e-01 5.363127997274255154e-01 5.055927006767454435e-01 1.460348593617897262e-01 5.636104577910853175e-01 3.947133942295391607e-01 5.737926004925162360e-01 4.934095944149490265e-01
5.901005744574796541e-01 8.598710660407286044e-01 8.081013524464373265e-01 5.974794547026619496e-01 7.475290280727855396e-01 6.398449065527068713e-01 5.872529001002616544e-01 0.000000000000000000e+00 4.481154847103386296e-01 4.141841290872521619e-01 3.835432447967135339e-01 4.114499997856334024e-01 3.542609815065898005e-01 3.213121380585922671e-01 3.032344531346046201e-01 3.128650593210122732e-01 6.886276909325187434e-01 4.472294023177032507e-01 2.466196233036306862e-01 2.818534211266345291e-01 6.383189068893474483e-01 5.640140541464102597e-01 2.288107860793674730e-01 5.907869596209449625e-01 5.590433563533232508e-01 5.560641056752303468e-01 4.868620871493294366e-01 4.143335700769322782e-01 4.316399270695769341e-01 2.000929272051506502e-01 1.870412330863452377e-01 4.442322792020120814e-01 3.675973698326598926e-01 4.882188159897599133e-01 1.784327786238090463e-01 6.776379950828036458e-01 3.943303939346341491e-01 2.308077409191608975e-01 2.158936683190339212e-01 4.428323831973941527e-01 6.449566421254422366e-01 4.011351745507752975e-01 4.102905303929657022e-01 2.799736972811780467e-01 2.879556912507756916e-01 5.781916679408404258e-01 5.332969510243852351e-01 3.633927451762795635e-01 2.893120799675163446e-01 1.496261953317897242e-01
1.031742386641242737e+00 4.520327514091642684e-01 9.220993170280145090e-01 4.763272021078085450e-01 1.140735335663958017e+00 1.087960391263045556e+00 6.409766670046378456e-01 4.481154847103386296e-01 0.000000000000000000e+00 5.243093377904075592e-01 7.690270655315566417e-01 4.319493828117121348e-01 7.931798023715925794e-01 7.694276227689309522e-01 3.046753366468815116e-01 5.969675483440636254e-01 1.111604314022497153e+00 8.299527452433295149e-01 5.588974223481287806e-01 2.801385345828532047e-01 2.340476233964006725e-01 7.976804489988233993e-01 6.595017842913746264e-01 7.054369673639829807e-01 1.001120294398024413e+00 9.520547085644978091e-01 4.493072479336726044e-01 1.882243421863426247e-01 6.077536340919632574e-01 4.226700730907969605e-01 3.480907600898039966e-01 7.892457333898651450e-01 4.326039090200647363e-01 9.363343007000983764e-01 6.173515994888117975e-01 1.119279807266566618e+00 4.830555632718026571e-01 6.022226275388399275e-01 4.169271954134081692e-01 3.280897255376163391e-01 1.069720754700692167e+00 8.427769867345384913e-01 3.185775503747334536e-01 7.280891819915167318e-01 1.601597934595629658e-01 5.677702723997463119e-01 9.554683903277736423e-01 7.020712843472542986e-01 4.196854840364749872e-01 3.082484765701040685e-01
9.751520144053480443e-01 9.471199552220241902e-01 4.147853803818090657e-01 5.221715359933637446e-01 1.161713157160037646e+00 1.011932129613618780e+00 6.704779170233325924e-01 4.141841290872521619e-01 5.243093377904075592e-01 0.000000000000000000e+00 7.977273738839655293e-01 3.640710492387411734e-01 6.483218462966624518e-01 6.933993611195041762e-01 4.675188772268694670e-01 6.925374037853888609e-01 1.075670263747430244e+00 8.375316278920695856e-01 3.898800291006814245e-01 2.460659244358122943e-01 7.250596456846053472e-01 7.924689697647400166e-01 6.213488313271517960e-01 2.082881091507297056e-01 9.163157035451051646e-01 9.702482347624823422e-01 5.846057310015100317e-01 4.137066948990989479e-01 4.656668877686032104e-01 5.349854988378209830e-01 3.502000746926278718e-01 6.120569602468134418e-01 1.869125153074223666e-01 8.603060390506716004e-01 4.975253327826190120e-01 1.057555003151105177e+00 6.505416002649125895e-01 6.362678730403517058e-01 2.539108679584559103e-01 3.652608918631420898e-01 1.031999214940353848e+00 7.861866144986437988e-01 4.661750971295857693e-01 6.530560215253313761e-01 3.853626396157758816e-01 5.715951435475218334e-01 9.203395238392972910e-01 7.616174045063267561e-01 1.379347296228417286e-01 3.988444281817601356e-01
4.820063253081967591e-01 1.182891241882428890e+00 1.191644597243151305e+00 9.594986098189201007e-01 3.840186078513732615e-01 7.693090649316943752e-01 5.550568832376339135e-01 3.835432447967135339e-01 7.690270655315566417e-01 7.977273738839655293e-01 0.000000000000000000e+00 7.842633146147403034e-01 3.718926041228597934e-01 4.584088247889072099e-01 5.303222835003316149e-01 2.951368481255776111e-01 5.525515023960282379e-01 2.677785512941164292e-01 5.622140617885830194e-01 6.613774222633302946e-01 9.619482804075768501e-01 4.140643086225578862e-01 2.200374956519726977e-01 9.743302044176581633e-01 4.581201354653166025e-01 2.017558721444943914e-01 6.225544969810913321e-01 7.126800752144012430e-01 7.252475439717515071e-01 3.619191801808996911e-01 5.497155437103975473e-01 5.392385178731318174e-01 7.511406146293732045e-01 6.242041594771347013e-01 3.851491706975173623e-01 5.790222532632885999e-01 4.619500543722132591e-01 1.695747874299767533e-01 5.898403490326978860e-01 8.078830012207778299e-01 5.147931456919544457e-01 3.204724444376968462e-01 6.649173710863331976e-01 3.654048172938735295e-01 6.106387175932554978e-01 6.954848516175212714e-01 3.960397807687856542e-01 1.617265592525493068e-01 6.728553247642296009e-01 4.676531235921118079e-01
8.478422446340592167e-01 8.817655261243737552e-01 7.764442528094533946e-01 3.532071854263381105e-01 1.148249097890812420e+00 9.495451062184978586e-01 3.531478918651416721e-01 4.114499997856334024e-01 4.319493828117121348e-01 3.640710492387411734e-01 7.842633146147403034e-01 0.000000000000000000e+00 5.013920088467388458e-01 6.346595268307475557e-01 3.233740166205447131e-01 5.468325380260070645e-01 9.594223547493451187e-01 7.148036454298193343e-01 2.513866999323084439e-01 2.494628984431755681e-01 6.570467633874113034e-01 5.250619723050259369e-01 5.739141407088973468e-01 5.667065438509093500e-01 7.697579831260039640e-01 9.567841754932571163e-01 2.226442567182674304e-01 2.566337834094001846e-01 1.852429415860494255e-01 4.787863985698047053e-01 3.690667944305941472e-01 3.970964547021306190e-01 2.069204005417841497e-01 7.979190156555504565e-01 4.250975511375744142e-01 9.155330541436308422e-01 3.805651559841510823e-01 6.326611766217449251e-01 1.955563314665994257e-01 1.946637792255073995e-01 9.300357820330291680e-01 6.638123579753618664e-01 1.676457604371704158e-01 5.766988013253070422e-01 3.554532142542303208e-01 2.266044346096429130e-01 8.175379022137266860e-01 6.876843558355686392e-01 2.818206013022933054e-01 4.195987300519967711e-01
3.464502357873202598e-01 1.204935383701982721e+00 1.052083686565795428e+00 8.209379262841003388e-01 7.494759410227870289e-01 6.193532298593625862e-01 3.629777976033111142e-01 3.542609815065898005e-01 7.931798023715925794e-01 6.483218462966624518e-01 3.718926041228597934e-01 5.013920088467388458e-01 0.000000000000000000e+00 3.225527567523773786e-01 6.574954346411943096e-01 4.253995514292896463e-01 4.580303459026059953e-01 2.522898906804554309e-01 2.592984528664085686e-01 5.570756309185677102e-01 9.833832245506014536e-01 2.349053800097835598e-01 2.103979238668393092e-01 8.362996740063783907e-01 2.683659742792649516e-01 5.633704832225397974e-01 5.546472166742765220e-01 7.397380640558917086e-01 3.561558276686672131e-01 4.951894777842414386e-01 5.154728298361261896e-01 1.870997908224194817e-01 5.690312005726442246e-01 4.719451414826956182e-01 1.783049156847230365e-01 4.141410452968921629e-01 5.331234583316381004e-01 3.684166506958556075e-01 3.990035701068567753e-01 6.640272821538784065e-01 4.286437731862902112e-01 1.624203491286232148e-01 6.374642142520615673e-01 1.907211441840075405e-01 6.330200089120296969e-01 4.593243375320024136e-01 3.169840820852333207e-01 2.827224201569984996e-01 5.314457507715228957e-01 5.038871768383794691e-01
5.567044624820340903e-01 1.181183204099321093e+00 1.090007672437423691e+00 8.927599182559744495e-01 8.284296908155657224e-01 3.254835102614657139e-01 6.351967658858963528e-01 3.213121380585922671e-01 7.694276227689309522e-01 6.933993611195041762e-01 4.584088247889072099e-01 6.346595268307475557e-01 3.225527567523773786e-01 0.000000000000000000e+00 6.122277031554623772e-01 4.946831217251604351e-01 6.584606436396458484e-01 4.320462499545854596e-01 3.930325097299808834e-01 5.816181551363357460e-01 9.596310449479399374e-01 5.490214999719165156e-01 2.383713291369346787e-01 8.726932796119311053e-01 5.198916523501218023e-01 6.418460681815953972e-01 7.564421747303098353e-01 7.356457081355247674e-01 5.554494403855366746e-01 4.454088293646383812e-01 5.030588075384159197e-01 4.662261144994976902e-01 6.355164149022043407e-01 1.697381387397727537e-01 2.127248487002064148e-01 6.442418831073579710e-01 6.109573105049199704e-01 3.595386075849011931e-01 4.577690322859861993e-01 7.381128467507067636e-01 6.147895948325693416e-01 3.677390625753299003e-01 7.316026684515581913e-01 1.588884941897005243e-01 6.092678293093680697e-01 6.898278195861158313e-01 5.031299037315125622e-01 4.124693339296453543e-01 5.702093110063817250e-01 4.709383333903819913e-01
7.915198138562116181e-01 7.281246138677658353e-01 8.614361005860550202e-01 4.690652449574615468e-01 9.038026065371588258e-01 9.307604716495770925e-01 3.725388974364078898e-01 3.032344531346046201e-01 3.046753366468815116e-01 4.675188772268694670e-01 5.303222835003316149e-01 3.233740166205447131e-01 6.574954346411943096e-01 6.122277031554623772e-01 0.000000000000000000e+00 3.019298390628297191e-01 8.429836265745261903e-01 5.423797900395121996e-01 4.915255144602432846e-01 2.468386981762064614e-01 5.095617534868762677e-01 5.030620031391180857e-01 4.581656566775078598e-01 6.441217077605621011e-01 7.303465751386879479e-01 7.153585483187817617e-01 1.969952230330395127e-01 2.083833691683824874e-01 4.419689218848454892e-01 1.802621734149713884e-01 2.479692811077859327e-01 5.402918306839955553e-01 4.182358015276862462e-01 7.791343810866298014e-01 4.816672317584135832e-01 8.886589576716733552e-01 1.894848404075691328e-01 3.639241948075858657e-01 3.495552875255226177e-01 3.217371547391830733e-01 8.153485625606490261e-01 6.445175858868871233e-01 1.594448790517127845e-01 5.661344507241306001e-01 1.568541533384247844e-01 3.458387219827277481e-01 6.892386870261189014e-01 4.378253481896199339e-01 3.524510681913599064e-01 1.536082578028149515e-01
5.021431800699990289e-01 1.012323443437797454e+00 1.086454627144574081e+00 7.602871100169192875e-01 6.772515169001163127e-01 8.132726058753035892e-01 2.950320395130814899e-01 3.128650593210122732e-01 5.969675483440636254e-01 6.925374037853888609e-01 2.951368481255776111e-01 5.468325380260070645e-01 4.253995514292896463e-01 4.946831217251604351e-01 3.019298390628297191e-01 0.000000000000000000e+00 5.505006815334195780e-01 2.487971061779837012e-01 5.504044033979532680e-01 5.196801960345723836e-01 7.918615070913629372e-01 2.579130623511181053e-01 3.123674032837143177e-01 8.691402343190817170e-01 4.339878010553480658e-01 4.898231600944938369e-01 3.285430755703511729e-01 5.103132082312121787e-01 4.774548741736470703e-01 1.801540339930646217e-01 4.302837390439732124e-01 3.866031885679210855e-01 6.459506445307966471e-01 6.616465153123562981e-01 4.119441219188020309e-01 5.923001835883334731e-01 1.668132062466356480e-01 1.638265865655592624e-01 5.182058755199414612e-01 6.123692540947270890e-01 5.253403083413674679e-01 3.573061521492402193e-01 4.217032702614622597e-01 4.399068069260697045e-01 4.400709191486240068e-01 4.107859328309219626e-01 3.967557419850122336e-01 1.556669247239417797e-01 5.676653546656531546e-01 3.233205855655366112e-01
2.771516884291633231e-01 1.525468490373368846e+00 1.472278575065350426e+00 1.275030820883900295e+00 9.338078698504875819e-01 9.540554363421815953e-01 7.156663101872229316e-01 6.886276909325187434e-01 1.111604314022497153e+00 1.075670263747430244e+00 5.525515023960282379e-01 9.594223547493451187e-01 4.580303459026059953e-01 6.584606436396458484e-01 8.429836265745261903e-01 5.505006815334195780e-01 0.000000000000000000e+00 3.017035753554357935e-01 7.173287987690146750e-01 9.638890577642620361e-01 1.304525528898517583e+00 4.946316427063366383e-01 4.610517329804329489e-01 1.254964182239857395e+00 1.980229103851780526e-01 7.478340825487707066e-01 8.399610900243599243e-01 1.051366995742908594e+00 7.840867615000532975e-01 7.058847036307906997e-01 8.663581511165390214e-01 5.722332483839721595e-01 1.017787317530130853e+00 8.081321710199045327e-01 6.090222620808410925e-01 1.656544707706701647e-01 7.005091220554147124e-01 5.686909352037419207e-01 8.435223693198836692e-01 1.120383749378633276e+00 1.549784423999667204e-01 3.222138224422586572e-01 9.652513683762724561e-01 5.320246820898771878e-01 9.532159660841958981e-01 8.499220955757487150e-01 1.573769417625496547e-01 4.356238485863827004e-01 9.524802136343081260e-01 8.033558374523928070e-01
2.591610973135203277e-01 1.245308640337062789e+00 1.234139939209989656e+00 1.004020554202284421e+00 6.492698371016171199e-01 7.295460088672462984e-01 4.256082674559282242e-01 4.472294023177032507e-01 8.299527452433295149e-01 8.375316278920695856e-01 2.677785512941164292e-01 7.148036454298193343e-01 2.522898906804554309e-01 4.320462499545854596e-01 5.423797900395121996e-01 2.487971061779837012e-01 3.017035753554357935e-01 0.000000000000000000e+00 5.115883435468639995e-01 7.257504219089012665e-01 1.024846703990628827e+00 2.184095399279070426e-01 2.184186162383357499e-01 1.016825546384496848e+00 1.977488270165119189e-01 4.637791941977050247e-01 5.395538829467890762e-01 7.507631592078946037e-01 5.306452085838423427e-01 4.072826721525324434e-01 6.235752701072541093e-01 3.187916954677610937e-01 7.796486816747697501e-01 5.836227435449691248e-01 3.762301939840696496e-01 3.500084183537761073e-01 3.988055466999789189e-01 2.765455569921717593e-01 6.053837334645227886e-01 8.561026982800923335e-01 2.781852596129809063e-01 1.514226730081366656e-01 6.635477930208364405e-01 3.095158730978362915e-01 6.730561160478898408e-01 5.715714271780374389e-01 1.479586358070285601e-01 1.434784703748125390e-01 7.143415777789473564e-01 5.449902977280371985e-01
6.057486886537287729e-01 9.712640844981683674e-01 7.978223439108490522e-01 5.616394734176917147e-01 9.322349278152414209e-01 7.069492959565363277e-01 3.560693345228423956e-01 2.466196233036306862e-01 5.588974223481287806e-01 3.898800291006814245e-01 5.622140617885830194e-01 2.513866999323084439e-01 2.592984528664085686e-01 3.930325097299808834e-01 4.915255144602432846e-01 5.504044033979532680e-01 7.173287987690146750e-01 5.115883435468639995e-01 0.000000000000000000e+00 3.128062594106859606e-01 7.492037749607495245e-01 4.273664543881499078e-01 3.421765661366104050e-01 5.901975322810466551e-01 5.276644271456735202e-01 7.422172466973011584e-01 4.312741213730261758e-01 4.804396111894833621e-01 1.857111011468058070e-01 4.291502212479693656e-01 3.396061726025102478e-01 2.474220105418973581e-01 3.097327477062357115e-01 5.553232053935890367e-01 1.819087397050254407e-01 6.734394981633007315e-01 5.554044279352223779e-01 4.325466200994192434e-01 1.623252310824911948e-01 4.047288292874701154e-01 6.879422260526989463e-01 4.217188019950318112e-01 4.102966172808799050e-01 3.253121013929985428e-01 4.095067688919201698e-01 3.330771813400010828e-01 5.762825349516422779e-01 5.162745709293210528e-01 2.853436090461912711e-01 3.568716942961452365e-01
8.633708084221798362e-01 7.095276337294175173e-01 6.438559036734188279e-01 3.156260335760274205e-01 1.025363205539402189e+00 9.001509236304504613e-01 5.748673022317016823e-01 2.818534211266345291e-01 2.801385345828532047e-01 2.460659244358122943e-01 6.613774222633302946e-01 2.494628984431755681e-01 5.570756309185677102e-01 5.816181551363357460e-01 2.468386981762064614e-01 5.196801960345723836e-01 9.638890577642620361e-01 7.257504219089012665e-01 3.128062594106859606e-01 0.000000000000000000e+00 4.869462468317801163e-01 7.153952000747443307e-01 5.095676253439834769e-01 4.271935540093877437e-01 8.246145372909371440e-01 8.338982831418472186e-01 3.913136457194634765e-01 1.940573042008164606e-01 3.964442216022816545e-01 3.396881570294900676e-01 1.786156750738792376e-01 5.349831905568178669e-01 1.750470226982983879e-01 7.485248330675032813e-01 3.930317988419099184e-01 9.509082290475039390e-01 4.298614212142496949e-01 4.963137692774802767e-01 1.626646525803611132e-01 1.609789620707596514e-01 9.202180089571857513e-01 6.744054085154754796e-01 2.525073765310478779e-01 5.412748155421631679e-01 1.499908151927351052e-01 4.549753700992161254e-01 8.085583178561286388e-01 6.125914688475232461e-01 1.558449430156043924e-01 2.012728294978771426e-01
1.221945808820251944e+00 2.345392381614765098e-01 1.118976869043790678e+00 7.022092665647555743e-01 1.333656550539978225e+00 1.278163813442054320e+00 8.585215126663806595e-01 6.383189068893474483e-01 2.340476233964006725e-01 7.250596456846053472e-01 9.619482804075768501e-01 6.570467633874113034e-01 9.833832245506014536e-01 9.596310449479399374e-01 5.095617534868762677e-01 7.918615070913629372e-01 1.304525528898517583e+00 1.024846703990628827e+00 7.492037749607495245e-01 4.869462468317801163e-01 0.000000000000000000e+00 9.949140512441676520e-01 8.516626519728720535e-01 9.016624762182983144e-01 1.191323716577033176e+00 1.144975923440518351e+00 6.668520935954153073e-01 4.183207767917936915e-01 8.366083586163540753e-01 6.175640318380962723e-01 5.371317058986525561e-01 9.795520860024858889e-01 6.528804313170025742e-01 1.126537722879107140e+00 8.075550216678207827e-01 1.309483229445575381e+00 6.879419801117973021e-01 7.951438424148602468e-01 6.072335480260289131e-01 5.539717899945633128e-01 1.262641969576711931e+00 1.032980408913547032e+00 5.526251737711340706e-01 9.182926041705256059e-01 3.545139461056644459e-01 7.971778807563769664e-01 1.148389605203794295e+00 8.969652430945534993e-01 6.099918366490958421e-01 5.011696914461243324e-01
4.592659045476635837e-01 1.215375987590601836e+00 1.200411284574907533e+00 8.750786131542875879e-01 7.955555944300582993e-01 8.341208356790387191e-01 2.250456746066917812e-01 5.640140541464102597e-01 7.976804489988233993e-01 7.924689697647400166e-01 4.140643086225578862e-01 5.250619723050259369e-01 2.349053800097835598e-01 5.490214999719165156e-01 5.030620031391180857e-01 2.579130623511181053e-01 4.946316427063366383e-01 2.184095399279070426e-01 4.273664543881499078e-01 7.153952000747443307e-01 9.949140512441676520e-01 0.000000000000000000e+00 3.843341917704415356e-01 9.927864729451050252e-01 3.366767296286823918e-01 6.100649515261465927e-01 3.962291356340678639e-01 6.828770060036954970e-01 3.398190307189764003e-01 4.133064127529154641e-01 6.779956339784301012e-01 1.804120095179265193e-01 7.064752883768967706e-01 6.872836612119639366e-01 3.960872962128626495e-01 4.947752319685732592e-01 3.185754420164451650e-01 3.782178869415913081e-01 5.790309619987149548e-01 7.165352069534568491e-01 4.815484822974920864e-01 3.093914463313214291e-01 5.456131022544703502e-01 4.063959612728701432e-01 6.431234633014286661e-01 3.625544153328069119e-01 3.435370571798065931e-01 2.669497462914346420e-01 6.879325497102495302e-01 5.564729643253873981e-01
3.769466171182486169e-01 1.073214811124252988e+00 1.017957142645071311e+00 8.207093884636221803e-01 5.900583616786309049e-01 5.496967553239997528e-01 5.513042070901077452e-01 2.288107860793674730e-01 6.595017842913746264e-01 6.213488313271517960e-01 2.200374956519726977e-01 5.739141407088973468e-01 2.103979238668393092e-01 2.383713291369346787e-01 4.581656566775078598e-01 3.123674032837143177e-01 4.610517329804329489e-01 2.184186162383357499e-01 3.421765661366104050e-01 5.095676253439834769e-01 8.516626519728720535e-01 3.843341917704415356e-01 0.000000000000000000e+00 8.006427498195789472e-01 3.463245248750301819e-01 4.034747390446605797e-01 5.888973622300226474e-01 6.142116706707496654e-01 5.119148933141144386e-01 2.859702350313284014e-01 4.053064181361060170e-01 3.970823979022809480e-01 5.634658851098520715e-01 4.045918498694402454e-01 1.651116750455446647e-01 4.644840377435726642e-01 4.386806618840234373e-01 1.628176623221162800e-01 3.892009368996049434e-01 6.660623169583546055e-01 4.191681736586277962e-01 1.879812172115442881e-01 5.957554094374669651e-01 1.500540423237103349e-01 5.011134363530735936e-01 6.465305596442321168e-01 3.049158092857096602e-01 1.740980047927106200e-01 4.981587812140294558e-01 3.512533077212705024e-01
1.154445932897775196e+00 1.123722785755717268e+00 2.174551664000728968e-01 7.032991655669392772e-01 1.338315987693729836e+00 1.191226048106045710e+00 8.742462324011670560e-01 5.907869596209449625e-01 7.054369673639829807e-01 2.082881091507297056e-01 9.743302044176581633e-01 5.667065438509093500e-01 8.362996740063783907e-01 8.726932796119311053e-01 6.441217077605621011e-01 8.691402343190817170e-01 1.254964182239857395e+00 1.016825546384496848e+00 5.901975322810466551e-01 4.271935540093877437e-01 9.016624762182983144e-01 9.927864729451050252e-01 8.006427498195789472e-01 0.000000000000000000e+00 1.104293531254820548e+00 1.146851065296174976e+00 7.854475366821732640e-01 5.948343244726742585e-01 6.694352031464378960e-01 7.115883293715137281e-01 5.268029052263205614e-01 8.123744634271785614e-01 3.747113594870961073e-01 1.039599957543098530e+00 6.818099113334228356e-01 1.241983353523099298e+00 8.271444307986053346e-01 8.128707035740445619e-01 4.418886956681716272e-01 5.463885214367176779e-01 1.211293133432780555e+00 9.654805329910709499e-01 6.473027267031614684e-01 8.323499400177586383e-01 5.619654701494685156e-01 7.753634589253561860e-01 1.099633442331723998e+00 9.382202350400197233e-01 3.073737048037908925e-01 5.754472587154527696e-01
2.072446054626911893e-01 1.412875875728414998e+00 1.320077543814237364e+00 1.089303900563365346e+00 8.393765029197761685e-01 8.110566363544433610e-01 5.608126799502947124e-01 5.590433563533232508e-01 1.001120294398024413e+00 9.163157035451051646e-01 4.581201354653166025e-01 7.697579831260039640e-01 2.683659742792649516e-01 5.198916523501218023e-01 7.303465751386879479e-01 4.339878010553480658e-01 1.980229103851780526e-01 1.977488270165119189e-01 5.276644271456735202e-01 8.246145372909371440e-01 1.191323716577033176e+00 3.366767296286823918e-01 3.463245248750301819e-01 1.104293531254820548e+00 0.000000000000000000e+00 6.534027156180594043e-01 7.093898541752170495e-01 9.387299443070702409e-01 6.083821669652726971e-01 5.952494572517079696e-01 7.411727356935932098e-01 4.014128670763374429e-01 8.373971748519093428e-01 6.642194618873685785e-01 4.333833776675830030e-01 1.641943699710131099e-01 5.811924706555156028e-01 4.725900534279639520e-01 6.669974273552992106e-01 9.323932564331437467e-01 2.645786350056033576e-01 1.639039258484928929e-01 8.423699441317343828e-01 3.838557920046154481e-01 8.409605009384613084e-01 6.806042293441407764e-01 1.471710831173607403e-01 3.395229668106046206e-01 7.994396080199652754e-01 6.975778325963006843e-01
6.751233307669057826e-01 1.365918884915370501e+00 1.364165458121668006e+00 1.135738144899737900e+00 1.952286638755786896e-01 9.531714943686604435e-01 7.549472488580039053e-01 5.560641056752303468e-01 9.520547085644978091e-01 9.702482347624823422e-01 2.017558721444943914e-01 9.567841754932571163e-01 5.633704832225397974e-01 6.418460681815953972e-01 7.153585483187817617e-01 4.898231600944938369e-01 7.478340825487707066e-01 4.637791941977050247e-01 7.422172466973011584e-01 8.338982831418472186e-01 1.144975923440518351e+00 6.100649515261465927e-01 4.034747390446605797e-01 1.146851065296174976e+00 6.534027156180594043e-01 0.000000000000000000e+00 8.172408089500079464e-01 8.963183432753595303e-01 9.153896323587751294e-01 5.469554449993495604e-01 7.235598867694688074e-01 7.352391607767202464e-01 9.236614755078900174e-01 8.080665889141008806e-01 5.685864140902052721e-01 7.720127009529079709e-01 6.566363663411294294e-01 3.514343535111957850e-01 7.623612099112146989e-01 9.841225363015957406e-01 7.100440012678599366e-01 5.134628921273165503e-01 8.499536359047830114e-01 5.520896821702856450e-01 7.936663606261965542e-01 8.953752172378911522e-01 5.912906363446910341e-01 3.628997373609970656e-01 8.453761856427467469e-01 6.438926586729298851e-01
7.984469019684189428e-01 8.833869670679612707e-01 9.969789345722224194e-01 4.855008538204641511e-01 1.004669165755630589e+00 1.074974943224424440e+00 1.916694190709654355e-01 4.868620871493294366e-01 4.493072479336726044e-01 5.846057310015100317e-01 6.225544969810913321e-01 2.226442567182674304e-01 5.546472166742765220e-01 7.564421747303098353e-01 1.969952230330395127e-01 3.285430755703511729e-01 8.399610900243599243e-01 5.395538829467890762e-01 4.312741213730261758e-01 3.913136457194634765e-01 6.668520935954153073e-01 3.962291356340678639e-01 5.888973622300226474e-01 7.854475366821732640e-01 7.093898541752170495e-01 8.172408089500079464e-01 0.000000000000000000e+00 2.949915328590553831e-01 2.794584085417984309e-01 3.223602739534473516e-01 4.399315679978216265e-01 3.675474258518570680e-01 4.161518821030488202e-01 9.233488526614772596e-01 6.131828610780516442e-01 8.697721138937577479e-01 1.628431207682115023e-01 4.795931106712100767e-01 4.096124102157412405e-01 3.366600232781021829e-01 8.177391425597700936e-01 6.629978796424217391e-01 1.503431494962446657e-01 7.063976960518282278e-01 3.139232816057799247e-01 1.488434989496882077e-01 6.862981192806462127e-01 4.693948933799125256e-01 5.012972344923513068e-01 3.372358918175397124e-01
9.842173520358860062e-01 6.402570935955067544e-01 8.114966741367055647e-01 3.118418865259852679e-01 1.084762401493736261e+00 1.054178476629639372e+00 4.866609519300208464e-01 4.143335700769322782e-01 1.882243421863426247e-01 4.137066948990989479e-01 7.126800752144012430e-01 2.566337834094001846e-01 7.397380640558917086e-01 7.356457081355247674e-01 2.083833691683824874e-01 5.103132082312121787e-01 1.051366995742908594e+00 7.507631592078946037e-01 4.804396111894833621e-01 1.940573042008164606e-01 4.183207767917936915e-01 6.828770060036954970e-01 6.142116706707496654e-01 5.948343244726742585e-01 9.387299443070702409e-01 8.963183432753595303e-01 2.949915328590553831e-01 0.000000000000000000e+00 4.201664997509083621e-01 3.541638696769620620e-01 3.261335295408062107e-01 6.273418887117239162e-01 2.808463894374111924e-01 9.025523860666921916e-01 5.830023480702480887e-01 1.077066420412157388e+00 3.796046710709054528e-01 5.462496933686182832e-01 3.509639051138409016e-01 1.660828587971888703e-01 1.020459472398919543e+00 8.005635998801289288e-01 1.500895570013781599e-01 6.943072673581102139e-01 1.635863852358240833e-01 3.982606425005151274e-01 8.976220561945015275e-01 6.356345352744623423e-01 3.406932421340124195e-01 2.647073747451425541e-01
6.969126720199430025e-01 1.059763549470411403e+00 8.780400913393155982e-01 5.352595824353112430e-01 1.101973254992745455e+00 8.693662266120921744e-01 2.048110292547291877e-01 4.316399270695769341e-01 6.077536340919632574e-01 4.656668877686032104e-01 7.252475439717515071e-01 1.852429415860494255e-01 3.561558276686672131e-01 5.554494403855366746e-01 4.419689218848454892e-01 4.774548741736470703e-01 7.840867615000532975e-01 5.306452085838423427e-01 1.857111011468058070e-01 3.964442216022816545e-01 8.366083586163540753e-01 3.398190307189764003e-01 5.119148933141144386e-01 6.694352031464378960e-01 6.083821669652726971e-01 9.153896323587751294e-01 2.794584085417984309e-01 4.201664997509083621e-01 0.000000000000000000e+00 5.919655035017274969e-01 4.548757904065933722e-01 2.118535131160811658e-01 3.666562576579203703e-01 7.177401360491448834e-01 3.540760990412864517e-01 7.587591380001844632e-01 3.944857220462660852e-01 6.149052491987152536e-01 2.600799835262521120e-01 3.767161762344805043e-01 7.745460544123040636e-01 5.185761767972904002e-01 2.993165608047365644e-01 4.749922986902794242e-01 4.981259487872723435e-01 1.473660801931953035e-01 6.365346292946184592e-01 5.771362288901046300e-01 3.689815712377869095e-01 5.054077260279961070e-01
6.476518971750914178e-01 8.380259681845304565e-01 9.289027221970066472e-01 6.208075851999685923e-01 7.353995032177266244e-01 7.639415978587532630e-01 4.049537803005981429e-01 2.000929272051506502e-01 4.226700730907969605e-01 5.349854988378209830e-01 3.619191801808996911e-01 4.787863985698047053e-01 4.951894777842414386e-01 4.454088293646383812e-01 1.802621734149713884e-01 1.801540339930646217e-01 7.058847036307906997e-01 4.072826721525324434e-01 4.291502212479693656e-01 3.396881570294900676e-01 6.175640318380962723e-01 4.133064127529154641e-01 2.859702350313284014e-01 7.115883293715137281e-01 5.952494572517079696e-01 5.469554449993495604e-01 3.223602739534473516e-01 3.541638696769620620e-01 5.919655035017274969e-01 0.000000000000000000e+00 2.646892212255147481e-01 5.414420839640932126e-01 4.908581713639445510e-01 6.123155072958059719e-01 3.511638178695810075e-01 7.488249847727360686e-01 2.047191350170055602e-01 1.955210914881537476e-01 3.655575278113284421e-01 4.691919766018265436e-01 6.759825486832318209e-01 4.723221642407077203e-01 3.148572610009728323e-01 3.993155769333066596e-01 2.657734438953573974e-01 4.676834294713365092e-01 5.521397640823832997e-01 2.814706655975002247e-01 4.125728814988010584e-01 1.431665515724720172e-01
7.717948279368115339e-01 7.586838650500337122e-01 7.441172980518134805e-01 4.924504049614859547e-01 9.150248091670242223e-01 8.215915760325307460e-01 6.205081785441936004e-01 1.870412330863452377e-01 3.480907600898039966e-01 3.502000746926278718e-01 5.497155437103975473e-01 3.690667944305941472e-01 5.154728298361261896e-01 5.030588075384159197e-01 2.479692811077859327e-01 4.302837390439732124e-01 8.663581511165390214e-01 6.235752701072541093e-01 3.396061726025102478e-01 1.786156750738792376e-01 5.371317058986525561e-01 6.779956339784301012e-01 4.053064181361060170e-01 5.268029052263205614e-01 7.411727356935932098e-01 7.235598867694688074e-01 4.399315679978216265e-01 3.261335295408062107e-01 4.548757904065933722e-01 2.646892212255147481e-01 0.000000000000000000e+00 5.858794546566610251e-01 3.162961582661455440e-01 6.699654854695833439e-01 3.396446269533454632e-01 8.593322485621356366e-01 4.268398671985259574e-01 3.801407562804209328e-01 2.199491569998973661e-01 3.395946371446388334e-01 8.244745917947340352e-01 5.828294280301072883e-01 3.434169866736102583e-01 4.617203667610015883e-01 1.886482612056364916e-01 5.690055212830629205e-01 7.102222274218159548e-01 5.054902877463961497e-01 2.281948610287629076e-01 1.365945367899049356e-01
4.980181518809066454e-01 1.201612395539904732e+00 1.019999275056980848e+00 7.471130955513926031e-01 9.207298036806322861e-01 7.739980418983206656e-01 1.758780067808916325e-01 4.442322792020120814e-01 7.892457333898651450e-01 6.120569602468134418e-01 5.392385178731318174e-01 3.970964547021306190e-01 1.870997908224194817e-01 4.662261144994976902e-01 5.402918306839955553e-01 3.866031885679210855e-01 5.722332483839721595e-01 3.187916954677610937e-01 2.474220105418973581e-01 5.349831905568178669e-01 9.795520860024858889e-01 1.804120095179265193e-01 3.970823979022809480e-01 8.123744634271785614e-01 4.014128670763374429e-01 7.352391607767202464e-01 3.675474258518570680e-01 6.273418887117239162e-01 2.118535131160811658e-01 5.414420839640932126e-01 5.858794546566610251e-01 0.000000000000000000e+00 5.319096788523675068e-01 6.239521639062166614e-01 2.721996552639299738e-01 5.542297546581163026e-01 3.675583505425944475e-01 5.223338300526694233e-01 3.986189524807882689e-01 5.885696893505618643e-01 5.626925412962225925e-01 3.302144111367880108e-01 5.009764009385767602e-01 3.604347929465337996e-01 6.398550799336564232e-01 2.791913622678032225e-01 4.246811161785373212e-01 4.001012670937925120e-01 5.075205401923231774e-01 5.894108353033193914e-01
