0.000000000000000000e+00 1.043982376272592605e+00 9.015244598605119952e-01 9.917692932229739133e-01 6.994812895495239324e-01 6.406671817869130647e-01 5.323065154273255439e-01 4.643086946953767224e-01 4.971960631755465432e-01 3.666662642254582827e-01 6.466573906793453563e-01 4.086655114282111700e-01 6.940291900923396540e-01 2.875999056375621588e-01 7.929594926268208610e-01 4.479196003235710322e-01 2.430070422222339044e-01 9.554869722533738674e-01 2.324848276933902946e-01 6.516009805399424204e-01 2.256178786251525903e-01 4.395847747496530178e-01 3.895879063714705604e-01 4.783248749552839740e-01 7.703181900676316918e-01
1.043982376272592605e+00 0.000000000000000000e+00 9.040165841358497323e-01 8.331276598410453094e-01 1.183732780447175559e+00 1.233411017295561685e+00 5.345988719553897983e-01 1.470567886538847846e+00 7.402156991659031293e-01 8.575734598058297742e-01 5.651766357709281374e-01 8.880993273018283896e-01 5.818005606566721832e-01 7.604274091947077485e-01 2.831076664372634277e-01 6.595756831378445373e-01 1.264664244120649483e+00 8.677966672363724987e-01 8.951009489040896439e-01 7.806382049537066159e-01 8.818774048362629792e-01 1.054531051453018176e+00 7.047099920132807727e-01 5.962181387251633824e-01 6.887824265414430602e-01
9.015244598605119952e-01 9.040165841358497323e-01 0.000000000000000000e+00 9.042274751443127867e-01 1.310782590370007883e+00 1.312645826991007736e+00 6.926585773669233781e-01 1.359921467548106166e+00 4.401477105420565916e-01 9.220891278853958761e-01 3.706955501786091678e-01 9.989383158207010283e-01 6.144996153966459929e-01 6.655021194937918994e-01 6.255636194847432607e-01 6.773399736822095507e-01 1.143337461312228243e+00 2.385782190687009974e-01 9.432549452456662209e-01 2.540017088260906331e-01 7.651656416319053688e-01 1.141341293975859594e+00 8.816126322907276158e-01 5.293300867368886387e-01 2.252337736204775842e-01
9.917692932229739133e-01 8.331276598410453094e-01 9.042274751443127867e-01 0.000000000000000000e+00 1.185428282361887797e+00 1.183141319350819565e+00 5.763590536611121751e-01 1.441696973751008359e+00 6.109912112314741517e-01 7.959027826610288736e-01 6.468284891945275117e-01 8.922613688118902209e-01 3.100487482083691959e-01 8.319945599750372400e-01 5.724341906371077648e-01 5.509666838430676838e-01 1.226455195246429097e+00 8.711150064999670928e-01 9.152152443720587005e-01 7.910441137592165717e-01 7.714985930021202032e-01 1.004349205509225573e+00 6.903291039248067307e-01 6.701423150817487073e-01 6.802412162447624144e-01
6.994812895495239324e-01 1.183732780447175559e+00 1.310782590370007883e+00 1.185428282361887797e+00 0.000000000000000000e+00 9.017782705071666349e-01 6.685095579005556621e-01 1.098220616740151145e+00 9.507553248076079377e-01 5.850407101202169668e-01 9.860997295410804941e-01 3.220780295843209684e-01 9.165634212653652746e-01 6.667465307756322845e-01 9.412042935337698868e-01 7.365892019344599806e-01 8.853630222104368341e-01 1.326474995767496834e+00 5.293752452149262933e-01 1.070133890178974534e+00 7.140611178566435013e-01 7.169659303411386464e-01 4.980716172552995813e-01 7.873535169781559206e-01 1.144843670936005697e+00
6.406671817869130647e-01 1.233411017295561685e+00 1.312645826991007736e+00 1.183141319350819565e+00 9.017782705071666349e-01 0.000000000000000000e+00 7.408330029540053374e-01 1.051267955117327846e+00 8.838000669519022745e-01 3.905832359951929567e-01 1.084174658551671611e+00 6.237094874237584241e-01 9.028644643195452568e-01 7.798958481732554127e-01 9.868426623662832631e-01 6.662855754667821317e-01 8.364255445297479330e-01 1.343582909606411357e+00 6.373282316058640484e-01 1.090106711081509250e+00 6.037686628314542503e-01 2.143940210599600826e-01 5.500484931996573179e-01 9.005028343757790488e-01 1.143171644048679880e+00
5.323065154273255439e-01 5.345988719553897983e-01 6.926585773669233781e-01 5.763590536611121751e-01 6.685095579005556621e-01 7.408330029540053374e-01 0.000000000000000000e+00 9.588920256935806741e-01 4.463835749718734203e-01 3.823069599006465036e-01 3.433416555976665507e-01 3.635041453799149336e-01 3.162894511357193794e-01 2.854358387251451634e-01 3.010767499279009551e-01 2.646664409952730890e-01 7.529883832753827555e-01 6.924379697616583895e-01 3.704760551674867730e-01 5.044269792128230900e-01 4.588788825561065376e-01 5.607607343787663901e-01 1.990339496223781091e-01 1.996036672208087726e-01 5.086610192370413230e-01
4.643086946953767224e-01 1.470567886538847846e+00 1.359921467548106166e+00 1.441696973751008359e+00 1.098220616740151145e+00 1.051267955117327846e+00 9.588920256935806741e-01 0.000000000000000000e+00 9.539710020511571464e-01 7.751863024906383570e-01 1.090987488521264481e+00 8.046922910175988708e-01 1.145843956493626026e+00 7.243688050784506949e-01 1.221456116678683479e+00 8.925001024473064870e-01 2.392538498887069043e-01 1.417296777596503077e+00 6.329548473203081560e-01 1.108819877406378662e+00 6.701983807488878231e-01 8.501855480800677434e-01 7.925708504962868384e-01 9.155821512649811034e-01 1.233580194150770915e+00
4.971960631755465432e-01 7.402156991659031293e-01 4.401477105420565916e-01 6.109912112314741517e-01 9.507553248076079377e-01 8.838000669519022745e-01 4.463835749718734203e-01 9.539710020511571464e-01 0.000000000000000000e+00 4.932433678462899707e-01 3.345297930550714116e-01 6.389110502583003059e-01 3.058822313134004212e-01 2.958770529245903780e-01 4.859285447121908241e-01 2.512822155266837276e-01 7.336718932193317944e-01 4.755445900285046879e-01 5.789799547139965474e-01 2.295038780578326776e-01 3.366218219734164463e-01 7.124955339367543550e-01 4.995162994999652883e-01 2.695124725035341617e-01 2.854624521479724453e-01
3.666662642254582827e-01 8.575734598058297742e-01 9.220891278853958761e-01 7.959027826610288736e-01 5.850407101202169668e-01 3.905832359951929567e-01 3.823069599006465036e-01 7.751863024906383570e-01 4.932433678462899707e-01 0.000000000000000000e+00 7.202664368833272546e-01 3.122525502299923206e-01 5.156259276297538996e-01 4.247441519342214922e-01 6.110051048765509085e-01 2.757023394715890641e-01 5.605181983336631202e-01 9.530262105007989426e-01 3.421979007030278019e-01 6.995500119758966129e-01 2.303157560045924757e-01 2.203084031078181848e-01 1.915224501462984841e-01 5.453511381367452948e-01 7.526149449430674654e-01
6.466573906793453563e-01 5.651766357709281374e-01 3.706955501786091678e-01 6.468284891945275117e-01 9.860997295410804941e-01 1.084174658551671611e+00 3.433416555976665507e-01 1.090987488521264481e+00 3.345297930550714116e-01 7.202664368833272546e-01 0.000000000000000000e+00 6.768778061964411119e-01 3.605748754910896303e-01 3.666186834428136199e-01 2.869450894851427458e-01 4.938288933052502605e-01 8.850838461030665627e-01 3.582053569877454713e-01 6.211944356214063045e-01 2.223975944071658606e-01 5.514246037477935625e-01 9.041023899764327743e-01 5.423756052200446875e-01 2.013685637675923512e-01 1.897426828319069281e-01
4.086655114282111700e-01 8.880993273018283896e-01 9.989383158207010283e-01 8.922613688118902209e-01 3.220780295843209684e-01 6.237094874237584241e-01 3.635041453799149336e-01 8.046922910175988708e-01 6.389110502583003059e-01 3.122525502299923206e-01 6.768778061964411119e-01 0.000000000000000000e+00 6.233965077153674761e-01 3.538476369599450333e-01 6.455708403884227176e-01 4.485213363480919369e-01 5.922894669973630677e-01 1.014630721218189757e+00 2.266239527583967794e-01 7.582896156296674572e-01 4.279827343070189971e-01 4.388971472577306021e-01 2.024381641099520790e-01 4.755092424288487329e-01 8.492102177906584171e-01
6.940291900923396540e-01 5.818005606566721832e-01 6.144996153966459929e-01 3.100487482083691959e-01 9.165634212653652746e-01 9.028644643195452568e-01 3.162894511357193794e-01 1.145843956493626026e+00 3.058822313134004212e-01 5.156259276297538996e-01 3.605748754910896303e-01 6.233965077153674761e-01 0.000000000000000000e+00 5.423092121180506098e-01 3.196267006707455560e-01 2.651712834322622614e-01 9.298874330867841209e-01 5.813871467523004100e-01 6.551456418466660159e-01 4.935323798272271412e-01 4.758216163810472521e-01 7.256698180280277688e-01 4.214642428282838194e-01 4.230392032445761674e-01 3.905133564970956206e-01
2.875999056375621588e-01 7.604274091947077485e-01 6.655021194937918994e-01 8.319945599750372400e-01 6.667465307756322845e-01 7.798958481732554127e-01 2.854358387251451634e-01 7.243688050784506949e-01 2.958770529245903780e-01 4.247441519342214922e-01 3.666186834428136199e-01 3.538476369599450333e-01 5.423092121180506098e-01 0.000000000000000000e+00 5.053595869892586467e-01 3.333684956181514614e-01 5.184651626602528873e-01 7.040720121038760437e-01 2.862399539952920069e-01 4.152556182959574738e-01 2.540939642392329167e-01 5.998235795980164653e-01 2.538669158104209234e-01 1.912133461865301864e-01 5.464860237365358753e-01
7.929594926268208610e-01 2.831076664372634277e-01 6.255636194847432607e-01 5.724341906371077648e-01 9.412042935337698868e-01 9.868426623662832631e-01 3.010767499279009551e-01 1.221456116678683479e+00 4.859285447121908241e-01 6.110051048765509085e-01 2.869450894851427458e-01 6.455708403884227176e-01 3.196267006707455560e-01 5.053595869892586467e-01 0.000000000000000000e+00 4.052885286841324541e-01 1.015552474260485338e+00 5.893437025852661382e-01 6.592959323814661099e-01 5.021852403026005884e-01 6.275902503825508960e-01 8.079626965237395320e-01 4.591133622140615711e-01 3.383053645060705716e-01 4.103294618903370328e-01
4.479196003235710322e-01 6.595756831378445373e-01 6.773399736822095507e-01 5.509666838430676838e-01 7.365892019344599806e-01 6.662855754667821317e-01 2.646664409952730890e-01 8.925001024473064870e-01 2.512822155266837276e-01 2.757023394715890641e-01 4.938288933052502605e-01 4.485213363480919369e-01 2.651712834322622614e-01 3.333684956181514614e-01 4.052885286841324541e-01 0.000000000000000000e+00 6.772583239427274471e-01 6.983308063358703022e-01 5.126276285267064026e-01 4.807860935845164607e-01 2.223017216984184141e-01 4.949545055620533374e-01 2.607505299946047961e-01 4.217806227031390409e-01 4.974356415458349168e-01
2.430070422222339044e-01 1.264664244120649483e+00 1.143337461312228243e+00 1.226455195246429097e+00 8.853630222104368341e-01 8.364255445297479330e-01 7.529883832753827555e-01 2.392538498887069043e-01 7.336718932193317944e-01 5.605181983336631202e-01 8.850838461030665627e-01 5.922894669973630677e-01 9.298874330867841209e-01 5.184651626602528873e-01 1.015552474260485338e+00 6.772583239427274471e-01 0.000000000000000000e+00 1.197299973705090670e+00 4.226256888294780967e-01 8.932036816211629260e-01 4.549566022443092828e-01 6.353431374924880526e-01 5.783043069002247183e-01 7.096785088467829627e-01 1.012131191519348272e+00
9.554869722533738674e-01 8.677966672363724987e-01 2.385782190687009974e-01 8.711150064999670928e-01 1.326474995767496834e+00 1.343582909606411357e+00 6.924379697616583895e-01 1.417296777596503077e+00 4.755445900285046879e-01 9.530262105007989426e-01 3.582053569877454713e-01 1.014630721218189757e+00 5.813871467523004100e-01 7.040720121038760437e-01 5.893437025852661382e-01 6.983308063358703022e-01 1.197299973705090670e+00 0.000000000000000000e+00 9.589473506431552829e-01 3.667087144227226814e-01 8.049007277134971883e-01 1.172278376591263438e+00 8.436318991949399715e-01 5.391214787893410243e-01 2.008951647900354687e-01
2.324848276933902946e-01 8.951009489040896439e-01 9.432549452456662209e-01 9.152152443720587005e-01 5.293752452149262933e-01 6.373282316058640484e-01 3.704760551674867730e-01 6.329548473203081560e-01 5.789799547139965474e-01 3.421979007030278019e-01 6.211944356214063045e-01 2.266239527583967794e-01 6.551456418466660159e-01 2.862399539952920069e-01 6.592959323814661099e-01 5.126276285267064026e-01 4.226256888294780967e-01 9.589473506431552829e-01 0.000000000000000000e+00 7.014955722912494807e-01 4.135219683033552474e-01 4.391097985421245076e-01 2.560675202441801135e-01 4.198258718538140366e-01 8.025555144866591828e-01
6.516009805399424204e-01 7.806382049537066159e-01 2.540017088260906331e-01 7.910441137592165717e-01 1.070133890178974534e+00 1.090106711081509250e+00 5.044269792128230900e-01 1.108819877406378662e+00 2.295038780578326776e-01 6.995500119758966129e-01 2.223975944071658606e-01 7.582896156296674572e-01 4.935323798272271412e-01 4.152556182959574738e-01 5.021852403026005884e-01 4.807860935845164607e-01 8.932036816211629260e-01 3.667087144227226814e-01 7.014955722912494807e-01 0.000000000000000000e+00 5.324314862726068354e-01 9.188021780663607752e-01 6.572542752137635613e-01 3.267277631547680361e-01 1.983285780174217638e-01
2.256178786251525903e-01 8.818774048362629792e-01 7.651656416319053688e-01 7.714985930021202032e-01 7.140611178566435013e-01 6.037686628314542503e-01 4.588788825561065376e-01 6.701983807488878231e-01 3.366218219734164463e-01 2.303157560045924757e-01 5.514246037477935625e-01 4.279827343070189971e-01 4.758216163810472521e-01 2.540939642392329167e-01 6.275902503825508960e-01 2.223017216984184141e-01 4.549566022443092828e-01 8.049007277134971883e-01 4.135219683033552474e-01 5.324314862726068354e-01 0.000000000000000000e+00 4.378951540965553835e-01 2.705044686426194001e-01 4.106642768233869090e-01 6.159550314141594152e-01
4.395847747496530178e-01 1.054531051453018176e+00 1.141341293975859594e+00 1.004349205509225573e+00 7.169659303411386464e-01 2.143940210599600826e-01 5.607607343787663901e-01 8.501855480800677434e-01 7.124955339367543550e-01 2.203084031078181848e-01 9.041023899764327743e-01 4.388971472577306021e-01 7.256698180280277688e-01 5.998235795980164653e-01 8.079626965237395320e-01 4.949545055620533374e-01 6.353431374924880526e-01 1.172278376591263438e+00 4.391097985421245076e-01 9.188021780663607752e-01 4.378951540965553835e-01 0.000000000000000000e+00 3.699762246244184261e-01 7.204305658005402124e-01 9.718671110335318497e-01
3.895879063714705604e-01 7.047099920132807727e-01 8.816126322907276158e-01 6.903291039248067307e-01 4.980716172552995813e-01 5.500484931996573179e-01 1.990339496223781091e-01 7.925708504962868384e-01 4.995162994999652883e-01 1.915224501462984841e-01 5.423756052200446875e-01 2.024381641099520790e-01 4.214642428282838194e-01 2.538669158104209234e-01 4.591133622140615711e-01 2.607505299946047961e-01 5.783043069002247183e-01 8.436318991949399715e-01 2.560675202441801135e-01 6.572542752137635613e-01 2.705044686426194001e-01 3.699762246244184261e-01 0.000000000000000000e+00 3.744739020129446150e-01 6.575928044309793385e-01
4.783248749552839740e-01 5.962181387251633824e-01 5.293300867368886387e-01 6.701423150817487073e-01 7.873535169781559206e-01 9.005028343757790488e-01 1.996036672208087726e-01 9.155821512649811034e-01 2.695124725035341617e-01 5.453511381367452948e-01 2.013685637675923512e-01 4.755092424288487329e-01 4.230392032445761674e-01 1.912133461865301864e-01 3.383053645060705716e-01 4.217806227031390409e-01 7.096785088467829627e-01 5.391214787893410243e-01 4.198258718538140366e-01 3.267277631547680361e-01 4.106642768233869090e-01 7.204305658005402124e-01 3.744739020129446150e-01 0.000000000000000000e+00 3.827296426328451462e-01
7.703181900676316918e-01 6.887824265414430602e-01 2.252337736204775842e-01 6.802412162447624144e-01 1.144843670936005697e+00 1.143171644048679880e+00 5.086610192370413230e-01 1.233580194150770915e+00 2.854624521479724453e-01 7.526149449430674654e-01 1.897426828319069281e-01 8.492102177906584171e-01 3.905133564970956206e-01 5.464860237365358753e-01 4.103294618903370328e-01 4.974356415458349168e-01 1.012131191519348272e+00 2.008951647900354687e-01 8.025555144866591828e-01 1.983285780174217638e-01 6.159550314141594152e-01 9.718671110335318497e-01 6.575928044309793385e-01 3.827296426328451462e-01 0.000000000000000000e+00
