0.000000000000000000e+00 3.114154277719459785e+01 2.100935315622281863e+01 2.040400070531718413e+01 1.643222437538054237e+01 1.513571186604150043e+01 1.549244353524650641e+01 1.218911097660744680e+01 2.153370533894811700e+01 1.210584171497149342e+01 1.145763008744573952e+01 2.278166854572299371e+01 2.651249219381042366e+01 2.164497935847262866e+01 1.443450685032960479e+01 8.931614990856498792e+00 1.944050696289714253e+01 2.404555348064620546e+01 1.189237156594136202e+01 7.868875552704500009e+00 1.364994476231060538e+01 2.393092858724597960e+01 7.276607357290989953e+00 7.082650813909650900e+00 2.803640757941288086e+01 2.207366964626665506e+01 2.095284888917609933e+01 1.515901300844975275e+01 6.532892769305060909e+00 6.437466295220117374e+00 2.123641268973997143e+01 2.609286922972692579e+01 1.135011033097686273e+01 2.546187736899567611e+01 1.454965538113149748e+01 1.586799541867166141e+01 1.578562926623277285e+01 1.820539075458430744e+01 1.688778120025061469e+01 2.809974311985334339e+01 1.657535058373859371e+01 1.920932809227267057e+01 1.660033813869691954e+01 1.846873622245652768e+01 1.921542016045636458e+01 2.018064749690530846e+01 2.623846315470838420e+01 1.729831681695418766e+01 1.273051513730199424e+01 1.088104301973330301e+01 1.092506456703711493e+01 2.254398127437850974e+01 1.315473886400794079e+01 4.501220813078284699e+00 4.770244030028590210e+00 4.767326245045000022e+00 1.729430555144269022e+01 7.771369585552736048e+00 1.540169664073365929e+01 1.098112876672278126e+01 2.592013879560294853e+01 1.063785315815536237e+01 2.077075649613966135e+01 2.466708729051294924e+01 8.440409620530333612e+00 1.749617616111609308e+01 2.797368202984234742e+01 1.073980361668220596e+01 2.407704275723193987e+01 2.605676677550987819e+01 2.098852488732380550e+01 1.311651836040240049e+01 2.257034872511858481e+01 4.145019803490116672e+00 8.437149268102260180e+00
3.114154277719459785e+01 0.000000000000000000e+00 3.028794052599881326e+01 2.037989249999565899e+01 1.635164345042907996e+01 1.796495971978158579e+01 2.039581214276127241e+01 3.135957728393272603e+01 1.171875805823131955e+01 3.049170762624193287e+01 2.715028162929309019e+01 1.235256306964108397e+01 1.070808166128689010e+01 1.054120975993545173e+01 2.117064397574049650e+01 2.272593010775526778e+01 2.072530016536287789e+01 8.168171215140974439e+00 2.215397512760568688e+01 3.379641746739911667e+01 2.455394277496272792e+01 1.698162307570543206e+01 2.475545065434463154e+01 3.348847539280620111e+01 7.006652421076172921e+00 1.402512841749626382e+01 1.191947842036952032e+01 1.701961406195081850e+01 2.666537345071974485e+01 2.770126407592649187e+01 1.305133917627241580e+01 6.282010038786379980e+00 2.376821201494322722e+01 6.187064129937281720e+00 2.701052533307620251e+01 1.575599062452293353e+01 2.164101552510379634e+01 1.468917621992365241e+01 2.926126751610627963e+01 5.410712813186634662e+00 2.316517531136758734e+01 2.640496131328011487e+01 1.910924505188352285e+01 1.327898856625532709e+01 1.625649811938354716e+01 1.170359738656677884e+01 5.187195366226609927e+00 1.747560278201282458e+01 1.902814329480139932e+01 2.165317197286762863e+01 2.207939117307262578e+01 1.499447006408044381e+01 1.833316928325208295e+01 2.897855609924652143e+01 3.477399112852815932e+01 2.692423860769217114e+01 1.619070089855641470e+01 2.556498614221088772e+01 2.445117517179465594e+01 2.582842327363028900e+01 6.519808822135612303e+00 2.504223913766518095e+01 1.220657862333216670e+01 1.061176530657367323e+01 3.130363800258605167e+01 2.273042909614205698e+01 4.373798688068469609e+00 2.711474613013660218e+01 7.956620225127554846e+00 1.108221319523344484e+01 1.101851886841455475e+01 2.005422442292923080e+01 8.897945921796944546e+00 2.830715863050592418e+01 3.032735259580510601e+01
2.100935315622281863e+01 3.028794052599881326e+01 0.000000000000000000e+00 3.415795570675148696e+01 1.628076895374901412e+01 1.923189522053837308e+01 2.639521823193351224e+01 1.275037909384512247e+01 3.273899705060561161e+01 1.155849596535421675e+01 2.319363524833383394e+01 2.101589893623037142e+01 2.825525784487050274e+01 2.659254320622606116e+01 9.902102613030493217e+00 1.845731536190004007e+01 2.729517759603298188e+01 2.319458145870871846e+01 2.745675318977947654e+01 1.919248302241243209e+01 8.704865976126779259e+00 2.828156795603970153e+01 1.424630695907628208e+01 1.809496237742145297e+01 3.403550858177764127e+01 3.404225839574528578e+01 2.193257195470413734e+01 2.255022223674918536e+01 2.232590611290347127e+01 1.514565014779530294e+01 1.727054681590252017e+01 2.425241550926400080e+01 1.964099455211278311e+01 3.217320182799879547e+01 6.870726095803431299e+00 2.713161614447185244e+01 2.843040311119857932e+01 1.783162022716131290e+01 5.433578434469144014e+00 2.887240685122383610e+01 2.477866081394239828e+01 5.313692433336394849e+00 1.145640345469259458e+01 2.122727976110448367e+01 2.395429639262638233e+01 2.879065451704126843e+01 2.788890632301563954e+01 3.162253316637151812e+01 1.442063405173577451e+01 2.373458146099493149e+01 1.380305586238160487e+01 2.988307856497577575e+01 1.790822337996872804e+01 1.706217067614793592e+01 2.042710630967851415e+01 1.903715975821329209e+01 1.454445033321290737e+01 1.857385262269254156e+01 2.706562928775551669e+01 2.514658044158434791e+01 3.596258714671266432e+01 1.099410014575477312e+01 1.911322719782355151e+01 3.671136089654807932e+01 1.567561043353357064e+01 8.004715413814261993e+00 2.615661223296907778e+01 1.102279203117560158e+01 2.443864111673125450e+01 3.204100253599077774e+01 2.086367391463734933e+01 2.668617818424488775e+01 2.484870892528318365e+01 1.934030958285584845e+01 1.413270228416624086e+01
2.040400070531718413e+01 2.037989249999565899e+01 3.415795570675148696e+01 0.000000000000000000e+00 2.429835606367332090e+01 1.545015811968843167e+01 1.447784048643807076e+01 2.791920621056226892e+01 1.198615698047899336e+01 2.755578115339623579e+01 1.167381654525849655e+01 2.065305101251235342e+01 1.070097560668527592e+01 2.004835684814591090e+01 2.464976504330947904e+01 1.711791670536893761e+01 8.648263002086912010e+00 2.623988061031938557e+01 8.621931972388676257e+00 2.681920528749960653e+01 2.685289495928617853e+01 9.494484115356309317e+00 2.029129584701760436e+01 2.575891051536217091e+01 1.364754372908172186e+01 6.974401341166256429e+00 1.428163860039316546e+01 1.600128305509214144e+01 1.478203851150370873e+01 2.217083916469935190e+01 2.368242470333372651e+01 2.043168548984534638e+01 1.626140151889730134e+01 1.861530568919598494e+01 2.836337152441440423e+01 1.049875180675202557e+01 5.985525474955943004e+00 1.938694564288663713e+01 3.155895797782908829e+01 1.594197318405762687e+01 1.276173405505883274e+01 3.180998862503469837e+01 2.658198358657761773e+01 2.185554320320311561e+01 1.086650087236779960e+01 1.530571493064428346e+01 2.376628646551074908e+01 5.642172220978647346e+00 2.013227521116360208e+01 1.312348781070649828e+01 2.188655180450229309e+01 6.021281982638951646e+00 1.977819313957668257e+01 2.127917417935434941e+01 2.479044030700480761e+01 1.826570244027126932e+01 2.165236921049810093e+01 1.569793732085262228e+01 1.012263065927985828e+01 1.058982598876932180e+01 1.617863085925182531e+01 2.435029343061984619e+01 2.685388822621518656e+01 1.093546375885339472e+01 2.536750540650115937e+01 2.807505571953027967e+01 2.350669621967711365e+01 2.545275872456212340e+01 1.636674998316176755e+01 9.427047208264017542e+00 1.811029892791755458e+01 1.291600674042661900e+01 2.381652900399556927e+01 1.788573595493755164e+01 2.527074365427208846e+01
1.643222437538054237e+01 1.635164345042907996e+01 1.628076895374901412e+01 2.429835606367332090e+01 0.000000000000000000e+00 1.523205806690517505e+01 1.473010667276328256e+01 1.514154093866425299e+01 1.982037744654476796e+01 2.091915079961277613e+01 2.141177353750194357e+01 1.217316320842340005e+01 2.119596977342621003e+01 1.065668965872902518e+01 1.065531831215425385e+01 8.514570173149305532e+00 2.288916078102220908e+01 8.329201066874752257e+00 1.619821827819475857e+01 1.773906287304712137e+01 8.757925611391128129e+00 2.235439890375458560e+01 1.763216714093409010e+01 2.330632838887809299e+01 2.297465331772835384e+01 2.471080833000640808e+01 1.553587236346790768e+01 9.162161780877092099e+00 1.572624009701018721e+01 1.150880074667008479e+01 6.134363402057491754e+00 1.239137298164532197e+01 1.940643924224968586e+01 1.600392516732261683e+01 1.600452201485553516e+01 1.514624765266760420e+01 2.153260779770376843e+01 1.161077943501705079e+01 1.413972856046109250e+01 1.838952044189473156e+01 2.243867714151575399e+01 1.253771147626808258e+01 5.302013027497562092e+00 5.269778151754305640e+00 1.869563438381024056e+01 1.436010936312407615e+01 1.200668668247600657e+01 1.974167908738803590e+01 1.254785024257536818e+01 1.227147114867511313e+01 5.987824301479703237e+00 2.395413625494057186e+01 4.520162924096633006e+00 2.082152415124467026e+01 1.942819949923068279e+01 1.192470029012959287e+01 8.258727671714293450e+00 1.951941644640306350e+01 2.355661085291927392e+01 1.784143169468141110e+01 1.996315593867732829e+01 1.595833386661458775e+01 4.595341082353803230e+00 2.442153942395244215e+01 1.519828535793281077e+01 9.574363805320331267e+00 1.208062674125328151e+01 1.090610330295987218e+01 1.478644011997469221e+01 2.486049000132789644e+01 1.299892012356608895e+01 1.542764327266016444e+01 8.638437485141949423e+00 1.746539286222999365e+01 2.183445767421101280e+01
1.513571186604150043e+01 1.796495971978158579e+01 1.923189522053837308e+01 1.545015811968843167e+01 1.523205806690517505e+01 0.000000000000000000e+00 2.432444629263010327e+01 2.407036854978689888e+01 2.252805054233550308e+01 1.554038925573871488e+01 1.139327484326368989e+01 1.099476660583493270e+01 1.137678032776892145e+01 2.493172916584752130e+01 9.671946111732111717e+00 2.007628078436191643e+01 8.214046392685052211e+00 1.707501176325207837e+01 1.751562374601953920e+01 2.270396905438329682e+01 1.638004441174579640e+01 1.015256192141418623e+01 9.106173683266511887e+00 1.745792844557747969e+01 1.814921422083636671e+01 1.530677175709478277e+01 6.644755199026725734e+00 2.367003893345893673e+01 1.315375017419237125e+01 2.094546687084962855e+01 1.108990232114161323e+01 1.269838134545303276e+01 5.998691663430651744e+00 2.389988006132270826e+01 1.402473957341434740e+01 2.321370425801405446e+01 1.246015109733452597e+01 6.246304069142908588e+00 1.976674934886227675e+01 1.393347251334012959e+01 7.417475410047595474e+00 1.686803985050281440e+01 1.164003481204573021e+01 2.035658271424407673e+01 5.505869510489049823e+00 2.783504442970579618e+01 2.066907263007532336e+01 1.849712472014730125e+01 4.967596715910237215e+00 1.981808919453165174e+01 1.736000426490166859e+01 1.168391547747994252e+01 1.902804007667848296e+01 1.277786690207172171e+01 1.852064211125948390e+01 1.670103247085558351e+01 6.973330395190881603e+00 8.873635991447653026e+00 9.408183460282309341e+00 1.472331706260323436e+01 2.200936129063857294e+01 1.081982961800358645e+01 1.547622990574650181e+01 1.908919347898106267e+01 2.335221740843936544e+01 1.313310694499839393e+01 1.649615970975941082e+01 2.035559606426787127e+01 1.015545759055741115e+01 1.487885881434049473e+01 7.757521863791101424e+00 2.189252595182242445e+01 2.094494378254204747e+01 1.185144003784123612e+01 1.496692245212344829e+01
1.549244353524650641e+01 2.039581214276127241e+01 2.639521823193351224e+01 1.447784048643807076e+01 1.473010667276328256e+01 2.432444629263010327e+01 0.000000000000000000e+00 2.043247803161638387e+01 1.172934073753495099e+01 2.561660465786465934e+01 1.572214080122214064e+01 2.663890124336222343e+01 2.162132484818620881e+01 1.191450241619005190e+01 2.316643119522195349e+01 8.696665544720142194e+00 1.858776011064657396e+01 1.894058068711810350e+01 7.945072191926397132e+00 2.092243569710275608e+01 1.769122221596166611e+01 2.154399263317178281e+01 1.925096698922853022e+01 2.231210920606980608e+01 1.844310316494042112e+01 1.475049044483498228e+01 2.620523307726494266e+01 6.428661695721502589e+00 1.118083987692950743e+01 1.546667104237547008e+01 2.078058133674683106e+01 2.499072674882465250e+01 1.972493640503596524e+01 1.446783170683816344e+01 2.702738076522680899e+01 5.768344011546274075e+00 1.328398657360235724e+01 2.592921349491619765e+01 2.294390251250189294e+01 2.364859493243409005e+01 1.879054689637143127e+01 2.310405724485753609e+01 1.785463459446176060e+01 1.228292184383246699e+01 2.267724036976101232e+01 9.186601834747806450e+00 1.688674745901500174e+01 9.781361202216602990e+00 2.230723533791672963e+01 4.867119707843245990e+00 1.272487906117777712e+01 1.782782495914823073e+01 1.020994374866665311e+01 1.844362484729451879e+01 1.976594278895083434e+01 1.209880272502572396e+01 2.174105866398267750e+01 1.557544720646212077e+01 1.668000633334960625e+01 1.141120177871230545e+01 1.580239213419357469e+01 2.311557854225067388e+01 1.721136815682740107e+01 1.541006473027803203e+01 1.866333728417727400e+01 2.084282067149154116e+01 2.135762280295262272e+01 1.750020242168624307e+01 2.765629583427474003e+01 1.869890718851365463e+01 2.722994986446417798e+01 4.246573352552938552e+00 1.512881641639382835e+01 1.454483520881111502e+01 2.282481375776185217e+01
1.218911097660744680e+01 3.135957728393272603e+01 1.275037909384512247e+01 2.791920621056226892e+01 1.514154093866425299e+01 2.407036854978689888e+01 2.043247803161638387e+01 0.000000000000000000e+00 2.727121765279164478e+01 2.144947409187914289e+01 2.201300501967282841e+01 2.288175380367908218e+01 3.214533695876314567e+01 2.344824486571095790e+01 1.530797433134969410e+01 1.176901058232986408e+01 2.926227739237317849e+01 2.341053814004699163e+01 1.976615097400931731e+01 7.831438682956225250e+00 7.819041127630597998e+00 3.232623065577691790e+01 1.946571833389843675e+01 1.608003352028749688e+01 3.411284992648226222e+01 2.899281951728867668e+01 2.584704832788408879e+01 1.807590382417851416e+01 1.634776684790750778e+01 6.142406193571427586e+00 1.844660624752719613e+01 2.561065926173134244e+01 2.264751384552827318e+01 2.872627926777902374e+01 1.575517820229055843e+01 2.154728296877230065e+01 2.429396356754368114e+01 2.158261118703938308e+01 7.399631536498315398e+00 3.046713486795314907e+01 2.728149783965514885e+01 1.151344323399177050e+01 1.273568101791387974e+01 1.896412841450117526e+01 2.855681952808480872e+01 2.401415021359200708e+01 2.708061177256339391e+01 2.399569772645795140e+01 1.996091368569648949e+01 1.629263403344626937e+01 9.387738311024614646e+00 3.098530102275542220e+01 1.401283399869717705e+01 1.590556100685056329e+01 1.174330838157032986e+01 1.063606355792797231e+01 1.739445635610586294e+01 1.874566774092919275e+01 2.588710089155505045e+01 2.000721712146058451e+01 3.120037650018680253e+01 1.911835251057519969e+01 1.932918387916182468e+01 3.109407748101156699e+01 4.472562418053421140e+00 1.139360269425146832e+01 2.698577859586425376e+01 4.373679007121264561e+00 2.610124460626549237e+01 3.316072394525883027e+01 2.394828730890304058e+01 1.907772793455336569e+01 2.324471276221423466e+01 1.517878280627543219e+01 1.805699870097126691e+01
2.153370533894811700e+01 1.171875805823131955e+01 3.273899705060561161e+01 1.198615698047899336e+01 1.982037744654476796e+01 2.252805054233550308e+01 1.172934073753495099e+01 2.727121765279164478e+01 0.000000000000000000e+00 3.111791684097402921e+01 1.811597641075786669e+01 2.260222694177871006e+01 1.326218195086966567e+01 1.041885917252241711e+01 2.944357811074837272e+01 1.553540516589540310e+01 1.638827002312860159e+01 1.700529434658508521e+01 1.088225891243988741e+01 2.740731590218684843e+01 2.419426069346533481e+01 1.634260841724132973e+01 2.455066911873325353e+01 2.816471444053314244e+01 7.079700239765333691e+00 7.221278785240719422e+00 1.923005748063421194e+01 1.089906767319850900e+01 1.658841822977181479e+01 2.210887743025190133e+01 2.373606084753351197e+01 1.759264428421043291e+01 2.389844960344045433e+01 6.629148708716988025e+00 3.235489979025038565e+01 6.129959975804177397e+00 1.312389919329601007e+01 2.437360916921629084e+01 2.951103543595279177e+01 1.191925419489914617e+01 1.991364389937879054e+01 2.944783606352963545e+01 2.410907096530555904e+01 1.548821344780700571e+01 1.785296711569096928e+01 5.775094229309514660e+00 1.182462933620610990e+01 6.458821490299852641e+00 2.718609824003386777e+01 1.298879777976774186e+01 1.922791753868144937e+01 1.188932515959120728e+01 1.554106652997896987e+01 2.415030227551156372e+01 2.582430315463401271e+01 1.838089247104903734e+01 2.665942706171402321e+01 2.074032115010718513e+01 1.744039605537170701e+01 1.494784489040608300e+01 5.198949236095707249e+00 2.844309756727425764e+01 1.991925133342183685e+01 4.601161977407677739e+00 2.530554367205370880e+01 2.711996758701795684e+01 1.563958051670253546e+01 2.433894204286151108e+01 1.649556572289688816e+01 9.419628868211139761e+00 2.079807318432449748e+01 1.096448741319623110e+01 1.380247240077300930e+01 2.023029132475312863e+01 2.856448456917956236e+01
1.210584171497149342e+01 3.049170762624193287e+01 1.155849596535421675e+01 2.755578115339623579e+01 2.091915079961277613e+01 1.554038925573871488e+01 2.561660465786465934e+01 2.144947409187914289e+01 3.111791684097402921e+01 0.000000000000000000e+00 1.659631336015146275e+01 2.138193113908014809e+01 2.667654445311331912e+01 3.118145870229079009e+01 1.046829398686637091e+01 2.042957951354647861e+01 2.219329218762655742e+01 2.607611220014851838e+01 2.109186713138963398e+01 1.544487344774012882e+01 1.649813979152999011e+01 2.553730049052608564e+01 7.523957075708116449e+00 7.809909158414058972e+00 3.272920208665079400e+01 3.006692468316518330e+01 2.057884484578190865e+01 2.620106181019730229e+01 1.464751859303159343e+01 1.820389198979277623e+01 1.920849880613920746e+01 2.491095782499866829e+01 1.434046510564465393e+01 3.547747372898074047e+01 5.802734625673187097e+00 2.574201141221825750e+01 2.183308122301621523e+01 1.711401194882230570e+01 1.569370814969344963e+01 2.762473085041912668e+01 1.949891047026240187e+01 1.243560454385018765e+01 1.570516869533640225e+01 2.600757280981468966e+01 2.039084534805868287e+01 3.049768114385533124e+01 3.102758929024030010e+01 2.654400047453312084e+01 1.149009149624554560e+01 2.110010380127442176e+01 2.080192471710326529e+01 2.644406840355034305e+01 2.423376729174548672e+01 7.669296380102735178e+00 1.084367277560065723e+01 1.660413379273463974e+01 1.500132218785238436e+01 1.197653073451017036e+01 2.068206183840625911e+01 1.773184975899824067e+01 3.522832409700433232e+01 5.580826450179085185e+00 2.266178842076433497e+01 3.384934640505146319e+01 1.769800476856883265e+01 1.299094780423236273e+01 2.800317939615614904e+01 1.924910054147979466e+01 2.337442039692317053e+01 3.023711489644901818e+01 2.003620689348662864e+01 2.318468431705698052e+01 2.839727014822396711e+01 1.125482638966584936e+01 3.818568810149009618e+00
1.145763008744573952e+01 2.715028162929309019e+01 2.319363524833383394e+01 1.167381654525849655e+01 2.141177353750194357e+01 1.139327484326368989e+01 1.572214080122214064e+01 2.201300501967282841e+01 1.811597641075786669e+01 1.659631336015146275e+01 0.000000000000000000e+00 2.117360598701835528e+01 1.716180451946183894e+01 2.305038670055146710e+01 1.449056875104739284e+01 1.289720336435263803e+01 8.290059718319627180e+00 2.714784142013582979e+01 7.979226279922567500e+00 1.872285352684502158e+01 2.172307770385203440e+01 1.504544044963650329e+01 9.326975388599938910e+00 1.547842781761033137e+01 2.065573979515252390e+01 1.486976823360814848e+01 1.660864470902525980e+01 1.742645849317252171e+01 6.217246754084670535e+00 1.599366647671903152e+01 2.063101958986077733e+01 2.351187004623239929e+01 5.974536189680477172e+00 2.442933272944908296e+01 1.739905106599676188e+01 1.421381312749669412e+01 5.848728265040201713e+00 1.658326997358455657e+01 2.533692470932976804e+01 2.242312992373415526e+01 5.374997019064564618e+00 2.134977658165614400e+01 1.893850075484316164e+01 2.260659146963084964e+01 1.158749644863116224e+01 1.950132944711799610e+01 2.788444997855361862e+01 1.192591031575319072e+01 1.142113933875859288e+01 1.167150773402080333e+01 1.680173942310813118e+01 1.243459369165806017e+01 1.741038754547012601e+01 1.082528053502765886e+01 1.553303230965897797e+01 1.138991396161059200e+01 1.625799859921612978e+01 4.747977190213505061e+00 4.221170483192428158e+00 4.336507074178511445e+00 2.297555341425013253e+01 1.338597297220219495e+01 2.491630027793592461e+01 1.897051547494816504e+01 1.850469059138979588e+01 1.848803759267716273e+01 2.745363275389808067e+01 1.990412946566720009e+01 2.020296028488862206e+01 1.625708870329297184e+01 1.901032503227208181e+01 1.327398030548101815e+01 2.631988082021728204e+01 7.732634471828180089e+00 1.432652264015545640e+01
2.278166854572299371e+01 1.235256306964108397e+01 2.101589893623037142e+01 2.065305101251235342e+01 1.217316320842340005e+01 1.099476660583493270e+01 2.663890124336222343e+01 2.288175380367908218e+01 2.260222694177871006e+01 2.138193113908014809e+01 2.117360598701835528e+01 0.000000000000000000e+00 1.217733714445777338e+01 1.797665052830445376e+01 1.183489310859096477e+01 1.902243813852285825e+01 1.677237907110388448e+01 1.008333544973364049e+01 2.634512874816908123e+01 2.757036987313940557e+01 1.531584178367109850e+01 1.379804441182401042e+01 1.602037135004443869e+01 2.472273016758835595e+01 1.610501932615960641e+01 1.892222383860043777e+01 6.517239734499473691e+00 2.021023954764071462e+01 2.105164654757115272e+01 2.119217955350745441e+01 6.183904270276348925e+00 6.424108138530731260e+00 1.573301450950546254e+01 1.793106237250955814e+01 1.766297825952070255e+01 2.638242551952886927e+01 2.106282836821533522e+01 5.591788507185429857e+00 2.000350988820267517e+01 1.068297274687955500e+01 1.778983474439728951e+01 1.713291972351167303e+01 1.014607278576520066e+01 1.435597939952975111e+01 1.174814775200120920e+01 2.293187625598875101e+01 1.383735171865820845e+01 2.336891856601200601e+01 1.023151602171620134e+01 2.421052266522943697e+01 1.586604223862113727e+01 1.503983925389399268e+01 1.664532881571941658e+01 2.034775444027248881e+01 2.614318946955412670e+01 2.223888683921117249e+01 6.862718233211237973e+00 1.694966852453594441e+01 1.967233354223067820e+01 2.367003989413180420e+01 1.775220632375823371e+01 1.580525291275732691e+01 9.452506190522464991e+00 1.936785775838917800e+01 2.420676344690063786e+01 1.345838750637361692e+01 9.856333274202819794e+00 1.891342006196595804e+01 6.192919765181290614e+00 1.584185737235945801e+01 3.951197477704242011e+00 2.719460072734262113e+01 1.395326746902360782e+01 1.969184101283096311e+01 2.146207930695133115e+01
2.651249219381042366e+01 1.070808166128689010e+01 2.825525784487050274e+01 1.070097560668527592e+01 2.119596977342621003e+01 1.137678032776892145e+01 2.162132484818620881e+01 3.214533695876314567e+01 1.326218195086966567e+01 2.667654445311331912e+01 1.716180451946183894e+01 1.217733714445777338e+01 0.000000000000000000e+00 2.032597776384389121e+01 1.851839713967034484e+01 2.491577962230671872e+01 1.065152503767678915e+01 1.600942606923697298e+01 1.646029035921133143e+01 3.371824271527585637e+01 2.447941008000935881e+01 7.319262492773725981e+00 2.048295401103543867e+01 2.883470877334640647e+01 7.053651281275018725e+00 6.883840705069817822e+00 6.525500926548682301e+00 2.255889694247432331e+01 2.121987611729518619e+01 2.988556994043526771e+01 1.520671083527915712e+01 9.963845700868501964e+00 1.607391530959174730e+01 1.465734141871764251e+01 2.408304581355216811e+01 1.663706536199425656e+01 1.165253841527253797e+01 1.203507930637523593e+01 2.801544166180428519e+01 5.366575905206342867e+00 1.452403296196569649e+01 2.514485149711328305e+01 1.940965594084926948e+01 2.267049518421708143e+01 7.750667575863104730e+00 1.866553027111774909e+01 1.572535983552198680e+01 1.198429050175874622e+01 1.529271675143099429e+01 2.092087537677610953e+01 2.502951813289901395e+01 4.878131821652988087e+00 2.566813538072221590e+01 2.415464722984064494e+01 2.989742243902841068e+01 2.565947957468535634e+01 1.494363349105614347e+01 2.007200707851222532e+01 1.447375360528573118e+01 1.670563254478046034e+01 1.153660421829586546e+01 2.138341089067204948e+01 1.802613982600332676e+01 8.813878731592097893e+00 3.282233522133318360e+01 2.146527960885971353e+01 1.281377897400947852e+01 2.817700321705002864e+01 6.638892290805340046e+00 3.930654533636947168e+00 9.747337150280607432e+00 2.018318510348339245e+01 1.918585750686827751e+01 2.309994364975349157e+01 2.634370277989237152e+01
2.164497935847262866e+01 1.054120975993545173e+01 2.659254320622606116e+01 2.004835684814591090e+01 1.065668965872902518e+01 2.493172916584752130e+01 1.191450241619005190e+01 2.344824486571095790e+01 1.041885917252241711e+01 3.118145870229079009e+01 2.305038670055146710e+01 1.797665052830445376e+01 2.032597776384389121e+01 0.000000000000000000e+00 2.090568149670246711e+01 1.291125327201434381e+01 2.577199359749926444e+01 8.226227240947523001e+00 1.520674263449282826e+01 2.488213196715706843e+01 1.885281211075447061e+01 2.666153052368705545e+01 2.639813078206265828e+01 2.861659719733122387e+01 1.385976967361119172e+01 1.754020089168641761e+01 2.003852505708307064e+01 6.485966350022871474e+00 1.832572881108053764e+01 1.887925055020980736e+01 1.463879577244204100e+01 1.337456591149543428e+01 2.687996909767876375e+01 5.855590264300580827e+00 2.646088599671799102e+01 9.730241892983979568e+00 2.031416735453343136e+01 2.056294174903008098e+01 2.438594216126061553e+01 1.557567961898427455e+01 2.602442222749872869e+01 2.287001304784748967e+01 1.575837700936002683e+01 5.545333847510899083e+00 2.524024984823503104e+01 5.195225142869166035e+00 5.514959962786059933e+00 1.457320738066824362e+01 2.263420074053795972e+01 1.240399656522906291e+01 1.432561403327303218e+01 2.227941257951864173e+01 9.461023441251747101e+00 2.517992618690025708e+01 2.573666721962056059e+01 1.715080799955793367e+01 1.823116107677493858e+01 2.273047989910494238e+01 2.391388166447688945e+01 1.875903455053849456e+01 9.894449961964298268e+00 2.620858901233026828e+01 1.011590606888688271e+01 1.437302917634533017e+01 2.242664481045997960e+01 1.992979626763631984e+01 9.544498174247658895e+00 1.996982204961963703e+01 1.681712620772914590e+01 1.822457679436756095e+01 1.781012885202467544e+01 1.274811950066993482e+01 4.356295221657553896e+00 2.143220177055431819e+01 2.949209414429050113e+01
1.443450685032960479e+01 2.117064397574049650e+01 9.902102613030493217e+00 2.464976504330947904e+01 1.065531831215425385e+01 9.671946111732111717e+00 2.316643119522195349e+01 1.530797433134969410e+01 2.944357811074837272e+01 1.046829398686637091e+01 1.449056875104739284e+01 1.183489310859096477e+01 1.851839713967034484e+01 2.090568149670246711e+01 0.000000000000000000e+00 1.522852832518847954e+01 1.773522848722672052e+01 1.569064403721446510e+01 2.023810417949167473e+01 2.058575847614500987e+01 7.803872278752404412e+00 1.854470725083954719e+01 7.294893519238263124e+00 1.534586095471982503e+01 2.429864787657748337e+01 2.448230928693902797e+01 1.219571124950397412e+01 1.861193366106742531e+01 1.392121003902066434e+01 1.444107063195211538e+01 8.823030643205150625e+00 1.512906734010990029e+01 1.084211202536384988e+01 2.562523877700607855e+01 6.125639334869666719e+00 2.383619720461459934e+01 1.975322518210247935e+01 8.164242987657612360e+00 1.084635595828238408e+01 1.913554614602367465e+01 1.587385031452886608e+01 7.658894451201487819e+00 5.441336207877880859e+00 1.574374032235617094e+01 1.433210161363862056e+01 2.463685678628927178e+01 2.067589394130498448e+01 2.561805415972722244e+01 4.933731706525149363e+00 2.050579442428336918e+01 1.053809222964475012e+01 2.014621785977561430e+01 1.396993480428696621e+01 1.182401853638762645e+01 1.759394720201782292e+01 1.611600564156820425e+01 4.979943077184085354e+00 9.940671353275680744e+00 1.816081878834199159e+01 1.663496877380222116e+01 2.657003575840035836e+01 5.460764507855773608e+00 1.238601121517601733e+01 2.697450019134791432e+01 1.722215204990623505e+01 3.997468841629769898e+00 1.766907816338336090e+01 1.177942393127447929e+01 1.471613205831919302e+01 2.230414183079061274e+01 1.119629667513364879e+01 2.265998581665071754e+01 1.812149294263564414e+01 1.170044620399322710e+01 1.138360086146460937e+01
8.931614990856498792e+00 2.272593010775526778e+01 1.845731536190004007e+01 1.711791670536893761e+01 8.514570173149305532e+00 2.007628078436191643e+01 8.696665544720142194e+00 1.176901058232986408e+01 1.553540516589540310e+01 2.042957951354647861e+01 1.289720336435263803e+01 1.902243813852285825e+01 2.491577962230671872e+01 1.291125327201434381e+01 1.522852832518847954e+01 0.000000000000000000e+00 1.868591237656125870e+01 1.594153329516664996e+01 9.017778919890385936e+00 1.222577015238261033e+01 9.753319345928190387e+00 2.372539863525113191e+01 1.458952649116285727e+01 1.584521322094903439e+01 2.237703743958601166e+01 1.818068068731316345e+01 2.232788005885731053e+01 6.425286921991472333e+00 7.303094080435894142e+00 6.770005497655326998e+00 1.335948163420784951e+01 2.038463120603949719e+01 1.553387835329641398e+01 1.766886516942044594e+01 2.020471515460555167e+01 9.811470481876062522e+00 1.371759855173174891e+01 1.806344291801260127e+01 1.463050888667295624e+01 2.620928257209897438e+01 1.740591638104315919e+01 1.516615437482405859e+01 9.916731724428284878e+00 9.834414811235154374e+00 2.290382855163705855e+01 1.229324158456632254e+01 1.753873474152865342e+01 1.318355889648243107e+01 1.747512351955063892e+01 5.328109949773423892e+00 4.786976191144301396e+00 2.040231621737657974e+01 4.520417452786569257e+00 1.276028313344374432e+01 1.285087623746196606e+01 4.437443631941806466e+00 1.387528808707908112e+01 1.140661933307126574e+01 1.534293058882036398e+01 9.430852105648661166e+00 1.946456401329056618e+01 1.834646628640862076e+01 1.285310229390842807e+01 1.960067559924531722e+01 9.966671739457131807e+00 1.290491780145806366e+01 1.977316629152461402e+01 8.839355807446320767e+00 2.197816094798900011e+01 2.234858511528330283e+01 1.991942796379450087e+01 8.247203914355790033e+00 1.388888122159894323e+01 9.377656701620223245e+00 1.700224859647102704e+01
1.944050696289714253e+01 2.072530016536287789e+01 2.729517759603298188e+01 8.648263002086912010e+00 2.288916078102220908e+01 8.214046392685052211e+00 1.858776011064657396e+01 2.926227739237317849e+01 1.638827002312860159e+01 2.219329218762655742e+01 8.290059718319627180e+00 1.677237907110388448e+01 1.065152503767678915e+01 2.577199359749926444e+01 1.773522848722672052e+01 1.868591237656125870e+01 0.000000000000000000e+00 2.273416805794983730e+01 1.083271643698612152e+01 2.670573040229643524e+01 2.444332678724040875e+01 7.352389333965846596e+00 1.496077546938900760e+01 2.251456145631426153e+01 1.458256129225655684e+01 9.166991237887879507e+00 1.050815663835214764e+01 2.113461900628259471e+01 1.362735037959402362e+01 2.343896768462626312e+01 1.813925856765116507e+01 1.739902716236442259e+01 8.375515135428802438e+00 2.199471698898721073e+01 2.184756845140106662e+01 1.622238855610537911e+01 5.750846273488437355e+00 1.296884158881817051e+01 2.783003172435688555e+01 1.566203601633641362e+01 5.535236036570902129e+00 2.493132222599742320e+01 1.970331718754033190e+01 2.698887915439355467e+01 5.225971257009714321e+00 2.116039222490947225e+01 2.533438021550920993e+01 1.159234317543566561e+01 1.300199358327947508e+01 1.554215919972990001e+01 2.345454747569459641e+01 6.152300443366812921e+00 2.219686452860007364e+01 1.783449991280850000e+01 2.329992611193170049e+01 1.921287731887634820e+01 1.489262803485132736e+01 1.250336957244836178e+01 5.078753442244705596e+00 9.411999738540048455e+00 1.804057751735884096e+01 1.818855514160124542e+01 2.261373146871909157e+01 1.300829556392154451e+01 2.637573296552418611e+01 2.119638932049300095e+01 2.089644550651641097e+01 2.687998388819642059e+01 1.362381747303490975e+01 1.011224755077774162e+01 1.373338562298184229e+01 1.641666932452248773e+01 2.660410007723980996e+01 1.572390235549855042e+01 2.069117738607695500e+01
2.404555348064620546e+01 8.168171215140974439e+00 2.319458145870871846e+01 2.623988061031938557e+01 8.329201066874752257e+00 1.707501176325207837e+01 1.894058068711810350e+01 2.341053814004699163e+01 1.700529434658508521e+01 2.607611220014851838e+01 2.714784142013582979e+01 1.008333544973364049e+01 1.600942606923697298e+01 8.226227240947523001e+00 1.569064403721446510e+01 1.594153329516664996e+01 2.273416805794983730e+01 0.000000000000000000e+00 2.235134132075535973e+01 2.580818736108571798e+01 1.690725758276000690e+01 1.962964067261247436e+01 2.134346094817503925e+01 2.986479499388813608e+01 1.499208221107462613e+01 2.194880324710731401e+01 1.238461003869490185e+01 1.275637412322790354e+01 2.315320321902753520e+01 1.967882169237216061e+01 6.867613394009312699e+00 6.050146061706551670e+00 2.209528561935170643e+01 1.037614563786809896e+01 2.178916496727915586e+01 1.738619923857191196e+01 2.693019867241075715e+01 1.247596095645264036e+01 2.179372119271386055e+01 1.146044086282507912e+01 2.375283472722922440e+01 1.931160224599002007e+01 1.176453480994208611e+01 6.935828577907057202e+00 1.768369591903382343e+01 1.311183729702877976e+01 5.246304457537567245e+00 2.239093207583509226e+01 1.584300228024102175e+01 1.912047845349326991e+01 1.405694878951830162e+01 2.024062427818750720e+01 1.180048574870819067e+01 2.585058755611844816e+01 2.732570295695866136e+01 1.953802939539525596e+01 1.144665313166064990e+01 2.280084019709276433e+01 2.563412252907663458e+01 2.522763190917926579e+01 1.281261657244945518e+01 2.064238329664987148e+01 4.081354260885166063e+00 1.799954188765002172e+01 2.328119561903171686e+01 1.579141499770564927e+01 3.995832311545813642e+00 1.917510050434260549e+01 9.873130627157630457e+00 1.866021331272656525e+01 9.945792750538462457e+00 1.986324125758581971e+01 3.869932019289968217e+00 2.497614852147921738e+01 2.646673189253229452e+01
1.189237156594136202e+01 2.215397512760568688e+01 2.745675318977947654e+01 8.621931972388676257e+00 1.619821827819475857e+01 1.751562374601953920e+01 7.945072191926397132e+00 1.976615097400931731e+01 1.088225891243988741e+01 2.109186713138963398e+01 7.979226279922567500e+00 2.634512874816908123e+01 1.646029035921133143e+01 1.520674263449282826e+01 2.023810417949167473e+01 9.017778919890385936e+00 1.083271643698612152e+01 2.235134132075535973e+01 0.000000000000000000e+00 1.830606799845470789e+01 1.875275717380761620e+01 1.520471438676497833e+01 1.444799680512195827e+01 1.842494954213064773e+01 1.675910118877593646e+01 1.018129808032529127e+01 1.982788901366960843e+01 1.051133018950987363e+01 6.701945405767945729e+00 1.401778392814638785e+01 2.205994103319997635e+01 2.627696516290111362e+01 1.370471363677726195e+01 1.661320759620064180e+01 2.228818556515680882e+01 6.440609181236023772e+00 5.650265150158271688e+00 2.241647608137711956e+01 2.345882019235052596e+01 2.130220447847557708e+01 1.086047104021783660e+01 2.416559220270348973e+01 1.891616955230771069e+01 1.636559033762084070e+01 1.510522900418033565e+01 1.165768538105935370e+01 2.004080591249497090e+01 5.480721805434022542e+00 1.745343335995000800e+01 5.023350025227948379e+00 1.378641401902372898e+01 1.186656165569471177e+01 1.167805535409812201e+01 1.440292213147904299e+01 1.627881116762898728e+01 9.972319593367148016e+00 2.229029262040754489e+01 1.051480843099768769e+01 8.749930477196008027e+00 4.175237045913314127e+00 1.596608470546271441e+01 1.837638334218067726e+01 2.053675039895388110e+01 1.304431862321018087e+01 1.713517524001498060e+01 2.190435562933749480e+01 2.442863614768856806e+01 1.729970348800914692e+01 2.221202965621752412e+01 1.420844781278605140e+01 2.328878867845828182e+01 5.678452623156292844e+00 1.848140930146539418e+01 1.048291118072061856e+01 1.868800989746476660e+01
7.868875552704500009e+00 3.379641746739911667e+01 1.919248302241243209e+01 2.681920528749960653e+01 1.773906287304712137e+01 2.270396905438329682e+01 2.092243569710275608e+01 7.831438682956225250e+00 2.740731590218684843e+01 1.544487344774012882e+01 1.872285352684502158e+01 2.757036987313940557e+01 3.371824271527585637e+01 2.488213196715706843e+01 2.058575847614500987e+01 1.222577015238261033e+01 2.670573040229643524e+01 2.580818736108571798e+01 1.830606799845470789e+01 0.000000000000000000e+00 1.298485554336711623e+01 3.154940848629743400e+01 1.482176523022584647e+01 8.840587247725547826e+00 3.395041651131563754e+01 2.838894693482022547e+01 2.852110607751788862e+01 1.865105707437408000e+01 1.354658783505130693e+01 6.658640866741301068e+00 2.218814079803829031e+01 2.934972953980033239e+01 1.896859023002831179e+01 2.973852158336408991e+01 1.826100687486832186e+01 2.158395922584714199e+01 2.233971469730061798e+01 2.577364794292610384e+01 1.442214824023740327e+01 3.496616366210091797e+01 2.398413520760041351e+01 1.748276067482924390e+01 1.742429708737421024e+01 2.112087445077370162e+01 2.678367734879816098e+01 2.451901173694893643e+01 2.903574573444484486e+01 2.339182514398949664e+01 2.029877232564379597e+01 1.645413874281030076e+01 1.204901422066633998e+01 2.903105215251236615e+01 1.583831428769119221e+01 1.026003737060166188e+01 4.891842636688257251e+00 9.026423431137814646e+00 2.238841970573890450e+01 1.529393570697968485e+01 2.266692008013293957e+01 1.798269759007695612e+01 3.169033416567317829e+01 1.684817203498659666e+01 2.199045978880355889e+01 3.063105208572698857e+01 4.037988580101856684e+00 1.715471731802063360e+01 2.955961303546424190e+01 9.303348331949646166e+00 3.063077375709092465e+01 3.247197135769229703e+01 2.855678207566560189e+01 1.870868386021819774e+01 2.527353764914633771e+01 1.146052056750546733e+01 1.175800183860942383e+01
1.364994476231060538e+01 2.455394277496272792e+01 8.704865976126779259e+00 2.685289495928617853e+01 8.757925611391128129e+00 1.638004441174579640e+01 1.769122221596166611e+01 7.819041127630597998e+00 2.419426069346533481e+01 1.649813979152999011e+01 2.172307770385203440e+01 1.531584178367109850e+01 2.447941008000935881e+01 1.885281211075447061e+01 7.803872278752404412e+00 9.753319345928190387e+00 2.444332678724040875e+01 1.690725758276000690e+01 1.875275717380761620e+01 1.298485554336711623e+01 0.000000000000000000e+00 2.463590651773581897e+01 1.457718193470687318e+01 1.980246245549061967e+01 2.865068352515030625e+01 2.791565894123040437e+01 1.815672418984298986e+01 1.443261978809410273e+01 1.586255079901202159e+01 7.244228093250841383e+00 1.153654906486643306e+01 1.851841775822792258e+01 1.860268597128885659e+01 2.454223201895729289e+01 1.080384390194139854e+01 1.855947277453755362e+01 2.345257680564898806e+01 1.389228704899828415e+01 5.682735047689515540e+00 2.317615157311848151e+01 2.354449799364685703e+01 5.559383329962062525e+00 5.505984384638746398e+00 1.354190926206182688e+01 2.086649539004370979e+01 2.044560310653302082e+01 2.076461229386714180e+01 2.291853715039966133e+01 1.229840139482242023e+01 1.503058544502307825e+01 5.272104660594483683e+00 2.623564386892179101e+01 9.896266224313805537e+00 1.808281878082044969e+01 1.559200558617570387e+01 1.033316374224144063e+01 9.704132218064765780e+00 1.774454363202807627e+01 2.507790884273758181e+01 1.916583035956589853e+01 2.795489604622157742e+01 1.249968883899155081e+01 1.282590332187484172e+01 2.834867789190681009e+01 9.547517914920966575e+00 4.242597435303999021e+00 2.037673324133850983e+01 3.975551652522075763e+00 1.873858396417198691e+01 2.826515477112963026e+01 1.658155265345407869e+01 1.798218216827302740e+01 1.732253084455136616e+01 1.522935981342969036e+01 1.795762981723511231e+01
