0.000000000000000000e+00 1.098343264952466036e+00 9.758897479573875877e-01 9.411354603407301456e-01 6.670463617104437359e-01 6.602377443721655359e-01 5.696451866828889932e-01 4.658004624904544255e-01 4.886480235076980927e-01 3.687109718687230364e-01 3.577129963375489941e-01 7.130593525306635483e-01 6.785685994577285163e-01 2.972331655541758932e-01 9.622027027357139550e-01 8.216291384951708299e-01 4.196899087261743433e-01 7.266626081824896222e-01 2.394413235027601228e-01 5.140275359650052778e-01 4.678043382155879226e-01 2.149948550534608593e-01 2.137100780940939804e-01 2.017019547866501228e-01 3.901503436482515741e-01 8.432573441323985008e-01 4.817906348689866558e-01 6.323441117402250899e-01 6.114232197268834046e-01 8.222352789487982205e-01 6.566340437766681193e-01 1.737749972309852453e-01 7.033972723113754988e-01 9.647998637790979881e-01 3.348039771717067348e-01 2.975164977040186121e-01 4.794282578878645285e-01 1.498604979610748678e-01 8.226645840875251858e-01 4.338792633282310685e-01 9.591499709693727116e-01 1.465188549740408519e-01 4.897988411738095627e-01 5.654856542907347183e-01 3.372364526630510229e-01 2.814201552593031397e-01 9.723665382222880238e-01 2.980313936706967537e-01 6.167415590186838825e-01 3.139021607987821372e-01 7.168051918274307432e-01 6.234052205232095689e-01 3.448926291208889161e-01 7.660996377688304992e-01 3.452470384518384061e-01 3.761895354060250662e-01 3.249234669956039268e-01 4.523198014637566100e-01 7.196054293299604110e-01 5.529874701775772117e-01 1.125184150659985644e-01 2.563564543584986866e-01 5.901753560105227336e-01 7.259605535794630971e-01 3.390558515410975748e-01 1.222647162555445255e-01 4.040674894264369987e-01 5.712070014454267985e-01 7.206648825533737979e-01 2.244182861697306686e-01 2.160877480256291339e-01 8.793443798321919358e-01 5.711146454381348381e-01 8.329667214242294504e-01 4.369588845210312655e-01 1.032266709614953898e-01 1.017470513907166030e-01 5.456672443757468738e-01 6.772395392060612807e-01 6.407532626250340702e-01 1.030206320312790913e+00 6.327596883670180139e-01 7.827385736725926968e-01 9.745890331010710339e-01 4.007172685311701787e-01 4.131739385778365747e-01 7.896155269751915506e-01 5.631953559628236627e-01 7.489153497710685503e-01 2.007004063058318577e-01 6.625970995749560499e-01 9.299457627903664481e-01 5.255657088451065606e-01 9.084053667762786999e-01 9.221898876174722259e-01 9.047728836353562398e-01 3.842537965191586413e-01 1.054286766026570760e-01 8.837604479239636879e-01 3.022090565931284112e-01
1.098343264952466036e+00 0.000000000000000000e+00 8.651389381574100534e-01 8.171393051800124319e-01 1.233594830975795809e+00 1.270452860993981581e+00 5.695595189932386448e-01 1.524664720152805186e+00 7.907360796955216209e-01 8.841756954829508297e-01 9.662015829830927771e-01 5.047851047314975137e-01 6.033998453360149838e-01 8.117154771750969555e-01 7.695652658353048237e-01 2.844772785709259177e-01 7.170461813506718851e-01 7.376794569680368285e-01 1.295919003255801005e+00 6.106607699331626504e-01 1.063267208391176943e+00 9.254526714086497297e-01 9.568443537766253559e-01 9.674409155830840934e-01 7.670165196170243282e-01 6.864282960295162717e-01 1.123904196773154895e+00 6.193568128050264132e-01 6.980056515716954735e-01 7.303579504614884366e-01 4.450815976262324503e-01 9.734268417714075916e-01 4.338374814586887784e-01 7.802271554501973849e-01 8.086836183824785973e-01 1.365023741572591653e+00 6.655899636572001343e-01 9.515973612433806794e-01 6.662871121850708622e-01 6.644640016242354674e-01 1.463563032386502594e-01 1.219496580779511730e+00 6.881043813435683276e-01 5.816683872382537590e-01 9.334672491526464500e-01 8.982197160307588968e-01 8.000544384393297737e-01 8.387345643808051809e-01 6.678577527634059763e-01 8.116945319849159235e-01 6.291844763580776156e-01 5.246939018035882141e-01 1.403756886783239288e+00 3.450213962216915342e-01 8.074574330771382424e-01 1.001309027822495423e+00 8.238624957449649511e-01 7.131600973271414734e-01 5.898073798565387493e-01 1.124401049123002538e+00 1.029405760208089937e+00 9.429510154448773607e-01 6.220037916680037915e-01 5.058878519051442924e-01 8.740325342907911965e-01 1.176085773657313593e+00 7.065399665401224105e-01 6.135161059301889042e-01 6.228364939017210222e-01 1.000003879014272457e+00 8.937899791357951651e-01 6.741274681191813389e-01 1.186942255559386705e+00 7.589735290870056605e-01 7.032658747727955628e-01 1.035217281528327593e+00 1.017649948373199109e+00 7.521608686980142400e-01 4.568816339955719119e-01 7.447306618400617584e-01 9.793458604975814608e-02 5.394102509877576335e-01 6.954844162093593019e-01 7.879756558391419752e-01 7.929735779336101187e-01 9.922329895924899557e-01 5.932672982527347205e-01 7.072848006610329419e-01 4.297265746352049720e-01 9.177735148173482571e-01 5.302458463867414373e-01 7.339047274413744715e-01 5.727775561073599198e-01 8.034620268095987727e-01 7.863609655919993058e-01 7.470558094305375096e-01 1.447231654674644652e+00 1.063348357760523166e+00 6.971470706620345181e-01 8.047561585845275367e-01
9.758897479573875877e-01 8.651389381574100534e-01 0.000000000000000000e+00 8.205754743381352689e-01 1.131181288886048408e+00 1.208240255504971383e+00 5.517259117083112008e-01 1.423223100687914799e+00 6.618989613444854481e-01 7.683763214479912840e-01 9.139165872819688952e-01 5.882888292859816959e-01 3.158426410079260283e-01 8.355136887420194780e-01 7.784446530707260781e-01 5.992123468250888374e-01 5.624602588423491811e-01 7.136330986030109402e-01 1.196863961700219248e+00 6.786216540591275548e-01 9.658669043524459319e-01 7.699490242294771969e-01 9.322094039603023852e-01 8.743959156796234922e-01 7.147315239159002243e-01 7.160450267833232685e-01 1.056476706927264253e+00 5.040638110399718874e-01 7.713936198318968041e-01 1.753087772705548275e-01 5.663504258259475233e-01 8.248745942954166521e-01 4.313014566987212750e-01 7.893167112504628768e-01 7.270300657768669073e-01 1.258138062909623045e+00 5.678825160064937538e-01 9.307016994866633697e-01 6.719609260509229465e-01 6.961780381209987656e-01 7.187826349187599329e-01 1.111144085115835178e+00 5.251089417861557473e-01 4.500251581188514094e-01 8.384547781819126078e-01 8.210356652626269458e-01 8.267514048944428762e-01 8.269618814446155763e-01 6.245965748724622291e-01 6.701647317016259375e-01 6.848432417010477113e-01 6.568068255368985087e-01 1.302315267318348901e+00 5.538977279230269390e-01 7.126018493383935448e-01 9.337037652889752515e-01 6.667658212175984200e-01 7.578637689554992285e-01 5.659409138163107311e-01 1.022843895499584432e+00 9.456543611386494241e-01 8.076927164994430752e-01 7.226043157759670654e-01 4.746537071281218823e-01 8.261608293965846395e-01 1.079687354453004344e+00 7.594991720023905879e-01 4.190179706384812852e-01 2.558271226264415832e-01 9.184811272258125436e-01 8.239587877818794759e-01 6.887859929058900432e-01 1.124767731921487490e+00 7.587752795116897708e-01 6.719268231202031316e-01 8.839832638493583250e-01 1.019408274722579222e+00 7.424570428520183007e-01 4.667835518902849201e-01 7.126200460819357430e-01 8.082563839374242720e-01 3.504136923378412538e-01 7.402624071214193302e-01 7.968550430745631186e-01 6.300109766074768469e-01 8.868866073311385545e-01 6.339808333652706684e-01 5.871741609886707014e-01 5.190683631892827332e-01 9.179964172302569336e-01 3.869528058794243774e-01 7.605335813357115837e-01 6.134948340544803536e-01 9.082090673690619564e-02 8.131250778729728346e-01 7.559351966659585420e-01 1.341845537224771512e+00 9.147961102845325598e-01 7.060264578974557725e-01 8.148487118813432240e-01
9.411354603407301456e-01 8.171393051800124319e-01 8.205754743381352689e-01 0.000000000000000000e+00 1.256644720697210227e+00 1.311040633979739134e+00 6.329555888680566955e-01 1.404832804901067655e+00 4.611847253159787052e-01 8.800180858000830053e-01 1.011499415019271986e+00 3.446094041601558966e-01 5.237845429303086275e-01 7.790970224329937244e-01 2.921318095406415516e-01 5.939125100943315472e-01 6.371606588706761887e-01 2.497289871670865247e-01 1.174649605415315934e+00 5.557416053514160348e-01 1.088905153308513674e+00 7.366957399484862501e-01 1.006290036261970666e+00 9.944329962860063432e-01 8.123143516532034258e-01 1.983796702484189045e-01 1.159459701148409350e+00 3.751135964351688945e-01 4.151186827139166091e-01 7.002468401386402475e-01 5.139423260986692998e-01 8.775429449064319209e-01 4.555177233189579566e-01 1.657673361394834122e-01 6.171011665903198828e-01 1.237406548966816677e+00 6.816013247327988855e-01 8.427047466853285762e-01 1.557957939455473784e-01 7.050721672886747227e-01 6.720596282213568973e-01 1.087524387384599223e+00 5.137050857065547094e-01 5.819870418533681367e-01 9.591051940699831801e-01 9.274868571059983191e-01 1.605908340754203800e-01 8.873908927015823345e-01 3.272717007700385317e-01 7.599425499331503575e-01 3.198563666348892554e-01 4.659706351070840857e-01 1.283924971531501757e+00 4.761033908192237596e-01 8.330953779944747506e-01 1.036686759510120126e+00 6.419657951160009368e-01 5.688231773152916393e-01 2.622383343938213263e-01 1.148307327310745585e+00 1.047436027348630949e+00 9.031962032482189207e-01 4.486608233641461441e-01 3.599318251009759329e-01 9.237436571338876190e-01 1.049049920370854760e+00 6.513562556237365575e-01 4.912531141951830271e-01 6.008405065049675642e-01 1.029719603223264945e+00 7.348462053659623461e-01 2.455582510189666667e-01 1.227568110396255463e+00 1.517756094874106176e-01 7.599909123567681890e-01 8.410444315347673783e-01 9.419903065958976640e-01 4.338951416883930490e-01 5.446615315434408799e-01 3.421712814557333338e-01 7.580050539925716757e-01 5.234259807785573981e-01 2.431546422267499563e-01 2.595259504095485670e-01 5.470475908193691561e-01 1.012350039142299707e+00 2.569633331894777273e-01 4.193916733161889288e-01 3.963624229219397943e-01 9.007936762820486498e-01 4.336226684587106694e-01 1.649144612606838756e-01 6.204497866783786897e-01 7.621094275312852995e-01 9.395245903591886716e-02 1.101796303484408462e-01 1.323286138929770539e+00 9.674644608955479397e-01 2.051491264232450373e-01 7.056418651814487797e-01
6.670463617104437359e-01 1.233594830975795809e+00 1.131181288886048408e+00 1.256644720697210227e+00 0.000000000000000000e+00 8.926329629713983804e-01 7.006738036381373602e-01 1.077916276595536793e+00 8.468396886297203663e-01 3.897665053404037461e-01 6.333125240713464166e-01 1.000195791071681661e+00 8.632760067641417345e-01 7.419088882147254482e-01 1.210417323402972256e+00 9.563654048551480935e-01 6.278126074472064611e-01 1.073133367921250247e+00 8.515571376078424626e-01 8.907278350405795075e-01 2.156318899144223367e-01 6.495818635590663304e-01 6.608861344534818771e-01 4.653444069237936409e-01 5.398213226943305854e-01 1.139481670614699071e+00 7.297742851339451553e-01 8.898596698827138107e-01 1.034693754035432400e+00 9.841863236046198837e-01 8.654945410034512454e-01 5.654964153292456608e-01 8.227308373731342384e-01 1.221289381582708611e+00 7.742359652720066654e-01 9.132143004836431599e-01 5.776314511603336532e-01 8.007523165193316528e-01 1.106437541342766062e+00 7.433708263843105124e-01 1.087238527737145466e+00 7.662203226898546271e-01 7.555580934422937434e-01 6.898670428066818738e-01 3.298099090473926576e-01 4.873281757295993555e-01 1.253107813024512796e+00 6.519117720491925949e-01 9.410708285406451656e-01 5.107077918178227760e-01 1.097183081173694452e+00 9.385595088303463340e-01 9.570084432259714502e-01 9.369348243636616003e-01 4.261373978986579547e-01 6.070013434956555987e-01 6.557969900116832340e-01 8.842289843836600438e-01 1.010961376331142914e+00 1.146619443209401512e-01 5.846886499039424256e-01 4.469542029546768602e-01 1.005288721331701440e+00 9.025596000755594650e-01 5.967452032034422649e-01 7.343805303606268930e-01 8.573384101179467587e-01 7.844705871687872589e-01 8.787290997591211683e-01 5.657901453138257652e-01 7.395131998068765755e-01 1.120431537062042571e+00 8.118043958224602230e-01 1.167299468440367693e+00 6.396910989089044097e-01 6.990493579454697404e-01 7.122109794714236441e-01 9.435546740371384411e-01 7.838417022096327846e-01 1.018840181704642855e+00 1.171773529616821463e+00 7.867435973803958982e-01 1.152602246594066182e+00 1.228827713406808853e+00 7.500749653296948649e-01 2.630051697991778736e-01 1.046320672837918186e+00 8.474761469236190559e-01 9.254265746350227584e-01 7.503146001889927641e-01 8.550586291745069234e-01 1.186958102026557382e+00 7.678125584045453200e-01 1.066318046788536922e+00 1.239414340177182439e+00 1.187907866998204165e+00 9.969108690684832519e-01 5.744818894315000257e-01 1.137999128229701062e+00 7.894805047999634562e-01
6.602377443721655359e-01 1.270452860993981581e+00 1.208240255504971383e+00 1.311040633979739134e+00 8.926329629713983804e-01 0.000000000000000000e+00 7.014344211474715651e-01 1.058441300246201422e+00 9.697714133758508215e-01 6.230078870836405214e-01 3.460255161149061176e-01 1.027408818148890512e+00 9.456942287362426480e-01 6.682645478366801006e-01 1.264813236685501163e+00 9.883481232516388992e-01 7.422235077394733205e-01 1.196065092667381036e+00 8.320821612585069804e-01 8.535649749002880426e-01 7.057610758856428523e-01 7.759460462426590599e-01 5.280817975201097525e-01 5.283854471229637584e-01 5.034363413769573636e-01 1.193877583897228423e+00 1.939022622824671249e-01 9.976476172180914759e-01 1.044923791325196305e+00 1.063309522937810891e+00 8.658361142065404970e-01 7.141425719026713859e-01 8.699507111097227741e-01 1.275685294865237296e+00 8.252745733408041184e-01 8.954739230256291149e-01 6.419590147970150040e-01 6.997482301638610069e-01 1.160833454625294969e+00 6.921636592041928715e-01 1.124096557755331016e+00 7.484799452318409152e-01 8.784898181884243096e-01 7.726255227790662650e-01 5.682956400046507150e-01 4.053047872417990805e-01 1.307503726307041481e+00 5.558910678055631882e-01 1.064002553286775399e+00 6.338456121929574305e-01 1.085664059609661392e+00 9.188277023240131181e-01 9.375334668766355239e-01 9.758267889488738689e-01 5.159480971967207452e-01 2.896945624370583783e-01 7.789348103868176665e-01 8.900004833521125702e-01 1.072272609844950431e+00 7.823853716338254882e-01 5.496954967357065014e-01 6.104732483775290319e-01 9.681258611914096424e-01 9.648171602082119547e-01 4.523257234776554281e-01 7.149055540112916329e-01 7.842593543780153054e-01 8.808333264903024373e-01 9.557880663780439212e-01 4.465401799184182119e-01 7.630802631425557259e-01 1.174827450344572144e+00 1.045993016303699563e-01 1.252504640639290567e+00 5.885115257034156944e-01 7.592548490083863566e-01 6.279080469334639147e-01 1.013443959051965937e+00 8.135712269984092249e-01 1.111477203412248427e+00 1.201597597187446853e+00 8.638025639993186511e-01 1.182789267649424048e+00 1.283223626689337760e+00 8.730066900758254311e-01 6.602367962572498472e-01 1.100716586120447094e+00 9.704078716697495111e-01 9.670623733669525546e-01 6.068276817578412974e-01 9.244642739230138906e-01 1.241354015309086511e+00 7.480807518982122151e-01 1.143377013407459453e+00 1.293810253459711124e+00 1.242303780280733294e+00 9.778934096719433811e-01 6.398153611271502061e-01 1.192395041512230636e+00 7.516329400508486858e-01
5.696451866828889932e-01 5.695595189932386448e-01 5.517259117083112008e-01 6.329555888680566955e-01 7.006738036381373602e-01 7.014344211474715651e-01 0.000000000000000000e+00 9.775963269549992063e-01 4.512656586933125880e-01 3.739212279743925893e-01 3.968398699717058387e-01 3.455683455568472895e-01 3.001157976419394080e-01 2.935545485067341254e-01 5.867281915738183917e-01 2.879704550357722326e-01 2.632844297503730280e-01 5.454056064257936098e-01 7.512371879673049868e-01 2.288579515916831508e-01 5.244919816130707568e-01 4.546966612617841519e-01 4.030002532085495415e-01 4.173791254987884725e-01 1.979980797705142292e-01 5.157925387855458732e-01 5.559457974366844857e-01 3.780665200639207191e-01 4.455619954323029042e-01 4.115836905912045873e-01 1.828909404092834423e-01 4.740421477074059364e-01 1.872877997734750666e-01 5.976002497535549685e-01 3.309993434289249525e-01 8.135003329831628216e-01 1.610833263345906319e-01 4.295539055895590264e-01 4.827484095136125308e-01 1.460726196216772521e-01 4.278689020845053426e-01 6.665063551893746219e-01 3.277898324069343228e-01 1.544421320213328064e-01 3.905414554046273690e-01 3.367044270890449109e-01 6.294186811953592642e-01 2.935094691568356784e-01 4.722379376401355522e-01 3.142267217784317501e-01 4.441248437120451920e-01 2.613965358061023925e-01 8.566884935854337524e-01 2.755342152115866083e-01 2.826868325395081039e-01 4.345504732104407131e-01 3.797248009223298526e-01 3.280519167368276534e-01 3.941875647332683252e-01 5.906093900264859364e-01 4.764155346179523298e-01 4.384443781222678305e-01 3.433664903585786354e-01 2.893022540732517189e-01 3.044730152975525517e-01 6.340605807200894173e-01 2.209366832782270196e-01 2.680114195987470249e-01 3.040622340314370065e-01 4.330146662325016216e-01 4.071720432281313862e-01 4.967424052328893724e-01 6.179238157128768005e-01 5.744195955276081289e-01 1.384744108324231782e-01 5.261310038845811166e-01 4.859558624347994904e-01 4.450341525978678270e-01 1.173435713275835790e-01 5.234711239504401536e-01 5.007760412444910436e-01 2.154455978182399367e-01 5.289131147649129838e-01 6.051385815776553212e-01 3.992393213697134069e-01 4.660408656764617463e-01 4.226315410087645441e-01 4.100821900600368775e-01 2.708347176961266589e-01 3.845440049424770357e-01 2.594214924943858414e-01 5.632689701974041840e-01 1.059426749556489772e-01 4.868626696107993257e-01 6.157252083480287963e-01 5.642187351690509667e-01 8.965909194279458871e-01 5.358756060736327154e-01 5.143099964005479752e-01 3.189478953515940129e-01
4.658004624904544255e-01 1.524664720152805186e+00 1.423223100687914799e+00 1.404832804901067655e+00 1.077916276595536793e+00 1.058441300246201422e+00 9.775963269549992063e-01 0.000000000000000000e+00 9.524651453170013271e-01 8.074718643641968230e-01 7.547397430522211348e-01 1.152866761976681254e+00 1.129974487827082319e+00 7.262895977302737949e-01 1.419941337153607819e+00 1.247950593695510202e+00 8.670682103155256115e-01 1.188672364160342054e+00 2.409682252643235711e-01 9.503398901337418714e-01 8.786742531006811463e-01 6.725857485936013180e-01 6.086261546844496939e-01 6.125718696717433742e-01 7.937442282211644162e-01 1.290129628475735535e+00 8.799941907430222088e-01 1.088900405532744475e+00 1.066456797653762445e+00 1.269568631679325099e+00 1.082955498977007158e+00 6.203296898609517163e-01 1.119722558942476187e+00 1.422538498196992185e+00 7.929041907300767855e-01 1.763352621572416845e-01 8.830221424607772596e-01 5.848012063509647751e-01 1.281939044728092947e+00 8.602007185285696078e-01 1.384230249306487526e+00 3.195574153330731915e-01 9.450106388086957354e-01 1.005520907396329156e+00 7.481063675481443020e-01 6.809943699922881288e-01 1.419238822565624725e+00 7.085595063254921389e-01 1.079035813201904226e+00 7.604568534287485804e-01 1.163677476170767555e+00 1.063212629969226830e+00 1.209115617809593257e-01 1.200339318591720827e+00 7.488434818139838578e-01 7.743930912800608413e-01 7.825143605357443022e-01 9.060122672277897138e-01 1.177344063747854275e+00 9.638573850626702688e-01 5.095451617806707745e-01 6.975837857965018207e-01 1.037047640353859101e+00 1.181172351214349492e+00 7.416578489545708752e-01 3.661966028455598821e-01 8.403227707132769897e-01 1.026020413363074368e+00 1.167998235283900677e+00 6.214450328844028926e-01 6.710253898068976319e-01 1.332971382016256090e+00 9.693073523465126629e-01 1.295675405921117518e+00 8.597827528313921608e-01 5.686083275129925063e-01 5.127201583675603525e-01 1.003596600617015389e+00 1.080833423778974511e+00 1.098682618866302807e+00 1.456527775513130507e+00 1.080093041097544893e+00 1.237187401064287373e+00 1.432327667518965120e+00 8.584559029490631543e-01 8.243378612576450770e-01 1.233756946294931156e+00 1.020933990380716860e+00 1.185170631057908874e+00 6.175447618223710577e-01 1.117410511492603620e+00 1.376818047133703926e+00 9.518871640454451555e-01 1.355738719506806467e+00 1.385887232177809514e+00 1.367865951045170059e+00 9.002603001356068724e-02 5.370096581848596839e-01 1.341499082341857774e+00 7.451964869831149141e-01
4.886480235076980927e-01 7.907360796955216209e-01 6.618989613444854481e-01 4.611847253159787052e-01 8.468396886297203663e-01 9.697714133758508215e-01 4.512656586933125880e-01 9.524651453170013271e-01 0.000000000000000000e+00 4.608262740981749483e-01 6.608696712302735143e-01 3.397222889256583667e-01 3.545663139887813009e-01 3.273382054068795233e-01 4.936764306892132415e-01 5.552782583244938452e-01 2.709041320684675291e-01 2.425450589532084367e-01 7.221621685822838810e-01 2.392455433362447037e-01 6.871202207989708377e-01 2.903968124444192833e-01 5.538025994289387244e-01 5.716045912872852464e-01 5.191219030089906372e-01 4.364682682892109256e-01 8.149367856006448640e-01 1.994749588533954454e-01 1.960909216596088411e-01 5.162948279381105454e-01 4.001440151407169021e-01 4.336034216297589006e-01 4.009642975763091921e-01 4.880669343059953480e-01 1.646137297572877745e-01 7.850388893827511261e-01 4.215258105662099131e-01 3.902173098522965788e-01 3.427138490627738565e-01 3.649039164053243800e-01 6.456564027368660863e-01 6.351567278005337824e-01 1.405749982408321108e-01 3.136468252096420439e-01 5.705727596385804512e-01 5.768673097800441907e-01 5.296477739970393284e-01 4.555081685807183534e-01 1.367908239939325254e-01 3.407507382312421895e-01 3.173577958749236316e-01 2.992763289680172578e-01 8.315573119474358732e-01 4.498473678961144029e-01 4.556816043412948436e-01 6.921638439623551964e-01 2.045625516803708799e-01 1.248476807872564293e-01 2.510791572834595864e-01 7.402182841322991758e-01 5.949485905155988963e-01 4.773718317425440505e-01 2.149906792120019894e-01 3.059731560602612088e-01 5.566826092441485851e-01 5.965624835378225965e-01 2.356852631241807827e-01 2.449748937651817782e-01 4.153283322042445325e-01 6.618873064860353317e-01 2.823587685329302377e-01 4.108181077856911667e-01 8.862988897923671505e-01 3.488491721949483204e-01 4.520383937626392123e-01 3.885569947017354364e-01 4.895028697628657222e-01 1.021738106054093653e-01 4.109825445709496261e-01 1.720004930749224337e-01 7.316018285080808647e-01 3.274231380178888040e-01 3.321610564548578837e-01 5.060627610545701538e-01 9.676472330002530708e-02 5.935442692486635474e-01 3.625921425382805929e-01 1.093929043847780974e-01 3.670408936218484963e-01 4.483062394490165969e-01 3.104904107167000826e-01 4.845888870865047160e-01 3.453229837376635136e-01 6.030688164271493790e-01 4.422391525927209521e-01 4.248221486106047995e-01 8.709184793457057649e-01 5.235249376188749748e-01 4.152341758774629188e-01 2.531544283484166713e-01
3.687109718687230364e-01 8.841756954829508297e-01 7.683763214479912840e-01 8.800180858000830053e-01 3.897665053404037461e-01 6.230078870836405214e-01 3.739212279743925893e-01 8.074718643641968230e-01 4.608262740981749483e-01 0.000000000000000000e+00 3.463764044480735493e-01 6.395122831028757782e-01 4.946988588992747293e-01 4.246879286246098006e-01 8.497338154341659289e-01 6.069462693623030036e-01 2.502693084262413992e-01 6.871199533897049960e-01 5.811127253765027145e-01 5.684671971805044244e-01 2.296382555026338645e-01 2.605357188102262467e-01 4.048009627508024622e-01 2.037400091621347498e-01 2.226003631042151598e-01 7.787981626458935214e-01 4.601492092461873518e-01 5.049044893649141663e-01 6.466668672639142024e-01 6.174366034663172353e-01 5.383211571530288619e-01 2.181701553429566676e-01 4.635166498124364542e-01 8.606058736139027276e-01 3.862090785004885229e-01 6.427698882523026347e-01 2.255399138591544506e-01 4.267757535603118879e-01 7.350330338042568856e-01 4.211101885242353182e-01 7.378193922443003760e-01 4.957759104585146570e-01 3.695446789107484920e-01 3.291835348378759907e-01 1.430432665978606521e-01 2.177030998418414409e-01 8.924243050557069123e-01 3.357266710079293004e-01 5.550574140090995812e-01 1.246943772862774136e-01 7.364995732048886801e-01 6.162988709702711398e-01 6.865640309946313691e-01 5.861312605899255956e-01 1.165758067482980248e-01 3.373762676078976841e-01 2.677701032401651471e-01 4.962020976121419014e-01 6.260061958133431581e-01 2.836812175407862902e-01 3.286034782012630107e-01 1.123545175102243499e-01 6.367022815915985845e-01 5.418760921067538039e-01 2.902877902616315953e-01 4.639361181292870895e-01 4.962717386511864004e-01 4.105060081378332226e-01 5.153327056470139444e-01 3.097049736111463503e-01 3.514863130353585441e-01 7.597480290932370206e-01 5.421793199347026970e-01 7.812860539088224421e-01 3.174304610488292711e-01 3.358614359265546523e-01 4.445559509421067590e-01 5.568516145376737336e-01 4.344225667167878613e-01 6.328267671730973820e-01 8.223543941239764843e-01 4.212290592962308899e-01 7.851720071527337197e-01 8.681442054380030804e-01 3.640615507981496135e-01 1.346571029968218758e-01 6.856371648691119702e-01 4.614627323920736379e-01 5.694386383964458176e-01 4.419303272756858192e-01 4.943751212057012623e-01 8.262745940577517212e-01 4.455519205444701258e-01 7.030731898699188465e-01 8.619088329850046470e-01 8.215997190742991840e-01 7.264664568371433928e-01 2.729505512105828147e-01 7.773156202608952903e-01 4.014536180284454803e-01
3.577129963375489941e-01 9.662015829830927771e-01 9.139165872819688952e-01 1.011499415019271986e+00 6.333125240713464166e-01 3.460255161149061176e-01 3.968398699717058387e-01 7.547397430522211348e-01 6.608696712302735143e-01 3.463764044480735493e-01 0.000000000000000000e+00 7.160242840569654987e-01 6.513705605132399379e-01 3.426304067208351678e-01 9.652720177250337930e-01 6.840968452407503175e-01 4.560760082425278639e-01 8.765655929863465090e-01 5.283806040645270263e-01 5.334514962386366355e-01 4.473343387324557052e-01 4.897985467457137143e-01 2.055990949133902068e-01 2.536464124849621693e-01 1.991850633660686432e-01 8.885544657994405293e-01 1.943581330327166790e-01 7.115001177211458527e-01 7.200224356052549179e-01 7.689858547148084034e-01 5.554839461114603472e-01 4.311631824637290333e-01 5.658316259246903845e-01 9.761440759047702587e-01 5.003732176208629534e-01 5.917723658316488278e-01 3.485253575556361283e-01 3.537767136368346610e-01 8.612922356648279321e-01 3.715840398381048404e-01 8.198452797444423235e-01 4.447783880378606280e-01 5.923423186914789085e-01 4.841904383370476128e-01 3.098689028514634569e-01 1.468780500886119333e-01 1.007962507346574554e+00 2.223939496123561732e-01 7.778550537898303308e-01 3.476981126960119739e-01 7.703285865126391352e-01 6.074431682320879933e-01 6.338319096826556809e-01 6.689892010919267218e-01 2.298005976997755107e-01 1.160979740898443746e-01 4.927873108898723209e-01 5.650991276321712942e-01 7.727313908844837265e-01 5.230649327337735244e-01 2.527934780314731178e-01 3.378344554396369714e-01 6.527903880943870529e-01 6.665043693921781642e-01 1.123400284928926796e-01 4.112039968173112903e-01 4.593579986580740293e-01 5.946858269933571473e-01 6.614643981550409890e-01 1.402514588025771669e-01 4.292321862174725555e-01 8.752862313841048847e-01 2.587821109068121905e-01 9.518871564281813358e-01 2.731760526063926053e-01 4.500441308010541541e-01 3.127973210750319977e-01 6.885426033320246608e-01 5.093199489875207542e-01 7.865758476923073728e-01 8.973463191765582714e-01 5.694788957763159409e-01 8.674537945524013471e-01 9.836824077288705004e-01 5.868591905788800300e-01 3.998159933655741627e-01 8.011753671599798343e-01 6.842603721728039989e-01 6.628110953560636398e-01 2.608561652308148404e-01 6.298375393387746213e-01 9.418127963486195853e-01 4.366962178062869793e-01 8.490533451844568535e-01 9.908226681195790864e-01 9.427625613202661459e-01 6.741918524779633159e-01 3.429133424229164340e-01 8.928538225517631544e-01 4.267315843309073542e-01
7.130593525306635483e-01 5.047851047314975137e-01 5.882888292859816959e-01 3.446094041601558966e-01 1.000195791071681661e+00 1.027408818148890512e+00 3.455683455568472895e-01 1.152866761976681254e+00 3.397222889256583667e-01 6.395122831028757782e-01 7.160242840569654987e-01 0.000000000000000000e+00 3.031692028938361982e-01 4.485387746128381981e-01 2.925944715455630618e-01 2.838029760005469360e-01 4.335952583387461257e-01 2.416699114504604340e-01 9.241210450796778497e-01 2.201533113666343522e-01 8.324562236829856632e-01 5.641510515706363860e-01 6.718951495584574163e-01 7.379840666604779997e-01 5.273670505456471425e-01 1.958834694342115601e-01 8.837011094756320739e-01 1.897365790983356060e-01 1.932205468401980430e-01 4.540608465370356006e-01 1.794964927553567569e-01 7.056575184614908292e-01 1.900441371809207802e-01 3.019027104320397004e-01 3.865225380099966412e-01 9.932257833964676097e-01 4.251523951072704310e-01 5.680655556257162564e-01 1.937572111652147433e-01 3.639504468609745524e-01 3.599171439026831454e-01 8.507351000575466005e-01 3.335645117716309893e-01 3.255381122278396822e-01 7.026562644444550587e-01 6.687720215997950968e-01 3.119126532771080984e-01 5.462691722738821642e-01 2.139204027794968099e-01 5.604093921100715692e-01 1.243993716265800326e-01 1.227960920684265378e-01 1.031958928607115356e+00 1.622103264388119748e-01 5.766464483689462961e-01 7.627559374232969480e-01 4.883173086733394452e-01 2.682698038416614916e-01 1.346590537347019945e-01 8.918583976852173523e-01 7.763188796860805985e-01 6.927315054851107545e-01 1.343154864899857581e-01 1.217148269663844290e-01 6.228108934792635498e-01 8.042878154811899938e-01 3.157679616389550414e-01 2.749842363918795773e-01 3.465393899772680197e-01 7.405342934707423996e-01 4.976982536538219204e-01 1.962908736703543877e-01 9.438982127142958589e-01 2.687671627219375137e-01 4.428482314505730599e-01 6.349811337916917431e-01 6.601925506304494595e-01 2.501395191411689423e-01 2.644550654459794647e-01 2.399455571085639949e-01 4.456459374045896871e-01 2.669770511530287771e-01 1.965683342431115144e-01 3.124729195912465118e-01 4.065039949464440694e-01 7.559011095167713634e-01 1.067932054628689259e-01 2.599657263529191464e-01 1.023928899483914773e-01 5.835400837784895378e-01 2.102080312727871436e-01 2.537956956287712451e-01 2.793280662506785750e-01 5.266752163339237791e-01 2.968912022160586361e-01 2.745259084106811409e-01 1.075433696498521829e+00 7.823141742400343546e-01 2.216443344141391658e-01 4.123319640346073678e-01
6.785685994577285163e-01 6.033998453360149838e-01 3.158426410079260283e-01 5.237845429303086275e-01 8.632760067641417345e-01 9.456942287362426480e-01 3.001157976419394080e-01 1.129974487827082319e+00 3.545663139887813009e-01 4.946988588992747293e-01 6.513705605132399379e-01 3.031692028938361982e-01 0.000000000000000000e+00 5.839035746756474632e-01 4.816537216628999363e-01 3.374732540036932682e-01 2.654520967087249383e-01 4.168421671951844654e-01 9.036153488393876554e-01 4.347392459636220674e-01 6.990720576411525444e-01 4.722672076956827558e-01 6.696633771915734279e-01 6.076842778114572852e-01 4.521854971471713780e-01 4.192540953754968491e-01 7.939306801585361839e-01 1.954173042095323221e-01 4.807356274631121584e-01 1.847691239049659151e-01 3.156995216222704959e-01 5.404156430754034623e-01 1.700625887589757024e-01 4.925257798426364575e-01 4.237887730684098964e-01 9.648894500487915638e-01 3.053364892377651296e-01 6.284767234454214924e-01 3.751699946430964716e-01 4.445679240546268063e-01 4.570435420973645302e-01 8.178954722550033640e-01 2.198960666295183553e-01 1.781751232966996557e-01 5.717431403137459567e-01 5.561501365175469669e-01 5.299604734866162348e-01 5.753517673782437836e-01 3.231573542663130350e-01 3.925502873184516517e-01 3.941720955806991000e-01 3.848329495773735731e-01 1.009066654457516421e+00 2.906289610830162240e-01 4.458902114702270603e-01 6.711577385202464052e-01 3.645408451763565427e-01 4.505311215997950813e-01 2.691499824084844228e-01 7.549386133776773145e-01 6.807688323935695562e-01 5.305196145631934090e-01 4.366394577772242935e-01 1.897129752678032300e-01 5.636148026278557932e-01 7.864387415921720859e-01 5.156167639068848230e-01 1.095914202235995227e-01 1.121275444051060555e-01 6.535955984807327868e-01 5.217338117406378206e-01 3.919950614980636239e-01 8.622217051527589771e-01 4.619843481038632960e-01 4.203167090538312833e-01 5.866621153496992536e-01 7.246139976892521650e-01 4.410178222458695507e-01 2.229011437947793772e-01 4.151419637495186166e-01 5.465172911160288693e-01 1.023238234019158699e-01 4.495912610010707744e-01 5.000641116667364772e-01 3.263435422928241958e-01 6.186278834110485736e-01 3.404011457416902253e-01 2.758342131157124899e-01 2.470944872297577699e-01 6.663863031638851409e-01 9.748264290723833436e-02 4.637426499278850534e-01 3.680471186827382613e-01 2.586265629465979154e-01 5.163341464651464152e-01 4.591442652581322892e-01 1.048596924363940142e+00 6.303371590645194811e-01 4.092355264896293532e-01 5.126237358401015687e-01
2.972331655541758932e-01 8.117154771750969555e-01 8.355136887420194780e-01 7.790970224329937244e-01 7.419088882147254482e-01 6.682645478366801006e-01 2.935545485067341254e-01 7.262895977302737949e-01 3.273382054068795233e-01 4.246879286246098006e-01 3.426304067208351678e-01 4.485387746128381981e-01 5.839035746756474632e-01 0.000000000000000000e+00 7.255617556438999083e-01 5.383110539453884735e-01 3.554708555576242546e-01 5.446367926588520092e-01 4.975438808332705576e-01 2.283854632462038181e-01 5.657270661896588448e-01 2.226993687193117299e-01 2.427998049293219329e-01 4.356145922853483787e-01 2.020875655203947519e-01 5.914305303966839178e-01 5.265331479008424909e-01 5.060428186630482328e-01 3.935040585868709861e-01 6.953714676249126425e-01 3.693093295253349617e-01 3.514522041423525645e-01 4.779099888840028232e-01 7.335583819173830955e-01 1.633497310186916018e-01 5.666486191500609282e-01 3.235089662182306092e-01 1.486872404900513589e-01 6.332748756026784775e-01 1.505611787784486566e-01 6.707221618369643146e-01 4.241579358111394749e-01 3.707613004320255423e-01 4.382299090550409448e-01 4.317765399812154570e-01 3.280570457158086262e-01 7.205397244865729967e-01 1.297773412655842118e-01 4.554317409178653131e-01 3.343701142506216306e-01 4.649783780917160492e-01 3.477911987627487767e-01 6.053817643607083410e-01 4.776718286364224353e-01 3.241973564629039295e-01 4.104136421339033003e-01 2.432626318084293582e-01 2.358936982871282506e-01 5.687510983394777897e-01 6.318444746030740244e-01 3.463386396576520476e-01 4.634929344992503308e-01 3.383485422748079841e-01 5.380958147580557904e-01 2.332420696331520271e-01 3.777106512347829237e-01 1.328396216396900142e-01 4.775470838635020310e-01 5.878500110651452282e-01 3.431986791291454786e-01 1.142568774901918244e-01 6.286433946524131455e-01 5.832889725399010850e-01 6.465369480072582498e-01 1.635868656218163464e-01 2.401435777351693113e-01 2.264571767438597338e-01 3.566138030045301055e-01 4.005505325961069008e-01 4.546470473648127064e-01 7.459881636335244925e-01 4.992333748519480752e-01 5.529624016981012913e-01 7.508816039806514020e-01 2.607949617942773024e-01 5.072759502530498343e-01 5.294289589310875455e-01 4.123410249723409304e-01 4.604875406386601533e-01 1.510039323247363008e-01 5.432092695280940076e-01 6.781189490546518650e-01 2.413475521658399181e-01 7.706504466445074364e-01 6.911134594792012198e-01 7.140435728481447919e-01 6.488565322521144818e-01 3.792397025811129474e-01 6.600530188035439449e-01 9.362230751647002136e-02
9.622027027357139550e-01 7.695652658353048237e-01 7.784446530707260781e-01 2.921318095406415516e-01 1.210417323402972256e+00 1.264813236685501163e+00 5.867281915738183917e-01 1.419941337153607819e+00 4.936764306892132415e-01 8.497338154341659289e-01 9.652720177250337930e-01 2.925944715455630618e-01 4.816537216628999363e-01 7.255617556438999083e-01 0.000000000000000000e+00 5.476322293075032155e-01 6.071212080860549642e-01 3.379599452959208272e-01 1.193582198165912933e+00 4.971762923976961179e-01 1.042677756014276147e+00 7.518042722010268575e-01 9.542376996824987190e-01 9.482055989917682615e-01 7.660869543589650110e-01 2.230082115408878185e-01 1.113232303854171601e+00 3.632625288456447499e-01 4.148942104403106068e-01 6.581160188712310566e-01 4.663682867539624133e-01 8.791834682087996677e-01 4.092903260247199304e-01 1.712702949606026148e-01 6.486238960956398625e-01 1.252515081219357285e+00 6.353739274385605817e-01 8.450885366567778556e-01 1.885446615352137367e-01 6.530572346740819434e-01 6.244855888766494001e-01 1.102632919637139830e+00 5.070904615189399944e-01 5.357596445591300549e-01 9.128777967757452094e-01 8.812594598117601263e-01 2.783999556477274595e-01 8.330077741453317808e-01 3.568856066952806882e-01 7.373149806453636046e-01 2.933057694602733134e-01 4.139557024924911399e-01 1.299033503784042587e+00 4.285293514745167620e-01 7.868679807002364468e-01 9.904593622158819333e-01 6.439694367988053614e-01 5.394965496643433500e-01 2.425972734057535163e-01 1.102079930016508058e+00 1.012445503989091389e+00 8.805686339604320567e-01 4.055422323126675055e-01 3.139265968419984176e-01 8.775162598396494262e-01 1.075076645366015438e+00 5.927909426700168627e-01 4.494165475885872341e-01 5.567609223085584480e-01 9.834922059290267526e-01 7.647139502225891450e-01 1.160185075283440281e-01 1.181340713102017270e+00 2.870716067762013601e-01 7.137635150625298852e-01 8.589760317742186624e-01 9.372155316615110587e-01 4.720133598616648163e-01 4.984341342492027982e-01 3.911903003794996447e-01 7.104310146478641785e-01 4.771985834843192609e-01 3.014668408435816627e-01 1.004658241016646442e-01 5.621561230719099855e-01 9.661226418480615141e-01 1.981456954568450723e-01 4.156178544783850626e-01 3.487883835772327967e-01 8.658826339025310626e-01 3.914918471913019782e-01 1.914085058558966379e-01 5.684348540637859104e-01 7.199786062638761086e-01 2.814220856832924667e-01 1.956337075457063590e-01 1.338394671182311590e+00 9.691049841979157975e-01 9.894605072877858676e-02 6.881600040651357775e-01
8.216291384951708299e-01 2.844772785709259177e-01 5.992123468250888374e-01 5.939125100943315472e-01 9.563654048551480935e-01 9.883481232516388992e-01 2.879704550357722326e-01 1.247950593695510202e+00 5.552782583244938452e-01 6.069462693623030036e-01 6.840968452407503175e-01 2.838029760005469360e-01 3.374732540036932682e-01 5.383110539453884735e-01 5.476322293075032155e-01 0.000000000000000000e+00 4.436450600907653197e-01 5.113679209532798753e-01 1.019204876798506243e+00 3.459447586447899070e-01 7.860377822705297834e-01 6.520515501487429422e-01 6.770758118738214870e-01 6.902114894624367114e-01 4.849117818746818132e-01 4.651065882777161153e-01 8.417994590308126579e-01 3.724745419852732442e-01 4.770235228407451178e-01 4.641766266683116093e-01 1.772126434506309245e-01 6.961974156507598765e-01 1.679108901263673681e-01 5.582941189223953327e-01 5.434901141833476945e-01 1.088309615115296447e+00 3.883605375365523638e-01 6.815378574018411406e-01 4.437053307398873825e-01 3.886727655210340804e-01 1.443416879971604616e-01 9.422671546588647917e-01 4.147032600836617622e-01 3.082672659783471381e-01 6.562378230319988459e-01 6.175407543658854026e-01 5.787327306875293953e-01 5.589660224780013120e-01 4.406012467380537312e-01 5.344651058642679864e-01 4.082023476271270379e-01 2.948879661435432342e-01 1.127042760325944304e+00 1.259412167195892440e-01 5.302280069564904164e-01 7.192042900801530747e-01 5.504613744850582746e-01 4.592887426998372713e-01 3.625508738311865042e-01 8.471716230023557115e-01 7.521763340874425552e-01 6.657215893242296456e-01 3.964808965224618231e-01 2.634436607246181672e-01 5.924434703333246732e-01 8.993716472000188311e-01 4.388495287879016771e-01 3.401149846702823387e-01 3.566551701085440285e-01 7.202353371114685876e-01 6.260995413835742651e-01 4.521944315913795087e-01 9.048375178170442457e-01 5.353765167538830916e-01 4.234973328699914163e-01 7.660857897686237372e-01 7.409358219159035697e-01 5.266379735524719941e-01 1.747768962532298131e-01 5.237485331091109586e-01 2.154081247616732864e-01 2.694791842752938260e-01 4.742905713485676134e-01 5.660426193113399229e-01 5.195724566737035532e-01 7.150035634718421296e-01 3.719455905009346752e-01 4.635754973795095935e-01 2.037019317999291534e-01 6.410593883600527176e-01 2.643192550544199992e-01 5.125830196895743152e-01 2.969863200041585882e-01 5.375354354772772236e-01 5.650392578401990384e-01 5.251227729027355684e-01 1.170517528217349890e+00 7.861189316398758953e-01 4.752140341342327434e-01 5.370657208323065257e-01
