0.000000000000000000e+00 1.497059034805704680e+00 1.461655829387646266e+00 9.540935077917538365e-01 1.229935493544687342e+00 8.972911700924479650e-01 6.660046502523354617e-01 6.554204423345441066e-01 1.074926769681140870e+00 1.061322113049434357e+00 5.858612396656134313e-01 3.625333803441387337e-01 5.643018259099182865e-01 7.384698804130978012e-01 8.849285536335345093e-01 9.380734960609962148e-01 2.759539846473382241e-01 3.172169672872887647e-01 6.626171170876846706e-01 1.285527515345112670e+00 8.997383251650448166e-01 1.249511978455852379e+00 4.708329015605439705e-01 5.652786075659943510e-01 2.089428735024699280e-01 4.567741651040122530e-01 1.025612126925210532e+00 7.788991021099371803e-01 5.147031689648381425e-01 8.484333917412951731e-01 7.211101452246138077e-01 5.841866578053853676e-01 7.399436626115768467e-01 1.818151215264716958e-01 2.172732854986959838e-01 1.045111538589181599e+00 8.183777524702534611e-01 5.607252545962725376e-01 1.528520702178468305e-01 7.277072444184107258e-01 1.082598175847161004e+00 7.264026044733487009e-01 4.475088892966317955e-01 9.542840877189253668e-01 8.610400805473970021e-01 1.159538721898707436e+00 2.950104640563044334e-01 7.231293798685162200e-01 7.922008807349397719e-01 3.125648382370059819e-01
1.497059034805704680e+00 0.000000000000000000e+00 1.299509494217625960e+00 1.457283218644182643e+00 9.059213803080485850e-01 1.559456688093214138e+00 9.684460895211405296e-01 9.034013658660581259e-01 4.584498032381320032e-01 9.050496772033163051e-01 1.100885613215207615e+00 1.246587613983030085e+00 1.250514239095617208e+00 1.022472360359142129e+00 7.499853053908990264e-01 7.455765788392871851e-01 1.545741222537574400e+00 1.201853493751137369e+00 8.473504590394090874e-01 2.383036800309020209e-01 8.709572449888783874e-01 1.087365643285833405e+00 1.038227202425120677e+00 1.114298316993973303e+00 1.375467469895855555e+00 1.156315502567820008e+00 7.482814067600240815e-01 1.273832145818335038e+00 1.017925013181468774e+00 6.486256430644103954e-01 1.389812632341824949e+00 1.067684446912876339e+00 9.887416167762400621e-01 1.360372041134824572e+00 1.542138571650882417e+00 6.036004291824702550e-01 8.214581130086008320e-01 1.115909311893468203e+00 1.562729068480609884e+00 8.174395759079641222e-01 7.564273834724013490e-01 7.904314480163529000e-01 1.092617567738254802e+00 8.062510951241911306e-01 8.878146398811752604e-01 3.375369607501037539e-01 1.216191558916687177e+00 9.185045553857124068e-01 8.077176270253968449e-01 1.263320200878654376e+00
1.461655829387646266e+00 1.299509494217625960e+00 0.000000000000000000e+00 1.459191033978159080e+00 9.359884036306187483e-01 1.469573908829114428e+00 8.159989873493682655e-01 1.017607714145683628e+00 8.704148401967533033e-01 4.242997381330467777e-01 1.117049314033359497e+00 1.129609273023782556e+00 1.160631459831517720e+00 8.438177752595061865e-01 7.050808046616072744e-01 8.185328059078688101e-01 1.470496487322965784e+00 1.175019454618132064e+00 9.049037217223960816e-01 1.082085525679911564e+00 6.446625070755305220e-01 2.206828004207236349e-01 1.121346485135744420e+00 1.038688761360397672e+00 1.346309492124220242e+00 1.024198455913192252e+00 6.202004456145823186e-01 1.275739961152312585e+00 9.752091591867886322e-01 7.598252143766245359e-01 1.299929853077725239e+00 8.885274624301717772e-01 9.730031697199709173e-01 1.280611870842816025e+00 1.502664128017654699e+00 7.646804158559299402e-01 6.655108202144458529e-01 1.026026532629368493e+00 1.482796202988566625e+00 7.724423377744338293e-01 7.936489128771697654e-01 8.887786582394592294e-01 1.128645982084303778e+00 5.194090629634013911e-01 8.477395381901040583e-01 9.619891813106284939e-01 1.257324099066347012e+00 7.393475709030072895e-01 9.260964163574363361e-01 1.153796900774273437e+00
9.540935077917538365e-01 1.457283218644182643e+00 1.459191033978159080e+00 0.000000000000000000e+00 1.255694152884523351e+00 1.095026904830479264e+00 7.199088967222467828e-01 8.087131900740137658e-01 1.040708892292190768e+00 1.069958076077999198e+00 3.763283408691011078e-01 8.270458621578288261e-01 7.654638268538552781e-01 1.053906470395332695e+00 8.403673343089353986e-01 9.963201386007339844e-01 1.015809446099984248e+00 6.377857887626253719e-01 6.172765145290469713e-01 1.244989000412212610e+00 9.946881811909681348e-01 1.247047183046366303e+00 6.304542632701183313e-01 8.705597186737511484e-01 8.582298829729425593e-01 7.518846972848988175e-01 1.008490214974718358e+00 2.016916904944565103e-01 5.353151396114232963e-01 8.249700756528227652e-01 9.256172855611155548e-01 8.738163327776070632e-01 9.651111464349094726e-01 7.986962416831208111e-01 1.024372695700150659e+00 1.001869803370409429e+00 8.292739388307442949e-01 6.887406983386562542e-01 1.001053269028905124e+00 6.867486962037258058e-01 1.107111408313971479e+00 7.584749546424763844e-01 5.273161980906566626e-01 9.570299278475701277e-01 1.033163732125816470e+00 1.119762905737184733e+00 7.058262670129304972e-01 8.707942568901386737e-01 8.878529842461705401e-01 7.211193216012738993e-01
1.229935493544687342e+00 9.059213803080485850e-01 9.359884036306187483e-01 1.255694152884523351e+00 0.000000000000000000e+00 1.306733063767365977e+00 6.598206774438477584e-01 5.763519381200139513e-01 4.580687700897319581e-01 5.161360865352695448e-01 8.992965474555477678e-01 8.948687150144222224e-01 9.977906147697686023e-01 5.230983080344451253e-01 4.965022766081423344e-01 2.933256344724525233e-01 1.244623291795687869e+00 9.779174059053801216e-01 6.483524433286271815e-01 6.821057294767478574e-01 3.716396506859072635e-01 7.180459881180596415e-01 7.696796203737555908e-01 7.169887036647853984e-01 1.089977787454396996e+00 8.590249602899990844e-01 3.157879580160366517e-01 1.072243080058675746e+00 8.023593010920307966e-01 4.538046507471344415e-01 1.137089008015976788e+00 6.646510634776457982e-01 5.445653040496684083e-01 1.064891076983412344e+00 1.254143246704717773e+00 3.115663210994351062e-01 5.046282665123451583e-01 8.631856875676197083e-01 1.263222824173727998e+00 5.893552256384582133e-01 1.496258466833716438e-01 5.174641520143403728e-01 8.724033275966946999e-01 4.693676241478292321e-01 4.089401569457262742e-01 5.856302653294895855e-01 9.363958391052461527e-01 5.469331876485126198e-01 4.395714997196183971e-01 9.590222342272958223e-01
8.972911700924479650e-01 1.559456688093214138e+00 1.469573908829114428e+00 1.095026904830479264e+00 1.306733063767365977e+00 0.000000000000000000e+00 6.621690937469733029e-01 9.980447908828511405e-01 1.142849075176056717e+00 1.076421348453385329e+00 7.356899656930830922e-01 6.939778068856661264e-01 3.506516182022167971e-01 9.177189766450848385e-01 8.944734195231717200e-01 1.135861685865257265e+00 9.254240918150646866e-01 6.178715301216934908e-01 7.702454228888577781e-01 1.345622630173880507e+00 9.639179728115147006e-01 1.257430057897321873e+00 7.876516135063703627e-01 8.567648089395311084e-01 8.256002863933432634e-01 5.330379455572601399e-01 1.028510198395107711e+00 9.125142164783418552e-01 5.742274106137972289e-01 9.455405524508933013e-01 1.835160100094127278e-01 7.374758742776281739e-01 1.025464656519254447e+00 7.181579665281030422e-01 9.688246858593847488e-01 1.093584667560870249e+00 8.084924686168289965e-01 4.494078032913953469e-01 9.252738213827373936e-01 7.420171121852514595e-01 1.162546371023243763e+00 9.280613701045917763e-01 6.765083133851131914e-01 9.664832947868782220e-01 1.069752651064282079e+00 1.221936375186216672e+00 7.354534354589171707e-01 7.978330060721776640e-01 1.068805916420552560e+00 5.876443343126763752e-01
6.660046502523354617e-01 9.684460895211405296e-01 8.159989873493682655e-01 7.199088967222467828e-01 6.598206774438477584e-01 6.621690937469733029e-01 0.000000000000000000e+00 5.670714699191246044e-01 5.447224055418496969e-01 4.185652993471550287e-01 3.784781349456574628e-01 3.629441919032413977e-01 3.559520321244835084e-01 3.339975736730854128e-01 2.954162199191422422e-01 5.162814612574253559e-01 6.893787935840522962e-01 3.878315909593881283e-01 3.131177660180968214e-01 7.546120316018061214e-01 3.097781967075174947e-01 6.038551364175751557e-01 4.378399678521471272e-01 4.067732512171718384e-01 5.691291480129971880e-01 2.092304851483231531e-01 3.796395207119414583e-01 5.364578238963989554e-01 1.982308089972564802e-01 3.818994070173117317e-01 4.888612179844981087e-01 1.931865919336859250e-01 4.942706183521314856e-01 4.868714466879905389e-01 7.215464342787417662e-01 4.697141039634097348e-01 1.551924109315026279e-01 2.146722255622254272e-01 6.939873015426250014e-01 1.814416511542993049e-01 5.173251776534101287e-01 4.364207392343939507e-01 3.797400141213214675e-01 3.086272456806477549e-01 4.320535435863775420e-01 6.309257766141419532e-01 4.925913121092762026e-01 1.508853601678919187e-01 5.588208566843733127e-01 3.554453166572778544e-01
6.554204423345441066e-01 9.034013658660581259e-01 1.017607714145683628e+00 8.087131900740137658e-01 5.763519381200139513e-01 9.980447908828511405e-01 5.670714699191246044e-01 0.000000000000000000e+00 4.639663851534926442e-01 6.283747562455226365e-01 4.414703354007690761e-01 3.584466476448702199e-01 6.684817129062262664e-01 3.475504439134081691e-01 4.546141741641817058e-01 2.830263036475615390e-01 6.682713536756734740e-01 4.223780207554188038e-01 2.565214038485056358e-01 6.902160414036773162e-01 4.355518257049302289e-01 8.054638632138902965e-01 2.232576077020754224e-01 2.138902272266529903e-01 5.136258493343830445e-01 5.517764303101320156e-01 4.833892520659303638e-01 6.254665572857496247e-01 4.287316505115570942e-01 2.669268229667437486e-01 8.286351716134869871e-01 4.160450074338029047e-01 1.809076216194018261e-01 4.986528014130265363e-01 6.777913085847034891e-01 4.287123031650292293e-01 5.221177220860201418e-01 5.695595239009682009e-01 6.926159688777731027e-01 3.861994602639703400e-01 4.300251542915332625e-01 1.483913340065233788e-01 3.597569697540335398e-01 5.243493150522480217e-01 2.401906652867640546e-01 5.658810529590596605e-01 3.604099782782396733e-01 5.186885914667924702e-01 1.367804384003955542e-01 5.033553454138898209e-01
1.074926769681140870e+00 4.584498032381320032e-01 8.704148401967533033e-01 1.040708892292190768e+00 4.580687700897319581e-01 1.142849075176056717e+00 5.447224055418496969e-01 4.639663851534926442e-01 0.000000000000000000e+00 4.609617334814979372e-01 6.828141386691031212e-01 8.081340480838292706e-01 8.339066261784593426e-01 5.651515868088461403e-01 3.310606532554276615e-01 2.886933761865781989e-01 1.107287656638374251e+00 7.852791673991443844e-01 4.291938384198977774e-01 2.361066640827347296e-01 4.231046347705622601e-01 6.582709892649597494e-01 6.160949373005554230e-01 6.655189962545495774e-01 9.502933636698079889e-01 7.396752655652142350e-01 3.011514435824372837e-01 8.572578194663429407e-01 6.023283055531697405e-01 2.264933779398455582e-01 9.732050194246675279e-01 6.385897928920027944e-01 5.326761123643227736e-01 9.421588779264653546e-01 1.116176404164025859e+00 1.557478189641539612e-01 3.923634589877272871e-01 6.993016989763104485e-01 1.134663771494239803e+00 4.008319629908057569e-01 3.085747732540848332e-01 3.519778821171515859e-01 6.744609471187437144e-01 3.771564411033174746e-01 4.293757567059485192e-01 1.393462779612976987e-01 7.923788140805536617e-01 4.894099013648388063e-01 3.589383062859725637e-01 8.467458745266621678e-01
1.061322113049434357e+00 9.050496772033163051e-01 4.242997381330467777e-01 1.069958076077999198e+00 5.161360865352695448e-01 1.076421348453385329e+00 4.185652993471550287e-01 6.283747562455226365e-01 4.609617334814979372e-01 0.000000000000000000e+00 7.278163561331989495e-01 7.262703354293383873e-01 7.674788994557875110e-01 4.259422627171285947e-01 3.158478467614463936e-01 4.007110769376015513e-01 1.067157549728521282e+00 7.841691208832686222e-01 5.156707638222349788e-01 6.812340263720160216e-01 2.246395391931590990e-01 2.157327267573380947e-01 7.321135272355833168e-01 6.237862482586468138e-01 9.429705545297764058e-01 6.267647679109791259e-01 2.003481285192327266e-01 8.865070032521507049e-01 5.859762012866275294e-01 3.705922564764633220e-01 9.042635781813410656e-01 4.795514702838750143e-01 5.551276571775929369e-01 8.795069915229626334e-01 1.099325190423210641e+00 3.509909466508543963e-01 2.684422421975092843e-01 6.289700588995041919e-01 1.079935876749482881e+00 3.832093798742731150e-01 3.737965957818203400e-01 4.995457003392982376e-01 7.394130241841423423e-01 1.396066988431689526e-01 4.277165703077325243e-01 5.704892668784342646e-01 8.489115965185637380e-01 3.417755404312010636e-01 5.368634584572751223e-01 7.562248703024671004e-01
5.858612396656134313e-01 1.100885613215207615e+00 1.117049314033359497e+00 3.763283408691011078e-01 8.992965474555477678e-01 7.356899656930830922e-01 3.784781349456574628e-01 4.414703354007690761e-01 6.828141386691031212e-01 7.278163561331989495e-01 0.000000000000000000e+00 4.515135360011782728e-01 4.061268877164585511e-01 7.008414616261077201e-01 4.982256143641355384e-01 6.330098399056324210e-01 6.491855647781682448e-01 2.692818792869469124e-01 2.564567814494812525e-01 8.885913949832370262e-01 6.525464612461684411e-01 9.049054631015666095e-01 2.555135516573677212e-01 4.956190070610006493e-01 4.886810323643945297e-01 3.899493554175518240e-01 6.629335001333865884e-01 1.996111072881888437e-01 1.962084718282836038e-01 4.641503425732567134e-01 5.662803464237189388e-01 5.347096649944672597e-01 5.949425036706590397e-01 4.320723603613048636e-01 6.548238450916024078e-01 6.454721979414336230e-01 4.871322188859443791e-01 3.313665010291006463e-01 6.344293877070890098e-01 3.446069762589260010e-01 7.507138028849956735e-01 3.951646559473749321e-01 1.551353000428659645e-01 6.148882079027702119e-01 6.659208774525720020e-01 7.633653003082091493e-01 3.359701242327000625e-01 5.293634951135494093e-01 5.206101295729258505e-01 3.554660162813211288e-01
3.625333803441387337e-01 1.246587613983030085e+00 1.129609273023782556e+00 8.270458621578288261e-01 8.948687150144222224e-01 6.939778068856661264e-01 3.629441919032413977e-01 3.584466476448702199e-01 8.081340480838292706e-01 7.262703354293383873e-01 4.515135360011782728e-01 0.000000000000000000e+00 3.618373052323738959e-01 3.759365000689591230e-01 6.469594961570576119e-01 6.280070931908164900e-01 3.594582925602186618e-01 2.708554312597742375e-01 4.443958243778205475e-01 1.033402289520649608e+00 5.626051062473820252e-01 9.174654220919890024e-01 2.279530609644722372e-01 2.059684401466332915e-01 2.199413660355459821e-01 2.022402506404919476e-01 6.935655705613469335e-01 6.503803545582250711e-01 3.677115847585829544e-01 6.018612536727978579e-01 5.177967820178318581e-01 2.478030493593985917e-01 3.942574052847004906e-01 1.807182588176669824e-01 3.791343263568603406e-01 7.856669963726796713e-01 4.986150131185141388e-01 3.432735296728594010e-01 3.773655955191410616e-01 5.230412744987369411e-01 7.544477790810647511e-01 4.592358853258645679e-01 3.011784643904337755e-01 6.222375313550618792e-01 5.066131737296047932e-01 9.090673010760322859e-01 1.374114035621199492e-01 3.902617021207750447e-01 4.952270860452657741e-01 1.483572811908998867e-01
5.643018259099182865e-01 1.250514239095617208e+00 1.160631459831517720e+00 7.654638268538552781e-01 9.977906147697686023e-01 3.506516182022167971e-01 3.559520321244835084e-01 6.684817129062262664e-01 8.339066261784593426e-01 7.674788994557875110e-01 4.061268877164585511e-01 3.618373052323738959e-01 0.000000000000000000e+00 5.925884301211011840e-01 5.855309705255742347e-01 8.238275678150119852e-01 5.924347476325350081e-01 2.842827706139111621e-01 4.447589074919260921e-01 1.036680181176283577e+00 6.577009111890250725e-01 9.484876088997240551e-01 4.550920886766183782e-01 5.246243072862387669e-01 4.926109422108136404e-01 2.044416075345660833e-01 7.195677493975103367e-01 5.829511385017169811e-01 2.450263067471053491e-01 6.356894584405451409e-01 1.851887814451723957e-01 4.123453277536443529e-01 6.949021894139503219e-01 3.851686223455735858e-01 6.358353416768550703e-01 7.846422185632729862e-01 4.995500196192313447e-01 1.577479165335722577e-01 5.922844772002080482e-01 4.330746631876538077e-01 8.536039220256460558e-01 5.984982921279670132e-01 3.461699698780587586e-01 6.575408457892802927e-01 7.446221045402985350e-01 9.129939261886196311e-01 4.018646759511352307e-01 4.889013988917171316e-01 7.392428384439276856e-01 2.546549901301468632e-01
7.384698804130978012e-01 1.022472360359142129e+00 8.438177752595061865e-01 1.053906470395332695e+00 5.230983080344451253e-01 9.177189766450848385e-01 3.339975736730854128e-01 3.475504439134081691e-01 5.651515868088461403e-01 4.259422627171285947e-01 7.008414616261077201e-01 3.759365000689591230e-01 5.925884301211011840e-01 0.000000000000000000e+00 4.415313351791510521e-01 2.775997814359653093e-01 7.346912725375459585e-01 5.811507108640751040e-01 5.867330563418354794e-01 7.986567095278415129e-01 2.240065059898755095e-01 6.337731311118763866e-01 4.453279099687401654e-01 2.127090778722021402e-01 5.920489671838409240e-01 3.898176350038480842e-01 4.072155288746115431e-01 8.704553975694844237e-01 5.187442955336405426e-01 4.347091945022162340e-01 7.430481816450420496e-01 1.802431023674568866e-01 1.797384844772753343e-01 5.566547588866260776e-01 7.512419275051553935e-01 4.240587953317485614e-01 3.014814931057117064e-01 4.957370682496434755e-01 7.533020955881000180e-01 4.581647091652484294e-01 3.826773721010877094e-01 4.294942266307775758e-01 5.798664522009638889e-01 3.313820436845799078e-01 1.520336744191971845e-01 7.002072923468325438e-01 4.804649360515316769e-01 1.831122135051935218e-01 2.837667897164739550e-01 4.670362817751630424e-01
8.849285536335345093e-01 7.499853053908990264e-01 7.050808046616072744e-01 8.403673343089353986e-01 4.965022766081423344e-01 8.944734195231717200e-01 2.954162199191422422e-01 4.546141741641817058e-01 3.310606532554276615e-01 3.158478467614463936e-01 4.982256143641355384e-01 6.469594961570576119e-01 5.855309705255742347e-01 4.415313351791510521e-01 0.000000000000000000e+00 3.582131226968929272e-01 9.318642332131450434e-01 5.700356801000401319e-01 2.695188599482640224e-01 5.361512474715655063e-01 2.697102621615689033e-01 4.929369537298141646e-01 4.859616233616121939e-01 6.332176046098295652e-01 8.089217046479540985e-01 4.854600472294059998e-01 2.380958652980121881e-01 6.569162614830874602e-01 3.702253846686962002e-01 2.030467320056061065e-01 7.248293637717821980e-01 4.364049195251261115e-01 5.562518940772086529e-01 7.218785095824060694e-01 9.718735963545497292e-01 2.726198050306731235e-01 1.720284100433722152e-01 4.509260433234253407e-01 9.281883513441064881e-01 1.572213092151235891e-01 3.510295901547110797e-01 3.062228401576584380e-01 4.977388860122993752e-01 2.067187038530409748e-01 4.578813473727666450e-01 4.124649924839010606e-01 6.513961991176671074e-01 3.066181516568044496e-01 3.703950106427567612e-01 6.138503506628965045e-01
9.380734960609962148e-01 7.455765788392871851e-01 8.185328059078688101e-01 9.963201386007339844e-01 2.933256344724525233e-01 1.135861685865257265e+00 5.162814612574253559e-01 2.830263036475615390e-01 2.886933761865781989e-01 4.007110769376015513e-01 6.330098399056324210e-01 6.280070931908164900e-01 8.238275678150119852e-01 2.775997814359653093e-01 3.582131226968929272e-01 0.000000000000000000e+00 9.512976573232351241e-01 6.860554084216891058e-01 3.790686603230860041e-01 5.217609280079867906e-01 2.279325709521032306e-01 6.026209785203919811e-01 4.778176228900644640e-01 4.342831559190947210e-01 7.966521529819446945e-01 6.604534368350103435e-01 2.003629484183688247e-01 8.128690657748857129e-01 5.788012610679068581e-01 1.903211334143643796e-01 9.662176301138681866e-01 4.542018304236806747e-01 2.664460276013194129e-01 7.816791050605883528e-01 9.608176122322652501e-01 1.585474000889441071e-01 3.837965437518635614e-01 6.923143096655111073e-01 9.756422725253346417e-01 4.044391285131242464e-01 1.469988506439716403e-01 2.401303155238339038e-01 5.907631606114382983e-01 3.485359013873476908e-01 1.436826395344768525e-01 4.252629832358599260e-01 6.434362819258013788e-01 3.653961010895335204e-01 1.462458652471659848e-01 7.436250199813509987e-01
2.759539846473382241e-01 1.545741222537574400e+00 1.470496487322965784e+00 1.015809446099984248e+00 1.244623291795687869e+00 9.254240918150646866e-01 6.893787935840522962e-01 6.682713536756734740e-01 1.107287656638374251e+00 1.067157549728521282e+00 6.491855647781682448e-01 3.594582925602186618e-01 5.924347476325350081e-01 7.346912725375459585e-01 9.318642332131450434e-01 9.512976573232351241e-01 0.000000000000000000e+00 3.923776478695429892e-01 7.231076281084878321e-01 1.332555898075194145e+00 9.055737618441317416e-01 1.258352636391171897e+00 5.075776044367403816e-01 5.548662959457156818e-01 2.047601218890817698e-01 4.816271421041788403e-01 1.034452784860529828e+00 8.406150404181675917e-01 5.616388485444487877e-01 8.971791637974503297e-01 7.492430669472305294e-01 5.900220944844721815e-01 7.364057044933524088e-01 2.204417096709199719e-01 1.652833358439651790e-01 1.087449458201799279e+00 8.358252803612602477e-01 5.941529780386435311e-01 1.626379162960231994e-01 7.746429239980213710e-01 1.098296507967206681e+00 7.572233381825221876e-01 5.166251612694514606e-01 9.631247456542448848e-01 8.601156548474681030e-01 1.208220909630577156e+00 3.323657727422476005e-01 7.311489164199580504e-01 8.050517920760690282e-01 3.377797575023882004e-01
3.172169672872887647e-01 1.201853493751137369e+00 1.175019454618132064e+00 6.377857887626253719e-01 9.779174059053801216e-01 6.178715301216934908e-01 3.878315909593881283e-01 4.223780207554188038e-01 7.852791673991443844e-01 7.841691208832686222e-01 2.692818792869469124e-01 2.708554312597742375e-01 2.842827706139111621e-01 5.811507108640751040e-01 5.700356801000401319e-01 6.860554084216891058e-01 3.923776478695429892e-01 0.000000000000000000e+00 3.730045493218859254e-01 9.895592755191666701e-01 6.809449350530246692e-01 9.628756036863386214e-01 2.082377855316247528e-01 3.828394659830645086e-01 2.601365251366448694e-01 2.240180017333183449e-01 7.335786905377114087e-01 4.623299511449603383e-01 1.998102954313437651e-01 5.697419270224470811e-01 4.459253465716794262e-01 4.059167744426802615e-01 5.381301481223353944e-01 1.757161842383771488e-01 4.028146839059628115e-01 7.464400784773637110e-01 5.157268786857592824e-01 2.761046852593008749e-01 3.748137049109143137e-01 4.128143708849164595e-01 8.305800882078536729e-01 4.633985995951217518e-01 1.403591770975143038e-01 6.728583484875421128e-01 6.510480773892257655e-01 8.643331808441392372e-01 1.409194427346522061e-01 5.276209782296719109e-01 5.524914461230150398e-01 1.468517840910018857e-01
6.626171170876846706e-01 8.473504590394090874e-01 9.049037217223960816e-01 6.172765145290469713e-01 6.483524433286271815e-01 7.702454228888577781e-01 3.131177660180968214e-01 2.565214038485056358e-01 4.291938384198977774e-01 5.156707638222349788e-01 2.564567814494812525e-01 4.443958243778205475e-01 4.447589074919260921e-01 5.867330563418354794e-01 2.695188599482640224e-01 3.790686603230860041e-01 7.231076281084878321e-01 3.730045493218859254e-01 0.000000000000000000e+00 6.358189395788154119e-01 4.520487043243821002e-01 6.927598707906026387e-01 2.164427634133482548e-01 4.249338423176919344e-01 5.482673608965273893e-01 4.117168731377331969e-01 4.136645347497780456e-01 4.338254417031993659e-01 1.997326007448209095e-01 2.105300423240513696e-01 6.006013671374680341e-01 4.880031666585697425e-01 4.288216024722398823e-01 5.315230967055739608e-01 7.149384626515546959e-01 3.937210116533971238e-01 3.060672077117215784e-01 3.266980466891110102e-01 7.338801240513579405e-01 1.493839916521848554e-01 4.999549882497075215e-01 1.583570081338319113e-01 2.452671086988458815e-01 4.076147748356204192e-01 4.430517026615528042e-01 5.098301461324106221e-01 3.907418553662401761e-01 4.275112225138372746e-01 3.029662666253615244e-01 4.357351977172122526e-01
1.285527515345112670e+00 2.383036800309020209e-01 1.082085525679911564e+00 1.244989000412212610e+00 6.821057294767478574e-01 1.345622630173880507e+00 7.546120316018061214e-01 6.902160414036773162e-01 2.361066640827347296e-01 6.812340263720160216e-01 8.885913949832370262e-01 1.033402289520649608e+00 1.036680181176283577e+00 7.986567095278415129e-01 5.361512474715655063e-01 5.217609280079867906e-01 1.332555898075194145e+00 9.895592755191666701e-01 6.358189395788154119e-01 0.000000000000000000e+00 6.471415941575782149e-01 8.699416747481176770e-01 8.266956829645271121e-01 8.935467049103640313e-01 1.163935950435262212e+00 9.424814446484864883e-01 5.244657559287243531e-01 1.061537927586365226e+00 8.040909552621350320e-01 4.370941236038172195e-01 1.175978574422491318e+00 8.502604783751608331e-01 7.669019506641682193e-01 1.148077822902855427e+00 1.330607052190289075e+00 3.797847783511700825e-01 6.040341444708853258e-01 9.020752539741344611e-01 1.350434850248639629e+00 6.036055179886299360e-01 5.326117326411009545e-01 5.772461235539718682e-01 8.810860482776615710e-01 5.888271265864751802e-01 6.646274925720776494e-01 1.387387007478508849e-01 1.004660039456094056e+00 7.010805868479967895e-01 5.869660149417870176e-01 1.049490218623341242e+00
8.997383251650448166e-01 8.709572449888783874e-01 6.446625070755305220e-01 9.946881811909681348e-01 3.716396506859072635e-01 9.639179728115147006e-01 3.097781967075174947e-01 4.355518257049302289e-01 4.231046347705622601e-01 2.246395391931590990e-01 6.525464612461684411e-01 5.626051062473820252e-01 6.577009111890250725e-01 2.240065059898755095e-01 2.697102621615689033e-01 2.279325709521032306e-01 9.055737618441317416e-01 6.809449350530246692e-01 4.520487043243821002e-01 6.471415941575782149e-01 0.000000000000000000e+00 4.350030234079049762e-01 6.459421158591703849e-01 4.367155838620775943e-01 7.813867666453868654e-01 4.976182749620720047e-01 2.132940892753875661e-01 8.112371083651204184e-01 4.910752700662201486e-01 3.335718635305998103e-01 7.906100970490395063e-01 3.179676823994855850e-01 3.444203488284977577e-01 7.179232036385730931e-01 9.377414025388211005e-01 2.802177146820221676e-01 1.709359373212741839e-01 5.164211046267668248e-01 9.183520888650933411e-01 3.079394849872423290e-01 2.328698491560599326e-01 4.425650633475446405e-01 6.667881168522364899e-01 1.560881559637352367e-01 2.104307166444226440e-01 5.357358304646037128e-01 6.767256741917749840e-01 1.855265023205855957e-01 3.235610126369050654e-01 6.028917744650406085e-01
1.249511978455852379e+00 1.087365643285833405e+00 2.206828004207236349e-01 1.247047183046366303e+00 7.180459881180596415e-01 1.257430057897321873e+00 6.038551364175751557e-01 8.054638632138902965e-01 6.582709892649597494e-01 2.157327267573380947e-01 9.049054631015666095e-01 9.174654220919890024e-01 9.484876088997240551e-01 6.337731311118763866e-01 4.929369537298141646e-01 6.026209785203919811e-01 1.258352636391171897e+00 9.628756036863386214e-01 6.927598707906026387e-01 8.699416747481176770e-01 4.350030234079049762e-01 0.000000000000000000e+00 9.092026342039509768e-01 8.281450635579113984e-01 1.134165641192427021e+00 8.120546049813993639e-01 4.022580301020231563e-01 1.063596110220518254e+00 7.630653082549951893e-01 5.476813634448310930e-01 1.087786002145932684e+00 6.763836114983783343e-01 7.629585255723411175e-01 1.068468019911022582e+00 1.290520277085861256e+00 5.494003050448267311e-01 4.533669692826529096e-01 8.138826816975753831e-01 1.270652352056773626e+00 5.602984868426410525e-01 5.757064973646106587e-01 6.766348073076658975e-01 9.165021311525100023e-01 3.080420043854037448e-01 6.380800545224781795e-01 7.498453303788350510e-01 1.045180248134552903e+00 5.272037199712142908e-01 7.139525654256427822e-01 9.416530498424799944e-01
4.708329015605439705e-01 1.038227202425120677e+00 1.121346485135744420e+00 6.304542632701183313e-01 7.696796203737555908e-01 7.876516135063703627e-01 4.378399678521471272e-01 2.232576077020754224e-01 6.160949373005554230e-01 7.321135272355833168e-01 2.555135516573677212e-01 2.279530609644722372e-01 4.550920886766183782e-01 4.453279099687401654e-01 4.859616233616121939e-01 4.778176228900644640e-01 5.075776044367403816e-01 2.082377855316247528e-01 2.164427634133482548e-01 8.266956829645271121e-01 6.459421158591703849e-01 9.092026342039509768e-01 0.000000000000000000e+00 2.401054554036328448e-01 3.418903354588291310e-01 4.003325008660512108e-01 6.166476987685102218e-01 4.495215419759105435e-01 2.594394016617925791e-01 3.896015593607098371e-01 6.173705459172048604e-01 4.363288638566568678e-01 3.554167079191697387e-01 3.424488257248313738e-01 5.097781784623094392e-01 5.862797062085960409e-01 5.163884470633526291e-01 4.138746566837956942e-01 5.349537192926063778e-01 3.597052310038157397e-01 6.223423026762291421e-01 2.666655504956610412e-01 1.430676676582214035e-01 6.219063105604949460e-01 4.593650260603027169e-01 7.007068895181222112e-01 1.818374505641949246e-01 5.782822925626346366e-01 3.442536605913903980e-01 3.383644880855267156e-01
5.652786075659943510e-01 1.114298316993973303e+00 1.038688761360397672e+00 8.705597186737511484e-01 7.169887036647853984e-01 8.567648089395311084e-01 4.067732512171718384e-01 2.138902272266529903e-01 6.655189962545495774e-01 6.237862482586468138e-01 4.956190070610006493e-01 2.059684401466332915e-01 5.246243072862387669e-01 2.127090778722021402e-01 6.332176046098295652e-01 4.342831559190947210e-01 5.548662959457156818e-01 3.828394659830645086e-01 4.249338423176919344e-01 8.935467049103640313e-01 4.367155838620775943e-01 8.281450635579113984e-01 2.401054554036328448e-01 0.000000000000000000e+00 4.091642152803302568e-01 3.416516786028479524e-01 6.128212198253565335e-01 6.896269973795433605e-01 4.988879798502098839e-01 4.808170501933968222e-01 6.805837840716967291e-01 2.135866592834859412e-01 1.882889651380672269e-01 3.839513002449246315e-01 5.706556571974038539e-01 5.928305560080390224e-01 4.726388209433303733e-01 4.876893778568687776e-01 5.779144677096713645e-01 5.743178339698767898e-01 5.740029036164641107e-01 3.622815612331763413e-01 3.746439976358567070e-01 5.239734588345972277e-01 3.162897206259394078e-01 7.767780040869753932e-01 2.842386163270437249e-01 3.381768371590017641e-01 3.130124522887958172e-01 3.407172984396456550e-01
2.089428735024699280e-01 1.375467469895855555e+00 1.346309492124220242e+00 8.582298829729425593e-01 1.089977787454396996e+00 8.256002863933432634e-01 5.691291480129971880e-01 5.136258493343830445e-01 9.502933636698079889e-01 9.429705545297764058e-01 4.886810323643945297e-01 2.199413660355459821e-01 4.926109422108136404e-01 5.920489671838409240e-01 8.089217046479540985e-01 7.966521529819446945e-01 2.047601218890817698e-01 2.601365251366448694e-01 5.482673608965273893e-01 1.163935950435262212e+00 7.813867666453868654e-01 1.134165641192427021e+00 3.418903354588291310e-01 4.091642152803302568e-01 0.000000000000000000e+00 3.732611101721007851e-01 9.102657896617849520e-01 6.827740453552771926e-01 4.507351579976395795e-01 7.268418268314452702e-01 6.494192615255092171e-01 4.658350992857272499e-01 5.876550602625454367e-01 1.717715867144686270e-01 1.678878430034803082e-01 9.235199736793314740e-01 7.153152322189521017e-01 4.994399998886706049e-01 2.706194909888938183e-01 6.572776265057795886e-01 9.436510036259163625e-01 6.002290452139562582e-01 3.417848940574907957e-01 8.389377504554997866e-01 7.151232610838597070e-01 1.037947156988857422e+00 1.600528848946342897e-01 6.069619212212129522e-01 6.504062877347784877e-01 2.379559520806669437e-01
4.567741651040122530e-01 1.156315502567820008e+00 1.024198455913192252e+00 7.518846972848988175e-01 8.590249602899990844e-01 5.330379455572601399e-01 2.092304851483231531e-01 5.517764303101320156e-01 7.396752655652142350e-01 6.267647679109791259e-01 3.899493554175518240e-01 2.022402506404919476e-01 2.044416075345660833e-01 3.898176350038480842e-01 4.854600472294059998e-01 6.604534368350103435e-01 4.816271421041788403e-01 2.240180017333183449e-01 4.117168731377331969e-01 9.424814446484864883e-01 4.976182749620720047e-01 8.120546049813993639e-01 4.003325008660512108e-01 3.416516786028479524e-01 3.732611101721007851e-01 0.000000000000000000e+00 5.881547534507570729e-01 5.732763016800833666e-01 2.394540814706253573e-01 5.540981115114490541e-01 3.568569206894259827e-01 2.095745326363911420e-01 4.944880827149873426e-01 2.776409615396674413e-01 5.250277361484987360e-01 6.789445891117330545e-01 3.644228960798257533e-01 1.531846213487146890e-01 4.847568163943020147e-01 3.434038235295143737e-01 7.206586433159336558e-01 5.684759112528178226e-01 3.032201110825702428e-01 5.168267142444717965e-01 5.418513094230452687e-01 8.187951896608222091e-01 3.139385213931596974e-01 3.120917726414864646e-01 6.457933084236252563e-01 1.462148315089547013e-01
1.025612126925210532e+00 7.482814067600240815e-01 6.202004456145823186e-01 1.008490214974718358e+00 3.157879580160366517e-01 1.028510198395107711e+00 3.796395207119414583e-01 4.833892520659303638e-01 3.011514435824372837e-01 2.003481285192327266e-01 6.629335001333865884e-01 6.935655705613469335e-01 7.195677493975103367e-01 4.072155288746115431e-01 2.380958652980121881e-01 2.003629484183688247e-01 1.034452784860529828e+00 7.335786905377114087e-01 4.136645347497780456e-01 5.244657559287243531e-01 2.132940892753875661e-01 4.022580301020231563e-01 6.166476987685102218e-01 6.128212198253565335e-01 9.102657896617849520e-01 5.881547534507570729e-01 0.000000000000000000e+00 8.250391421488701971e-01 5.337683951063679766e-01 2.356338709165254064e-01 8.588661426437184110e-01 4.524837599677363764e-01 4.484047393481849220e-01 8.445681683803806239e-01 1.066620425555219187e+00 1.769371964109447970e-01 2.244471097804388027e-01 5.849628221953609986e-01 1.046752500526131557e+00 3.217415187709926072e-01 1.734484672625874468e-01 3.735174470409499681e-01 6.589316434486235385e-01 1.777299202042732784e-01 3.121424699184868201e-01 4.186537072222279998e-01 7.946120552600770548e-01 3.033038684405720553e-01 3.466088136655348095e-01 7.177531983118379255e-01
7.788991021099371803e-01 1.273832145818335038e+00 1.275739961152312585e+00 2.016916904944565103e-01 1.072243080058675746e+00 9.125142164783418552e-01 5.364578238963989554e-01 6.254665572857496247e-01 8.572578194663429407e-01 8.865070032521507049e-01 1.996111072881888437e-01 6.503803545582250711e-01 5.829511385017169811e-01 8.704553975694844237e-01 6.569162614830874602e-01 8.128690657748857129e-01 8.406150404181675917e-01 4.623299511449603383e-01 4.338254417031993659e-01 1.061537927586365226e+00 8.112371083651204184e-01 1.063596110220518254e+00 4.495215419759105435e-01 6.896269973795433605e-01 6.827740453552771926e-01 5.732763016800833666e-01 8.250391421488701971e-01 0.000000000000000000e+00 3.517652052920798855e-01 6.415190028269748268e-01 7.431045972089777019e-01 6.902663984582634304e-01 7.829470222423415837e-01 6.235018360013040439e-01 8.489168580824849597e-01 8.184187305445619343e-01 6.458228660048962455e-01 5.037565759754896177e-01 8.258588633470880236e-01 5.032976233778778674e-01 9.236603354881239847e-01 5.750238818166286681e-01 3.515071523920536567e-01 7.735788550217220783e-01 8.499170993375526617e-01 9.363118329113374605e-01 5.303704293952653526e-01 6.873431840642909574e-01 7.046063514579065101e-01 5.459249159194569101e-01
5.147031689648381425e-01 1.017925013181468774e+00 9.752091591867886322e-01 5.353151396114232963e-01 8.023593010920307966e-01 5.742274106137972289e-01 1.982308089972564802e-01 4.287316505115570942e-01 6.023283055531697405e-01 5.859762012866275294e-01 1.962084718282836038e-01 3.677115847585829544e-01 2.450263067471053491e-01 5.187442955336405426e-01 3.702253846686962002e-01 5.788012610679068581e-01 5.616388485444487877e-01 1.998102954313437651e-01 1.997326007448209095e-01 8.040909552621350320e-01 4.910752700662201486e-01 7.630653082549951893e-01 2.594394016617925791e-01 4.988879798502098839e-01 4.507351579976395795e-01 2.394540814706253573e-01 5.337683951063679766e-01 3.517652052920798855e-01 0.000000000000000000e+00 3.948626542955777641e-01 4.046399369582565630e-01 3.385011931661835449e-01 5.862121154681489976e-01 3.516531249137097581e-01 6.016482116858535845e-01 5.567636821208697961e-01 3.247200712255165489e-01 1.544352550220031706e-01 5.579629666754102324e-01 2.130040754535726388e-01 6.559194655499146487e-01 3.547701984161926170e-01 1.815092051240649595e-01 4.730480530561987362e-01 6.208990115250742070e-01 6.804047002744706418e-01 3.028765121134993077e-01 3.397308281065886115e-01 4.955147447321532894e-01 2.453992633612060437e-01
8.484333917412951731e-01 6.486256430644103954e-01 7.598252143766245359e-01 8.249700756528227652e-01 4.538046507471344415e-01 9.455405524508933013e-01 3.818994070173117317e-01 2.669268229667437486e-01 2.264933779398455582e-01 3.705922564764633220e-01 4.641503425732567134e-01 6.018612536727978579e-01 6.356894584405451409e-01 4.347091945022162340e-01 2.030467320056061065e-01 1.903211334143643796e-01 8.971791637974503297e-01 5.697419270224470811e-01 2.105300423240513696e-01 4.370941236038172195e-01 3.335718635305998103e-01 5.476813634448310930e-01 3.896015593607098371e-01 4.808170501933968222e-01 7.268418268314452702e-01 5.540981115114490541e-01 2.356338709165254064e-01 6.415190028269748268e-01 3.948626542955777641e-01 0.000000000000000000e+00 7.758964966995037793e-01 5.280001670718741380e-01 3.718137581783840795e-01 7.282604744061352831e-01 8.935129285864729098e-01 1.966781468478862316e-01 2.758881153936633690e-01 5.019931762511468110e-01 9.245552786533163259e-01 2.152221848515924185e-01 3.060613065663049803e-01 1.464713076331495278e-01 4.510605936718106168e-01 2.665668152831885407e-01 2.889375634873637688e-01 3.111053301574122631e-01 5.675659158522765591e-01 3.788202755447098724e-01 1.840467474193443198e-01 6.312086341499645314e-01
7.211101452246138077e-01 1.389812632341824949e+00 1.299929853077725239e+00 9.256172855611155548e-01 1.137089008015976788e+00 1.835160100094127278e-01 4.888612179844981087e-01 8.286351716134869871e-01 9.732050194246675279e-01 9.042635781813410656e-01 5.662803464237189388e-01 5.177967820178318581e-01 1.851887814451723957e-01 7.430481816450420496e-01 7.248293637717821980e-01 9.662176301138681866e-01 7.492430669472305294e-01 4.459253465716794262e-01 6.006013671374680341e-01 1.175978574422491318e+00 7.906100970490395063e-01 1.087786002145932684e+00 6.173705459172048604e-01 6.805837840716967291e-01 6.494192615255092171e-01 3.568569206894259827e-01 8.588661426437184110e-01 7.431045972089777019e-01 4.046399369582565630e-01 7.758964966995037793e-01 0.000000000000000000e+00 5.628050792775853850e-01 8.492836316514202899e-01 5.419769416602691070e-01 7.926436609915505915e-01 9.239406118094809495e-01 6.388484128654392524e-01 2.795856158289291571e-01 7.490927965149036805e-01 5.723730564338616045e-01 9.929023152718542411e-01 7.586517508352276229e-01 5.070986941157491490e-01 7.943255245148339583e-01 8.950818560642392896e-01 1.052292319434827483e+00 5.635072519089032728e-01 6.245251303097024698e-01 8.993962971511884064e-01 4.114633094448423845e-01
5.841866578053853676e-01 1.067684446912876339e+00 8.885274624301717772e-01 8.738163327776070632e-01 6.646510634776457982e-01 7.374758742776281739e-01 1.931865919336859250e-01 4.160450074338029047e-01 6.385897928920027944e-01 4.795514702838750143e-01 5.347096649944672597e-01 2.478030493593985917e-01 4.123453277536443529e-01 1.802431023674568866e-01 4.364049195251261115e-01 4.542018304236806747e-01 5.900220944844721815e-01 4.059167744426802615e-01 4.880031666585697425e-01 8.502604783751608331e-01 3.179676823994855850e-01 6.763836114983783343e-01 4.363288638566568678e-01 2.135866592834859412e-01 4.658350992857272499e-01 2.095745326363911420e-01 4.524837599677363764e-01 6.902663984582634304e-01 3.385011931661835449e-01 5.280001670718741380e-01 5.628050792775853850e-01 0.000000000000000000e+00 3.123287951854806788e-01 4.023715362789137551e-01 6.221897351791617625e-01 5.526766732828003459e-01 2.643765094817539518e-01 3.154939658821865334e-01 6.028004215054338921e-01 3.651999349439273845e-01 5.242301275442883268e-01 5.644363414403263945e-01 4.991579620901737124e-01 3.797386808598254837e-01 3.322767767866541266e-01 7.301641340058780960e-01 3.693601262346888348e-01 1.491798915271642656e-01 4.640098920839308416e-01 2.943711707496499685e-01
