0.000000000000000000e+00 6.032304641980278381e-01 5.102650131012843593e-01 5.164868609819740497e-01 3.345003026668573742e-01 3.206041557306670287e-01 2.746103299176926305e-01 2.584247281705800425e-01 3.751292908958342442e-01 2.026852755793047411e-01 1.950850780591824596e-01 3.751732919766507801e-01 1.700491338920433193e-01 1.714771848422145528e-01 2.308391795576180960e-01 4.545517935156223044e-01 1.596826241379079303e-01 3.847165673616156911e-01 1.439906827283076174e-01 4.721600087859806338e-01 5.481790665861169254e-01 3.216146424532898562e-01 5.651085300021027047e-01 4.004798169251237994e-01 1.072633469142983687e-01 2.299670553290678321e-01 1.544303101091765162e-01 1.064259738586969956e-01 2.311185058038157658e-01 2.689652571843298423e-01 1.010414468745373107e-01 5.604575866611585244e-01 2.794314810644405456e-01 9.562439025351744670e-02 3.217023040265551970e-01 3.957398934533296053e-01 9.422992700339180572e-02 4.676615246418645566e-01 1.826606611712586481e-01 4.309096199108346514e-01 2.751827888827416135e-01 2.919106011063841155e-01 1.982573581295709320e-01 3.927795590305472873e-01 3.840917846070439623e-01 5.338245242062557017e-01 5.332061301719727142e-01 3.993621581726530256e-01 5.317282345451793679e-01 1.912906179772348725e-01
6.032304641980278381e-01 0.000000000000000000e+00 4.257208599371678504e-01 4.234000145192480247e-01 8.409275767366116705e-01 3.191553172723087251e-01 6.779637241388115632e-01 6.765360041793965218e-01 2.395805721912884212e-01 4.129675906085037429e-01 4.791469012764747459e-01 2.582568312327196969e-01 6.715045583649909000e-01 5.117253688065990236e-01 3.727988324378663787e-01 1.610063194472985959e-01 4.731812534950240456e-01 2.917371606988247712e-01 5.827389249739979293e-01 1.324954188022510193e-01 1.258753582538143512e-01 2.873485611470605883e-01 1.211590923512747553e-01 3.138458590580622265e-01 4.959671172837298303e-01 7.485712304745127943e-01 6.043111917724653948e-01 5.049589633145806777e-01 4.143527361650623519e-01 3.520175835753923677e-01 5.426476960370324454e-01 9.659607556268473560e-02 3.277229883874199778e-01 5.795620823019234091e-01 2.834387076540165751e-01 2.350543742148963611e-01 5.450588734948891290e-01 1.488938743587069902e-01 4.459709420787958956e-01 3.483598856918936892e-01 3.427833404224681080e-01 3.251611552730234167e-01 4.152588702680947708e-01 2.107761212164902809e-01 2.390427453043139083e-01 7.919734416715845660e-02 7.648823331069920517e-02 2.111018572949809047e-01 7.995576818224701954e-02 4.275644288647660884e-01
5.102650131012843593e-01 4.257208599371678504e-01 0.000000000000000000e+00 4.125282730128889686e-01 8.234997700137177690e-01 4.204787341792258215e-01 6.263128065527499011e-01 5.914253078494637883e-01 2.376487724900094300e-01 3.904702941901688762e-01 4.493821052830713758e-01 2.981606024358109952e-01 6.659018868327978291e-01 4.272244199232521633e-01 2.854930029682372639e-01 3.814507655531156338e-01 5.353208615473838972e-01 1.391543324816064686e-01 5.232384411826103143e-01 2.998858837775109643e-01 4.159452147117694287e-01 3.333388033937577100e-01 4.336665556078276862e-01 2.924512863816756125e-01 4.030016661869859074e-01 7.239845771910994321e-01 5.187904198152050173e-01 4.698811304277694112e-01 4.667916262287781781e-01 4.358473584716334170e-01 5.388956924711927332e-01 3.852293875871765638e-01 3.351954134193385060e-01 5.733303140875219972e-01 2.327592397712122396e-01 3.869639234410852113e-01 4.621385333018906416e-01 3.250107120504763247e-01 3.691677218395088556e-01 8.715337016724657160e-02 3.006137676575799111e-01 2.246869384153089011e-01 3.668084172385949748e-01 2.151691950394386821e-01 3.880653856651513078e-01 3.834021613977287024e-01 4.263139122789938451e-01 3.321242867397449228e-01 3.591075917605103807e-01 4.571739253922372792e-01
5.164868609819740497e-01 4.234000145192480247e-01 4.125282730128889686e-01 0.000000000000000000e+00 8.305489699277210924e-01 3.472527629954526573e-01 5.992364234902284315e-01 6.217542968890634736e-01 3.327067549741786201e-01 4.591608994531911070e-01 4.044360026634502003e-01 1.940540667533231234e-01 6.557815356965021047e-01 4.696924843816659423e-01 3.094810417110295808e-01 3.548073362604831082e-01 4.926865201439065700e-01 2.733739405312827220e-01 5.009676445355010221e-01 2.935460796929961202e-01 4.356625071180748043e-01 4.188258810797679255e-01 4.034375441226615289e-01 1.209676009929794849e-01 4.101766557458118023e-01 7.406029380170227050e-01 5.447722256470690638e-01 5.374170931398498663e-01 3.988401356928344965e-01 4.429092644800549095e-01 4.910483273225465517e-01 3.854820555945860372e-01 2.656899474353225377e-01 5.844921410426539010e-01 2.147095010578260188e-01 2.923869788076365883e-01 5.147038568252330082e-01 3.461537830075425703e-01 4.321839210669328191e-01 3.506889665495457886e-01 3.791066820076798849e-01 3.035937053776322503e-01 3.250857453258260144e-01 2.390468508760777711e-01 3.626558499680226366e-01 3.602278426510442944e-01 4.188464551055526286e-01 3.917449368680656629e-01 3.777412413704787641e-01 5.156705837393116276e-01
3.345003026668573742e-01 8.409275767366116705e-01 8.234997700137177690e-01 8.305489699277210924e-01 0.000000000000000000e+00 5.438135340667183959e-01 5.876793406415083965e-01 5.919420111323067113e-01 6.654438044614153780e-01 4.613647157595200943e-01 4.616852377315169287e-01 6.819555168579735094e-01 1.756304426227592030e-01 4.976215081716129918e-01 5.566383096916472928e-01 6.847153667123812015e-01 3.720882137007992529e-01 7.002155259549698307e-01 4.552020875157601343e-01 7.762423493906314143e-01 7.916584425472884545e-01 5.667453979310617118e-01 7.903605105100541817e-01 7.169195307678845053e-01 4.330624770483277874e-01 1.076243066647280394e-01 4.879475930709031850e-01 3.588355035108481417e-01 4.643715576636273656e-01 4.889099931612195249e-01 3.581461089720926472e-01 8.483746006497557834e-01 5.684293637532397137e-01 2.613654944346882614e-01 6.470423226570355402e-01 6.374921169019782674e-01 4.076922654905605903e-01 7.154579287463147530e-01 4.634468815344636727e-01 7.441443768232680611e-01 5.417829773291364948e-01 5.996819675045886866e-01 5.235973767600512474e-01 7.185786891645766783e-01 6.036005042880504545e-01 7.849077476366655981e-01 7.654861747545853579e-01 6.427286714999682626e-01 7.907751809580124691e-01 4.175337922216767472e-01
3.206041557306670287e-01 3.191553172723087251e-01 4.204787341792258215e-01 3.472527629954526573e-01 5.438135340667183959e-01 0.000000000000000000e+00 3.992280072674870284e-01 4.620846823322167785e-01 2.373878276929452247e-01 2.073797072864081714e-01 1.974269232857335243e-01 1.835038406547636614e-01 3.731743069653802314e-01 3.172338786842622271e-01 1.698860829471293410e-01 1.581489978250100736e-01 1.780372214369179695e-01 2.854868305927472649e-01 3.058814138005797045e-01 2.381577499199143411e-01 2.821057601146518268e-01 1.265145264974902040e-01 2.565760712075443872e-01 2.366922814952226173e-01 2.413496304598514164e-01 4.541464103763577231e-01 3.851026110902224797e-01 2.734431342808690824e-01 1.038570043490978645e-01 1.044943137928941584e-01 2.298138286828679266e-01 3.174265091877303546e-01 9.589167718489415015e-02 2.900968080103458746e-01 1.880705528156693951e-01 9.457506652967752336e-02 3.562130148594535028e-01 2.325778961614490548e-01 2.799951044926570765e-01 3.537710039997781775e-01 1.911205204690209214e-01 2.363194774833124179e-01 1.456269073915409940e-01 2.547923999823492047e-01 8.520731634701685098e-02 2.468231481659485804e-01 2.429092929899905606e-01 1.678467455821089915e-01 2.986597647007880885e-01 1.817867359410196282e-01
2.746103299176926305e-01 6.779637241388115632e-01 6.263128065527499011e-01 5.992364234902284315e-01 5.876793406415083965e-01 3.992280072674870284e-01 0.000000000000000000e+00 4.578909792225994702e-01 4.996543753122411613e-01 4.010122811369851159e-01 2.203874250555242775e-01 4.575824612261978896e-01 4.206048521320261968e-01 3.412572297957660039e-01 3.408198035845126372e-01 5.405944203488466382e-01 3.597104504955239701e-01 4.946971913885102046e-01 1.330637421038837476e-01 5.637349393953000609e-01 6.685366290421818070e-01 4.873481706630821142e-01 6.320836183453770740e-01 4.835732146632394368e-01 2.378499539055760892e-01 4.901647883713199372e-01 3.618928057534813170e-01 3.804268848380504275e-01 3.343359639986356324e-01 4.306227418367772897e-01 2.669436676087814098e-01 6.552882927198565577e-01 3.502407357513916963e-01 3.528992156718849249e-01 4.132628955900979895e-01 4.615619594530507852e-01 3.479931724584546249e-01 5.974783980185880417e-01 3.296039180452551842e-01 5.469574133623001932e-01 4.049386685415282128e-01 4.160909127037008548e-01 2.748580809193945651e-01 4.895742706650507703e-01 4.775604709583307073e-01 6.046337788932067969e-01 6.230551759141370605e-01 5.502974596917203920e-01 6.431274504276598414e-01 4.237114942388968686e-01
2.584247281705800425e-01 6.765360041793965218e-01 5.914253078494637883e-01 6.217542968890634736e-01 5.919420111323067113e-01 4.620846823322167785e-01 4.578909792225994702e-01 0.000000000000000000e+00 4.450397452381388841e-01 3.333741463823135520e-01 3.383177538390987338e-01 4.822211164080354995e-01 4.257280742412510310e-01 1.672981580179887240e-01 3.220794904639328049e-01 5.534068189478300592e-01 4.142201160995687137e-01 4.674531666051237599e-01 3.421568095883867344e-01 5.666096841965373443e-01 6.337274804937798045e-01 4.243602860481553440e-01 6.727575460121051343e-01 5.057472528322132233e-01 2.317116214523441686e-01 4.883917834996479579e-01 1.060700069798752865e-01 3.133870277227636114e-01 4.014630920778068934e-01 4.351447090698597475e-01 3.426570079301413108e-01 6.525658747275027149e-01 3.982797278920817696e-01 3.539630594893161675e-01 4.202050978068172515e-01 5.125571350626916267e-01 2.130596005032583673e-01 5.428637679444858755e-01 2.559266186580889113e-01 5.120699146590140804e-01 3.437901068216636657e-01 3.683042248954079834e-01 3.171844129707089288e-01 4.827140824665871466e-01 4.999410078291395276e-01 6.428808787245109402e-01 6.255192796680464351e-01 4.873095750767937884e-01 6.016386888874839523e-01 3.800754703469227391e-01
3.751292908958342442e-01 2.395805721912884212e-01 2.376487724900094300e-01 3.327067549741786201e-01 6.654438044614153780e-01 2.373878276929452247e-01 4.996543753122411613e-01 4.450397452381388841e-01 0.000000000000000000e+00 2.143502687491172232e-01 3.273554903455177523e-01 1.894185495060564384e-01 5.078459212804954381e-01 2.802291098653414414e-01 1.681073665437164688e-01 1.596395901743046519e-01 3.570090005427263291e-01 1.348190110320710566e-01 3.965800099421013525e-01 1.317002094445531568e-01 2.014429976773305653e-01 1.226083570670928602e-01 2.643466669025574811e-01 2.167043824039692201e-01 2.719753969861083420e-01 5.659286116387969301e-01 3.728149328312077571e-01 3.107219722036317910e-01 3.224375281815361483e-01 2.256181996020007186e-01 4.243980139094650217e-01 2.106280012949921787e-01 2.290224820573642517e-01 4.152743485352194952e-01 1.459901226011109943e-01 2.225946326959536148e-01 3.135626145536315468e-01 1.093781263312522262e-01 2.175372112922564494e-01 1.506296139584172022e-01 1.250117778984396189e-01 8.558058308173484285e-02 2.422911907826064692e-01 9.643848743344406171e-02 1.627739358438670125e-01 2.156682446083175997e-01 2.046424349067591797e-01 9.770057702026761770e-02 1.646832568993758517e-01 2.764488487354254120e-01
2.026852755793047411e-01 4.129675906085037429e-01 3.904702941901688762e-01 4.591608994531911070e-01 4.613647157595200943e-01 2.073797072864081714e-01 4.010122811369851159e-01 3.333741463823135520e-01 2.143502687491172232e-01 0.000000000000000000e+00 2.343576231595985715e-01 3.310304569425632226e-01 3.037668325786000989e-01 1.669925434611104209e-01 1.656152521451603188e-01 2.628345092832953811e-01 1.534547466177406672e-01 2.671860501314209935e-01 2.970910475761353031e-01 3.375414342162396664e-01 3.483435808393967048e-01 1.298973582209629052e-01 3.825989773388219772e-01 3.396218384534347989e-01 1.674060550979880879e-01 3.618495229369015909e-01 2.631000727362080016e-01 1.046267972189614676e-01 1.624163672402599012e-01 1.030336028988465130e-01 2.529184457207624970e-01 3.967409745597762494e-01 2.599834020598049689e-01 2.111952598333241837e-01 2.468785440024570121e-01 2.740930717068327249e-01 1.577961148297100102e-01 2.649762490625598432e-01 8.712934935854163565e-02 3.078924874880710760e-01 9.173394937194073728e-02 1.666524916810399048e-01 1.795244394995474668e-01 2.877986456212396349e-01 2.025084994673356509e-01 3.858994375636858876e-01 3.401353800136633909e-01 2.019256754224108830e-01 3.391778401448337643e-01 7.526705125557610343e-02
1.950850780591824596e-01 4.791469012764747459e-01 4.493821052830713758e-01 4.044360026634502003e-01 4.616852377315169287e-01 1.974269232857335243e-01 2.203874250555242775e-01 3.383177538390987338e-01 3.273554903455177523e-01 2.343576231595985715e-01 0.000000000000000000e+00 2.608765549286660157e-01 2.869178035002976079e-01 2.003404803282421709e-01 1.673282997597339838e-01 3.387933363670934672e-01 1.470736976353965442e-01 3.153099616531416793e-01 1.348856499315268798e-01 3.696166684170401062e-01 4.667355450604284695e-01 3.177900877564507343e-01 4.302825343636239031e-01 2.887727938364611502e-01 1.087639201564039731e-01 3.728961216275437640e-01 2.546637879699464313e-01 2.405865018143512890e-01 1.162450026589067903e-01 2.161515034853403183e-01 1.079983383875032371e-01 4.573503808305761642e-01 1.514239128890547403e-01 2.185811047033309473e-01 2.260108157488512071e-01 2.598683177083593865e-01 2.415617410714265556e-01 4.192410965087515762e-01 1.740580199264942507e-01 3.734659095375218452e-01 2.368098397832906765e-01 2.425994088789222014e-01 8.506429956291125527e-02 3.023221908238040712e-01 2.757593869765772587e-01 4.058169560308697577e-01 4.212540919323838340e-01 3.575674192352767955e-01 4.539512568397537362e-01 2.061567017199854024e-01
3.751732919766507801e-01 2.582568312327196969e-01 2.981606024358109952e-01 1.940540667533231234e-01 6.819555168579735094e-01 1.835038406547636614e-01 4.575824612261978896e-01 4.822211164080354995e-01 1.894185495060564384e-01 3.310304569425632226e-01 2.608765549286660157e-01 0.000000000000000000e+00 5.071880826267544107e-01 3.314256707538262847e-01 1.743796609175485013e-01 1.716255810884958766e-01 3.417050365457068861e-01 1.607076122887435565e-01 3.593136822714702583e-01 1.346671005239046537e-01 2.850287170281394777e-01 2.568577160619203159e-01 2.287947036918559773e-01 1.136403443914990319e-01 2.690761044484054065e-01 5.967114555320456315e-01 4.052390451660412007e-01 4.011787679141951002e-01 2.399495353389880237e-01 2.786800187265766615e-01 3.424548742527989686e-01 2.266030764254944874e-01 1.146697284747193735e-01 4.358986879729062625e-01 9.970777944528008696e-02 1.016998218661852443e-01 3.764370431973936282e-01 1.974057004897379064e-01 2.941761424091149935e-01 2.267766615016710563e-01 2.509762394970518340e-01 1.754632628670041716e-01 1.834500425371373977e-01 9.370589606565535301e-02 1.817302923280962046e-01 1.855850022202387983e-01 2.360354349104102634e-01 2.222485681132732871e-01 2.250818025062167327e-01 3.555277686912629576e-01
1.700491338920433193e-01 6.715045583649909000e-01 6.659018868327978291e-01 6.557815356965021047e-01 1.756304426227592030e-01 3.731743069653802314e-01 4.206048521320261968e-01 4.257280742412510310e-01 5.078459212804954381e-01 3.037668325786000989e-01 2.869178035002976079e-01 5.071880826267544107e-01 0.000000000000000000e+00 3.359717758964681500e-01 3.904243728005915570e-01 5.143987401223345524e-01 2.014489865994610329e-01 5.426176427740498909e-01 2.881275990062780457e-01 6.056031222892933608e-01 6.282601870690789347e-01 4.074558498737314571e-01 6.197212834087155731e-01 5.421520965366651845e-01 2.668485401572719407e-01 1.063465315538790062e-01 3.217336561798473937e-01 2.012376203299280353e-01 2.928460445230500198e-01 3.197383893417525824e-01 1.838746258909312870e-01 6.848718815571093188e-01 3.936619295220203929e-01 1.011621927273332888e-01 4.808283857659799154e-01 4.668528898006402694e-01 2.514871448215583727e-01 5.557599821052726652e-01 3.058489983535435108e-01 5.865464936423481213e-01 3.841850941482164994e-01 4.420840843236686912e-01 3.491409434499870845e-01 5.523647522735207760e-01 4.332838776980037498e-01 6.142685205353274336e-01 5.954203614766189201e-01 4.801249850154624133e-01 6.309525354807302699e-01 2.525419743441142395e-01
1.714771848422145528e-01 5.117253688065990236e-01 4.272244199232521633e-01 4.696924843816659423e-01 4.976215081716129918e-01 3.172338786842622271e-01 3.412572297957660039e-01 1.672981580179887240e-01 2.802291098653414414e-01 1.669925434611104209e-01 2.003404803282421709e-01 3.314256707538262847e-01 3.359717758964681500e-01 0.000000000000000000e+00 1.642497390962314452e-01 3.870252160266267061e-01 2.614758741871447967e-01 3.039401758645041696e-01 2.330922683683371854e-01 4.053762275953894378e-01 4.673458775725763958e-01 2.579786831269522129e-01 5.063759430909020587e-01 3.501534233819096342e-01 1.073875701432747409e-01 3.978231077159407603e-01 1.050649597732611906e-01 1.747754007879788740e-01 2.586224975485112987e-01 2.687631061486564499e-01 2.507616389691455505e-01 4.884173639280469104e-01 2.527022862140940185e-01 2.519953383036661054e-01 2.623753464391157530e-01 3.669796933847037090e-01 9.306382157744741423e-02 3.768395336717977329e-01 8.862846064010020120e-02 3.478690267328024555e-01 1.774085039004604791e-01 2.041033369691964139e-01 1.716069712927212054e-01 3.208679391441393580e-01 3.335594049079363965e-01 4.850511273568093862e-01 4.591376767468430820e-01 3.209279721555905462e-01 4.368280535146864541e-01 2.177434153753382007e-01
2.308391795576180960e-01 3.727988324378663787e-01 2.854930029682372639e-01 3.094810417110295808e-01 5.566383096916472928e-01 1.698860829471293410e-01 3.408198035845126372e-01 3.220794904639328049e-01 1.681073665437164688e-01 1.656152521451603188e-01 1.673282997597339838e-01 1.743796609175485013e-01 3.904243728005915570e-01 1.642497390962314452e-01 0.000000000000000000e+00 2.996982484341197406e-01 2.655483711899553900e-01 1.538773878039975673e-01 2.377454382143729117e-01 2.445301937326042896e-01 3.624826289904556909e-01 1.717118630380579380e-01 3.677928582927616485e-01 1.899419807112732728e-01 1.235758326433197135e-01 4.554143680962153273e-01 2.490564848472520965e-01 2.306394141869347325e-01 1.885026189970106514e-01 2.371504474425500109e-01 2.599485632909815935e-01 3.311758945275928290e-01 1.016128933813621044e-01 3.261304447709472143e-01 1.021639037684792528e-01 2.131068877431974429e-01 2.092611115397987886e-01 2.704177576443772546e-01 1.254062421140174632e-01 2.061376097777876948e-01 8.607601520588628596e-02 8.281262151149954009e-02 8.226400019682275633e-02 1.620227112213759035e-01 2.472925848190420661e-01 3.208013882605778577e-01 3.656820662198843053e-01 2.305244240930471034e-01 3.142698263119271251e-01 2.322924181451508918e-01
4.545517935156223044e-01 1.610063194472985959e-01 3.814507655531156338e-01 3.548073362604831082e-01 6.847153667123812015e-01 1.581489978250100736e-01 5.405944203488466382e-01 5.534068189478300592e-01 1.596395901743046519e-01 2.628345092832953811e-01 3.387933363670934672e-01 1.716255810884958766e-01 5.143987401223345524e-01 3.870252160266267061e-01 2.996982484341197406e-01 0.000000000000000000e+00 3.152533706150408843e-01 2.545808428111951405e-01 4.472478268819395364e-01 1.308868148519666819e-01 1.292692910553096264e-01 1.392112064933012372e-01 1.210802375538521519e-01 2.498771883518106640e-01 3.827160435412113038e-01 5.924505265411103005e-01 4.831327453017243978e-01 3.512056724254562501e-01 2.556459563174537375e-01 1.958968796419897629e-01 3.816413765897337940e-01 2.016882473843148449e-01 2.105875312835605029e-01 4.234413783685209709e-01 2.304254541681792778e-01 9.390713711249276674e-02 4.132130072847087776e-01 8.895011725155059501e-02 3.098546395905169559e-01 3.001090818499007051e-01 2.160478027592288852e-01 2.336556641393062461e-01 2.869933204729008813e-01 1.835269270361029603e-01 8.111486242433081639e-02 1.230649282803905759e-01 8.476029516498048699e-02 7.599601617641293938e-02 1.525845796338780314e-01 2.723796418772209127e-01
1.596826241379079303e-01 4.731812534950240456e-01 5.353208615473838972e-01 4.926865201439065700e-01 3.720882137007992529e-01 1.780372214369179695e-01 3.597104504955239701e-01 4.142201160995687137e-01 3.570090005427263291e-01 1.534547466177406672e-01 1.470736976353965442e-01 3.417050365457068861e-01 2.014489865994610329e-01 2.614758741871447967e-01 2.655483711899553900e-01 3.152533706150408843e-01 0.000000000000000000e+00 4.104233567402369998e-01 2.392460456424151671e-01 4.104660367608308214e-01 4.307453974874843050e-01 2.376229347802867320e-01 4.216007859021305149e-01 3.790570809840698718e-01 2.313067663217907854e-01 2.824210900104385247e-01 3.103381724483111337e-01 1.052666968507691148e-01 1.050780827687031876e-01 1.326398356244334886e-01 1.006980098115691780e-01 4.897347960286468349e-01 2.270353080709874849e-01 1.183714876444266761e-01 3.211242108359464442e-01 2.717158042721780076e-01 2.011605155963103742e-01 3.721362565284642154e-01 1.810546993876354649e-01 4.555348783307147653e-01 2.451886959896814044e-01 3.115030590382548703e-01 1.877066310258322934e-01 3.974355859108992250e-01 2.341385081907099985e-01 4.191314350068650607e-01 3.970219482181403525e-01 2.935885759898835268e-01 4.382181250678033324e-01 8.422105974504037751e-02
3.847165673616156911e-01 2.917371606988247712e-01 1.391543324816064686e-01 2.733739405312827220e-01 7.002155259549698307e-01 2.854868305927472649e-01 4.946971913885102046e-01 4.674531666051237599e-01 1.348190110320710566e-01 2.671860501314209935e-01 3.153099616531416793e-01 1.607076122887435565e-01 5.426176427740498909e-01 3.039401758645041696e-01 1.538773878039975673e-01 2.545808428111951405e-01 4.104233567402369998e-01 0.000000000000000000e+00 3.916228260183704513e-01 1.656870646185560070e-01 2.833349047285788069e-01 2.103885268466815228e-01 2.994677364488727012e-01 1.532969539000691439e-01 2.774532204473172392e-01 6.007003331323516049e-01 3.944301609884431348e-01 3.465968863690215840e-01 3.327194825988485927e-01 3.125631144128855898e-01 4.048235488412632033e-01 2.510305684282216343e-01 2.011232697894089483e-01 4.500460700287740035e-01 9.868709614128273744e-02 2.515362283325204840e-01 3.388542892431428144e-01 1.924004020672857307e-01 2.458834777807610561e-01 8.639803123646766503e-02 1.773295235988320839e-01 1.014026943565611294e-01 2.327362736086654449e-01 8.097037588048373868e-02 2.651825680475856650e-01 2.492033422387737729e-01 2.970598541088650402e-01 2.217495822913359560e-01 2.264972817773197034e-01 3.338896813334894520e-01
1.439906827283076174e-01 5.827389249739979293e-01 5.232384411826103143e-01 5.009676445355010221e-01 4.552020875157601343e-01 3.058814138005797045e-01 1.330637421038837476e-01 3.421568095883867344e-01 3.965800099421013525e-01 2.970910475761353031e-01 1.348856499315268798e-01 3.593136822714702583e-01 2.881275990062780457e-01 2.330922683683371854e-01 2.377454382143729117e-01 4.472478268819395364e-01 2.392460456424151671e-01 3.916228260183704513e-01 0.000000000000000000e+00 4.651144874396532791e-01 5.751900355752745941e-01 3.842738052929423609e-01 5.387370248784700832e-01 3.853044357085120830e-01 1.296849924781473262e-01 3.576875352455717860e-01 2.450337417391704464e-01 2.473631427341667632e-01 2.409893705317283086e-01 3.372761483698700768e-01 1.413651796084300083e-01 5.559636949257440452e-01 2.550159365865778960e-01 2.204219625461367460e-01 3.143472150030580115e-01 3.682153659861434059e-01 2.233477465877231616e-01 4.944040326484481773e-01 2.225785002584140526e-01 4.438830479921605510e-01 3.018643031713884040e-01 3.130165473335610460e-01 1.765893019646671280e-01 3.900945745509139528e-01 3.842138774914234389e-01 5.094089797283928300e-01 5.297085824472299587e-01 4.472230943215808607e-01 5.432937358960788776e-01 3.228964573272022909e-01
4.721600087859806338e-01 1.324954188022510193e-01 2.998858837775109643e-01 2.935460796929961202e-01 7.762423493906314143e-01 2.381577499199143411e-01 5.637349393953000609e-01 5.666096841965373443e-01 1.317002094445531568e-01 3.375414342162396664e-01 3.696166684170401062e-01 1.346671005239046537e-01 6.056031222892933608e-01 4.053762275953894378e-01 2.445301937326042896e-01 1.308868148519666819e-01 4.104660367608308214e-01 1.656870646185560070e-01 4.651144874396532791e-01 0.000000000000000000e+00 1.714286112505034043e-01 2.270614743592841989e-01 1.400927795798302122e-01 1.813504402558112349e-01 3.655221972804765795e-01 6.865752257002709635e-01 4.935866785798564416e-01 4.355833368591779942e-01 3.191363873836416398e-01 3.147965269658996035e-01 4.465518496858459363e-01 9.719422040318978495e-02 2.181927555279853104e-01 5.225256233342587819e-01 1.509432888517656668e-01 1.461993388426281737e-01 4.419703510770661148e-01 9.018467294608703555e-02 3.492374207368096894e-01 2.228522697106918027e-01 2.567119873429927757e-01 2.093733383933908121e-01 2.888768584759055513e-01 8.471668873807230993e-02 2.026148441952482782e-01 8.396803516376447063e-02 1.612171974758169202e-01 1.573528852301104841e-01 1.037405319813007043e-01 3.841318488330499603e-01
5.481790665861169254e-01 1.258753582538143512e-01 4.159452147117694287e-01 4.356625071180748043e-01 7.916584425472884545e-01 2.821057601146518268e-01 6.685366290421818070e-01 6.337274804937798045e-01 2.014429976773305653e-01 3.483435808393967048e-01 4.667355450604284695e-01 2.850287170281394777e-01 6.282601870690789347e-01 4.673458775725763958e-01 3.624826289904556909e-01 1.292692910553096264e-01 4.307453974874843050e-01 2.833349047285788069e-01 5.751900355752745941e-01 1.714286112505034043e-01 0.000000000000000000e+00 2.265644241328270969e-01 1.560583849540765622e-01 3.226140455762667170e-01 4.618642910385334366e-01 6.955291443261963913e-01 5.627038268836328516e-01 4.448329454959509266e-01 3.797275046374487539e-01 3.089318590264693576e-01 5.055981388793757692e-01 1.633027012729824368e-01 3.383929465201396258e-01 5.349462618967989469e-01 2.910044648500966225e-01 2.184671046142661333e-01 4.943067662938765983e-01 9.964645817005830797e-02 3.901753011364665902e-01 3.353783564357926128e-01 2.963684643051785472e-01 2.855635213420422147e-01 4.149355291662359391e-01 2.122773796035864746e-01 1.986229678718427483e-01 1.743282427886090613e-01 7.789607951434948663e-02 1.489297710473199698e-01 8.802002323678101425e-02 3.759429924355425223e-01
3.216146424532898562e-01 2.873485611470605883e-01 3.333388033937577100e-01 4.188258810797679255e-01 5.667453979310617118e-01 1.265145264974902040e-01 4.873481706630821142e-01 4.243602860481553440e-01 1.226083570670928602e-01 1.298973582209629052e-01 3.177900877564507343e-01 2.568577160619203159e-01 4.074558498737314571e-01 2.579786831269522129e-01 1.717118630380579380e-01 1.392112064933012372e-01 2.376229347802867320e-01 2.103885268466815228e-01 3.842738052929423609e-01 2.270614743592841989e-01 2.265644241328270969e-01 0.000000000000000000e+00 2.589455379859331718e-01 2.992868200800116174e-01 2.569567958120407836e-01 4.692070894700772210e-01 3.540862124020499047e-01 2.182685213631238019e-01 2.075706570549872287e-01 1.052651699838401539e-01 3.257847703394780026e-01 2.816292027186940161e-01 1.999646745029561856e-01 3.139171449908736422e-01 2.041163800219419067e-01 1.575617266689800511e-01 2.802758562223763295e-01 1.487125308152532632e-01 1.808081066908424073e-01 2.496855404301764059e-01 8.700126985955433656e-02 1.221157284054949499e-01 2.414986465748349409e-01 2.170788024802474403e-01 7.888519667734145147e-02 2.622761347736918824e-01 2.143802340313838151e-01 7.782251827176139836e-02 2.240297830269508961e-01 1.574787730574778166e-01
5.651085300021027047e-01 1.211590923512747553e-01 4.336665556078276862e-01 4.034375441226615289e-01 7.903605105100541817e-01 2.565760712075443872e-01 6.320836183453770740e-01 6.727575460121051343e-01 2.643466669025574811e-01 3.825989773388219772e-01 4.302825343636239031e-01 2.287947036918559773e-01 6.197212834087155731e-01 5.063759430909020587e-01 3.677928582927616485e-01 1.210802375538521519e-01 4.216007859021305149e-01 2.994677364488727012e-01 5.387370248784700832e-01 1.400927795798302122e-01 1.560583849540765622e-01 2.589455379859331718e-01 0.000000000000000000e+00 2.956592286479645115e-01 4.607107018558704858e-01 7.006933868196931758e-01 6.011599304177841496e-01 4.709701404809828462e-01 3.471351543139842288e-01 3.159734404129595498e-01 4.784932823961597914e-01 1.626414990753003442e-01 2.856770489376623812e-01 5.366437844536814383e-01 2.717416976799194583e-01 1.716599458829730918e-01 5.329774753402354293e-01 1.675563403703217435e-01 4.292053666547923085e-01 3.579290187202793794e-01 3.353985298235041546e-01 3.431540102237075063e-01 3.732129308183370631e-01 2.184973605683889208e-01 2.013314394441257371e-01 7.691879713592381096e-02 8.020000942257790588e-02 1.894360994426563805e-01 1.723634951976315832e-01 3.924562026481906440e-01
4.004798169251237994e-01 3.138458590580622265e-01 2.924512863816756125e-01 1.209676009929794849e-01 7.169195307678845053e-01 2.366922814952226173e-01 4.835732146632394368e-01 5.057472528322132233e-01 2.167043824039692201e-01 3.396218384534347989e-01 2.887727938364611502e-01 1.136403443914990319e-01 5.421520965366651845e-01 3.501534233819096342e-01 1.899419807112732728e-01 2.498771883518106640e-01 3.790570809840698718e-01 1.532969539000691439e-01 3.853044357085120830e-01 1.813504402558112349e-01 3.226140455762667170e-01 2.992868200800116174e-01 2.956592286479645115e-01 0.000000000000000000e+00 2.941696116889612189e-01 6.245958939601723436e-01 4.287651815902187580e-01 4.178780321400937803e-01 2.881882001154672523e-01 3.323487829798248971e-01 3.774188881627098535e-01 2.731976090428774873e-01 1.549475191463736967e-01 4.708627018828170918e-01 9.517044005806976625e-02 1.999987349078549415e-01 3.951647958254769777e-01 2.326330509567186844e-01 3.126448600671765110e-01 2.327349781972198606e-01 2.595676210079235768e-01 1.840546443778759422e-01 2.090787012689756530e-01 1.230444783058685099e-01 2.574051746349987901e-01 2.511082961874580577e-01 3.116316852679749116e-01 2.759826991911685790e-01 2.649990189848404620e-01 4.051101022390817818e-01
1.072633469142983687e-01 4.959671172837298303e-01 4.030016661869859074e-01 4.101766557458118023e-01 4.330624770483277874e-01 2.413496304598514164e-01 2.378499539055760892e-01 2.317116214523441686e-01 2.719753969861083420e-01 1.674060550979880879e-01 1.087639201564039731e-01 2.690761044484054065e-01 2.668485401572719407e-01 1.073875701432747409e-01 1.235758326433197135e-01 3.827160435412113038e-01 2.313067663217907854e-01 2.774532204473172392e-01 1.296849924781473262e-01 3.655221972804765795e-01 4.618642910385334366e-01 2.569567958120407836e-01 4.607107018558704858e-01 2.941696116889612189e-01 0.000000000000000000e+00 3.318385354528955999e-01 1.530139584763429150e-01 2.034683744019695206e-01 1.785803309544686523e-01 2.677412188337450205e-01 1.701924689552148928e-01 4.532421490460721847e-01 1.801726833465749356e-01 2.025546121276274314e-01 2.150644925210511704e-01 2.951258352587831646e-01 1.399119115778230671e-01 3.697994196924550558e-01 9.289350778026678190e-02 3.236462729965362550e-01 1.755058199374220917e-01 1.887567071966581578e-01 9.907736842520208087e-02 2.855162121162491129e-01 3.196820941506952063e-01 4.294266960600231497e-01 4.581157894319316526e-01 3.199060848406791169e-01 4.285743406354534102e-01 2.181569270122159510e-01
2.299670553290678321e-01 7.485712304745127943e-01 7.239845771910994321e-01 7.406029380170227050e-01 1.076243066647280394e-01 4.541464103763577231e-01 4.901647883713199372e-01 4.883917834996479579e-01 5.659286116387969301e-01 3.618495229369015909e-01 3.728961216275437640e-01 5.967114555320456315e-01 1.063465315538790062e-01 3.978231077159407603e-01 4.554143680962153273e-01 5.924505265411103005e-01 2.824210900104385247e-01 6.007003331323516049e-01 3.576875352455717860e-01 6.865752257002709635e-01 6.955291443261963913e-01 4.692070894700772210e-01 7.006933868196931758e-01 6.245958939601723436e-01 3.318385354528955999e-01 0.000000000000000000e+00 3.843973654382443761e-01 2.593203106882295828e-01 3.747044339732666374e-01 3.965536468991205377e-01 2.679079676741084048e-01 7.508362921887711261e-01 4.831853024273116692e-01 1.701461008626270477e-01 5.458183810616035192e-01 5.478249932116177057e-01 3.078938650348885808e-01 6.179196202853304287e-01 3.639316887118450583e-01 6.446291840006496132e-01 4.422677845065178803e-01 5.001667746819702387e-01 4.223734351646193375e-01 6.173547475691445463e-01 5.127269197625199393e-01 6.952406239463050364e-01 6.731298284924863706e-01 5.465993732788763104e-01 6.932368724970280338e-01 3.226477343301821232e-01
1.544303101091765162e-01 6.043111917724653948e-01 5.187904198152050173e-01 5.447722256470690638e-01 4.879475930709031850e-01 3.851026110902224797e-01 3.618928057534813170e-01 1.060700069798752865e-01 3.728149328312077571e-01 2.631000727362080016e-01 2.546637879699464313e-01 4.052390451660412007e-01 3.217336561798473937e-01 1.050649597732611906e-01 2.490564848472520965e-01 4.831327453017243978e-01 3.103381724483111337e-01 3.944301609884431348e-01 2.450337417391704464e-01 4.935866785798564416e-01 5.627038268836328516e-01 3.540862124020499047e-01 6.011599304177841496e-01 4.287651815902187580e-01 1.530139584763429150e-01 3.843973654382443761e-01 0.000000000000000000e+00 2.167702154240191414e-01 3.244810208358125947e-01 3.648706354237540306e-01 2.400221612216655032e-01 5.795428691108219788e-01 3.212976566500874709e-01 2.491876802780886579e-01 3.452965177227059757e-01 4.355750638206972170e-01 1.164427882045138973e-01 4.706389555375544709e-01 1.868430468037016456e-01 4.394350266247555870e-01 2.735160331755581153e-01 2.960794124884768563e-01 2.402023417287146023e-01 4.096910768499063549e-01 4.296669341830340882e-01 5.698578731078302040e-01 5.552452060219409402e-01 4.170355014306882380e-01 5.294138764805528252e-01 2.974924132259312293e-01
1.064259738586969956e-01 5.049589633145806777e-01 4.698811304277694112e-01 5.374170931398498663e-01 3.588355035108481417e-01 2.734431342808690824e-01 3.804268848380504275e-01 3.133870277227636114e-01 3.107219722036317910e-01 1.046267972189614676e-01 2.405865018143512890e-01 4.011787679141951002e-01 2.012376203299280353e-01 1.747754007879788740e-01 2.306394141869347325e-01 3.512056724254562501e-01 1.052666968507691148e-01 3.465968863690215840e-01 2.473631427341667632e-01 4.355833368591779942e-01 4.448329454959509266e-01 2.182685213631238019e-01 4.709701404809828462e-01 4.178780321400937803e-01 2.034683744019695206e-01 2.593203106882295828e-01 2.167702154240191414e-01 0.000000000000000000e+00 2.041675695280170399e-01 1.713785720389384704e-01 1.598639505356264645e-01 4.998977240818177625e-01 3.224661375275689745e-01 1.086660475846521340e-01 3.262893802400574916e-01 3.485611251985241132e-01 1.003274272195052441e-01 3.669810521783771207e-01 1.126403203583560692e-01 3.905257372373197033e-01 1.857101943051921999e-01 2.460633279186403843e-01 2.413708226061961060e-01 3.672094818588401699e-01 2.826940285826837762e-01 4.742706007058467566e-01 4.298600090818066599e-01 2.960160370824869713e-01 4.422983043900746702e-01 9.848652708976141090e-02
2.311185058038157658e-01 4.143527361650623519e-01 4.667916262287781781e-01 3.988401356928344965e-01 4.643715576636273656e-01 1.038570043490978645e-01 3.343359639986356324e-01 4.014630920778068934e-01 3.224375281815361483e-01 1.624163672402599012e-01 1.162450026589067903e-01 2.399495353389880237e-01 2.928460445230500198e-01 2.586224975485112987e-01 1.885026189970106514e-01 2.556459563174537375e-01 1.050780827687031876e-01 3.327194825988485927e-01 2.409893705317283086e-01 3.191363873836416398e-01 3.797275046374487539e-01 2.075706570549872287e-01 3.471351543139842288e-01 2.881882001154672523e-01 1.785803309544686523e-01 3.747044339732666374e-01 3.244810208358125947e-01 2.041675695280170399e-01 0.000000000000000000e+00 1.030336028988465130e-01 1.352461710778960213e-01 4.010398315056522001e-01 1.406639315060916329e-01 2.106548316072548721e-01 2.395664714359140024e-01 1.802518986051152017e-01 2.981694967356370296e-01 3.296536412457683474e-01 2.213837233569061758e-01 3.946402287747982629e-01 2.541503166122005553e-01 2.683581214320936992e-01 1.108230121160827392e-01 3.115346302568032799e-01 1.828290608698135977e-01 3.361089286528530229e-01 3.381067118827441598e-01 2.590171036286932904e-01 3.957355097851074643e-01 1.224171585693514253e-01
2.689652571843298423e-01 3.520175835753923677e-01 4.358473584716334170e-01 4.429092644800549095e-01 4.889099931612195249e-01 1.044943137928941584e-01 4.306227418367772897e-01 4.351447090698597475e-01 2.256181996020007186e-01 1.030336028988465130e-01 2.161515034853403183e-01 2.786800187265766615e-01 3.197383893417525824e-01 2.687631061486564499e-01 2.371504474425500109e-01 1.958968796419897629e-01 1.326398356244334886e-01 3.125631144128855898e-01 3.372761483698700768e-01 3.147965269658996035e-01 3.089318590264693576e-01 1.052651699838401539e-01 3.159734404129595498e-01 3.323487829798248971e-01 2.677412188337450205e-01 3.965536468991205377e-01 3.648706354237540306e-01 1.713785720389384704e-01 1.030336028988465130e-01 0.000000000000000000e+00 2.205196003556378070e-01 3.749056845776921887e-01 1.915481786694963606e-01 2.275444987265312913e-01 2.837270543002716194e-01 1.818205132809631586e-01 2.517187010665593583e-01 2.442015621881273857e-01 1.901629522573881625e-01 3.524470881768089758e-01 1.543806779929381146e-01 2.208620549815299428e-01 1.829168912377489575e-01 3.146055990752675835e-01 1.163184043945780372e-01 3.188896705611153903e-01 2.765761815933657219e-01 1.651976205020478095e-01 3.138362050208085563e-01 8.148571008606372845e-02
1.010414468745373107e-01 5.426476960370324454e-01 5.388956924711927332e-01 4.910483273225465517e-01 3.581461089720926472e-01 2.298138286828679266e-01 2.669436676087814098e-01 3.426570079301413108e-01 4.243980139094650217e-01 2.529184457207624970e-01 1.079983383875032371e-01 3.424548742527989686e-01 1.838746258909312870e-01 2.507616389691455505e-01 2.599485632909815935e-01 3.816413765897337940e-01 1.006980098115691780e-01 4.048235488412632033e-01 1.413651796084300083e-01 4.465518496858459363e-01 5.055981388793757692e-01 3.257847703394780026e-01 4.784932823961597914e-01 3.774188881627098535e-01 1.701924689552148928e-01 2.679079676741084048e-01 2.400221612216655032e-01 1.598639505356264645e-01 1.352461710778960213e-01 2.205196003556378070e-01 0.000000000000000000e+00 5.318150660494409543e-01 2.291342231689988129e-01 1.161689894307899179e-01 3.155244029369726477e-01 3.116100266872907643e-01 1.937465573654323647e-01 4.509289334088191770e-01 2.589765237309092361e-01 4.660861730687692051e-01 3.374998854863144881e-01 3.396419324428694431e-01 1.821068231268584969e-01 3.918357780119254841e-01 3.086996951117406685e-01 4.674670567350285855e-01 4.664016717547143087e-01 3.780408610882559639e-01 5.170108019481582939e-01 1.849190695566095555e-01
5.604575866611585244e-01 9.659607556268473560e-02 3.852293875871765638e-01 3.854820555945860372e-01 8.483746006497557834e-01 3.174265091877303546e-01 6.552882927198565577e-01 6.525658747275027149e-01 2.106280012949921787e-01 3.967409745597762494e-01 4.573503808305761642e-01 2.266030764254944874e-01 6.848718815571093188e-01 4.884173639280469104e-01 3.311758945275928290e-01 2.016882473843148449e-01 4.897347960286468349e-01 2.510305684282216343e-01 5.559636949257440452e-01 9.719422040318978495e-02 1.633027012729824368e-01 2.816292027186940161e-01 1.626414990753003442e-01 2.731976090428774873e-01 4.532421490460721847e-01 7.508362921887711261e-01 5.795428691108219788e-01 4.998977240818177625e-01 4.010398315056522001e-01 3.749056845776921887e-01 5.318150660494409543e-01 0.000000000000000000e+00 3.059264679415215071e-01 5.951379491258556031e-01 2.420253971297587903e-01 2.254680981104442150e-01 5.217508686163372378e-01 1.363867317685811265e-01 4.257254653549619183e-01 3.080978004248299817e-01 3.239802497094388389e-01 2.947168422030563284e-01 3.804427239205220301e-01 1.700601925477378540e-01 2.745219279106548282e-01 8.767000975215551162e-02 1.670408215609087699e-01 2.119206135895202736e-01 7.751328452845483719e-02 4.386995771924596665e-01
