0.000000000000000000e+00 6.019170779106766123e-01 4.961484697710532576e-01 5.483088303868985935e-01 3.363960882360332305e-01 3.218396066065149497e-01 3.097083234197051116e-01 2.496568243359884032e-01 2.945961377428260586e-01 4.301429203526748735e-01 2.007757105067806136e-01 1.851079363222303265e-01 1.794053012100817746e-01 2.196998792197819572e-01 4.334598859023652828e-01 2.080544487438723555e-01 3.823195320956231380e-01 5.565360044789653404e-01 1.814611419534838122e-01 1.302055187412343440e-01 1.451514330457104041e-01 3.338906238095837864e-01 5.500008418629416251e-01 4.146538917112128075e-01 4.371687848089557682e-01 5.000301302431326977e-01 1.119218471315164692e-01 4.184789264461833413e-01 3.338244374168990447e-01 1.133782597117014845e-01 2.391501283401885614e-01 2.313364742770204208e-01 1.033608778987046145e-01 2.355389565188369949e-01 3.335192862592851748e-01 9.510058036227074518e-02 1.066611657602424962e-01 5.823927806641365779e-01 1.127777279316057590e-01 3.796062207540746858e-01 5.124825440598925752e-01 4.893324919531223394e-01 4.317259231781839235e-01 1.754931275608455632e-01 3.719997424370488637e-01 2.798838659834448905e-01 5.214780587343395002e-01 2.611938946642843873e-01 4.009385330469152353e-01 8.770686111890237113e-02
6.019170779106766123e-01 0.000000000000000000e+00 4.521468734856672889e-01 4.005338151103779998e-01 8.281808003476256452e-01 3.252087392667835641e-01 6.766420454312983557e-01 7.232746616164862363e-01 3.217359180758445070e-01 2.051336696201113696e-01 4.986555555451485100e-01 5.033901592626340848e-01 6.666430346174501143e-01 3.972058817800473984e-01 1.724764186503929264e-01 4.002048824807576954e-01 3.217695366367024912e-01 1.318238624054642316e-01 5.846263751678658638e-01 6.247969426161275042e-01 4.911105334389642141e-01 3.052964415483401250e-01 1.215568059363421743e-01 2.259917992820026644e-01 3.096645067836444332e-01 1.117705537153825535e-01 5.054037907088955173e-01 2.184083343988209580e-01 2.777255946349376781e-01 4.918359879991663353e-01 7.364842974037488776e-01 3.877467285670072594e-01 5.794298827792075945e-01 4.135516819965824875e-01 2.710201397310887939e-01 5.527705498059464206e-01 6.142488079952954649e-01 9.057907776738581551e-02 5.511634764347513871e-01 2.339843665187938127e-01 1.013713660965404745e-01 1.389238107866385408e-01 3.890895217076196788e-01 6.516093779495021332e-01 3.223806149960407597e-01 3.567882179100892448e-01 8.106433389144100665e-02 3.473260100366096226e-01 2.307087499106649786e-01 5.634028817800876832e-01
4.961484697710532576e-01 4.521468734856672889e-01 0.000000000000000000e+00 4.494842729456768882e-01 8.179667027124546408e-01 4.023740459016620363e-01 5.761698891895765673e-01 6.368558612677460706e-01 2.361820402689766285e-01 3.025611337045412408e-01 4.181111665005734501e-01 4.524258989075413129e-01 6.609759156865030461e-01 4.230703265754154896e-01 3.489863123143094326e-01 3.144011188444465477e-01 1.331029499446954034e-01 4.613909707852688058e-01 4.841542189261440754e-01 5.525922342523933439e-01 5.338213526963238031e-01 3.030508130109389464e-01 4.405591258205889260e-01 2.365229466273405523e-01 3.511354500174486137e-01 3.569105903556509252e-01 3.968293041421280254e-01 4.062424623749761321e-01 3.249394934398108226e-01 4.526614129937929776e-01 7.242499352350316721e-01 3.316555073744036908e-01 5.089961904273317961e-01 4.558577541991565840e-01 2.252765137407995721e-01 5.401024987038608449e-01 5.933468576236720082e-01 4.356374591924347395e-01 4.600813145817444494e-01 2.861249097284005449e-01 3.695358930292664823e-01 3.769437539966329354e-01 7.869302390945789871e-02 5.629268232895593416e-01 1.737640392845074544e-01 4.335679957018115371e-01 4.297601596658444101e-01 3.282023306122834883e-01 3.738771881510828954e-01 5.686456475909791308e-01
5.483088303868985935e-01 4.005338151103779998e-01 4.494842729456768882e-01 0.000000000000000000e+00 8.617315827977046760e-01 3.628619890769130829e-01 6.532370932598496882e-01 6.648841162477667766e-01 3.433169557158240459e-01 1.996293733179230201e-01 5.008956754418866231e-01 4.553099571667046930e-01 6.900398582015316862e-01 5.266990695177879989e-01 3.578219831980878896e-01 3.402543816430261270e-01 3.205093864247377522e-01 3.772780607709243506e-01 5.612214229964171963e-01 5.816620296454503292e-01 5.364865235050619852e-01 2.386085509984553765e-01 4.228252806590751534e-01 3.035945691634152621e-01 1.123797113127641134e-01 3.037262807451912572e-01 4.579169611071753354e-01 2.954956969554011215e-01 4.310347005733847769e-01 5.428524817133966174e-01 7.700350798538280195e-01 4.313305786224408411e-01 5.661656528805949495e-01 4.288655603940604299e-01 2.297992796435489593e-01 5.403765242787766931e-01 6.510771952801360785e-01 3.798171829813485334e-01 4.921186387195866652e-01 3.724078072449964472e-01 3.494338160952780159e-01 2.928308439822885356e-01 3.920880334789060284e-01 5.932188325807830065e-01 3.488670521869062791e-01 4.459441959101125841e-01 3.945584152700060132e-01 4.521441039085025704e-01 3.656209362674942565e-01 5.902853754852097623e-01
3.363960882360332305e-01 8.281808003476256452e-01 8.179667027124546408e-01 8.617315827977046760e-01 0.000000000000000000e+00 5.382537171383349195e-01 6.461044116557382866e-01 5.558635486454343022e-01 5.871979177525985527e-01 7.447196849658822559e-01 4.781054433548260763e-01 4.411230915899621574e-01 1.812996488857909760e-01 4.366869520473415922e-01 6.711654365514334586e-01 5.416275649146954363e-01 7.140234545154723333e-01 7.702671417584653346e-01 5.178572301895170149e-01 4.264015811209231344e-01 3.435310675806358405e-01 6.240774261871603334e-01 7.883937734252481899e-01 6.869401164142702187e-01 7.505915372197619062e-01 7.904364300057027393e-01 4.457729002252695527e-01 6.440525224499306089e-01 5.613243112020284142e-01 3.653052897186615522e-01 1.034216151900582276e-01 4.863111953380507835e-01 4.246365803589008947e-01 4.558983841953366256e-01 6.670924024301081445e-01 3.478550294891468719e-01 2.404426029570731760e-01 8.430296475781527965e-01 4.241284955331657280e-01 6.253879990018297308e-01 7.607594262804009411e-01 7.174483938396009064e-01 7.424884021211293206e-01 4.816998518702912957e-01 6.558186261572285236e-01 4.782635005183704657e-01 7.480507734066007552e-01 5.028310981262075208e-01 6.035381737344117647e-01 2.714462073124948027e-01
3.218396066065149497e-01 3.252087392667835641e-01 4.023740459016620363e-01 3.628619890769130829e-01 5.382537171383349195e-01 0.000000000000000000e+00 4.526696956443678199e-01 4.169205076212382788e-01 2.405430828356197870e-01 2.068737301948686547e-01 3.080795536582581207e-01 1.892105255037896394e-01 3.729829473580728028e-01 1.764005708729237953e-01 1.900027764577022771e-01 1.376981134569404408e-01 2.785067023252789098e-01 2.493875988100304752e-01 3.606540253809353280e-01 3.106173088572829477e-01 2.018371222751369765e-01 1.269980558863682829e-01 3.002059975762390032e-01 2.815549618836583612e-01 2.508748399106546789e-01 2.661999172232310529e-01 2.443498938439003232e-01 1.109192255268295207e-01 1.176525628170868032e-01 2.842674455733722461e-01 4.465572141944579299e-01 2.371029465006498638e-01 3.509497017199874613e-01 9.937204823773800044e-02 2.019012201091342218e-01 2.390410000506309196e-01 3.394181086682050985e-01 3.164318208891326312e-01 2.493367798084360210e-01 1.992989155582406413e-01 2.905677288062398222e-01 1.908505671505807688e-01 3.385880068424513833e-01 3.454353067618106121e-01 2.742104175680190603e-01 9.194031152529730244e-02 2.455256379558272972e-01 1.706985613807347479e-01 9.661471762894321968e-02 2.676819896483070838e-01
3.097083234197051116e-01 6.766420454312983557e-01 5.761698891895765673e-01 6.532370932598496882e-01 6.461044116557382866e-01 4.526696956443678199e-01 0.000000000000000000e+00 4.915072783722020389e-01 3.632648436319308449e-01 5.223242365265333698e-01 2.104357393434256041e-01 3.559872656933601442e-01 4.835674877944847738e-01 3.871532740392213956e-01 5.239477750969478986e-01 3.219045858602724297e-01 4.648200812143038485e-01 6.579361699522183748e-01 1.302902606017341813e-01 3.842671596673118972e-01 4.111431834420296028e-01 4.519152029382948466e-01 6.319960850225586624e-01 4.833225976003177049e-01 5.431711392582588838e-01 5.915119974051286089e-01 2.292019739603603223e-01 5.383888560617231533e-01 4.455714785062962480e-01 3.096157654410279236e-01 5.488584517598935619e-01 3.141577845486103748e-01 2.257733476331168776e-01 4.081622921900662226e-01 4.275225448769335856e-01 3.834991672288083908e-01 4.163694891799475939e-01 6.640768711769932109e-01 3.150490559355358378e-01 4.496046194314069488e-01 5.811512499489972505e-01 6.014976298648990749e-01 5.117473425967072886e-01 4.173435815970590879e-01 4.419404824901040363e-01 4.595396971701670719e-01 6.169131235540280533e-01 3.737766993122556003e-01 5.136712570691371882e-01 3.874036563198816618e-01
2.496568243359884032e-01 7.232746616164862363e-01 6.368558612677460706e-01 6.648841162477667766e-01 5.558635486454343022e-01 4.169205076212382788e-01 4.915072783722020389e-01 0.000000000000000000e+00 4.505804687984105716e-01 5.524203607053546072e-01 3.782686173587168077e-01 2.347167478265032026e-01 3.812676912454969202e-01 4.448425342316603692e-01 6.022034140078138531e-01 3.312996399296568861e-01 5.229203323211456533e-01 6.552790009233296908e-01 3.670075851602801476e-01 1.375817905187741996e-01 3.248510561486953052e-01 4.403211086012864262e-01 7.102236734485735115e-01 5.621090298956706865e-01 5.537440706698241177e-01 6.270722309516727488e-01 2.707285190515535955e-01 5.127274944068824780e-01 5.288816166576990607e-01 3.593152629575092072e-01 4.648189969496784868e-01 4.028905044205262631e-01 3.348043178561888600e-01 3.512849406175467259e-01 4.593411596070639535e-01 2.411451585470799075e-01 3.336683796333910768e-01 7.079484139054085245e-01 1.776235331188138478e-01 5.369202445978866756e-01 6.668890080922003083e-01 5.874900391225182927e-01 5.724333146748769030e-01 7.776149197015808090e-02 5.219055632727168659e-01 4.188683668353843648e-01 6.514170400691265961e-01 4.625094191841714886e-01 5.079864114260926877e-01 2.850692925810605072e-01
2.945961377428260586e-01 3.217359180758445070e-01 2.361820402689766285e-01 3.433169557158240459e-01 5.871979177525985527e-01 2.405430828356197870e-01 3.632648436319308449e-01 4.505804687984105716e-01 0.000000000000000000e+00 2.083193677218747875e-01 1.965751875281822048e-01 2.729437256719355887e-01 4.302071307266472355e-01 2.036951441558105258e-01 1.742503276530641687e-01 1.383673761628158305e-01 1.361653442748420872e-01 3.123793291746110312e-01 2.712491733684982975e-01 3.520512487784378530e-01 3.125957865536611036e-01 1.615406543072415713e-01 2.770899576671044806e-01 1.270950399586153468e-01 2.415038140117435894e-01 2.535473266134777304e-01 1.928030066327346970e-01 2.438967171196990413e-01 1.232910682548077341e-01 2.218926280339369450e-01 4.934811502751758061e-01 1.096074981187126207e-01 2.795805832288538739e-01 2.797436182245912062e-01 1.135176760722751560e-01 3.608019523458361744e-01 3.625780726638162532e-01 3.091707438215393622e-01 2.729569356795966684e-01 9.469849207595293361e-02 2.262451225935433186e-01 2.874927610602407424e-01 1.648684606423096166e-01 3.766514308202237871e-01 7.867563885817320524e-02 2.253569979874509022e-01 2.634269307373341973e-01 1.088271481926785939e-01 1.749460395270553692e-01 3.491664546412612813e-01
4.301429203526748735e-01 2.051336696201113696e-01 3.025611337045412408e-01 1.996293733179230201e-01 7.447196849658822559e-01 2.068737301948686547e-01 5.223242365265333698e-01 5.524203607053546072e-01 2.083193677218747875e-01 0.000000000000000000e+00 3.658980874479374479e-01 3.457913781177026635e-01 5.760158487343838285e-01 3.556646945798382364e-01 1.748958388462844848e-01 2.245723408352571782e-01 1.711042666820703773e-01 1.783245587496730122e-01 4.303085662631008779e-01 4.705891838559287943e-01 4.083030901026841741e-01 1.270490041423861238e-01 2.354020863120224460e-01 1.206684248116118574e-01 1.118430852049877022e-01 1.156571106001274135e-01 3.348785357962422715e-01 1.121284895555915706e-01 2.492199296202335379e-01 4.078548937194474422e-01 6.530231820220052663e-01 2.963329906284916659e-01 4.452423662550109018e-01 2.888213007705454083e-01 9.662363409338968478e-02 4.271229153944865464e-01 5.329112852459122474e-01 1.844170374910819310e-01 3.790974340789123875e-01 1.894816628931930702e-01 1.620106217482252808e-01 9.387734196103714179e-02 2.457987833718025816e-01 4.807550770383703931e-01 1.926492943309199846e-01 2.838818228179894043e-01 1.956049132487546471e-01 3.086627822777638364e-01 1.865057897881183535e-01 4.741479574758542537e-01
2.007757105067806136e-01 4.986555555451485100e-01 4.181111665005734501e-01 5.008956754418866231e-01 4.781054433548260763e-01 3.080795536582581207e-01 2.104357393434256041e-01 3.782686173587168077e-01 1.965751875281822048e-01 3.658980874479374479e-01 0.000000000000000000e+00 2.244111020720209737e-01 3.211146563288747036e-01 1.767175346957957638e-01 3.359595379341794863e-01 1.762240837304840935e-01 3.067613585253007313e-01 4.699479327894499625e-01 1.308833189901923710e-01 2.797393973387440891e-01 2.163251679811260264e-01 3.071133001456886613e-01 4.499301470916450829e-01 3.101391863971087459e-01 3.947386078153238831e-01 4.322913305129657546e-01 1.113143444913641672e-01 3.937987140756133986e-01 2.575832413435279467e-01 1.160994207898559116e-01 3.843886758774033297e-01 1.261695473858422123e-01 1.055724538647618699e-01 2.635721502039565234e-01 2.710963957983377193e-01 2.884901009061422994e-01 2.534855982660437768e-01 4.860903812908434207e-01 2.006450842399029044e-01 2.675386815004935359e-01 4.031647600628474049e-01 4.418665598735977973e-01 3.536886199077041715e-01 3.043395793805300231e-01 2.752508263863553961e-01 2.573503521805061700e-01 4.289248863912598075e-01 1.857884621494873545e-01 3.256830199063689424e-01 2.418081929453667900e-01
1.851079363222303265e-01 5.033901592626340848e-01 4.524258989075413129e-01 4.553099571667046930e-01 4.411230915899621574e-01 1.892105255037896394e-01 3.559872656933601442e-01 2.347167478265032026e-01 2.729437256719355887e-01 3.457913781177026635e-01 2.244111020720209737e-01 0.000000000000000000e+00 2.677174189429430973e-01 2.168004825723618134e-01 3.744934318903653248e-01 1.380247800630946542e-01 3.354417888997567876e-01 4.275690188058809404e-01 2.414374844675619691e-01 1.307791536678846178e-01 1.380135822962959280e-01 2.243242056104707838e-01 4.825136913311247611e-01 3.674057837610410493e-01 3.441699115887618121e-01 4.265673780282209226e-01 1.293912549704852311e-01 2.864804279241419671e-01 2.952854938017855924e-01 2.477342668326190378e-01 3.494265886460852788e-01 2.296285062751744210e-01 2.231994338869160155e-01 1.176888177616331743e-01 2.588363066836120718e-01 1.016135175793340673e-01 2.396888496477740105e-01 4.904748760156016352e-01 8.878033825443840121e-02 3.601668291564589786e-01 4.663841551687484821e-01 3.654865090610309175e-01 3.880033523146719787e-01 1.694567769195598761e-01 3.374756009125121636e-01 1.906921995888878618e-01 4.237070579516780122e-01 2.892474210388195077e-01 2.802764293086439928e-01 1.696768842774672992e-01
1.794053012100817746e-01 6.666430346174501143e-01 6.609759156865030461e-01 6.900398582015316862e-01 1.812996488857909760e-01 3.729829473580728028e-01 4.835674877944847738e-01 3.812676912454969202e-01 4.302071307266472355e-01 5.760158487343838285e-01 3.211146563288747036e-01 2.677174189429430973e-01 0.000000000000000000e+00 2.787032779882389621e-01 5.109175117605511129e-01 3.756941729546490749e-01 5.510151085799853687e-01 6.049963719782029958e-01 3.580460046012657882e-01 2.518057237209859744e-01 1.782602978003738625e-01 4.523857015909869550e-01 6.314029863992967062e-01 5.299493293883189571e-01 5.788998126235883612e-01 6.275269741319889905e-01 2.806174236158789359e-01 4.787817526696684922e-01 4.027945973094447241e-01 2.083145026927101240e-01 1.036388298117219553e-01 3.293204083120993553e-01 2.676457933329494665e-01 2.906276144150745644e-01 4.989494617675498955e-01 1.732591720892097120e-01 9.225623577573124900e-02 6.777588777978910128e-01 2.495326381332285681e-01 4.683972119758783581e-01 6.037686392544494574e-01 5.521776240593386786e-01 5.854976150951780589e-01 3.071039944703541913e-01 4.988278391312770399e-01 3.129927307381084045e-01 5.866293795557676605e-01 3.458403111002560926e-01 4.394554413037846108e-01 1.060252109741403048e-01
2.196998792197819572e-01 3.972058817800473984e-01 4.230703265754154896e-01 5.266990695177879989e-01 4.366869520473415922e-01 1.764005708729237953e-01 3.871532740392213956e-01 4.448425342316603692e-01 2.036951441558105258e-01 3.556646945798382364e-01 1.767175346957957638e-01 2.168004825723618134e-01 2.787032779882389621e-01 0.000000000000000000e+00 2.344784845040917276e-01 2.317249223568339511e-01 3.215246772227809968e-01 3.515753296022149921e-01 2.964357866335498026e-01 3.131936449668900613e-01 1.292542391893889420e-01 2.908351363272432266e-01 3.533215145668806012e-01 2.770995911996588235e-01 4.147119203515295394e-01 3.618210378623635259e-01 2.179896198977862298e-01 2.467341888003529715e-01 1.246373591546866000e-01 1.097319769479418172e-01 3.429701845699187901e-01 1.032743295750966350e-01 2.105136262603323205e-01 1.065632991317952694e-01 3.029574677206122169e-01 2.170836921916470819e-01 2.170805092517028023e-01 4.150505033928154064e-01 2.986499279704295517e-01 2.004254836220401570e-01 3.321248821648193905e-01 3.176392269443506500e-01 3.475920259840901694e-01 3.751410465281057038e-01 2.575979274436042132e-01 8.489902120449600853e-02 3.165173838575892629e-01 9.486799596313197358e-02 1.863997035035392935e-01 1.845378797143277516e-01
4.334598859023652828e-01 1.724764186503929264e-01 3.489863123143094326e-01 3.578219831980878896e-01 6.711654365514334586e-01 1.900027764577022771e-01 5.239477750969478986e-01 6.022034140078138531e-01 1.742503276530641687e-01 1.748958388462844848e-01 3.359595379341794863e-01 3.744934318903653248e-01 5.109175117605511129e-01 2.344784845040917276e-01 0.000000000000000000e+00 3.097639775997105271e-01 2.278621561127099349e-01 1.417960170352419724e-01 4.319321048335154067e-01 4.959002152438587441e-01 3.394441039554777495e-01 2.468063167241808242e-01 1.206876681036859605e-01 1.214394262233002286e-01 2.662145883143863245e-01 1.392643336679323940e-01 3.534859380977517507e-01 1.233306953392167560e-01 1.098411253494051137e-01 3.231293172447340378e-01 5.774486690740106010e-01 2.250507109560383467e-01 4.107232120247754081e-01 2.780887650692152602e-01 2.116289246412515479e-01 4.101824910507456678e-01 4.510180040661626033e-01 1.834905735765334778e-01 4.346196861950117341e-01 8.481381561070391872e-02 1.005649523485375174e-01 1.192895341606937804e-01 2.801012877610413176e-01 5.307182131483862975e-01 1.922940704320025840e-01 2.054416051006038857e-01 9.307408178259794773e-02 1.786193392821771864e-01 9.421700258172119313e-02 4.117364522966015516e-01
2.080544487438723555e-01 4.002048824807576954e-01 3.144011188444465477e-01 3.402543816430261270e-01 5.416275649146954363e-01 1.376981134569404408e-01 3.219045858602724297e-01 3.312996399296568861e-01 1.383673761628158305e-01 2.245723408352571782e-01 1.762240837304840935e-01 1.380247800630946542e-01 3.756941729546490749e-01 2.317249223568339511e-01 3.097639775997105271e-01 0.000000000000000000e+00 1.999997845533585117e-01 3.651923157499901151e-01 2.298889155968398545e-01 2.470360129143040484e-01 2.270463192364022553e-01 1.308892164152044846e-01 4.089646269180977622e-01 2.340790308983080603e-01 2.291143360650832461e-01 2.969158140942776414e-01 1.177592260721159190e-01 2.188575525350599515e-01 2.379359389628545318e-01 2.314430680185785572e-01 4.443816050188506561e-01 1.302987536151135328e-01 2.260079178455355609e-01 1.414566353547099253e-01 1.291847427496688183e-01 2.257013798594144638e-01 3.108228136371096739e-01 3.794882503517281735e-01 1.545250932436552371e-01 2.302121420225993198e-01 3.366913469199933062e-01 2.878257675551702532e-01 2.499785722515773523e-01 2.573706019514699905e-01 1.994508208494174262e-01 1.864356402052603223e-01 3.695211023000757322e-01 1.662770800892055534e-01 2.287640172617947387e-01 2.794957742902126063e-01
3.823195320956231380e-01 3.217695366367024912e-01 1.331029499446954034e-01 3.205093864247377522e-01 7.140234545154723333e-01 2.785067023252789098e-01 4.648200812143038485e-01 5.229203323211456533e-01 1.361653442748420872e-01 1.711042666820703773e-01 3.067613585253007313e-01 3.354417888997567876e-01 5.510151085799853687e-01 3.215246772227809968e-01 2.278621561127099349e-01 1.999997845533585117e-01 0.000000000000000000e+00 3.289417521484847562e-01 3.728044109508713566e-01 4.386567053057927046e-01 4.220016092872250768e-01 1.791834694345558754e-01 3.126141682823475598e-01 1.149365004970123172e-01 2.226461320776600972e-01 2.244613717188669033e-01 2.830355313356762714e-01 2.737932437381920825e-01 2.211499278866830009e-01 3.487181647968107812e-01 6.189246252935314274e-01 2.319707653860472174e-01 3.952024176208799311e-01 3.355833480121777068e-01 9.688840583072794166e-02 4.209284669234679699e-01 4.853658339117904452e-01 3.038283943021893307e-01 3.461457856351441431e-01 1.655858131778589482e-01 2.405274238775815532e-01 2.444945353598489135e-01 7.901714646025895239e-02 4.489912943429588688e-01 7.705627076982322909e-02 3.314818278775293336e-01 3.086360034642448014e-01 2.285175886239269594e-01 2.627112788126566012e-01 4.548167099155490112e-01
5.565360044789653404e-01 1.318238624054642316e-01 4.613909707852688058e-01 3.772780607709243506e-01 7.702671417584653346e-01 2.493875988100304752e-01 6.579361699522183748e-01 6.552790009233296908e-01 3.123793291746110312e-01 1.783245587496730122e-01 4.699479327894499625e-01 4.275690188058809404e-01 6.049963719782029958e-01 3.515753296022149921e-01 1.417960170352419724e-01 3.651923157499901151e-01 3.289417521484847562e-01 0.000000000000000000e+00 5.659204996887856609e-01 5.489758021593742487e-01 4.300577265989583009e-01 2.615864070650195106e-01 1.506984423670512108e-01 2.460279243004570571e-01 2.884637951869991612e-01 1.497693338077092096e-01 4.764038174761859312e-01 1.475573347733886709e-01 2.320950424571051884e-01 4.462054358213339289e-01 6.785706388145881229e-01 3.590391058113086564e-01 5.337993306013754102e-01 3.377305415398293431e-01 2.602442442203914408e-01 4.805371494498007490e-01 5.666556493141134965e-01 1.559576849100329510e-01 4.876952731105273497e-01 2.259652517144259132e-01 1.713515934677506125e-01 8.444721678863587044e-02 4.038809046277199721e-01 5.837938000639018021e-01 3.329704640312147745e-01 2.977369850671696683e-01 7.490919955582582557e-02 3.016954578587771052e-01 1.792176593390341355e-01 5.005677649202524560e-01
1.814611419534838122e-01 5.846263751678658638e-01 4.841542189261440754e-01 5.612214229964171963e-01 5.178572301895170149e-01 3.606540253809353280e-01 1.302902606017341813e-01 3.670075851602801476e-01 2.712491733684982975e-01 4.303085662631008779e-01 1.308833189901923710e-01 2.414374844675619691e-01 3.580460046012657882e-01 2.964357866335498026e-01 4.319321048335154067e-01 2.298889155968398545e-01 3.728044109508713566e-01 5.659204996887856609e-01 0.000000000000000000e+00 2.597674664553901724e-01 3.137283836191821496e-01 3.598995326748623547e-01 5.399804147591258374e-01 3.913069273368852130e-01 4.511554689948263364e-01 4.994963271416961170e-01 1.213976697265681942e-01 4.463731857982906615e-01 3.535558082428637561e-01 2.019839413859346455e-01 4.206112702936722902e-01 2.221421142851779107e-01 1.074043510859976347e-01 3.147470120039290720e-01 3.355068746135010938e-01 2.589234906999249297e-01 2.881223077137262667e-01 5.720612009135606080e-01 1.905493627236140852e-01 3.575889491679744014e-01 4.891355796855648697e-01 5.094819596014666940e-01 4.197316723332746857e-01 2.928438883851373076e-01 3.499248122266715444e-01 3.675240269067345800e-01 5.248974532905955614e-01 2.817610290488231084e-01 4.216555868057048073e-01 2.621361611015606274e-01
1.302055187412343440e-01 6.247969426161275042e-01 5.525922342523933439e-01 5.816620296454503292e-01 4.264015811209231344e-01 3.106173088572829477e-01 3.842671596673118972e-01 1.375817905187741996e-01 3.520512487784378530e-01 4.705891838559287943e-01 2.797393973387440891e-01 1.307791536678846178e-01 2.518057237209859744e-01 3.131936449668900613e-01 4.959002152438587441e-01 2.470360129143040484e-01 4.386567053057927046e-01 5.489758021593742487e-01 2.597674664553901724e-01 0.000000000000000000e+00 1.887399578123369059e-01 3.539247279514376454e-01 6.039204746846179583e-01 4.721090027468246575e-01 4.705219840675073928e-01 5.439518270085816898e-01 1.697451119572118694e-01 4.078872112776352199e-01 4.039322552986355785e-01 2.386049145240608793e-01 3.353570294251675410e-01 3.043612844005535445e-01 2.222801891243723904e-01 2.339519307798527681e-01 3.762207556639728390e-01 1.046011482753029381e-01 2.089963086356193545e-01 6.143184958818962427e-01 9.360183250763436102e-02 4.383910245779139569e-01 5.699376550955042031e-01 4.887372421433442415e-01 4.881696876595239543e-01 7.860344581853577484e-02 4.294548534726604916e-01 2.934366337913641432e-01 5.451138413051713760e-01 3.639801991641987700e-01 4.016832126621374122e-01 1.556073250565495614e-01
1.451514330457104041e-01 4.911105334389642141e-01 5.338213526963238031e-01 5.364865235050619852e-01 3.435310675806358405e-01 2.018371222751369765e-01 4.111431834420296028e-01 3.248510561486953052e-01 3.125957865536611036e-01 4.083030901026841741e-01 2.163251679811260264e-01 1.380135822962959280e-01 1.782602978003738625e-01 1.292542391893889420e-01 3.394441039554777495e-01 2.270463192364022553e-01 4.220016092872250768e-01 4.300577265989583009e-01 3.137283836191821496e-01 1.887399578123369059e-01 0.000000000000000000e+00 2.988323668945174205e-01 4.588340880062949378e-01 3.985477488444738592e-01 4.253464779271189933e-01 4.554129588916440707e-01 2.390349878858352151e-01 3.066677374293234060e-01 2.389614599783519422e-01 1.117444422332475179e-01 2.518345646367590729e-01 2.117090641391133621e-01 2.125260915456380073e-01 1.194817893321387658e-01 3.453961270710802500e-01 9.263000503709394040e-02 1.431657392088565017e-01 5.056448625575455935e-01 2.013957392848103323e-01 3.205331658549777085e-01 4.400090563040152114e-01 3.800636088189937034e-01 4.583430521049985940e-01 2.506873593735524652e-01 3.716732761410978525e-01 1.347324329377345142e-01 4.111692944830990792e-01 2.115042467989884101e-01 2.639229401252985441e-01 7.383169074242321162e-02
3.338906238095837864e-01 3.052964415483401250e-01 3.030508130109389464e-01 2.386085509984553765e-01 6.240774261871603334e-01 1.269980558863682829e-01 4.519152029382948466e-01 4.403211086012864262e-01 1.615406543072415713e-01 1.270490041423861238e-01 3.071133001456886613e-01 2.243242056104707838e-01 4.523857015909869550e-01 2.908351363272432266e-01 2.468063167241808242e-01 1.308892164152044846e-01 1.791834694345558754e-01 2.615864070650195106e-01 3.598995326748623547e-01 3.539247279514376454e-01 2.988323668945174205e-01 0.000000000000000000e+00 3.345426649169118694e-01 2.111474642958400816e-01 1.272006220192947734e-01 2.205542448757735752e-01 2.435954011378273498e-01 1.333761662980428309e-01 2.090774609750458979e-01 3.610761803048141982e-01 5.323809232432833438e-01 2.495542772138583665e-01 3.518440929112469640e-01 1.930016272035155467e-01 1.014151356800439135e-01 3.027223676682321285e-01 4.288555006257909752e-01 2.898150297058753599e-01 2.682099234195517434e-01 2.469710184790512020e-01 2.648712903583194667e-01 1.811641142292906848e-01 2.392647739517283767e-01 3.686558249343024896e-01 1.965431712404542286e-01 2.100802627195676731e-01 2.717369084192707285e-01 2.703678024999200957e-01 1.564211128748403679e-01 3.526312188746653642e-01
5.500008418629416251e-01 1.215568059363421743e-01 4.405591258205889260e-01 4.228252806590751534e-01 7.883937734252481899e-01 3.002059975762390032e-01 6.319960850225586624e-01 7.102236734485735115e-01 2.770899576671044806e-01 2.354020863120224460e-01 4.499301470916450829e-01 4.825136913311247611e-01 6.314029863992967062e-01 3.533215145668806012e-01 1.206876681036859605e-01 4.089646269180977622e-01 3.126141682823475598e-01 1.506984423670512108e-01 5.399804147591258374e-01 6.039204746846179583e-01 4.588340880062949378e-01 3.345426649169118694e-01 0.000000000000000000e+00 2.095432942927225317e-01 3.312178857753735883e-01 1.654840902200129527e-01 4.615342480233623479e-01 2.128158076767461826e-01 2.286841554121940290e-01 4.396702732053103246e-01 6.946770059478253323e-01 3.390213201135038323e-01 5.272641679853518060e-01 3.886024051698976356e-01 2.798211284832407553e-01 5.257530044027982630e-01 5.675589600267388901e-01 1.694576997417000797e-01 5.416881770702243193e-01 1.824144566974036374e-01 8.301578465858922007e-02 1.736489419311060822e-01 3.722521693267567544e-01 6.387384725891455117e-01 2.878086480572373818e-01 3.248315891514210740e-01 7.578924281122537132e-02 2.949228193572205337e-01 2.044202237002578637e-01 5.311264363474187400e-01
4.146538917112128075e-01 2.259917992820026644e-01 2.365229466273405523e-01 3.035945691634152621e-01 6.869401164142702187e-01 2.815549618836583612e-01 4.833225976003177049e-01 5.621090298956706865e-01 1.270950399586153468e-01 1.206684248116118574e-01 3.101391863971087459e-01 3.674057837610410493e-01 5.299493293883189571e-01 2.770995911996588235e-01 1.214394262233002286e-01 2.340790308983080603e-01 1.149365004970123172e-01 2.460279243004570571e-01 3.913069273368852130e-01 4.721090027468246575e-01 3.985477488444738592e-01 2.111474642958400816e-01 2.095432942927225317e-01 0.000000000000000000e+00 2.119871742797136971e-01 1.383213647199651175e-01 3.128607606011215569e-01 2.090880161813238325e-01 1.662711201519909976e-01 3.216348266956087221e-01 5.932233489368474721e-01 2.006289210762195463e-01 3.923447449477368010e-01 3.512457286433833259e-01 1.149726329154808907e-01 4.528924617847521761e-01 4.623202713254879193e-01 2.107864375463753825e-01 3.853344832096689543e-01 8.560487320058722538e-02 1.374565498879564418e-01 1.641922309283740111e-01 1.682159901335084917e-01 4.881799919174836799e-01 1.031158182836690307e-01 2.767667416592622942e-01 2.022132735748351784e-01 1.918741228791235043e-01 1.981135950021063186e-01 4.489086533029331694e-01
4.371687848089557682e-01 3.096645067836444332e-01 3.511354500174486137e-01 1.123797113127641134e-01 7.505915372197619062e-01 2.508748399106546789e-01 5.431711392582588838e-01 5.537440706698241177e-01 2.415038140117435894e-01 1.118430852049877022e-01 3.947386078153238831e-01 3.441699115887618121e-01 5.788998126235883612e-01 4.147119203515295394e-01 2.662145883143863245e-01 2.291143360650832461e-01 2.226461320776600972e-01 2.884637951869991612e-01 4.511554689948263364e-01 4.705219840675073928e-01 4.253464779271189933e-01 1.272006220192947734e-01 3.312178857753735883e-01 2.119871742797136971e-01 0.000000000000000000e+00 2.121188858614896922e-01 3.467769155292324545e-01 1.913549500712800056e-01 3.205915287365665445e-01 4.410393400093162719e-01 6.588950342758849166e-01 3.295174369183604957e-01 4.550256073026520132e-01 3.168784112278019149e-01 1.280586712985223030e-01 4.292364787008335902e-01 5.399371497021928645e-01 2.889478746546149113e-01 3.809785931416437843e-01 2.808004123612948821e-01 2.578264212115765064e-01 2.040165783983632630e-01 2.937245207071825792e-01 4.820787870028400701e-01 2.510037978398286240e-01 3.339570467438540691e-01 3.057441496860807684e-01 3.503309622044222249e-01 2.566916999128764365e-01 4.791453299072669370e-01
5.000301302431326977e-01 1.117705537153825535e-01 3.569105903556509252e-01 3.037262807451912572e-01 7.904364300057027393e-01 2.661999172232310529e-01 5.915119974051286089e-01 6.270722309516727488e-01 2.535473266134777304e-01 1.156571106001274135e-01 4.322913305129657546e-01 4.265673780282209226e-01 6.275269741319889905e-01 3.618210378623635259e-01 1.392643336679323940e-01 2.969158140942776414e-01 2.244613717188669033e-01 1.497693338077092096e-01 4.994963271416961170e-01 5.439518270085816898e-01 4.554129588916440707e-01 2.205542448757735752e-01 1.654840902200129527e-01 1.383213647199651175e-01 2.121188858614896922e-01 0.000000000000000000e+00 4.046246909433635630e-01 1.564738286218281815e-01 2.383114239796249312e-01 4.378830402488207429e-01 6.967196625282799927e-01 3.213825035348245041e-01 5.144968890635938097e-01 3.515504857596200572e-01 1.677310713446087953e-01 4.943570936695915741e-01 5.687996606777584452e-01 9.005693764839757531e-02 4.514409073379327952e-01 1.691030908519863818e-01 8.359136853501086817e-02 8.051950487890319197e-02 2.978628172337056679e-01 5.542864160457475764e-01 2.353557137362160545e-01 3.236322531374112854e-01 1.739099275857681759e-01 2.911265973614248215e-01 2.152076760507683761e-01 5.230983670740384506e-01
1.119218471315164692e-01 5.054037907088955173e-01 3.968293041421280254e-01 4.579169611071753354e-01 4.457729002252695527e-01 2.443498938439003232e-01 2.292019739603603223e-01 2.707285190515535955e-01 1.928030066327346970e-01 3.348785357962422715e-01 1.113143444913641672e-01 1.293912549704852311e-01 2.806174236158789359e-01 2.179896198977862298e-01 3.534859380977517507e-01 1.177592260721159190e-01 2.830355313356762714e-01 4.764038174761859312e-01 1.213976697265681942e-01 1.697451119572118694e-01 2.390349878858352151e-01 2.435954011378273498e-01 4.615342480233623479e-01 3.128607606011215569e-01 3.467769155292324545e-01 4.046246909433635630e-01 0.000000000000000000e+00 3.300690542612556566e-01 2.751096415071001555e-01 2.003043534574376339e-01 3.485269403294249391e-01 1.436959475494143657e-01 1.134212863021872575e-01 1.980326836782757283e-01 2.382549017028526006e-01 1.784120087837023361e-01 2.149681489476839014e-01 4.858794934623555939e-01 9.310498593273972001e-02 2.791427824322108009e-01 4.106894129498012136e-01 3.990372692813660138e-01 3.324067575492587467e-01 1.967994810733666999e-01 2.714786454909079438e-01 2.691082506296374466e-01 4.464512865548320164e-01 2.033148623130595356e-01 3.354157976487546766e-01 1.844190249514424951e-01
4.184789264461833413e-01 2.184083343988209580e-01 4.062424623749761321e-01 2.954956969554011215e-01 6.440525224499306089e-01 1.109192255268295207e-01 5.383888560617231533e-01 5.127274944068824780e-01 2.438967171196990413e-01 1.121284895555915706e-01 3.937987140756133986e-01 2.864804279241419671e-01 4.787817526696684922e-01 2.467341888003529715e-01 1.233306953392167560e-01 2.188575525350599515e-01 2.737932437381920825e-01 1.475573347733886709e-01 4.463731857982906615e-01 4.078872112776352199e-01 3.066677374293234060e-01 1.333761662980428309e-01 2.128158076767461826e-01 2.090880161813238325e-01 1.913549500712800056e-01 1.564738286218281815e-01 3.300690542612556566e-01 0.000000000000000000e+00 1.413163613290993048e-01 3.540670684357073439e-01 5.523560195060537303e-01 2.839175369248221337e-01 4.383177460346751597e-01 1.966419506580903143e-01 2.004153297284290425e-01 3.394485585680617756e-01 4.452169139798007880e-01 2.067057322877297321e-01 3.451350486433369391e-01 1.676185609961955147e-01 2.120078401215477748e-01 8.112447854917784196e-02 3.487323962174273539e-01 4.412422935474546448e-01 2.730235724377141349e-01 1.773778649207632674e-01 1.533369745578928300e-01 2.199777093795428629e-01 7.437730023252679679e-02 3.743531456117177303e-01
3.338244374168990447e-01 2.777255946349376781e-01 3.249394934398108226e-01 4.310347005733847769e-01 5.613243112020284142e-01 1.176525628170868032e-01 4.455714785062962480e-01 5.288816166576990607e-01 1.232910682548077341e-01 2.492199296202335379e-01 2.575832413435279467e-01 2.952854938017855924e-01 4.027945973094447241e-01 1.246373591546866000e-01 1.098411253494051137e-01 2.379359389628545318e-01 2.211499278866830009e-01 2.320950424571051884e-01 3.535558082428637561e-01 4.039322552986355785e-01 2.389614599783519422e-01 2.090774609750458979e-01 2.286841554121940290e-01 1.662711201519909976e-01 3.205915287365665445e-01 2.383114239796249312e-01 2.751096415071001555e-01 1.413163613290993048e-01 0.000000000000000000e+00 2.224825209165145479e-01 4.676075437246054456e-01 1.466744143653867238e-01 3.110877635393091145e-01 1.849746084913922728e-01 2.221867199191699949e-01 3.152365074574131620e-01 3.417178684063894023e-01 2.904131442381288619e-01 3.566806652593981775e-01 8.401507382657331935e-02 2.074875230101328183e-01 2.010819938929504502e-01 2.494611928484856689e-01 4.603751604000251296e-01 1.589265758363517800e-01 1.104956215072714215e-01 1.970370967124795147e-01 7.898389079671093438e-02 7.902524205265266943e-02 3.045538517707804815e-01
1.133782597117014845e-01 4.918359879991663353e-01 4.526614129937929776e-01 5.428524817133966174e-01 3.653052897186615522e-01 2.842674455733722461e-01 3.096157654410279236e-01 3.593152629575092072e-01 2.218926280339369450e-01 4.078548937194474422e-01 1.160994207898559116e-01 2.477342668326190378e-01 2.083145026927101240e-01 1.097319769479418172e-01 3.231293172447340378e-01 2.314430680185785572e-01 3.487181647968107812e-01 4.462054358213339289e-01 2.019839413859346455e-01 2.386049145240608793e-01 1.117444422332475179e-01 3.610761803048141982e-01 4.396702732053103246e-01 3.216348266956087221e-01 4.410393400093162719e-01 4.378830402488207429e-01 2.003043534574376339e-01 3.540670684357073439e-01 2.224825209165145479e-01 0.000000000000000000e+00 2.715885222412388056e-01 1.210059056193891897e-01 1.007816493123905033e-01 2.123168578944353568e-01 3.130532020698477136e-01 1.748704214812060176e-01 1.406854446298792805e-01 4.916820910266982980e-01 2.238531024004602465e-01 2.692756520964433853e-01 4.087564697987022821e-01 4.151923872571792740e-01 3.771831124024676574e-01 2.851515661823663672e-01 2.905133364385669159e-01 1.923271340480750269e-01 4.111474900767083107e-01 1.508633260066531978e-01 2.937325831388937214e-01 1.290080393092023214e-01
2.391501283401885614e-01 7.364842974037488776e-01 7.242499352350316721e-01 7.700350798538280195e-01 1.034216151900582276e-01 4.465572141944579299e-01 5.488584517598935619e-01 4.648189969496784868e-01 4.934811502751758061e-01 6.530231820220052663e-01 3.843886758774033297e-01 3.494265886460852788e-01 1.036388298117219553e-01 3.429701845699187901e-01 5.774486690740106010e-01 4.443816050188506561e-01 6.189246252935314274e-01 6.785706388145881229e-01 4.206112702936722902e-01 3.353570294251675410e-01 2.518345646367590729e-01 5.323809232432833438e-01 6.946770059478253323e-01 5.932233489368474721e-01 6.588950342758849166e-01 6.967196625282799927e-01 3.485269403294249391e-01 5.523560195060537303e-01 4.676075437246054456e-01 2.715885222412388056e-01 0.000000000000000000e+00 3.925944278606279814e-01 3.280080313331526498e-01 3.642018812514596915e-01 5.698464425342638640e-01 2.568104777933912786e-01 1.379300106221828526e-01 7.499682800309742658e-01 3.322283277372172772e-01 5.316712315244068732e-01 6.670426588029783055e-01 6.257518908957239168e-01 6.487716346437065740e-01 3.906553001745357023e-01 5.621018586798057770e-01 3.865669975744935316e-01 6.563542704627238766e-01 4.091143306487847187e-01 5.118416707905348861e-01 1.797497043686180074e-01
2.313364742770204208e-01 3.877467285670072594e-01 3.316555073744036908e-01 4.313305786224408411e-01 4.863111953380507835e-01 2.371029465006498638e-01 3.141577845486103748e-01 4.028905044205262631e-01 1.096074981187126207e-01 2.963329906284916659e-01 1.261695473858422123e-01 2.296285062751744210e-01 3.293204083120993553e-01 1.032743295750966350e-01 2.250507109560383467e-01 1.302987536151135328e-01 2.319707653860472174e-01 3.590391058113086564e-01 2.221421142851779107e-01 3.043612844005535445e-01 2.117090641391133621e-01 2.495542772138583665e-01 3.390213201135038323e-01 2.006289210762195463e-01 3.295174369183604957e-01 3.213825035348245041e-01 1.436959475494143657e-01 2.839175369248221337e-01 1.466744143653867238e-01 1.210059056193891897e-01 3.925944278606279814e-01 0.000000000000000000e+00 2.083751059364703229e-01 2.098376287068919044e-01 2.015312989788919373e-01 2.934823101086286301e-01 2.616913502492684840e-01 3.751815543127021702e-01 2.252669713017124709e-01 1.566298545223523131e-01 2.922559330847061543e-01 3.309577328954564912e-01 2.561772067830785371e-01 3.289614664423395896e-01 1.695074308191777679e-01 1.453819126215565583e-01 3.180160594131185015e-01 7.487963517134610392e-02 2.147741929282276641e-01 2.482797322267135121e-01
