0.000000000000000000e+00 3.126828639301596624e+01 2.100937325078617590e+01 2.075559046186600654e+01 1.646688270133241616e+01 1.550086720475308510e+01 1.559019286324721598e+01 2.259770671357566840e+01 1.218917247110520741e+01 1.239218951654843082e+01 2.168891192339560448e+01 2.573621510149278535e+01 2.172894809313877573e+01 1.050837524225382325e+01 1.048298224379561461e+01 2.014940451946547029e+01 8.975837477875064252e+00 2.497338476207105273e+01 1.404084976919175887e+01 1.721412468874416390e+01 7.874621535680768503e+00 8.421518366750996520e+00 2.849152320902212665e+01 1.587531842787542935e+01 1.916980360297210595e+01 2.424487457830769443e+01 1.468739456911933949e+01 2.510272230138942717e+01 2.241739504974081143e+01 6.814484023934729962e+00 1.523378165782288818e+01 6.747565571398874695e+00 1.574367679477355431e+01 2.123101399006606727e+01 2.557478064714705468e+01 6.077227966759683575e+00 1.649650959093851554e+01 1.603655483264200043e+01 1.234517096021625449e+01 1.887824098729922895e+01 5.480252298233520669e+00 2.631463863947227111e+01 1.057138402350233264e+01 1.186730116905306964e+01 1.804500176987767546e+01 1.243242116267729003e+01 1.705926258491428982e+01 2.880637396122258664e+01 1.921924794175259166e+01 2.137056851963848203e+01
3.126828639301596624e+01 0.000000000000000000e+00 3.038492219805029393e+01 2.058522281296063383e+01 1.640020457369166706e+01 2.364299860547273369e+01 2.042138017223508584e+01 1.344502017950848405e+01 3.144127622771303265e+01 2.097295572433732147e+01 1.172528868947233605e+01 1.105888328811669119e+01 1.054878505485477547e+01 3.104068757058810490e+01 2.451447421725635323e+01 2.105786447434022790e+01 2.276675075367269940e+01 8.392606747710035009e+00 2.384124735737023926e+01 1.615593920452399601e+01 3.386980993366795190e+01 2.595758250764449571e+01 7.465348556968603333e+00 1.863163544139047545e+01 1.502249174776457252e+01 1.763085085002467167e+01 2.726053721272042196e+01 6.869762945208417904e+00 1.428207822773105917e+01 3.393477344592737666e+01 1.703582456878850948e+01 2.718844936805756873e+01 2.975806158284811431e+01 1.060710558989784147e+01 6.188140573285514812e+00 2.745642206660222584e+01 2.157947608724109401e+01 2.367354417496737895e+01 2.092772656074957638e+01 1.273151495749355711e+01 2.716950775549471331e+01 5.191740174370788274e+00 2.189526214975444773e+01 2.125038897594745890e+01 1.791704359474604757e+01 2.702175740497688494e+01 1.449087779785589269e+01 5.193225203543240909e+00 2.650525145492983725e+01 1.190941157010017015e+01
2.100937325078617590e+01 3.038492219805029393e+01 0.000000000000000000e+00 3.480878581109846692e+01 1.631591674188180718e+01 2.365934931603863589e+01 2.646910578676853021e+01 2.213313392410179858e+01 1.275258097059521845e+01 1.179184313811441775e+01 3.285543131334694067e+01 2.755235506156211756e+01 2.666701261915225274e+01 1.338819862258309001e+01 2.612439004326942182e+01 2.876575850722103667e+01 1.849006592607072008e+01 2.219138537028743485e+01 8.567072715805332805e+00 1.974613923286207395e+01 1.919458579904306106e+01 1.908225598033424575e+01 3.379391799494039361e+01 2.998703772339884210e+01 1.541454994704192849e+01 2.911545658686674187e+01 6.814596811248282648e+00 2.471691960429005519e+01 3.417300388047657833e+01 1.870708402248364521e+01 2.261625269004953154e+01 1.513277758334790413e+01 6.912834315523355144e+00 2.276089231109229871e+01 3.226283937154785519e+01 1.538857005756572072e+01 2.963686067428105986e+01 7.466185933691038557e+00 1.866733364465448020e+01 2.792794309383691598e+01 2.213383114882715219e+01 2.796741937707612635e+01 2.393931900918266109e+01 1.366242088864694537e+01 2.414673792604015290e+01 2.421849309252168680e+01 2.071521285260660150e+01 2.956046228559977962e+01 5.312244751794747977e+00 2.250356518979712561e+01
2.075559046186600654e+01 2.058522281296063383e+01 3.480878581109846692e+01 0.000000000000000000e+00 2.471658467263386427e+01 1.528118789620482332e+01 1.495734828892395107e+01 2.109760513163658402e+01 2.839410421653291650e+01 2.325240087780072429e+01 1.224227634779918894e+01 1.117886091944741622e+01 2.064039361816089979e+01 2.749808567001512216e+01 1.062852952843549659e+01 8.860991386205196108e+00 1.755642090348418094e+01 2.414258073325935783e+01 2.746124931971575478e+01 1.544284237267748594e+01 2.715698624379678705e+01 1.636520194020267027e+01 1.318027440080875223e+01 7.098461354400429357e+00 2.294135674088813914e+01 8.722628238270646150e+00 2.948951014966361228e+01 1.775818859423204543e+01 6.740287933590911607e+00 2.645222777754701582e+01 1.654481068169094016e+01 2.251079784878020718e+01 3.108075854973244390e+01 2.462567253321412153e+01 1.887354203286415455e+01 2.213784798860080727e+01 5.639337528594897897e+00 2.832128310165578000e+01 1.699079617248729335e+01 1.423506334055652900e+01 1.611997932918718135e+01 2.404018779375317294e+01 1.311890659792839742e+01 2.271025636479647858e+01 1.102213329123201468e+01 1.165366866522339606e+01 2.142775574355002277e+01 1.614904893986128087e+01 3.239508875900644824e+01 1.404582685285200228e+01
1.646688270133241616e+01 1.640020457369166706e+01 1.631591674188180718e+01 2.471658467263386427e+01 0.000000000000000000e+00 2.206647595847404020e+01 1.475903372969725069e+01 1.335886171698482094e+01 1.516795935744537260e+01 1.242124967989203377e+01 1.989101424665285123e+01 2.045544666011388202e+01 1.069520784696860005e+01 2.196393677591701987e+01 1.664215117954397627e+01 2.437421966714024890e+01 8.523319374341125965e+00 8.732072825021726104e+00 8.289499472377816147e+00 1.460936845067475431e+01 1.776420220629912805e+01 1.993368089841722224e+01 2.329806563895788685e+01 1.808625236586808072e+01 6.990000753918902632e+00 2.313986253490269362e+01 1.618279811950565161e+01 1.462128007302184152e+01 2.509748952605185224e+01 2.289398230462499839e+01 9.191275365992529700e+00 1.094681946039998088e+01 1.390259245156888923e+01 6.482515109227325212e+00 1.605828744121209439e+01 2.009366539170176580e+01 2.207009112586914057e+01 1.120721078053612096e+01 1.675153986938226325e+01 1.454077936708677754e+01 1.511910021876414945e+01 1.204821609007995953e+01 1.259180485637968339e+01 5.077606347637739326e+00 1.956247876780649619e+01 2.128241604305163293e+01 5.240244669651001885e+00 1.897864561851923426e+01 1.257607558260094294e+01 1.607102918756982746e+01
1.550086720475308510e+01 2.364299860547273369e+01 2.365934931603863589e+01 1.528118789620482332e+01 2.206647595847404020e+01 0.000000000000000000e+00 1.983917222362224209e+01 1.637885282951242516e+01 2.677614576610126207e+01 1.227428022818192765e+01 2.189590045750754754e+01 1.427231266151937916e+01 2.717286232691460413e+01 1.777866831979801177e+01 9.800962833915074057e+00 8.533668363289679704e+00 1.761852850926012692e+01 2.065818578117557891e+01 2.182407723135053601e+01 8.127322925393437814e+00 2.312213962983426896e+01 7.772739526031872792e+00 2.063185103763277439e+01 1.519109129269968328e+01 1.536881969626401023e+01 1.206351444341724566e+01 1.817124926287143083e+01 1.706681317289038446e+01 1.517981809953396954e+01 1.854946935478687209e+01 2.188369673440819696e+01 2.061925025872686135e+01 2.630903449000634353e+01 2.628821170481390013e+01 2.829675140819990631e+01 1.267830214937316491e+01 9.897850317952260113e+00 1.811432929320801577e+01 5.925350968205865598e+00 2.167816746068064049e+01 1.219027057983820939e+01 2.697362881283323688e+01 1.569655803275584027e+01 2.223665788586167125e+01 5.947902564973976958e+00 4.954932339834714483e+00 2.546136671163195331e+01 1.921479679102936444e+01 2.174590512753845317e+01 1.189303044819110156e+01
1.559019286324721598e+01 2.042138017223508584e+01 2.646910578676853021e+01 1.495734828892395107e+01 1.475903372969725069e+01 1.983917222362224209e+01 0.000000000000000000e+00 2.798830865389033562e+01 2.050516398937546469e+01 2.281045071315270789e+01 1.177339750044271760e+01 2.225141079702606817e+01 1.192140334116731637e+01 2.469715586313535027e+01 1.009207373713528000e+01 1.897463101548681053e+01 8.737945038866319791e+00 2.111756979988071592e+01 1.790203307096318852e+01 2.662918215819980006e+01 2.099976495644218133e+01 1.609411944538339156e+01 1.879825502778922797e+01 8.048296917450496579e+00 2.126573250121018788e+01 2.094636994411737874e+01 2.726047141320545109e+01 2.683142198330063266e+01 1.510597874686111020e+01 2.222336889177135077e+01 6.432212104327396318e+00 1.499632745186838534e+01 2.235041055062100313e+01 1.507738867784471282e+01 1.449017615847974483e+01 1.932014035607817704e+01 1.356925791841662665e+01 2.283144079557391848e+01 2.130297569535368396e+01 7.793636498631915543e+00 1.161683493158280633e+01 1.689760048937922576e+01 5.090071161584011961e+00 1.315104011604392120e+01 2.237849582409541327e+01 1.508350178599931724e+01 1.117741955856395286e+01 2.313026263246993253e+01 2.318088449358998560e+01 2.617104424858685618e+01
2.259770671357566840e+01 1.344502017950848405e+01 2.213313392410179858e+01 2.109760513163658402e+01 1.335886171698482094e+01 1.637885282951242516e+01 2.798830865389033562e+01 0.000000000000000000e+00 2.406373600006666180e+01 1.188036981037905804e+01 2.336808098788149479e+01 1.162116313879582741e+01 1.949244315390309623e+01 2.202986957134268309e+01 2.456725613603855862e+01 1.697471296674607188e+01 2.020035431666246950e+01 8.841829389953554497e+00 1.565487838690248701e+01 8.254612633178933123e+00 2.875118735108827650e+01 1.703063109097571726e+01 1.641243023097192832e+01 2.518114424184227218e+01 7.154411170967674316e+00 1.455817714324484591e+01 1.859016313861314629e+01 7.385534387234932829e+00 1.872780829627382460e+01 2.500262409915316653e+01 2.169189648628613654e+01 2.191436492928674795e+01 2.154637232980693895e+01 1.425487711272580782e+01 1.926841062091897783e+01 1.848447122187623037e+01 2.091804452654848845e+01 1.534127550476569368e+01 1.233965005937678860e+01 2.589777343150747413e+01 2.091867552249375706e+01 1.535986756043578438e+01 2.560304651339251691e+01 1.607988853099998394e+01 1.242589273478688128e+01 2.052213843853068198e+01 1.681144643562137020e+01 1.201121585585428875e+01 1.825346318098134901e+01 7.063244704355343018e+00
1.218917247110520741e+01 3.144127622771303265e+01 1.275258097059521845e+01 2.839410421653291650e+01 1.516795935744537260e+01 2.677614576610126207e+01 2.050516398937546469e+01 2.406373600006666180e+01 0.000000000000000000e+00 1.794488991347134998e+01 2.738794030204632435e+01 3.142774670992480424e+01 2.351674038766610408e+01 2.012946407913087654e+01 1.910866850177568921e+01 2.935149185833743957e+01 1.179991817939109389e+01 2.318045903518606465e+01 8.620956975224110863e+00 2.437091472447873386e+01 7.831064846792386902e+00 1.941060569400445956e+01 3.461418651877069408e+01 2.236366397997824151e+01 1.729775342582792064e+01 3.314297636811327408e+01 1.574050540499771422e+01 2.628127003230772374e+01 2.931409209477588362e+01 1.548282485914244155e+01 1.814010505553489594e+01 6.300836978871059202e+00 5.929992606843645930e+00 2.142060194204719537e+01 2.881089748061307176e+01 1.794698716258287874e+01 2.508109062322755278e+01 1.263223629908091361e+01 2.390680715858012562e+01 2.296399168952523695e+01 1.510337123165169793e+01 2.714716738104329607e+01 1.646454950056548938e+01 1.036975578110725316e+01 2.895115995634732187e+01 2.287300440409843105e+01 1.772359080873013681e+01 3.113495433799239009e+01 1.151631322152947767e+01 2.640175075698169138e+01
1.239218951654843082e+01 2.097295572433732147e+01 1.179184313811441775e+01 2.325240087780072429e+01 1.242124967989203377e+01 1.227428022818192765e+01 2.281045071315270789e+01 1.188036981037905804e+01 1.794488991347134998e+01 0.000000000000000000e+00 2.812633173146456400e+01 1.671639143959222196e+01 2.263131907476785187e+01 1.039062558638099176e+01 1.526831917248672355e+01 1.717186522818314742e+01 1.720663442513573216e+01 1.464776703367040156e+01 9.549797003168615461e+00 8.224983057179592549e+00 1.996256372337841611e+01 7.961006374366965233e+00 2.308220806712668605e+01 2.198973296556929213e+01 7.100333657494195094e+00 1.774127489878848252e+01 6.921266918300487347e+00 1.463760305472759171e+01 2.267622794575092726e+01 1.396853341636822066e+01 2.055440006429434163e+01 1.652011224797894684e+01 1.408815834736806138e+01 1.755395669158022542e+01 2.670650803791684424e+01 7.721727785249528075e+00 1.857030962397514173e+01 5.893453150569746946e+00 7.017014981257144512e+00 2.599702923466828963e+01 1.148182330805682660e+01 2.175285647881397821e+01 1.789410577077295983e+01 1.203463416978961398e+01 1.259035299274239605e+01 1.309724348655440807e+01 1.753271550537695944e+01 1.885842635373456133e+01 9.548318761885344230e+00 1.174949562263334002e+01
2.168891192339560448e+01 1.172528868947233605e+01 3.285543131334694067e+01 1.224227634779918894e+01 1.989101424665285123e+01 2.189590045750754754e+01 1.177339750044271760e+01 2.336808098788149479e+01 2.738794030204632435e+01 2.812633173146456400e+01 0.000000000000000000e+00 1.425960119270522775e+01 1.043871793219081034e+01 3.028515778495307131e+01 1.364586851029650205e+01 1.670857268714306088e+01 1.562072135153718655e+01 1.940740617135624291e+01 2.428835859754160609e+01 2.243199404801106667e+01 2.754399798761762597e+01 2.124617229698257148e+01 7.581007562136027111e+00 7.078116270093776308e+00 2.558249464092061132e+01 1.559548236456831383e+01 3.264925685778217002e+01 1.621054943771188306e+01 7.714714773941857118e+00 2.815359171494618806e+01 1.094333467443101959e+01 2.187910376453925565e+01 2.905773632191517564e+01 1.600117076879108069e+01 6.631265685064968274e+00 2.475491244124160772e+01 1.305269772587466193e+01 2.915081677207699684e+01 2.438141518410674635e+01 5.425396472644141710e+00 1.732897875338042226e+01 1.183835451088901891e+01 1.263049186447100070e+01 1.947041609254701200e+01 1.816507278478406207e+01 1.771123786303978420e+01 1.484995081522971994e+01 1.135686513202720427e+01 2.956721002016839606e+01 1.906582375351027281e+01
2.573621510149278535e+01 1.105888328811669119e+01 2.755235506156211756e+01 1.117886091944741622e+01 2.045544666011388202e+01 1.427231266151937916e+01 2.225141079702606817e+01 1.162116313879582741e+01 3.142774670992480424e+01 1.671639143959222196e+01 1.425960119270522775e+01 0.000000000000000000e+00 2.102163722639536303e+01 2.627229287264185942e+01 1.758791401274079291e+01 1.069326350449215823e+01 2.558496312870627776e+01 1.349278836441426499e+01 2.295888760474282009e+01 8.859364418132212649e+00 3.330658930832279196e+01 1.876160667232007384e+01 7.383629824998390490e+00 1.425556012049861287e+01 1.451842188082580876e+01 7.002631103303271765e+00 2.352440862286620415e+01 6.861872517607348065e+00 7.145432050164938431e+00 2.829517096412707389e+01 2.326811258338749866e+01 2.917384646139013071e+01 2.783721138160682784e+01 1.948809942258419881e+01 1.567674650277813164e+01 2.212891892370920388e+01 1.163851069337979816e+01 2.068465484258663167e+01 1.360404806277239409e+01 1.892759989080461835e+01 2.326704259947998921e+01 1.595473006664059490e+01 2.113592669313160854e+01 2.333937006310335605e+01 8.408110882770614580e+00 1.708079201111559087e+01 2.346393913049300295e+01 6.149226215558467601e+00 2.443513881598030224e+01 5.099572446058338038e+00
2.172894809313877573e+01 1.054878505485477547e+01 2.666701261915225274e+01 2.064039361816089979e+01 1.069520784696860005e+01 2.717286232691460413e+01 1.192140334116731637e+01 1.949244315390309623e+01 2.351674038766610408e+01 2.263131907476785187e+01 1.043871793219081034e+01 2.102163722639536303e+01 0.000000000000000000e+00 3.155466516679066658e+01 1.742969853962400961e+01 2.580705699863756664e+01 1.295252648441853083e+01 1.088393187783217897e+01 1.851521705336893575e+01 2.316749457677698842e+01 2.495891908843707441e+01 2.326347849459297379e+01 1.461157510175139151e+01 1.354193226376046866e+01 1.685924518222458701e+01 2.590854488596783867e+01 2.667820157053997221e+01 1.572025175720974310e+01 1.803033484807233577e+01 2.843291023531402573e+01 6.495166435315886666e+00 1.836531143747363259e+01 2.403687165088182809e+01 5.908191073180165453e+00 5.869668045947076251e+00 2.637701531001101785e+01 2.038377273668536915e+01 2.163536701781005434e+01 2.680443623657262719e+01 6.405330277604370792e+00 1.867361787365303982e+01 5.518332918986647684e+00 1.279223860680181701e+01 1.390331609144486080e+01 2.705390212150277662e+01 2.243172192664889408e+01 5.951799766545653014e+00 1.536318048566933570e+01 2.294768169948271108e+01 2.034486146660539063e+01
1.050837524225382325e+01 3.104068757058810490e+01 1.338819862258309001e+01 2.749808567001512216e+01 2.196393677591701987e+01 1.777866831979801177e+01 2.469715586313535027e+01 2.202986957134268309e+01 2.012946407913087654e+01 1.039062558638099176e+01 3.028515778495307131e+01 2.627229287264185942e+01 3.155466516679066658e+01 0.000000000000000000e+00 1.765279138721012941e+01 2.324458041909502981e+01 1.902542628956009452e+01 2.497799159421026616e+01 1.746082828443749335e+01 1.748632363870971318e+01 1.383010074771643261e+01 1.154481722099672503e+01 3.287115688203545716e+01 2.427599564346966332e+01 1.745660006413090670e+01 2.568850696293368685e+01 7.143888283094578462e+00 2.466487678182044263e+01 2.972865978984038904e+01 6.731907041748018017e+00 2.505949873147478257e+01 1.695505578181385076e+01 1.804346756104314053e+01 2.753068690063370383e+01 3.458468567517018499e+01 5.657967425302065756e+00 2.209942191494354091e+01 1.200175674506374079e+01 1.323768846373573993e+01 2.788814601532234150e+01 1.317166054927733398e+01 3.196256544115159315e+01 1.976935330842665195e+01 2.136273993091248968e+01 1.960077567028870149e+01 1.668105433318416786e+01 2.696893254304742982e+01 2.870171877875371180e+01 1.378114535520524520e+01 2.149566434243929081e+01
1.048298224379561461e+01 2.451447421725635323e+01 2.612439004326942182e+01 1.062852952843549659e+01 1.664215117954397627e+01 9.800962833915074057e+00 1.009207373713528000e+01 2.456725613603855862e+01 1.910866850177568921e+01 1.526831917248672355e+01 1.364586851029650205e+01 1.758791401274079291e+01 1.742969853962400961e+01 1.765279138721012941e+01 0.000000000000000000e+00 1.028392858225278417e+01 8.498684286671945642e+00 2.522544132845080256e+01 1.840351270290351593e+01 1.736023254167239571e+01 1.712910322831524113e+01 7.778827458261727834e+00 1.934421665804723744e+01 7.026152665971234335e+00 2.154696365071331599e+01 1.502660494672856473e+01 1.992365690868887995e+01 2.415224571826662014e+01 1.269331234018872401e+01 1.629876437417494373e+01 1.213291020785159091e+01 1.315407783115217200e+01 2.190503844730377381e+01 2.051414729145444227e+01 1.896167370971604882e+01 1.218610810870117511e+01 6.013527347142901824e+00 2.075102388036045653e+01 1.338389251250134748e+01 1.226513404986822309e+01 5.679128586739192741e+00 2.228208542580134832e+01 5.935413745649311679e+00 1.365251974798424861e+01 1.357318355830950374e+01 5.002023387024879142e+00 1.572879757335972606e+01 2.278668536318200566e+01 2.368236412553030590e+01 1.989562204046552552e+01
2.014940451946547029e+01 2.105786447434022790e+01 2.876575850722103667e+01 8.860991386205196108e+00 2.437421966714024890e+01 8.533668363289679704e+00 1.897463101548681053e+01 1.697471296674607188e+01 2.935149185833743957e+01 1.717186522818314742e+01 1.670857268714306088e+01 1.069326350449215823e+01 2.580705699863756664e+01 2.324458041909502981e+01 1.028392858225278417e+01 0.000000000000000000e+00 1.874150764323369245e+01 2.071429994449785283e+01 2.531854004434285699e+01 9.765393272459162333e+00 2.740690331774789001e+01 1.345086503337921258e+01 1.462626868991094931e+01 1.228037673595930102e+01 1.740320777996513968e+01 6.956280011411562825e+00 2.327765845405381739e+01 1.515899703297290380e+01 9.081698545875106277e+00 2.431632038379834881e+01 2.147414087424769136e+01 2.343187792058481023e+01 3.004438016729601912e+01 2.634432586813617760e+01 2.261567151347186666e+01 1.858221567418459230e+01 5.814998344603579561e+00 2.247189890867477757e+01 1.027274977636367481e+01 1.940172672103320295e+01 1.546999053138118363e+01 2.573997674809150382e+01 1.534417385175504478e+01 2.389534310454599364e+01 4.991382433555681786e+00 8.394794295759501424e+00 2.559199913816707905e+01 1.650319192705160987e+01 2.661506775939440317e+01 1.055016191048096630e+01
8.975837477875064252e+00 2.276675075367269940e+01 1.849006592607072008e+01 1.755642090348418094e+01 8.523319374341125965e+00 1.761852850926012692e+01 8.737945038866319791e+00 2.020035431666246950e+01 1.179991817939109389e+01 1.720663442513573216e+01 1.562072135153718655e+01 2.558496312870627776e+01 1.295252648441853083e+01 1.902542628956009452e+01 8.498684286671945642e+00 1.874150764323369245e+01 0.000000000000000000e+00 1.702982143507976431e+01 9.922993210265385500e+00 2.085091180824188584e+01 1.226181991757585799e+01 1.198790850779113626e+01 2.284696756826156161e+01 1.151513659136192480e+01 1.343437174242371590e+01 2.336813497615965218e+01 2.037711146999533440e+01 2.211946052981266320e+01 1.846556470615956513e+01 1.562328793891688683e+01 6.457360049102645050e+00 6.279731963396635308e+00 1.388300916068999058e+01 1.274568778900092703e+01 1.772894265260438829e+01 1.419612660755977984e+01 1.447110640812381455e+01 1.485240093487610835e+01 1.699004449219095036e+01 1.121118920865797541e+01 6.931516114335919632e+00 1.757501057930191024e+01 5.467417877145759775e+00 5.172000255346113740e+00 2.203076261929041735e+01 1.275909666871050696e+01 8.338293648764532051e+00 2.685555059654953425e+01 1.520184463289217369e+01 2.287685383363688985e+01
2.497338476207105273e+01 8.392606747710035009e+00 2.219138537028743485e+01 2.414258073325935783e+01 8.732072825021726104e+00 2.065818578117557891e+01 2.111756979988071592e+01 8.841829389953554497e+00 2.318045903518606465e+01 1.464776703367040156e+01 1.940740617135624291e+01 1.349278836441426499e+01 1.088393187783217897e+01 2.497799159421026616e+01 2.522544132845080256e+01 2.071429994449785283e+01 1.702982143507976431e+01 0.000000000000000000e+00 1.564771052960738196e+01 1.255462313268860441e+01 2.615015410958491060e+01 2.088149812209443112e+01 1.469071936657861599e+01 2.364120500141793713e+01 7.547433376176206465e+00 1.778542696701464365e+01 2.018372860451051309e+01 6.811729090906213813e+00 2.052983920637860038e+01 2.844749418743759151e+01 1.480356260185672568e+01 1.927027762298152780e+01 2.156452475508525168e+01 6.111052686515014543e+00 1.277614048629127730e+01 2.202496388939512784e+01 2.435851162434111572e+01 1.554675303907289674e+01 1.673525824610725721e+01 1.707680370094786326e+01 2.362560227950277536e+01 7.617137340007506197e+00 2.132387768140140949e+01 1.340106451021928713e+01 1.653345401064299836e+01 2.482214893804034972e+01 1.049042654732686053e+01 1.043913070111069530e+01 1.831171462716697818e+01 1.021394204173705766e+01
1.404084976919175887e+01 2.384124735737023926e+01 8.567072715805332805e+00 2.746124931971575478e+01 8.289499472377816147e+00 2.182407723135053601e+01 1.790203307096318852e+01 1.565487838690248701e+01 8.620956975224110863e+00 9.549797003168615461e+00 2.428835859754160609e+01 2.295888760474282009e+01 1.851521705336893575e+01 1.746082828443749335e+01 1.840351270290351593e+01 2.531854004434285699e+01 9.922993210265385500e+00 1.564771052960738196e+01 0.000000000000000000e+00 1.587926170047485819e+01 1.369420749403882809e+01 1.741262781258374304e+01 2.766365499320356847e+01 2.141996500759351107e+01 8.904894299972403005e+00 2.465132334410940729e+01 1.050382821182131288e+01 1.819070081281439855e+01 2.837039312239115318e+01 1.973098708715684069e+01 1.416441035024022632e+01 7.431758987288243468e+00 5.916814225477867062e+00 1.473133615730261248e+01 2.416385034096109408e+01 1.620487760500714458e+01 2.437593482435539016e+01 5.574744898150152395e+00 1.600551445356664715e+01 1.936087037803158495e+01 1.477481986963027083e+01 2.029088860179572151e+01 1.537224629337733006e+01 5.095348172841612566e+00 2.045950693234345863e+01 2.246265387474567987e+01 1.256341728682328096e+01 2.304438511849906845e+01 5.278851422626789969e+00 1.791009773297782814e+01
1.721412468874416390e+01 1.615593920452399601e+01 1.974613923286207395e+01 1.544284237267748594e+01 1.460936845067475431e+01 8.127322925393437814e+00 2.662918215819980006e+01 8.254612633178933123e+00 2.437091472447873386e+01 8.224983057179592549e+00 2.243199404801106667e+01 8.859364418132212649e+00 2.316749457677698842e+01 1.748632363870971318e+01 1.736023254167239571e+01 9.765393272459162333e+00 2.085091180824188584e+01 1.255462313268860441e+01 1.587926170047485819e+01 0.000000000000000000e+00 2.478449889557415986e+01 1.106115847555474474e+01 1.598837182917070976e+01 1.964337428575942823e+01 7.688307774153659402e+00 9.516291841608893520e+00 1.489067691995213494e+01 9.381232155847326837e+00 1.486260464708292517e+01 1.977308055137843468e+01 2.354971017364989549e+01 2.252827531339946887e+01 2.060510182342801855e+01 1.818464905632691853e+01 2.210959091160297518e+01 1.360682851096057000e+01 1.371352553127642260e+01 1.319493350546585120e+01 5.525377993591391146e+00 2.624274152285530803e+01 1.541522241529944104e+01 1.891095220065008320e+01 2.171283721582005199e+01 1.669379891511270131e+01 4.957872463558784304e+00 1.241610942252640903e+01 1.984961312032575620e+01 1.252197550343915644e+01 1.720302925780149295e+01 4.780576166614284972e+00
7.874621535680768503e+00 3.386980993366795190e+01 1.919458579904306106e+01 2.715698624379678705e+01 1.776420220629912805e+01 2.312213962983426896e+01 2.099976495644218133e+01 2.875118735108827650e+01 7.831064846792386902e+00 1.996256372337841611e+01 2.754399798761762597e+01 3.330658930832279196e+01 2.495891908843707441e+01 1.383010074771643261e+01 1.712910322831524113e+01 2.740690331774789001e+01 1.226181991757585799e+01 2.615015410958491060e+01 1.369420749403882809e+01 2.478449889557415986e+01 0.000000000000000000e+00 1.594996688908605975e+01 3.439652277759461896e+01 2.186197033243801258e+01 2.198520477684953534e+01 3.186614700338887118e+01 1.836541527321078249e+01 3.078248959250259276e+01 2.871215402125500660e+01 8.008380667373899087e+00 1.871917996667850304e+01 7.166120709289537594e+00 1.317475391381614891e+01 2.370566170707797227e+01 2.982856000644931527e+01 1.255099980350650846e+01 2.313650208263799612e+01 1.860059965923688452e+01 1.991554516704624334e+01 2.347300912623383340e+01 1.239895171176596378e+01 2.910371200024543015e+01 1.612753358735306719e+01 1.302252954058163681e+01 2.566627419495885576e+01 1.969724492854286524e+01 1.975290819830400935e+01 3.563617389818727332e+01 1.748467658168544858e+01 2.894094272646847799e+01
8.421518366750996520e+00 2.595758250764449571e+01 1.908225598033424575e+01 1.636520194020267027e+01 1.993368089841722224e+01 7.772739526031872792e+00 1.609411944538339156e+01 1.703063109097571726e+01 1.941060569400445956e+01 7.961006374366965233e+00 2.124617229698257148e+01 1.876160667232007384e+01 2.326347849459297379e+01 1.154481722099672503e+01 7.778827458261727834e+00 1.345086503337921258e+01 1.198790850779113626e+01 2.088149812209443112e+01 1.741262781258374304e+01 1.106115847555474474e+01 1.594996688908605975e+01 0.000000000000000000e+00 2.474686650721761794e+01 1.465926229038845641e+01 1.406708783069069568e+01 1.704379830242842075e+01 1.342374806249328856e+01 1.946880405235311784e+01 1.900576243725985037e+01 1.163871621921070343e+01 1.700575116510055906e+01 1.325371018663005707e+01 2.185074645435506824e+01 2.465692072513456878e+01 2.597723762674681325e+01 6.217679566189092455e+00 1.082823449831531626e+01 1.365518780489390771e+01 5.605065054239619649e+00 1.928069796689898041e+01 5.318912293598340391e+00 2.811742730851711514e+01 1.118065805517755784e+01 1.574915521872486224e+01 1.084392549399840178e+01 5.355168360894586144e+00 2.006737113384317084e+01 2.308228363294414009e+01 1.723808780333048674e+01 1.561267490133832858e+01
2.849152320902212665e+01 7.465348556968603333e+00 3.379391799494039361e+01 1.318027440080875223e+01 2.329806563895788685e+01 2.063185103763277439e+01 1.879825502778922797e+01 1.641243023097192832e+01 3.461418651877069408e+01 2.308220806712668605e+01 7.581007562136027111e+00 7.383629824998390490e+00 1.461157510175139151e+01 3.287115688203545716e+01 1.934421665804723744e+01 1.462626868991094931e+01 2.284696756826156161e+01 1.469071936657861599e+01 2.766365499320356847e+01 1.598837182917070976e+01 3.439652277759461896e+01 2.474686650721761794e+01 0.000000000000000000e+00 1.294297558025572492e+01 1.891694179765919870e+01 1.245760498288931117e+01 2.992807653144623714e+01 9.582509824841679347e+00 6.827339804265294632e+00 3.494742141754206699e+01 1.839859190934692634e+01 2.895530935262143402e+01 3.357569487053486768e+01 1.738143011564497797e+01 8.826387744676004843e+00 2.913037807337279261e+01 1.449789287279119598e+01 2.687313794241810072e+01 2.087481969321859765e+01 1.273364802507940219e+01 2.412280845597630474e+01 1.167237811186257623e+01 1.948301665444799369e+01 2.681156965824733263e+01 1.570868385729187544e+01 1.994017419052698514e+01 2.056337486829704275e+01 5.030740171719036091e+00 3.029363989715263372e+01 1.153750025793032030e+01
1.587531842787542935e+01 1.863163544139047545e+01 2.998703772339884210e+01 7.098461354400429357e+00 1.808625236586808072e+01 1.519109129269968328e+01 8.048296917450496579e+00 2.518114424184227218e+01 2.236366397997824151e+01 2.198973296556929213e+01 7.078116270093776308e+00 1.425556012049861287e+01 1.354193226376046866e+01 2.427599564346966332e+01 7.026152665971234335e+00 1.228037673595930102e+01 1.151513659136192480e+01 2.364120500141793713e+01 2.141996500759351107e+01 1.964337428575942823e+01 2.186197033243801258e+01 1.465926229038845641e+01 1.294297558025572492e+01 0.000000000000000000e+00 2.459890250162309400e+01 1.290469165858820766e+01 2.654686116494840675e+01 2.081277950430544976e+01 7.110128070333671779e+00 2.231059725860711040e+01 9.486401561844479247e+00 1.648035761222551798e+01 2.503947423761018598e+01 1.753015231490292081e+01 1.323223320040004403e+01 1.878745595434131843e+01 6.957791345726061394e+00 2.632378403062960714e+01 2.008234425836976200e+01 7.136601986156100530e+00 1.147836585133119947e+01 1.758985898500547762e+01 7.066100155787271575e+00 1.664338335109961164e+01 1.508178063115153833e+01 1.086532907407517712e+01 1.436934662370355653e+01 1.797371575197476190e+01 2.669881643022030104e+01 1.812936596305769044e+01
1.916980360297210595e+01 1.502249174776457252e+01 1.541454994704192849e+01 2.294135674088813914e+01 6.990000753918902632e+00 1.536881969626401023e+01 2.126573250121018788e+01 7.154411170967674316e+00 1.729775342582792064e+01 7.100333657494195094e+00 2.558249464092061132e+01 1.451842188082580876e+01 1.685924518222458701e+01 1.745660006413090670e+01 2.154696365071331599e+01 1.740320777996513968e+01 1.343437174242371590e+01 7.547433376176206465e+00 8.904894299972403005e+00 7.688307774153659402e+00 2.198520477684953534e+01 1.406708783069069568e+01 1.891694179765919870e+01 2.459890250162309400e+01 0.000000000000000000e+00 1.627824106857941899e+01 1.273127922552308178e+01 9.371945203208726483e+00 2.120914459827580245e+01 2.090006081126137616e+01 1.586140239949623520e+01 1.514838235504800501e+01 1.481693417730368978e+01 1.106921744931378093e+01 1.989632834654983284e+01 1.462983335692518416e+01 2.116537987275092902e+01 8.685099851693943052e+00 1.048822593122767799e+01 2.143733325476281593e+01 1.782686736244154702e+01 1.475513360787377870e+01 1.883706393915377575e+01 9.313905956761228566e+00 1.257247801388759001e+01 1.915247869682497495e+01 1.223024542356990629e+01 1.422562950889339994e+01 1.153487920392147181e+01 9.537015457447839850e+00
2.424487457830769443e+01 1.763085085002467167e+01 2.911545658686674187e+01 8.722628238270646150e+00 2.313986253490269362e+01 1.206351444341724566e+01 2.094636994411737874e+01 1.455817714324484591e+01 3.314297636811327408e+01 1.774127489878848252e+01 1.559548236456831383e+01 7.002631103303271765e+00 2.590854488596783867e+01 2.568850696293368685e+01 1.502660494672856473e+01 6.956280011411562825e+00 2.336813497615965218e+01 1.778542696701464365e+01 2.465132334410940729e+01 9.516291841608893520e+00 3.186614700338887118e+01 1.704379830242842075e+01 1.245760498288931117e+01 1.290469165858820766e+01 1.627824106857941899e+01 0.000000000000000000e+00 2.440696876156103556e+01 1.199608513220468886e+01 8.027387521227382194e+00 2.723328286192985814e+01 2.239109322043269401e+01 2.808332499272508542e+01 2.951884684048000196e+01 2.341545289065295421e+01 2.088345157226040527e+01 2.122529327223147178e+01 9.014582723382609686e+00 2.236629030145981289e+01 1.245081849919794870e+01 1.950321460836347143e+01 2.070573353346776102e+01 2.232961836435217506e+01 1.920052534803684807e+01 2.546586055874724863e+01 6.288709779376495668e+00 1.438349884123832467e+01 2.686174601608709978e+01 1.289991547535195160e+01 2.611677427485348346e+01 7.607876622055701255e+00
1.468739456911933949e+01 2.726053721272042196e+01 6.814596811248282648e+00 2.948951014966361228e+01 1.618279811950565161e+01 1.817124926287143083e+01 2.726047141320545109e+01 1.859016313861314629e+01 1.574050540499771422e+01 6.921266918300487347e+00 3.264925685778217002e+01 2.352440862286620415e+01 2.667820157053997221e+01 7.143888283094578462e+00 1.992365690868887995e+01 2.327765845405381739e+01 2.037711146999533440e+01 2.018372860451051309e+01 1.050382821182131288e+01 1.489067691995213494e+01 1.836541527321078249e+01 1.342374806249328856e+01 2.992807653144623714e+01 2.654686116494840675e+01 1.273127922552308178e+01 2.440696876156103556e+01 0.000000000000000000e+00 2.140742435624988005e+01 2.934192180852346965e+01 1.203986748776024029e+01 2.393076759955683386e+01 1.764706054945853353e+01 1.095987678580745239e+01 2.229590468009491389e+01 3.183464634138303140e+01 8.733939248376035636e+00 2.397835275644009556e+01 5.615398188454882700e+00 1.320438124311437988e+01 2.959571148382435268e+01 1.581185246716031578e+01 2.690874931657628011e+01 2.233266885849676697e+01 1.524020056839183823e+01 1.909924042081517470e+01 1.855998517468073317e+01 2.101325795138238561e+01 2.570640569618684523e+01 6.722811320214225894e+00 1.859536408695288756e+01
2.510272230138942717e+01 6.869762945208417904e+00 2.471691960429005519e+01 1.775818859423204543e+01 1.462128007302184152e+01 1.706681317289038446e+01 2.683142198330063266e+01 7.385534387234932829e+00 2.628127003230772374e+01 1.463760305472759171e+01 1.621054943771188306e+01 6.861872517607348065e+00 1.572025175720974310e+01 2.466487678182044263e+01 2.415224571826662014e+01 1.515899703297290380e+01 2.211946052981266320e+01 6.811729090906213813e+00 1.819070081281439855e+01 9.381232155847326837e+00 3.078248959250259276e+01 1.946880405235311784e+01 9.582509824841679347e+00 2.081277950430544976e+01 9.371945203208726483e+00 1.199608513220468886e+01 2.140742435624988005e+01 0.000000000000000000e+00 1.371811011547238834e+01 2.751745571122219758e+01 2.139191890990228018e+01 2.390261310589918864e+01 2.410751503829226650e+01 1.274141444849261795e+01 1.289528464330810031e+01 2.105477371886820848e+01 1.820284239890563072e+01 1.798746950894206975e+01 1.426455914797240432e+01 1.941324209453255989e+01 2.340230055697387002e+01 1.064642348740277278e+01 2.717319389013330877e+01 1.806813670761241397e+01 1.169911178038011101e+01 2.155152412456278199e+01 1.697278048869075207e+01 4.853684305684675238e+00 2.083724886116960562e+01 5.208901641221659773e+00
2.241739504974081143e+01 1.428207822773105917e+01 3.417300388047657833e+01 6.740287933590911607e+00 2.509748952605185224e+01 1.517981809953396954e+01 1.510597874686111020e+01 1.872780829627382460e+01 2.931409209477588362e+01 2.267622794575092726e+01 7.714714773941857118e+00 7.145432050164938431e+00 1.803033484807233577e+01 2.972865978984038904e+01 1.269331234018872401e+01 9.081698545875106277e+00 1.846556470615956513e+01 2.052983920637860038e+01 2.837039312239115318e+01 1.486260464708292517e+01 2.871215402125500660e+01 1.900576243725985037e+01 6.827339804265294632e+00 7.110128070333671779e+00 2.120914459827580245e+01 8.027387521227382194e+00 2.934192180852346965e+01 1.371811011547238834e+01 0.000000000000000000e+00 2.878754660602480442e+01 1.615025994942405063e+01 2.343078572702316009e+01 3.198990235240782809e+01 2.360832407875336969e+01 1.365583831848277363e+01 2.476379524485298589e+01 8.308199332121230185e+00 2.730799411164960588e+01 1.674826060599659527e+01 1.191558681110996254e+01 1.795531519874889170e+01 1.809784916782480479e+01 1.401652827058490836e+01 2.361940016747186988e+01 1.053191820667390388e+01 1.419907012056921758e+01 2.115645149958097448e+01 1.100137959277796540e+01 3.105847808504327645e+01 1.186391275884759899e+01
6.814484023934729962e+00 3.393477344592737666e+01 1.870708402248364521e+01 2.645222777754701582e+01 2.289398230462499839e+01 1.854946935478687209e+01 2.222336889177135077e+01 2.500262409915316653e+01 1.548282485914244155e+01 1.396853341636822066e+01 2.815359171494618806e+01 2.829517096412707389e+01 2.843291023531402573e+01 6.731907041748018017e+00 1.629876437417494373e+01 2.431632038379834881e+01 1.562328793891688683e+01 2.844749418743759151e+01 1.973098708715684069e+01 1.977308055137843468e+01 8.008380667373899087e+00 1.163871621921070343e+01 3.494742141754206699e+01 2.231059725860711040e+01 2.090006081126137616e+01 2.723328286192985814e+01 1.203986748776024029e+01 2.751745571122219758e+01 2.878754660602480442e+01 0.000000000000000000e+00 2.193774379999813107e+01 1.246777456176230636e+01 1.962623306621868124e+01 2.767439870807698554e+01 3.220208475344457355e+01 6.796984607658106192e+00 2.131397150839482535e+01 1.649406419853015748e+01 1.498413816329182247e+01 2.550554509359675137e+01 1.086559432605075948e+01 3.292920997475410871e+01 1.720456005202647987e+01 1.820416288548034345e+01 2.105085327916497562e+01 1.659288843756313270e+01 2.361568896352854807e+01 3.132717871065369764e+01 1.862809297550199261e+01 2.392952438227275280e+01
1.523378165782288818e+01 1.703582456878850948e+01 2.261625269004953154e+01 1.654481068169094016e+01 9.191275365992529700e+00 2.188369673440819696e+01 6.432212104327396318e+00 2.169189648628613654e+01 1.814010505553489594e+01 2.055440006429434163e+01 1.094333467443101959e+01 2.326811258338749866e+01 6.495166435315886666e+00 2.505949873147478257e+01 1.213291020785159091e+01 2.147414087424769136e+01 6.457360049102645050e+00 1.480356260185672568e+01 1.416441035024022632e+01 2.354971017364989549e+01 1.871917996667850304e+01 1.700575116510055906e+01 1.839859190934692634e+01 9.486401561844479247e+00 1.586140239949623520e+01 2.239109322043269401e+01 2.393076759955683386e+01 2.139191890990228018e+01 1.615025994942405063e+01 2.193774379999813107e+01 0.000000000000000000e+00 1.266022619089874013e+01 1.961005516982930175e+01 8.948808733528368364e+00 1.128202245606292564e+01 1.988184887469513029e+01 1.592609674989381752e+01 1.840605706443760781e+01 2.208940201595961028e+01 5.664943884267525043e+00 1.224444085656909031e+01 1.192895177941869811e+01 6.747876493020828370e+00 9.406569949546378595e+00 2.444513043318685419e+01 1.692876439457348425e+01 5.006191550156922077e+00 2.171892542969160900e+01 1.914273549742750902e+01 2.386967915718120992e+01
6.747565571398874695e+00 2.718844936805756873e+01 1.513277758334790413e+01 2.251079784878020718e+01 1.094681946039998088e+01 2.061925025872686135e+01 1.499632745186838534e+01 2.191436492928674795e+01 6.300836978871059202e+00 1.652011224797894684e+01 2.187910376453925565e+01 2.917384646139013071e+01 1.836531143747363259e+01 1.695505578181385076e+01 1.315407783115217200e+01 2.343187792058481023e+01 6.279731963396635308e+00 1.927027762298152780e+01 7.431758987288243468e+00 2.252827531339946887e+01 7.166120709289537594e+00 1.325371018663005707e+01 2.895530935262143402e+01 1.648035761222551798e+01 1.514838235504800501e+01 2.808332499272508542e+01 1.764706054945853353e+01 2.390261310589918864e+01 2.343078572702316009e+01 1.246777456176230636e+01 1.266022619089874013e+01 0.000000000000000000e+00 9.347928036601702573e+00 1.706299204953103299e+01 2.333943387198569397e+01 1.274973435776736075e+01 1.916147668547492344e+01 1.295245107254126005e+01 1.773727142626795938e+01 1.746801019308918157e+01 8.953351516923307329e+00 2.248235607735734831e+01 1.060628184389543982e+01 6.148615884061861436e+00 2.320473390577548045e+01 1.675585115885738219e+01 1.313155227541593462e+01 2.875629741158386210e+01 1.247168237035371519e+01 2.455911134590243705e+01
