0.000000000000000000e+00 5.830813715174250067e-01 5.356717695896674458e-01 4.738151696564419368e-01 4.447001392337265324e-01 3.679955059057897215e-01 3.608800181218745351e-01 3.182999206322529306e-01 2.989734408834814894e-01 2.754321068360488511e-01 3.180647913666673765e-01 2.275283136873295919e-01 2.196863537124343346e-01 2.283723271053843262e-01 4.564635523770321779e-01 1.796573899749824565e-01 1.726947020801574695e-01 4.041207681132934493e-01 3.134639668937271861e-01 4.397815661788902486e-01 1.650047972716332800e-01 1.700897077872430274e-01 1.721935511078340475e-01 3.457479320489547092e-01 3.201150720451395038e-01
5.830813715174250067e-01 0.000000000000000000e+00 1.046575211648276049e+00 9.950587729398875370e-01 1.000898565651956673e+00 6.991994104744135852e-01 7.148802551041223419e-01 7.543937002165316263e-01 3.101803155503027876e-01 8.516365574237663161e-01 8.356709955109213883e-01 5.206218460526541580e-01 5.223343506586243246e-01 5.413761168074485708e-01 1.003806358563516188e+00 7.066236565801624625e-01 6.089873130573368876e-01 8.937908993471717078e-01 8.757056231210373909e-01 1.611136715616092729e-01 6.429880042533119289e-01 4.561895166872420582e-01 7.149922523490040982e-01 8.326951456427413856e-01 8.415991377935388984e-01
5.356717695896674458e-01 1.046575211648276049e+00 0.000000000000000000e+00 5.424654638160292253e-01 5.238494582840578229e-01 8.385608170814151663e-01 8.650433175099021543e-01 3.158582451526334434e-01 7.508346673492694023e-01 2.773061671847348864e-01 3.611168330032974438e-01 5.428565009025996257e-01 6.690023271037742747e-01 7.315097141955090310e-01 1.865365504414408238e-01 3.647244896734574415e-01 4.730535095169858817e-01 1.796979021002315935e-01 4.260381934977318097e-01 9.009678121199182765e-01 4.143867861239799444e-01 6.621762938507297358e-01 3.838960826000321069e-01 2.199538172121162372e-01 4.042890769140629614e-01
4.738151696564419368e-01 9.950587729398875370e-01 5.424654638160292253e-01 0.000000000000000000e+00 5.626210359456392807e-01 7.622714437676826327e-01 7.956097906066822434e-01 4.339652803756748334e-01 7.086986464511664252e-01 4.102217592867923313e-01 2.316786689373276920e-01 5.619623427647422176e-01 6.139622915743273568e-01 6.620761872922890090e-01 4.935761818699795911e-01 3.193843637658469459e-01 5.922705506640439932e-01 5.028629869367923222e-01 4.434593807724095949e-01 8.517589676013525013e-01 3.982378527149001424e-01 6.370930069816812535e-01 4.699330430155463922e-01 3.610437139639979809e-01 1.623682310957148545e-01
4.447001392337265324e-01 1.000898565651956673e+00 5.238494582840578229e-01 5.626210359456392807e-01 0.000000000000000000e+00 7.822749930045413969e-01 7.830689217561682680e-01 5.157805156095860433e-01 7.167906350180131003e-01 2.761737734156342050e-01 4.139652837099674354e-01 6.181628659631782652e-01 6.339658408111861210e-01 6.495353184417751446e-01 4.332120205049808104e-01 3.175824941850185490e-01 5.320416563816894318e-01 4.349567996913913381e-01 1.646729631189829679e-01 8.575987603134218595e-01 4.738003743275984725e-01 6.086476293166391827e-01 3.827838860014224354e-01 4.230881537723398256e-01 4.079395135384894511e-01
3.679955059057897215e-01 6.991994104744135852e-01 8.385608170814151663e-01 7.622714437676826327e-01 7.822749930045413969e-01 0.000000000000000000e+00 5.693049304470371164e-01 5.948931203072516105e-01 4.151966327698061177e-01 6.353165995670901900e-01 6.065210654779080723e-01 4.337617626972015694e-01 2.240222021221159321e-01 4.100049380217164474e-01 7.791251691563787496e-01 4.738363274079575582e-01 5.406902079859472465e-01 7.604023758715720005e-01 6.570820504736223366e-01 5.555077488442822231e-01 4.362034205170175483e-01 4.054533877724983970e-01 5.320780438388754696e-01 6.259105619064471160e-01 6.088118086213342162e-01
3.608800181218745351e-01 7.148802551041223419e-01 8.650433175099021543e-01 7.956097906066822434e-01 7.830689217561682680e-01 5.693049304470371164e-01 0.000000000000000000e+00 6.375411590094267611e-01 4.273386082302603750e-01 6.321234620570873597e-01 6.398594123169074610e-01 5.161325612689600106e-01 4.096859229521858659e-01 2.176138529172113312e-01 7.873082381513175632e-01 5.070896139054194007e-01 5.168456955024690602e-01 7.608121233343320133e-01 6.570472105141762498e-01 5.715804497655877503e-01 4.831208582598082169e-01 2.984614904407443259e-01 5.288849063288727503e-01 6.650018690427700330e-01 6.421501554603336048e-01
3.182999206322529306e-01 7.543937002165316263e-01 3.158582451526334434e-01 4.339652803756748334e-01 5.157805156095860433e-01 5.948931203072516105e-01 6.375411590094267611e-01 0.000000000000000000e+00 4.586531559175248129e-01 2.801889513421569888e-01 2.455085989304108263e-01 2.393354720561476912e-01 4.115543908383083038e-01 4.962393327029648304e-01 3.483560830222697802e-01 2.053135207894494496e-01 2.036313227734978248e-01 1.677167766093715928e-01 3.966188604363564130e-01 6.087863006881736316e-01 1.586896997902340067e-01 4.294238103213853797e-01 1.888691988897302221e-01 1.646644354432723056e-01 2.841184694316351012e-01
2.989734408834814894e-01 3.101803155503027876e-01 7.508346673492694023e-01 7.086986464511664252e-01 7.167906350180131003e-01 4.151966327698061177e-01 4.273386082302603750e-01 4.586531559175248129e-01 0.000000000000000000e+00 5.527355871741637117e-01 5.434759537135135377e-01 2.248813017536472614e-01 2.374647243946212960e-01 2.532065297662736691e-01 7.134410048263735149e-01 4.225157259462187787e-01 3.100863428077342276e-01 5.965407392316518509e-01 5.915976924870938181e-01 1.645729160219446263e-01 3.507929624559039117e-01 1.572885464376393982e-01 4.160912820994012717e-01 5.405001038453334239e-01 5.574912071595953256e-01
2.754321068360488511e-01 8.516365574237663161e-01 2.773061671847348864e-01 4.102217592867923313e-01 2.761737734156342050e-01 6.353165995670901900e-01 6.321234620570873597e-01 2.801889513421569888e-01 5.527355871741637117e-01 0.000000000000000000e+00 2.447646477305975843e-01 4.715709460711052237e-01 4.870074473737349141e-01 4.985898587426942363e-01 1.866687294056582902e-01 1.813310427744864728e-01 3.076120217252291678e-01 1.703194742940190021e-01 1.635987083067161341e-01 7.060291578954082103e-01 3.375489229170663963e-01 4.222626589858848312e-01 1.570062915933910785e-01 1.856444715049210548e-01 2.610983747778469199e-01
3.180647913666673765e-01 8.356709955109213883e-01 3.611168330032974438e-01 2.316786689373276920e-01 4.139652837099674354e-01 6.065210654779080723e-01 6.398594123169074610e-01 2.455085989304108263e-01 5.434759537135135377e-01 2.447646477305975843e-01 0.000000000000000000e+00 3.818691586003893357e-01 4.520243597598379570e-01 5.063258090025143376e-01 3.170239380723486322e-01 1.731185368820198356e-01 4.121773664996911668e-01 3.047027038875343430e-01 2.948036285367378051e-01 6.900635959825633936e-01 2.181446685505472605e-01 4.813426286919067487e-01 3.153255167019227145e-01 1.480672996376337647e-01 1.452604471923635843e-01
2.275283136873295919e-01 5.206218460526541580e-01 5.428565009025996257e-01 5.619623427647422176e-01 6.181628659631782652e-01 4.337617626972015694e-01 5.161325612689600106e-01 2.393354720561476912e-01 2.248813017536472614e-01 4.715709460711052237e-01 3.818691586003893357e-01 0.000000000000000000e+00 2.246160679662081716e-01 3.587475393192364193e-01 5.521252903685972546e-01 3.089238072496769960e-01 1.788477913175902656e-01 3.935105444413879994e-01 4.931688362655119451e-01 3.750144465242960523e-01 1.741196509137662995e-01 2.176710708282156848e-01 3.216369044885451500e-01 3.502029420772704293e-01 4.121155318207024298e-01
2.196863537124343346e-01 5.223343506586243246e-01 6.690023271037742747e-01 6.139622915743273568e-01 6.339658408111861210e-01 2.240222021221159321e-01 4.096859229521858659e-01 4.115543908383083038e-01 2.374647243946212960e-01 4.870074473737349141e-01 4.520243597598379570e-01 2.246160679662081716e-01 0.000000000000000000e+00 2.503859305268650859e-01 6.308160169630234737e-01 3.255271752146022268e-01 3.858350974286341439e-01 5.756108774396996308e-01 5.087728982802668387e-01 3.786426890284930180e-01 2.593413685022282200e-01 2.371269030399919542e-01 3.837688916455201382e-01 4.490485098916578433e-01 4.605026564279788293e-01
2.283723271053843262e-01 5.413761168074485708e-01 7.315097141955090310e-01 6.620761872922890090e-01 6.495353184417751446e-01 4.100049380217164474e-01 2.176138529172113312e-01 4.962393327029648304e-01 2.532065297662736691e-01 4.985898587426942363e-01 5.063258090025143376e-01 3.587475393192364193e-01 2.503859305268650859e-01 0.000000000000000000e+00 6.537746348369242178e-01 3.735560105910260553e-01 3.894473102431309508e-01 6.272785200199390010e-01 5.235136071997832374e-01 3.980763114689138682e-01 3.375496329127307682e-01 1.704236468543228467e-01 3.953513030144795160e-01 5.272567743021603359e-01 5.086165521459404815e-01
4.564635523770321779e-01 1.003806358563516188e+00 1.865365504414408238e-01 4.935761818699795911e-01 4.332120205049808104e-01 7.791251691563787496e-01 7.873082381513175632e-01 3.483560830222697802e-01 7.134410048263735149e-01 1.866687294056582902e-01 3.170239380723486322e-01 5.521252903685972546e-01 6.308160169630234737e-01 6.537746348369242178e-01 0.000000000000000000e+00 3.052888417484210803e-01 4.243497122075597927e-01 2.192989788391659089e-01 3.354007557186551303e-01 8.605065532249814853e-01 4.051426499804910986e-01 5.829680766380943568e-01 3.046878653873968945e-01 2.107096810686273081e-01 3.503160340761235503e-01
1.796573899749824565e-01 7.066236565801624625e-01 3.647244896734574415e-01 3.193843637658469459e-01 3.175824941850185490e-01 4.738363274079575582e-01 5.070896139054194007e-01 2.053135207894494496e-01 4.225157259462187787e-01 1.813310427744864728e-01 1.731185368820198356e-01 3.089238072496769960e-01 3.255271752146022268e-01 3.735560105910260553e-01 3.052888417484210803e-01 0.000000000000000000e+00 3.027413156305351349e-01 3.290496099453010248e-01 1.935249112913063896e-01 5.633238512416275379e-01 1.641239291996537120e-01 3.485728302804183554e-01 1.697109057136641508e-01 2.224307479410661259e-01 1.647028413586971718e-01
1.726947020801574695e-01 6.089873130573368876e-01 4.730535095169858817e-01 5.922705506640439932e-01 5.320416563816894318e-01 5.406902079859472465e-01 5.168456955024690602e-01 2.036313227734978248e-01 3.100863428077342276e-01 3.076120217252291678e-01 4.121773664996911668e-01 1.788477913175902656e-01 3.858350974286341439e-01 3.894473102431309508e-01 4.243497122075597927e-01 3.027413156305351349e-01 0.000000000000000000e+00 2.970700405385064413e-01 3.981756625270321259e-01 4.633799135289787818e-01 2.280219704015176707e-01 2.257924875478875826e-01 1.621198732509860352e-01 3.646108700567720073e-01 4.424237397200043165e-01
4.041207681132934493e-01 8.937908993471717078e-01 1.796979021002315935e-01 5.028629869367923222e-01 4.349567996913913381e-01 7.604023758715720005e-01 7.608121233343320133e-01 1.677167766093715928e-01 5.965407392316518509e-01 1.703194742940190021e-01 3.047027038875343430e-01 3.935105444413879994e-01 5.756108774396996308e-01 6.272785200199390010e-01 2.192989788391659089e-01 3.290496099453010248e-01 2.970700405385064413e-01 0.000000000000000000e+00 3.333168186474000927e-01 7.481834998188137131e-01 3.241989553545545077e-01 5.148768848429484679e-01 2.411224616060118620e-01 1.568947561704724936e-01 3.672517821092902701e-01
3.134639668937271861e-01 8.757056231210373909e-01 4.260381934977318097e-01 4.434593807724095949e-01 1.646729631189829679e-01 6.570820504736223366e-01 6.570472105141762498e-01 3.966188604363564130e-01 5.915976924870938181e-01 1.635987083067161341e-01 2.948036285367378051e-01 4.931688362655119451e-01 5.087728982802668387e-01 5.235136071997832374e-01 3.354007557186551303e-01 1.935249112913063896e-01 3.981756625270321259e-01 3.333168186474000927e-01 0.000000000000000000e+00 7.324058177825026883e-01 3.488063446299322634e-01 4.752621487147946078e-01 2.437900009747311358e-01 3.252768889860142010e-01 2.887778583652597653e-01
4.397815661788902486e-01 1.611136715616092729e-01 9.009678121199182765e-01 8.517589676013525013e-01 8.575987603134218595e-01 5.555077488442822231e-01 5.715804497655877503e-01 6.087863006881736316e-01 1.645729160219446263e-01 7.060291578954082103e-01 6.900635959825633936e-01 3.750144465242960523e-01 3.786426890284930180e-01 3.980763114689138682e-01 8.605065532249814853e-01 5.633238512416275379e-01 4.633799135289787818e-01 7.481834998188137131e-01 7.324058177825026883e-01 0.000000000000000000e+00 4.973806047249537676e-01 3.105821171588838414e-01 5.693848528206457704e-01 6.870877461143832798e-01 6.982993324550040848e-01
1.650047972716332800e-01 6.429880042533119289e-01 4.143867861239799444e-01 3.982378527149001424e-01 4.738003743275984725e-01 4.362034205170175483e-01 4.831208582598082169e-01 1.586896997902340067e-01 3.507929624559039117e-01 3.375489229170663963e-01 2.181446685505472605e-01 1.741196509137662995e-01 2.593413685022282200e-01 3.375496329127307682e-01 4.051426499804910986e-01 1.641239291996537120e-01 2.280219704015176707e-01 3.241989553545545077e-01 3.488063446299322634e-01 4.973806047249537676e-01 0.000000000000000000e+00 3.255130514882280668e-01 2.643727311020169779e-01 1.944329689118637905e-01 2.483910417708604379e-01
1.700897077872430274e-01 4.561895166872420582e-01 6.621762938507297358e-01 6.370930069816812535e-01 6.086476293166391827e-01 4.054533877724983970e-01 2.984614904407443259e-01 4.294238103213853797e-01 1.572885464376393982e-01 4.222626589858848312e-01 4.813426286919067487e-01 2.176710708282156848e-01 2.371269030399919542e-01 1.704236468543228467e-01 5.829680766380943568e-01 3.485728302804183554e-01 2.257924875478875826e-01 5.148768848429484679e-01 4.752621487147946078e-01 3.105821171588838414e-01 3.255130514882280668e-01 0.000000000000000000e+00 2.856183539111224468e-01 5.064850854177693762e-01 4.836333718353330036e-01
1.721935511078340475e-01 7.149922523490040982e-01 3.838960826000321069e-01 4.699330430155463922e-01 3.827838860014224354e-01 5.320780438388754696e-01 5.288849063288727503e-01 1.888691988897302221e-01 4.160912820994012717e-01 1.570062915933910785e-01 3.153255167019227145e-01 3.216369044885451500e-01 3.837688916455201382e-01 3.953513030144795160e-01 3.046878653873968945e-01 1.697109057136641508e-01 1.621198732509860352e-01 2.411224616060118620e-01 2.437900009747311358e-01 5.693848528206457704e-01 2.643727311020169779e-01 2.856183539111224468e-01 0.000000000000000000e+00 3.158685608978846204e-01 3.155296958567217480e-01
3.457479320489547092e-01 8.326951456427413856e-01 2.199538172121162372e-01 3.610437139639979809e-01 4.230881537723398256e-01 6.259105619064471160e-01 6.650018690427700330e-01 1.646644354432723056e-01 5.405001038453334239e-01 1.856444715049210548e-01 1.480672996376337647e-01 3.502029420772704293e-01 4.490485098916578433e-01 5.272567743021603359e-01 2.107096810686273081e-01 2.224307479410661259e-01 3.646108700567720073e-01 1.568947561704724936e-01 3.252768889860142010e-01 6.870877461143832798e-01 1.944329689118637905e-01 5.064850854177693762e-01 3.158685608978846204e-01 0.000000000000000000e+00 2.514905921783114340e-01
3.201150720451395038e-01 8.415991377935388984e-01 4.042890769140629614e-01 1.623682310957148545e-01 4.079395135384894511e-01 6.088118086213342162e-01 6.421501554603336048e-01 2.841184694316351012e-01 5.574912071595953256e-01 2.610983747778469199e-01 1.452604471923635843e-01 4.121155318207024298e-01 4.605026564279788293e-01 5.086165521459404815e-01 3.503160340761235503e-01 1.647028413586971718e-01 4.424237397200043165e-01 3.672517821092902701e-01 2.887778583652597653e-01 6.982993324550040848e-01 2.483910417708604379e-01 4.836333718353330036e-01 3.155296958567217480e-01 2.514905921783114340e-01 0.000000000000000000e+00
