0.000000000000000000e+00 6.032304641980278381e-01 5.102650131012843593e-01 5.164868609819740497e-01 3.345003026668573742e-01 3.206041557306670287e-01 2.746103299176926305e-01 2.584247281705800425e-01 3.751292908958342442e-01 2.026852755793047411e-01 1.950850780591824596e-01 3.751732919766507801e-01 1.700491338920433193e-01 1.714771848422145528e-01 2.308391795576180960e-01 4.545517935156223044e-01 1.596826241379079303e-01 3.847165673616156911e-01 1.439906827283076174e-01 4.721600087859806338e-01 5.481790665861169254e-01 3.216146424532898562e-01 5.651085300021027047e-01 4.004798169251237994e-01 1.072633469142983687e-01
6.032304641980278381e-01 0.000000000000000000e+00 4.257208599371678504e-01 4.234000145192480247e-01 8.409275767366116705e-01 3.191553172723087251e-01 6.779637241388115632e-01 6.765360041793965218e-01 2.395805721912884212e-01 4.129675906085037429e-01 4.791469012764747459e-01 2.582568312327196969e-01 6.715045583649909000e-01 5.117253688065990236e-01 3.727988324378663787e-01 1.610063194472985959e-01 4.731812534950240456e-01 2.917371606988247712e-01 5.827389249739979293e-01 1.324954188022510193e-01 1.258753582538143512e-01 2.873485611470605883e-01 1.211590923512747553e-01 3.138458590580622265e-01 4.959671172837298303e-01
5.102650131012843593e-01 4.257208599371678504e-01 0.000000000000000000e+00 4.125282730128889686e-01 8.234997700137177690e-01 4.204787341792258215e-01 6.263128065527499011e-01 5.914253078494637883e-01 2.376487724900094300e-01 3.904702941901688762e-01 4.493821052830713758e-01 2.981606024358109952e-01 6.659018868327978291e-01 4.272244199232521633e-01 2.854930029682372639e-01 3.814507655531156338e-01 5.353208615473838972e-01 1.391543324816064686e-01 5.232384411826103143e-01 2.998858837775109643e-01 4.159452147117694287e-01 3.333388033937577100e-01 4.336665556078276862e-01 2.924512863816756125e-01 4.030016661869859074e-01
5.164868609819740497e-01 4.234000145192480247e-01 4.125282730128889686e-01 0.000000000000000000e+00 8.305489699277210924e-01 3.472527629954526573e-01 5.992364234902284315e-01 6.217542968890634736e-01 3.327067549741786201e-01 4.591608994531911070e-01 4.044360026634502003e-01 1.940540667533231234e-01 6.557815356965021047e-01 4.696924843816659423e-01 3.094810417110295808e-01 3.548073362604831082e-01 4.926865201439065700e-01 2.733739405312827220e-01 5.009676445355010221e-01 2.935460796929961202e-01 4.356625071180748043e-01 4.188258810797679255e-01 4.034375441226615289e-01 1.209676009929794849e-01 4.101766557458118023e-01
3.345003026668573742e-01 8.409275767366116705e-01 8.234997700137177690e-01 8.305489699277210924e-01 0.000000000000000000e+00 5.438135340667183959e-01 5.876793406415083965e-01 5.919420111323067113e-01 6.654438044614153780e-01 4.613647157595200943e-01 4.616852377315169287e-01 6.819555168579735094e-01 1.756304426227592030e-01 4.976215081716129918e-01 5.566383096916472928e-01 6.847153667123812015e-01 3.720882137007992529e-01 7.002155259549698307e-01 4.552020875157601343e-01 7.762423493906314143e-01 7.916584425472884545e-01 5.667453979310617118e-01 7.903605105100541817e-01 7.169195307678845053e-01 4.330624770483277874e-01
3.206041557306670287e-01 3.191553172723087251e-01 4.204787341792258215e-01 3.472527629954526573e-01 5.438135340667183959e-01 0.000000000000000000e+00 3.992280072674870284e-01 4.620846823322167785e-01 2.373878276929452247e-01 2.073797072864081714e-01 1.974269232857335243e-01 1.835038406547636614e-01 3.731743069653802314e-01 3.172338786842622271e-01 1.698860829471293410e-01 1.581489978250100736e-01 1.780372214369179695e-01 2.854868305927472649e-01 3.058814138005797045e-01 2.381577499199143411e-01 2.821057601146518268e-01 1.265145264974902040e-01 2.565760712075443872e-01 2.366922814952226173e-01 2.413496304598514164e-01
2.746103299176926305e-01 6.779637241388115632e-01 6.263128065527499011e-01 5.992364234902284315e-01 5.876793406415083965e-01 3.992280072674870284e-01 0.000000000000000000e+00 4.578909792225994702e-01 4.996543753122411613e-01 4.010122811369851159e-01 2.203874250555242775e-01 4.575824612261978896e-01 4.206048521320261968e-01 3.412572297957660039e-01 3.408198035845126372e-01 5.405944203488466382e-01 3.597104504955239701e-01 4.946971913885102046e-01 1.330637421038837476e-01 5.637349393953000609e-01 6.685366290421818070e-01 4.873481706630821142e-01 6.320836183453770740e-01 4.835732146632394368e-01 2.378499539055760892e-01
2.584247281705800425e-01 6.765360041793965218e-01 5.914253078494637883e-01 6.217542968890634736e-01 5.919420111323067113e-01 4.620846823322167785e-01 4.578909792225994702e-01 0.000000000000000000e+00 4.450397452381388841e-01 3.333741463823135520e-01 3.383177538390987338e-01 4.822211164080354995e-01 4.257280742412510310e-01 1.672981580179887240e-01 3.220794904639328049e-01 5.534068189478300592e-01 4.142201160995687137e-01 4.674531666051237599e-01 3.421568095883867344e-01 5.666096841965373443e-01 6.337274804937798045e-01 4.243602860481553440e-01 6.727575460121051343e-01 5.057472528322132233e-01 2.317116214523441686e-01
3.751292908958342442e-01 2.395805721912884212e-01 2.376487724900094300e-01 3.327067549741786201e-01 6.654438044614153780e-01 2.373878276929452247e-01 4.996543753122411613e-01 4.450397452381388841e-01 0.000000000000000000e+00 2.143502687491172232e-01 3.273554903455177523e-01 1.894185495060564384e-01 5.078459212804954381e-01 2.802291098653414414e-01 1.681073665437164688e-01 1.596395901743046519e-01 3.570090005427263291e-01 1.348190110320710566e-01 3.965800099421013525e-01 1.317002094445531568e-01 2.014429976773305653e-01 1.226083570670928602e-01 2.643466669025574811e-01 2.167043824039692201e-01 2.719753969861083420e-01
2.026852755793047411e-01 4.129675906085037429e-01 3.904702941901688762e-01 4.591608994531911070e-01 4.613647157595200943e-01 2.073797072864081714e-01 4.010122811369851159e-01 3.333741463823135520e-01 2.143502687491172232e-01 0.000000000000000000e+00 2.343576231595985715e-01 3.310304569425632226e-01 3.037668325786000989e-01 1.669925434611104209e-01 1.656152521451603188e-01 2.628345092832953811e-01 1.534547466177406672e-01 2.671860501314209935e-01 2.970910475761353031e-01 3.375414342162396664e-01 3.483435808393967048e-01 1.298973582209629052e-01 3.825989773388219772e-01 3.396218384534347989e-01 1.674060550979880879e-01
1.950850780591824596e-01 4.791469012764747459e-01 4.493821052830713758e-01 4.044360026634502003e-01 4.616852377315169287e-01 1.974269232857335243e-01 2.203874250555242775e-01 3.383177538390987338e-01 3.273554903455177523e-01 2.343576231595985715e-01 0.000000000000000000e+00 2.608765549286660157e-01 2.869178035002976079e-01 2.003404803282421709e-01 1.673282997597339838e-01 3.387933363670934672e-01 1.470736976353965442e-01 3.153099616531416793e-01 1.348856499315268798e-01 3.696166684170401062e-01 4.667355450604284695e-01 3.177900877564507343e-01 4.302825343636239031e-01 2.887727938364611502e-01 1.087639201564039731e-01
3.751732919766507801e-01 2.582568312327196969e-01 2.981606024358109952e-01 1.940540667533231234e-01 6.819555168579735094e-01 1.835038406547636614e-01 4.575824612261978896e-01 4.822211164080354995e-01 1.894185495060564384e-01 3.310304569425632226e-01 2.608765549286660157e-01 0.000000000000000000e+00 5.071880826267544107e-01 3.314256707538262847e-01 1.743796609175485013e-01 1.716255810884958766e-01 3.417050365457068861e-01 1.607076122887435565e-01 3.593136822714702583e-01 1.346671005239046537e-01 2.850287170281394777e-01 2.568577160619203159e-01 2.287947036918559773e-01 1.136403443914990319e-01 2.690761044484054065e-01
1.700491338920433193e-01 6.715045583649909000e-01 6.659018868327978291e-01 6.557815356965021047e-01 1.756304426227592030e-01 3.731743069653802314e-01 4.206048521320261968e-01 4.257280742412510310e-01 5.078459212804954381e-01 3.037668325786000989e-01 2.869178035002976079e-01 5.071880826267544107e-01 0.000000000000000000e+00 3.359717758964681500e-01 3.904243728005915570e-01 5.143987401223345524e-01 2.014489865994610329e-01 5.426176427740498909e-01 2.881275990062780457e-01 6.056031222892933608e-01 6.282601870690789347e-01 4.074558498737314571e-01 6.197212834087155731e-01 5.421520965366651845e-01 2.668485401572719407e-01
1.714771848422145528e-01 5.117253688065990236e-01 4.272244199232521633e-01 4.696924843816659423e-01 4.976215081716129918e-01 3.172338786842622271e-01 3.412572297957660039e-01 1.672981580179887240e-01 2.802291098653414414e-01 1.669925434611104209e-01 2.003404803282421709e-01 3.314256707538262847e-01 3.359717758964681500e-01 0.000000000000000000e+00 1.642497390962314452e-01 3.870252160266267061e-01 2.614758741871447967e-01 3.039401758645041696e-01 2.330922683683371854e-01 4.053762275953894378e-01 4.673458775725763958e-01 2.579786831269522129e-01 5.063759430909020587e-01 3.501534233819096342e-01 1.073875701432747409e-01
2.308391795576180960e-01 3.727988324378663787e-01 2.854930029682372639e-01 3.094810417110295808e-01 5.566383096916472928e-01 1.698860829471293410e-01 3.408198035845126372e-01 3.220794904639328049e-01 1.681073665437164688e-01 1.656152521451603188e-01 1.673282997597339838e-01 1.743796609175485013e-01 3.904243728005915570e-01 1.642497390962314452e-01 0.000000000000000000e+00 2.996982484341197406e-01 2.655483711899553900e-01 1.538773878039975673e-01 2.377454382143729117e-01 2.445301937326042896e-01 3.624826289904556909e-01 1.717118630380579380e-01 3.677928582927616485e-01 1.899419807112732728e-01 1.235758326433197135e-01
4.545517935156223044e-01 1.610063194472985959e-01 3.814507655531156338e-01 3.548073362604831082e-01 6.847153667123812015e-01 1.581489978250100736e-01 5.405944203488466382e-01 5.534068189478300592e-01 1.596395901743046519e-01 2.628345092832953811e-01 3.387933363670934672e-01 1.716255810884958766e-01 5.143987401223345524e-01 3.870252160266267061e-01 2.996982484341197406e-01 0.000000000000000000e+00 3.152533706150408843e-01 2.545808428111951405e-01 4.472478268819395364e-01 1.308868148519666819e-01 1.292692910553096264e-01 1.392112064933012372e-01 1.210802375538521519e-01 2.498771883518106640e-01 3.827160435412113038e-01
1.596826241379079303e-01 4.731812534950240456e-01 5.353208615473838972e-01 4.926865201439065700e-01 3.720882137007992529e-01 1.780372214369179695e-01 3.597104504955239701e-01 4.142201160995687137e-01 3.570090005427263291e-01 1.534547466177406672e-01 1.470736976353965442e-01 3.417050365457068861e-01 2.014489865994610329e-01 2.614758741871447967e-01 2.655483711899553900e-01 3.152533706150408843e-01 0.000000000000000000e+00 4.104233567402369998e-01 2.392460456424151671e-01 4.104660367608308214e-01 4.307453974874843050e-01 2.376229347802867320e-01 4.216007859021305149e-01 3.790570809840698718e-01 2.313067663217907854e-01
3.847165673616156911e-01 2.917371606988247712e-01 1.391543324816064686e-01 2.733739405312827220e-01 7.002155259549698307e-01 2.854868305927472649e-01 4.946971913885102046e-01 4.674531666051237599e-01 1.348190110320710566e-01 2.671860501314209935e-01 3.153099616531416793e-01 1.607076122887435565e-01 5.426176427740498909e-01 3.039401758645041696e-01 1.538773878039975673e-01 2.545808428111951405e-01 4.104233567402369998e-01 0.000000000000000000e+00 3.916228260183704513e-01 1.656870646185560070e-01 2.833349047285788069e-01 2.103885268466815228e-01 2.994677364488727012e-01 1.532969539000691439e-01 2.774532204473172392e-01
1.439906827283076174e-01 5.827389249739979293e-01 5.232384411826103143e-01 5.009676445355010221e-01 4.552020875157601343e-01 3.058814138005797045e-01 1.330637421038837476e-01 3.421568095883867344e-01 3.965800099421013525e-01 2.970910475761353031e-01 1.348856499315268798e-01 3.593136822714702583e-01 2.881275990062780457e-01 2.330922683683371854e-01 2.377454382143729117e-01 4.472478268819395364e-01 2.392460456424151671e-01 3.916228260183704513e-01 0.000000000000000000e+00 4.651144874396532791e-01 5.751900355752745941e-01 3.842738052929423609e-01 5.387370248784700832e-01 3.853044357085120830e-01 1.296849924781473262e-01
4.721600087859806338e-01 1.324954188022510193e-01 2.998858837775109643e-01 2.935460796929961202e-01 7.762423493906314143e-01 2.381577499199143411e-01 5.637349393953000609e-01 5.666096841965373443e-01 1.317002094445531568e-01 3.375414342162396664e-01 3.696166684170401062e-01 1.346671005239046537e-01 6.056031222892933608e-01 4.053762275953894378e-01 2.445301937326042896e-01 1.308868148519666819e-01 4.104660367608308214e-01 1.656870646185560070e-01 4.651144874396532791e-01 0.000000000000000000e+00 1.714286112505034043e-01 2.270614743592841989e-01 1.400927795798302122e-01 1.813504402558112349e-01 3.655221972804765795e-01
5.481790665861169254e-01 1.258753582538143512e-01 4.159452147117694287e-01 4.356625071180748043e-01 7.916584425472884545e-01 2.821057601146518268e-01 6.685366290421818070e-01 6.337274804937798045e-01 2.014429976773305653e-01 3.483435808393967048e-01 4.667355450604284695e-01 2.850287170281394777e-01 6.282601870690789347e-01 4.673458775725763958e-01 3.624826289904556909e-01 1.292692910553096264e-01 4.307453974874843050e-01 2.833349047285788069e-01 5.751900355752745941e-01 1.714286112505034043e-01 0.000000000000000000e+00 2.265644241328270969e-01 1.560583849540765622e-01 3.226140455762667170e-01 4.618642910385334366e-01
3.216146424532898562e-01 2.873485611470605883e-01 3.333388033937577100e-01 4.188258810797679255e-01 5.667453979310617118e-01 1.265145264974902040e-01 4.873481706630821142e-01 4.243602860481553440e-01 1.226083570670928602e-01 1.298973582209629052e-01 3.177900877564507343e-01 2.568577160619203159e-01 4.074558498737314571e-01 2.579786831269522129e-01 1.717118630380579380e-01 1.392112064933012372e-01 2.376229347802867320e-01 2.103885268466815228e-01 3.842738052929423609e-01 2.270614743592841989e-01 2.265644241328270969e-01 0.000000000000000000e+00 2.589455379859331718e-01 2.992868200800116174e-01 2.569567958120407836e-01
5.651085300021027047e-01 1.211590923512747553e-01 4.336665556078276862e-01 4.034375441226615289e-01 7.903605105100541817e-01 2.565760712075443872e-01 6.320836183453770740e-01 6.727575460121051343e-01 2.643466669025574811e-01 3.825989773388219772e-01 4.302825343636239031e-01 2.287947036918559773e-01 6.197212834087155731e-01 5.063759430909020587e-01 3.677928582927616485e-01 1.210802375538521519e-01 4.216007859021305149e-01 2.994677364488727012e-01 5.387370248784700832e-01 1.400927795798302122e-01 1.560583849540765622e-01 2.589455379859331718e-01 0.000000000000000000e+00 2.956592286479645115e-01 4.607107018558704858e-01
4.004798169251237994e-01 3.138458590580622265e-01 2.924512863816756125e-01 1.209676009929794849e-01 7.169195307678845053e-01 2.366922814952226173e-01 4.835732146632394368e-01 5.057472528322132233e-01 2.167043824039692201e-01 3.396218384534347989e-01 2.887727938364611502e-01 1.136403443914990319e-01 5.421520965366651845e-01 3.501534233819096342e-01 1.899419807112732728e-01 2.498771883518106640e-01 3.790570809840698718e-01 1.532969539000691439e-01 3.853044357085120830e-01 1.813504402558112349e-01 3.226140455762667170e-01 2.992868200800116174e-01 2.956592286479645115e-01 0.000000000000000000e+00 2.941696116889612189e-01
1.072633469142983687e-01 4.959671172837298303e-01 4.030016661869859074e-01 4.101766557458118023e-01 4.330624770483277874e-01 2.413496304598514164e-01 2.378499539055760892e-01 2.317116214523441686e-01 2.719753969861083420e-01 1.674060550979880879e-01 1.087639201564039731e-01 2.690761044484054065e-01 2.668485401572719407e-01 1.073875701432747409e-01 1.235758326433197135e-01 3.827160435412113038e-01 2.313067663217907854e-01 2.774532204473172392e-01 1.296849924781473262e-01 3.655221972804765795e-01 4.618642910385334366e-01 2.569567958120407836e-01 4.607107018558704858e-01 2.941696116889612189e-01 0.000000000000000000e+00
