0.000000000000000000e+00 3.122131976469268011e+01 2.101097276441705475e+01 2.047455580201487635e+01 1.644445855617538044e+01 1.512783321369252043e+01 1.576555626218478423e+01 1.218864440588007092e+01 2.212798795512791727e+01 1.210874117219969648e+01 2.293944640159643811e+01 1.153229767850428189e+01 2.588014560138559972e+01 2.105172482458526773e+01 1.474953605674736856e+01 8.945656414278566615e+00 2.452946727936410909e+01 1.929876699047428801e+01 1.281191995363758451e+01 7.870541722432812470e+00 1.300602234661361223e+01 7.406668603325627487e+00 7.084191326974929481e+00 2.316840980443592457e+01 2.882719221393215037e+01 2.503775982558646618e+01 1.800788771235077235e+01 6.686448202007722053e+00 2.436867347818912322e+01 2.235412944453335271e+01 6.744713795857353311e+00 1.940674530229298611e+01 1.517264224335252720e+01 1.629404170883474023e+01 1.259661965000403328e+01 2.054412985003572345e+01 2.571196593367247019e+01 1.867676518898174720e+01 1.479070608204414761e+01 2.012051008247268413e+01 1.563910823555100116e+01 1.823475580790786665e+01 1.064719308704469647e+01 9.903780580381413401e+00 1.798410459004333362e+01 7.423077435411182812e+00 1.248707234755590179e+01 1.834464652837694132e+01 1.648758637501776647e+01 1.408077601395328848e+01 2.274433488648217860e+01 2.874339998203229030e+01 1.737247784073208479e+01 2.763751085217383618e+01 1.122435373559403260e+01 4.770601479659400290e+00 4.565228329038777844e+00 4.772882487580695887e+00 2.044190879186825782e+01 1.435208027407526998e+01 1.138267187496263766e+01 1.560440806506896827e+01 2.841471275899321114e+01 2.318896270680730964e+01 4.290361337921604346e+00 8.439617004813390722e+00 1.632904962365347146e+01 1.838941879427591886e+01 2.775628680058842335e+01 2.499253420050894547e+01 2.628408066911381624e+01 1.904440976641095418e+01 1.174869158712416706e+01 2.097542966066007608e+01 2.108745505139128085e+01
3.122131976469268011e+01 0.000000000000000000e+00 3.033216957912166123e+01 2.034418116941928645e+01 1.637078299108825163e+01 1.804956074315423464e+01 2.023803181133616746e+01 3.139307880772802761e+01 1.183569239338790702e+01 3.055969216247257947e+01 1.257333693277060327e+01 2.714671391993474359e+01 1.075877693626157594e+01 1.117556886734168309e+01 2.117095185590798323e+01 2.274756282548024444e+01 8.379306897207218441e+00 2.106600984507932850e+01 2.172864837906054092e+01 3.382438021624503932e+01 2.410046028764732284e+01 2.409721293834131828e+01 3.355638182271466974e+01 1.698971758081616912e+01 7.321044541472285339e+00 6.880607862296835187e+00 1.355201265080944140e+01 2.551904689698151785e+01 6.852646286503556894e+00 1.403802464443156417e+01 2.714460865755980734e+01 1.506298049084438162e+01 1.628640578454768217e+01 2.947734943049800549e+01 2.376036158494452621e+01 1.264718657067437491e+01 5.788668036630244096e+00 2.591222431656829528e+01 2.739087123015832503e+01 1.173473621060730920e+01 2.194688002192230059e+01 1.453908759832028075e+01 2.204160027759006013e+01 2.443487016688758118e+01 1.692003853559034710e+01 2.845334813228354065e+01 1.924090799353135495e+01 1.701376873861947558e+01 1.977841253251609643e+01 1.785773352041037754e+01 1.530246656722513343e+01 5.178854243953153080e+00 2.273085049129098678e+01 4.577252195214918551e+00 2.147357780657776161e+01 3.484171256811971062e+01 2.835425336504210136e+01 2.695230956412195411e+01 1.288858030198492344e+01 1.735228809751288637e+01 2.538916444641777304e+01 2.430719804946912888e+01 4.161463202212885015e+00 1.022773588125853728e+01 3.056051602210431284e+01 3.133126825281290451e+01 2.590929062064024535e+01 1.484291988208335411e+01 4.399675689213504270e+00 1.059054242113112032e+01 1.080114270705097468e+01 1.774954662965859598e+01 2.805618081289936683e+01 1.102523062149071720e+01 1.125343368509291508e+01
2.101097276441705475e+01 3.033216957912166123e+01 0.000000000000000000e+00 3.376763724052406701e+01 1.629293110288334390e+01 1.922339158213664589e+01 2.658261744444191166e+01 1.275130446474891066e+01 3.366106325515361419e+01 1.155833606705106753e+01 2.116713023826827467e+01 2.328269105082110357e+01 2.776277726775258614e+01 2.647175054159595575e+01 9.696188793210515300e+00 1.847276058265932264e+01 2.218995672868103242e+01 2.755689075670792576e+01 2.812070173939921247e+01 1.919415594640383560e+01 9.514360573458189307e+00 1.580754886514923285e+01 1.809455883358860007e+01 2.801775138699948542e+01 3.335606930104865597e+01 2.464814555273041918e+01 2.743709730315037021e+01 2.353093195997360354e+01 3.295845483767362794e+01 3.393760962905822254e+01 1.513162692129120579e+01 1.526918908827727783e+01 2.030327763688392295e+01 6.167284571862921894e+00 2.087761417708072287e+01 2.190162589282104122e+01 2.689528876349624653e+01 5.765455154888086575e+00 6.659867777981342662e+00 2.189981054234943869e+01 2.843341440223728256e+01 1.786031212243343447e+01 2.399474307218829594e+01 1.110719218403564845e+01 3.193857903276377286e+01 1.443608875771273681e+01 1.469881675935464571e+01 2.361495261489088193e+01 1.083174672974343444e+01 2.276486969738684607e+01 2.937023516312946469e+01 2.948359112163688067e+01 2.524300642633937741e+01 3.416490137822314210e+01 1.399865278235975730e+01 2.042798305713390050e+01 1.967537845975218502e+01 1.904402883512904765e+01 1.812969986344164752e+01 2.663063451398128834e+01 2.578383543783785825e+01 2.508642331321088648e+01 2.617070637690877533e+01 2.016140664394224302e+01 1.833413392346867710e+01 1.567710064548820448e+01 5.204589315743484157e+00 3.011278613463868936e+01 3.085968779527791384e+01 3.609193485287401870e+01 3.169612238536776516e+01 3.372615133241171037e+01 9.835814145516245333e+00 3.107404991502951930e+01 2.094943806923123475e+01
2.047455580201487635e+01 2.034418116941928645e+01 3.376763724052406701e+01 0.000000000000000000e+00 2.445161994963356378e+01 1.493098232953205340e+01 1.458739446027508713e+01 2.808893603248256809e+01 1.167540743384588708e+01 2.724005394170346861e+01 2.047725160807094724e+01 1.115835242009392125e+01 1.071174198839288394e+01 1.991260788073801180e+01 2.425031485489414251e+01 1.727231493923546779e+01 2.416828397679768869e+01 7.937342052280447646e+00 7.842018283373616505e+00 2.688651270590553111e+01 2.621285178463880428e+01 1.820319737278876815e+01 2.556939471031605748e+01 9.252054859754430538e+00 1.314257884638507967e+01 1.732384118927501504e+01 1.373442472092459532e+01 1.408825710140372500e+01 1.788685755977578395e+01 6.642241655104721865e+00 2.220461737661069535e+01 2.262334594349833594e+01 1.957561925643002709e+01 3.117160779572623497e+01 1.506175223928600104e+01 1.365188602783183391e+01 2.496901129291086363e+01 3.083407146462813131e+01 2.831994583509312946e+01 2.379256239001780315e+01 5.435816845067868996e+00 1.894053819078178336e+01 1.299812297022632634e+01 2.332667291190741921e+01 6.903957058285540072e+00 2.271076631038672389e+01 1.975949193750969712e+01 1.035611537305557128e+01 2.639500893270174231e+01 1.475897557267725269e+01 5.880766093103867220e+00 1.575509645879958320e+01 1.113701796974140201e+01 1.748344996616014058e+01 2.179416457310334110e+01 2.486077083385844588e+01 1.730137069432328900e+01 1.842871711193780371e+01 2.606632445766402739e+01 1.024879687988556398e+01 9.750893504240504939e+00 1.183691976107103372e+01 2.123839971478290423e+01 2.068963967767974665e+01 2.279626849518915321e+01 2.553608300902326533e+01 2.906107612434907495e+01 1.060065047357242385e+01 2.115359524234640887e+01 1.036940823307886816e+01 9.543038462368317099e+00 3.888503083854735642e+00 2.665761299985075183e+01 1.401254727559591196e+01 1.794906274105928290e+01
1.644445855617538044e+01 1.637078299108825163e+01 1.629293110288334390e+01 2.445161994963356378e+01 0.000000000000000000e+00 1.524296362137275374e+01 1.487439312608899655e+01 1.515121313147949245e+01 2.117340812327752175e+01 2.093319361281246316e+01 1.232822671353221011e+01 2.120774049950103901e+01 2.065249602328759693e+01 1.066783133183923660e+01 1.035240172937436576e+01 8.521522038451289305e+00 8.345486173411909903e+00 2.319677046157224964e+01 1.684559409388362994e+01 1.774781623143316978e+01 8.184647915772503168e+00 1.762032119276961950e+01 2.331941525573169827e+01 2.210591233443054549e+01 2.301089678937314886e+01 1.457767803810776464e+01 1.411097005312283414e+01 1.492572172089925431e+01 1.695393514964754900e+01 2.506004235324255447e+01 1.093243978459990196e+01 6.542865592247732565e+00 6.174733861101445065e+00 1.398223588135216211e+01 2.041218853485852591e+01 1.586898389702325041e+01 1.114155382249505521e+01 1.201232836404643933e+01 1.634232973479019080e+01 5.640549990371895639e+00 2.147459060858590263e+01 1.164846877690720817e+01 1.257827948165818732e+01 1.551884796860029603e+01 2.002344224886049062e+01 2.071774860283078468e+01 1.284381144231877947e+01 1.882376766723073303e+01 5.937869839482528000e+00 1.069677477209671324e+01 2.345375848585225498e+01 1.891376105697462506e+01 2.208649683804770092e+01 1.884654111235191820e+01 5.363272265712685893e+00 1.943721726870698419e+01 1.717592668386157939e+01 1.193143335485630274e+01 4.361995613686667106e+00 1.471549773007801143e+01 1.775402844008637615e+01 2.320346309945270491e+01 1.325969503197253729e+01 9.291691202462546428e+00 1.453736787253032503e+01 1.520684581268069913e+01 1.389438183381422220e+01 1.791535246399264736e+01 1.496372658588800064e+01 2.503406573163292848e+01 2.454508914417012377e+01 2.287008311432992969e+01 1.192147436287711670e+01 1.755875011940305086e+01 1.316250107318132478e+01
1.512783321369252043e+01 1.804956074315423464e+01 1.922339158213664589e+01 1.493098232953205340e+01 1.524296362137275374e+01 0.000000000000000000e+00 2.458559213634440965e+01 2.406844995606491722e+01 2.149269225842774489e+01 1.553104173003065824e+01 1.116332516724314594e+01 1.117273622123595089e+01 1.075231238769309527e+01 2.530963005179740932e+01 9.706069196506721397e+00 2.008309856136310856e+01 1.505925696320018581e+01 8.452838556705614792e+00 1.740051199863349396e+01 2.269638947060260037e+01 1.659103244226656315e+01 7.775434489237771807e+00 1.744798392129408882e+01 9.677968828741505547e+00 1.728340223539223786e+01 1.130838066453881474e+01 2.572443064593459994e+01 1.435537899978218412e+01 2.490220702965779154e+01 1.514207658751322683e+01 2.080275722064453348e+01 8.998574661766610916e+00 2.096674612807133897e+01 1.999033851463211775e+01 6.165472945465339194e+00 6.087380253129876628e+00 2.011617373579935730e+01 1.632615359562044333e+01 1.433674839993676464e+01 1.945234853755487592e+01 1.229149474406527709e+01 6.148888560704571127e+00 1.957461494642229027e+01 1.007529230612485271e+01 1.862780296610367969e+01 1.277700674181202345e+01 5.007733971558224972e+00 4.994970481997763834e+00 1.188709106369405255e+01 2.367694863127418969e+01 1.124943370379904550e+01 1.459046295380453806e+01 7.062182413961735072e+00 2.092903412414635866e+01 1.702739505310337620e+01 1.851250727739414259e+01 1.182079620333453818e+01 1.669473759145497738e+01 1.431446730226871367e+01 2.192979849341559984e+01 1.467236125534113178e+01 8.148862187897705667e+00 1.503580931882956584e+01 1.147618300647694589e+01 1.929356273503990238e+01 2.334398090345168697e+01 1.451683046596165383e+01 2.209214344530378327e+01 2.185638981112448320e+01 1.854952910000288568e+01 1.460512194962424637e+01 1.493061829086671288e+01 2.033507517094870209e+01 2.497994736611407873e+01 7.938965260483686670e+00
1.576555626218478423e+01 2.023803181133616746e+01 2.658261744444191166e+01 1.458739446027508713e+01 1.487439312608899655e+01 2.458559213634440965e+01 0.000000000000000000e+00 2.066225428331301117e+01 1.219196002536416046e+01 2.588732740046948422e+01 2.691264260587252366e+01 1.554884676633702334e+01 2.169951802903482019e+01 1.120872298463316419e+01 2.303575148069658596e+01 8.911994497334688958e+00 2.039110678624897588e+01 1.844794843055458600e+01 8.009257878503049710e+00 2.115126318988244591e+01 1.706874163393157318e+01 1.815140907968769923e+01 2.258473639644207509e+01 2.126007193672479190e+01 1.890495458453479216e+01 2.665685601032259910e+01 6.811744084757703099e+00 1.023021313656223441e+01 1.338538552483261945e+01 1.480772095304696911e+01 1.515170420976355103e+01 2.092239378919490989e+01 9.493127868774811517e+00 2.277763849609440783e+01 2.082219882406429790e+01 2.537176706080579436e+01 1.718042105839375822e+01 2.275585935604005172e+01 2.753642296797750433e+01 1.409457897705803120e+01 1.333422777872125664e+01 2.611859802302066669e+01 5.248369588195981095e+00 2.264949746631477367e+01 9.771120848664912373e+00 2.109443755066164883e+01 2.228867517628488315e+01 2.225751122584453867e+01 1.835287557267757919e+01 4.752184134213216282e+00 1.750533565802076907e+01 2.287006885050519855e+01 1.950321048603647967e+01 1.703620255071505696e+01 1.265005442239611710e+01 2.003993644043793410e+01 1.441991964012853344e+01 1.237347818974993174e+01 1.802647763769858713e+01 4.434698196340721488e+00 1.123715270043138403e+01 1.821161375177768704e+01 2.331462637602149002e+01 2.300421059484705211e+01 1.718538195266356894e+01 1.889206122727718196e+01 2.569930194429596781e+01 8.340320225177954683e+00 1.656014317299535676e+01 1.551530187795419202e+01 1.879617974428662208e+01 1.260174674438861331e+01 1.910059727665368001e+01 1.037412135920129508e+01 2.751244804359255980e+01
1.218864440588007092e+01 3.139307880772802761e+01 1.275130446474891066e+01 2.808893603248256809e+01 1.515121313147949245e+01 2.406844995606491722e+01 2.066225428331301117e+01 0.000000000000000000e+00 2.816108557858152750e+01 2.144991055340453912e+01 2.303003207986017742e+01 2.208964855728132193e+01 3.159618043783646968e+01 2.294103530706782834e+01 1.499013786955304717e+01 1.178331828026545836e+01 2.301377191052081272e+01 2.892549653217343675e+01 2.048291017673264136e+01 7.831781466164537520e+00 7.785910945712061881e+00 1.944245177058778751e+01 1.608212601801881547e+01 3.206610888196838260e+01 3.494775638081052449e+01 2.621854738745414437e+01 2.217722768452071946e+01 1.593551567247015122e+01 2.872529544174089722e+01 2.926739439389827169e+01 6.300809790623042694e+00 1.682339074251499866e+01 1.649951342557452350e+01 6.656051771870706624e+00 2.386345841730220485e+01 2.582918044456108220e+01 2.626496271905769220e+01 1.098086134018024751e+01 1.577407629958771551e+01 2.038965257254121255e+01 2.422841053901378316e+01 2.160866532444504884e+01 1.651965456182716352e+01 1.876525700397461449e+01 2.463716702690065574e+01 1.828956082484165080e+01 2.024195666576114405e+01 2.826116229297097959e+01 1.250579627721501907e+01 1.780219440965408140e+01 3.118183082947937379e+01 3.105399295636060231e+01 2.853337385121615455e+01 3.255802608394622411e+01 1.002254818055852859e+01 1.174427733534188611e+01 1.533881222610824047e+01 1.064112543715586234e+01 1.857286849023543951e+01 2.045435788124629539e+01 2.014896431683510158e+01 2.624467995719963653e+01 2.741890140025428835e+01 2.151580300844756621e+01 8.251399005507531470e+00 4.472759650883217475e+00 1.348480320875517613e+01 2.453089449783479736e+01 2.925281380013832333e+01 3.140161482947084792e+01 3.339010721635239776e+01 2.650739919717894111e+01 3.863254605185944435e+00 2.589594489243245690e+01 2.410618548773019043e+01
2.212798795512791727e+01 1.183569239338790702e+01 3.366106325515361419e+01 1.167540743384588708e+01 2.117340812327752175e+01 2.149269225842774489e+01 1.219196002536416046e+01 2.816108557858152750e+01 0.000000000000000000e+00 3.162494679169421019e+01 2.233805450432016571e+01 1.768680985945618289e+01 1.268075196302005381e+01 1.137499694707412701e+01 3.004810753109432753e+01 1.641082579260318752e+01 1.946284445063812640e+01 1.530532166873624433e+01 1.033926650600611552e+01 2.802322256262330669e+01 2.430681362481904628e+01 2.362500269233413164e+01 2.875017158204377665e+01 1.535887498039342347e+01 6.904496807923622193e+00 1.580255565206017287e+01 7.062438070154683167e+00 1.598635661421061549e+01 6.378730430191095202e+00 6.350615670914521615e+00 2.258826658817050870e+01 2.519771229699930615e+01 1.499867426217607225e+01 3.013182045624144934e+01 2.209529463505674585e+01 1.830122320804987268e+01 1.348697854655469719e+01 2.983430516675175070e+01 3.307206194279256550e+01 1.730699471124206923e+01 1.282144139707467900e+01 2.351970990640488068e+01 1.330138239627602736e+01 2.818513644112982419e+01 5.519739380708544196e+00 2.685983419635748604e+01 2.628393013595997019e+01 1.677099362368682733e+01 2.536523162307532075e+01 1.117515993089067727e+01 1.099588290991447082e+01 1.121820210478503910e+01 1.907379171288499009e+01 7.398897378587721008e+00 1.966241047279386223e+01 2.642965199882113936e+01 2.039832892505283013e+01 1.899341342677641720e+01 2.221536785997220775e+01 8.253760098352371344e+00 1.430411137025333801e+01 1.919693169583829473e+01 1.572800854219800648e+01 2.146219674480597561e+01 2.393297835190692879e+01 2.591973222058307869e+01 3.271165799469370228e+01 3.951850744236513169e+00 9.879214721788574849e+00 4.150140303275833276e+00 8.663379842593087687e+00 7.849638601630546830e+00 2.659942857192218924e+01 3.926207400974407236e+00 2.036365693638928676e+01
1.210874117219969648e+01 3.055969216247257947e+01 1.155833606705106753e+01 2.724005394170346861e+01 2.093319361281246316e+01 1.553104173003065824e+01 2.588732740046948422e+01 2.144991055340453912e+01 3.162494679169421019e+01 0.000000000000000000e+00 2.153884754603548402e+01 1.668468904794490726e+01 2.604876789264284298e+01 3.130128707544399091e+01 1.059249948387632934e+01 2.044597926186385095e+01 2.455646845861276617e+01 2.246137759157285529e+01 2.201280415253948775e+01 1.544677396451082529e+01 1.724263296904400988e+01 9.469063501207722666e+00 7.810374307383336046e+00 2.470847307630540968e+01 3.206478902588034430e+01 2.419401839658975817e+01 2.803453471542414377e+01 1.577952107875316301e+01 3.432900766956687022e+01 2.990992170701192165e+01 1.855076807782771198e+01 1.692742053358482579e+01 2.630610665083204935e+01 1.617047551226868407e+01 1.557850488934216315e+01 2.030660120262378854e+01 3.003909103421735693e+01 1.304983058315180422e+01 5.675834253816836039e+00 2.583627149518693500e+01 2.180423709663560672e+01 1.714279838763074082e+01 2.086624602302547160e+01 6.202303429038945382e+00 2.711870670817595652e+01 5.078126935789121887e+00 1.141141584356749838e+01 1.991735027913212264e+01 1.540574763602552899e+01 2.490921409487220473e+01 2.610199119679774782e+01 2.827032353564692357e+01 1.996428060264568316e+01 3.381467185619731453e+01 2.096641627202489389e+01 1.084522267127100470e+01 1.161338881696275394e+01 1.661138768167203850e+01 2.147732122857707182e+01 2.423011579217240552e+01 1.836596655324345662e+01 1.975081891726170369e+01 2.722819319168276309e+01 2.137723087471241357e+01 1.469616458020109562e+01 1.770044260476485221e+01 9.560153522913827473e+00 2.797083408520063941e+01 3.398610215072979202e+01 3.350689779879748187e+01 2.990291360033879897e+01 2.706386328339308633e+01 1.806156318563087027e+01 3.085346517875721162e+01 2.012926625857786433e+01
2.293944640159643811e+01 1.257333693277060327e+01 2.116713023826827467e+01 2.047725160807094724e+01 1.232822671353221011e+01 1.116332516724314594e+01 2.691264260587252366e+01 2.303003207986017742e+01 2.233805450432016571e+01 2.153884754603548402e+01 0.000000000000000000e+00 2.158665634237542008e+01 1.179494903518783566e+01 1.880773693388979240e+01 1.194110693150600966e+01 1.917960762781181572e+01 8.211295828104674399e+00 1.711511254575008678e+01 2.570990149239457878e+01 2.771872848212591478e+01 1.524412113414811287e+01 1.555530658073261208e+01 2.487898150133145236e+01 1.376103835200168568e+01 1.563281382750678183e+01 6.603500499045498628e+00 2.479900405958695231e+01 2.241992972084822711e+01 1.942598321927415839e+01 1.864470726816186286e+01 2.087981841892386470e+01 6.206641337345171650e+00 1.760051244016868210e+01 2.032763248836236869e+01 1.680655193972962635e+01 7.243869834470650027e+00 1.330635052003321128e+01 1.674718497571491937e+01 1.814181577924354727e+01 1.312094773906429879e+01 2.131550204051031372e+01 5.530914852458764130e+00 2.464359981299545765e+01 1.533654411699654574e+01 2.350822006076430171e+01 1.977594781090031972e+01 1.061282888071824004e+01 1.239825284965109731e+01 1.092207337901688646e+01 2.232388573580075430e+01 1.478635153816336079e+01 1.143894606795195479e+01 1.762219983508564169e+01 1.622415395865304077e+01 1.568048374498492237e+01 2.629980621051100442e+01 1.982794399013692654e+01 2.239181227925989148e+01 9.067162671244897609e+00 2.651927642112771011e+01 2.442761745088478165e+01 1.873916609649064924e+01 8.902057693294018748e+00 4.211316121275270774e+00 2.478044147686954091e+01 2.435494483595152815e+01 1.669140861128494890e+01 2.606701571471380774e+01 1.572263818558893789e+01 1.920085856196434193e+01 1.568754215607035540e+01 1.986953269600409655e+01 1.942072414209042464e+01 2.288623515016680798e+01 3.804467418567808679e+00
1.153229767850428189e+01 2.714671391993474359e+01 2.328269105082110357e+01 1.115835242009392125e+01 2.120774049950103901e+01 1.117273622123595089e+01 1.554884676633702334e+01 2.208964855728132193e+01 1.768680985945618289e+01 1.668468904794490726e+01 2.158665634237542008e+01 0.000000000000000000e+00 1.731643178840610631e+01 2.212676536815694206e+01 1.491752757249068750e+01 1.268621846104976036e+01 2.543852628018248296e+01 8.048503031705850574e+00 8.213953085637022866e+00 1.879691211715606514e+01 2.094822341355787998e+01 7.616657176304719279e+00 1.557177972410497979e+01 1.478816961509324202e+01 2.011107311953902155e+01 2.128454757720443169e+01 1.666094935079038208e+01 6.661650417975741867e+00 2.275989110589170750e+01 1.453509283552812725e+01 1.593406493813379754e+01 1.858087028662157181e+01 1.852401278829262665e+01 2.559942395595253117e+01 6.047430663745705814e+00 1.574505565981272781e+01 2.809846344191753431e+01 2.179438406649898141e+01 1.773340563860908148e+01 2.424534318256142384e+01 5.722535575026048704e+00 1.688196574868685218e+01 1.107302621729471070e+01 1.274013271542336057e+01 1.223493555254859189e+01 1.217062798349403252e+01 1.128244679047717902e+01 1.076361501590234759e+01 1.878189760021092880e+01 1.534750197509015202e+01 1.243739198463879703e+01 2.244687414561715855e+01 6.886749130613868175e+00 2.476111394489123896e+01 1.652953620202243101e+01 1.560883862028610380e+01 7.504993069273016459e+00 1.146215063092193986e+01 2.389676292712367456e+01 1.242070235001677858e+01 4.341699158888673971e+00 4.155031399918315493e+00 2.539644706888910974e+01 2.183617264758629517e+01 1.473437018530328579e+01 1.857887970141621636e+01 1.860076791005751318e+01 1.505771200229892770e+01 2.673349457422677489e+01 1.827638903197384224e+01 1.639278345761652389e+01 1.171790734784997134e+01 2.101656736616339671e+01 1.858730677090454719e+01 1.899954546671862587e+01
2.588014560138559972e+01 1.075877693626157594e+01 2.776277726775258614e+01 1.071174198839288394e+01 2.065249602328759693e+01 1.075231238769309527e+01 2.169951802903482019e+01 3.159618043783646968e+01 1.268075196302005381e+01 2.604876789264284298e+01 1.179494903518783566e+01 1.731643178840610631e+01 0.000000000000000000e+00 2.094798969150542334e+01 1.806658847454206551e+01 2.500179179541477836e+01 1.439379628797641431e+01 1.091930446282919220e+01 1.558781546957872521e+01 3.344870185829569209e+01 2.381026949212439803e+01 1.852774687693087330e+01 2.820029630898719475e+01 7.056725953921972661e+00 6.700031214512129019e+00 6.971202323444319227e+00 1.849882124520772564e+01 2.104164069007348559e+01 1.559600827245066590e+01 6.894872205567985191e+00 2.934491075471999011e+01 1.477278969532145858e+01 2.573195588569180003e+01 2.774955478964203692e+01 1.497982914619846539e+01 6.084093741713560100e+00 1.605284479389833407e+01 2.411527437781349192e+01 2.388764394100014599e+01 2.040375602282930245e+01 1.212121745386405003e+01 1.130465854903251355e+01 2.072759982640563337e+01 2.002851893352452706e+01 1.199169659776520724e+01 2.352931912950511872e+01 1.478423106881257354e+01 7.950066343416293257e+00 1.948822173699317517e+01 2.174652039194407394e+01 4.981515110664721746e+00 5.713731943317537088e+00 1.352561172834603909e+01 1.143396916228551596e+01 2.414557608078104423e+01 2.926481966508723076e+01 2.236911054093722484e+01 2.604421131647010412e+01 1.719860611676802264e+01 1.728631315137136681e+01 1.648726853375324097e+01 1.524349565426594033e+01 1.073865232996534935e+01 1.193312598313876727e+01 2.995771019865635765e+01 3.288612565369002994e+01 2.305621615157758697e+01 1.455392370630996624e+01 1.439307099662645228e+01 8.676232167809191154e+00 4.088179284250862189e+00 9.571429375316471422e+00 2.794219805999061279e+01 1.617285670505065198e+01 9.379108290560791872e+00
2.105172482458526773e+01 1.117556886734168309e+01 2.647175054159595575e+01 1.991260788073801180e+01 1.066783133183923660e+01 2.530963005179740932e+01 1.120872298463316419e+01 2.294103530706782834e+01 1.137499694707412701e+01 3.130128707544399091e+01 1.880773693388979240e+01 2.212676536815694206e+01 2.094798969150542334e+01 0.000000000000000000e+00 2.072049519200589529e+01 1.230478829089438975e+01 1.061068935900218158e+01 2.491050728665725700e+01 1.436069228924324470e+01 2.428780984292328782e+01 1.800062145867152807e+01 2.445241414156473070e+01 2.802508405050470586e+01 2.621655866126324597e+01 1.502351851182115361e+01 1.635354926917584351e+01 6.466063920070906690e+00 1.661902930514463961e+01 6.647382922702651520e+00 1.744126407619031482e+01 1.770828692192865006e+01 1.653911391568575695e+01 6.514657889238794297e+00 2.400955626173145419e+01 2.714181720007180587e+01 2.139599141257368586e+01 6.188769189714838248e+00 2.224582814436174161e+01 2.674081661091242879e+01 5.931997764167943998e+00 1.960288252822697075e+01 2.125296781110032995e+01 1.214054129636197565e+01 2.585427440006280264e+01 1.382617564908447072e+01 2.730473478619025585e+01 2.309434007907322339e+01 2.662940610673246766e+01 1.633635671560475444e+01 7.350202652828568439e+00 2.194072183277650367e+01 1.597687335548471665e+01 2.603660058887935236e+01 9.846827853695076627e+00 1.351219879837274895e+01 2.514332635757954293e+01 2.050547384485671643e+01 1.655234887773592689e+01 1.148179044384356828e+01 1.004928071041739379e+01 1.778506620926826898e+01 2.474500385462055263e+01 1.224164977749117078e+01 1.471125016337837543e+01 2.090271304458581625e+01 2.183996483243229392e+01 2.422391874659783895e+01 1.012308069871116878e+01 7.006762671647271290e+00 1.498623908411750527e+01 1.846370698727453430e+01 1.756874202942704954e+01 2.109398276756244073e+01 7.557425695887442174e+00 1.864719854022297341e+01
1.474953605674736856e+01 2.117095185590798323e+01 9.696188793210515300e+00 2.425031485489414251e+01 1.035240172937436576e+01 9.706069196506721397e+00 2.303575148069658596e+01 1.499013786955304717e+01 3.004810753109432753e+01 1.059249948387632934e+01 1.194110693150600966e+01 1.491752757249068750e+01 1.806658847454206551e+01 2.072049519200589529e+01 0.000000000000000000e+00 1.492589461891399516e+01 1.404772017490954106e+01 1.803956837107799061e+01 2.147501473808355499e+01 2.027113256850044820e+01 7.718572430503069626e+00 7.632723060507016655e+00 1.547050393694089188e+01 1.832156259378896124e+01 2.365988050783813179e+01 1.542212224596814885e+01 2.353279574125571116e+01 1.544367672032184657e+01 2.673779719316549830e+01 2.428702942158142974e+01 1.378947294283949532e+01 6.452578813842160699e+00 1.572538743710762077e+01 1.081545441966429699e+01 1.239775692036735855e+01 1.220543709961052237e+01 1.944659155034102938e+01 6.876856494008294796e+00 6.571898449204773840e+00 1.524377201131060033e+01 2.006825092390686294e+01 8.180997306436884386e+00 2.044787710844297024e+01 5.424273449714871020e+00 2.634780528545845968e+01 1.065692871248050011e+01 5.461650859686409731e+00 1.403586535813584391e+01 4.825028422301103959e+00 1.915191397332756296e+01 1.967404636991895117e+01 1.980849333726002826e+01 1.653452411161200430e+01 2.493887807146086644e+01 1.038569705830046885e+01 1.780392816048619764e+01 1.205045686306673858e+01 1.580453924679883393e+01 1.088482174470073893e+01 2.301767878992200522e+01 1.754620225827123292e+01 1.658259525285054892e+01 1.718487689270901342e+01 1.098520823652140344e+01 1.773909498256277928e+01 1.690734892232606157e+01 4.989627677035518794e+00 2.649983041057939914e+01 2.341099058212268602e+01 2.639574605966350163e+01 2.199993359215723387e+01 2.420882894678178232e+01 1.139544612514647426e+01 2.716974835313485670e+01 1.127012325323468467e+01
8.945656414278566615e+00 2.274756282548024444e+01 1.847276058265932264e+01 1.727231493923546779e+01 8.521522038451289305e+00 2.008309856136310856e+01 8.911994497334688958e+00 1.178331828026545836e+01 1.641082579260318752e+01 2.044597926186385095e+01 1.917960762781181572e+01 1.268621846104976036e+01 2.500179179541477836e+01 1.230478829089438975e+01 1.492589461891399516e+01 0.000000000000000000e+00 1.660653076164001618e+01 1.833394193414725493e+01 9.666289083485541056e+00 1.223926869254776761e+01 8.958884772148980602e+00 1.338038407687785813e+01 1.586099356425816431e+01 2.367413095071313833e+01 2.319749659483220228e+01 2.207229683633611472e+01 1.042696789854238659e+01 6.404199682447966779e+00 1.702787832589861239e+01 1.843991660987792969e+01 6.261332016490694485e+00 1.297296629046664584e+01 6.461157040932565820e+00 1.424868757000160180e+01 1.659968361694155803e+01 2.232198081936059708e+01 1.701881509209885479e+01 1.464600249425746092e+01 2.044443086706220569e+01 1.160490004523721197e+01 1.363685594098759957e+01 1.810146569924454596e+01 5.540330416274632519e+00 1.762579083616278908e+01 1.380968924288031729e+01 1.569580506256288999e+01 1.776898172500403916e+01 2.209378190053415381e+01 1.024301871089499194e+01 6.066689213567848071e+00 2.044376521300921823e+01 2.679013071192697737e+01 1.794181925318996917e+01 2.080776629796787702e+01 4.540197560613525418e+00 1.286564980589879248e+01 9.089863771715631202e+00 4.446280467429228445e+00 1.251897227414417024e+01 9.194036611956658334e+00 9.557409718808925092e+00 1.652528031673844566e+01 2.152073962020064357e+01 1.653413176700649245e+01 8.649758886256236678e+00 9.980066729942489445e+00 1.758944508251337524e+01 1.278063471185646449e+01 1.906352169572077671e+01 2.005789840882196273e+01 2.256262943233206286e+01 1.569077810393184080e+01 1.022431864955030534e+01 1.414568510645412580e+01 2.008459465776940078e+01
2.452946727936410909e+01 8.379306897207218441e+00 2.218995672868103242e+01 2.416828397679768869e+01 8.345486173411909903e+00 1.505925696320018581e+01 2.039110678624897588e+01 2.301377191052081272e+01 1.946284445063812640e+01 2.455646845861276617e+01 8.211295828104674399e+00 2.543852628018248296e+01 1.439379628797641431e+01 1.061068935900218158e+01 1.404772017490954106e+01 1.660653076164001618e+01 0.000000000000000000e+00 2.088773480489262369e+01 2.385135973240481633e+01 2.583282495462190198e+01 1.582315852488578578e+01 1.932309373829420451e+01 2.823741052921417349e+01 1.748885475801450085e+01 1.471084442493117450e+01 7.473356677903161938e+00 1.681491486022386894e+01 2.301073044408798651e+01 1.385801432600015559e+01 2.107641960904676637e+01 1.900338259601368662e+01 7.646975411614507223e+00 1.213866863135294949e+01 2.130537965343487627e+01 2.103012583964825666e+01 1.097168624048346963e+01 6.082086803038164291e+00 1.777001146612767002e+01 2.061898315690814698e+01 6.296527809190949121e+00 2.504331844652313421e+01 1.064227845209814838e+01 2.066328820484691775e+01 1.850946109880006318e+01 2.421861281138119537e+01 2.313437683878304085e+01 1.433141927237679703e+01 1.617087510879363776e+01 1.159230807329820223e+01 1.604384149210776656e+01 1.847738390689010757e+01 1.087000127989852771e+01 2.139871245905226260e+01 1.216241000833453079e+01 1.344828098890141277e+01 2.752222599189571284e+01 2.364795720887460817e+01 2.001644207804503495e+01 4.641909641167456968e+00 1.963788463582662303e+01 2.583903716327509770e+01 2.251567872045726659e+01 4.914208858560627391e+00 4.100560804376195634e+00 2.262237659571905724e+01 2.322608551031868629e+01 1.842703590697655613e+01 2.066806453676456101e+01 9.697373876081670119e+00 1.857872903580549107e+01 1.734700232777543860e+01 2.356056506473083800e+01 1.971923724214774865e+01 1.718915922553926023e+01 8.081293931419446963e+00
1.929876699047428801e+01 2.106600984507932850e+01 2.755689075670792576e+01 7.937342052280447646e+00 2.319677046157224964e+01 8.452838556705614792e+00 1.844794843055458600e+01 2.892549653217343675e+01 1.530532166873624433e+01 2.246137759157285529e+01 1.711511254575008678e+01 8.048503031705850574e+00 1.091930446282919220e+01 2.491050728665725700e+01 1.803956837107799061e+01 1.833394193414725493e+01 2.088773480489262369e+01 0.000000000000000000e+00 1.054981499741400519e+01 2.656338142912607481e+01 2.492453161683784302e+01 1.355669121056520154e+01 2.289585941376874345e+01 7.154189628013402746e+00 1.420206883063189096e+01 1.500520666550600346e+01 1.875519474160590150e+01 1.349735713773266532e+01 2.125847976534842232e+01 8.970225952629204969e+00 2.296700906880970550e+01 1.665390486932452774e+01 2.273211375768543618e+01 2.832383768920338341e+01 7.911796171032015934e+00 1.022498090578794816e+01 2.535441770351036084e+01 2.465965277019171964e+01 2.243685689238818881e+01 2.625728269215031219e+01 5.360124712558383742e+00 1.312345284601828865e+01 1.490728484195281922e+01 1.772120006235349265e+01 1.218575113273335653e+01 1.876313708674362601e+01 1.329234501413875869e+01 4.812765891574661836e+00 2.022059023826532709e+01 1.921555856937317230e+01 6.236214732848493369e+00 1.643856442550581320e+01 4.630290656048779319e+00 1.911673868480532690e+01 2.285579156801512823e+01 2.337530793225611347e+01 1.527878573891682912e+01 1.887250971123848231e+01 2.173820469497239216e+01 1.507910149219611640e+01 8.801133464777754156e+00 7.313866279220436972e+00 1.911710615719068684e+01 1.734765107436129128e+01 2.250083949727327948e+01 2.603864774165507612e+01 2.285032964053293369e+01 1.575619417588985982e+01 2.305600530979756613e+01 1.264200285807380553e+01 1.047311354611845680e+01 8.572357494819410562e+00 2.757800233441117044e+01 1.878658377502205568e+01 1.408025571127563857e+01
1.281191995363758451e+01 2.172864837906054092e+01 2.812070173939921247e+01 7.842018283373616505e+00 1.684559409388362994e+01 1.740051199863349396e+01 8.009257878503049710e+00 2.048291017673264136e+01 1.033926650600611552e+01 2.201280415253948775e+01 2.570990149239457878e+01 8.213953085637022866e+00 1.558781546957872521e+01 1.436069228924324470e+01 2.147501473808355499e+01 9.666289083485541056e+00 2.385135973240481633e+01 1.054981499741400519e+01 0.000000000000000000e+00 1.922387685752824638e+01 1.860682592888886333e+01 1.400250644056999860e+01 1.934837918780528199e+01 1.472694063544225251e+01 1.630398899299621007e+01 2.239487877364409130e+01 8.733446069819843061e+00 6.531817551155665313e+00 1.487600209255698580e+01 9.554766616785125066e+00 1.459859152086076506e+01 2.258313623853148755e+01 1.321692603020901835e+01 2.356558193997631534e+01 1.392186903598667413e+01 1.888453591215545657e+01 2.033239036300384583e+01 2.429394365099735253e+01 2.344956569102842181e+01 1.772462660253204803e+01 5.364409026782538170e+00 2.224148221621316779e+01 5.392097114476403164e+00 1.856264018936567695e+01 5.295918880782687133e+00 1.736488576678397777e+01 1.808980005748437137e+01 1.436865499798144796e+01 1.989095986763488000e+01 8.678855126479486870e+00 1.101810450937042596e+01 2.019236134518073200e+01 1.168988229992022809e+01 1.752125029861851502e+01 1.418813871735341081e+01 1.719813498548116826e+01 1.098821609216022921e+01 1.073388339318344364e+01 2.120758970757029616e+01 4.529286494782107653e+00 4.225420491934687384e+00 1.048437903938495275e+01 2.562657178555115678e+01 2.588062690273121191e+01 1.513363264681187026e+01 1.790002142360003745e+01 2.493031931665453271e+01 7.210035285973510177e+00 1.880599129325624119e+01 1.226789260451470653e+01 1.354416388670417781e+01 6.367126062357686855e+00 1.905158714410082865e+01 1.087661368540487139e+01 2.318171262538290378e+01
7.870541722432812470e+00 3.382438021624503932e+01 1.919415594640383560e+01 2.688651270590553111e+01 1.774781623143316978e+01 2.269638947060260037e+01 2.115126318988244591e+01 7.831781466164537520e+00 2.802322256262330669e+01 1.544677396451082529e+01 2.771872848212591478e+01 1.879691211715606514e+01 3.344870185829569209e+01 2.428780984292328782e+01 2.027113256850044820e+01 1.223926869254776761e+01 2.583282495462190198e+01 2.656338142912607481e+01 1.922387685752824638e+01 0.000000000000000000e+00 1.266267877584235002e+01 1.497522486023571275e+01 8.841967488543392761e+00 3.078728257531901136e+01 3.473621712179394194e+01 3.072080578105063964e+01 2.266623659109015776e+01 1.344401113839525053e+01 2.926714701844638000e+01 2.864670213256518139e+01 7.164853027783749440e+00 2.151208714478073958e+01 1.796772457325240424e+01 1.377966363548667950e+01 2.021549242088712006e+01 2.811268610694581582e+01 2.841249937299507522e+01 1.695085577329416537e+01 1.837557819552183602e+01 2.260499231365519535e+01 2.227477314601672020e+01 2.580331206481794837e+01 1.621945859765785514e+01 1.714693240112304551e+01 2.405039763926242458e+01 1.200794516886558227e+01 2.005562860446598705e+01 2.596351929926002811e+01 1.719449267948075644e+01 1.830595790611561213e+01 2.922819343648230017e+01 3.555625134995710113e+01 2.499135061161517157e+01 3.304703499051566240e+01 1.238454396572048388e+01 4.892129915032980669e+00 1.186847100186210824e+01 9.029809135846884161e+00 2.157087114407667272e+01 2.006536838468173656e+01 1.813730824084544579e+01 2.286902250372074263e+01 3.072656633596029963e+01 2.536101735229541632e+01 4.090244210716379669e+00 4.038185098921927896e+00 1.945479764186909222e+01 2.425135137058082435e+01 3.092213345691391879e+01 3.094772964126494585e+01 3.269603757300448166e+01 2.545636667030161249e+01 9.358341800887595596e+00 2.638495379900189519e+01 2.865601130830136256e+01
1.300602234661361223e+01 2.410046028764732284e+01 9.514360573458189307e+00 2.621285178463880428e+01 8.184647915772503168e+00 1.659103244226656315e+01 1.706874163393157318e+01 7.785910945712061881e+00 2.430681362481904628e+01 1.724263296904400988e+01 1.524412113414811287e+01 2.094822341355787998e+01 2.381026949212439803e+01 1.800062145867152807e+01 7.718572430503069626e+00 8.958884772148980602e+00 1.582315852488578578e+01 2.492453161683784302e+01 1.860682592888886333e+01 1.266267877584235002e+01 0.000000000000000000e+00 1.535129549101008806e+01 1.929787324500889056e+01 2.458869136817003209e+01 2.758757989842678882e+01 1.843263644174207982e+01 1.809615190923453198e+01 1.457393252584265753e+01 2.429597319256465582e+01 2.738045345528126617e+01 6.400218996571855889e+00 9.037479796802941223e+00 1.175610915215751362e+01 6.190829084534922089e+00 2.003674924053476758e+01 1.835176293076274234e+01 1.932620173826755661e+01 5.768370342422436181e+00 1.156679871522717740e+01 1.364295683448380991e+01 2.257739278639092362e+01 1.413124781064669833e+01 1.448086726167796101e+01 1.256675562337611396e+01 2.245966948411962605e+01 1.781383654206587863e+01 1.279242155355370336e+01 2.078374477917263619e+01 4.719885331502957193e+00 1.342392430347100962e+01 2.593653751959174869e+01 2.326808201064853421e+01 2.352860253386624123e+01 2.691572475360118943e+01 4.657707388443913743e+00 1.508616374077992717e+01 1.434258435335361703e+01 9.530153024618700286e+00 1.145823589163894241e+01 1.715172496533714508e+01 1.849794656421224914e+01 2.420005135272403507e+01 1.993899708543443694e+01 1.392969735246791174e+01 1.044859683861546884e+01 9.290427238200342330e+00 8.865496246154012994e+00 2.073425243057483058e+01 2.301344919794962607e+01 2.801558676220244948e+01 2.770286261300692843e+01 2.463131494933517018e+01 4.240230198916830950e+00 2.173310452111368107e+01 1.632027454201812589e+01
