0.000000000000000000e+00 1.868920777717776760e+00 1.215360935365439765e+00 1.534939590091561445e+00 9.865478974634162013e-01 1.176552663008960220e+00 9.016412975173647704e-01 1.153946725382860583e+00 1.604379449380886724e+00 7.771948467713307718e-01 6.981607647106954362e-01 1.030302429347653481e+00 5.645639119981071818e-01 1.369379627730145099e+00 7.725030928859469848e-01 6.076856281006846050e-01 1.447335930448216734e+00 4.404347391469503048e-01 9.239156455953112523e-01 7.642496678370860330e-01 6.795559449874929436e-01 8.925702120148786278e-01 1.331721141532466346e+00 1.074059393040967869e+00 8.479062388532487837e-01
1.868920777717776760e+00 0.000000000000000000e+00 1.488791885085218203e+00 1.010713619785948758e+00 1.651475184885680347e+00 1.431296109659026650e+00 1.598577649450372062e+00 8.409957159702868834e-01 9.612950816655160269e-01 2.094372690607603005e+00 1.870900516667128199e+00 9.097388037025950780e-01 1.486080599211929032e+00 5.650455307926148807e-01 1.128633906242057394e+00 1.411137084893928639e+00 5.828935757337326828e-01 1.764180001909005702e+00 1.089246709239307664e+00 1.466107987253662648e+00 1.471640627238546051e+00 1.213692377818456070e+00 6.786129381803078786e-01 8.845303587636297316e-01 1.124192718467013963e+00
1.215360935365439765e+00 1.488791885085218203e+00 0.000000000000000000e+00 1.176057062123710306e+00 9.794401071023904892e-01 9.072187121275898658e-01 1.079883275903531725e+00 9.824207211170475906e-01 1.163754578403618956e+00 1.378368079754721975e+00 1.152305380348625397e+00 5.851946861346474238e-01 8.217382297063613450e-01 1.125087806949842006e+00 6.983508966049242206e-01 9.050520147075414856e-01 9.957191249636144770e-01 1.091762572553103494e+00 6.150669059291136165e-01 7.451195760919924194e-01 8.443211589401695694e-01 3.258619500876690500e-01 9.158481380169819497e-01 8.357623306031821686e-01 8.518784580951269669e-01
1.534939590091561445e+00 1.010713619785948758e+00 1.176057062123710306e+00 0.000000000000000000e+00 1.389675812014114609e+00 1.061735861580435092e+00 1.376514037997418338e+00 9.550385899303595050e-01 8.285217491253340505e-01 1.766150259375554032e+00 1.544548754057131434e+00 6.014294298627073099e-01 1.156878381165567626e+00 5.223609505102202455e-01 8.326531019560693414e-01 1.277052928498395579e+00 7.378904763392266641e-01 1.430198814282791497e+00 1.024518669955065020e+00 1.139756224643664773e+00 1.146534264001961345e+00 8.950510278926664398e-01 5.126367212138616125e-01 5.511797402968094950e-01 1.039173045031778875e+00
9.865478974634162013e-01 1.651475184885680347e+00 9.794401071023904892e-01 1.389675812014114609e+00 0.000000000000000000e+00 1.052229521985297511e+00 9.058279555781674208e-01 8.596387166496000098e-01 1.435002452296635145e+00 1.121713049096808579e+00 8.949631821688310840e-01 8.486670965250947551e-01 6.269245466109227838e-01 1.302701090146793250e+00 7.257869554265565792e-01 4.671747792878718220e-01 1.130781935207870514e+00 8.351075418951907636e-01 5.884480274077313888e-01 3.843260294926613696e-01 7.587423931966781332e-01 6.685274087926724729e-01 1.170012536932153679e+00 1.016381150200842187e+00 5.914301385514504350e-01
1.176552663008960220e+00 1.431296109659026650e+00 9.072187121275898658e-01 1.061735861580435092e+00 1.052229521985297511e+00 0.000000000000000000e+00 1.017239305232246371e+00 9.450169981963506549e-01 1.174141311168746205e+00 1.407763332292952363e+00 1.204169474439445775e+00 6.217791296963645076e-01 8.149436754743168976e-01 9.570906189965348032e-01 5.276527762145866163e-01 9.819147460225624569e-01 1.082330081817377998e+00 1.071811887200190494e+00 7.705668549637583187e-01 8.019679029192048336e-01 7.873126589660242036e-01 5.913387203001949644e-01 8.926349230660363121e-01 6.502819936206526430e-01 8.282218528959528481e-01
9.016412975173647704e-01 1.598577649450372062e+00 1.079883275903531725e+00 1.376514037997418338e+00 9.058279555781674208e-01 1.017239305232246371e+00 0.000000000000000000e+00 8.366430549209162848e-01 1.459126199923394651e+00 1.133634072535446569e+00 9.920137140607038218e-01 8.858364954151553006e-01 6.367259485682293940e-01 1.127400866660470680e+00 5.549187161214029773e-01 4.999565483283537337e-01 1.258113194269246726e+00 7.907344506012742302e-01 7.400348145739960026e-01 7.416834006900717702e-01 3.678284676359552252e-01 7.564024073359751910e-01 1.185608332649285224e+00 8.475673451524496915e-01 5.208667454180589962e-01
1.153946725382860583e+00 8.409957159702868834e-01 9.824207211170475906e-01 9.550385899303595050e-01 8.596387166496000098e-01 9.450169981963506549e-01 8.366430549209162848e-01 0.000000000000000000e+00 9.821359913579595924e-01 1.375097726899450423e+00 1.169385430505839985e+00 6.172880415060060244e-01 8.681958803705865924e-01 5.255590261050625545e-01 4.966404570846315591e-01 5.776207375297076618e-01 4.503853091641474293e-01 1.002481166524820999e+00 4.226304021955632484e-01 7.742514913462229531e-01 7.645928342079905127e-01 7.045600805642989739e-01 7.673884868429017292e-01 4.197972420314873832e-01 3.170380633413537597e-01
1.604379449380886724e+00 9.612950816655160269e-01 1.163754578403618956e+00 8.285217491253340505e-01 1.435002452296635145e+00 1.174141311168746205e+00 1.459126199923394651e+00 9.821359913579595924e-01 0.000000000000000000e+00 1.816037099055052284e+00 1.589974399648956149e+00 5.863353557715405007e-01 1.214187778019584218e+00 6.698278605580659795e-01 1.005142073787803847e+00 1.359830523758154053e+00 5.359736363339709930e-01 1.505079439823939103e+00 9.273781197263214482e-01 1.185181870235489709e+00 1.223998396762230767e+00 9.115252358903751517e-01 3.256403438651181426e-01 7.430772239859478878e-01 1.181363184432803637e+00
7.771948467713307718e-01 2.094372690607603005e+00 1.378368079754721975e+00 1.766150259375554032e+00 1.121713049096808579e+00 1.407763332292952363e+00 1.133634072535446569e+00 1.375097726899450423e+00 1.816037099055052284e+00 0.000000000000000000e+00 7.717306100095637778e-01 1.229701743283512227e+00 7.565180667670363679e-01 1.600590297014136798e+00 1.003713762169939239e+00 8.020958646866833686e-01 1.582501082081608557e+00 4.289052404790215656e-01 1.059080797228703519e+00 8.994148194704780774e-01 9.107666142714850865e-01 1.058106817456622384e+00 1.549564543067162292e+00 1.305270062324959790e+00 1.074247429655088792e+00
6.981607647106954362e-01 1.870900516667128199e+00 1.152305380348625397e+00 1.544548754057131434e+00 8.949631821688310840e-01 1.204169474439445775e+00 9.920137140607038218e-01 1.169385430505839985e+00 1.589974399648956149e+00 7.717306100095637778e-01 0.000000000000000000e+00 1.003639043877416093e+00 5.608871018834612476e-01 1.458969938539394384e+00 8.620934036951967139e-01 5.958075519350650717e-01 1.356438382675512644e+00 5.014655713734741393e-01 8.330180978226072730e-01 6.733521200643820537e-01 7.691462557967426728e-01 8.320441180505264711e-01 1.324885478975170505e+00 1.163649703850217376e+00 8.983101594095876941e-01
1.030302429347653481e+00 9.097388037025950780e-01 5.851946861346474238e-01 6.014294298627073099e-01 8.486670965250947551e-01 6.217791296963645076e-01 8.858364954151553006e-01 6.172880415060060244e-01 5.863353557715405007e-01 1.229701743283512227e+00 1.003639043877416093e+00 0.000000000000000000e+00 6.397609947644680162e-01 5.526494262618909525e-01 4.705087847097770837e-01 7.900241893519875935e-01 4.671753799335450208e-01 9.310024197907056376e-01 4.303609293654141466e-01 5.988465144639497639e-01 6.507086922539909724e-01 3.251898801188345400e-01 3.308126614806646271e-01 3.330222240308708392e-01 7.067843682086643042e-01
5.645639119981071818e-01 1.486080599211929032e+00 8.217382297063613450e-01 1.156878381165567626e+00 6.269245466109227838e-01 8.149436754743168976e-01 6.367259485682293940e-01 8.681958803705865924e-01 1.214187778019584218e+00 7.565180667670363679e-01 5.608871018834612476e-01 6.397609947644680162e-01 0.000000000000000000e+00 1.071503447064372505e+00 4.746269122201745572e-01 4.661318133799918773e-01 1.057059630389568516e+00 4.439527235364778557e-01 5.336393455366632566e-01 3.878330018929280754e-01 3.972216563777763443e-01 4.989475063558000412e-01 9.415509074210360874e-01 7.761832123751956081e-01 5.511578170292328327e-01
1.369379627730145099e+00 5.650455307926148807e-01 1.125087806949842006e+00 5.223609505102202455e-01 1.302701090146793250e+00 9.570906189965348032e-01 1.127400866660470680e+00 5.255590261050625545e-01 6.698278605580659795e-01 1.600590297014136798e+00 1.458969938539394384e+00 5.526494262618909525e-01 1.071503447064372505e+00 0.000000000000000000e+00 6.117695075212152833e-01 1.003156467523422135e+00 4.622381544599933889e-01 1.264638851921375373e+00 9.176237416123191881e-01 1.066443852276836468e+00 9.720994772509148341e-01 8.281286455417272707e-01 3.702905044659093314e-01 3.272368530894144145e-01 7.465398613467675304e-01
7.725030928859469848e-01 1.128633906242057394e+00 6.983508966049242206e-01 8.326531019560693414e-01 7.257869554265565792e-01 5.276527762145866163e-01 5.549187161214029773e-01 4.966404570846315591e-01 1.005142073787803847e+00 1.003713762169939239e+00 8.620934036951967139e-01 4.705087847097770837e-01 4.746269122201745572e-01 6.117695075212152833e-01 0.000000000000000000e+00 4.833898632659225925e-01 9.162990916426161370e-01 6.677623170771772587e-01 4.827309657431762546e-01 4.755253363604644012e-01 3.752229424067171637e-01 3.782737757647452459e-01 7.225371879591735436e-01 3.078834868105948530e-01 3.019055123146156538e-01
6.076856281006846050e-01 1.411137084893928639e+00 9.050520147075414856e-01 1.277052928498395579e+00 4.671747792878718220e-01 9.819147460225624569e-01 4.999565483283537337e-01 5.776207375297076618e-01 1.359830523758154053e+00 8.020958646866833686e-01 5.958075519350650717e-01 7.900241893519875935e-01 4.661318133799918773e-01 1.003156467523422135e+00 4.833898632659225925e-01 0.000000000000000000e+00 9.681545389025081327e-01 4.362753856676531150e-01 4.324524040318323270e-01 4.889997924936025364e-01 5.101659833381381182e-01 6.057427983190246668e-01 1.111999109599933311e+00 7.275587287856474239e-01 3.045917338257606022e-01
1.447335930448216734e+00 5.828935757337326828e-01 9.957191249636144770e-01 7.378904763392266641e-01 1.130781935207870514e+00 1.082330081817377998e+00 1.258113194269246726e+00 4.503853091641474293e-01 5.359736363339709930e-01 1.582501082081608557e+00 1.356438382675512644e+00 4.671753799335450208e-01 1.057059630389568516e+00 4.622381544599933889e-01 9.162990916426161370e-01 9.681545389025081327e-01 0.000000000000000000e+00 1.295895574879990741e+00 5.430125776742920074e-01 9.492525784188799998e-01 1.084302209122554483e+00 7.349172237135993546e-01 3.174144008494013125e-01 6.727799136296531701e-01 7.394319258587148669e-01
4.404347391469503048e-01 1.764180001909005702e+00 1.091762572553103494e+00 1.430198814282791497e+00 8.351075418951907636e-01 1.071811887200190494e+00 7.907344506012742302e-01 1.002481166524820999e+00 1.505079439823939103e+00 4.289052404790215656e-01 5.014655713734741393e-01 9.310024197907056376e-01 4.439527235364778557e-01 1.264638851921375373e+00 6.677623170771772587e-01 4.362753856676531150e-01 1.295895574879990741e+00 0.000000000000000000e+00 7.724752900270852596e-01 6.128093122688599292e-01 5.748151691787233286e-01 7.715013102550043467e-01 1.232421131975518724e+00 9.693186172321984762e-01 7.090516040794982988e-01
9.239156455953112523e-01 1.089246709239307664e+00 6.150669059291136165e-01 1.024518669955065020e+00 5.884480274077313888e-01 7.705668549637583187e-01 7.400348145739960026e-01 4.226304021955632484e-01 9.273781197263214482e-01 1.059080797228703519e+00 8.330180978226072730e-01 4.303609293654141466e-01 5.336393455366632566e-01 9.176237416123191881e-01 4.827309657431762546e-01 4.324524040318323270e-01 5.430125776742920074e-01 7.724752900270852596e-01 0.000000000000000000e+00 4.258322935659744624e-01 5.739294658515733394e-01 3.297407437338062408e-01 6.965803580776097625e-01 7.152492027490966464e-01 3.023176907991056428e-01
7.642496678370860330e-01 1.466107987253662648e+00 7.451195760919924194e-01 1.139756224643664773e+00 3.843260294926613696e-01 8.019679029192048336e-01 7.416834006900717702e-01 7.742514913462229531e-01 1.185181870235489709e+00 8.994148194704780774e-01 6.733521200643820537e-01 5.988465144639497639e-01 3.878330018929280754e-01 1.066443852276836468e+00 4.755253363604644012e-01 4.889997924936025364e-01 9.492525784188799998e-01 6.128093122688599292e-01 4.258322935659744624e-01 0.000000000000000000e+00 5.042156306528760012e-01 4.259293656291099350e-01 9.200929495617037324e-01 7.661195311347499537e-01 5.203654480340594857e-01
6.795559449874929436e-01 1.471640627238546051e+00 8.443211589401695694e-01 1.146534264001961345e+00 7.587423931966781332e-01 7.873126589660242036e-01 3.678284676359552252e-01 7.645928342079905127e-01 1.223998396762230767e+00 9.107666142714850865e-01 7.691462557967426728e-01 6.507086922539909724e-01 3.972216563777763443e-01 9.720994772509148341e-01 3.752229424067171637e-01 5.101659833381381182e-01 1.084302209122554483e+00 5.748151691787233286e-01 5.739294658515733394e-01 5.042156306528760012e-01 0.000000000000000000e+00 5.208402903726129241e-01 9.505725231015395016e-01 6.767792425617380481e-01 4.475547708666369751e-01
8.925702120148786278e-01 1.213692377818456070e+00 3.258619500876690500e-01 8.950510278926664398e-01 6.685274087926724729e-01 5.913387203001949644e-01 7.564024073359751910e-01 7.045600805642989739e-01 9.115252358903751517e-01 1.058106817456622384e+00 8.320441180505264711e-01 3.251898801188345400e-01 4.989475063558000412e-01 8.281286455417272707e-01 3.782737757647452459e-01 6.057427983190246668e-01 7.349172237135993546e-01 7.715013102550043467e-01 3.297407437338062408e-01 4.259293656291099350e-01 5.208402903726129241e-01 0.000000000000000000e+00 6.547187077433657132e-01 5.278043243996403122e-01 5.585461210079830652e-01
1.331721141532466346e+00 6.786129381803078786e-01 9.158481380169819497e-01 5.126367212138616125e-01 1.170012536932153679e+00 8.926349230660363121e-01 1.185608332649285224e+00 7.673884868429017292e-01 3.256403438651181426e-01 1.549564543067162292e+00 1.324885478975170505e+00 3.308126614806646271e-01 9.415509074210360874e-01 3.702905044659093314e-01 7.225371879591735436e-01 1.111999109599933311e+00 3.174144008494013125e-01 1.232421131975518724e+00 6.965803580776097625e-01 9.200929495617037324e-01 9.505725231015395016e-01 6.547187077433657132e-01 0.000000000000000000e+00 4.537382135351912260e-01 9.413450440750551484e-01
1.074059393040967869e+00 8.845303587636297316e-01 8.357623306031821686e-01 5.511797402968094950e-01 1.016381150200842187e+00 6.502819936206526430e-01 8.475673451524496915e-01 4.197972420314873832e-01 7.430772239859478878e-01 1.305270062324959790e+00 1.163649703850217376e+00 3.330222240308708392e-01 7.761832123751956081e-01 3.272368530894144145e-01 3.078834868105948530e-01 7.275587287856474239e-01 6.727799136296531701e-01 9.693186172321984762e-01 7.152492027490966464e-01 7.661195311347499537e-01 6.767792425617380481e-01 5.278043243996403122e-01 4.537382135351912260e-01 0.000000000000000000e+00 4.880301472421548215e-01
8.479062388532487837e-01 1.124192718467013963e+00 8.518784580951269669e-01 1.039173045031778875e+00 5.914301385514504350e-01 8.282218528959528481e-01 5.208667454180589962e-01 3.170380633413537597e-01 1.181363184432803637e+00 1.074247429655088792e+00 8.983101594095876941e-01 7.067843682086643042e-01 5.511578170292328327e-01 7.465398613467675304e-01 3.019055123146156538e-01 3.045917338257606022e-01 7.394319258587148669e-01 7.090516040794982988e-01 3.023176907991056428e-01 5.203654480340594857e-01 4.475547708666369751e-01 5.585461210079830652e-01 9.413450440750551484e-01 4.880301472421548215e-01 0.000000000000000000e+00
