0.000000000000000000e+00 5.729050246191464968e-01 4.609165318822284751e-01 4.958501693031936997e-01 3.649411850308132976e-01 3.432764844511284608e-01 2.773564222698174930e-01 2.526814496913898367e-01 3.703683944707414910e-01 2.299225856663144330e-01 2.076045035852952247e-01 1.997357818992180900e-01 3.149050262758543162e-01 1.720342549686796896e-01 4.529444604861313506e-01 5.037751270633509248e-01 2.864843236261235826e-01 5.126145315476059450e-01 1.384093300619706757e-01 3.858604319932380511e-01 3.317828631794683125e-01 1.690783446387131295e-01 1.352856601428366889e-01 2.033436884023282210e-01 2.612140278881916466e-01
5.729050246191464968e-01 0.000000000000000000e+00 4.707264667432802252e-01 4.015186459380321038e-01 8.917528782064243487e-01 3.436664269971781427e-01 6.418768013249718241e-01 6.640360900845898584e-01 2.457945518012547570e-01 4.625688426843730383e-01 4.915602372150648658e-01 6.903998769829330362e-01 2.757103605712679095e-01 5.162810489400241343e-01 1.707070149006155169e-01 1.664849419336806580e-01 3.316757709357712192e-01 1.439310569236058879e-01 5.649921001438392709e-01 2.677554552411892108e-01 3.633911276512882260e-01 5.541146274990759180e-01 5.068059410967784562e-01 3.763907901997927130e-01 4.008372090295792556e-01
4.609165318822284751e-01 4.707264667432802252e-01 0.000000000000000000e+00 4.168590526463762380e-01 8.071322677317419592e-01 4.217721515140194222e-01 5.678158804476656218e-01 5.389264058707396998e-01 2.420077596642236095e-01 4.108799090223279604e-01 3.664006343517698383e-01 6.395920618448885930e-01 3.167191920239900149e-01 4.743892845959798432e-01 4.005963799228026145e-01 3.897454152268784999e-01 2.670106203456495408e-01 3.881092742207180590e-01 4.439157890617373425e-01 3.000622801433309172e-01 1.350787291519939259e-01 4.767903627433947578e-01 4.878982196030685614e-01 2.738310783766811918e-01 4.284389523293630209e-01
4.958501693031936997e-01 4.015186459380321038e-01 4.168590526463762380e-01 0.000000000000000000e+00 8.404301268646768852e-01 4.347691013759413803e-01 5.813296970338094338e-01 5.854104878116913602e-01 2.721784988609478040e-01 4.107814319986282658e-01 4.204178138899399286e-01 6.670511940297535469e-01 2.540858099259469816e-01 5.237470589735890858e-01 3.273150970350330313e-01 3.379165027334898874e-01 3.488212116652761874e-01 3.680791361636298609e-01 4.863664978709414388e-01 1.394330919215236164e-01 2.997465958570750266e-01 4.935675232079134722e-01 4.825506128470719580e-01 2.927347652356034335e-01 4.227093714969830662e-01
3.649411850308132976e-01 8.917528782064243487e-01 8.071322677317419592e-01 8.404301268646768852e-01 0.000000000000000000e+00 5.841158866747655498e-01 6.158084954898856989e-01 6.099856439153070742e-01 7.164551608222330392e-01 5.236261218507044513e-01 5.327384539338133607e-01 2.203490339256752029e-01 6.502894927908142719e-01 4.128736571923168341e-01 7.477486678699105660e-01 8.483550846248343325e-01 5.863406719916091081e-01 8.368894886153839252e-01 4.961543978514986186e-01 7.304403895547213477e-01 6.779985990289818520e-01 5.075304178587815018e-01 3.935658527817504915e-01 5.479236459638116008e-01 5.057105114666278212e-01
3.432764844511284608e-01 3.436664269971781427e-01 4.217721515140194222e-01 4.347691013759413803e-01 5.841158866747655498e-01 0.000000000000000000e+00 4.277772293645851764e-01 4.598196574956496252e-01 2.784578420687723321e-01 2.434435890877764130e-01 2.731000733097145861e-01 3.875355182472741133e-01 1.995820324639601684e-01 1.755990677907402764e-01 1.760634303082842522e-01 3.545061417967539374e-01 1.547615311683699091e-01 3.302356569331765801e-01 3.648090406866471569e-01 3.037450261761707737e-01 2.891961678285364101e-01 3.398347795674852012e-01 2.405598323054082277e-01 2.124473719175545838e-01 1.228219514632558629e-01
2.773564222698174930e-01 6.418768013249718241e-01 5.678158804476656218e-01 5.813296970338094338e-01 6.158084954898856989e-01 4.277772293645851764e-01 0.000000000000000000e+00 4.310633292775459258e-01 4.704793378777370472e-01 2.276255045239325703e-01 3.375574521488958202e-01 4.250103660303815034e-01 3.838768029816798100e-01 3.891662513703252335e-01 5.212471251037783526e-01 5.940302929201247695e-01 4.030261929057578629e-01 6.127254749546012791e-01 3.261815859314597388e-01 4.719554486935807480e-01 4.386822117449056813e-01 1.431429847713551473e-01 2.640752793312460822e-01 3.011580682556387889e-01 3.356874369455520313e-01
2.526814496913898367e-01 6.640360900845898584e-01 5.389264058707396998e-01 5.854104878116913602e-01 6.099856439153070742e-01 4.598196574956496252e-01 4.310633292775459258e-01 0.000000000000000000e+00 4.535339197979099679e-01 3.450518903533039139e-01 2.256827654722496357e-01 4.475875717341191162e-01 4.060360917412974002e-01 3.813365919343223998e-01 5.399055929714599023e-01 5.895332754848741086e-01 3.577159051050349259e-01 5.877168552576046423e-01 1.388963453310881058e-01 4.754207505017357116e-01 4.097927371679795372e-01 3.295317126328137225e-01 3.548871412576075635e-01 2.927711590831029720e-01 3.828626428556332062e-01
3.703683944707414910e-01 2.457945518012547570e-01 2.420077596642236095e-01 2.721784988609478040e-01 7.164551608222330392e-01 2.784578420687723321e-01 4.704793378777370472e-01 4.535339197979099679e-01 0.000000000000000000e+00 3.088245157232830107e-01 2.810541366759503057e-01 5.432483438035217160e-01 2.011731086016926850e-01 3.722739067348531661e-01 1.631896759472745151e-01 1.624035425108509290e-01 1.489974929717718666e-01 1.461015145564944495e-01 3.562052761274120405e-01 1.428372806292855235e-01 1.416377771108599526e-01 3.827171640518410300e-01 3.821318661884662293e-01 1.718767786805294739e-01 3.222906248383775041e-01
2.299225856663144330e-01 4.625688426843730383e-01 4.108799090223279604e-01 4.107814319986282658e-01 5.236261218507044513e-01 2.434435890877764130e-01 2.276255045239325703e-01 3.450518903533039139e-01 3.088245157232830107e-01 0.000000000000000000e+00 2.086815476294958949e-01 3.222731206272129167e-01 2.045688443410810797e-01 2.036224867420931006e-01 3.419391664631795669e-01 4.256004851367802266e-01 2.569684860019966766e-01 4.510706528001475202e-01 2.401701470072178657e-01 3.048295003546164228e-01 2.817462403195678533e-01 1.340615229200647074e-01 1.316202907138409872e-01 1.418154317933659481e-01 1.334788263754556059e-01
2.076045035852952247e-01 4.915602372150648658e-01 3.664006343517698383e-01 4.204178138899399286e-01 5.327384539338133607e-01 2.731000733097145861e-01 3.375574521488958202e-01 2.256827654722496357e-01 2.810541366759503057e-01 2.086815476294958949e-01 0.000000000000000000e+00 3.523753238459279014e-01 2.589467633208484831e-01 2.035664593489704965e-01 3.560457820187612477e-01 4.170534923629145019e-01 1.738560941523364933e-01 4.038570443049061542e-01 1.474296884662729124e-01 3.098125184556014267e-01 2.372669656490095924e-01 2.465319344446248173e-01 2.880678075133973337e-01 1.318041290233369911e-01 2.359362871224191804e-01
1.997357818992180900e-01 6.903998769829330362e-01 6.395920618448885930e-01 6.670511940297535469e-01 2.203490339256752029e-01 3.875355182472741133e-01 4.250103660303815034e-01 4.475875717341191162e-01 5.432483438035217160e-01 3.222731206272129167e-01 3.523753238459279014e-01 0.000000000000000000e+00 4.489364915673226819e-01 2.195761771425390751e-01 5.463956666464191425e-01 6.699681323630215513e-01 4.047348331794014542e-01 6.552836498031763268e-01 3.337563256703107162e-01 5.610992623857417039e-01 5.104583931421283749e-01 3.134411743207023426e-01 1.922128515582589292e-01 3.803834400769582347e-01 3.043575102431362867e-01
3.149050262758543162e-01 2.757103605712679095e-01 3.167191920239900149e-01 2.540858099259469816e-01 6.502894927908142719e-01 1.995820324639601684e-01 3.838768029816798100e-01 4.060360917412974002e-01 2.011731086016926850e-01 2.045688443410810797e-01 2.589467633208484831e-01 4.489364915673226819e-01 0.000000000000000000e+00 3.012160080731948741e-01 1.696601085647491403e-01 2.319972436545721661e-01 2.130291926782802991e-01 2.817487043724908879e-01 3.069921018005474234e-01 1.356950110128436193e-01 1.875855233212297413e-01 2.961146291557838484e-01 2.644359103846409265e-01 1.312079502678292209e-01 1.896077921394157539e-01
1.720342549686796896e-01 5.162810489400241343e-01 4.743892845959798432e-01 5.237470589735890858e-01 4.128736571923168341e-01 1.755990677907402764e-01 3.891662513703252335e-01 3.813365919343223998e-01 3.722739067348531661e-01 2.036224867420931006e-01 2.035664593489704965e-01 2.195761771425390751e-01 3.012160080731948741e-01 0.000000000000000000e+00 3.473329532310766576e-01 5.170410170792621996e-01 2.292369846401206002e-01 4.773881362967973829e-01 2.668075906027652100e-01 4.177951273295770207e-01 3.416365050592227171e-01 2.764748306628507235e-01 1.301068547272206111e-01 2.478150915639469321e-01 1.302719491989858258e-01
4.529444604861313506e-01 1.707070149006155169e-01 4.005963799228026145e-01 3.273150970350330313e-01 7.477486678699105660e-01 1.760634303082842522e-01 5.212471251037783526e-01 5.399055929714599023e-01 1.631896759472745151e-01 3.419391664631795669e-01 3.560457820187612477e-01 5.463956666464191425e-01 1.696601085647491403e-01 3.473329532310766576e-01 0.000000000000000000e+00 2.131694766388994300e-01 1.857443246723543273e-01 1.793104128939218278e-01 4.448949761624573229e-01 1.949772344845434047e-01 2.902698401038423248e-01 4.334849512778823355e-01 3.628017307602645625e-01 2.704268189053826710e-01 2.568329986930652509e-01
5.037751270633509248e-01 1.664849419336806580e-01 3.897454152268784999e-01 3.379165027334898874e-01 8.483550846248343325e-01 3.545061417967539374e-01 5.940302929201247695e-01 5.895332754848741086e-01 1.624035425108509290e-01 4.256004851367802266e-01 4.170534923629145019e-01 6.699681323630215513e-01 2.319972436545721661e-01 5.170410170792621996e-01 2.131694766388994300e-01 0.000000000000000000e+00 2.993483439769690224e-01 1.440329100547200203e-01 4.922046318143762367e-01 2.046206837317543215e-01 2.824100761348865007e-01 5.062681190942287524e-01 4.854675511803400734e-01 3.007287164230320609e-01 3.867690678802762627e-01
2.864843236261235826e-01 3.316757709357712192e-01 2.670106203456495408e-01 3.488212116652761874e-01 5.863406719916091081e-01 1.547615311683699091e-01 4.030261929057578629e-01 3.577159051050349259e-01 1.489974929717718666e-01 2.569684860019966766e-01 1.738560941523364933e-01 4.047348331794014542e-01 2.130291926782802991e-01 2.292369846401206002e-01 1.857443246723543273e-01 2.993483439769690224e-01 0.000000000000000000e+00 2.505488166237747061e-01 2.627052882960324576e-01 2.359606159616950416e-01 1.344346366601665010e-01 3.120006752014867213e-01 3.339867965827372220e-01 1.257204700982100520e-01 2.701639402879694174e-01
5.126145315476059450e-01 1.439310569236058879e-01 3.881092742207180590e-01 3.680791361636298609e-01 8.368894886153839252e-01 3.302356569331765801e-01 6.127254749546012791e-01 5.877168552576046423e-01 1.461015145564944495e-01 4.510706528001475202e-01 4.038570443049061542e-01 6.552836498031763268e-01 2.817487043724908879e-01 4.773881362967973829e-01 1.793104128939218278e-01 1.440329100547200203e-01 2.505488166237747061e-01 0.000000000000000000e+00 4.927062384486022850e-01 2.347833171618941561e-01 2.857177054676436900e-01 5.249633011287053730e-01 5.233184914253916631e-01 3.141229157573939279e-01 4.350795958055331258e-01
1.384093300619706757e-01 5.649921001438392709e-01 4.439157890617373425e-01 4.863664978709414388e-01 4.961543978514986186e-01 3.648090406866471569e-01 3.261815859314597388e-01 1.388963453310881058e-01 3.562052761274120405e-01 2.401701470072178657e-01 1.474296884662729124e-01 3.337563256703107162e-01 3.069921018005474234e-01 2.668075906027652100e-01 4.448949761624573229e-01 4.922046318143762367e-01 2.627052882960324576e-01 4.927062384486022850e-01 0.000000000000000000e+00 3.763767605609857347e-01 3.147821203589771244e-01 2.246499692867277576e-01 2.489790113950405559e-01 1.937271691423529674e-01 2.821250678142029900e-01
3.858604319932380511e-01 2.677554552411892108e-01 3.000622801433309172e-01 1.394330919215236164e-01 7.304403895547213477e-01 3.037450261761707737e-01 4.719554486935807480e-01 4.754207505017357116e-01 1.428372806292855235e-01 3.048295003546164228e-01 3.098125184556014267e-01 5.610992623857417039e-01 1.356950110128436193e-01 4.177951273295770207e-01 1.949772344845434047e-01 2.046206837317543215e-01 2.359606159616950416e-01 2.347833171618941561e-01 3.763767605609857347e-01 0.000000000000000000e+00 1.829498233540297059e-01 3.841932748676847309e-01 3.765986812030600595e-01 1.827450279256476184e-01 3.167574398529712232e-01
3.317828631794683125e-01 3.633911276512882260e-01 1.350787291519939259e-01 2.997465958570750266e-01 6.779985990289818520e-01 2.891961678285364101e-01 4.386822117449056813e-01 4.097927371679795372e-01 1.416377771108599526e-01 2.817462403195678533e-01 2.372669656490095924e-01 5.104583931421283749e-01 1.875855233212297413e-01 3.416365050592227171e-01 2.902698401038423248e-01 2.824100761348865007e-01 1.344346366601665010e-01 2.857177054676436900e-01 3.147821203589771244e-01 1.829498233540297059e-01 0.000000000000000000e+00 3.476566940406345396e-01 3.587645509003083433e-01 1.446974096739209459e-01 2.993052836266028027e-01
1.690783446387131295e-01 5.541146274990759180e-01 4.767903627433947578e-01 4.935675232079134722e-01 5.075304178587815018e-01 3.398347795674852012e-01 1.431429847713551473e-01 3.295317126328137225e-01 3.827171640518410300e-01 1.340615229200647074e-01 2.465319344446248173e-01 3.134411743207023426e-01 2.961146291557838484e-01 2.764748306628507235e-01 4.334849512778823355e-01 5.062681190942287524e-01 3.120006752014867213e-01 5.249633011287053730e-01 2.246499692867277576e-01 3.841932748676847309e-01 3.476566940406345396e-01 0.000000000000000000e+00 1.463679759356301402e-01 2.112638278155378468e-01 2.258180557410608413e-01
1.352856601428366889e-01 5.068059410967784562e-01 4.878982196030685614e-01 4.825506128470719580e-01 3.935658527817504915e-01 2.405598323054082277e-01 2.640752793312460822e-01 3.548871412576075635e-01 3.821318661884662293e-01 1.316202907138409872e-01 2.880678075133973337e-01 1.922128515582589292e-01 2.644359103846409265e-01 1.301068547272206111e-01 3.628017307602645625e-01 4.854675511803400734e-01 3.339867965827372220e-01 5.233184914253916631e-01 2.489790113950405559e-01 3.765986812030600595e-01 3.587645509003083433e-01 1.463679759356301402e-01 0.000000000000000000e+00 2.183600958430983452e-01 1.271411533455621135e-01
2.033436884023282210e-01 3.763907901997927130e-01 2.738310783766811918e-01 2.927347652356034335e-01 5.479236459638116008e-01 2.124473719175545838e-01 3.011580682556387889e-01 2.927711590831029720e-01 1.718767786805294739e-01 1.418154317933659481e-01 1.318041290233369911e-01 3.803834400769582347e-01 1.312079502678292209e-01 2.478150915639469321e-01 2.704268189053826710e-01 3.007287164230320609e-01 1.257204700982100520e-01 3.141229157573939279e-01 1.937271691423529674e-01 1.827450279256476184e-01 1.446974096739209459e-01 2.112638278155378468e-01 2.183600958430983452e-01 0.000000000000000000e+00 1.585188544930095089e-01
2.612140278881916466e-01 4.008372090295792556e-01 4.284389523293630209e-01 4.227093714969830662e-01 5.057105114666278212e-01 1.228219514632558629e-01 3.356874369455520313e-01 3.828626428556332062e-01 3.222906248383775041e-01 1.334788263754556059e-01 2.359362871224191804e-01 3.043575102431362867e-01 1.896077921394157539e-01 1.302719491989858258e-01 2.568329986930652509e-01 3.867690678802762627e-01 2.701639402879694174e-01 4.350795958055331258e-01 2.821250678142029900e-01 3.167574398529712232e-01 2.993052836266028027e-01 2.258180557410608413e-01 1.271411533455621135e-01 1.585188544930095089e-01 0.000000000000000000e+00
