0.000000000000000000e+00 2.222742109822778644e+01 1.507308203014603265e+01 1.419339639279742293e+01 1.404510020259582781e+01 7.739568860651504068e+00 7.706135217031425455e+00 1.853904055018914221e+01 7.548552166410068764e+00 1.658504562285568085e+01 9.356454003805612984e+00 1.732045846189927829e+01 9.447907774750669674e+00 1.406050455161090618e+01 4.638761509047816922e+00 4.588043336440727593e+00 1.212228677567313184e+01 1.045320566671615126e+01 1.740705006095522833e+01 1.834579603649268265e+01 1.285482629699018986e+01 3.950596606878131745e+00 1.126970422740821931e+01 2.028027691754832418e+01 1.125972043583784199e+01
2.222742109822778644e+01 0.000000000000000000e+00 1.491132734071168997e+01 1.417820821471775083e+01 1.132813810873462401e+01 1.460101496043929359e+01 1.796759850355158861e+01 7.557456416082496631e+00 1.873703601833729593e+01 7.100363043698001420e+00 1.296475653764373881e+01 5.235502821995477341e+00 1.537921329210030841e+01 1.108070275352252487e+01 1.767886038295043605e+01 1.861040549097679175e+01 1.146530362769003197e+01 1.501875167101040098e+01 5.470470801688527729e+00 1.161716652147299378e+01 9.615550160681140213e+00 1.970941138688644401e+01 1.544187681345695395e+01 3.799280001431246667e+00 1.237569986688141022e+01
1.507308203014603265e+01 1.491132734071168997e+01 0.000000000000000000e+00 2.058286630854620469e+01 1.139039459319133307e+01 1.306184230871235030e+01 7.616749513359684975e+00 7.649596630689308618e+00 1.885946892103516248e+01 1.854098396509032298e+01 6.964868275242597662e+00 1.063383272710613880e+01 1.129493652622886124e+01 5.049491707050319356e+00 1.055748178912415902e+01 1.497286349708863185e+01 1.604701385374492517e+01 1.710328073767912826e+01 1.454920372589270272e+01 4.900139536714536170e+00 1.454277028875279676e+01 1.134587618929575648e+01 3.878611812725788699e+00 1.148227529330568153e+01 9.175177799772807674e+00
1.419339639279742293e+01 1.417820821471775083e+01 2.058286630854620469e+01 0.000000000000000000e+00 1.124152181139077200e+01 7.842034185637611898e+00 1.710242914678408610e+01 1.853465986573351998e+01 7.803308122715126416e+00 7.091685892067275176e+00 1.388826824829515161e+01 1.426960153958167155e+01 1.025973462158074234e+01 1.611727848487047510e+01 1.246433260537289911e+01 1.005311642568304009e+01 4.545443358576538806e+00 4.161849290070389173e+00 1.020306975395119053e+01 2.015803023270482797e+01 7.287016889203458803e+00 1.609765807472846078e+01 1.732956167589994934e+01 1.706504876442065566e+01 1.188900545639877215e+01
1.404510020259582781e+01 1.132813810873462401e+01 1.139039459319133307e+01 1.124152181139077200e+01 0.000000000000000000e+00 7.783506047221040447e+00 1.231721255382676361e+01 7.940594964352569285e+00 1.495817451897771377e+01 7.850249445250715219e+00 6.473761480160916904e+00 6.421175472406117635e+00 4.957870719529685388e+00 6.462538411187076726e+00 1.019007606365742369e+01 1.244184901191880321e+01 6.986656010989807264e+00 1.159089911850172605e+01 8.256994330746634247e+00 9.878643026849223574e+00 4.064783476630465131e+00 1.317939518509221841e+01 1.084283110439817577e+01 9.681831331711753919e+00 3.599971605411328213e+00
7.739568860651504068e+00 1.460101496043929359e+01 1.306184230871235030e+01 7.842034185637611898e+00 7.783506047221040447e+00 0.000000000000000000e+00 9.613113997725514892e+00 1.535577162238849880e+01 7.545416023505823411e+00 9.021501951422207455e+00 6.512603092970794094e+00 1.374174235701541669e+01 4.887047582036164073e+00 1.143641811668870645e+01 4.976989694660431063e+00 4.708459407463770674e+00 4.604195481269602652e+00 4.535307426938834041e+00 9.675210571384932123e+00 1.572691732124578223e+01 5.115257436338686681e+00 8.837031577465049637e+00 9.837731789025136564e+00 1.709700798974767721e+01 7.850675444009618253e+00
7.706135217031425455e+00 1.796759850355158861e+01 7.616749513359684975e+00 1.710242914678408610e+01 1.231721255382676361e+01 9.613113997725514892e+00 0.000000000000000000e+00 1.213215757595780175e+01 1.360422308872519714e+01 1.846566016824028367e+01 6.164081699806496673e+00 1.359039802285980159e+01 1.052985667022999472e+01 7.362168000620534336e+00 4.771865149041062182e+00 9.137721937372003111e+00 1.403614766078654874e+01 1.335930686104276255e+01 1.750576902164636550e+01 1.164499434192938665e+01 1.472837143406420779e+01 3.954554005789750359e+00 3.871930528951764927e+00 1.453854645614558549e+01 9.525373404173766545e+00
1.853904055018914221e+01 7.557456416082496631e+00 7.649596630689308618e+00 1.853465986573351998e+01 7.940594964352569285e+00 1.535577162238849880e+01 1.213215757595780175e+01 0.000000000000000000e+00 2.219628155315336571e+01 1.174157538857342153e+01 9.184018002772653233e+00 5.406368150882308932e+00 1.200638288389739117e+01 4.823105708047541462e+00 1.398904710912679228e+01 1.832579763287662900e+01 1.455892158615726650e+01 1.916316469366918440e+01 9.238190095135042412e+00 4.061128128569709617e+00 1.194019222841001948e+01 1.538265407663293871e+01 8.639760122996483105e+00 3.987592715031289980e+00 8.860273218149032459e+00
7.548552166410068764e+00 1.873703601833729593e+01 1.885946892103516248e+01 7.803308122715126416e+00 1.495817451897771377e+01 7.545416023505823411e+00 1.360422308872519714e+01 2.219628155315336571e+01 0.000000000000000000e+00 1.165051369568681672e+01 1.301369500676984536e+01 1.872134667289837395e+01 1.206478454022003888e+01 1.771774555457513145e+01 9.338047858494144648e+00 4.650956283570696570e+00 8.276619378196018673e+00 4.150259391544129706e+00 1.465481488726788761e+01 2.200303703945690970e+01 1.166642047986291431e+01 1.130737208237169789e+01 1.522896387947811014e+01 2.162387656804021319e+01 1.484141889929091995e+01
1.658504562285568085e+01 7.100363043698001420e+00 1.854098396509032298e+01 7.091685892067275176e+00 7.850249445250715219e+00 9.021501951422207455e+00 1.846566016824028367e+01 1.174157538857342153e+01 1.165051369568681672e+01 0.000000000000000000e+00 1.331139329229462831e+01 7.961154474167598138e+00 9.824420007587860937e+00 1.411098945467433552e+01 1.382756362682909668e+01 1.210602417912195072e+01 4.589315599444120153e+00 7.932229348359922660e+00 4.197674795846495499e+00 1.547785938222836677e+01 4.201142400516436837e+00 1.768334183274513194e+01 1.768046291653189428e+01 9.997359237681441968e+00 1.020875958764414193e+01
9.356454003805612984e+00 1.296475653764373881e+01 6.964868275242597662e+00 1.388826824829515161e+01 6.473761480160916904e+00 6.512603092970794094e+00 6.164081699806496673e+00 9.184018002772653233e+00 1.301369500676984536e+01 1.331139329229462831e+01 0.000000000000000000e+00 8.057793901315239538e+00 4.943326401400165437e+00 4.951766010639268245e+00 4.805029106354149704e+00 9.143211086493101547e+00 9.956343067586670870e+00 1.084976240757467281e+01 1.197316490010179812e+01 9.239377205130052673e+00 9.169610100812931819e+00 6.827001178578631091e+00 5.083414942676807158e+00 1.092525437013184053e+01 3.680285344815467763e+00
1.732045846189927829e+01 5.235502821995477341e+00 1.063383272710613880e+01 1.426960153958167155e+01 6.421175472406117635e+00 1.374174235701541669e+01 1.359039802285980159e+01 5.406368150882308932e+00 1.872134667289837395e+01 7.961154474167598138e+00 8.057793901315239538e+00 0.000000000000000000e+00 1.078780079560752370e+01 6.703502272830728970e+00 1.277189774662193678e+01 1.710721554458676863e+01 1.121462762357015741e+01 1.509270530990392700e+01 4.066531785630481011e+00 8.129272157892934558e+00 8.756277557257261535e+00 1.482797230655720000e+01 1.108434604497618636e+01 6.003755394933099510e+00 7.468737230552905615e+00
9.447907774750669674e+00 1.537921329210030841e+01 1.129493652622886124e+01 1.025973462158074234e+01 4.957870719529685388e+00 4.887047582036164073e+00 1.052985667022999472e+01 1.200638288389739117e+01 1.206478454022003888e+01 9.824420007587860937e+00 4.943326401400165437e+00 1.078780079560752370e+01 0.000000000000000000e+00 8.168115386332672756e+00 6.110367412108830720e+00 8.953044942983744647e+00 5.765014854773123254e+00 8.701894287491402480e+00 1.045340890304595227e+01 1.252443612690690422e+01 5.879551982274947797e+00 1.006273204292636514e+01 9.802197232681663763e+00 1.374761925125657669e+01 3.669609711356104143e+00
1.406050455161090618e+01 1.108070275352252487e+01 5.049491707050319356e+00 1.611727848487047510e+01 6.462538411187076726e+00 1.143641811668870645e+01 7.362168000620534336e+00 4.823105708047541462e+00 1.771774555457513145e+01 1.411098945467433552e+01 4.951766010639268245e+00 6.703502272830728970e+00 8.168115386332672756e+00 0.000000000000000000e+00 9.509079654159441120e+00 1.384726163429838941e+01 1.160176627936131588e+01 1.568483833466907207e+01 1.061887327161729466e+01 4.372501571816313160e+00 9.912844367411969060e+00 1.078560041164010030e+01 4.687521456251317886e+00 7.651650706116519984e+00 5.175571052965482366e+00
4.638761509047816922e+00 1.767886038295043605e+01 1.055748178912415902e+01 1.246433260537289911e+01 1.019007606365742369e+01 4.976989694660431063e+00 4.771865149041062182e+00 1.398904710912679228e+01 9.338047858494144648e+00 1.382756362682909668e+01 4.805029106354149704e+00 1.277189774662193678e+01 6.110367412108830720e+00 9.509079654159441120e+00 0.000000000000000000e+00 4.718594356914585397e+00 9.398051119375367080e+00 8.632703814949739041e+00 1.464447089496415799e+01 1.379437113904123713e+01 1.009224713099912130e+01 3.968222699003448817e+00 6.741254549775334226e+00 1.573028347648599912e+01 6.741536971542997136e+00
4.588043336440727593e+00 1.861040549097679175e+01 1.497286349708863185e+01 1.005311642568304009e+01 1.244184901191880321e+01 4.708459407463770674e+00 9.137721937372003111e+00 1.832579763287662900e+01 4.650956283570696570e+00 1.210602417912195072e+01 9.143211086493101547e+00 1.710721554458676863e+01 8.953044942983744647e+00 1.384726163429838941e+01 4.718594356914585397e+00 0.000000000000000000e+00 7.569250944612305965e+00 6.103922314841198293e+00 1.391053730835300861e+01 1.813255311918016233e+01 9.823716843802456467e+00 7.187020170086571014e+00 1.118775929397213531e+01 2.006703400023582518e+01 1.097476973710521087e+01
1.212228677567313184e+01 1.146530362769003197e+01 1.604701385374492517e+01 4.545443358576538806e+00 6.986656010989807264e+00 4.604195481269602652e+00 1.403614766078654874e+01 1.455892158615726650e+01 8.276619378196018673e+00 4.589315599444120153e+00 9.956343067586670870e+00 1.121462762357015741e+01 5.765014854773123254e+00 1.160176627936131588e+01 9.398051119375367080e+00 7.569250944612305965e+00 0.000000000000000000e+00 4.837920538763509803e+00 7.148095837939671959e+00 1.572188986064772109e+01 4.021801663916360070e+00 1.325382932529140767e+01 1.426328018990241553e+01 1.435205611474175669e+01 7.343562097822236900e+00
1.045320566671615126e+01 1.501875167101040098e+01 1.710328073767912826e+01 4.161849290070389173e+00 1.159089911850172605e+01 4.535307426938834041e+00 1.335930686104276255e+01 1.916316469366918440e+01 4.150259391544129706e+00 7.932229348359922660e+00 1.084976240757467281e+01 1.509270530990392700e+01 8.701894287491402480e+00 1.568483833466907207e+01 8.632703814949739041e+00 6.103922314841198293e+00 4.837920538763509803e+00 0.000000000000000000e+00 1.102617352427344954e+01 1.997797618956627019e+01 8.071427320071224543e+00 1.202910310526872806e+01 1.366782753395682981e+01 1.790559222071330581e+01 1.173468550229003071e+01
1.740705006095522833e+01 5.470470801688527729e+00 1.454920372589270272e+01 1.020306975395119053e+01 8.256994330746634247e+00 9.675210571384932123e+00 1.750576902164636550e+01 9.238190095135042412e+00 1.465481488726788761e+01 4.197674795846495499e+00 1.197316490010179812e+01 4.066531785630481011e+00 1.045340890304595227e+01 1.061887327161729466e+01 1.464447089496415799e+01 1.391053730835300861e+01 7.148095837939671959e+00 1.102617352427344954e+01 0.000000000000000000e+00 1.204464315667949670e+01 4.689745771626780524e+00 1.850451277776877035e+01 1.499971704376275738e+01 8.161664231189341479e+00 1.079078419800306321e+01
1.834579603649268265e+01 1.161716652147299378e+01 4.900139536714536170e+00 2.015803023270482797e+01 9.878643026849223574e+00 1.572691732124578223e+01 1.164499434192938665e+01 4.061128128569709617e+00 2.200303703945690970e+01 1.547785938222836677e+01 9.239377205130052673e+00 8.129272157892934558e+00 1.252443612690690422e+01 4.372501571816313160e+00 1.379437113904123713e+01 1.813255311918016233e+01 1.572188986064772109e+01 1.997797618956627019e+01 1.204464315667949670e+01 0.000000000000000000e+00 1.371436121149949017e+01 1.507089189652186789e+01 7.930054399355371153e+00 8.042907349865428657e+00 9.547689365724455257e+00
1.285482629699018986e+01 9.615550160681140213e+00 1.454277028875279676e+01 7.287016889203458803e+00 4.064783476630465131e+00 5.115257436338686681e+00 1.472837143406420779e+01 1.194019222841001948e+01 1.166642047986291431e+01 4.201142400516436837e+00 9.169610100812931819e+00 8.756277557257261535e+00 5.879551982274947797e+00 9.912844367411969060e+00 1.009224713099912130e+01 9.823716843802456467e+00 4.021801663916360070e+00 8.071427320071224543e+00 4.689745771626780524e+00 1.371436121149949017e+01 0.000000000000000000e+00 1.395228901380373188e+01 1.353867972505019068e+01 1.238085598332090598e+01 6.149179721080523464e+00
3.950596606878131745e+00 1.970941138688644401e+01 1.134587618929575648e+01 1.609765807472846078e+01 1.317939518509221841e+01 8.837031577465049637e+00 3.954554005789750359e+00 1.538265407663293871e+01 1.130737208237169789e+01 1.768334183274513194e+01 6.827001178578631091e+00 1.482797230655720000e+01 1.006273204292636514e+01 1.078560041164010030e+01 3.968222699003448817e+00 7.187020170086571014e+00 1.325382932529140767e+01 1.202910310526872806e+01 1.850451277776877035e+01 1.507089189652186789e+01 1.395228901380373188e+01 0.000000000000000000e+00 7.543672180050709386e+00 1.712389044399214200e+01 1.029659971024810794e+01
1.126970422740821931e+01 1.544187681345695395e+01 3.878611812725788699e+00 1.732956167589994934e+01 1.084283110439817577e+01 9.837731789025136564e+00 3.871930528951764927e+00 8.639760122996483105e+00 1.522896387947811014e+01 1.768046291653189428e+01 5.083414942676807158e+00 1.108434604497618636e+01 9.802197232681663763e+00 4.687521456251317886e+00 6.741254549775334226e+00 1.118775929397213531e+01 1.426328018990241553e+01 1.366782753395682981e+01 1.499971704376275738e+01 7.930054399355371153e+00 1.353867972505019068e+01 7.543672180050709386e+00 0.000000000000000000e+00 1.201282476605094729e+01 8.075461889943920113e+00
2.028027691754832418e+01 3.799280001431246667e+00 1.148227529330568153e+01 1.706504876442065566e+01 9.681831331711753919e+00 1.709700798974767721e+01 1.453854645614558549e+01 3.987592715031289980e+00 2.162387656804021319e+01 9.997359237681441968e+00 1.092525437013184053e+01 6.003755394933099510e+00 1.374761925125657669e+01 7.651650706116519984e+00 1.573028347648599912e+01 2.006703400023582518e+01 1.435205611474175669e+01 1.790559222071330581e+01 8.161664231189341479e+00 8.042907349865428657e+00 1.238085598332090598e+01 1.712389044399214200e+01 1.201282476605094729e+01 0.000000000000000000e+00 1.060150958550821976e+01
1.125972043583784199e+01 1.237569986688141022e+01 9.175177799772807674e+00 1.188900545639877215e+01 3.599971605411328213e+00 7.850675444009618253e+00 9.525373404173766545e+00 8.860273218149032459e+00 1.484141889929091995e+01 1.020875958764414193e+01 3.680285344815467763e+00 7.468737230552905615e+00 3.669609711356104143e+00 5.175571052965482366e+00 6.741536971542997136e+00 1.097476973710521087e+01 7.343562097822236900e+00 1.173468550229003071e+01 1.079078419800306321e+01 9.547689365724455257e+00 6.149179721080523464e+00 1.029659971024810794e+01 8.075461889943920113e+00 1.060150958550821976e+01 0.000000000000000000e+00
