0.000000000000000000e+00 3.135934613293811069e+01 2.098976998020740581e+01 2.092224382496213408e+01 1.633742118514025776e+01 1.762296747287365051e+01 2.271866196356403123e+01 2.243437105376049701e+01 1.216631058591909387e+01 1.215416964788255960e+01 1.211432121642242521e+01 2.095971379465802897e+01 1.315139613160736332e+01 2.578534312407644080e+01 1.286550358503207825e+01 9.051767331021581597e+00 1.402032561865386207e+01 2.292919677160258374e+01 2.568143131108543642e+01 1.765409636654448278e+01 7.867773637341604065e+00 2.056457490968056945e+01 7.165810940552765018e+00 2.901251325930724434e+01 6.882392727820964673e+00
3.135934613293811069e+01 0.000000000000000000e+00 3.045737492720824591e+01 2.087262273852440231e+01 1.933209758586604110e+01 1.572740982812010202e+01 1.325116974011716309e+01 1.245110908442463860e+01 3.150026403935175878e+01 2.721481972754353507e+01 3.070474994631458898e+01 1.104186150730585858e+01 1.966314427379965224e+01 1.103598801465549961e+01 2.339284689984291532e+01 2.263621140507454044e+01 2.391687496948370395e+01 8.829568272902537984e+00 7.854707533457072621e+00 1.646502565074126068e+01 3.390923295224065726e+01 1.879774357685595376e+01 3.334136851448668182e+01 7.338827789734834184e+00 2.722937001930858614e+01
2.098976998020740581e+01 3.045737492720824591e+01 0.000000000000000000e+00 2.814739266530456163e+01 2.635683788497448532e+01 1.582915803210146954e+01 3.565391919016350641e+01 2.232189406585844083e+01 1.275481288457943307e+01 2.213418469411778489e+01 1.154340460027443882e+01 2.580611306283170947e+01 1.283242445746240712e+01 2.747668754107423794e+01 2.866764580162197262e+01 1.721530177376160609e+01 8.566577447469947870e+00 3.247567570946930005e+01 2.262669808443524389e+01 2.059805277092709730e+01 1.918851794047418480e+01 3.417821360625191573e+01 1.757881223420681138e+01 3.354731393593689859e+01 2.204712127568005187e+01
2.092224382496213408e+01 2.087262273852440231e+01 2.814739266530456163e+01 0.000000000000000000e+00 1.951997602991906433e+01 2.193274575208863553e+01 1.263085695779658479e+01 1.601094952012400086e+01 3.012559990507633501e+01 1.222215694369469752e+01 2.306839101514441737e+01 2.667194484046818914e+01 1.534214093076441365e+01 1.020241666641124745e+01 9.915247909030140860e+00 2.077451654554549876e+01 2.448651485924027327e+01 2.047981836065608618e+01 1.995062883334434645e+01 8.339892975584747958e+00 2.813844851995629170e+01 7.851006765748817173e+00 2.347258546979359650e+01 1.463948151249618235e+01 1.468378708526024745e+01
1.633742118514025776e+01 1.933209758586604110e+01 2.635683788497448532e+01 1.951997602991906433e+01 0.000000000000000000e+00 1.626899424005651795e+01 1.301061248761616440e+01 2.810333871948570561e+01 2.058556525428876327e+01 1.891571522950887640e+01 2.662753066719448825e+01 1.111731222259586715e+01 2.401254237000494385e+01 2.176611431555499721e+01 9.825429756616026467e+00 9.711674911436240620e+00 1.779026043750453212e+01 1.111479412312712434e+01 2.144283782670251171e+01 2.658165774979024931e+01 2.107464874486463557e+01 1.443453034668845625e+01 2.332369909288732757e+01 1.826523330233202813e+01 1.254911275825701189e+01
1.762296747287365051e+01 1.572740982812010202e+01 1.582915803210146954e+01 2.193274575208863553e+01 1.626899424005651795e+01 0.000000000000000000e+00 2.542006748919497028e+01 1.250130635994898043e+01 1.577285421123165499e+01 2.074333061980973625e+01 1.965068303605758260e+01 1.073198717524939738e+01 1.037154039673369610e+01 1.871294949459565515e+01 1.945748171619901612e+01 8.992888990570349961e+00 8.491235782636904261e+00 1.871790361997562968e+01 8.058463838211789465e+00 1.367608144614301047e+01 1.875954484733084726e+01 2.642408559237687626e+01 2.391315619385375513e+01 2.167820568579312734e+01 1.738643142925628027e+01
2.271866196356403123e+01 1.325116974011716309e+01 3.565391919016350641e+01 1.263085695779658479e+01 1.301061248761616440e+01 2.542006748919497028e+01 0.000000000000000000e+00 2.022793308548530788e+01 2.918627675807194066e+01 2.031250119794627906e+01 3.203119998023380077e+01 1.583101262122023734e+01 2.482679520417207186e+01 1.000180006296708513e+01 1.085572738078211152e+01 1.909981005028556567e+01 2.708734174269355677e+01 8.026689496009421276e+00 2.057068271099045731e+01 1.716792162148565737e+01 2.867358985617913447e+01 7.689894281001481424e+00 2.928498816048166375e+01 7.007199810473670354e+00 1.785819581975633952e+01
2.243437105376049701e+01 1.245110908442463860e+01 2.232189406585844083e+01 1.601094952012400086e+01 2.810333871948570561e+01 1.250130635994898043e+01 2.022793308548530788e+01 0.000000000000000000e+00 2.487483413904435992e+01 1.841724961801836002e+01 2.149557684475330532e+01 1.876131527496827545e+01 1.043949158840790759e+01 1.055146273280579017e+01 2.476988299772922986e+01 2.021731762776766317e+01 1.632682345912765953e+01 2.076154312346453779e+01 7.962450093488781633e+00 8.300182735416589352e+00 2.955296802746858376e+01 1.888032421344149370e+01 2.415845220043454233e+01 1.504350087756109033e+01 2.040534519980291250e+01
1.216631058591909387e+01 3.150026403935175878e+01 1.275481288457943307e+01 3.012559990507633501e+01 2.058556525428876327e+01 1.577285421123165499e+01 2.918627675807194066e+01 2.487483413904435992e+01 0.000000000000000000e+00 2.306357351918104470e+01 2.144151859761721113e+01 2.265744933923900817e+01 1.859889153829337261e+01 3.138967397089949785e+01 2.105702429002271714e+01 1.089535888359011118e+01 8.625633693663218082e+00 2.758006338363768961e+01 2.366651461125818656e+01 2.521940747091757729e+01 7.822436824283831136e+00 2.838223134738315068e+01 1.630597379414411563e+01 3.509868861585391642e+01 1.679043752834319392e+01
1.215416964788255960e+01 2.721481972754353507e+01 2.213418469411778489e+01 1.222215694369469752e+01 1.891571522950887640e+01 2.074333061980973625e+01 2.031250119794627906e+01 1.841724961801836002e+01 2.306357351918104470e+01 0.000000000000000000e+00 1.568684945915912188e+01 2.567703974822422452e+01 1.077143999209357972e+01 1.813981323326393280e+01 1.021997871032820271e+01 1.563829722231937680e+01 2.033981128618431811e+01 2.464374393112717598e+01 2.268248692877851980e+01 1.114364343979396033e+01 1.964783518325059575e+01 1.434923755656582500e+01 1.470451129271402024e+01 2.378837174542096733e+01 7.327783126429533667e+00
1.211432121642242521e+01 3.070474994631458898e+01 1.154340460027443882e+01 2.306839101514441737e+01 2.662753066719448825e+01 1.965068303605758260e+01 3.203119998023380077e+01 2.149557684475330532e+01 2.144151859761721113e+01 1.568684945915912188e+01 0.000000000000000000e+00 3.038267021130697998e+01 1.118547608199260601e+01 2.584338207636205809e+01 2.120614440500790110e+01 2.092346424129155125e+01 1.620114756558382041e+01 3.285787431375210588e+01 2.440556002076417741e+01 1.780751680325365527e+01 1.544444183170000429e+01 2.769262407511563495e+01 7.303424643240835401e+00 3.225820878762597488e+01 1.440754920982484499e+01
2.095971379465802897e+01 1.104186150730585858e+01 2.580611306283170947e+01 2.667194484046818914e+01 1.111731222259586715e+01 1.073198717524939738e+01 1.583101262122023734e+01 1.876131527496827545e+01 2.265744933923900817e+01 2.567703974822422452e+01 3.038267021130697998e+01 0.000000000000000000e+00 2.110352757198309703e+01 2.156724897214495229e+01 1.698924652507928457e+01 1.242519915991683455e+01 1.765213708494438194e+01 7.985916444726232299e+00 1.093706930921167242e+01 2.339456637995330013e+01 2.412025191885289388e+01 2.105605852519517285e+01 2.801586570104671736e+01 1.568419240249541957e+01 1.866989980214926703e+01
1.315139613160736332e+01 1.966314427379965224e+01 1.283242445746240712e+01 1.534214093076441365e+01 2.401254237000494385e+01 1.037154039673369610e+01 2.482679520417207186e+01 1.043949158840790759e+01 1.859889153829337261e+01 1.077143999209357972e+01 1.118547608199260601e+01 2.110352757198309703e+01 0.000000000000000000e+00 1.524786048769463243e+01 1.796635877787867841e+01 1.538845751538949536e+01 1.013476882312138017e+01 2.785390824772339613e+01 1.351041328434233257e+01 7.826868481498077124e+00 2.071504141866430615e+01 2.137296187171178374e+01 1.419255514920924455e+01 2.143225891896393165e+01 1.156289216764767325e+01
2.578534312407644080e+01 1.103598801465549961e+01 2.747668754107423794e+01 1.020241666641124745e+01 2.176611431555499721e+01 1.871294949459565515e+01 1.000180006296708513e+01 1.055146273280579017e+01 3.138967397089949785e+01 1.813981323326393280e+01 2.584338207636205809e+01 2.156724897214495229e+01 1.524786048769463243e+01 0.000000000000000000e+00 1.605265041917824931e+01 2.663917543397664289e+01 2.289198081820275021e+01 1.627833227995202492e+01 1.274234003227007506e+01 8.187889345233884342e+00 3.334898841113338364e+01 9.670225099706964755e+00 2.784771254427293741e+01 7.234908740530977767e+00 2.254116753493092062e+01
1.286550358503207825e+01 2.339284689984291532e+01 2.866764580162197262e+01 9.915247909030140860e+00 9.825429756616026467e+00 1.945748171619901612e+01 1.085572738078211152e+01 2.476988299772922986e+01 2.105702429002271714e+01 1.021997871032820271e+01 2.120614440500790110e+01 1.698924652507928457e+01 1.796635877787867841e+01 1.605265041917824931e+01 0.000000000000000000e+00 1.164680002221768262e+01 2.029219468323694642e+01 1.461361677032571649e+01 2.725612781995219080e+01 1.697692962890132762e+01 1.931077386257971185e+01 7.749484274700116693e+00 1.882778473025735622e+01 1.681508862703612905e+01 7.002468438974224441e+00
9.051767331021581597e+00 2.263621140507454044e+01 1.721530177376160609e+01 2.077451654554549876e+01 9.711674911436240620e+00 8.992888990570349961e+00 1.909981005028556567e+01 2.021731762776766317e+01 1.089535888359011118e+01 1.563829722231937680e+01 2.092346424129155125e+01 1.242519915991683455e+01 1.538845751538949536e+01 2.663917543397664289e+01 1.164680002221768262e+01 0.000000000000000000e+00 8.648724326291656439e+00 1.669830035658241485e+01 1.705135282878213587e+01 2.088228460565768430e+01 1.169844232296368780e+01 1.880664514056440595e+01 1.601187802550981942e+01 2.422479827300139377e+01 8.393542438685935636e+00
1.402032561865386207e+01 2.391687496948370395e+01 8.566577447469947870e+00 2.448651485924027327e+01 1.779026043750453212e+01 8.491235782636904261e+00 2.708734174269355677e+01 1.632682345912765953e+01 8.625633693663218082e+00 2.033981128618431811e+01 1.620114756558382041e+01 1.765213708494438194e+01 1.013476882312138017e+01 2.289198081820275021e+01 2.029219468323694642e+01 8.648724326291656439e+00 0.000000000000000000e+00 2.390909826199935395e+01 1.608619812671068772e+01 1.672171431822082255e+01 1.368898017142806189e+01 2.745203980158365908e+01 2.055819310037278314e+01 2.738517737214920444e+01 1.645295077614639467e+01
2.292919677160258374e+01 8.829568272902537984e+00 3.247567570946930005e+01 2.047981836065608618e+01 1.111479412312712434e+01 1.871790361997562968e+01 8.026689496009421276e+00 2.076154312346453779e+01 2.758006338363768961e+01 2.464374393112717598e+01 3.285787431375210588e+01 7.985916444726232299e+00 2.785390824772339613e+01 1.627833227995202492e+01 1.461361677032571649e+01 1.669830035658241485e+01 2.390909826199935395e+01 0.000000000000000000e+00 1.612380934220563589e+01 2.423712397704119681e+01 2.806914687421355126e+01 1.528470960182991689e+01 2.962875821452498215e+01 9.265232860407550675e+00 1.876645300611086142e+01
2.568143131108543642e+01 7.854707533457072621e+00 2.262669808443524389e+01 1.995062883334434645e+01 2.144283782670251171e+01 8.058463838211789465e+00 2.057068271099045731e+01 7.962450093488781633e+00 2.366651461125818656e+01 2.268248692877851980e+01 2.440556002076417741e+01 1.093706930921167242e+01 1.351041328434233257e+01 1.274234003227007506e+01 2.725612781995219080e+01 1.705135282878213587e+01 1.608619812671068772e+01 1.612380934220563589e+01 0.000000000000000000e+00 1.253807917698968311e+01 2.681800868554263317e+01 2.211802837547517697e+01 2.765452938229351432e+01 1.361974184758133966e+01 2.431585159465208790e+01
1.765409636654448278e+01 1.646502565074126068e+01 2.059805277092709730e+01 8.339892975584747958e+00 2.658165774979024931e+01 1.367608144614301047e+01 1.716792162148565737e+01 8.300182735416589352e+00 2.521940747091757729e+01 1.114364343979396033e+01 1.780751680325365527e+01 2.339456637995330013e+01 7.826868481498077124e+00 8.187889345233884342e+00 1.697692962890132762e+01 2.088228460565768430e+01 1.672171431822082255e+01 2.423712397704119681e+01 1.253807917698968311e+01 0.000000000000000000e+00 2.521774165360142561e+01 1.390882706814200453e+01 1.971646578674097583e+01 1.525150660217478737e+01 1.540368045541172748e+01
7.867773637341604065e+00 3.390923295224065726e+01 1.918851794047418480e+01 2.813844851995629170e+01 2.107464874486463557e+01 1.875954484733084726e+01 2.867358985617913447e+01 2.955296802746858376e+01 7.822436824283831136e+00 1.964783518325059575e+01 1.544444183170000429e+01 2.412025191885289388e+01 2.071504141866430615e+01 3.334898841113338364e+01 1.931077386257971185e+01 1.169844232296368780e+01 1.368898017142806189e+01 2.806914687421355126e+01 2.681800868554263317e+01 2.521774165360142561e+01 0.000000000000000000e+00 2.702429479347273045e+01 9.247411619452840625e+00 3.490639425048402700e+01 1.392494195531437562e+01
2.056457490968056945e+01 1.879774357685595376e+01 3.417821360625191573e+01 7.851006765748817173e+00 1.443453034668845625e+01 2.642408559237687626e+01 7.689894281001481424e+00 1.888032421344149370e+01 2.838223134738315068e+01 1.434923755656582500e+01 2.769262407511563495e+01 2.105605852519517285e+01 2.137296187171178374e+01 9.670225099706964755e+00 7.749484274700116693e+00 1.880664514056440595e+01 2.745203980158365908e+01 1.528470960182991689e+01 2.211802837547517697e+01 1.390882706814200453e+01 2.702429479347273045e+01 0.000000000000000000e+00 2.584618526112139136e+01 1.148929051116165745e+01 1.460484598236013731e+01
7.165810940552765018e+00 3.334136851448668182e+01 1.757881223420681138e+01 2.347258546979359650e+01 2.332369909288732757e+01 2.391315619385375513e+01 2.928498816048166375e+01 2.415845220043454233e+01 1.630597379414411563e+01 1.470451129271402024e+01 7.303424643240835401e+00 2.801586570104671736e+01 1.419255514920924455e+01 2.784771254427293741e+01 1.882778473025735622e+01 1.601187802550981942e+01 2.055819310037278314e+01 2.962875821452498215e+01 2.765452938229351432e+01 1.971646578674097583e+01 9.247411619452840625e+00 2.584618526112139136e+01 0.000000000000000000e+00 3.460995241956009494e+01 1.185222461753895828e+01
2.901251325930724434e+01 7.338827789734834184e+00 3.354731393593689859e+01 1.463948151249618235e+01 1.826523330233202813e+01 2.167820568579312734e+01 7.007199810473670354e+00 1.504350087756109033e+01 3.509868861585391642e+01 2.378837174542096733e+01 3.225820878762597488e+01 1.568419240249541957e+01 2.143225891896393165e+01 7.234908740530977767e+00 1.681508862703612905e+01 2.422479827300139377e+01 2.738517737214920444e+01 9.265232860407550675e+00 1.361974184758133966e+01 1.525150660217478737e+01 3.490639425048402700e+01 1.148929051116165745e+01 3.460995241956009494e+01 0.000000000000000000e+00 2.381755706601035527e+01
6.882392727820964673e+00 2.722937001930858614e+01 2.204712127568005187e+01 1.468378708526024745e+01 1.254911275825701189e+01 1.738643142925628027e+01 1.785819581975633952e+01 2.040534519980291250e+01 1.679043752834319392e+01 7.327783126429533667e+00 1.440754920982484499e+01 1.866989980214926703e+01 1.156289216764767325e+01 2.254116753493092062e+01 7.002468438974224441e+00 8.393542438685935636e+00 1.645295077614639467e+01 1.876645300611086142e+01 2.431585159465208790e+01 1.540368045541172748e+01 1.392494195531437562e+01 1.460484598236013731e+01 1.185222461753895828e+01 2.381755706601035527e+01 0.000000000000000000e+00
