0.000000000000000000e+00 3.117929553513546281e+01 2.103469678825978306e+01 2.050459685837770607e+01 1.645968238986881715e+01 1.535995468494171590e+01 2.278368554152683245e+01 1.259994466247976774e+01 1.220997848038515166e+01 2.262241522544873007e+01 1.210921941091045717e+01 2.099217403849986852e+01 1.359411763716352262e+01 2.494473810769522260e+01 1.142186273130124974e+01 8.528178178303313928e+00 1.608250149183689004e+01 2.492662984863327225e+01 1.405879483149698750e+01 1.930075477319869037e+01 7.877974991306885499e+00 7.085716478957936104e+00 1.884461979510241036e+01 2.935830221363284664e+01 6.895664496534555710e+00
3.117929553513546281e+01 0.000000000000000000e+00 3.026820370366638357e+01 2.063920204918581547e+01 1.631274493743511655e+01 1.963292101253089683e+01 1.333908020227208269e+01 2.635263708731699950e+01 3.131893048259160039e+01 1.253512318248945157e+01 3.051412329952508173e+01 1.134158489945651560e+01 2.004331316632824311e+01 1.116148575014938160e+01 2.406228444358271901e+01 2.294108888342421082e+01 1.790200351051998240e+01 8.341030064383526010e+00 2.372695502138623525e+01 2.000896107297340265e+01 3.376532316339120143e+01 3.351548395271570513e+01 1.298054048305501951e+01 7.049261508700878309e+00 2.456401086147272039e+01
2.103469678825978306e+01 3.026820370366638357e+01 0.000000000000000000e+00 2.910579090586413997e+01 1.628909588000655617e+01 2.694482412691699835e+01 2.232906775870377203e+01 2.259568899600253644e+01 1.275294528544055161e+01 3.530865537168883606e+01 1.157271441009893564e+01 2.704675681046082403e+01 1.153397745429560750e+01 2.657937820443509480e+01 2.713857475265509223e+01 1.887822892931045970e+01 2.040147234371105611e+01 2.212789208524440454e+01 8.566673631341926054e+00 3.444820200815180300e+01 1.920190169609627162e+01 1.810724324879896940e+01 2.931598349413794224e+01 3.254791687253739241e+01 1.598362265379361347e+01
2.050459685837770607e+01 2.063920204918581547e+01 2.910579090586413997e+01 0.000000000000000000e+00 2.468369615826176044e+01 1.758726369696951863e+01 1.742911007114378208e+01 1.258624920642779799e+01 2.911390935255580814e+01 1.220525781043289903e+01 2.399451338601655337e+01 2.293677621812881284e+01 1.757181345156852359e+01 1.043247653062920932e+01 9.456469650207470323e+00 1.810926616936120226e+01 8.704318562153087413e+00 2.116680374021730771e+01 2.545008528817223592e+01 7.915692179753715862e+00 2.716315472478104454e+01 2.475609583463486985e+01 1.682418270808134864e+01 1.381379148931905654e+01 1.584466472425186723e+01
1.645968238986881715e+01 1.631274493743511655e+01 1.628909588000655617e+01 2.468369615826176044e+01 0.000000000000000000e+00 1.533801725314440034e+01 1.362227938018335216e+01 2.260286256889506618e+01 1.513842814982010943e+01 2.317492021106612654e+01 2.094959966017194120e+01 1.139670143290064352e+01 1.123302897824420477e+01 1.984982879464367755e+01 1.694596965282472212e+01 8.953887773927762694e+00 1.605716153626772424e+01 8.694811189710755173e+00 8.264702251468584393e+00 2.334900074935600145e+01 1.774712909785172243e+01 2.333261447851059245e+01 1.647224274301990832e+01 2.235989231138596267e+01 1.802761838985370701e+01
1.535995468494171590e+01 1.963292101253089683e+01 2.694482412691699835e+01 1.758726369696951863e+01 1.533801725314440034e+01 0.000000000000000000e+00 2.877145709566818610e+01 1.836131023054859313e+01 2.072205931198182682e+01 1.261194731058727569e+01 2.545398736010960761e+01 1.105311716958307677e+01 2.356202980984111406e+01 2.100057274580669997e+01 9.265626507473164963e+00 8.887521101132255907e+00 2.354653658431359275e+01 2.168082355696832408e+01 1.837815049557508118e+01 1.272199991032324817e+01 2.091311544994926308e+01 2.214445960078781539e+01 7.556061021405689360e+00 1.878321675529270252e+01 1.752541767245598336e+01
2.278368554152683245e+01 1.333908020227208269e+01 2.232906775870377203e+01 1.742911007114378208e+01 1.362227938018335216e+01 2.877145709566818610e+01 0.000000000000000000e+00 1.858291525253386212e+01 2.426102901426761704e+01 2.120355580350625502e+01 2.174953089898697556e+01 2.103217322853334537e+01 1.136283835345844295e+01 1.087602587202894355e+01 2.434043804018197577e+01 2.086118440995977963e+01 1.025947727414441779e+01 8.782680278222159131e+00 1.585272560353201143e+01 2.051341940956483256e+01 2.895857829677369821e+01 2.477826324314152373e+01 2.558979645797553459e+01 1.510322021820420346e+01 1.588802104499228207e+01
1.259994466247976774e+01 2.635263708731699950e+01 2.259568899600253644e+01 1.258624920642779799e+01 2.260286256889506618e+01 1.836131023054859313e+01 1.858291525253386212e+01 0.000000000000000000e+00 2.364179699197131512e+01 2.003603299964051487e+01 1.614747418415470648e+01 2.512957048472964772e+01 1.205170531057575012e+01 1.644880207452642651e+01 9.342918692105683931e+00 1.531799264670149974e+01 8.484377907238425109e+00 2.277951476375414330e+01 2.081385677219612873e+01 1.523082920950217378e+01 2.018676972883705290e+01 1.540568334148615115e+01 2.026302199079611910e+01 2.330779009702674998e+01 7.097158034983675812e+00
1.220997848038515166e+01 3.131893048259160039e+01 1.275294528544055161e+01 2.911390935255580814e+01 1.513842814982010943e+01 2.072205931198182682e+01 2.426102901426761704e+01 2.364179699197131512e+01 0.000000000000000000e+00 2.904416485038958129e+01 2.146704033968901015e+01 2.322932504225852668e+01 1.732640192227269083e+01 3.048691715332205376e+01 1.984946674781138398e+01 1.183453821084956914e+01 2.523068107874826183e+01 2.310975746955401533e+01 8.616108198284980091e+00 2.696424909859846153e+01 7.838922190665614131e+00 1.610300250768506203e+01 2.383516365830852735e+01 3.452833500695781765e+01 1.904436726408308544e+01
2.262241522544873007e+01 1.253512318248945157e+01 3.530865537168883606e+01 1.220525781043289903e+01 2.317492021106612654e+01 1.261194731058727569e+01 2.120355580350625502e+01 2.003603299964051487e+01 2.904416485038958129e+01 0.000000000000000000e+00 3.193671051946776274e+01 1.305322238382825617e+01 2.555024189509914478e+01 1.047569383590421488e+01 1.232973703569702195e+01 1.778182597654572206e+01 1.749412872042669775e+01 2.053480525188381378e+01 2.674198174034691178e+01 8.353489512285671381e+00 2.858609323904438781e+01 2.922996690188282543e+01 6.995927817085641820e+00 7.127282218015526638e+00 2.345896737026490086e+01
1.210921941091045717e+01 3.051412329952508173e+01 1.157271441009893564e+01 2.399451338601655337e+01 2.094959966017194120e+01 2.545398736010960761e+01 2.174953089898697556e+01 1.614747418415470648e+01 2.146704033968901015e+01 3.193671051946776274e+01 0.000000000000000000e+00 3.194165003381827361e+01 1.084255151145754148e+01 2.491366463708316559e+01 1.960697348377073723e+01 2.003417927234680107e+01 1.667084221234103936e+01 2.425736780414501936e+01 1.622955121177070481e+01 2.760642566835352696e+01 1.545794728747109126e+01 7.809925756336765446e+00 2.873821794895403414e+01 3.124449897685905242e+01 9.189205517764099440e+00
2.099217403849986852e+01 1.134158489945651560e+01 2.704675681046082403e+01 2.293677621812881284e+01 1.139670143290064352e+01 1.105311716958307677e+01 2.103217322853334537e+01 2.512957048472964772e+01 2.322932504225852668e+01 1.305322238382825617e+01 3.194165003381827361e+01 0.000000000000000000e+00 2.251641774006117203e+01 2.149963200950560704e+01 1.595181425894070060e+01 1.246399586019655281e+01 2.663632162604463716e+01 1.225991593462484452e+01 1.885112872403115958e+01 1.775036542469016609e+01 2.425114961168267769e+01 2.796633351833628112e+01 6.870253694734301142e+00 1.475571970224002527e+01 2.407172995581577979e+01
1.359411763716352262e+01 2.004331316632824311e+01 1.153397745429560750e+01 1.757181345156852359e+01 1.123302897824420477e+01 2.356202980984111406e+01 1.136283835345844295e+01 1.205170531057575012e+01 1.732640192227269083e+01 2.555024189509914478e+01 1.084255151145754148e+01 2.251641774006117203e+01 0.000000000000000000e+00 1.532134062005529884e+01 1.719484809178432627e+01 1.642348555823378931e+01 8.867494889415439729e+00 1.351784202053168116e+01 8.926998117317978654e+00 2.297702647469006365e+01 2.116898035731818695e+01 1.465091644436416374e+01 2.679537210557917604e+01 2.128987928815760355e+01 6.794589411609502250e+00
2.494473810769522260e+01 1.116148575014938160e+01 2.657937820443509480e+01 1.043247653062920932e+01 1.984982879464367755e+01 2.100057274580669997e+01 1.087602587202894355e+01 1.644880207452642651e+01 3.048691715332205376e+01 1.047569383590421488e+01 2.491366463708316559e+01 2.149963200950560704e+01 1.532134062005529884e+01 0.000000000000000000e+00 1.643945453489455844e+01 2.445350104388559487e+01 8.877395696021443072e+00 1.297118453489826351e+01 2.200200280059294400e+01 1.090753978705522442e+01 3.251960082784988515e+01 2.725806548827291564e+01 1.688457106481317993e+01 6.858988022500322579e+00 1.820104064292199908e+01
1.142186273130124974e+01 2.406228444358271901e+01 2.713857475265509223e+01 9.456469650207470323e+00 1.694596965282472212e+01 9.265626507473164963e+00 2.434043804018197577e+01 9.342918692105683931e+00 1.984946674781138398e+01 1.232973703569702195e+01 1.960697348377073723e+01 1.595181425894070060e+01 1.719484809178432627e+01 1.643945453489455844e+01 0.000000000000000000e+00 8.817837925445253688e+00 1.474279510173073682e+01 2.554553695426040605e+01 1.912939322341379267e+01 8.166130492851646494e+00 1.791042027363707234e+01 1.732827629897006005e+01 1.122237389908870142e+01 1.837819080419112794e+01 1.134686930255850790e+01
8.528178178303313928e+00 2.294108888342421082e+01 1.887822892931045970e+01 1.810926616936120226e+01 8.953887773927762694e+00 8.887521101132255907e+00 2.086118440995977963e+01 1.531799264670149974e+01 1.183453821084956914e+01 1.778182597654572206e+01 2.003417927234680107e+01 1.246399586019655281e+01 1.642348555823378931e+01 2.445350104388559487e+01 8.817837925445253688e+00 0.000000000000000000e+00 2.031678467223696316e+01 1.742083523269220890e+01 1.031155529796853365e+01 1.573114251100502869e+01 1.229740070764850479e+01 1.550233765813972475e+01 1.211274818856286650e+01 2.377525993808347593e+01 1.267538883903048230e+01
1.608250149183689004e+01 1.790200351051998240e+01 2.040147234371105611e+01 8.704318562153087413e+00 1.605716153626772424e+01 2.354653658431359275e+01 1.025947727414441779e+01 8.484377907238425109e+00 2.523068107874826183e+01 1.749412872042669775e+01 1.667084221234103936e+01 2.663632162604463716e+01 8.867494889415439729e+00 8.877395696021443072e+00 1.474279510173073682e+01 2.031678467223696316e+01 0.000000000000000000e+00 1.444976432916026887e+01 1.674576672601915206e+01 1.419991885636220097e+01 2.365736421199156680e+01 1.839582887241459019e+01 2.308634443743989451e+01 1.568926224440281558e+01 9.338804027063671853e+00
2.492662984863327225e+01 8.341030064383526010e+00 2.212789208524440454e+01 2.116680374021730771e+01 8.694811189710755173e+00 2.168082355696832408e+01 8.782680278222159131e+00 2.277951476375414330e+01 2.310975746955401533e+01 2.053480525188381378e+01 2.425736780414501936e+01 1.225991593462484452e+01 1.351784202053168116e+01 1.297118453489826351e+01 2.554553695426040605e+01 1.742083523269220890e+01 1.444976432916026887e+01 0.000000000000000000e+00 1.558664340296424911e+01 2.365742167719763245e+01 2.609421379379968187e+01 2.794661465934836286e+01 1.897690971887319478e+01 1.378904065614541707e+01 1.951549354918552837e+01
1.405879483149698750e+01 2.372695502138623525e+01 8.566673631341926054e+00 2.545008528817223592e+01 8.264702251468584393e+00 1.837815049557508118e+01 1.585272560353201143e+01 2.081385677219612873e+01 8.616108198284980091e+00 2.674198174034691178e+01 1.622955121177070481e+01 1.885112872403115958e+01 8.926998117317978654e+00 2.200200280059294400e+01 1.912939322341379267e+01 1.031155529796853365e+01 1.674576672601915206e+01 1.558664340296424911e+01 0.000000000000000000e+00 2.604269780897356412e+01 1.369972074466583756e+01 2.034969575761896010e+01 2.074930986279601441e+01 2.636739655915613056e+01 1.471020343686868870e+01
1.930075477319869037e+01 2.000896107297340265e+01 3.444820200815180300e+01 7.915692179753715862e+00 2.334900074935600145e+01 1.272199991032324817e+01 2.051341940956483256e+01 1.523082920950217378e+01 2.696424909859846153e+01 8.353489512285671381e+00 2.760642566835352696e+01 1.775036542469016609e+01 2.297702647469006365e+01 1.090753978705522442e+01 8.166130492851646494e+00 1.573114251100502869e+01 1.419991885636220097e+01 2.365742167719763245e+01 2.604269780897356412e+01 0.000000000000000000e+00 2.572034168600812265e+01 2.536710081400871886e+01 1.143249967930504063e+01 1.302457138216526111e+01 1.878208822150724799e+01
7.877974991306885499e+00 3.376532316339120143e+01 1.920190169609627162e+01 2.716315472478104454e+01 1.774712909785172243e+01 2.091311544994926308e+01 2.895857829677369821e+01 2.018676972883705290e+01 7.838922190665614131e+00 2.858609323904438781e+01 1.545794728747109126e+01 2.425114961168267769e+01 2.116898035731818695e+01 3.251960082784988515e+01 1.791042027363707234e+01 1.229740070764850479e+01 2.365736421199156680e+01 2.609421379379968187e+01 1.369972074466583756e+01 2.572034168600812265e+01 0.000000000000000000e+00 8.854506180120829129e+00 2.433297365209458718e+01 3.531218490880890215e+01 1.447052721668922537e+01
7.085716478957936104e+00 3.351548395271570513e+01 1.810724324879896940e+01 2.475609583463486985e+01 2.333261447851059245e+01 2.214445960078781539e+01 2.477826324314152373e+01 1.540568334148615115e+01 1.610300250768506203e+01 2.922996690188282543e+01 7.809925756336765446e+00 2.796633351833628112e+01 1.465091644436416374e+01 2.725806548827291564e+01 1.732827629897006005e+01 1.550233765813972475e+01 1.839582887241459019e+01 2.794661465934836286e+01 2.034969575761896010e+01 2.536710081400871886e+01 8.854506180120829129e+00 0.000000000000000000e+00 2.558263891854419114e+01 3.392190829812188468e+01 9.208991877112255864e+00
1.884461979510241036e+01 1.298054048305501951e+01 2.931598349413794224e+01 1.682418270808134864e+01 1.647224274301990832e+01 7.556061021405689360e+00 2.558979645797553459e+01 2.026302199079611910e+01 2.383516365830852735e+01 6.995927817085641820e+00 2.873821794895403414e+01 6.870253694734301142e+00 2.679537210557917604e+01 1.688457106481317993e+01 1.122237389908870142e+01 1.211274818856286650e+01 2.308634443743989451e+01 1.897690971887319478e+01 2.074930986279601441e+01 1.143249967930504063e+01 2.433297365209458718e+01 2.558263891854419114e+01 0.000000000000000000e+00 1.228245600285234573e+01 2.078774082283169022e+01
2.935830221363284664e+01 7.049261508700878309e+00 3.254791687253739241e+01 1.381379148931905654e+01 2.235989231138596267e+01 1.878321675529270252e+01 1.510322021820420346e+01 2.330779009702674998e+01 3.452833500695781765e+01 7.127282218015526638e+00 3.124449897685905242e+01 1.475571970224002527e+01 2.128987928815760355e+01 6.858988022500322579e+00 1.837819080419112794e+01 2.377525993808347593e+01 1.568926224440281558e+01 1.378904065614541707e+01 2.636739655915613056e+01 1.302457138216526111e+01 3.531218490880890215e+01 3.392190829812188468e+01 1.228245600285234573e+01 0.000000000000000000e+00 2.480169029121656621e+01
6.895664496534555710e+00 2.456401086147272039e+01 1.598362265379361347e+01 1.584466472425186723e+01 1.802761838985370701e+01 1.752541767245598336e+01 1.588802104499228207e+01 7.097158034983675812e+00 1.904436726408308544e+01 2.345896737026490086e+01 9.189205517764099440e+00 2.407172995581577979e+01 6.794589411609502250e+00 1.820104064292199908e+01 1.134686930255850790e+01 1.267538883903048230e+01 9.338804027063671853e+00 1.951549354918552837e+01 1.471020343686868870e+01 1.878208822150724799e+01 1.447052721668922537e+01 9.208991877112255864e+00 2.078774082283169022e+01 2.480169029121656621e+01 0.000000000000000000e+00
