0.000000000000000000e+00 1.738708331355896419e+00 1.209785479641006356e+00 1.530983830095105080e+00 9.980930203327801342e-01 1.164507334654245607e+00 8.860496657737843007e-01 1.196936774564772099e+00 1.518783948799223404e+00 7.771926425129874749e-01 7.003596479739514491e-01 1.003164094825808705e+00 5.679583101873761919e-01 1.472384769319452280e+00 8.926216263509242355e-01 6.282642067229479155e-01 4.877033296802358864e-01 1.220291378219525713e+00 6.611551643579287596e-01 7.697453789027814963e-01 1.184272245359158982e+00 8.287194828600765728e-01 8.012800621829696546e-01 1.309602400459375593e+00 1.308850577750005240e+00 9.188870448460189078e-01 1.416425341565240359e+00 7.281310017908548815e-01 1.493903590918174817e+00 6.348798581780918937e-01 1.000183635871392474e+00 3.148350128417783944e-01 8.161358556414545218e-01 7.035344413288430188e-01 5.368170453027277800e-01 1.427430827134796409e+00 1.116857685255540078e+00 5.330564558568973155e-01 6.515906726942959359e-01 1.054060208090460193e+00 1.291822759447711189e+00 1.038228307687168783e+00 1.012774867914683741e+00 9.972849354270698630e-01 1.076067463972934846e+00 8.499199292123831295e-01 4.938623025754368401e-01 1.312434030078648783e+00 7.649113938484009001e-01 1.412448723943328543e+00 1.354812744034802341e+00 8.570237748027405011e-01 9.031125003449841371e-01 7.344766316553485996e-01 4.910045459150172431e-01 1.278610696180388251e+00 1.231878977574353939e+00 8.334554582282056590e-01 4.848714452687536425e-01 1.019298480169988474e+00 7.579959302875267646e-01 5.637075174495685959e-01 1.431761964450560809e+00 1.063529528403994062e+00 1.709710161758782876e-01 1.287753441567996315e+00 1.207188632643920068e+00 1.136300827385943180e+00 1.012640589997047647e+00 8.327299957090656957e-01 1.029137211610907432e+00 3.919109331230105631e-01 1.331821486143061950e+00 6.523891214771322389e-01 6.846504326403747287e-01
1.738708331355896419e+00 0.000000000000000000e+00 1.415845502758626084e+00 1.014817348433181721e+00 1.629536815227360824e+00 1.416001437281298347e+00 1.480676140312457978e+00 8.760271429831133494e-01 9.275121186741979162e-01 1.969800445571391778e+00 1.830290017339156750e+00 8.752209685821380480e-01 1.441624287768741741e+00 5.229380659067524029e-01 1.271618518767429595e+00 1.292084505422435026e+00 1.680186370987266198e+00 5.502532085596323341e-01 1.341538545399757032e+00 1.459053665730921212e+00 8.999413742462489818e-01 9.407542941524040803e-01 1.152090002294425819e+00 6.259111524986568087e-01 7.336127105162187911e-01 1.064263499581768579e+00 5.979965052242459667e-01 1.512996023707016802e+00 2.783318743891902147e-01 1.400076703194625738e+00 1.116616242264489633e+00 1.433447546385454574e+00 1.377330370312842556e+00 1.229854353961945757e+00 1.534812350329437303e+00 7.020722409114650286e-01 1.070231514923401850e+00 1.728642192734511029e+00 1.222530737233076925e+00 7.763248345890035873e-01 7.838661470286417687e-01 7.130551109024960699e-01 1.278566982679384179e+00 1.199036219936281400e+00 7.642965025881065522e-01 1.151975746370728748e+00 1.620537571590708215e+00 7.173571912836812503e-01 9.954499042650101215e-01 4.649245471208506286e-01 4.357392765289849756e-01 1.564509420581170041e+00 1.015403971443628262e+00 1.433657891013518926e+00 1.395032806916129964e+00 8.852923453005944188e-01 7.383393398530316842e-01 1.445333256275191269e+00 1.263553283370837832e+00 9.453178672929744009e-01 1.352661209660196873e+00 1.388934817548687972e+00 8.648321125403090059e-01 1.276439662672203657e+00 1.579657051670835255e+00 5.675359397972903341e-01 5.926681777819666763e-01 7.753209669689804517e-01 1.297758578545597841e+00 1.283769890623981835e+00 1.035864883291377048e+00 1.564788176045956325e+00 7.229540805800365177e-01 1.426336758341543387e+00 1.078595855566405692e+00
1.209785479641006356e+00 1.415845502758626084e+00 0.000000000000000000e+00 1.084928879724125661e+00 1.026465442402469508e+00 9.134467660197536087e-01 1.057514027143692914e+00 8.727885724972680448e-01 1.150764206817248780e+00 1.428788737172256074e+00 1.204122746637566133e+00 6.836277532087127184e-01 8.152561285247661438e-01 1.036403341632653241e+00 5.123535228808450137e-01 9.770111696737147078e-01 1.107039982756798935e+00 1.092621253182117114e+00 8.223630921202664812e-01 7.903664973613544475e-01 6.695947886554055595e-01 8.752397627530122959e-01 6.015065835739813460e-01 9.401748204776182449e-01 8.634098547290858239e-01 3.542434152706234740e-01 1.140519575093455140e+00 8.443088553374502592e-01 1.168572649921239659e+00 8.755852635901730796e-01 7.433692971508707448e-01 9.089561067810015826e-01 8.066717432663779164e-01 8.421573440067768868e-01 9.026747283291622903e-01 9.127715253029901055e-01 6.022842201209416269e-01 1.196439610202626902e+00 5.673345745519167149e-01 9.870492701443511763e-01 9.216153979170592647e-01 8.763113177455605918e-01 2.388961841322001789e-01 7.048723698020933348e-01 6.515490001705198653e-01 8.280747470040987768e-01 1.003862597946500568e+00 8.342780661563709010e-01 7.120339490238105640e-01 1.229016400738139891e+00 1.018710252463788768e+00 8.958222522116023878e-01 5.625712903757336125e-01 9.097915447443892800e-01 9.173655024677553893e-01 7.831164068123563915e-01 1.070348273173133524e+00 9.788871634476702388e-01 7.390618437663858398e-01 8.802628134102057356e-01 1.012187215833589393e+00 7.301892853497069513e-01 9.854980029651272400e-01 1.708968701867882023e-01 1.050211567504686805e+00 8.697091872290645398e-01 9.659262740869116737e-01 7.878614049445402667e-01 7.634800934167462749e-01 6.841062277458528351e-01 5.140314866648610925e-01 1.041566774349789615e+00 1.002245555679101896e+00 9.210630167062404672e-01 7.579202307340890954e-01
1.530983830095105080e+00 1.014817348433181721e+00 1.084928879724125661e+00 0.000000000000000000e+00 1.394951388348105503e+00 1.120141491035898884e+00 1.371322132890607781e+00 8.946035492430466363e-01 8.077307352375470151e-01 1.762075944310601994e+00 1.548015109049992954e+00 6.453876280608042970e-01 1.151779141501829917e+00 5.486748144582628273e-01 9.419089839587482249e-01 1.289821305278535224e+00 1.456741221581857815e+00 8.662661581366694064e-01 1.139130030463927801e+00 1.154551858557231192e+00 5.209928572654142220e-01 9.990096316181920066e-01 8.600856635947168316e-01 5.691288418438585905e-01 2.889255297862377003e-01 7.333468765472678230e-01 7.849537385697198388e-01 1.208494216533327226e+00 7.674382356634378288e-01 1.192352201933834621e+00 9.953728908966126276e-01 1.225723045124663901e+00 1.175464224467159147e+00 1.155886213302850907e+00 1.254546803456315640e+00 6.283931495529694322e-01 7.642584152731999314e-01 1.520917691473720135e+00 9.203958998678265502e-01 9.766790363519325391e-01 5.909957283030459196e-01 7.647171328442582405e-01 9.526538636126584692e-01 9.035753512601882864e-01 4.571142974437290007e-01 1.188432933685502402e+00 1.346216364567055512e+00 4.018913479887439300e-01 8.737375779214732185e-01 7.926253505884386374e-01 6.309030097710667251e-01 1.260007613407480020e+00 7.220559864100357661e-01 1.226558483088051599e+00 1.234132440811417375e+00 6.742248070741994059e-01 9.454357774169488415e-01 1.348825954317893538e+00 1.055828782110047159e+00 1.072241843637831149e+00 1.325593912727496937e+00 1.088176744261406093e+00 1.709936626349033151e-01 9.455230396377030111e-01 1.371932550410044804e+00 4.513913554991857424e-01 7.205536134398843329e-01 5.477970616448467611e-01 1.000522355015923015e+00 1.066025078849552887e+00 6.614129175174776609e-01 1.358333712693451822e+00 7.868293869126978812e-01 1.285248377902117323e+00 1.041973741183049640e+00
9.980930203327801342e-01 1.629536815227360824e+00 1.026465442402469508e+00 1.394951388348105503e+00 0.000000000000000000e+00 1.073373047804192071e+00 9.243159834674329334e-01 8.775213092977393048e-01 1.395134639588063497e+00 1.133275402340392146e+00 9.076992898065029403e-01 9.078277101839175023e-01 6.247242225207955135e-01 1.340686571406507044e+00 6.076072448013122296e-01 4.769465019618120416e-01 8.044768015554010221e-01 1.082367573083202750e+00 7.300592311719323879e-01 3.928753993145256418e-01 1.013298326232507263e+00 6.887825210749565219e-01 7.118164096587598078e-01 1.185953091248215685e+00 1.172818136003005884e+00 7.473493768826485750e-01 1.147744153738070594e+00 2.832716471304693728e-01 1.384732074789639444e+00 7.397921756033819518e-01 6.306582562026757932e-01 7.508826334835689842e-01 2.713075781579906698e-01 6.946197827572716532e-01 5.557162370451163014e-01 1.118735455857327254e+00 7.976319818146275775e-01 9.095004182965512607e-01 4.769311557937174761e-01 8.765204064961582553e-01 1.168173450236552391e+00 9.806685857841866971e-01 8.087804186611007307e-01 8.865201439063336020e-01 9.414290343189556376e-01 4.927232505511088823e-01 7.080588154800055989e-01 1.170885379922615988e+00 7.333083265284778829e-01 1.236566007812639034e+00 1.291493031592509055e+00 2.031979867905207016e-01 7.794631911338245622e-01 8.151643868953485361e-01 6.669874128757736775e-01 9.510951449312844419e-01 9.631977897471839523e-01 2.303826461156299188e-01 6.234758074389684657e-01 7.363971954955130794e-01 7.181576877935634817e-01 4.383342631577118453e-01 1.295729522703560788e+00 8.786942114264784109e-01 8.409198049601284142e-01 1.156055243655051079e+00 1.145032316387176730e+00 1.012651518174783716e+00 9.157250903259223085e-01 4.950338125859416460e-01 8.595890357763193990e-01 6.933301870374168896e-01 1.031203975211714585e+00 4.006283127889727624e-01 6.220653759590102361e-01
1.164507334654245607e+00 1.416001437281298347e+00 9.134467660197536087e-01 1.120141491035898884e+00 1.073373047804192071e+00 0.000000000000000000e+00 1.000939364125238873e+00 1.063774309027578413e+00 1.095610487783244880e+00 1.395599448869743187e+00 1.220789964900856672e+00 5.949577968281937190e-01 8.211764726671225700e-01 1.059099777153543309e+00 6.933782451008213554e-01 9.261703990890579608e-01 1.105985374285616718e+00 9.815449549201110679e-01 7.718405549682049172e-01 8.329648205083183266e-01 7.940773558371729823e-01 7.549389760332133603e-01 3.677299615704108238e-01 8.763986719407367287e-01 8.980082386907992653e-01 5.914310302229387473e-01 1.218476597717166543e+00 8.869071784844143602e-01 1.168728584443911034e+00 8.258757064929754810e-01 9.358135774256480799e-01 8.592465496838047612e-01 8.544005192430897955e-01 7.800289773150983486e-01 9.273216593071793579e-01 1.020725706983209191e+00 7.981746768384953006e-01 1.154441196032860883e+00 5.964418920104743727e-01 8.707899665076468398e-01 8.701698302568317001e-01 7.600520141088563664e-01 7.459539838935252964e-01 2.184451590635357321e-01 6.659414372718363007e-01 8.598892458508167191e-01 1.018991220417920118e+00 9.023080033775506825e-01 5.554544004587524952e-01 1.152655157036604594e+00 1.015228494615213695e+00 9.384205753585669330e-01 4.056909645335528003e-01 8.600819876471924585e-01 8.676559453705582348e-01 9.239762486278002562e-01 1.049331911116813343e+00 1.028507203748952881e+00 6.893522866691884632e-01 9.127964293111219263e-01 9.472662156741804562e-01 7.609753188155462533e-01 1.020919625391353946e+00 7.714765323868957303e-01 1.005456054969185553e+00 8.744684494020876775e-01 8.752114446939236458e-01 7.026960545610119180e-01 1.649283595556089166e-01 7.688453140094714255e-01 6.909813563666529213e-01 9.918572172525929043e-01 1.140038207236731660e+00 9.594626500217598997e-01 6.828775802509842174e-01
8.860496657737843007e-01 1.480676140312457978e+00 1.057514027143692914e+00 1.371322132890607781e+00 9.243159834674329334e-01 1.000939364125238873e+00 0.000000000000000000e+00 9.098592988803678727e-01 1.356263903953174754e+00 1.118115341933981099e+00 9.786049137017450716e-01 7.798611184073457325e-01 6.249327410775744607e-01 1.312723072114955203e+00 7.552826964944961974e-01 4.823545156666838030e-01 8.211538883493296748e-01 9.566883597466704359e-01 3.832598038974791010e-01 7.263697985773236443e-01 1.027110447491643486e+00 5.634585982181671282e-01 6.351761995705470509e-01 1.101914018754795999e+00 1.149188880545507940e+00 7.638424314209532051e-01 1.134110538250604261e+00 7.573542546652277663e-01 1.235871399874736376e+00 2.770825626693212973e-01 7.524512992325641525e-01 5.761100927475316658e-01 6.891676009524323465e-01 2.525990220549262366e-01 6.758127495724534084e-01 1.189107418308159581e+00 9.738599585764750044e-01 8.769570890970996846e-01 5.214413894763673119e-01 7.809010586524265385e-01 1.132161062243214555e+00 7.945140740305508542e-01 8.605034154173699656e-01 8.365672129199424045e-01 9.164057667684377684e-01 5.383463750181547436e-01 7.688524679532970918e-01 1.152772332874152150e+00 5.486509040425260331e-01 1.152267335129327996e+00 1.111098510378183857e+00 8.267304344121615411e-01 7.428290983685440496e-01 1.862283210770445119e-01 4.511717351451950964e-01 1.102033325810045650e+00 9.495641742597178414e-01 7.080528210539089873e-01 4.056317824148392703e-01 7.322210044855838040e-01 2.191108247280465493e-01 6.218432945981866578e-01 1.272100267246063510e+00 9.112580759066806202e-01 7.279719480334236881e-01 1.128091744363499238e+00 9.634743989873021386e-01 9.457302049452797066e-01 8.507550618298646006e-01 6.906728579553553793e-01 8.740237695973157583e-01 6.869375357435175689e-01 1.049426333127579047e+00 6.372910334021996137e-01 4.080812445644383946e-01
1.196936774564772099e+00 8.760271429831133494e-01 8.727885724972680448e-01 8.946035492430466363e-01 8.775213092977393048e-01 1.063774309027578413e+00 9.098592988803678727e-01 0.000000000000000000e+00 1.063797094274833821e+00 1.415713713333427881e+00 1.190757275164107787e+00 5.631523341052079301e-01 8.770626532598603253e-01 5.225492594158575033e-01 4.834243022708673565e-01 6.218576120040413269e-01 1.069785998777754932e+00 4.489042543859433354e-01 7.997669886086343771e-01 7.717253548754707815e-01 3.969753728687130945e-01 3.713314435589163409e-01 7.233391716139885297e-01 7.457915055232026136e-01 7.171991190496624924e-01 5.498288893327709648e-01 2.936591885834139437e-01 7.987564939614865134e-01 6.228447659149790594e-01 8.057473259237465379e-01 2.806025257160249531e-01 8.916759895943312531e-01 6.253148643832213693e-01 6.676899668924246578e-01 8.396628090210335182e-01 2.843723091785173573e-01 2.875339879222770234e-01 1.186870635943387819e+00 6.375741023082329706e-01 2.362036831942113946e-01 8.691253801181735295e-01 4.594956685060881396e-01 7.128375407985035883e-01 8.481441009756236493e-01 6.173126312951298100e-01 4.178260308675709744e-01 9.904971264730413338e-01 5.069117456492027163e-01 5.262110175613627927e-01 4.731772625848725267e-01 6.547386715236083177e-01 8.433238276554652080e-01 6.850166478418793226e-01 8.888327166439651261e-01 7.675154065248970259e-01 2.266165065627570308e-01 2.177252083012808093e-01 7.064851255972015576e-01 7.217817265797150661e-01 1.776382943947840687e-01 7.455607181761856328e-01 7.168238138762473843e-01 7.688795643842092353e-01 7.541752170008970690e-01 1.037885494879712045e+00 6.660813960402409695e-01 5.827433524887879468e-01 6.633683742081138979e-01 9.283458224433461803e-01 4.636866891826835757e-01 4.245014831634699171e-01 9.082494825698703700e-01 1.653505429620335532e-01 7.102922481340818717e-01 5.239994873846575141e-01
1.518783948799223404e+00 9.275121186741979162e-01 1.150764206817248780e+00 8.077307352375470151e-01 1.395134639588063497e+00 1.095610487783244880e+00 1.356263903953174754e+00 1.063797094274833821e+00 0.000000000000000000e+00 1.749876063014720984e+00 1.544073620539683667e+00 5.775535193840496406e-01 1.144607013325227296e+00 6.168437594545850278e-01 9.801304475162431196e-01 1.211002747291498149e+00 1.452799733071548971e+00 6.757318857131049405e-01 1.126930149168046347e+00 1.154726412292190751e+00 7.038857316433589917e-01 9.024198907335643227e-01 8.435518007769999826e-01 3.321634847161935578e-01 5.478056432411161358e-01 7.991822036403913865e-01 8.590936865344951379e-01 1.208668770268286119e+00 6.820797273428161889e-01 1.180152320637952945e+00 1.149637843875868315e+00 1.213523163828782225e+00 1.176162111026961110e+00 1.115905837369609355e+00 1.250605314946006796e+00 8.246592187723734702e-01 9.335574636430016282e-01 1.508717810177838681e+00 9.182034837943454653e-01 8.295051664803950731e-01 2.306674710795163508e-01 6.092755663177126246e-01 9.971530814511725405e-01 8.771653287197094251e-01 5.097081325728413104e-01 1.098555588406733730e+00 1.342274876056746669e+00 6.153902805153490529e-01 8.158062203614572239e-01 7.269269270104350422e-01 4.949964361234145960e-01 1.260182167142438914e+00 6.935330802270556205e-01 1.214358601792170367e+00 1.221932559515535921e+00 8.716080309753710953e-01 9.315960551198272377e-01 1.350268795532825195e+00 1.043628900814165483e+00 1.000543678714452822e+00 1.252880605491252908e+00 1.084235255751097027e+00 6.993173836819166489e-01 1.011358366730826575e+00 1.359732669114163572e+00 4.478846320942293513e-01 5.056340390442917165e-01 4.225446223231008602e-01 9.796241684302736674e-01 1.089114034935838804e+00 7.846043574922124675e-01 1.346133831397570813e+00 9.720329756802642551e-01 1.281839417675965986e+00 9.698693633863885166e-01
7.771926425129874749e-01 1.969800445571391778e+00 1.428788737172256074e+00 1.762075944310601994e+00 1.133275402340392146e+00 1.395599448869743187e+00 1.118115341933981099e+00 1.415713713333427881e+00 1.749876063014720984e+00 0.000000000000000000e+00 7.746135370022992905e-01 1.234256209041305619e+00 7.472421456905863346e-01 1.703476883534948527e+00 1.058681639009293241e+00 8.340246125216312922e-01 4.389264590913263819e-01 1.451383492435023959e+00 8.922472785734261169e-01 9.049277609103931752e-01 1.405040566607555830e+00 1.059811597075574152e+00 1.032372176398466790e+00 1.540694514674872950e+00 1.539942691965501487e+00 1.137890302377268403e+00 1.647517455780736162e+00 8.633133837984667824e-01 1.724995705133673285e+00 8.702869285909733410e-01 1.135366017879004152e+00 5.717632929248830376e-01 9.513182376490664227e-01 9.346265555443403761e-01 6.068227389888751766e-01 1.585202833364376174e+00 1.258338126120401190e+00 2.448642422104206906e-01 8.620948090312272605e-01 1.285152322305957773e+00 1.522914873663208768e+00 1.269320421902666141e+00 1.214294249141530058e+00 1.228377049642567442e+00 1.307159578188431759e+00 1.030354931878032065e+00 5.700842671489402269e-01 1.543526144294145697e+00 9.960035080638987015e-01 1.643540838158825901e+00 1.585904858250299254e+00 9.922061568103539564e-01 1.134204614560481161e+00 9.664582924053032320e-01 7.186753205830357372e-01 1.417562522438335249e+00 1.462971091789851075e+00 9.628034762655751644e-01 7.159635594842511663e-01 1.250390594385485388e+00 9.851839514556234301e-01 6.988898994571810519e-01 1.662854078666056168e+00 1.282097017606049105e+00 6.269385297742696705e-01 1.518845555783493229e+00 1.438280746859416315e+00 1.367392941601440315e+00 1.243732704212545004e+00 9.706495928006426688e-01 1.249905532859303614e+00 5.772790749678815558e-01 1.554865133121328125e+00 7.681373620963108939e-01 9.157425468558728632e-01
7.003596479739514491e-01 1.830290017339156750e+00 1.204122746637566133e+00 1.548015109049992954e+00 9.076992898065029403e-01 1.220789964900856672e+00 9.786049137017450716e-01 1.190757275164107787e+00 1.544073620539683667e+00 7.746135370022992905e-01 0.000000000000000000e+00 1.056766691135537339e+00 5.499817473932736567e-01 1.489997860716986144e+00 8.337252008399733683e-01 6.317980804805214401e-01 4.533054582664965415e-01 1.311873064202786265e+00 7.527368503411888678e-01 6.799713227410733030e-01 1.183909097668158106e+00 9.203011688433366810e-01 8.592333267554244092e-01 1.334892072199836077e+00 1.325881856704893114e+00 9.167588334378714565e-01 1.469509056620176946e+00 6.363914024783309253e-01 1.585485276901435148e+00 7.307765003587356478e-01 9.104095797096842801e-01 4.994018097706026671e-01 7.263617994797463284e-01 7.951161273121031270e-01 3.918534466067484789e-01 1.360246395195057634e+00 1.033381687951080874e+00 5.649637633669103431e-01 6.409633400918283153e-01 1.145641894073720302e+00 1.317112431188171451e+00 1.129809993670429114e+00 9.893378109722105185e-01 1.035459124857953439e+00 1.090900811606263288e+00 8.158809743357939848e-01 2.224155646721889812e-01 1.327267377711977225e+00 8.564930798316610083e-01 1.504030409926588430e+00 1.446394430018062005e+00 7.672497186410320857e-01 9.284021720854446214e-01 8.269478641730659829e-01 6.231047374828626584e-01 1.192606084269015376e+00 1.284962692629290526e+00 7.433446659465631212e-01 5.764531312520139172e-01 1.058162098377619209e+00 8.519226595433749827e-01 4.739334612878603470e-01 1.448793243405448683e+00 1.057140579436728567e+00 5.477195673482675442e-01 1.305366532965530180e+00 1.298770318627180398e+00 1.161590499126403664e+00 1.064581350871287801e+00 7.456931546313226855e-01 1.028774063919906334e+00 4.149013073925300055e-01 1.329908694952008474e+00 5.496957050870360240e-01 7.762321186236348369e-01
1.003164094825808705e+00 8.752209685821380480e-01 6.836277532087127184e-01 6.453876280608042970e-01 9.078277101839175023e-01 5.949577968281937190e-01 7.798611184073457325e-01 5.631523341052079301e-01 5.775535193840496406e-01 1.234256209041305619e+00 1.056766691135537339e+00 0.000000000000000000e+00 6.573000839210811908e-01 5.692371587896428720e-01 5.024737215913381849e-01 6.531619696767779759e-01 9.446421344571800383e-01 4.237388370744950006e-01 6.059943088696703173e-01 6.674194828880439800e-01 3.874102259554654815e-01 3.536220035573870990e-01 3.541031924965413191e-01 3.362269704879599641e-01 4.185731591228887827e-01 3.410450776809912932e-01 6.903484501585800404e-01 7.213618408641397917e-01 6.320960619007468528e-01 6.645324666645382461e-01 6.147487840091602207e-01 6.979033098553674153e-01 6.888551816228152269e-01 5.395030518237804440e-01 7.632983855418600250e-01 5.763851707751523890e-01 5.009043913594718456e-01 9.930979562044237596e-01 4.308965543901998596e-01 3.516886613186197552e-01 3.577027629645952445e-01 2.259745696923392555e-01 5.260142749422921371e-01 3.770495696670466690e-01 2.152956928979429807e-01 5.434471010928582091e-01 8.549679466526008964e-01 4.423099082157107564e-01 2.382527009774078053e-01 5.910808663649225192e-01 4.420002680743732593e-01 7.728752377382921424e-01 1.901945835306666222e-01 6.981136544834321001e-01 7.063127055421208889e-01 5.330619430378372714e-01 5.259055758315964724e-01 8.130804713359370828e-01 5.280090468407512283e-01 4.663657308916404065e-01 6.911068728573773745e-01 5.969283263469510326e-01 5.503695657106705275e-01 5.421444953705294445e-01 8.441128151407482072e-01 3.846058310381871848e-01 2.956507120538849342e-01 1.679553319761019903e-01 4.889508037455756462e-01 6.018071055316929208e-01 3.452714077722610631e-01 8.305139774241560024e-01 6.611861718432229251e-01 7.926048448938549651e-01 4.057794718984661930e-01
5.679583101873761919e-01 1.441624287768741741e+00 8.152561285247661438e-01 1.151779141501829917e+00 6.247242225207955135e-01 8.211764726671225700e-01 6.249327410775744607e-01 8.770626532598603253e-01 1.144607013325227296e+00 7.472421456905863346e-01 5.499817473932736567e-01 6.573000839210811908e-01 0.000000000000000000e+00 1.093180080726177339e+00 4.957529187478110777e-01 4.824907919696297953e-01 4.424187319478184999e-01 9.241382646648605981e-01 3.817517369750992318e-01 3.788008179648627016e-01 7.911760920977922718e-01 5.325663693054112358e-01 4.596198345216902514e-01 9.354254649853793735e-01 9.296458891567298544e-01 5.243576937297776963e-01 1.120272228010575244e+00 3.703784751442758538e-01 1.196819547331019917e+00 3.957034209275557268e-01 5.967149578054365966e-01 2.692016727173466295e-01 4.243706368857266265e-01 4.223622877563839584e-01 2.595433424773747055e-01 1.034352828745377595e+00 7.177133147106466993e-01 5.220979396133222927e-01 2.537498589383554992e-01 7.579070945357951894e-01 9.176458239737156353e-01 7.411442641000142162e-01 6.182455167984430844e-01 6.359925176434970684e-01 6.955426020524702047e-01 5.145586755061865025e-01 3.467793449417268525e-01 9.319091681581849196e-01 4.678273502612466661e-01 1.115735725355578190e+00 1.051182459680380044e+00 4.739052753400652129e-01 5.289355648709882507e-01 4.627260441241776712e-01 3.049085289552462275e-01 8.769377110285808685e-01 9.357258640196882693e-01 5.115868081972883008e-01 2.222743577680227067e-01 7.231453666153231374e-01 5.516893962626973069e-01 1.896553033325662219e-01 1.052557275857284980e+00 6.690001772877536279e-01 4.073096818352236470e-01 9.085487529747217073e-01 9.101045890567659447e-01 7.621238919119472932e-01 6.649678586375540323e-01 4.300247813908885108e-01 6.360410583495408332e-01 4.021414407528799972e-01 1.016214073047760902e+00 3.295030332736649803e-01 3.884973190857095582e-01
1.472384769319452280e+00 5.229380659067524029e-01 1.036403341632653241e+00 5.486748144582628273e-01 1.340686571406507044e+00 1.059099777153543309e+00 1.312723072114955203e+00 5.225492594158575033e-01 6.168437594545850278e-01 1.703476883534948527e+00 1.489997860716986144e+00 5.692371587896428720e-01 1.093180080726177339e+00 0.000000000000000000e+00 7.981666204107156215e-01 1.120536129491809696e+00 1.398723973248851449e+00 4.331907059917082803e-01 1.080530969688275444e+00 1.100278344110634299e+00 3.770033083394969120e-01 8.267757579999547302e-01 8.007625464580784280e-01 3.333278646151958124e-01 3.082018204939035999e-01 6.869035633501492377e-01 2.892050072375272896e-01 1.154220702086729888e+00 2.729148913562385870e-01 1.133753141158181821e+00 7.520321091782394829e-01 1.167123984349011323e+00 1.089599721447020109e+00 1.097287152527198106e+00 1.196529555123309274e+00 2.436906953376677953e-01 5.557424834262300051e-01 1.462318630698067778e+00 8.637554156127900118e-01 6.423021943374292997e-01 4.604324475967157548e-01 5.852763341860733881e-01 8.984656127480848964e-01 8.425336373778333776e-01 4.041034373981920447e-01 9.215268588935706662e-01 1.288199116234049146e+00 2.053934615359821469e-01 7.975871086503121266e-01 2.516325660857179347e-01 2.676101273464426833e-01 1.205734098960882239e+00 6.598167056702781696e-01 1.167959422312398798e+00 1.175533380035764131e+00 3.971171350886182339e-01 4.739658682922168187e-01 1.219409416216659325e+00 9.972297213343948030e-01 6.789645073535343078e-01 1.239216000789368222e+00 1.030159495928399727e+00 3.867271893537670979e-01 8.996228214453200200e-01 1.313333489634392004e+00 1.877378605341684381e-01 4.216873753481023002e-01 4.674343841978088610e-01 9.402960150600954137e-01 8.540866449814193961e-01 5.489307144332533639e-01 1.299734651917799244e+00 3.583673611792524416e-01 1.220908414647473128e+00 9.658232719118883258e-01
8.926216263509242355e-01 1.271618518767429595e+00 5.123535228808450137e-01 9.419089839587482249e-01 6.076072448013122296e-01 6.933782451008213554e-01 7.552826964944961974e-01 4.834243022708673565e-01 9.801304475162431196e-01 1.058681639009293241e+00 8.337252008399733683e-01 5.024737215913381849e-01 4.957529187478110777e-01 7.981666204107156215e-01 0.000000000000000000e+00 5.144240430880010484e-01 7.366424369592049493e-01 8.512159303188033821e-01 5.194080204359083908e-01 4.154607605676218229e-01 4.432331740976233614e-01 5.402666006402291332e-01 3.485160809669966553e-01 7.805991026556361456e-01 7.307384414858929533e-01 2.906225182294396858e-01 7.725937314314254012e-01 4.739113095398563291e-01 1.024345665930044502e+00 5.726301919058147671e-01 2.714895524315519837e-01 5.919166808855438333e-01 3.686850833123653803e-01 5.399872108969583362e-01 5.322771825315687488e-01 5.999668702367525475e-01 2.500667034504323039e-01 8.349066549654523550e-01 2.431015855016636085e-01 6.086909882229810664e-01 7.513750721445001668e-01 6.951572861281859472e-01 2.903789849446992144e-01 5.006795157881539504e-01 5.094552367565743367e-01 3.396322577456830638e-01 6.334650521489069153e-01 6.446156416377357701e-01 4.405449856200962522e-01 9.203182782637334691e-01 8.721806278001286161e-01 4.995957225901497822e-01 3.748161988471204187e-01 6.068364730600317447e-01 6.075806544487277749e-01 4.251010012232753210e-01 6.523166525445354136e-01 5.295730290137702356e-01 4.316371929934124108e-01 4.258576813025616303e-01 6.849700774185037977e-01 3.597917395521127992e-01 8.264297119369911071e-01 4.079885285271757644e-01 7.330477142146045733e-01 7.277426093118956052e-01 7.847722424695370291e-01 6.072975295822041764e-01 5.347579474460789628e-01 1.778698558982479971e-01 2.829958374378579999e-01 6.770461171091678443e-01 6.172083975669685474e-01 5.506654709086462596e-01 4.585023122267217754e-01
6.282642067229479155e-01 1.292084505422435026e+00 9.770111696737147078e-01 1.289821305278535224e+00 4.769465019618120416e-01 9.261703990890579608e-01 4.823545156666838030e-01 6.218576120040413269e-01 1.211002747291498149e+00 8.340246125216312922e-01 6.317980804805214401e-01 6.531619696767779759e-01 4.824907919696297953e-01 1.120536129491809696e+00 5.144240430880010484e-01 0.000000000000000000e+00 4.479283867737137159e-01 7.449152632782773953e-01 4.681683234982313424e-01 4.896324993727266817e-01 8.959691210935266659e-01 3.513302112700310009e-01 5.642590086089585011e-01 9.423760940449391610e-01 1.063006836340619099e+00 6.993201821833130438e-01 8.527305604181170118e-01 2.824527679277596959e-01 1.047279764984713424e+00 2.715429672121135729e-01 4.389243869540525034e-01 3.494930628755260060e-01 2.759804541130728150e-01 2.866124342611013898e-01 2.468357402106864940e-01 9.020805996898455525e-01 6.570395145534743131e-01 5.950826724711389959e-01 4.317831987207993993e-01 5.528124413549431182e-01 9.974458955866358778e-01 6.352237901919766117e-01 7.511959953601272666e-01 7.683505045013254708e-01 8.506140025278965400e-01 2.287146736619547760e-01 4.441286363732188658e-01 1.082118877339463436e+00 4.300541293638959761e-01 9.391036637476820603e-01 9.476551157100508993e-01 5.113847770156146888e-01 6.784133064990978124e-01 4.810317592325162317e-01 2.014160618049903595e-01 8.004824194132295068e-01 6.681841964272303702e-01 2.473985943045180214e-01 3.610764666476224960e-01 4.442193176092572582e-01 2.632436909386371982e-01 3.595357668536101614e-01 1.193107318077551104e+00 8.292399386977238329e-01 4.902424618794056776e-01 1.029039508255917834e+00 8.007923483208254645e-01 7.952871210628508214e-01 7.820926915776124089e-01 3.535793228234097030e-01 7.556075843086395016e-01 2.863918705658290986e-01 7.651420612699834090e-01 1.580470771575996636e-01 2.480362530553265055e-01
4.877033296802358864e-01 1.680186370987266198e+00 1.107039982756798935e+00 1.456741221581857815e+00 8.044768015554010221e-01 1.105985374285616718e+00 8.211538883493296748e-01 1.069785998777754932e+00 1.452799733071548971e+00 4.389264590913263819e-01 4.533054582664965415e-01 9.446421344571800383e-01 4.424187319478184999e-01 1.398723973248851449e+00 7.366424369592049493e-01 4.479283867737137159e-01 0.000000000000000000e+00 1.161769417850897046e+00 6.026332039893000925e-01 5.828885588603047729e-01 1.090998025129140236e+00 7.701975224914474616e-01 7.427581018143408764e-01 1.243618184731700715e+00 1.234607969236758196e+00 8.236233324872185291e-01 1.300658947191830173e+00 5.324546038457108610e-01 1.435381630549545484e+00 5.650137029779874753e-01 8.133268158289154171e-01 2.717980791338253654e-01 6.292790355989779094e-01 6.450124809602141296e-01 2.513722337947764673e-01 1.263163631314289104e+00 9.362989240703123439e-01 2.396655316864158280e-01 5.496894526236931755e-01 9.937827161771212170e-01 1.225838543720036755e+00 9.797063473185396720e-01 8.922550470914422105e-01 9.387629750584418620e-01 9.996269241381275927e-01 6.654194700380329230e-01 2.523002117931628652e-01 1.235993490243842308e+00 7.063894334797720109e-01 1.353926763574699432e+00 1.296290783666172342e+00 6.663402776768340141e-01 8.371282846173094816e-01 6.711126377825025191e-01 3.920308505516261199e-01 1.095523320388246846e+00 1.116112583200943753e+00 6.073529710714764551e-01 4.244938488596876613e-01 8.921477043829709741e-01 6.573750363054152723e-01 3.768506974070917614e-01 1.357519355937312877e+00 9.600578155559603699e-01 3.408385550511229822e-01 1.214092645497395262e+00 1.148666672275290956e+00 1.070316611658268746e+00 9.541186296284194235e-01 6.486103907505543775e-01 9.358629913808890199e-01 1.717358598219763111e-01 1.213070448043696903e+00 4.126868569022123512e-01 6.261284722717459506e-01
1.220291378219525713e+00 5.502532085596323341e-01 1.092621253182117114e+00 8.662661581366694064e-01 1.082367573083202750e+00 9.815449549201110679e-01 9.566883597466704359e-01 4.489042543859433354e-01 6.757318857131049405e-01 1.451383492435023959e+00 1.311873064202786265e+00 4.237388370744950006e-01 9.241382646648605981e-01 4.331907059917082803e-01 8.512159303188033821e-01 7.449152632782773953e-01 1.161769417850897046e+00 0.000000000000000000e+00 8.231215922633874360e-01 9.651475844177965779e-01 7.363250117189901189e-01 3.935850520082465054e-01 6.551541665271343184e-01 3.442210781226041072e-01 5.890007493055614551e-01 7.546248957650728562e-01 2.843502444300659571e-01 9.680477208210924722e-01 3.054484681219112319e-01 8.816597500582554758e-01 5.908241989849265519e-01 9.150305932490845340e-01 8.301611281686845922e-01 7.045097057842486521e-01 9.876431081852796723e-01 5.260436408540337672e-01 7.049824359284979636e-01 1.210225239598140989e+00 7.359608820154053266e-01 2.434188098636678455e-01 5.324062175628389015e-01 2.235689863939538946e-01 9.350077749156965323e-01 7.648771490061002654e-01 5.170356527833529503e-01 6.048065042265713398e-01 1.102120618454338841e+00 6.083625766939744217e-01 4.978962178818797102e-01 2.038570450481257401e-01 2.385828822992346887e-01 1.055663111714082003e+00 5.985432984506616760e-01 9.137948809028276775e-01 8.478635647719723334e-01 6.211646683898279786e-01 2.614196608368398733e-01 8.981640141310338610e-01 7.451363302344682360e-01 4.253582490162420848e-01 8.060252947976596083e-01 8.882518979199476306e-01 7.286923181710792674e-01 9.511379953439340618e-01 1.061240098534465437e+00 4.251330092603758382e-01 1.705611235797389325e-01 3.497014019611206503e-01 8.651324173721391952e-01 7.416152503594346523e-01 7.676307583842337801e-01 1.017618933901798695e+00 4.140658445684844979e-01 8.791675161973855346e-01 5.503745875698551338e-01
6.611551643579287596e-01 1.341538545399757032e+00 8.223630921202664812e-01 1.139130030463927801e+00 7.300592311719323879e-01 7.718405549682049172e-01 3.832598038974791010e-01 7.997669886086343771e-01 1.126930149168046347e+00 8.922472785734261169e-01 7.527368503411888678e-01 6.059943088696703173e-01 3.817517369750992318e-01 1.080530969688275444e+00 5.194080204359083908e-01 4.681683234982313424e-01 6.026332039893000925e-01 8.231215922633874360e-01 0.000000000000000000e+00 4.865830569335539146e-01 7.936493659742024365e-01 4.315496969039382402e-01 4.080991438679948402e-01 9.177486008281986463e-01 9.169967781188278488e-01 5.288300587436567390e-01 1.019255555609101860e+00 5.298631793951404934e-01 1.096733804962036096e+00 2.842083025476826452e-01 6.426585090708343273e-01 3.558943793874877470e-01 5.142836930589645972e-01 2.583563287446817847e-01 5.245149814273804001e-01 1.035577027503619796e+00 7.436440793405240113e-01 6.510890257365442579e-01 2.845107629044305031e-01 6.568904221343223604e-01 8.999689598165346860e-01 6.410585217310299511e-01 6.253524803939431997e-01 6.054311357958933604e-01 6.842136643417578989e-01 4.567979952217328110e-01 5.429844045927416651e-01 9.205802304474725029e-01 3.677416078922626230e-01 1.015278937987190711e+00 9.576429580786631757e-01 5.869436927683916450e-01 5.112587007138074124e-01 2.022996970134212369e-01 3.530440438187401608e-01 9.109313584478964110e-01 8.347091916182152183e-01 6.732038276774919838e-01 1.812843782015074456e-01 6.221286942138499754e-01 4.417339190783412528e-01 3.778994863066138521e-01 1.039908164819383085e+00 6.761071408832537433e-01 5.021038846728684835e-01 8.958996419368198127e-01 8.100188466877815685e-01 7.444470277547665660e-01 6.207867903658711439e-01 4.656500859192005404e-01 6.390113969200194033e-01 4.885050469562756681e-01 9.346517001869237840e-01 5.817856211483397599e-01 2.874806466842365071e-01
7.697453789027814963e-01 1.459053665730921212e+00 7.903664973613544475e-01 1.154551858557231192e+00 3.928753993145256418e-01 8.329648205083183266e-01 7.263697985773236443e-01 7.717253548754707815e-01 1.154726412292190751e+00 9.049277609103931752e-01 6.799713227410733030e-01 6.674194828880439800e-01 3.788008179648627016e-01 1.100278344110634299e+00 4.154607605676218229e-01 4.896324993727266817e-01 5.828885588603047729e-01 9.651475844177965779e-01 4.865830569335539146e-01 0.000000000000000000e+00 7.743245397336957492e-01 5.840903733415211407e-01 4.714081823628860080e-01 9.455448639523427179e-01 9.324186062121320173e-01 5.069498470917743749e-01 1.053147914773047145e+00 2.814840530168759014e-01 1.211780812893535009e+00 5.340415950298842418e-01 4.913776594210469417e-01 5.192654890721772887e-01 2.676012755237145435e-01 5.123274163995286123e-01 3.785233044326689611e-01 9.419819549227059774e-01 6.151172476787296617e-01 6.811527768665528448e-01 2.365229284978440649e-01 7.872396073226901603e-01 9.277652229406782025e-01 7.717930161115658105e-01 5.750672670409884280e-01 6.461119166104598577e-01 7.010208070230820043e-01 4.088163210056423580e-01 4.797111740500069055e-01 9.304858501317418984e-01 4.929000992326044717e-01 1.143538945334311663e+00 1.058280723064837003e+00 1.904614845282386892e-01 5.390549638379511510e-01 5.716882126569697853e-01 5.446115003731513138e-01 7.743416439966637199e-01 8.695542780486569256e-01 4.476624318851625262e-01 3.799996332005898814e-01 6.427381068751658599e-01 6.832509357359071167e-01 2.060378614532129560e-01 1.055329992912686921e+00 6.433843301605164378e-01 6.125721635301299983e-01 9.156470163591782230e-01 9.407533410683170949e-01 7.722432908789099715e-01 6.753168630300487862e-01 3.274287143589713067e-01 6.191895059854448657e-01 5.232922390102681121e-01 9.108767746633710249e-01 3.800624215858110500e-01 4.486079419749380293e-01
1.184272245359158982e+00 8.999413742462489818e-01 6.695947886554055595e-01 5.209928572654142220e-01 1.013298326232507263e+00 7.940773558371729823e-01 1.027110447491643486e+00 3.969753728687130945e-01 7.038857316433589917e-01 1.405040566607555830e+00 1.183909097668158106e+00 3.874102259554654815e-01 7.911760920977922718e-01 3.770033083394969120e-01 4.432331740976233614e-01 8.959691210935266659e-01 1.090998025129140236e+00 7.363250117189901189e-01 7.936493659742024365e-01 7.743245397336957492e-01 0.000000000000000000e+00 7.254155605763673575e-01 5.310416327616279686e-01 4.727222609555454813e-01 3.468236335891177746e-01 3.200950103729010010e-01 4.811195418002983670e-01 8.282668977097915608e-01 6.499181996957351659e-01 8.468715374441088128e-01 4.775246822953242987e-01 8.802423806349377600e-01 7.691111852442992225e-01 8.116745279038873884e-01 8.866327707015035919e-01 2.448393305366745876e-01 2.432655580077855983e-01 1.170926375920778861e+00 5.438108323988506410e-01 6.167305130467409802e-01 4.785581552811274397e-01 5.474970277805289998e-01 5.316570597708371038e-01 5.775112160614626067e-01 2.231331717539032922e-01 6.764201103690284933e-01 9.821103531852215518e-01 2.212268840390829994e-01 5.722558510623574346e-01 5.891465351838165443e-01 5.450817465821201635e-01 8.797802945839445776e-01 3.977858317744837890e-01 8.810778185983254573e-01 8.886517763216913446e-01 1.797250269806846268e-01 5.038017652980856242e-01 9.222292831473578589e-01 7.103481176203217951e-01 5.653333901216919255e-01 9.813822273285329745e-01 7.141473277220480309e-01 4.055135852436573818e-01 5.328142684680716723e-01 1.024698333222838986e+00 3.854129950795082693e-01 5.962462924542011322e-01 3.883327820327245328e-01 6.726714554022650283e-01 5.500145372564788637e-01 1.782732270559320709e-01 1.012853048203725681e+00 3.555217915773498660e-01 9.050210590785817688e-01 7.268555250257995315e-01
