0.000000000000000000e+00 2.289927683151133309e+01 1.555402226668382859e+01 1.513732729254247644e+01 1.373644670238162568e+01 8.147992053082081298e+00 8.253069892328452895e+00 2.065849723985081354e+01 7.934751512935299900e+00 1.774220390225994848e+01 9.462525375786857040e+00 1.708812929914360979e+01 1.485168329128239684e+01 1.265136834906388152e+01 1.831259640959293478e+01 9.971966806893703961e+00 4.829614144147706511e+00 4.863374064224833759e+00 1.924229698015933110e+01 1.089901160481670672e+01 1.960686241071512015e+01 1.119252032271923447e+01 4.128087014835753799e+00 1.221717162794523936e+01 1.985142911377123909e+01 1.582187409794176247e+01 1.144699499968111489e+01 1.414803931869714404e+01 8.430498247445591176e+00 7.190965784683691631e+00 1.742358117013657903e+01 1.388436471994622146e+01 1.228603353145473775e+01 7.686589669892589072e+00 4.962774595173604197e+00 3.112489824386670545e+00 2.027845981801165465e+01 1.042206191772798540e+01 1.175887223636845214e+01 1.514192710413483667e+01 1.817887876103144862e+01 1.235769424871802435e+01 5.355946059324632635e+00 1.319867616130306764e+01 7.193062355565307264e+00 1.508386364983853944e+01 2.638088103386764693e+00 1.062310586902031950e+01 8.095260864413116764e+00 5.798687406940678635e+00 2.052493541975159275e+01 9.281190017092388445e+00 1.730354018018887885e+01 8.852605012533182105e+00 1.742889599980783544e+01 2.412993467108391688e+00 1.103975027901744532e+01 2.135311184587663647e+01 1.436746844026761849e+01 1.018914168047399116e+01 1.298156405290126258e+01 9.869371355674168456e+00 2.620367309596217442e+00 1.612721142640561212e+01 5.702804839971396866e+00 1.942526963741401502e+01 1.776615445625950329e+01 1.322247931847781111e+01 1.725468897044364880e+01 2.063248598965068226e+01 1.220509952385780394e+01 2.108846479320669687e+01 1.051719507984216051e+01 1.276101523303338325e+01 1.933361516931930524e+01 6.820553195792617096e+00 1.845136106149151090e+01 1.363258937975171214e+01 1.544516460067393737e+01 1.021198961660961402e+01 6.119867381367575909e+00 1.643251876536801959e+01 2.086643692771085767e+01 1.616469035555375910e+01 9.207011589097517046e+00 1.397135833355004131e+01 1.374438527936136012e+01 1.709682326762144200e+01 6.194752404445261540e+00 1.292600358917366421e+01 1.204816955497589248e+01 9.166934293375774701e+00 8.665071528569901815e+00 1.388815930231574924e+01 6.902798462602683927e+00 2.107182314874680529e+01 1.587733946775568938e+01 1.249433679943679643e+01 1.874116988850926191e+01 1.903949166838566143e+01
2.289927683151133309e+01 0.000000000000000000e+00 1.571609340677816569e+01 1.525988314028971793e+01 1.176357229068745092e+01 2.021433103763945027e+01 1.937068925563284338e+01 8.100283134662314311e+00 1.497784994101287204e+01 7.782603553910172778e+00 1.389023168427909383e+01 5.841140911294188776e+00 1.148260786919103182e+01 1.087253505075628546e+01 5.263995902625972612e+00 1.484195085168748030e+01 1.820744384379159797e+01 1.897373842579373004e+01 1.210885055649957387e+01 1.581541547417162796e+01 4.245254897944047201e+00 1.917414416514693087e+01 2.038042864980037905e+01 1.711888200519100423e+01 4.027950498296372750e+00 1.139738326190647832e+01 1.291498316866070795e+01 9.311393866902815120e+00 1.722773262840448183e+01 1.674842333618754608e+01 8.135320576886257982e+00 9.064711531219920460e+00 1.465200377345531635e+01 1.778383900726098688e+01 1.803277668395706357e+01 2.154029709984556717e+01 3.254778590833361296e+00 1.352354854571357912e+01 1.208052906816592653e+01 1.359220415704374396e+01 4.818967761536497640e+00 1.180020978591599423e+01 2.014049925302478528e+01 1.314635629070717826e+01 1.604619034617333639e+01 8.766156116642331853e+00 2.047376187372357137e+01 1.238393359109545244e+01 1.604803220513634443e+01 1.760437223255352279e+01 2.651632712996404351e+00 1.501725628934712198e+01 1.054592754796729892e+01 1.452103211654670822e+01 5.621242882513336703e+00 2.069923990611109232e+01 1.420878321983091297e+01 5.889672232862992907e+00 1.657732776137381236e+01 1.557458789740488747e+01 1.657168632111442719e+01 1.787350025423832278e+01 2.033186045633638983e+01 6.799915911755450182e+00 1.836526861601316085e+01 1.008849242349013586e+01 9.905222225238757616e+00 9.690122135470362608e+00 1.407531942780267897e+01 2.271792543233856154e+00 1.099696473660081075e+01 2.277452873666523825e+00 1.685601060785032246e+01 1.300824150314610428e+01 6.336065847665093287e+00 1.651379982422219328e+01 5.978147535943621804e+00 1.128532332164251883e+01 9.541538925236684676e+00 1.826489927864356844e+01 1.971196372577048805e+01 6.880854023236947725e+00 2.131324856126778133e+00 1.332980159112602792e+01 1.414343564305509737e+01 1.075777993624148898e+01 1.515839918682399201e+01 1.241443953555127777e+01 1.711029757197263379e+01 1.481215662343617900e+01 1.595213862861015919e+01 1.950122204342800458e+01 1.840486300518539053e+01 1.025309416903814963e+01 1.918136743802395472e+01 4.173472623122106206e+00 7.445751247962104635e+00 1.210720181772020432e+01 4.526582691957479199e+00 8.354130092677902297e+00
1.555402226668382859e+01 1.571609340677816569e+01 0.000000000000000000e+00 2.182118838096186764e+01 1.175899219616250946e+01 2.029417601441309316e+01 8.144139253975868797e+00 8.199285235774661729e+00 1.415764953740834109e+01 1.989376944855255758e+01 7.140934393933395796e+00 1.004013021178081999e+01 5.366953907695098280e+00 1.624535010833788107e+01 1.524002996970714996e+01 1.264869162537003611e+01 1.072440812253613096e+01 1.573907847414939987e+01 4.664820046878269011e+00 1.839027398799496993e+01 1.147887623581180172e+01 2.117042624112631088e+01 1.159227715651934609e+01 4.120128395790715103e+00 1.826482144098577365e+01 1.981047383276513685e+01 9.497459038901659767e+00 1.533056282021857442e+01 7.521277474679621378e+00 1.074146475047697535e+01 7.629748740296442122e+00 8.305648065168551142e+00 3.964098075330325877e+00 1.713698959273132871e+01 1.266359297176235188e+01 1.775401476213422214e+01 1.317368741476592575e+01 1.688287716937397676e+01 1.342393307691474647e+01 2.754498877778850829e+00 1.669847298556030424e+01 6.968836940263757107e+00 1.836990987932172814e+01 1.901936102350821045e+01 8.804834361284203936e+00 1.784829042158002110e+01 1.351850501560629247e+01 1.569839941727416743e+01 1.567028333249008476e+01 1.158073780688389753e+01 1.553459770964147957e+01 1.016986622493637960e+01 5.173851843563689989e+00 1.353196605908997086e+01 1.012844505420082619e+01 1.321139917275888997e+01 1.184441066097956252e+01 1.054515087886417923e+01 2.233911845341586044e+00 5.423341089894804234e+00 2.057536097382172002e+01 1.893169701415900974e+01 1.566733812187804986e+01 1.742694323277662960e+01 9.978574287544784482e+00 6.080485047098322049e+00 2.089224469854391231e+01 1.520699803257040372e+01 2.614595269092745422e+00 1.345576270731805657e+01 9.028624793442441288e+00 1.355273992762551316e+01 5.545182230548951097e+00 5.078312910244958012e+00 9.513987408721925831e+00 8.784756102817478762e+00 1.869889015309187741e+01 1.346788369176224798e+01 6.535819911008428740e+00 6.185024747430773573e+00 1.000550857204562760e+01 1.820836376219628150e+01 1.741863162717370983e+01 2.107868730216820197e+01 8.719575498173158579e+00 1.787676687482700544e+01 2.079336641849272915e+00 3.382150604012994499e+00 1.411730219867662584e+01 1.985695663306601233e+01 3.741291477726137682e+00 2.020460271814988218e+01 7.726338037405387382e+00 9.953414095716887289e+00 1.860049195442864800e+01 1.196980148932146371e+01 8.348022272911238773e+00 1.069873076359535524e+01 1.169317080114647744e+01 7.692769340689882718e+00
1.513732729254247644e+01 1.525988314028971793e+01 2.182118838096186764e+01 0.000000000000000000e+00 1.168182604703323690e+01 8.238680515583736153e+00 1.911498246401707135e+01 2.051780038555101271e+01 8.005102916423300741e+00 7.636795134429088527e+00 1.487584764749488109e+01 1.598385156816153696e+01 1.681345638181182878e+01 5.652875592552005557e+00 1.071439647003454887e+01 1.082852572344466147e+01 1.363861894827509502e+01 1.030446198287317650e+01 2.106752442786917356e+01 4.262663395729639149e+00 1.704869662414945708e+01 4.199447628074620908e+00 1.745583960788829714e+01 1.999383121783485606e+01 1.181223975942152826e+01 3.879535719275833738e+00 1.269086507691206123e+01 8.359287386201758707e+00 1.604228273178365427e+01 1.133335846848438067e+01 1.794105840083535242e+01 1.462769175525318488e+01 1.805689573246955248e+01 7.528334153134728979e+00 1.074660140372377271e+01 1.311642006602733979e+01 1.334983891829088165e+01 5.147726062763007704e+00 8.485406984217780391e+00 1.924023484709546850e+01 1.048668778842188942e+01 1.504341660494625010e+01 1.038517962083401081e+01 2.802138233706237713e+00 1.346749467134883638e+01 6.498235171527374732e+00 1.306042556019230716e+01 7.139991689875429870e+00 7.137914820745840494e+00 1.074541267423933988e+01 1.287463662431836475e+01 1.280017542969462241e+01 1.854954455985370387e+01 8.646331544777471123e+00 1.664806264600574437e+01 1.512054202590420715e+01 1.093845285567333292e+01 1.929523042436477098e+01 2.142921133997340633e+01 1.675119363472708400e+01 2.261690974721858982e+00 5.357240869161300267e+00 1.259990619121603395e+01 8.595560484985863781e+00 1.572201807491480352e+01 2.038211222610929241e+01 5.707548092020707564e+00 7.250831973855418333e+00 2.082094270461009700e+01 1.542484186403423863e+01 1.297129904760602059e+01 1.696443534873407089e+01 1.796245230428082351e+01 1.684670883151772713e+01 1.815735406069910240e+01 1.406587879297495647e+01 9.547124251767835190e+00 9.852948470896052413e+00 1.640200718936922897e+01 1.949883587320144329e+01 1.766066398394197989e+01 8.450721060434702281e+00 1.319797199534505516e+01 1.931034599165712740e+00 1.341975354029973033e+01 4.771425107642083496e+00 1.993846101691068640e+01 1.935965584857560273e+01 8.997258852101284177e+00 2.219674181069184460e+00 1.896507913179592464e+01 6.578894303898346507e+00 1.773803859661992277e+01 1.292640507804921945e+01 8.393418108078574136e+00 1.840107789451700882e+01 1.628873067835569444e+01 1.129939408890635910e+01 1.426125563859522138e+01 1.955531016435300984e+01
1.373644670238162568e+01 1.176357229068745092e+01 1.175899219616250946e+01 1.168182604703323690e+01 0.000000000000000000e+00 1.603993342836375291e+01 1.371831991886637780e+01 9.836634810192634859e+00 8.313273860940194382e+00 8.582118910435328374e+00 6.882301607586769343e+00 5.952424758319728504e+00 6.408165815684062849e+00 6.110324543148348830e+00 8.282959446603644693e+00 5.012077324112860666e+00 9.816261914516225318e+00 1.300381545281923046e+01 1.047343503524673913e+01 1.161441572828027269e+01 8.768689727767398523e+00 1.530977107122514624e+01 1.319725773128966040e+01 1.238022318086731666e+01 1.023093446301643361e+01 8.317786957384917912e+00 3.664467186890433048e+00 3.571570624056068510e+00 1.031623533124577108e+01 6.573058421952697294e+00 6.603377475209835090e+00 3.504833655342646903e+00 9.224253987366990870e+00 1.323216455290094373e+01 1.070303314892222524e+01 1.525479352888236129e+01 9.142755277187777807e+00 8.824581371149452735e+00 3.819386648984189669e+00 9.171846025567020888e+00 8.149241798042163865e+00 5.778571550408011959e+00 1.527943892952363036e+01 9.106406644791748661e+00 7.890141860452483336e+00 6.140719486810599648e+00 1.162807033564712178e+01 6.302494666462141737e+00 1.089466734840131856e+01 9.094424682961600226e+00 1.049529845676229201e+01 5.092098585779171849e+00 7.936213339895209273e+00 6.679649698669867242e+00 6.432416227329239788e+00 1.211894309307219153e+01 2.857686960688510691e+00 1.053124941621847555e+01 1.219571734167992894e+01 9.313774844916069995e+00 1.265876823086547809e+01 1.374487939965910321e+01 1.359843235776100201e+01 6.097574463416322033e+00 1.112945741161810886e+01 9.208046257682090285e+00 9.133252502381404625e+00 4.457882015107499818e+00 1.040672791565990352e+01 9.496781448826808969e+00 3.319053187276187700e+00 1.012544528191317639e+01 1.131207351893392143e+01 7.684100509391753597e+00 8.511752739661130107e+00 9.222669057359729194e+00 9.187699483239534004e+00 1.985505471446770365e+00 5.584685278755340043e+00 1.318377723382134015e+01 1.280046642861177553e+01 6.726354255746983313e+00 1.083679996472158358e+01 9.834567004099515231e+00 5.847155823186010792e+00 6.982991364393999589e+00 1.056590151080528095e+01 8.783223746793048292e+00 1.082479400100943678e+01 1.087100284351352641e+01 1.098163717259942729e+01 1.539097116826903644e+01 1.218515588664786087e+01 1.839526696998008193e+00 1.477151281983500652e+01 1.024996071908861417e+01 4.951049752730182441e+00 2.010098132634500878e+00 7.605465347685382405e+00 8.217629238727491625e+00
8.147992053082081298e+00 2.021433103763945027e+01 2.029417601441309316e+01 8.238680515583736153e+00 1.603993342836375291e+01 0.000000000000000000e+00 1.501176303404951540e+01 2.531869651997928017e+01 8.002327811839991867e+00 1.260076101823788974e+01 1.412272465591531656e+01 2.093443164218164654e+01 1.951188257141085458e+01 1.000499168762955016e+01 1.566497654405466378e+01 1.281484515971140858e+01 1.007543727308548220e+01 4.672310589817143978e+00 2.390249626028779062e+01 4.435924521087919459e+00 2.200314452149920186e+01 4.109173057831970510e+00 1.193987617621365871e+01 1.734413213989649805e+01 1.676748890912556078e+01 9.246587378293419590e+00 1.604771866701810978e+01 1.326711073603480351e+01 1.348099783680060249e+01 1.174766275665084336e+01 2.208378045026504566e+01 1.854456400007467209e+01 1.694623281158317951e+01 3.494433527190703437e+00 7.641365502824208455e+00 5.195401532155954349e+00 1.830428681564061932e+01 7.269316395312952928e+00 1.228193378055174279e+01 1.980212638426329264e+01 1.544113568577163775e+01 1.701789352884648920e+01 2.792675692034973789e+00 7.104179045570393036e+00 1.180308430504423534e+01 1.145458616269988639e+01 8.123892951422462261e+00 9.861822269257530138e+00 5.813222369112303056e+00 9.411742862555287914e+00 1.782908452166810775e+01 1.386880746534376385e+01 2.196373946031734548e+01 1.015981837124281029e+01 2.160251054335548204e+01 9.746152306044606917e+00 1.397826932843813097e+01 2.424967832171447313e+01 1.924241104170253180e+01 1.487083492451829514e+01 6.088406836481841111e+00 2.944667294101652288e+00 6.262619056616065549e+00 1.354340064500722818e+01 1.179051666208033922e+01 2.408546891754246744e+01 1.134321271294850320e+01 1.203185143813606217e+01 2.191488825057210832e+01 2.037928976138398340e+01 1.685822752010263059e+01 2.191888324608378369e+01 1.553781769672846913e+01 1.742121451316184633e+01 2.311180195804881166e+01 1.160124364499529115e+01 1.450727631598076073e+01 1.474428481273229252e+01 2.010536388080240400e+01 1.601149121878130543e+01 1.313146539886115072e+01 1.340597021013873125e+01 1.815241989269479461e+01 9.467972867719071317e+00 1.380773525643451904e+01 9.625483292816024772e+00 1.847672206182496524e+01 2.175702254774988731e+01 6.631083109665006248e+00 6.297606604019552634e+00 1.688722044609660955e+01 1.758148827245707757e+00 1.421775781204396694e+01 1.723050246681786390e+01 1.716581892481547467e+00 2.335552579186675359e+01 2.053753874788414180e+01 1.535388425397475309e+01 1.921183571261533274e+01 2.369969094851412805e+01
8.253069892328452895e+00 1.937068925563284338e+01 8.144139253975868797e+00 1.911498246401707135e+01 1.371831991886637780e+01 1.501176303404951540e+01 0.000000000000000000e+00 1.422746752404384019e+01 1.111443368342230364e+01 2.150767277512206022e+01 6.981062768735173840e+00 1.355954172326510943e+01 8.032190145239285428e+00 1.634666115018529453e+01 1.875944148119143762e+01 1.213933091295847255e+01 5.591378347571048124e+00 1.040403376412586134e+01 1.241472562272090663e+01 1.518304469008011459e+01 1.516631549765891229e+01 1.749274413841846965e+01 4.127176559569541325e+00 4.039170071279582608e+00 2.188276082337648276e+01 1.975293097118992236e+01 1.049620853431180123e+01 1.650323715794979051e+01 3.657280689622202985e+00 8.760921279181319576e+00 1.136995501752768334e+01 1.114200620331527425e+01 5.039979320319666556e+00 1.317871161928636603e+01 8.699899224230028594e+00 1.060709575234133517e+01 1.674987224213316495e+01 1.422059527877513219e+01 1.447006275560064026e+01 8.288829255280230512e+00 2.028354620861144042e+01 8.674420904750986594e+00 1.222285563704847355e+01 1.712930870140886697e+01 7.042587751705754684e+00 1.886035200563975422e+01 7.090444355350919992e+00 1.392963207078517485e+01 1.228213615653534241e+01 8.369569789777724367e+00 1.915253709203218691e+01 1.028658262044587346e+01 1.048401158600416139e+01 1.172325719357083607e+01 1.377150993724294636e+01 5.875190666968755693e+00 1.275356581767507258e+01 1.493509563735393719e+01 6.367562331426202427e+00 4.574344774474828235e+00 1.727381916002333995e+01 1.528049668998938948e+01 8.749770724291975554e+00 1.902312832810304855e+01 3.481313911650195436e+00 1.270227192897498369e+01 2.169678699636530084e+01 1.625312771125629752e+01 1.039016217528199171e+01 1.710389841377219255e+01 1.072900779503015301e+01 1.724017918947261663e+01 2.673004134232084272e+00 6.609070621774652210e+00 1.326751759391476604e+01 5.355747407982501151e+00 2.211325334792625341e+01 1.461333189391267950e+01 9.855884569994366018e+00 1.960845066681756066e+00 2.147309966445460905e+00 1.965190812043371693e+01 2.103752274781667708e+01 2.009627417542468208e+01 8.825234921131613675e+00 1.789833937780847606e+01 6.416438985199288680e+00 1.026339714077647614e+01 1.052982660647593605e+01 1.690409651559734172e+01 4.447553556680867715e+00 1.600231068801818424e+01 1.732251241803604236e+00 1.234777937072059828e+01 1.367831273859319374e+01 1.566368531494716265e+01 1.192773687341061617e+01 1.174873637283642225e+01 1.521258231263076688e+01 1.252148314831389619e+01
2.065849723985081354e+01 8.100283134662314311e+00 8.199285235774661729e+00 2.051780038555101271e+01 9.836634810192634859e+00 2.531869651997928017e+01 1.422746752404384019e+01 0.000000000000000000e+00 1.775286568986937041e+01 1.367554999037314722e+01 1.126537578363293868e+01 6.422326889906776692e+00 6.220532492956381887e+00 1.559526826994394000e+01 1.018753377625970913e+01 1.445166915304204025e+01 1.596666425213106955e+01 2.076359897971557089e+01 4.300078561362748353e+00 2.105400755720944872e+01 4.175579415391370119e+00 2.443206141040824164e+01 1.724301506645248949e+01 1.076541400233776180e+01 1.143896017799966103e+01 1.665530050716776600e+01 1.090296023250536273e+01 1.340820543424871047e+01 1.336946684298900223e+01 1.450764374452701411e+01 3.339915871863802010e+00 6.870247583721617701e+00 9.271790280531755357e+00 2.214213169293413586e+01 1.767733101715504418e+01 2.277853526770038073e+01 7.333611590900908972e+00 1.828540303033559766e+01 1.327666434573990273e+01 6.399382607116060662e+00 1.044824805936607426e+01 8.521686734370145899e+00 2.339443038488787963e+01 1.840427353596846416e+01 1.380541075451280264e+01 1.402447800879317441e+01 1.855610535810761164e+01 1.574208649539131954e+01 2.033425917733050525e+01 1.658587990708668158e+01 8.745924703712134374e+00 1.277647669768659711e+01 3.998880565698771594e+00 1.611924152759904416e+01 4.187044203071252468e+00 1.845846031445057633e+01 1.228184573933609691e+01 2.493812611606442076e+00 9.268176870140367285e+00 1.117964462743193188e+01 2.182960356637572730e+01 2.313141749949962289e+01 2.069343594985609514e+01 1.205270275388486567e+01 1.551200885565753751e+01 2.133880768135000494e+00 1.540489528026428268e+01 1.401094664449222549e+01 6.491577748804757242e+00 6.201683350414890938e+00 8.901436662547697054e+00 5.895038445440676789e+00 1.159393523161567607e+01 8.229051788515299393e+00 2.374997235682218655e+00 1.409244987314405684e+01 1.236842674292777566e+01 1.168626905561356999e+01 5.416850773069283420e+00 1.252639107038011979e+01 1.585369794035500668e+01 1.225478165990793045e+01 1.011933393328683195e+01 1.858771883638732092e+01 1.190265605139456362e+01 1.601569718150277666e+01 8.440345192755742687e+00 4.949857608637199924e+00 1.912244429887942232e+01 2.007007386869746313e+01 1.009123662032633639e+01 2.475913928868932246e+01 1.371639121276397155e+01 8.326156688543328244e+00 2.362446474376894656e+01 4.145146397267718719e+00 5.007486146834269292e+00 1.018026433722539004e+01 7.581362600999477230e+00 1.754464861887177651e+00
7.934751512935299900e+00 1.497784994101287204e+01 1.415764953740834109e+01 8.005102916423300741e+00 8.313273860940194382e+00 8.002327811839991867e+00 1.111443368342230364e+01 1.775286568986937041e+01 0.000000000000000000e+00 1.050572918645956122e+01 7.453820027210388943e+00 1.386865563799645784e+01 1.263084573381987852e+01 5.232227466762987333e+00 1.037784489665764021e+01 5.037115808254786664e+00 5.638070167680335310e+00 4.781604535728025240e+00 1.703174463052225462e+01 4.295415226120911534e+00 1.668492060744413052e+01 7.824179288175512781e+00 9.474095164768151278e+00 1.199328243724009546e+01 1.222508101017490922e+01 8.638497287767631150e+00 8.450873720531916433e+00 7.056961386013612447e+00 8.041733951188893670e+00 3.761420512629317869e+00 1.451960835488656798e+01 1.117937615318863642e+01 1.051472971321130601e+01 4.949612913197409370e+00 3.114170123863036821e+00 7.032582611791154292e+00 1.306082364718175803e+01 3.106161595352830318e+00 4.667794303684923207e+00 1.301367586461599757e+01 1.024412724809615760e+01 9.945122634569445452e+00 7.003912671378753174e+00 6.014875017986563321e+00 5.462391754925526755e+00 7.745918322217447916e+00 5.598103070557586491e+00 2.827773479951258384e+00 2.584189197012545236e+00 2.744863893644579278e+00 1.259018390681629107e+01 6.177367792777364031e+00 1.499997897789042156e+01 2.416408980310388532e+00 1.434864710700597179e+01 7.552869555150921954e+00 6.251609761014573330e+00 1.844748029589520755e+01 1.342866255937863684e+01 8.754705926493073775e+00 6.480502211947664293e+00 5.862506202253369381e+00 5.438023008180068452e+00 8.192459913470322874e+00 7.721469294320040255e+00 1.687190607311774571e+01 1.058235331294299897e+01 5.287727805542520088e+00 1.511745555312703537e+01 1.514038914653215606e+01 9.299129645250848952e+00 1.668201245397665033e+01 9.961903523686057582e+00 1.060112474946778960e+01 1.642798361933786211e+01 6.065330012380190539e+00 1.114512992301001937e+01 7.278840055779063789e+00 1.289180103637766805e+01 1.149828709260667559e+01 9.660115203347212187e+00 8.741814715055705065e+00 1.293168541477557731e+01 8.981840492002380216e+00 6.291257413724730796e+00 6.783905694386166196e+00 1.220996261570874175e+01 1.492935049723964980e+01 2.602583083918227125e+00 5.797728255992566027e+00 1.096453035120116759e+01 7.580399944962630698e+00 9.737489816025169276e+00 9.503842899394298271e+00 6.529485786701917149e+00 1.811662517701493869e+01 1.286728063240691000e+01 7.627224686551194566e+00 1.392470406521830917e+01 1.613386011840422540e+01
1.774220390225994848e+01 7.782603553910172778e+00 1.989376944855255758e+01 7.636795134429088527e+00 8.582118910435328374e+00 1.260076101823788974e+01 2.150767277512206022e+01 1.367554999037314722e+01 1.050572918645956122e+01 0.000000000000000000e+00 1.467165446384245087e+01 9.924891907935734281e+00 1.499028472611939655e+01 5.279423395820931120e+00 5.091744154163107439e+00 1.054110527116393214e+01 1.608104586191841179e+01 1.288264343997872174e+01 1.666652208269232105e+01 8.202101527600413888e+00 9.857618944486072010e+00 1.155105615928630414e+01 1.991717038925652261e+01 2.034308382964838202e+01 4.264582540567718461e+00 3.781908709850579697e+00 1.140047825546534099e+01 5.010548286379264304e+00 1.810558818750144994e+01 1.314168751802163726e+01 1.256583182051196346e+01 1.208695256577798105e+01 1.701360684362266440e+01 1.030612420360062131e+01 1.329341308215019879e+01 1.591856836237376704e+01 6.720082033786633602e+00 7.412555774675340103e+00 7.769494366636759963e+00 1.772375615572831364e+01 3.227408114371675740e+00 1.366887623573964738e+01 1.326277324712107486e+01 5.534744040872165982e+00 1.557414929320336050e+01 2.786051771174992808e+00 1.560988948888294914e+01 7.727078416915493797e+00 9.684726499172279901e+00 1.318783958788265487e+01 5.497637089287144008e+00 1.266453179341371538e+01 1.477410052679593377e+01 1.010449947187582964e+01 9.941921522261623068e+00 1.766735370433062968e+01 9.947247915501073123e+00 1.207874959079665445e+01 2.051403549185466701e+01 1.710312770117174352e+01 8.948598315253788016e+00 1.025669670662375310e+01 1.516105421048002810e+01 4.074189754672056019e+00 1.816444498855812029e+01 1.486757753516334191e+01 2.155044751332459985e+00 5.365219094512948317e+00 1.828356432990685931e+01 8.114224240408164590e+00 1.148760717937233622e+01 9.535031910509347952e+00 1.910142637518960029e+01 1.547817443901361756e+01 1.135552241084595515e+01 1.650830570661826613e+01 1.981888339805826238e+00 6.984477741118969796e+00 1.364061887279031104e+01 2.097424455605110793e+01 2.010309089758528955e+01 2.109554953818274736e+00 5.703333993893441090e+00 5.706713585265391409e+00 1.353116325593688529e+01 3.774542053586204204e+00 1.865715274780006894e+01 1.656845367374438283e+01 1.155055360212992710e+01 7.194557650170168905e+00 1.877328122428890467e+01 1.188362307016201314e+01 1.997450874290353084e+01 1.042164560743333723e+01 1.157561724786382484e+01 1.104351063461737859e+01 1.156051267185004328e+01 9.848901740746608624e+00 8.367167019807839168e+00 1.315979973433912242e+01
9.462525375786857040e+00 1.389023168427909383e+01 7.140934393933395796e+00 1.487584764749488109e+01 6.882301607586769343e+00 1.412272465591531656e+01 6.981062768735173840e+00 1.126537578363293868e+01 7.453820027210388943e+00 1.467165446384245087e+01 0.000000000000000000e+00 8.079084151911365197e+00 5.401781550764243711e+00 1.045546147574415841e+01 1.327898390983769339e+01 6.333269595650714123e+00 4.770692388067113043e+00 9.567627115651609060e+00 9.792395239641178861e+00 1.136277336390164017e+01 1.021374095449723995e+01 1.497959647726514554e+01 6.507518767297447937e+00 6.306295910213233213e+00 1.632047001642355610e+01 1.402058520017140708e+01 3.659061153896506990e+00 9.667218846670179389e+00 3.537809257478133684e+00 3.737235961151241792e+00 8.030459713918707720e+00 4.889469924766348896e+00 3.181048084974668289e+00 1.094615982887017047e+01 6.481359153091101888e+00 1.158256340363642600e+01 1.126941467077941361e+01 9.741942775440582736e+00 7.634044444321030909e+00 5.692025363616678213e+00 1.423877735144927925e+01 2.907792508199864567e+00 1.219845852082394266e+01 1.248163708348879730e+01 2.609438890448858572e+00 1.205840178898630199e+01 7.360133494043672009e+00 8.965689970236143225e+00 9.479453568628921190e+00 5.389908043022741069e+00 1.367207952067843735e+01 3.824819310306703191e+00 7.853638439670734606e+00 6.501860544398595287e+00 8.354975767177966972e+00 7.262488450386609173e+00 5.948750606514211725e+00 1.195999038965876693e+01 6.778706621733372906e+00 2.460647726055931184e+00 1.354313693087121173e+01 1.274086725029785150e+01 9.497464085792147515e+00 1.218711001682343564e+01 4.498695550953196509e+00 1.003214818119614549e+01 1.511576877077363790e+01 9.417109399976681061e+00 7.804787229925491232e+00 1.162344084241844300e+01 3.893833790204829448e+00 1.185742536877900477e+01 4.628421356976328838e+00 3.311113492515226575e+00 9.940493713101428597e+00 2.840050458867346528e+00 1.527723503664664761e+01 7.777313582633064826e+00 6.052043144456070500e+00 6.693550049721812556e+00 6.022040354844138577e+00 1.281588980915410048e+01 1.555706517646292397e+01 1.528879866957447220e+01 1.914356068303558756e+00 1.208687824223328988e+01 5.062613369415808862e+00 7.646921527103282656e+00 7.926472434815458712e+00 1.271602223913259344e+01 4.581260848943782271e+00 1.401377295428873637e+01 5.321243266457569732e+00 5.576893568662772971e+00 1.242849287970498651e+01 1.167870169252891444e+01 6.484218011537816295e+00 4.913562368011099579e+00 9.732124741277019098e+00 9.646370212167790115e+00
1.708812929914360979e+01 5.841140911294188776e+00 1.004013021178081999e+01 1.598385156816153696e+01 5.952424758319728504e+00 2.093443164218164654e+01 1.355954172326510943e+01 6.422326889906776692e+00 1.386865563799645784e+01 9.924891907935734281e+00 8.079084151911365197e+00 0.000000000000000000e+00 5.671460336823306747e+00 1.159103412303548453e+01 5.269455098126987203e+00 1.056745910116912412e+01 1.239629631142386934e+01 1.719323103900836713e+01 7.683377790282147402e+00 1.653551607871381535e+01 4.265535832008628070e+00 1.989811259301875523e+01 1.456928111743265220e+01 1.131252602031094590e+01 8.352780660939400192e+00 1.211832030714037600e+01 7.103835636292974876e+00 9.523995382375794350e+00 1.141658509603674609e+01 1.093727580381981745e+01 3.378747965169329515e+00 3.253563998852191386e+00 8.840856241087596601e+00 1.850380044407965485e+01 1.410696307644786174e+01 1.920816732699319473e+01 3.205676169524554808e+00 1.424350998253225242e+01 9.392454293866986603e+00 7.822012207835183695e+00 6.743803964172291998e+00 5.989062253548270043e+00 1.982406244418069718e+01 1.386645689524936031e+01 1.023504281380561132e+01 9.499814013724961370e+00 1.498573741740042209e+01 1.185787644351839987e+01 1.645004912545758557e+01 1.301551196637949204e+01 5.622556929595101671e+00 9.206108756979396901e+00 5.130755488731916003e+00 1.223503147572612093e+01 2.358982221262500900e+00 1.488809237374336014e+01 8.397635687463186116e+00 6.541504034505744691e+00 1.081399063276580996e+01 9.763440365037162394e+00 1.729565474898624089e+01 1.859479335910899778e+01 1.712306800914890204e+01 7.456368361196471284e+00 1.255412108364543222e+01 6.281638862164664161e+00 1.148223948789453530e+01 1.012673659261930759e+01 8.459515597011623811e+00 3.574350069433540611e+00 5.185817204233080346e+00 5.297409884405751335e+00 1.104486307548259560e+01 7.197093970778378313e+00 4.664505205880222327e+00 1.070265229185446287e+01 8.748748280315565395e+00 7.802059003740660970e+00 3.730391392868958267e+00 1.245375174627583625e+01 1.390081619340275587e+01 8.237788890616112525e+00 7.507542585379588296e+00 1.405377001899784162e+01 8.332288110687372296e+00 1.147774137306016584e+01 9.362754447516779877e+00 6.687283851365164011e+00 1.555207635817220790e+01 1.553366598795037667e+01 1.014099109624243056e+01 2.022273140794221646e+01 1.259371547281767256e+01 4.441946636670426329e+00 1.990132887484264046e+01 6.139608320818635612e+00 1.694590311133498339e+00 6.296054285352481905e+00 1.722595929566314243e+00 4.862330910392866024e+00
1.485168329128239684e+01 1.148260786919103182e+01 5.366953907695098280e+00 1.681345638181182878e+01 6.408165815684062849e+00 1.951188257141085458e+01 8.032190145239285428e+00 6.220532492956381887e+00 1.263084573381987852e+01 1.499028472611939655e+01 5.401781550764243711e+00 5.671460336823306747e+00 0.000000000000000000e+00 1.116058078925981611e+01 1.087136009474963316e+01 9.415221739507256160e+00 1.015985030356265106e+01 1.495678503114715241e+01 4.403260051533132824e+00 1.639298971928243986e+01 7.276163814591949830e+00 2.025398092191522537e+01 1.122955907227507311e+01 6.001593347104915210e+00 1.399467943693467475e+01 1.463971558550182195e+01 5.581881646085114390e+00 9.979736439740133136e+00 7.294304153284679515e+00 8.925785289556831259e+00 3.479282899710023358e+00 3.273225198002691183e+00 3.202395955948566186e+00 1.633531774436571382e+01 1.187051706858664879e+01 1.697172131913197290e+01 8.861790855691353386e+00 1.375155668734524461e+01 8.729065846233492465e+00 2.763680209882958927e+00 1.239546482216963241e+01 2.728938623972232858e+00 1.758761643631948246e+01 1.410820339810161173e+01 7.998596805944400145e+00 1.253372093362063389e+01 1.274929140953920914e+01 1.118422443272133648e+01 1.486861148412445921e+01 1.077906595851827909e+01 1.126445570559037535e+01 7.213408966387179433e+00 2.452369138551969918e+00 1.109276130664366455e+01 5.882515877804225468e+00 1.265164636588214897e+01 7.622130441386107513e+00 6.931788846425142481e+00 5.787551525995865198e+00 5.082293965025582949e+00 1.759893698150940722e+01 1.813002516579339130e+01 1.488662200128768731e+01 1.250574027910038843e+01 9.567131342704374930e+00 4.672756735072923995e+00 1.554141831806547280e+01 1.003883929184442891e+01 4.034030277356708716e+00 9.215817027330386324e+00 3.912299222018682521e+00 9.350027506405659494e+00 5.373402738659292410e+00 2.095873802952429532e+00 5.376845476097107834e+00 8.229208374362887213e+00 1.439907477787751588e+01 8.103159663068410623e+00 1.972014966370485789e+00 6.927964111053792173e+00 9.778535250650676858e+00 1.313452007143105149e+01 1.314944136137486375e+01 1.593009653269638015e+01 6.339588320095151275e+00 1.273480570432428927e+01 4.170188141262426207e+00 2.548055533284252494e+00 1.331563035031099851e+01 1.583744359892017961e+01 4.656592486459084412e+00 1.940293086978427439e+01 7.529732636324915518e+00 4.589590924008211559e+00 1.781765079520052808e+01 7.773533631880196637e+00 4.039655486968811715e+00 5.584204180718338684e+00 7.324500926188960648e+00 4.507216642305881926e+00
1.265136834906388152e+01 1.087253505075628546e+01 1.624535010833788107e+01 5.652875592552005557e+00 6.110324543148348830e+00 1.000499168762955016e+01 1.634666115018529453e+01 1.559526826994394000e+01 5.232227466762987333e+00 5.279423395820931120e+00 1.045546147574415841e+01 1.159103412303548453e+01 1.116058078925981611e+01 0.000000000000000000e+00 6.321579024908497324e+00 5.534568145625316404e+00 1.087029763444332353e+01 8.152830709037822032e+00 1.541464883531716090e+01 5.595334136049032736e+00 1.266134853461602461e+01 9.256702676266902685e+00 1.470479901720045923e+01 1.612689084155007890e+01 7.430079528575573633e+00 3.907166857182924335e+00 7.118515662224535134e+00 3.776251180988535516e+00 1.327396141795188456e+01 7.993801012260791872e+00 1.236201093496113579e+01 9.048644289378962924e+00 1.279741385552437904e+01 7.420178305097471672e+00 8.148843293505517948e+00 1.091514237972011792e+01 8.962490828757442074e+00 2.874335306677483270e+00 2.976179514518336955e+00 1.366370395885939359e+01 6.099339698888466721e+00 9.467569374691867878e+00 9.673941231119554729e+00 2.997446022805959398e+00 1.060965650126687265e+01 2.563684373627320046e+00 1.048320422078573699e+01 2.579191911154654182e+00 5.471004929697547148e+00 7.977091360407566611e+00 8.487288534784934058e+00 8.034881180668598688e+00 1.289666896730169654e+01 4.956612966114992247e+00 1.219104968708053249e+01 1.253050928957091870e+01 5.427282626316030090e+00 1.490788233483132430e+01 1.629784250375638166e+01 1.288693471307345639e+01 6.607954222954636414e+00 7.695728747621628507e+00 1.006051485490864472e+01 4.195322049536287956e+00 1.295369676108303025e+01 1.476836580588890158e+01 5.587370647089882070e+00 2.135195227705227072e+00 1.517163014142223609e+01 1.103749377450080438e+01 7.383201180021506715e+00 1.257708725920063131e+01 1.488523338709131139e+01 1.127087055889373879e+01 1.377000597116566283e+01 1.129755747914318320e+01 5.926174591126423863e+00 4.926863554059002226e+00 1.078826076914882570e+01 1.673051455936967002e+01 1.489234267011020307e+01 4.068560829588744987e+00 8.810623905811619139e+00 5.069205807757676929e+00 9.209321941754355478e+00 1.910979519297281159e+00 1.444095975970177825e+01 1.370678025602359185e+01 6.485142851847192524e+00 4.784507180907265678e+00 1.455708823619061576e+01 9.341820516231557292e+00 1.496971728278815483e+01 7.347357612174998387e+00 8.870152350347018100e+00 1.401372980498358167e+01 1.070968321248147781e+01 5.714133608608601200e+00 9.868438193469170727e+00 1.397626269847878966e+01
1.831259640959293478e+01 5.263995902625972612e+00 1.524002996970714996e+01 1.071439647003454887e+01 8.282959446603644693e+00 1.566497654405466378e+01 1.875944148119143762e+01 1.018753377625970913e+01 1.037784489665764021e+01 5.091744154163107439e+00 1.327898390983769339e+01 5.269455098126987203e+00 1.087136009474963316e+01 6.321579024908497324e+00 0.000000000000000000e+00 1.024194580733225024e+01 1.589757346223405143e+01 1.442424476448540815e+01 1.288327754820847382e+01 1.126606098058682370e+01 6.736718523934346337e+00 1.462865749489177247e+01 1.973369798957215338e+01 1.651242577823727231e+01 5.602268339973396571e+00 6.848865209013387023e+00 1.110131879163365731e+01 4.711388822547577959e+00 1.661648485396307606e+01 1.295821511833727691e+01 8.578647723095656374e+00 8.453463756778520022e+00 1.404075599901392657e+01 1.323434534595267209e+01 1.343277163960182818e+01 1.698578883677946294e+01 3.011408054223136510e+00 8.974054884405266108e+00 7.480524023810683154e+00 1.302191196576151277e+01 2.984301638245088206e+00 1.118896201147459557e+01 1.559100559171647049e+01 8.597001797122372224e+00 1.527498982937167504e+01 4.230358915597972391e+00 1.587375682936835375e+01 7.783928546740220611e+00 1.149853854382802432e+01 1.300436718819829451e+01 2.851663243700233163e+00 1.236537232958203170e+01 1.033065524665824242e+01 9.921027072191474616e+00 6.316704776851468139e+00 1.781342642957165978e+01 9.648088451669391219e+00 8.983252324149654910e+00 1.601389039069213638e+01 1.496334012296349236e+01 1.202619965085924569e+01 1.332533826098201502e+01 1.573185541198114379e+01 2.186913263069484525e+00 1.775402084157175864e+01 1.127918993959549354e+01 6.415467525368644175e+00 5.090117091115127224e+00 1.365941535493795378e+01 5.112863763819125218e+00 1.038571696215940676e+01 6.710998527435367400e+00 1.624476283340892735e+01 1.239699372870470562e+01 7.826913137899578210e+00 1.590255204978078929e+01 4.807659661520730765e+00 6.685318277287282562e+00 8.930291150795284238e+00 1.765365150420216978e+01 1.910071595132908229e+01 3.137815197891038910e+00 4.930499154863452027e+00 8.784314920870851751e+00 1.323200379210519984e+01 6.208286274933177751e+00 1.456265420544310807e+01 1.188718360929149043e+01 1.255578930890654377e+01 1.026421088982338503e+01 1.534089085416876053e+01 1.495327630981523370e+01 1.779361523074399543e+01 9.641846394596752745e+00 1.463187377671565770e+01 8.089099794301901625e+00 6.894490069059826531e+00 9.549742276914928496e+00 3.546859168560672959e+00 9.581213635875403867e+00
9.971966806893703961e+00 1.484195085168748030e+01 1.264869162537003611e+01 1.082852572344466147e+01 5.012077324112860666e+00 1.281484515971140858e+01 1.213933091295847255e+01 1.445166915304204025e+01 5.037115808254786664e+00 1.054110527116393214e+01 6.333269595650714123e+00 1.056745910116912412e+01 9.415221739507256160e+00 5.534568145625316404e+00 1.024194580733225024e+01 0.000000000000000000e+00 6.703886593137069028e+00 9.229804252523102548e+00 1.381734653061320905e+01 8.388047387738984284e+00 1.338372407061679858e+01 1.231376170946380100e+01 1.074344571358223632e+01 1.221334415264754725e+01 1.218992082374503383e+01 9.366917321750079850e+00 3.970585496773743284e+00 5.545389583355485819e+00 9.039896210309750657e+00 3.405255090126568795e+00 1.121841181805923426e+01 7.878179616361304483e+00 8.812649608030211468e+00 9.847942303157010357e+00 6.874906115231585346e+00 1.148078232858623160e+01 1.292492455785636452e+01 5.859636406255360974e+00 2.782323636505883435e+00 1.055424490895645029e+01 1.010822815877076231e+01 6.743272952347573401e+00 1.162368842099054866e+01 8.073989734489604331e+00 6.076005736514057176e+00 7.859404581423937941e+00 7.846405224716680671e+00 3.688534033569231596e+00 7.569221969764908131e+00 4.173279399953022661e+00 1.245428481749089222e+01 2.520093469412568510e+00 1.169878244106308784e+01 2.678226287045077481e+00 1.104745057017863630e+01 8.969612088464465671e+00 2.318145753535688414e+00 1.514628375906786850e+01 1.247701579458542653e+01 8.760299794902891790e+00 9.773821884323753650e+00 1.056461962028447132e+01 9.739384550482558467e+00 8.056560824144924027e+00 8.786395817448793721e+00 1.357070953629041021e+01 1.088837804147770072e+01 5.184566023415985825e+00 1.252898231695008491e+01 1.411181579167620725e+01 5.997933108423519677e+00 1.474047962476257467e+01 1.086303279029895208e+01 7.895806576762232076e+00 1.312678708251053017e+01 7.068700573642986207e+00 1.114668584396812889e+01 3.977643518951734070e+00 9.590604499550336115e+00 1.249644935172753080e+01 1.072550920891276327e+01 8.685340616475585307e+00 1.279578632545018202e+01 1.054245213656393076e+01 4.433615054693057722e+00 7.298936803085893210e+00 1.060254126925181417e+01 1.177683883922356856e+01 7.050782800713307985e+00 8.757834367141178689e+00 1.055870821978215091e+01 1.223553869876626088e+01 1.074833962781111651e+01 6.202646362566968996e+00 1.151959821778542192e+01 1.486499506193801601e+01 9.566084095579578062e+00 4.326028149723859961e+00 1.222049969053478158e+01 1.283266358157688991e+01
