0.000000000000000000e+00 1.032963366819016127e+00 8.876415479239985196e-01 1.026044236908925766e+00 6.947921512954219336e-01 6.341981619652955482e-01 5.276642556436341724e-01 4.830817922975974565e-01 4.157834155919584163e-01 4.001131458168282751e-01 3.488724329127283474e-01 6.880593429681279849e-01 9.056084004351593331e-01 7.819263921836446807e-01 2.849299664641882779e-01 7.680408058399105231e-01 4.498292064444792682e-01 2.513801183412315843e-01 6.298358189980122201e-01 2.232276741844754220e-01 4.964934723625329394e-01 2.076195491344056121e-01 2.077470289448984375e-01 6.704620738340377750e-01 3.774958436982361887e-01 4.872518833599350785e-01 7.423728709555502681e-01 4.463540300861885690e-01 7.985120876791947930e-01 6.225689438070564075e-01 6.207000995899680795e-01 1.650284409912652628e-01 2.565133850756518008e-01 9.128433299339452356e-01 8.919355299983899865e-01 3.214585319025114463e-01 7.367787686198614683e-01 1.468109247209617163e-01 8.849351862152036174e-01 2.824751884418753023e-01 1.539576252525419742e-01 5.922795215129234014e-01 4.089142710385197943e-01 4.828953609638833577e-01 6.835584477168513695e-01 4.988686943273157315e-01 1.306231281492408192e-01 3.618677986474473918e-01 3.453891554837544287e-01 5.835455311431627656e-01 4.015808072763379921e-01 7.418817101236414580e-01 6.883181981850517994e-01 5.252342324773447979e-01 6.196735573899556648e-01 3.282483984481870398e-01 3.127924098211704029e-01 2.666366266110203886e-01 2.886846629602996539e-01 3.864993834885872004e-01 7.932043834394497672e-01 6.279524656492879719e-01 2.431139558333539341e-01 5.285988994188834944e-01 1.072607007231155540e-01 3.376136154332577965e-01 6.833326242961367258e-01 5.036458100684895189e-01 2.130546204872899307e-01 5.774464162318792004e-01 2.523043831024988637e-01 3.110932188260209230e-01 3.303402209059898564e-01 1.167339311670385626e-01 8.662438370418251710e-01 7.334125154179863548e-01 7.473101006112492506e-01 9.484738329790133315e-01 8.240944672819379146e-01 1.074607448935038789e-01 1.481533588815616698e-01 3.934815354124104325e-01 7.139748967741137431e-01 3.735458080482541576e-01 4.065029407993826505e-01 5.783406983833518922e-01 5.265997585631513322e-01 9.360175414829715601e-01 5.978652683143809154e-01 8.841887273807043091e-01 3.915410552048627646e-01 8.839040860352782580e-01 4.409053073329153305e-01 9.229929611342864437e-02 5.905453173893596697e-01 9.528294731236207626e-01 6.813966695080504454e-01 7.281703656190112728e-01 3.398067541846690465e-01 4.116937984101267656e-01
1.032963366819016127e+00 0.000000000000000000e+00 8.880654220041495073e-01 8.384487393174812064e-01 1.218399494177195841e+00 1.247190524489532493e+00 5.400921191807532828e-01 7.964160870082848120e-01 1.448661616836673716e+00 8.952916462035654943e-01 9.113053462313981390e-01 5.174297215061627320e-01 8.365025482730328310e-01 5.768588670492665882e-01 7.583311464509974176e-01 2.743922640840403826e-01 7.057023273484952508e-01 1.273626131048501753e+00 7.558283706207924446e-01 9.335734028711606403e-01 6.014000051268455493e-01 8.593464105080447224e-01 1.000535973604836704e+00 6.162444591256894810e-01 7.219306611107617622e-01 1.019671621679362428e+00 7.062995546623743737e-01 1.080781247930793887e+00 7.821001349531229163e-01 4.198471475143222276e-01 5.357178928833817855e-01 9.730575051742084147e-01 1.289391586320367544e+00 8.364118329314425004e-01 7.080764886975311478e-01 8.473707816156992312e-01 4.468396724008568133e-01 9.037615716089952844e-01 1.500631986831643672e-01 8.528439220711689916e-01 1.010690363409054715e+00 7.806708032839703160e-01 6.266100054342180758e-01 6.542965141030593346e-01 6.178638903073718769e-01 6.758909262117416272e-01 1.159931581741238782e+00 7.059692597814901660e-01 7.885063506022960134e-01 1.102495479353214458e+00 7.151740307635574556e-01 8.133894855729086881e-01 6.407297484550358302e-01 6.878725282259147145e-01 5.368267385477711873e-01 9.776024894962916933e-01 8.148013496937900335e-01 9.190932441050074786e-01 8.659596344089911524e-01 9.378171581716008287e-01 7.259777345619558009e-01 4.410203767320751700e-01 7.963873448284377599e-01 1.136709443014000565e+00 9.322405999386760289e-01 1.367207772278270506e+00 5.415645139200505609e-01 5.293175567505266077e-01 8.772261498851919859e-01 7.056873430387308188e-01 9.264213676202489589e-01 9.492590771166635744e-01 8.325434981514285848e-01 9.837322569236914838e-01 8.670005065708317193e-01 3.443262315759176295e-01 5.434930684275850465e-01 8.675387984738364144e-01 7.808899048107955654e-01 1.021621271666515396e+00 1.168283651593341022e+00 6.629389923789859029e-01 5.161056483124619731e-01 8.050152011586091394e-01 1.008666196096157819e+00 5.354543508834405108e-01 6.242972619073123841e-01 7.484220438915270002e-01 6.337666678121582908e-01 8.732894153147168215e-01 9.006976492592796424e-01 8.166774371577840697e-01 6.486534951942901639e-01 9.875352005639626007e-01 7.108770206348632437e-01 9.217783129128638564e-02 7.738550614137200689e-01 5.809856201313662316e-01 1.372684955429384734e+00 7.630658221289305931e-01
8.876415479239985196e-01 8.880654220041495073e-01 0.000000000000000000e+00 9.101417011779292521e-01 1.265490504272009931e+00 1.345424637663952039e+00 7.113788152237852103e-01 4.349679485005157886e-01 1.291503444122747091e+00 8.849255191044019808e-01 9.926689085992517203e-01 3.791020613226767644e-01 2.929708328721392085e-01 6.216289196482879253e-01 6.523248743384713055e-01 6.466043901062937804e-01 6.620771197502478556e-01 1.112846168276182102e+00 2.772312226791625589e-01 7.378487824893982250e-01 4.945890050130564153e-01 8.549614770840358036e-01 9.651115299872569109e-01 4.544800453495995152e-01 8.575089862554657882e-01 1.076333944857164049e+00 1.967149096642669126e-01 1.183823812887079052e+00 1.752521113070383552e-01 5.450863502612121048e-01 6.284184605791215406e-01 1.020427594706933228e+00 1.132840339828018239e+00 1.597499570878390673e-01 7.688313790710854523e-01 5.879048993517217436e-01 4.900770740014697702e-01 7.582508036735047252e-01 7.490558609899389264e-01 9.738935197699778445e-01 8.762963598544201149e-01 3.074611157022137387e-01 6.683759795878922993e-01 7.628937741926257177e-01 3.248931054479938796e-01 5.351466847314966246e-01 1.007215744560533199e+00 7.798834429049597006e-01 7.717022090517998700e-01 1.144247804223893050e+00 5.029661906988387443e-01 1.516994185722965183e-01 3.031992772490768040e-01 3.957257739723333279e-01 4.542195005363270366e-01 1.089664203488609928e+00 8.785998216107780978e-01 8.505222797583282812e-01 9.888282643632333446e-01 9.940541014756302252e-01 2.462078904207254115e-01 5.966377318318013545e-01 7.506937605219370369e-01 1.234416600628618355e+00 8.538692222182745484e-01 1.205430438248495051e+00 5.383348642899837833e-01 6.018286202668113871e-01 6.747399447554879304e-01 4.379621574238325987e-01 9.851091239594884641e-01 9.143646315995554996e-01 6.606837403092599148e-01 7.964860696830142750e-01 1.582820738621786294e-01 5.459505773092743208e-01 4.158839399184051100e-01 2.557293409514339588e-01 1.217786962532617784e-01 9.707860012382426573e-01 1.007503688821020926e+00 5.890394658989265286e-01 6.065039200077633197e-01 8.742566713967816483e-01 1.105423937245286758e+00 6.557507691669036687e-01 6.690698864140592894e-01 8.247131994553731360e-01 5.367292661104843265e-01 9.334116006769113683e-02 9.477047335149400009e-01 2.161694552134218184e-01 8.018333786581507416e-01 9.419218362318315663e-01 3.485191816766188277e-01 8.092148164152855871e-01 2.109630693575105798e-01 3.070798018727833867e-01 1.212320977741967898e+00 5.835528571701661393e-01
1.026044236908925766e+00 8.384487393174812064e-01 9.101417011779292521e-01 0.000000000000000000e+00 1.143963624335618379e+00 1.205909949084045918e+00 5.320788594884073852e-01 6.537622171645531832e-01 1.414945253631638478e+00 8.027629193321665912e-01 8.815358285274949024e-01 5.930110468416197600e-01 8.714557719545487080e-01 2.957869146443848907e-01 7.951388801798973116e-01 5.649964845379460421e-01 5.762150304644464427e-01 1.236539924447993100e+00 8.261719400319201823e-01 8.069420713504402709e-01 6.606066469410352138e-01 8.624018328487119689e-01 9.311597861421718747e-01 5.110435406550924986e-01 6.618924441341880183e-01 9.499362816238350327e-01 7.175562694848419687e-01 1.036814669592114546e+00 8.313756343469105303e-01 5.430618537525733203e-01 4.053441373189578534e-01 9.115941157001284934e-01 1.256282149336909404e+00 8.626165540227542783e-01 1.553833124329835336e-01 7.328562949841301855e-01 4.458840541029508442e-01 9.347810227020922902e-01 7.046826209676188002e-01 7.850484557457835244e-01 9.041291174044667756e-01 7.446889468146110636e-01 6.538737446814952836e-01 5.616562686622919021e-01 5.883144353414678784e-01 5.395890092868778076e-01 1.141780245952217943e+00 7.005552766751370619e-01 6.898889515578432441e-01 1.026937077634192397e+00 7.590005247086629714e-01 8.382601049505028490e-01 7.032826280177087996e-01 7.785943764901093189e-01 6.417624142107060115e-01 9.281841476184293782e-01 7.961092657772601555e-01 8.204758450605547093e-01 8.165412925311286152e-01 8.700216918462151394e-01 7.645540492187424819e-01 4.332679753349046314e-01 8.181064851508388358e-01 1.095736843286556184e+00 9.539597402610772159e-01 1.328872247757386438e+00 3.995398915664173933e-01 5.625117355989907031e-01 8.351478538216040581e-01 5.834126837076468730e-01 9.018169541359410957e-01 8.516571022533225843e-01 7.018318377463536040e-01 9.135374243178322473e-01 9.162760059646190003e-01 5.165292627277153770e-01 4.951085558198317083e-01 8.961529130263845566e-01 8.056015505839547730e-01 9.596785182723882590e-01 1.131197444992832368e+00 6.997467261078857970e-01 3.223430910050191223e-01 7.317309109299365844e-01 9.684845097273594439e-01 4.557339772210223239e-01 5.081204967540431383e-01 9.830205870438440963e-02 4.717994153864466522e-01 9.133904266365963087e-01 8.175424417575452019e-01 8.531973142483532113e-01 6.199277259719552235e-01 9.894211310426344053e-01 6.576740286015207992e-01 7.536046089108789925e-01 7.670831920584679775e-01 6.127435344467563327e-01 1.335762787250859285e+00 6.267639052040667735e-01
6.947921512954219336e-01 1.218399494177195841e+00 1.265490504272009931e+00 1.143963624335618379e+00 0.000000000000000000e+00 9.098407996442140488e-01 7.063584887780431920e-01 8.305225557714939200e-01 1.081583175072597269e+00 3.866984736769796815e-01 6.168297529683385294e-01 1.013244382234836483e+00 1.302266240944733644e+00 9.118013560075872714e-01 7.710428508966539196e-01 9.466387232257374995e-01 6.389211165806303327e-01 9.085721362895622377e-01 1.041171995531917194e+00 6.229874398138594005e-01 9.175792535381633863e-01 6.917964327790508960e-01 5.140979801317314690e-01 9.239253581309704311e-01 5.100090963547706524e-01 2.127735984130584568e-01 1.097488838405121125e+00 7.362515151026690630e-01 1.215207923893302011e+00 8.752517258682173118e-01 7.588911223898470171e-01 5.756514391686580190e-01 9.207088953729043457e-01 1.271559205987843333e+00 1.012855652723921862e+00 6.902108891696197013e-01 8.617496631677051822e-01 7.745422923361529044e-01 1.076886287905837847e+00 4.211388836700001859e-01 6.049965724731575234e-01 9.658328085016201214e-01 7.580669383661865490e-01 5.823073556733261436e-01 1.020730887021100264e+00 7.715880011038384056e-01 8.090057111824511260e-01 6.356112554439820039e-01 5.077050620670473524e-01 1.287020909614071951e-01 8.384236196660372897e-01 1.134173717137288984e+00 1.107562811083309784e+00 9.408593112520259316e-01 9.782918870898406061e-01 6.221329846002976449e-01 5.924544946064144169e-01 5.079830480255799197e-01 5.086772001890957906e-01 3.217576877106900213e-01 1.195154920399968290e+00 7.773791174451207819e-01 6.965615507592652911e-01 7.997432142336683425e-01 7.624704091076469625e-01 9.976666178597645152e-01 8.584694551085304548e-01 8.142694781459949294e-01 6.973316462850718267e-01 8.697586536637288424e-01 6.102384691414021178e-01 4.290205096716744881e-01 6.066468667461761832e-01 6.971684593804103880e-01 1.277580013575730034e+00 9.180919111921954645e-01 9.550015082178859860e-01 1.322692521006705757e+00 1.182810343335835901e+00 5.976339954347623662e-01 8.042542528581372308e-01 8.329732152950298785e-01 8.268335607371107843e-01 4.292466385542303975e-01 6.738422771627400332e-01 6.929301769006459555e-01 6.692152710983886310e-01 1.053936928909664061e+00 8.260083880423157998e-01 1.275160719786194496e+00 3.273763062221025644e-01 1.285282329013652580e+00 6.102408138803295801e-01 6.659247166521342631e-01 9.390617363092121916e-01 1.133383599227127947e+00 1.056114514880418742e+00 1.041718618005305075e+00 1.004002264481921536e+00 7.022205610224383499e-01
6.341981619652955482e-01 1.247190524489532493e+00 1.345424637663952039e+00 1.205909949084045918e+00 9.098407996442140488e-01 0.000000000000000000e+00 7.070984053087798760e-01 9.789060383543799482e-01 1.031747364537854317e+00 6.374210489447199590e-01 3.592945182319367547e-01 1.045142783332644321e+00 1.311699145160921898e+00 9.707779655242613215e-01 7.089069284428528572e-01 9.761347104968762789e-01 7.743938993939165627e-01 8.607247393946214631e-01 1.071454260989379126e+00 7.878674259924726142e-01 8.593300896808788725e-01 5.613084502239976681e-01 6.052140921782215299e-01 1.014613711995478340e+00 5.454265207310726726e-01 7.050261830359157988e-01 1.201622685329734930e+00 1.930623008002029239e-01 1.212535803435550896e+00 8.801199558184327199e-01 8.429198434029576692e-01 4.691697209740302021e-01 8.709003138135452682e-01 1.318347615241344473e+00 1.074801977472349845e+00 8.410100973454055495e-01 9.093204818387226052e-01 7.274423806033307738e-01 1.104217789957239626e+00 5.072201552439895567e-01 7.084022270481901140e-01 1.076871967200751623e+00 6.998177745089021462e-01 6.663360766864370177e-01 1.104515999952533134e+00 8.989091009315584024e-01 7.524744819524983308e-01 5.804487514577654217e-01 6.493854932475909836e-01 7.964978326520689711e-01 8.507839732207365113e-01 1.197630010178377447e+00 1.092930225358244467e+00 9.507982745170717731e-01 9.504015449154594730e-01 3.094044441076970742e-01 4.761021788834511326e-01 7.042193902008789808e-01 4.011635994551181472e-01 6.078451622471252591e-01 1.200784957669012165e+00 8.081865921908264472e-01 6.254279718591332360e-01 1.114082064129483934e-01 6.201141691352309859e-01 9.498192209648238515e-01 9.416630979299338566e-01 7.843836192693904863e-01 7.985367803876229909e-01 9.890311821676679438e-01 4.186859226469030748e-01 6.109674686470156768e-01 7.574460749219622535e-01 7.446072895732603891e-01 1.289770263556162311e+00 9.538872356054444168e-01 1.011174930913339765e+00 1.348958586667988513e+00 1.271292047945387305e+00 5.960711499419751869e-01 7.564068559631963451e-01 7.747240514377453646e-01 8.858101702537852784e-01 5.595430285636977530e-01 2.431841366677744698e-01 7.501759718630235385e-01 7.599036249628965400e-01 1.115883253658091379e+00 9.248665548957974991e-01 1.301886234422165112e+00 6.044933567137689145e-01 1.291484660264840434e+00 5.985370292952427729e-01 5.603589829120831922e-01 1.080343504824314182e+00 1.162174629539464599e+00 1.165989115195878778e+00 1.090866283197325037e+00 9.541936829225624583e-01 8.530197691982243091e-01
5.276642556436341724e-01 5.400921191807532828e-01 7.113788152237852103e-01 5.320788594884073852e-01 7.063584887780431920e-01 7.070984053087798760e-01 0.000000000000000000e+00 4.338554299793703217e-01 9.434476712355926997e-01 3.843362263032337744e-01 3.712132270506447451e-01 3.426507203462281770e-01 6.546888574742271150e-01 2.921448656667717803e-01 2.784392890818557786e-01 2.690856452706524848e-01 2.698873237785111567e-01 7.751050733271118709e-01 4.696345809737921262e-01 4.580450546023902003e-01 2.277115761629901758e-01 3.312091110533657012e-01 4.792191977856079532e-01 3.602635119442897937e-01 1.987699836152543587e-01 5.076306162802097788e-01 5.293903519345616315e-01 5.422294878468154611e-01 5.767849853886395373e-01 1.776278928320168538e-01 1.825813740284175368e-01 4.429798263996144736e-01 7.841776407192861953e-01 6.601427900680002514e-01 4.014404822009079998e-01 3.748270731143176770e-01 2.235673863625573798e-01 4.064946605747027930e-01 3.971193846484600276e-01 3.353526978626197308e-01 5.253511966466793970e-01 4.913923249462645582e-01 1.352979330506089151e-01 1.695616749569316961e-01 4.187629044763677144e-01 3.141517487139185993e-01 6.582873837928749916e-01 1.684764171867295102e-01 3.072062914683577617e-01 5.904544739540620313e-01 2.964351062526578984e-01 5.792601852486090053e-01 4.412816462020258679e-01 3.490222383339350309e-01 2.719333983117974141e-01 4.400159237482347829e-01 2.747092305130369172e-01 4.328562006342031587e-01 3.312584064862923450e-01 4.203259339630514013e-01 5.441640437631499738e-01 1.155116998913656712e-01 2.879994382030879319e-01 5.966173238332472817e-01 4.238526933133263119e-01 8.652778710768922465e-01 2.687801185806531490e-01 1.179427853527680869e-01 4.027715698218520823e-01 3.822490463585704323e-01 3.863292484394958981e-01 4.317678529081143135e-01 3.731191064831712589e-01 5.015751254555488314e-01 6.540194455092506187e-01 2.515955263134778130e-01 3.254218354371744004e-01 6.919482989812936191e-01 6.042032980304311574e-01 4.915435928919213437e-01 6.697625938719509175e-01 1.892179690121194857e-01 2.097357684833883740e-01 2.929741957594564905e-01 4.685740769154045360e-01 9.784387474423147935e-02 1.764341924475676116e-01 4.420521640624531234e-01 3.006733544057860752e-01 6.661354163752534197e-01 3.886566438601271045e-01 6.348637463589784646e-01 1.085613760135369366e-01 4.582284092472879711e-01 4.755789466597987181e-01 4.550762242306852223e-01 5.762512631675128505e-01 4.051131877211596732e-01 8.674710098283030524e-01 3.442891778993215635e-01
4.830817922975974565e-01 7.964160870082848120e-01 4.349679485005157886e-01 6.537622171645531832e-01 8.305225557714939200e-01 9.789060383543799482e-01 4.338554299793703217e-01 0.000000000000000000e+00 8.858997180438583641e-01 4.499575706038863032e-01 6.245559508841993512e-01 3.322655196576494441e-01 4.725925237236988097e-01 3.920714698990343527e-01 2.789411472171003381e-01 5.229638322287500918e-01 2.655698380221868105e-01 7.074943888602133191e-01 2.383058173730951690e-01 3.089233515991399726e-01 2.293695865709671211e-01 4.716612681116735262e-01 5.301435814867413443e-01 1.991095783897317839e-01 4.786181925361039369e-01 6.413659963566480382e-01 2.669662826336267614e-01 8.115995040089535317e-01 4.197009778077086528e-01 4.101408863296404639e-01 2.606981941249034707e-01 6.315480776248444394e-01 7.272366137491297344e-01 4.410366502163491353e-01 5.180675672996825076e-01 1.668853251755673950e-01 3.670942491459318058e-01 3.602178303691662142e-01 6.626499686584228499e-01 5.389255712694621669e-01 4.473709289641620290e-01 1.353102527301260627e-01 3.380795155544261688e-01 3.778011851971715407e-01 2.036395942725493513e-01 1.313354822625757423e-01 6.026559889341319698e-01 4.265401509155240523e-01 3.367342605512841924e-01 7.092798557233774837e-01 1.374203237267124789e-01 3.095878296238878669e-01 3.160321183097112296e-01 1.493286184784275716e-01 2.990179650610506057e-01 7.000753047449758126e-01 5.104868638957257287e-01 4.155543312578126591e-01 5.840394073407575437e-01 5.590861529751145476e-01 3.682905236280087924e-01 3.751256590594506113e-01 3.755471094079808059e-01 8.678980013190458198e-01 4.558362489139359264e-01 7.998267121696069903e-01 2.815193505307431177e-01 3.287785636961900737e-01 2.700271718103075536e-01 1.060939207875733203e-01 6.146928902348616219e-01 4.793966830990398775e-01 2.257157918087439874e-01 3.761690833170372450e-01 4.623802312524771807e-01 4.655973672513719630e-01 2.718384297092608648e-01 4.930188037856705896e-01 3.522877875643419809e-01 5.518364226626939484e-01 6.021519094050524767e-01 2.446374609672509470e-01 3.569398877842878126e-01 4.392887228962659152e-01 7.383366218729067176e-01 3.479639566728999212e-01 2.844940182868991863e-01 5.637355217385989770e-01 1.913784652669538733e-01 4.446381640147007430e-01 5.127367850144245454e-01 4.568470566494983176e-01 4.786098197689668265e-01 5.386554024065011159e-01 1.106264639450576792e-01 7.115719566016827091e-01 2.255919591089244891e-01 2.865181177537413637e-01 8.067172516630791712e-01 1.485849086696503230e-01
4.157834155919584163e-01 1.448661616836673716e+00 1.291503444122747091e+00 1.414945253631638478e+00 1.081583175072597269e+00 1.031747364537854317e+00 9.434476712355926997e-01 8.858997180438583641e-01 0.000000000000000000e+00 7.789395860144610051e-01 7.468609321133625745e-01 1.098336894422734078e+00 1.315379900503447219e+00 1.170827408906357503e+00 6.969417540318590953e-01 1.183739055857568445e+00 8.387302231671922570e-01 2.530374058717193564e-01 1.036584145356806763e+00 6.121286909071882443e-01 9.085052599302039233e-01 6.234029647263639173e-01 5.870891684571722946e-01 1.067390202436555802e+00 7.672641317267222538e-01 8.739954217676847437e-01 1.146129715932527882e+00 8.439032326587471156e-01 1.208283587747482679e+00 1.037226169383188346e+00 1.009601116312680791e+00 5.630169401918994065e-01 1.655631406606924427e-01 1.316705226132693474e+00 1.280836546721102698e+00 7.190143928682908303e-01 1.135138061123371456e+00 5.570884761755680037e-01 1.300633436232861095e+00 6.710231823137037255e-01 5.327840654501748707e-01 9.961414177116718616e-01 8.246125210561778829e-01 8.726636489923695894e-01 1.086184910123472624e+00 8.935125315655183531e-01 3.246745515948937233e-01 7.776512142394058635e-01 7.342901722064669734e-01 9.703365549203381013e-01 8.113523073446259337e-01 1.147767530581250028e+00 1.098089698253339241e+00 9.350057325456327950e-01 1.029951108844562091e+00 7.257976010207455309e-01 7.285758254131288192e-01 6.489239300127759291e-01 6.841187082963008370e-01 7.722074895548114437e-01 1.202975883507737542e+00 1.043735881241246277e+00 6.588973714253123504e-01 9.261481019914419299e-01 5.230441163150739703e-01 1.102116603298090025e-01 1.072233641018849326e+00 9.193440600861477741e-01 6.167634993672592714e-01 9.750022771976588620e-01 6.633508774384986317e-01 6.895436232531434451e-01 7.192412376287026232e-01 5.097306347268211191e-01 1.272992163400620047e+00 1.148069740994118071e+00 1.144865961577028912e+00 1.358245333047300996e+00 1.227956363480686486e+00 4.874268534743305681e-01 2.989329428138413070e-01 8.054933229800814720e-01 1.103743184802599586e+00 7.633140960767403893e-01 8.044914400000164889e-01 9.681089864118381794e-01 9.155007752858641545e-01 1.324918558205683716e+00 9.925091055525834260e-01 1.291738308254738898e+00 7.783320789820378227e-01 1.293675586103566033e+00 8.537230442681711384e-01 5.080827117053869912e-01 9.942541962693289825e-01 1.368527723141278463e+00 1.085258565706799017e+00 1.137941865687299048e+00 8.723617486440939095e-02 8.063376356483293872e-01
4.001131458168282751e-01 8.952916462035654943e-01 8.849255191044019808e-01 8.027629193321665912e-01 3.866984736769796815e-01 6.374210489447199590e-01 3.843362263032337744e-01 4.499575706038863032e-01 7.789395860144610051e-01 0.000000000000000000e+00 3.444100022688444396e-01 6.770830049905477432e-01 9.217012557771259162e-01 5.706006510041354840e-01 4.201792175844394350e-01 6.235308752521070419e-01 2.685800106111402852e-01 6.005342568308160711e-01 6.606070103643093550e-01 2.372912390187490450e-01 5.826795241269862036e-01 4.037575834990621004e-01 2.054559302015706301e-01 5.505928665573961434e-01 2.014098638464917879e-01 1.967536812479121489e-01 7.169238532375128425e-01 4.638317644031746401e-01 8.346429387256945054e-01 5.521438778945870762e-01 4.083181028256228084e-01 2.937779850218037447e-01 6.202764817197323755e-01 8.909942208202354941e-01 6.716549477204704077e-01 3.096459040020120845e-01 5.289635599021604850e-01 3.888460915410424934e-01 7.537784399322073892e-01 1.487191329705060960e-01 2.594490805040940429e-01 5.852678233340122826e-01 4.533895416172007975e-01 2.454168670107503558e-01 6.401659018534925361e-01 3.922477512078180739e-01 5.146722971983366257e-01 3.308164754229853122e-01 1.289539153228953239e-01 2.653502376735681345e-01 4.578586344984296175e-01 7.536087319696811448e-01 7.269978259157017231e-01 5.602943260844180928e-01 6.562696246150313550e-01 3.497132339008036106e-01 3.173628732793529195e-01 1.390860043956590186e-01 2.362574494896017285e-01 1.172255665334650948e-01 8.161608108245554938e-01 4.542712694714903243e-01 4.085227014792764955e-01 5.273234635341743637e-01 4.775061237461316055e-01 6.928665801402098534e-01 4.917649289705088855e-01 4.957369004982479233e-01 3.131411631045817878e-01 4.901585098204554458e-01 3.322893276551556752e-01 1.028886361504109392e-01 2.260818815785686497e-01 3.184530880616861515e-01 8.970150284081221947e-01 5.902276900237591883e-01 6.093927659949130993e-01 9.421275358390980292e-01 8.022453581682281731e-01 3.046264638880286646e-01 4.951917773756552288e-01 4.952550081042104146e-01 4.856328557336591634e-01 1.343776609723665860e-01 4.014225264632457768e-01 3.642590302303691518e-01 3.121579446353145437e-01 7.127362239062123850e-01 4.540287053006241691e-01 8.945957346185868797e-01 9.089414312369488436e-02 9.047173438460449635e-01 2.917082362325824629e-01 3.840512625052797668e-01 5.584967511416044639e-01 8.102757512534973783e-01 6.755495297128106813e-01 7.055572407610166685e-01 6.997571196336818122e-01 3.216555758548307886e-01
3.488724329127283474e-01 9.113053462313981390e-01 9.926689085992517203e-01 8.815358285274949024e-01 6.168297529683385294e-01 3.592945182319367547e-01 3.712132270506447451e-01 6.245559508841993512e-01 7.468609321133625745e-01 3.444100022688444396e-01 0.000000000000000000e+00 6.959303554905483802e-01 9.620361769520291428e-01 6.445643323371964550e-01 3.545568409726720938e-01 6.402988723212973410e-01 4.655187548250270813e-01 5.758383069701299428e-01 7.186985319246789183e-01 4.789922814235831328e-01 5.096671214719857845e-01 2.089471758280378455e-01 3.301253642252687248e-01 7.056235732850287823e-01 2.254854436497885639e-01 4.120151363600403349e-01 8.519597171208421749e-01 2.022125482704058563e-01 8.628728352266582524e-01 5.347473669066320490e-01 5.265184157579197999e-01 1.838439919214630569e-01 5.860138813890536369e-01 9.686846470324517178e-01 7.504278569157988299e-01 5.114111938070664554e-01 5.766738008340307475e-01 3.750811062073710622e-01 7.683326116991048282e-01 2.254178779305056057e-01 4.300220759231199730e-01 7.225218797305709151e-01 3.501548063000091693e-01 3.573459379759875154e-01 7.718693189478412764e-01 5.899189622211089556e-01 4.675880495280069771e-01 2.307857832488722227e-01 3.405103486787013356e-01 5.034867859761935627e-01 4.964338857505556923e-01 8.448742811136771280e-01 7.432672571493516012e-01 5.993636650828979562e-01 6.009860249267657828e-01 1.212545546247752459e-01 1.168076606515144056e-01 4.112083435250035168e-01 1.134578578481475475e-01 3.148341155712497397e-01 8.511219894601189662e-01 4.754968605291847172e-01 2.661334536271965923e-01 2.478863118189884029e-01 2.967767483855525135e-01 6.649327885403321092e-01 6.172889773733830632e-01 4.349680992806966850e-01 4.441866929174418388e-01 6.800410434572187190e-01 1.124365928336416021e-01 3.262760345163127629e-01 4.485709303530726610e-01 4.490321133354255867e-01 9.401072953472695559e-01 6.211975039438025759e-01 6.785282499086479069e-01 9.992956184590954249e-01 9.216290797364946608e-01 3.204157915803438339e-01 4.715204235387049359e-01 4.232894420035713257e-01 5.614360496972344849e-01 2.523584359437187619e-01 1.166885688040396607e-01 4.258018513064726340e-01 4.509134862524470377e-01 7.915091331015405851e-01 6.158764161853479413e-01 9.522232662132722458e-01 3.114823100378933951e-01 9.418216920559476790e-01 2.626518510371077531e-01 2.710335900903720341e-01 7.271984477962166737e-01 8.262894512813300230e-01 8.116390277256981811e-01 7.582196021926329577e-01 6.693072504980707160e-01 5.441446246293347722e-01
6.880593429681279849e-01 5.174297215061627320e-01 3.791020613226767644e-01 5.930110468416197600e-01 1.013244382234836483e+00 1.045142783332644321e+00 3.426507203462281770e-01 3.322655196576494441e-01 1.098336894422734078e+00 6.770830049905477432e-01 6.959303554905483802e-01 0.000000000000000000e+00 3.190728267668702656e-01 3.073992550436571158e-01 4.082746210274212362e-01 2.759686896083067831e-01 4.586525873062598513e-01 9.224018764244186208e-01 2.436144135655762821e-01 5.701245831229112548e-01 2.076499885819260982e-01 6.005916763985886808e-01 7.956482275658288694e-01 1.996908811852596555e-01 5.220551816359304542e-01 8.145165097370027363e-01 2.022571815136703643e-01 8.816655231703445228e-01 2.646704134469601288e-01 1.729539182199072433e-01 2.955735186462257746e-01 7.516835651935710461e-01 9.390668639064279066e-01 3.189821114252798795e-01 4.553090310684533293e-01 4.330311248251061396e-01 1.523576242416923299e-01 5.412484182471662963e-01 3.784201604919522066e-01 6.479561760321613795e-01 7.040492543088183730e-01 2.878708322496691951e-01 3.603244222725685564e-01 4.359763543206734981e-01 1.372556164105702692e-01 3.567667157103792674e-01 8.096068593272987002e-01 4.681453812140128901e-01 5.642090372162247291e-01 8.973403674108550998e-01 2.886209333317039660e-01 2.977396452840179730e-01 1.250799081661452816e-01 1.881456774105367269e-01 1.192864932966746783e-01 7.794519590717635671e-01 5.878777574947777751e-01 6.947959307189358613e-01 6.706944418098212957e-01 7.329294121325932165e-01 2.085480130557930412e-01 2.571444107546061453e-01 4.976829684121685804e-01 9.341347462973099702e-01 6.180264408077255078e-01 1.015983517654187374e+00 2.295315430972581505e-01 2.661019239677699932e-01 4.868838079953665687e-01 2.714593055409668110e-01 7.001632819510950068e-01 7.259771879117039584e-01 5.330973965298654305e-01 6.105739210451310850e-01 3.495707850646691539e-01 1.784837440770331574e-01 1.040413983975864848e-01 3.501090769676732939e-01 2.719265441293228780e-01 7.817638206198918027e-01 8.170593969692573344e-01 3.106619255320485218e-01 2.717640567346692460e-01 5.998600892162496701e-01 8.051420829139789292e-01 3.210109058938094839e-01 3.875118659761445095e-01 5.030800035765163880e-01 2.792405567914005293e-01 3.558596938085541450e-01 6.918625274159263538e-01 2.992477156516215042e-01 4.479974113370660538e-01 7.049755233170794666e-01 2.302687467380619690e-01 4.385791159172986453e-01 2.748121771711855565e-01 8.818564909706529120e-02 1.022360233015444653e+00 4.403520340654016874e-01
9.056084004351593331e-01 8.365025482730328310e-01 2.929708328721392085e-01 8.714557719545487080e-01 1.302266240944733644e+00 1.311699145160921898e+00 6.546888574742271150e-01 4.725925237236988097e-01 1.315379900503447219e+00 9.217012557771259162e-01 9.620361769520291428e-01 3.190728267668702656e-01 0.000000000000000000e+00 5.829429904249074923e-01 6.357938884175274863e-01 5.950415163751771042e-01 6.745755689568503355e-01 1.137808536251536218e+00 3.256876852867096606e-01 7.739295442285848425e-01 4.527463721265700958e-01 8.384304911630916513e-01 1.001887266659980735e+00 4.368311065451785380e-01 8.151121790314753701e-01 1.106859565786106669e+00 2.144883784667154791e-01 1.150098320384049133e+00 1.821524953532281943e-01 4.909363384154279975e-01 5.879165746953298743e-01 1.005109871703672830e+00 1.156109869987141048e+00 1.599230824308522925e-01 7.301454498477051303e-01 6.320933474796468499e-01 4.471088450975732043e-01 7.616505495977820006e-01 6.974929872588222501e-01 9.402992320812654237e-01 9.100113533717565373e-01 3.575295920832795571e-01 6.174510482521688992e-01 7.283194103697770982e-01 3.131828264575962084e-01 5.476451339380993266e-01 1.026649865408012063e+00 7.461579504019297815e-01 8.084779457245238055e-01 1.181023540896616986e+00 5.040275931588215075e-01 2.852440725981636449e-01 2.301346013120099954e-01 3.814449253972409526e-01 3.874510805585076878e-01 1.055938710985579787e+00 8.536748566647819336e-01 8.872980164310522166e-01 9.551027718602034255e-01 1.025272468181697150e+00 1.124040169957096491e-01 5.542409246078112695e-01 7.341627746009929956e-01 1.200691108125588213e+00 8.475621042602651256e-01 1.231390177481304304e+00 5.033774377828257318e-01 5.447917699190757412e-01 7.013599871962669097e-01 4.445908574669861224e-01 9.659603811210992763e-01 9.511403682722794350e-01 6.974594769819838502e-01 8.250501002460314259e-01 2.659895238275170604e-01 4.975565708439033674e-01 3.763472161347172218e-01 1.009541940657395082e-01 1.907391813796730506e-01 9.970397739852993046e-01 1.032466056796375042e+00 5.557583090766925471e-01 5.641071127837732346e-01 8.922031452653536032e-01 1.071698444742256617e+00 6.133539619429133616e-01 6.744844082068957025e-01 7.860272702319928140e-01 5.197154106885389924e-01 2.166928284381366421e-01 9.842055834650305091e-01 9.478095095461119834e-02 7.488204341847412016e-01 9.356147182738228096e-01 3.632045046355215079e-01 7.576519426841689109e-01 2.936030905288459225e-01 2.646829946487931351e-01 1.238533920093377594e+00 6.003631610615856040e-01
7.819263921836446807e-01 5.768588670492665882e-01 6.216289196482879253e-01 2.957869146443848907e-01 9.118013560075872714e-01 9.707779655242613215e-01 2.921448656667717803e-01 3.920714698990343527e-01 1.170827408906357503e+00 5.706006510041354840e-01 6.445643323371964550e-01 3.073992550436571158e-01 5.829429904249074923e-01 0.000000000000000000e+00 5.511806191000222510e-01 3.066970091545064281e-01 3.431784232725338391e-01 9.924220797227124580e-01 5.376591585022786335e-01 5.628242266251591852e-01 4.166483858611602087e-01 6.233539767201374815e-01 6.976085237196668620e-01 2.200057794997051230e-01 4.267604605744034774e-01 7.148042980640506583e-01 4.290434879552003089e-01 8.016826860323300608e-01 5.428628528172686485e-01 2.898665598709144198e-01 1.788858726023303813e-01 6.764621321403442300e-01 1.012164304611628651e+00 5.741037724931128405e-01 1.511233652329223021e-01 4.805756135794421735e-01 1.734508478081346061e-01 6.840685041957779156e-01 4.453921508170994303e-01 5.499164721859991500e-01 6.621086928804716942e-01 4.565779028926093552e-01 4.099154836016201675e-01 3.294940003342607948e-01 2.998016538118263852e-01 2.873083278821897957e-01 8.976624012269373010e-01 4.606212828535012904e-01 4.577266832298120258e-01 7.947748093061615116e-01 5.056363879266356776e-01 5.497473234208617443e-01 4.147698464880671954e-01 4.901163342772158482e-01 3.642154856967143584e-01 6.930521640586451149e-01 5.580940211053935229e-01 5.883135767325236021e-01 5.814093089713441298e-01 6.348897082864307650e-01 4.760412676891008221e-01 1.893097142550297929e-01 5.741482240709638862e-01 8.606048597267714761e-01 7.100014791812022663e-01 1.084754403032105907e+00 1.142181688772345438e-01 3.185534745191158090e-01 5.828671724169159907e-01 2.999398330048020367e-01 6.638017094640747962e-01 6.194948339252915881e-01 4.538465412916020125e-01 6.694195795925510506e-01 6.277632244349777846e-01 2.528660895305768208e-01 2.065957742901901595e-01 6.076401314967428968e-01 5.170887690543133353e-01 7.245465347126039957e-01 8.870796002675515046e-01 4.557884650280107364e-01 9.827308852513573501e-02 4.995686426019053661e-01 7.333525261675751805e-01 2.206019936612380050e-01 2.755239584603169645e-01 2.103651034064559777e-01 2.006930046320805627e-01 6.248776451069549820e-01 5.853801734295139836e-01 5.646845327187118846e-01 3.819124813000885910e-01 7.503732749140596958e-01 3.666362674461333682e-01 4.920147366426644298e-01 4.785704105288264287e-01 3.242307529171146729e-01 1.091644942525578310e+00 3.744832237993787616e-01
2.849299664641882779e-01 7.583311464509974176e-01 6.523248743384713055e-01 7.951388801798973116e-01 7.710428508966539196e-01 7.089069284428528572e-01 2.784392890818557786e-01 2.789411472171003381e-01 6.969417540318590953e-01 4.201792175844394350e-01 3.545568409726720938e-01 4.082746210274212362e-01 6.357938884175274863e-01 5.511806191000222510e-01 0.000000000000000000e+00 4.997959882015245436e-01 3.374674389750854098e-01 5.219062682436866885e-01 3.783544976638985591e-01 2.200435459253507753e-01 2.115635058983447170e-01 2.125351401976594001e-01 4.689270064807424809e-01 4.745887026987086199e-01 2.767736803694548775e-01 5.662282342883558917e-01 5.270004255060989351e-01 5.473061036659798706e-01 5.333979210515989999e-01 3.447392572518410137e-01 4.610206631102733432e-01 3.724219497108303134e-01 5.376717235155525909e-01 6.465619712596787361e-01 6.647666295599471420e-01 1.598695761358901457e-01 4.706972078155662875e-01 1.463831628067814583e-01 6.114546345782642112e-01 3.884187286869590361e-01 3.432179678293496017e-01 3.769070760634720685e-01 1.460913037653682744e-01 3.482294148869479744e-01 4.745967744566094160e-01 3.502357822834049061e-01 4.082117189364236065e-01 1.565410410039969891e-01 3.146393832262699419e-01 6.576998839045091749e-01 1.560898514897753886e-01 5.045302468528969353e-01 4.155351391110501669e-01 2.611155883551727896e-01 3.398707745740081609e-01 4.531464942675107466e-01 2.404877539841985823e-01 3.643031971443941308e-01 3.561249274876897020e-01 4.733919647873907066e-01 5.233898714218179204e-01 3.618709048449925136e-01 1.125816928953575491e-01 5.978988914075187289e-01 2.122905810103272173e-01 6.154879094734557743e-01 5.253090236190973705e-01 2.326271445809065253e-01 1.277975029463345180e-01 3.815730450965502119e-01 3.469970563329090596e-01 4.478937321625031664e-01 2.284445999755789769e-01 2.331285181667809570e-01 6.085353035441470881e-01 4.555828288627707945e-01 5.123160194250077071e-01 6.771729426863229984e-01 5.995064039637217901e-01 3.816709925292164352e-01 4.165637887885259572e-01 1.085515689482221824e-01 4.727957891748780783e-01 3.695940312183568777e-01 4.683375119613796267e-01 3.762831638260871747e-01 4.314757176869820632e-01 7.051121847539431053e-01 4.421469086892836353e-01 6.221467297506695360e-01 4.631943127222208356e-01 6.140895740176464113e-01 2.136223802636811053e-01 3.015804228164252199e-01 3.815836441291177161e-01 6.824515197214948703e-01 4.660242240585991125e-01 4.553873065450098068e-01 6.209650926245695590e-01 2.636207322352280835e-01
7.680408058399105231e-01 2.743922640840403826e-01 6.466043901062937804e-01 5.649964845379460421e-01 9.466387232257374995e-01 9.761347104968762789e-01 2.690856452706524848e-01 5.229638322287500918e-01 1.183739055857568445e+00 6.235308752521070419e-01 6.402988723212973410e-01 2.759686896083067831e-01 5.950415163751771042e-01 3.066970091545064281e-01 4.997959882015245436e-01 0.000000000000000000e+00 4.322500725689602530e-01 1.008703570069396482e+00 5.143673387229366067e-01 6.601211480916258090e-01 3.541724519237943736e-01 5.883399365979441464e-01 7.287752026533782512e-01 3.549704760201619069e-01 4.501698901593031987e-01 7.479108507279039753e-01 4.648385227645184248e-01 8.095925122041476296e-01 5.406391030552669674e-01 1.779502943489750522e-01 2.622656381038467321e-01 7.018687694475626015e-01 1.024469025341262274e+00 5.949508010335867736e-01 4.346242339179960390e-01 5.900129382317110815e-01 1.922195060520250354e-01 6.400338128219876799e-01 1.451263717376942708e-01 5.810831511197106503e-01 7.372381086295199948e-01 5.391511090468922296e-01 3.591265348013907843e-01 3.815293983675557832e-01 3.739245292180254920e-01 4.024386714322068515e-01 8.950090207621329563e-01 4.349627858713894235e-01 5.150540958227611821e-01 8.307347084017562278e-01 4.615824178804776023e-01 5.719284536750524062e-01 3.992687165571798813e-01 4.478415657554416507e-01 2.967957760772980125e-01 7.064137537696459912e-01 5.437948757836893465e-01 6.456409893254726473e-01 5.947708986823452282e-01 6.660563872201421542e-01 4.845167026640997410e-01 1.692596057806168841e-01 5.283854786907428158e-01 8.657029691038996555e-01 6.642387338009813069e-01 1.102285211299165457e+00 2.714026560252904563e-01 2.671688436206179351e-01 6.186909916357188344e-01 4.365978820459888166e-01 6.554148937101483829e-01 6.768222465182406333e-01 5.590912433718937535e-01 7.251970986742183323e-01 6.255394746729759925e-01 1.017320003289994834e-01 2.888729020787532686e-01 6.260777665759805766e-01 5.394288729129398385e-01 7.504325359398695827e-01 9.033610906142351960e-01 4.044038341295130290e-01 2.426533935329270031e-01 5.332544302071507980e-01 7.376597221860571318e-01 2.626872351479370704e-01 3.508450071277774973e-01 4.749697891119917803e-01 3.636048099173982417e-01 6.318283834168609836e-01 6.289368783078211900e-01 5.752164052599283428e-01 3.776470212841894769e-01 7.165287266538621358e-01 4.669376595455171919e-01 1.893763691339724331e-01 5.323940295158641201e-01 3.395245882335102827e-01 1.107762394450279242e+00 4.896135673493958174e-01
