0.000000000000000000e+00 1.441793733853407700e+00 1.428366556768217110e+00 9.207246875680707987e-01 1.144416886739066497e+00 8.735335577193417134e-01 6.517993682524747534e-01 5.781933119423067202e-01 9.905386530173483361e-01 4.508257381185190593e-01 1.027601283609236749e+00 5.846597905161254882e-01 8.243018013606885352e-01 3.344405668273984777e-01 7.815018886896438755e-01 2.782754441464473372e-01 9.598922150212492177e-01 5.693862453929438017e-01 1.215510433990642625e+00 5.438842668768439914e-01 6.692054915169847185e-01 2.417202043474103168e-01 4.463253644751453142e-01 7.663346363889055324e-01 1.222191234004395666e+00 9.567065385595582283e-01 1.914243692718312351e-01 5.987996592092916792e-01 3.965286032268010019e-01 7.571630316623845225e-01 6.989686162162797034e-01 9.175796398727644743e-01 7.341800435159864247e-01 5.109068646435543926e-01 4.387173416768738177e-01 1.622917448356045456e-01 7.759795275443409635e-01 1.570535977846659881e-01 7.916312024598685104e-01 2.244249853219825452e-01 4.908100827457779758e-01 9.347822692994930405e-01 8.855069414239098435e-01 4.241800476679000731e-01 9.303952437833691302e-01 3.206811654042536208e-01 1.034415634135865458e+00 1.036750435999471254e+00 7.076706566199185700e-01 3.607133201082628471e-01
1.441793733853407700e+00 0.000000000000000000e+00 1.322304490395007637e+00 1.509341738092225160e+00 8.813616413907962022e-01 1.532183203710378416e+00 1.021142382011805738e+00 9.146771685975594313e-01 4.574549775069829405e-01 1.129162546947101831e+00 9.086964203903796777e-01 1.201176217257678980e+00 9.195530487537545428e-01 1.242826102273256073e+00 7.636782460696344144e-01 1.528783208207515232e+00 6.502610451261496838e-01 1.140125352122977276e+00 2.345362832974769995e-01 9.160811513347268953e-01 1.317668373973757356e+00 1.233463905849233155e+00 1.178103113669212609e+00 6.993378597242930761e-01 1.113684907457011652e+00 8.503294822442662992e-01 1.342647958031383704e+00 9.231245192850195957e-01 1.058600690988408699e+00 1.353368474870528360e+00 9.710775325233655941e-01 7.359178684516699542e-01 9.784007170235610173e-01 1.170426388714049137e+00 1.058816020374047095e+00 1.386677795518117096e+00 8.447085629881674329e-01 1.543091702993818259e+00 8.148749326362851875e-01 1.486698386957419737e+00 1.072457327130626137e+00 7.749021167540672828e-01 5.736050150082623311e-01 1.113898896877628664e+00 8.455043388728215037e-01 1.268679888481615503e+00 7.775494757266048218e-01 8.213338056691329436e-01 7.570941836547677717e-01 1.104526240531884973e+00
1.428366556768217110e+00 1.322304490395007637e+00 0.000000000000000000e+00 1.413758907977096912e+00 8.991205840598140986e-01 1.510569076984699333e+00 8.208838303116164914e-01 1.021996976267367074e+00 8.742046424365235158e-01 1.107548420221422747e+00 4.191575557243472083e-01 1.108346795107998162e+00 7.869006916874008439e-01 1.164101258681957907e+00 7.111253071346735899e-01 1.491872128776977169e+00 7.497250866835610816e-01 9.914049483632974002e-01 1.089794171629604680e+00 9.415773410086664130e-01 1.296054247248078051e+00 1.188898434844638086e+00 1.028606316199796922e+00 8.066576673941011633e-01 2.114953245870472009e-01 6.215463334934114847e-01 1.358224633060613806e+00 8.295668975589265415e-01 1.118827678072616516e+00 1.257785644755400112e+00 9.656512276206752343e-01 5.871944177003016740e-01 7.538214676817101001e-01 9.662112917590649497e-01 9.915306315450241881e-01 1.316696086488962081e+00 6.628959643518298472e-01 1.494124017293234186e+00 8.946738354517754788e-01 1.500234697890722391e+00 1.055764418827178641e+00 7.623678878136733728e-01 7.486994753867458607e-01 1.143944482881148694e+00 5.190343722678288918e-01 1.137376032028667439e+00 7.987678890099702000e-01 5.760665871716922348e-01 7.940872730992218909e-01 1.116845847415990134e+00
9.207246875680707987e-01 1.509341738092225160e+00 1.413758907977096912e+00 0.000000000000000000e+00 1.234837126314476841e+00 1.109977982289156673e+00 6.565541074459245729e-01 8.974047290149264056e-01 1.058981817023760374e+00 6.799037660933285876e-01 1.012993634818115662e+00 3.500279691281415473e-01 9.836320614163670539e-01 7.616953800633654570e-01 7.967512342761815525e-01 9.938679946976985979e-01 1.065027692704995310e+00 8.679878361033172007e-01 1.281079279211564392e+00 6.752618063826266726e-01 8.970386706993348502e-01 6.794760007561291282e-01 5.507604461016873953e-01 8.972935876937288002e-01 1.207583585213274580e+00 9.660563169397279326e-01 8.731832284555054446e-01 5.971702324113564719e-01 8.273413757902722265e-01 1.847436881492375838e-01 1.056836164871762351e+00 9.096130550615383337e-01 8.223292909953187069e-01 6.935898197502528006e-01 5.157187355044682286e-01 8.021255221997002360e-01 7.575646890545632006e-01 9.730964104030040973e-01 1.024675598665854670e+00 1.001528932615503020e+00 6.728198904586951690e-01 1.048865767198404297e+00 9.484066913952372557e-01 8.651192411676660310e-01 9.148149953859118222e-01 6.434728799311142389e-01 1.134676158735442364e+00 1.022142787208350168e+00 7.592836205186469511e-01 6.975928431506972505e-01
1.144416886739066497e+00 8.813616413907962022e-01 8.991205840598140986e-01 1.234837126314476841e+00 0.000000000000000000e+00 1.293203779196791414e+00 6.316180866141171135e-01 5.685649637958544167e-01 4.942602392270226686e-01 8.901831224335146064e-01 4.799630283354668348e-01 9.283211364880145089e-01 4.032904874968776254e-01 8.925151565698721257e-01 4.790130687129443565e-01 1.206813044012882363e+00 2.518969339716232159e-01 6.511953722783507814e-01 6.507665973280725158e-01 6.744257325964941874e-01 1.078688949460170132e+00 9.546109620697749154e-01 8.540543503316888607e-01 4.138996343086889795e-01 6.905177181462497371e-01 3.262905249485300585e-01 1.037361111000769665e+00 6.409845180607131043e-01 7.478882835122658834e-01 1.078863863092780040e+00 5.070045113679993998e-01 3.313266883260398421e-01 5.031303664802305731e-01 7.176526090823168724e-01 8.066674560133660910e-01 1.054968786687513482e+00 4.854531521772892932e-01 1.238605939550534885e+00 3.700076400928568598e-01 1.184347148872143762e+00 8.337053474128531816e-01 2.543292124542169685e-01 3.615898947030894428e-01 7.519896946032038620e-01 4.689595497501681809e-01 9.204970835673563778e-01 1.344375291113721893e-01 3.506711722853967927e-01 5.181147591411806586e-01 8.368734152563070960e-01
8.735335577193417134e-01 1.532183203710378416e+00 1.510569076984699333e+00 1.109977982289156673e+00 1.293203779196791414e+00 0.000000000000000000e+00 8.427453327747252976e-01 8.195215165349651887e-01 1.081288373020875104e+00 4.305812045500682084e-01 1.109803803825718749e+00 7.777286496634463475e-01 1.148585871737620057e+00 7.836875368178363166e-01 8.547557333500924726e-01 9.911854170142599951e-01 1.098476864958143118e+00 9.429185278985707797e-01 1.305593523593423733e+00 6.249164008610862409e-01 2.222625577994584434e-01 6.452939873119195591e-01 7.418862313361174188e-01 8.854424991488915042e-01 1.304393754220877444e+00 1.092509120326873751e+00 8.050501668381284670e-01 7.027153643527129789e-01 6.798054522869463323e-01 9.505530142807243621e-01 9.998714977573328611e-01 9.968798560773972639e-01 9.872831013165719316e-01 8.908561653951209136e-01 6.032358337500757228e-01 8.026829576735865501e-01 8.855689597427749415e-01 9.699077953062900104e-01 9.854206502960942693e-01 9.423950038484205649e-01 4.649800549561040608e-01 1.121290434567770999e+00 9.729209357770967070e-01 7.774641943648088471e-01 1.012597763999851352e+00 7.180779762506233066e-01 1.189675617742569358e+00 1.118952956215953254e+00 7.750890200556108667e-01 5.494677737079013413e-01
6.517993682524747534e-01 1.021142382011805738e+00 8.208838303116164914e-01 6.565541074459245729e-01 6.316180866141171135e-01 8.427453327747252976e-01 0.000000000000000000e+00 5.588886589446834252e-01 5.715446917921023218e-01 4.292046289079380350e-01 4.201185571526353524e-01 3.473888398420751367e-01 3.395854296070321965e-01 3.562235461455913188e-01 3.073652412942924350e-01 6.828721982000853785e-01 4.918560137996721426e-01 3.101933302857989294e-01 7.886320632464026703e-01 3.726312018049348085e-01 6.273284266651092400e-01 4.588937611858077137e-01 2.307666795756894706e-01 4.767848250554270195e-01 6.147085075477932703e-01 3.333350966227677237e-01 5.503469205242468298e-01 1.894440845260401129e-01 4.957244302944020520e-01 4.980236526028837818e-01 4.527527680713293035e-01 3.242735166128641322e-01 1.782826591859837384e-01 1.681299878799565328e-01 2.612541326308953082e-01 5.084603559709142129e-01 1.764338190236381942e-01 6.877188015735086202e-01 4.958373193859243466e-01 6.923569853543561914e-01 3.927674112719963806e-01 4.099656809482298825e-01 4.475373670035427409e-01 4.045043323462511609e-01 3.148088596550773222e-01 3.315355125427745797e-01 5.252466851241370804e-01 4.292677095428698020e-01 3.498413935429779964e-01 4.509645975879252866e-01
5.781933119423067202e-01 9.146771685975594313e-01 1.021996976267367074e+00 8.974047290149264056e-01 5.685649637958544167e-01 8.195215165349651887e-01 5.588886589446834252e-01 0.000000000000000000e+00 4.600668655274119945e-01 4.253920888784546439e-01 6.212317031083863794e-01 5.892392081803814463e-01 3.401447808449684085e-01 3.352620812411090112e-01 3.981834307785760418e-01 6.385878802075309890e-01 3.932070027974053916e-01 2.497958970861462180e-01 6.890833977656083409e-01 2.308750917656623713e-01 6.088033989003605040e-01 3.987991660433464758e-01 5.178292699532511811e-01 2.153393088732661609e-01 8.158216535035439643e-01 4.850074372379139520e-01 4.687961472049151923e-01 3.897432626506660558e-01 1.816647087155057183e-01 7.414314657932302710e-01 1.916363497350116740e-01 4.517955897675020593e-01 4.926550777174042994e-01 4.121034998534134908e-01 4.174163729145957125e-01 4.935931600292248200e-01 4.973873293727587019e-01 6.772303128922455562e-01 2.150977835030846996e-01 6.157821850762892346e-01 3.613418545695996076e-01 3.582488503427092019e-01 3.614224321650743588e-01 1.992217282800702594e-01 5.451968247451799421e-01 4.592017186755915081e-01 4.585637111926529896e-01 5.607860341209172095e-01 2.641029522168945598e-01 2.992051953777005169e-01
9.905386530173483361e-01 4.574549775069829405e-01 8.742046424365235158e-01 1.058981817023760374e+00 4.942602392270226686e-01 1.081288373020875104e+00 5.715446917921023218e-01 4.600668655274119945e-01 0.000000000000000000e+00 6.782677162575982965e-01 4.734393692775425433e-01 7.508162961892153042e-01 5.035869793409265549e-01 7.898355412464673764e-01 3.137148423504644290e-01 1.077528127371455868e+00 2.524675006926181964e-01 6.873727666584629192e-01 2.361938882662677208e-01 4.651863206452230837e-01 8.667735432842539334e-01 7.825690751597291772e-01 7.277431926007489338e-01 2.447275566541459169e-01 6.680293196727004057e-01 4.522646285080375028e-01 8.913928771953247843e-01 4.727645982165556982e-01 6.073456101523498907e-01 9.030085538020641289e-01 5.235438037828670232e-01 3.013911437764302259e-01 5.303008690650760082e-01 7.223265407555633510e-01 6.084560993055837530e-01 9.357829648286131174e-01 3.951108727684641275e-01 1.091836622157758674e+00 3.673412038957865611e-01 1.035443306121360152e+00 6.215624964411217146e-01 3.864091374648905286e-01 1.404380023238019914e-01 6.592885938074822816e-01 3.974044909143362725e-01 8.183199674131510504e-01 3.904480735628312882e-01 4.055033756835945691e-01 3.061993529652642931e-01 6.536314098423813279e-01
4.508257381185190593e-01 1.129162546947101831e+00 1.107548420221422747e+00 6.799037660933285876e-01 8.901831224335146064e-01 4.305812045500682084e-01 4.292046289079380350e-01 4.253920888784546439e-01 6.782677162575982965e-01 0.000000000000000000e+00 7.067831470624422741e-01 3.476544334676181514e-01 7.351756372559949959e-01 3.619661188968243959e-01 4.517350765868153872e-01 5.661622680553060061e-01 6.954562081948665320e-01 5.260105219743028693e-01 9.025728668301469249e-01 2.339123062546546450e-01 2.216769508307243897e-01 2.194217499497977397e-01 3.113050267860494325e-01 4.933202131498010679e-01 9.013730974575998589e-01 6.883051613576518513e-01 3.823423472373059240e-01 2.917916668084906129e-01 2.651906215864565652e-01 5.204787980848960549e-01 5.967427635606417091e-01 5.938591993141203451e-01 5.738728668349466489e-01 4.683776313707884720e-01 1.731616175542473324e-01 3.744197955573076997e-01 4.746452621985524645e-01 5.416446331900114375e-01 5.998272406765455811e-01 5.196871842475979664e-01 1.433550913596305376e-01 7.291681485686807296e-01 5.699002790138197883e-01 3.609620216743907872e-01 6.095771072365743226e-01 2.892721568251819253e-01 7.866549609792929942e-01 7.159322994526766681e-01 3.720683632923340034e-01 1.328837184124785076e-01
1.027601283609236749e+00 9.086964203903796777e-01 4.191575557243472083e-01 1.012993634818115662e+00 4.799630283354668348e-01 1.109803803825718749e+00 4.201185571526353524e-01 6.212317031083863794e-01 4.734393692775425433e-01 7.067831470624422741e-01 0.000000000000000000e+00 7.075815219490180219e-01 3.812346540499308434e-01 7.633359855229778779e-01 3.103600339756931170e-01 1.091106855617997029e+00 3.320538840060699992e-01 5.941066646598669454e-01 6.761861016249769429e-01 5.408120678496857181e-01 8.952889740890977999e-01 7.881331616856579458e-01 6.278410430408160048e-01 4.058923942351201353e-01 2.116443418047301572e-01 2.158802958559417617e-01 9.574593599016335554e-01 4.288016243999454025e-01 7.180624049136360432e-01 8.570203715964196389e-01 5.599851899832054558e-01 1.727785519387096957e-01 3.565231839782794232e-01 5.654460186000840327e-01 5.907653583860432711e-01 9.159308133299818300e-01 2.621306911928488748e-01 1.093358744134254490e+00 4.890077978143054227e-01 1.099469424731742251e+00 6.549991456681980573e-01 3.564387379292699998e-01 3.377701945847910725e-01 7.466461991777185725e-01 1.377882589883937803e-01 7.366107588696871877e-01 3.796103332856234913e-01 1.569090314473450265e-01 3.933219999402408074e-01 7.160805742570096610e-01
5.846597905161254882e-01 1.201176217257678980e+00 1.108346795107998162e+00 3.500279691281415473e-01 9.283211364880145089e-01 7.777286496634463475e-01 3.473888398420751367e-01 5.892392081803814463e-01 7.508162961892153042e-01 3.476544334676181514e-01 7.075815219490180219e-01 0.000000000000000000e+00 6.762165780972063667e-01 4.274332675256548031e-01 4.885857134416360381e-01 6.593523317992366906e-01 7.579216910334031221e-01 5.437197446568567960e-01 9.729137583770193221e-01 3.670962855480812692e-01 5.666899961609541680e-01 3.434111037041837067e-01 2.190453730980649882e-01 5.891280668591836189e-01 9.021714723441754957e-01 6.606442040706301810e-01 5.371183314035600231e-01 2.898865941563543713e-01 4.957290576175630847e-01 1.814576683650078182e-01 7.325680734253018356e-01 6.042009421924404711e-01 5.149138076761577976e-01 3.693217283037925069e-01 1.837185962244871351e-01 4.676098593012382731e-01 4.521525761854651715e-01 6.385807475045424120e-01 7.165100778313095997e-01 6.654640355635578208e-01 3.470075707850064917e-01 7.416087094715954064e-01 6.402411705606922965e-01 5.331531564448521721e-01 6.094028825168137375e-01 3.089572170326522205e-01 8.275701570638501758e-01 7.167306743392523050e-01 4.511180996841017699e-01 3.653435105249868697e-01
8.243018013606885352e-01 9.195530487537545428e-01 7.869006916874008439e-01 9.836320614163670539e-01 4.032904874968776254e-01 1.148585871737620057e+00 3.395854296070321965e-01 3.401447808449684085e-01 5.035869793409265549e-01 7.351756372559949959e-01 3.812346540499308434e-01 6.762165780972063667e-01 0.000000000000000000e+00 5.106516148597728399e-01 4.040769230941804180e-01 8.518446771561232200e-01 2.812971504609452778e-01 2.566538522500780295e-01 6.889580046910308564e-01 5.322137537833115939e-01 9.331689656280041101e-01 6.860957607697377725e-01 5.045632756851404777e-01 3.068950349834206892e-01 5.848455692008355244e-01 2.056889400410003566e-01 6.938942511627022025e-01 4.677762876985069873e-01 5.065193609758961157e-01 8.256562044680009205e-01 1.799903281995444693e-01 3.244576431339752931e-01 1.726472746614183540e-01 3.503751013571023698e-01 5.753398297247639404e-01 6.893091704814211518e-01 2.989162723858963533e-01 8.729463233444422210e-01 1.698110895614628746e-01 8.418519097735343015e-01 6.928530639399477220e-01 1.489612750426606569e-01 4.016464623388946165e-01 4.161338911020342479e-01 2.803139676684393011e-01 5.527618380468936055e-01 2.904870821593449892e-01 3.202154641525639112e-01 4.516841447548654576e-01 6.393499762226688699e-01
3.344405668273984777e-01 1.242826102273256073e+00 1.164101258681957907e+00 7.616953800633654570e-01 8.925151565698721257e-01 7.836875368178363166e-01 3.562235461455913188e-01 3.352620812411090112e-01 7.898355412464673764e-01 3.619661188968243959e-01 7.633359855229778779e-01 4.274332675256548031e-01 5.106516148597728399e-01 0.000000000000000000e+00 6.295802998300615849e-01 3.439496175154824753e-01 7.284690840385144028e-01 2.608587096968641439e-01 1.016542802410491220e+00 3.749224827242554348e-01 5.793594706154793217e-01 2.250887938159196744e-01 2.172485377533535378e-01 5.451079845923211264e-01 9.579259359181353517e-01 6.482967639088516032e-01 1.952840959381478003e-01 4.495547629023188274e-01 1.928575096564921487e-01 5.983194379272483987e-01 4.092703107006449015e-01 6.674909449832066022e-01 4.181563342421316665e-01 2.017242493029368089e-01 3.391401529854927710e-01 1.786575556216482008e-01 5.300225698993991097e-01 3.622947084846690480e-01 5.225075164770153213e-01 3.412749973441497886e-01 3.851583314681764625e-01 6.547740677985564028e-01 6.865393098437583275e-01 1.405254619666680971e-01 6.580262880254196256e-01 1.386190016020472371e-01 7.807520318749885391e-01 7.535933864430799378e-01 5.225589377033387217e-01 2.494437821596780791e-01
7.815018886896438755e-01 7.636782460696344144e-01 7.111253071346735899e-01 7.967512342761815525e-01 4.790130687129443565e-01 8.547557333500924726e-01 3.073652412942924350e-01 3.981834307785760418e-01 3.137148423504644290e-01 4.517350765868153872e-01 3.103600339756931170e-01 4.885857134416360381e-01 4.040769230941804180e-01 6.295802998300615849e-01 0.000000000000000000e+00 8.862791019177542751e-01 2.973118605407688575e-01 5.791178257718886391e-01 5.354157871889744236e-01 2.699722619750051789e-01 6.402409036134713016e-01 5.420337667660647396e-01 4.504505480546635576e-01 2.262106584143158405e-01 5.049499843708508129e-01 3.125150581515143688e-01 7.194439637948563115e-01 2.016489216352353731e-01 4.428931171514034482e-01 6.407779710544850849e-01 5.192906312465709329e-01 1.816508786201094794e-01 3.289600246403224793e-01 4.645675699944847303e-01 3.581652706299573996e-01 6.945366294197559132e-01 1.571845727744416166e-01 8.617614670524597065e-01 3.659592427559882899e-01 8.599585805048011178e-01 3.999510751925711149e-01 3.703040701619046970e-01 1.998956861661695117e-01 5.615006164212089645e-01 2.260407328510060099e-01 5.598581448990272991e-01 3.771381668932584086e-01 3.120917218914223690e-01 1.340804785616813988e-01 4.478148834664877898e-01
2.782754441464473372e-01 1.528783208207515232e+00 1.491872128776977169e+00 9.938679946976985979e-01 1.206813044012882363e+00 9.911854170142599951e-01 6.828721982000853785e-01 6.385878802075309890e-01 1.077528127371455868e+00 5.661622680553060061e-01 1.091106855617997029e+00 6.593523317992366906e-01 8.518446771561232200e-01 3.439496175154824753e-01 8.862791019177542751e-01 0.000000000000000000e+00 1.031794883004936381e+00 5.975137579356963879e-01 1.302499908344750601e+00 6.470273330270869261e-01 7.868573508119030002e-01 3.532907556666147753e-01 5.037203416081488250e-01 8.443948743390170542e-01 1.285696806013155502e+00 9.776578307809876689e-01 1.918640752687177653e-01 6.993919323945497757e-01 4.738681915549015078e-01 8.302385022008301751e-01 7.373618960721119997e-01 9.952618150782257533e-01 7.551313357374158652e-01 5.318581568649838331e-01 5.341785887547969569e-01 1.917424724979983619e-01 8.534242198551554859e-01 1.568519464755754600e-01 8.438621914384459854e-01 1.725043312695830611e-01 6.060169804484574207e-01 9.797438132394474808e-01 9.724964157780175977e-01 4.627477627758694867e-01 9.857971581204389988e-01 3.673626944533058825e-01 1.096811791409680437e+00 1.082204376644165578e+00 7.998839452659526339e-01 4.739886519148220345e-01
9.598922150212492177e-01 6.502610451261496838e-01 7.497250866835610816e-01 1.065027692704995310e+00 2.518969339716232159e-01 1.098476864958143118e+00 4.918560137996721426e-01 3.932070027974053916e-01 2.524675006926181964e-01 6.954562081948665320e-01 3.320538840060699992e-01 7.579216910334031221e-01 2.812971504609452778e-01 7.284690840385144028e-01 2.973118605407688575e-01 1.031794883004936381e+00 0.000000000000000000e+00 5.240351664178434232e-01 4.196660010634261084e-01 4.740367607263227256e-01 8.839620352215221688e-01 7.659570913952019611e-01 6.909346854987195030e-01 2.136041179872167073e-01 5.402977079885993295e-01 2.252773520376106786e-01 8.607464391992257768e-01 4.705850726061017175e-01 5.725303225138168584e-01 9.090544294832987315e-01 3.611480300697668122e-01 1.726928687517648442e-01 4.070504633709982611e-01 6.213445292593170466e-01 6.189693646583863673e-01 8.868001628266299896e-01 3.223334873443199355e-01 1.061190184161659777e+00 2.114871158191591327e-01 1.004796868125261255e+00 6.347788059237924330e-01 1.449548215431227804e-01 1.448400744933719397e-01 5.924287310774756232e-01 3.059460717631090620e-01 8.083482155167239780e-01 1.480847683074318077e-01 2.167313373134020227e-01 3.233878449025325286e-01 6.482195445817341417e-01
5.693862453929438017e-01 1.140125352122977276e+00 9.914049483632974002e-01 8.679878361033172007e-01 6.511953722783507814e-01 9.429185278985707797e-01 3.101933302857989294e-01 2.497958970861462180e-01 6.873727666584629192e-01 5.260105219743028693e-01 5.941066646598669454e-01 5.437197446568567960e-01 2.566538522500780295e-01 2.608587096968641439e-01 5.791178257718886391e-01 5.975137579356963879e-01 5.240351664178434232e-01 0.000000000000000000e+00 9.100009761973640865e-01 4.252600044497070186e-01 7.377920108428520640e-01 4.302462117526257290e-01 3.376144564806771164e-01 4.518292470901419389e-01 7.883501648960642427e-01 4.389718589371260915e-01 4.392286130758169538e-01 4.861716827493492987e-01 2.662566596197936120e-01 7.066160463608851527e-01 1.888483287684451228e-01 5.128131445441964642e-01 2.520038080174992201e-01 1.743980163530642336e-01 4.837629816043552133e-01 4.395162653185123447e-01 4.305740467524960535e-01 6.231534181815331364e-01 3.450509286555255017e-01 5.875209905531074694e-01 5.012765983687768045e-01 3.968661598241338129e-01 5.927400077293247804e-01 1.654543335337621546e-01 4.802447179265966759e-01 3.394734236749420986e-01 5.383919669408181452e-01 5.593689332118232382e-01 5.138988493030407501e-01 3.960775358795339263e-01
1.215510433990642625e+00 2.345362832974769995e-01 1.089794171629604680e+00 1.281079279211564392e+00 6.507665973280725158e-01 1.305593523593423733e+00 7.886320632464026703e-01 6.890833977656083409e-01 2.361938882662677208e-01 9.025728668301469249e-01 6.761861016249769429e-01 9.729137583770193221e-01 6.889580046910308564e-01 1.016542802410491220e+00 5.354157871889744236e-01 1.302499908344750601e+00 4.196660010634261084e-01 9.100009761973640865e-01 0.000000000000000000e+00 6.897978514719622645e-01 1.091078693856802229e+00 1.006874225732277806e+00 9.498406547885529516e-01 4.737440888923422078e-01 8.811745886916080295e-01 6.197344381815421688e-01 1.116364658168618851e+00 6.948620604043599380e-01 8.323173911256445123e-01 1.125106015989867814e+00 7.409531565977524048e-01 5.034075496862672194e-01 7.458903982581581715e-01 9.379160699486454034e-01 8.305535614933878819e-01 1.160088115401161746e+00 6.121982442227643650e-01 1.316808403131053407e+00 5.847505567106719981e-01 1.260415087094655107e+00 8.460950918094856110e-01 5.443070726913435964e-01 3.410946962428595408e-01 8.883051260456784615e-01 6.129940201074185468e-01 1.040417429600954957e+00 5.469544316638811354e-01 5.907387616064091462e-01 5.305045035378129770e-01 8.782429406691200091e-01
5.438842668768439914e-01 9.160811513347268953e-01 9.415773410086664130e-01 6.752618063826266726e-01 6.744257325964941874e-01 6.249164008610862409e-01 3.726312018049348085e-01 2.308750917656623713e-01 4.651863206452230837e-01 2.339123062546546450e-01 5.408120678496857181e-01 3.670962855480812692e-01 5.322137537833115939e-01 3.749224827242554348e-01 2.699722619750051789e-01 6.470273330270869261e-01 4.740367607263227256e-01 4.252600044497070186e-01 6.897978514719622645e-01 0.000000000000000000e+00 4.104759858750607338e-01 3.362672026954570681e-01 3.557538803648897519e-01 2.605260982878052634e-01 7.354020182448433030e-01 5.300803533243260146e-01 4.608920828509557865e-01 1.886044966951615220e-01 1.820649730677633138e-01 5.192885431609302049e-01 4.225114415006740454e-01 4.138687257062003133e-01 5.034126537063501328e-01 4.379567730697219718e-01 1.915353636765518286e-01 4.916964792489723068e-01 3.399165770039740964e-01 6.433813566918108462e-01 3.659149344218911026e-01 6.049425117769916538e-01 1.607420451974698739e-01 4.963740337066848696e-01 3.584900424984427958e-01 3.041164396093909428e-01 4.436060280238174891e-01 3.907685275357754562e-01 5.673816129155435650e-01 5.372018723689212516e-01 1.646043030685035713e-01 1.892630025225873203e-01
6.692054915169847185e-01 1.317668373973757356e+00 1.296054247248078051e+00 8.970386706993348502e-01 1.078688949460170132e+00 2.222625577994584434e-01 6.273284266651092400e-01 6.088033989003605040e-01 8.667735432842539334e-01 2.216769508307243897e-01 8.952889740890977999e-01 5.666899961609541680e-01 9.331689656280041101e-01 5.793594706154793217e-01 6.402409036134713016e-01 7.868573508119030002e-01 8.839620352215221688e-01 7.377920108428520640e-01 1.091078693856802229e+00 4.104759858750607338e-01 0.000000000000000000e+00 4.409659211095625087e-01 5.326160280266164504e-01 6.710020841628662192e-01 1.089878924484255718e+00 8.779942905902525796e-01 6.007221006357714721e-01 4.882005346160918080e-01 4.746789352312278387e-01 7.395143607782317385e-01 7.924176143046781640e-01 7.823650263407758709e-01 7.718661952069557630e-01 6.754392592855048560e-01 3.921971802475830993e-01 5.960967463880323391e-01 6.710541300061535486e-01 7.633215840207360214e-01 7.733287926090731679e-01 7.380669376460635700e-01 2.508982654865123951e-01 9.068500195817456033e-01 7.584061060404753141e-01 5.723376773090901315e-01 7.980829342632299594e-01 5.109491076559062872e-01 9.751607880059484090e-01 9.044381264793324160e-01 5.605741903189896957e-01 3.444397298104580063e-01
2.417202043474103168e-01 1.233463905849233155e+00 1.188898434844638086e+00 6.794760007561291282e-01 9.546109620697749154e-01 6.452939873119195591e-01 4.588937611858077137e-01 3.987991660433464758e-01 7.825690751597291772e-01 2.194217499497977397e-01 7.881331616856579458e-01 3.434111037041837067e-01 6.860957607697377725e-01 2.250887938159196744e-01 5.420337667660647396e-01 3.532907556666147753e-01 7.659570913952019611e-01 4.302462117526257290e-01 1.006874225732277806e+00 3.362672026954570681e-01 4.409659211095625087e-01 0.000000000000000000e+00 2.329873336754244295e-01 5.723995127628579427e-01 9.827231120808155307e-01 7.476141235697465470e-01 2.005141526910462213e-01 3.593315372857125434e-01 2.198155138805410191e-01 5.159143448504428520e-01 5.361235979744806146e-01 6.781115179491853384e-01 5.749422120693882254e-01 3.522531378123416324e-01 1.987840921347242551e-01 1.615987332951980271e-01 5.360462780021914009e-01 3.261003609234138789e-01 6.073946653350189573e-01 3.264816894711558559e-01 2.703304191842256232e-01 7.505457321746435984e-01 6.742016379159506689e-01 2.699618696677033025e-01 6.909271218597898834e-01 1.581607391929076289e-01 8.467581920604861923e-01 7.972823140758922289e-01 4.763697221944648286e-01 1.470042001728696646e-01
4.463253644751453142e-01 1.178103113669212609e+00 1.028606316199796922e+00 5.507604461016873953e-01 8.540543503316888607e-01 7.418862313361174188e-01 2.307666795756894706e-01 5.178292699532511811e-01 7.277431926007489338e-01 3.113050267860494325e-01 6.278410430408160048e-01 2.190453730980649882e-01 5.045632756851404777e-01 2.172485377533535378e-01 4.504505480546635576e-01 5.037203416081488250e-01 6.909346854987195030e-01 3.376144564806771164e-01 9.498406547885529516e-01 3.557538803648897519e-01 5.326160280266164504e-01 2.329873336754244295e-01 0.000000000000000000e+00 5.775632358163169666e-01 8.224309934359738117e-01 5.614669809286266799e-01 3.884527423049124462e-01 2.578768044597599118e-01 3.898901421098229791e-01 3.881583459010193304e-01 5.264627852491221560e-01 5.273513095906712245e-01 3.584745604830648080e-01 1.672843151513668247e-01 1.675946398999450249e-01 3.171208392876559978e-01 3.686011981543996785e-01 4.894721474122168958e-01 6.636347943190472609e-01 5.300328297330404448e-01 3.292196641041335581e-01 6.241958426231518642e-01 6.161260594098327825e-01 3.186075416731809495e-01 5.225313455432580856e-01 1.363576471548429425e-01 7.455949533881329749e-01 6.369901954310503989e-01 4.395532686412350620e-01 2.976406691238445701e-01
7.663346363889055324e-01 6.993378597242930761e-01 8.066576673941011633e-01 8.972935876937288002e-01 4.138996343086889795e-01 8.854424991488915042e-01 4.767848250554270195e-01 2.153393088732661609e-01 2.447275566541459169e-01 4.933202131498010679e-01 4.058923942351201353e-01 5.891280668591836189e-01 3.068950349834206892e-01 5.451079845923211264e-01 2.262106584143158405e-01 8.443948743390170542e-01 2.136041179872167073e-01 4.518292470901419389e-01 4.737440888923422078e-01 2.605260982878052634e-01 6.710020841628662192e-01 5.723995127628579427e-01 5.775632358163169666e-01 0.000000000000000000e+00 6.004823446302779422e-01 3.758914606345964970e-01 6.671888605668817585e-01 3.359115962931222277e-01 3.805946518507745679e-01 7.413203244720325547e-01 3.015099421209436747e-01 2.364562808942359817e-01 4.627538940226536002e-01 6.170291473091029655e-01 4.315707432508321117e-01 6.994001541607103301e-01 3.228581315802343532e-01 8.676326055293159811e-01 1.536935251352018472e-01 8.112392894929176812e-01 4.212681434852751372e-01 2.425544204546672966e-01 1.460831232918082812e-01 4.145610371533364202e-01 3.298575158719138090e-01 6.359119090390644713e-01 3.068555146277383572e-01 3.454467252476513539e-01 1.506841987028887386e-01 4.355042222162838206e-01
1.222191234004395666e+00 1.113684907457011652e+00 2.114953245870472009e-01 1.207583585213274580e+00 6.905177181462497371e-01 1.304393754220877444e+00 6.147085075477932703e-01 8.158216535035439643e-01 6.680293196727004057e-01 9.013730974575998589e-01 2.116443418047301572e-01 9.021714723441754957e-01 5.848455692008355244e-01 9.579259359181353517e-01 5.049499843708508129e-01 1.285696806013155502e+00 5.402977079885993295e-01 7.883501648960642427e-01 8.811745886916080295e-01 7.354020182448433030e-01 1.089878924484255718e+00 9.827231120808155307e-01 8.224309934359738117e-01 6.004823446302779422e-01 0.000000000000000000e+00 4.194912110068462763e-01 1.152049310296791473e+00 6.233915747951033204e-01 9.126523553087938501e-01 1.051610321991577335e+00 7.635961051341096928e-01 3.777670390053405325e-01 5.507666842144769426e-01 7.600359689952418396e-01 7.853553087812010780e-01 1.110520763725139748e+00 4.567206415880066261e-01 1.287948694529412519e+00 6.926187129652100483e-01 1.294059375126900724e+00 8.495890960633556421e-01 5.603127653271082753e-01 5.425241526229226396e-01 9.408896994139160919e-01 3.149858625121293443e-01 9.312007092648449946e-01 5.901650230964057275e-01 3.681343983327376446e-01 5.879119503353986698e-01 9.106705246521676900e-01
9.567065385595582283e-01 8.503294822442662992e-01 6.215463334934114847e-01 9.660563169397279326e-01 3.262905249485300585e-01 1.092509120326873751e+00 3.333350966227677237e-01 4.850074372379139520e-01 4.522646285080375028e-01 6.883051613576518513e-01 2.158802958559417617e-01 6.606442040706301810e-01 2.056889400410003566e-01 6.482967639088516032e-01 3.125150581515143688e-01 9.776578307809876689e-01 2.252773520376106786e-01 4.389718589371260915e-01 6.197344381815421688e-01 5.300803533243260146e-01 8.779942905902525796e-01 7.476141235697465470e-01 5.614669809286266799e-01 3.758914606345964970e-01 4.194912110068462763e-01 0.000000000000000000e+00 8.409151393043939882e-01 3.965134945491611274e-01 6.666721459534198369e-01 8.100830537180316870e-01 3.674149040850063774e-01 2.317769215095820956e-01 2.314518336544591215e-01 4.475910517767487384e-01 5.488300314350220699e-01 8.063114602587939661e-01 2.136598991590992758e-01 9.868598317194058334e-01 2.871994322418737755e-01 9.860203998947331128e-01 6.377044621693528370e-01 1.443104307423092036e-01 3.118266261842356224e-01 6.034617448753900604e-01 1.577053455880165767e-01 6.449891876976526772e-01 2.225581109107946098e-01 1.361860286960784039e-01 4.036887795707502224e-01 6.987858907581644408e-01
1.914243692718312351e-01 1.342647958031383704e+00 1.358224633060613806e+00 8.731832284555054446e-01 1.037361111000769665e+00 8.050501668381284670e-01 5.503469205242468298e-01 4.687961472049151923e-01 8.913928771953247843e-01 3.823423472373059240e-01 9.574593599016335554e-01 5.371183314035600231e-01 6.938942511627022025e-01 1.952840959381478003e-01 7.194439637948563115e-01 1.918640752687177653e-01 8.607464391992257768e-01 4.392286130758169538e-01 1.116364658168618851e+00 4.608920828509557865e-01 6.007221006357714721e-01 2.005141526910462213e-01 3.884527423049124462e-01 6.671888605668817585e-01 1.152049310296791473e+00 8.409151393043939882e-01 0.000000000000000000e+00 5.443894457055512559e-01 2.944382630772656162e-01 7.096215725498191684e-01 5.750414981502316447e-01 8.616143193618622798e-01 6.120803516991989435e-01 3.956482667600041414e-01 3.850422727092012165e-01 1.657879944602752842e-01 7.220710436823457590e-01 2.433851292995345417e-01 6.755104386405298422e-01 1.499177191162232581e-01 4.198817302723260037e-01 8.162660322927054457e-01 7.863611656018861806e-01 3.001742736797869404e-01 8.521496624040754142e-01 2.568777420742597850e-01 9.273598583975680709e-01 9.475174039001474924e-01 6.137486950898213278e-01 2.878534017386908395e-01
5.987996592092916792e-01 9.231245192850195957e-01 8.295668975589265415e-01 5.971702324113564719e-01 6.409845180607131043e-01 7.027153643527129789e-01 1.894440845260401129e-01 3.897432626506660558e-01 4.727645982165556982e-01 2.917916668084906129e-01 4.288016243999454025e-01 2.898865941563543713e-01 4.677762876985069873e-01 4.495547629023188274e-01 2.016489216352353731e-01 6.993919323945497757e-01 4.705850726061017175e-01 4.861716827493492987e-01 6.948620604043599380e-01 1.886044966951615220e-01 4.882005346160918080e-01 3.593315372857125434e-01 2.578768044597599118e-01 3.359115962931222277e-01 6.233915747951033204e-01 3.965134945491611274e-01 5.443894457055512559e-01 0.000000000000000000e+00 3.529841698023349905e-01 4.411969691896598933e-01 5.735735249299501737e-01 3.242307662735449680e-01 3.262717301286927052e-01 3.125753555284123686e-01 1.656829379526526536e-01 5.076494598965513028e-01 1.828535953900618516e-01 6.776976047907095069e-01 4.729467456486403099e-01 6.772563510244489215e-01 2.496128609865443382e-01 4.862710057445552847e-01 3.611474650256397689e-01 4.804196629085541459e-01 3.315955845740773400e-01 3.652037622672315575e-01 5.402335386365485492e-01 4.379507767901797965e-01 1.979016291180402676e-01 3.255399261637675901e-01
3.965286032268010019e-01 1.058600690988408699e+00 1.118827678072616516e+00 8.273413757902722265e-01 7.478882835122658834e-01 6.798054522869463323e-01 4.957244302944020520e-01 1.816647087155057183e-01 6.073456101523498907e-01 2.651906215864565652e-01 7.180624049136360432e-01 4.957290576175630847e-01 5.065193609758961157e-01 1.928575096564921487e-01 4.428931171514034482e-01 4.738681915549015078e-01 5.725303225138168584e-01 2.662566596197936120e-01 8.323173911256445123e-01 1.820649730677633138e-01 4.746789352312278387e-01 2.198155138805410191e-01 3.898901421098229791e-01 3.805946518507745679e-01 9.126523553087938501e-01 6.666721459534198369e-01 2.944382630772656162e-01 3.529841698023349905e-01 0.000000000000000000e+00 6.682322987638220635e-01 3.315521419741849773e-01 5.789658506845433150e-01 5.139738181114145155e-01 3.275944424144455747e-01 3.229483132622031349e-01 3.302609473308079635e-01 5.171669140679249210e-01 4.978265723672114507e-01 3.967624922185903902e-01 4.401518803563102544e-01 2.366571066676868007e-01 5.399135590582149202e-01 5.023138985589113981e-01 1.393404155621987828e-01 6.208563650877682027e-01 3.234315599259817708e-01 6.378870309090642898e-01 6.926337442135692690e-01 3.297014280468466008e-01 1.329644602679093957e-01
7.571630316623845225e-01 1.353368474870528360e+00 1.257785644755400112e+00 1.847436881492375838e-01 1.078863863092780040e+00 9.505530142807243621e-01 4.980236526028837818e-01 7.414314657932302710e-01 9.030085538020641289e-01 5.204787980848960549e-01 8.570203715964196389e-01 1.814576683650078182e-01 8.256562044680009205e-01 5.983194379272483987e-01 6.407779710544850849e-01 8.302385022008301751e-01 9.090544294832987315e-01 7.066160463608851527e-01 1.125106015989867814e+00 5.192885431609302049e-01 7.395143607782317385e-01 5.159143448504428520e-01 3.881583459010193304e-01 7.413203244720325547e-01 1.051610321991577335e+00 8.100830537180316870e-01 7.096215725498191684e-01 4.411969691896598933e-01 6.682322987638220635e-01 0.000000000000000000e+00 8.954643751293303033e-01 7.536397918398421991e-01 6.643534340469524624e-01 5.322180300078210857e-01 3.565429608417651774e-01 6.384960297028319243e-01 6.015914258328669550e-01 8.094669179061356745e-01 8.687023354441584244e-01 8.379672767098168551e-01 5.182173268787478859e-01 8.908899102500381639e-01 7.924334281735412322e-01 7.025171409669977995e-01 7.588417321642155766e-01 4.798433874342458716e-01 9.787028955137453412e-01 8.661695239866540330e-01 6.033103572969505946e-01 5.380546764950311367e-01
6.989686162162797034e-01 9.710775325233655941e-01 9.656512276206752343e-01 1.056836164871762351e+00 5.070045113679993998e-01 9.998714977573328611e-01 4.527527680713293035e-01 1.916363497350116740e-01 5.235438037828670232e-01 5.967427635606417091e-01 5.599851899832054558e-01 7.325680734253018356e-01 1.799903281995444693e-01 4.092703107006449015e-01 5.192906312465709329e-01 7.373618960721119997e-01 3.611480300697668122e-01 1.888483287684451228e-01 7.409531565977524048e-01 4.225114415006740454e-01 7.924176143046781640e-01 5.361235979744806146e-01 5.264627852491221560e-01 3.015099421209436747e-01 7.635961051341096928e-01 3.674149040850063774e-01 5.750414981502316447e-01 5.735735249299501737e-01 3.315521419741849773e-01 8.954643751293303033e-01 0.000000000000000000e+00 4.775407589447656087e-01 3.303458886588095389e-01 3.632463451215093841e-01 6.090527226496074142e-01 5.832720357970792024e-01 4.789066005854408781e-01 7.669091886601002717e-01 1.562025998870804622e-01 7.242413003992873577e-01 5.468769362756529251e-01 2.563835737846892893e-01 4.323032883454286934e-01 2.779266834533709041e-01 4.603042958679837704e-01 5.076431259652903760e-01 3.929117660598550610e-01 4.671772431026566252e-01 3.971514204573053375e-01 4.645166022420944563e-01
9.175796398727644743e-01 7.359178684516699542e-01 5.871944177003016740e-01 9.096130550615383337e-01 3.313266883260398421e-01 9.968798560773972639e-01 3.242735166128641322e-01 4.517955897675020593e-01 3.013911437764302259e-01 5.938591993141203451e-01 1.727785519387096957e-01 6.042009421924404711e-01 3.244576431339752931e-01 6.674909449832066022e-01 1.816508786201094794e-01 9.952618150782257533e-01 1.726928687517648442e-01 5.128131445441964642e-01 5.034075496862672194e-01 4.138687257062003133e-01 7.823650263407758709e-01 6.781115179491853384e-01 5.273513095906712245e-01 2.364562808942359817e-01 3.777670390053405325e-01 2.317769215095820956e-01 8.616143193618622798e-01 3.242307662735449680e-01 5.789658506845433150e-01 7.536397918398421991e-01 4.775407589447656087e-01 0.000000000000000000e+00 2.752296638626089975e-01 4.696009780603127015e-01 4.873847786294658868e-01 8.200857727902104433e-01 1.587501114362714905e-01 9.975137035944832142e-01 3.362235505344178255e-01 9.960363316879217166e-01 5.420751979198760173e-01 2.212027188840112457e-01 1.649916426460813212e-01 6.510173180475724575e-01 1.383635745763010516e-01 6.407657183299158010e-01 2.312907546409725956e-01 1.343772689925987751e-01 2.508305805335688254e-01 6.008821361539635753e-01
