0.000000000000000000e+00 5.607839129536943412e-01 4.866368635923297159e-01 4.270493026143163395e-01 4.000383862299592974e-01 3.924579606088341999e-01 3.595180640462082300e-01 3.079418147854885990e-01 2.846344829265270437e-01 2.584022979627028649e-01 2.404656899313140639e-01 2.312758016316696363e-01 2.553313049001348367e-01 2.213893755544840136e-01 4.005136519739798118e-01 3.501609107700510704e-01 1.816470013229163349e-01 1.652214411786563641e-01 4.061646679051127418e-01 1.574108398631346439e-01 2.116636669793442449e-01 2.496247000754926171e-01 2.248383390059918718e-01 2.907807291735834410e-01 4.494869163669681922e-01 2.129162989687602425e-01 2.628402718090057655e-01 1.348046238859589852e-01 3.313957713674260397e-01 1.770031515033487768e-01 1.613481466448020429e-01 4.144586524726241450e-01 1.263293516614136802e-01 1.214236793574377665e-01 2.785694570409364412e-01 2.532235258669351396e-01 3.889800988490697553e-01 2.836444098317694174e-01 3.680290202645468689e-01 1.159852158294667201e-01 2.820058049086335283e-01 3.747666424546001185e-01 1.032044706071931356e-01 3.273690205612774795e-01 3.966929633082885709e-01 1.289169207889946933e-01 2.142943845988992957e-01 3.113828357214825648e-01 1.248369154773851103e-01 2.472559487856124949e-01 4.207343965276359454e-01 2.221120961010511485e-01 2.195726233573402908e-01 1.996004099046537750e-01 2.704734624075925686e-01 4.246698516402537260e-01 2.023159647299744290e-01 3.356430729621798781e-01 2.481650582797378934e-01 1.924768900418540041e-01 3.524481585617355028e-01 2.087336574405317391e-01 1.672716463844774459e-01 8.343883597803403163e-02 2.247055625801961665e-01 2.902674618700133991e-01 3.366448755465697440e-01 4.722490455509485430e-01 2.931096179159106141e-01 1.502866089522717497e-01 2.802745537437640322e-01 2.052922153524653071e-01 4.398743381252230300e-01 9.330069861760560690e-02 2.283584779036079149e-01 2.374792646875612534e-01 2.880109342479589274e-01 4.572303591494475405e-01 3.125665494579543124e-01 2.840270413257891535e-01 2.148875442190703033e-01 2.866145604533735236e-01 3.976233095328986500e-01 2.620965057048619262e-01 3.124228147938433175e-01 3.681362075847301463e-01 3.461830917537339625e-01 2.224806647755277755e-01 2.094239422798889194e-01 1.582397986104440157e-01 2.283830118769090145e-01 6.858813522749807046e-02 3.721970608866849717e-01 1.401197359221272587e-01 1.957538441423300468e-01 2.672186440492933523e-01 4.095448887049890629e-01 6.623816739510805796e-02 3.608464696391458504e-01 2.350899010538092249e-01
5.607839129536943412e-01 0.000000000000000000e+00 9.897643309116411769e-01 9.739001286910712318e-01 9.468892123067141897e-01 6.790151386098020048e-01 6.568035155848133133e-01 8.002287085300223701e-01 3.071635202450224145e-01 8.052531240394574796e-01 5.620591129985332834e-01 7.469382860121753787e-01 5.091744185677251622e-01 5.192567086677730703e-01 9.272382850791562880e-01 8.516134081677987355e-01 6.315602872387657829e-01 6.733384620563761525e-01 1.604413591896462765e-01 4.596483872849554952e-01 7.574998220452493491e-01 7.964755261522472596e-01 4.497562845930235254e-01 8.139757905902849089e-01 9.749560751445278672e-01 7.143687963665077412e-01 5.546719312704788685e-01 5.219227034150120126e-01 8.782465974441807655e-01 4.582829299981825977e-01 4.065549257642914749e-01 9.588852380604939718e-01 6.731801777381684060e-01 5.529572509483215992e-01 5.651266350419041906e-01 7.710037493226018501e-01 8.948351357132391382e-01 8.304952359085240321e-01 9.148798463413017057e-01 5.019210494035668546e-01 7.805288806910085642e-01 8.954149043747623438e-01 6.041378292354993018e-01 8.676305220658598882e-01 9.435437893850434632e-01 6.608745533819189166e-01 5.092963837123926085e-01 6.086682872600877037e-01 5.429007674000780881e-01 7.941067748623672484e-01 9.221868939253834441e-01 7.564786952222813943e-01 7.664234494340951276e-01 3.723469597226259364e-01 7.043167172414135369e-01 9.448021103842146884e-01 4.244652447547095919e-01 8.824938990389344928e-01 7.231321064755558137e-01 6.939293874396013084e-01 2.207076079955637427e-01 7.293819193606941864e-01 5.496420260925523049e-01 4.927115203103998864e-01 6.339985685284640349e-01 8.327272695705206784e-01 6.186214299845241849e-01 8.935593267799832318e-02 8.137578798360729504e-01 6.708046264725679997e-01 7.827075962165772616e-01 6.099051610405191726e-01 9.867251642019775337e-01 6.060858094255152650e-01 5.148035955904265437e-01 4.319354915259548400e-01 7.894634316457065371e-01 9.598989329649589841e-01 8.594173755347089827e-01 5.638785220538529153e-01 7.617383702958249181e-01 5.839000119919784959e-01 9.230924683104581030e-01 3.751127940022506158e-01 8.383109979557392677e-01 8.913312690014320028e-01 8.395277399754463854e-01 4.385101064134001581e-01 5.143422530345194144e-01 5.377489103925049418e-01 4.994831848065015567e-01 5.417589574773867822e-01 9.190478869634394199e-01 5.209385277918149315e-01 7.426046702190847171e-01 8.140694701260480226e-01 9.109973861027366171e-01 6.078221738715859912e-01 9.076972957159007427e-01 7.727712538041828783e-01
4.866368635923297159e-01 9.897643309116411769e-01 0.000000000000000000e+00 5.102667159147846743e-01 5.437505781689779827e-01 8.602745690604024498e-01 8.366190091872992562e-01 3.186502373680081823e-01 7.079477611960653949e-01 2.628999956292631945e-01 5.731367527483531843e-01 4.043638139546865129e-01 7.343238418737878526e-01 6.702018631090528311e-01 1.983026435094215612e-01 1.785852307068144795e-01 4.072940894521847599e-01 4.196443835494063634e-01 8.371306696736137143e-01 5.824920864735221304e-01 3.805065530522178108e-01 4.009024114523586646e-01 6.296436293487164271e-01 2.313912726804500664e-01 1.436205221293457013e-01 2.753955345451334913e-01 7.399412169500967362e-01 6.150024503614136551e-01 3.805244852252535059e-01 5.570739276113975125e-01 6.384490917858930414e-01 1.233912325676291555e-01 3.603075119309160357e-01 5.552348482715908640e-01 7.587672835163910001e-01 3.622523607763667997e-01 1.183800600330502661e-01 2.120440088891260011e-01 4.604983908934645598e-01 5.930861609705575521e-01 2.820928642677933973e-01 2.271068070544783879e-01 3.856265016761419862e-01 4.667996909733104771e-01 9.701171542983300089e-02 3.989788012224882996e-01 6.649779270505843387e-01 7.884837808625734246e-01 4.633970591488363877e-01 3.734251693749742751e-01 9.320439366702970574e-02 3.081179936527081442e-01 4.026852180329780206e-01 6.174173711890154070e-01 4.510114381600137667e-01 1.248053082481995063e-01 6.794169098710651777e-01 4.940834968800637550e-01 3.700624159260407775e-01 3.092192310835992219e-01 7.863666750667462901e-01 3.159851439100410664e-01 5.631380422882434900e-01 5.212154851725685489e-01 5.070839445980825921e-01 3.219997314535368860e-01 8.019206904388006540e-01 9.004083982336429370e-01 2.698030141839217744e-01 3.860727723845404635e-01 3.957051334545687582e-01 4.871503814234206531e-01 8.048323762179206142e-02 4.788975572894673682e-01 7.054594230446987746e-01 6.370447370350239558e-01 2.099374136576447891e-01 7.991441408371631472e-02 3.966380083116448629e-01 7.642248678012437679e-01 2.717493193732594126e-01 7.637155055944643278e-01 1.782370928606172300e-01 6.964322605971021707e-01 2.490719674221676949e-01 1.659979258271954139e-01 2.494549939306212882e-01 6.466924031478546997e-01 6.865248874209797236e-01 6.308285273801206294e-01 5.915777118387052225e-01 5.551378882268600545e-01 4.393611355346759284e-01 5.866747282105503336e-01 3.321862445687008281e-01 3.339691228208352403e-01 1.481048142958211467e-01 4.460106547806241828e-01 5.256584703313009754e-01 3.115831918748183105e-01
4.270493026143163395e-01 9.739001286910712318e-01 5.102667159147846743e-01 0.000000000000000000e+00 5.831503143236478337e-01 8.130682261062757155e-01 7.718481041872383708e-01 4.683906036845517096e-01 6.920835589754951167e-01 2.540620335266821073e-01 5.677560269566779283e-01 4.497872415256080059e-01 6.747362808957746427e-01 6.063140332389304055e-01 4.442117991811996291e-01 4.729318311845927547e-01 5.093485112868385567e-01 4.271979365053368838e-01 8.212664674530434361e-01 5.666278842529516302e-01 2.770592960777386038e-01 4.327366281691810146e-01 5.787001361184593851e-01 3.260735019667325152e-01 4.924315492100716507e-01 4.434126088036980384e-01 6.751703119500359618e-01 5.554148893834003342e-01 1.319289270457756347e-01 5.736054689786862504e-01 5.780230892234179407e-01 4.237848907045434488e-01 3.301972737136033009e-01 4.995388145061920304e-01 6.991797225383779013e-01 4.265791093982465032e-01 4.556017878068699956e-01 3.627456257676049400e-01 1.082355831167654270e-01 5.283152559704965556e-01 5.390627197249358016e-01 4.261221527053162261e-01 4.057820716900800706e-01 5.105153291959205752e-01 4.238724727769524470e-01 3.206046800186940771e-01 6.327988094181646872e-01 7.237128758625127611e-01 5.068971480666910612e-01 2.010147265080170498e-01 5.127278349953299230e-01 3.518336318753183534e-01 4.125047371401668883e-01 6.015531689684451289e-01 5.157272305329384521e-01 4.858278282394525305e-01 6.146460048710044033e-01 5.187550010558683589e-01 5.208031087552438265e-01 4.913044766559384047e-01 7.691231011403513174e-01 3.507962316416850523e-01 5.196087845447386888e-01 4.861212460996540141e-01 5.169617464663703865e-01 2.167956136075170348e-01 7.572551410440113706e-01 8.845441960130726589e-01 3.914977071176262147e-01 4.157139255261109723e-01 4.411285610254903067e-01 5.677062331728951472e-01 4.647636609596946244e-01 4.203053948557928243e-01 6.406885180446381112e-01 6.163599566187338841e-01 4.476626869178398360e-01 5.252337489888234678e-01 1.317205770744746540e-01 7.046373068232304471e-01 2.911390425245387603e-01 6.989446005944035534e-01 4.429439550191094921e-01 6.533436267092321836e-01 2.706681366981057435e-01 3.749200751962508127e-01 4.875869682677367867e-01 6.308282009272841995e-01 6.217539824209188382e-01 5.669406975099982038e-01 5.900053505582127933e-01 4.955503272488467337e-01 7.090558038010869035e-02 5.515804891376357988e-01 2.335928823854736547e-01 1.775570636059660701e-01 4.796712391306621748e-01 3.726539705350396248e-01 5.459338295890776571e-01 2.823427285287535837e-01
4.000383862299592974e-01 9.468892123067141897e-01 5.437505781689779827e-01 5.831503143236478337e-01 0.000000000000000000e+00 7.860573097219187844e-01 7.500205318249290043e-01 4.770924801022035089e-01 6.650726425911381856e-01 3.735141186251539902e-01 5.661367286425921241e-01 2.675446626084480028e-01 6.477253645114176006e-01 5.979059753408787481e-01 4.669836162556766923e-01 4.424268207155981902e-01 4.515779405735213525e-01 4.801221004622097110e-01 7.942555510686865050e-01 5.396169678685948101e-01 4.135259294732814839e-01 1.527348344988006534e-01 5.846951968716896930e-01 4.869164138744262460e-01 5.150707865997810053e-01 3.224663027255442183e-01 6.533427395877265953e-01 5.284039729990435141e-01 4.799879801346058072e-01 5.377506965695695307e-01 5.518506144235226785e-01 4.909894776872046895e-01 2.737090345685456727e-01 4.979402791438323206e-01 6.721688061540209702e-01 5.027514602484806083e-01 4.476061640874556824e-01 3.501143741134662979e-01 5.241300319738781965e-01 5.064876836081873002e-01 4.290326519332820498e-01 5.257752774034197829e-01 3.603573053657169734e-01 9.819580542994199579e-02 4.726769810982381359e-01 3.722847928038403031e-01 6.057878930338079781e-01 7.018853035002033947e-01 4.505079541886632399e-01 4.216566940254843909e-01 4.956995615606018535e-01 2.488090233807049578e-01 2.007542374284841946e-01 5.745422525840883088e-01 5.516627801987479263e-01 4.853366833351533405e-01 5.928184325086950368e-01 9.065395408138506028e-02 4.650653912896690056e-01 3.668559362583226346e-01 7.429506263404560551e-01 4.277098735041120481e-01 5.271285042501753226e-01 4.591103297152970275e-01 5.674113579106496719e-01 4.371579264590005898e-01 7.302442246596544395e-01 8.575332796287157278e-01 5.120858339794911451e-01 3.061663958347388692e-01 1.772553404735555116e-01 5.113170392948673815e-01 5.164051633398035746e-01 4.487814331674609969e-01 6.188609456823287447e-01 6.091090151831398680e-01 3.885838607506587050e-01 5.127601627900214565e-01 4.646825989379829713e-01 6.776263904388736270e-01 3.119854782874585397e-01 6.771170282320941869e-01 4.632071797657115186e-01 6.525989734835825340e-01 4.330992580899853950e-01 4.570098518771906759e-01 5.005915174560794378e-01 6.038172845429272684e-01 5.999264100586095827e-01 5.487422663891646790e-01 5.786886068785320747e-01 4.685394108644897471e-01 5.259861767551794465e-01 5.245695727532788677e-01 3.571746438230758991e-01 4.193346935293219557e-01 5.010441091184244522e-01 3.669632864809596051e-01 6.700063806814440803e-02 4.513310112337299840e-01
3.924579606088341999e-01 6.790151386098020048e-01 8.602745690604024498e-01 8.130682261062757155e-01 7.860573097219187844e-01 0.000000000000000000e+00 5.720765947397927764e-01 6.799045503319975925e-01 4.021219150576903489e-01 6.444212214546621853e-01 5.320975452375086290e-01 6.174485241609365405e-01 2.186963059534814402e-01 4.414239889534961603e-01 7.865325754659389101e-01 7.221236463165602304e-01 5.407195223021274977e-01 5.263802587014629886e-01 5.254784838119874735e-01 2.881336580604469400e-01 5.976825904713035653e-01 6.356436235674519653e-01 4.414805452207871128e-01 6.573543846574250171e-01 8.355058398589274571e-01 5.848790345152689030e-01 4.738348832974813019e-01 2.603790189058600713e-01 7.174146948593854711e-01 4.079056561356405597e-01 2.951553561468052145e-01 8.004775759645834654e-01 5.123482751533728896e-01 4.451060481898316823e-01 1.170953452502270786e-01 6.143823433897417363e-01 7.653453738620006330e-01 6.696633333237288488e-01 7.540479437565063003e-01 3.782021942079810684e-01 6.539685404551424108e-01 7.387934984419025630e-01 4.746480673842604081e-01 7.133879440532367999e-01 7.827118868002480578e-01 5.042531474490588028e-01 1.983869288939316411e-01 5.239413664150671668e-01 4.420858477327288538e-01 6.332748722775717320e-01 7.926971320741450500e-01 6.081310195930104134e-01 6.055915468492996112e-01 3.279695232020484186e-01 6.316322799303992763e-01 8.106887751322129354e-01 3.839344273377895411e-01 7.216619964541390875e-01 6.196086550568052909e-01 5.644396255883626923e-01 4.741624834927963827e-01 5.727605134278339616e-01 5.092308396923003189e-01 3.618392881930280747e-01 5.814293676200797956e-01 6.761058636376606756e-01 8.244625125296890789e-02 5.899775626120644656e-01 6.571364739032129476e-01 5.376863379308576274e-01 6.532178343653384234e-01 5.371801021875890481e-01 8.258932616171824614e-01 4.526110356845359228e-01 4.366799178088666689e-01 4.301737478633197442e-01 6.599736697944678099e-01 8.304091711137203680e-01 6.985854729499136884e-01 1.469578874206710073e-01 6.009064677110296238e-01 4.991730911469580700e-01 7.836422330248579149e-01 3.955579250315544027e-01 6.816895920228795980e-01 7.347098630685720000e-01 7.181458273002430115e-01 2.511297271578137869e-01 4.296153321894990995e-01 4.342348232539043340e-01 4.824802588738267284e-01 3.272036159726892657e-01 7.582159843786443476e-01 2.796052491744604462e-01 5.817727676342893117e-01 6.532375675412526173e-01 7.815076242514981120e-01 4.481369676824413784e-01 7.468653931311053373e-01 6.161498478713226534e-01
3.595180640462082300e-01 6.568035155848133133e-01 8.366190091872992562e-01 7.718481041872383708e-01 7.500205318249290043e-01 5.720765947397927764e-01 0.000000000000000000e+00 6.338641765572941011e-01 3.758150577396113801e-01 6.032010995356247296e-01 4.933324455149152299e-01 5.907938656778779496e-01 4.153836421328511164e-01 2.180845750197898392e-01 7.504957975689492411e-01 7.096789748162594114e-01 5.411650653691244539e-01 4.764884613583554307e-01 5.021842705362316028e-01 4.030648593831941962e-01 5.518890707001773421e-01 5.996068456704620742e-01 3.378874190362762264e-01 6.083650392452131239e-01 7.994690619619376770e-01 5.724343630149685280e-01 1.401863565805282485e-01 3.620873522564933555e-01 6.761945729403480154e-01 4.549377543454921069e-01 2.808111114650103657e-01 7.532744867154221868e-01 4.763114972563831095e-01 3.370390118969824322e-01 4.581880911718949623e-01 5.653929979775299541e-01 7.389622444440392401e-01 6.336265554267389577e-01 7.128278218374688446e-01 2.459421709109068099e-01 6.415238689548418138e-01 6.898041530296907808e-01 4.627225346534012962e-01 6.773511661562471309e-01 7.466751089032582778e-01 4.552638020368467986e-01 4.211103287031175979e-01 9.379543547230755063e-02 4.653621856654703293e-01 5.890996721198338282e-01 7.802524605738443420e-01 5.720942416960206334e-01 5.695547689523098311e-01 3.648101710689120591e-01 5.817404825872916074e-01 7.746519972352232664e-01 2.478092166778812500e-01 6.856252185571495295e-01 6.076831223259461234e-01 5.519949540880622063e-01 4.455048084892243021e-01 5.237711680156220684e-01 4.095275347465975879e-01 4.006580772357541953e-01 4.908684681868202837e-01 6.271165182254486714e-01 5.162635096775283206e-01 5.682686481820673485e-01 6.081471284910010544e-01 5.098046729984798686e-01 6.351333000985129873e-01 5.604564401203304680e-01 7.898564837201926814e-01 4.012862865819043501e-01 2.067793543149636371e-01 3.841816300529252159e-01 6.475289982941672129e-01 8.072125047444171919e-01 6.573653510308763437e-01 4.569399781838436869e-01 5.648696898140397327e-01 7.765010755374966711e-02 7.476054551278681348e-01 3.216917329471377096e-01 6.327002466106675937e-01 6.857205176563602178e-01 7.057011557999421925e-01 3.582753144282911362e-01 1.530588792179922442e-01 2.354570994573227383e-01 4.485033970844514717e-01 3.565990999065081213e-01 7.169958624596068919e-01 4.213269365080635764e-01 5.405526457152517450e-01 6.120174456222151615e-01 7.690629527511974040e-01 4.064130666493108168e-01 7.108286152341155573e-01 5.671605024591107602e-01
3.079418147854885990e-01 8.002287085300223701e-01 3.186502373680081823e-01 4.683906036845517096e-01 4.770924801022035089e-01 6.799045503319975925e-01 6.338641765572941011e-01 0.000000000000000000e+00 5.095001592621277720e-01 2.932703268780462724e-01 2.759881331019110595e-01 2.677027966050448682e-01 5.438200462152552594e-01 4.643097277406835754e-01 3.100425878303209593e-01 1.835262530569873873e-01 1.740347209043430210e-01 2.035140676421086092e-01 6.475950472919947964e-01 4.021220677451170511e-01 2.044721399002740747e-01 3.395504395085434668e-01 4.235791159255184457e-01 1.691775825034995406e-01 3.582623378591929808e-01 1.877848218860393714e-01 5.371863843200916921e-01 4.252001852466306686e-01 3.388519270815495421e-01 3.481487661237698261e-01 4.400391615934739487e-01 1.986240547627292630e-01 2.755411079179069245e-01 3.491703348483929381e-01 5.689650184016081802e-01 1.151455638479813165e-01 2.901554598876504576e-01 2.711128159021145567e-01 4.133162182742561863e-01 3.903313283405525635e-01 1.047169680667837111e-01 1.037470965432925329e-01 2.052564829477369623e-01 3.847600654779306240e-01 2.816818985320898583e-01 2.018978787521321649e-01 4.846079083221794259e-01 5.857289482325684915e-01 2.626577305015128649e-01 2.830812568047004762e-01 2.479762423248499936e-01 2.663880560551674104e-01 3.332166483083814357e-01 4.333560713469060688e-01 1.467235927486421621e-01 3.509890960588386011e-01 4.766620772410602447e-01 4.327321652285785469e-01 8.728828053050792513e-02 1.154649247436346504e-01 5.968310526851273723e-01 1.215402689823405491e-01 3.397187972404276946e-01 3.408454664441634696e-01 2.485974779625090281e-01 2.515949900770347303e-01 6.215506717103957968e-01 7.108727758520241302e-01 8.356597956713431030e-02 2.120907553244232302e-01 2.998371396286479418e-01 2.097103958843346549e-01 2.890703317093650249e-01 2.728330438662694424e-01 5.027045904146938415e-01 4.090456584939002882e-01 1.857583821932285162e-01 3.341981349158008041e-01 3.578537474676635743e-01 5.744226026864609480e-01 3.201632794814022742e-01 5.609606729644593948e-01 3.087747436682308222e-01 4.849332687106686079e-01 2.203856941235643185e-01 1.645259564160823917e-01 7.776851124229557100e-02 4.663223844194496759e-01 4.837700547909747906e-01 4.249363920117514293e-01 3.410215436420505619e-01 3.751497376323540411e-01 4.077907214644299061e-01 4.063047094821453098e-01 2.387436182385520023e-01 3.125058420590026143e-01 1.830698279664305650e-01 2.709745434031585742e-01 4.422771922342714213e-01 1.860478751557982091e-01
2.846344829265270437e-01 3.071635202450224145e-01 7.079477611960653949e-01 6.920835589754951167e-01 6.650726425911381856e-01 4.021219150576903489e-01 3.758150577396113801e-01 5.095001592621277720e-01 0.000000000000000000e+00 5.234365543238815865e-01 2.646169580967429047e-01 4.651217162965994301e-01 2.322811950156136174e-01 2.375798780199637472e-01 6.454217153635805060e-01 5.697968384522228424e-01 3.408317379708710737e-01 3.781200612116602522e-01 1.609136409066045381e-01 1.794383681846991041e-01 4.766979233405229111e-01 5.146589564366713665e-01 1.532841494363733348e-01 5.378263605631180555e-01 6.931395054289520852e-01 4.325522266509319036e-01 2.736834734252772683e-01 2.450294798629005510e-01 5.964300277286047614e-01 1.675543807302878885e-01 1.304054957371242884e-01 6.794929088338028667e-01 3.913636080225924574e-01 2.666740984260665970e-01 2.882334114897925348e-01 4.715313320452967916e-01 6.130185659976634671e-01 5.486786661929482500e-01 6.330632766257258126e-01 2.257716193763995849e-01 4.898003314231139660e-01 6.100299390816859013e-01 3.223212595199234642e-01 5.858139523502839952e-01 6.617272196694674591e-01 3.847251233547517857e-01 2.300416537645542658e-01 3.276798294148857704e-01 2.521722181321835454e-01 5.122902051467912443e-01 6.403703242098078841e-01 4.746621255067053902e-01 4.846068797185190680e-01 9.053039000704993233e-02 4.068745623396233246e-01 6.629855406686391284e-01 1.424890025415736505e-01 6.006773293233585997e-01 4.324035572076611045e-01 4.063500461974207112e-01 9.221539406330761524e-02 4.532324893335270000e-01 2.484007213159197813e-01 2.108949505948240211e-01 3.327572637518315113e-01 5.553017182311921207e-01 3.417282064324127511e-01 2.178075875670241190e-01 5.376084498089059860e-01 3.889880567569919956e-01 5.008910265010012575e-01 3.140988443322449419e-01 7.049085944864018627e-01 3.116788906990399233e-01 2.331267649426171096e-01 1.344933366241642114e-01 5.076468619301306440e-01 6.780823632493833131e-01 5.776008058191329786e-01 2.869852985017413149e-01 4.799218005802490250e-01 3.029115541467767847e-01 6.412758985948824320e-01 8.128066337839416622e-02 5.621615679285725253e-01 6.151818389742649273e-01 5.487991907075518982e-01 1.604730129629889090e-01 2.333537951893177032e-01 2.615994803653376999e-01 2.020410299047109837e-01 2.599423877618108891e-01 6.372313172478637489e-01 2.407285086915586514e-01 4.607881005035087130e-01 5.322529004104720185e-01 6.291808163871609461e-01 3.316727438444188047e-01 6.258807260003247386e-01 4.966218237770156918e-01
2.584022979627028649e-01 8.052531240394574796e-01 2.628999956292631945e-01 2.540620335266821073e-01 3.735141186251539902e-01 6.444212214546621853e-01 6.032010995356247296e-01 2.932703268780462724e-01 5.234365543238815865e-01 0.000000000000000000e+00 3.991090223050646202e-01 2.359479604252197882e-01 5.060892762441611126e-01 4.376670285873169863e-01 1.955856083836616521e-01 2.188697976579106197e-01 3.407015066352251376e-01 2.585509318537234091e-01 6.526194628014299060e-01 3.979808796013383221e-01 1.529568308006229727e-01 2.306659519085347554e-01 4.100531314668459659e-01 1.509532251602269393e-01 2.438053584125335627e-01 2.113952715500878043e-01 5.065233072984224316e-01 3.867678847317869151e-01 1.345261906589322876e-01 4.049584643270729423e-01 4.093760845718045216e-01 1.838048684854383941e-01 1.397706642750333739e-01 3.308918098545785003e-01 5.305327178867642601e-01 2.614104900653450025e-01 2.015397542801878050e-01 1.086835922409228189e-01 1.989828391235877458e-01 3.596682513188832475e-01 2.873728153914114625e-01 2.062607343480421518e-01 2.371350670384666515e-01 2.966760480955323298e-01 1.752462819794143867e-01 1.519576753670805747e-01 4.641518047665512681e-01 5.550658712108987869e-01 3.382501434150777531e-01 1.119096176050975999e-01 2.586658014686478713e-01 1.379943507749300802e-01 2.168683181729109122e-01 4.329061643168317097e-01 3.505586112000370069e-01 2.317657947127702289e-01 4.459990002193908731e-01 3.231185820886123272e-01 3.556344894223423814e-01 2.892779917707373749e-01 6.004760964887381203e-01 1.852514717392781396e-01 3.509617798931253807e-01 3.174742414480405950e-01 3.483147418147570784e-01 8.496986143357312948e-02 5.886081363923978405e-01 7.158971913614591287e-01 2.163774303111206110e-01 2.200775065588549961e-01 2.272892799251020612e-01 3.990592285212819501e-01 2.161374701621565364e-01 2.516583902041793497e-01 4.720415133930243590e-01 4.477129519671204649e-01 1.959727825843155802e-01 2.711717154621414716e-01 1.351224565417681045e-01 5.359903021716169169e-01 7.678723375745796775e-02 5.302975959427901342e-01 1.943177642215714873e-01 4.846966220576187645e-01 7.995273574946845652e-02 1.379355674103947549e-01 2.663614804425748495e-01 4.621811962756708358e-01 4.531069777693054190e-01 3.982936928583848957e-01 4.213583459065992076e-01 3.269033225972332590e-01 1.831564531465733892e-01 3.829334844860223797e-01 7.067069279882406962e-02 7.650496992071603719e-02 2.396912169115570923e-01 2.040069658834262056e-01 3.502974106218214589e-01 1.072224517222480772e-01
2.404656899313140639e-01 5.620591129985332834e-01 5.731367527483531843e-01 5.677560269566779283e-01 5.661367286425921241e-01 5.320975452375086290e-01 4.933324455149152299e-01 2.759881331019110595e-01 2.646169580967429047e-01 3.991090223050646202e-01 0.000000000000000000e+00 3.531120779646347296e-01 3.970345256146885493e-01 2.752478704951255017e-01 5.235166507727370133e-01 4.167174470999799318e-01 1.755234072675911361e-01 1.697845731812084036e-01 4.133225833721325682e-01 2.475278607373794793e-01 3.278991224217261968e-01 4.358148706281166351e-01 1.700752385151682033e-01 3.580376840501647284e-01 5.712344408381087035e-01 3.106471620600887440e-01 3.931443983961530608e-01 3.306796786879062644e-01 4.721024957097876840e-01 1.298002931013435279e-01 2.977291304983476494e-01 4.745361646762408792e-01 3.218059715677175081e-01 1.702798721298351969e-01 4.371693606189464010e-01 2.108843919719863569e-01 4.911135014068201410e-01 4.529110177155781791e-01 5.087357446069085132e-01 2.827994083386247692e-01 3.289166437335392934e-01 3.775179521468735588e-01 2.167438508305400691e-01 4.738043140183192392e-01 5.128463609465856443e-01 2.471513469379839623e-01 3.422104899074511764e-01 4.367842162178734444e-01 1.156287744539289952e-01 3.809872170209709363e-01 5.068723117241309417e-01 3.626524871747406897e-01 4.100064304557539674e-01 2.254077303254678755e-01 1.422576042428804199e-01 5.410804760777956357e-01 2.474667660326060059e-01 5.279999519419581455e-01 2.406381563934483492e-01 2.698066025191662165e-01 3.568323521600505477e-01 2.734438128205736729e-01 8.380491076831758646e-02 2.205652521145035905e-01 8.256944327973927966e-02 3.917089375839009624e-01 4.737436666159068333e-01 4.727031803205350990e-01 3.248535120900092332e-01 2.888805374717957619e-01 3.888813881690365570e-01 9.680902267272296913e-02 5.316832022144404313e-01 1.474506321008852150e-01 3.374477718204521026e-01 1.395826094869748180e-01 3.741488494444538682e-01 5.557616463103237647e-01 4.532732738003160122e-01 4.448977317465404036e-01 4.035301141947514880e-01 4.223724791176525217e-01 5.193708340040390503e-01 2.095200503018893878e-01 3.929235105556409535e-01 4.071388269211577149e-01 3.406845328412247409e-01 3.040069467425364214e-01 3.528147201601935512e-01 2.718617845694949464e-01 7.078207996538213309e-02 2.844473540395454081e-01 5.129037852290465604e-01 2.941948687569826415e-01 3.364605684846918021e-01 4.079253683916550521e-01 4.482946195916512888e-01 2.292687787873866345e-01 5.313214407746600365e-01 3.317529218175631067e-01
2.312758016316696363e-01 7.469382860121753787e-01 4.043638139546865129e-01 4.497872415256080059e-01 2.675446626084480028e-01 6.174485241609365405e-01 5.907938656778779496e-01 2.677027966050448682e-01 4.651217162965994301e-01 2.359479604252197882e-01 3.531120779646347296e-01 0.000000000000000000e+00 4.865199959388367135e-01 4.497270783533849903e-01 3.275968520413852225e-01 2.841776062266284653e-01 2.385532898955640690e-01 3.319432034747162308e-01 5.943046247741479160e-01 3.396660415740561101e-01 2.653470324857879481e-01 1.551724207754514584e-01 4.365162998841961017e-01 3.493502556744920717e-01 3.756840223854895355e-01 1.375863814253690254e-01 4.941160734406755961e-01 3.659933149246609174e-01 3.466249073365660904e-01 3.247260458916123582e-01 3.926239482764717348e-01 3.522970895866492924e-01 1.255301375810522202e-01 3.497613821563387848e-01 5.097581480796383735e-01 3.498997071495077993e-01 3.082193998731642126e-01 2.107276098991749114e-01 3.907669591758384797e-01 3.472610174611364675e-01 2.244501665086501008e-01 3.645326018438042603e-01 1.473326546877596621e-01 1.710243709426084446e-01 3.332902168839468326e-01 2.241058958163468229e-01 4.202886017163238730e-01 5.426586373531521179e-01 2.374833035107057344e-01 2.882936212274447296e-01 3.547510919842133403e-01 9.795360965028969413e-02 9.081683701850243318e-02 3.745913262895495532e-01 3.386381295207904762e-01 3.459499191208619817e-01 4.335917663616440931e-01 2.232490573576129400e-01 2.556757077925104205e-01 1.574662527611639384e-01 5.435406301672803808e-01 2.795309765166186233e-01 3.789496072626817313e-01 2.736110383978133109e-01 3.867214326248481493e-01 3.037948536609608730e-01 5.590946455393347447e-01 6.575823533341771387e-01 3.497752252074525781e-01 8.098919267939791444e-02 9.394473909168923886e-02 2.982923886169099315e-01 3.774661360766087825e-01 3.006025361799675166e-01 4.596342795352776345e-01 4.028202754656137752e-01 2.210654408571074425e-01 3.733733985757300977e-01 3.313195261399431990e-01 5.152157323644910303e-01 1.744193200875243654e-01 5.178903620850432432e-01 3.238204155514199378e-01 4.536062156976362059e-01 2.955330998900511652e-01 3.194436936772563351e-01 2.958690820485148087e-01 4.038663582483887349e-01 4.406997439115586390e-01 3.895156002421136798e-01 3.656639562005746802e-01 2.997768262662001137e-01 3.926231039571395076e-01 3.390702814357951511e-01 2.247280699693481598e-01 2.859716207312821834e-01 3.435615841615664023e-01 2.187843894934661249e-01 2.156973871846316615e-01 3.031521142462365592e-01
2.553313049001348367e-01 5.091744185677251622e-01 7.343238418737878526e-01 6.747362808957746427e-01 6.477253645114176006e-01 2.186963059534814402e-01 4.153836421328511164e-01 5.438200462152552594e-01 2.322811950156136174e-01 5.060892762441611126e-01 3.970345256146885493e-01 4.865199959388367135e-01 0.000000000000000000e+00 2.808411634745318630e-01 6.482006302554379484e-01 5.962634833972448867e-01 4.095928885495615512e-01 3.873467829472123647e-01 3.556377637699107419e-01 1.622734951411320403e-01 4.593506452608024371e-01 4.973116783569508370e-01 2.808977197418228156e-01 5.183209089031742822e-01 6.971738946484264954e-01 4.590188715959539478e-01 3.132520578185170046e-01 1.340420487013166129e-01 5.790827496488842874e-01 2.681228634479043693e-01 1.345725306678408617e-01 6.621456307540822817e-01 3.740163299428718724e-01 2.923200270952489022e-01 1.233467106531418306e-01 4.753488676354911124e-01 6.366670771305279475e-01 5.313313881132276650e-01 6.157159985460050056e-01 2.230797281773791996e-01 5.281083775358274002e-01 5.997600226876518281e-01 3.487879044649455085e-01 5.750559988427358382e-01 6.443799415897468741e-01 3.652196716948082345e-01 9.877516656069676437e-02 3.672484138081256178e-01 3.109592139801630184e-01 4.949429270670706038e-01 6.668369691548297062e-01 4.697990743825092852e-01 4.672596016387984830e-01 1.722233299746168400e-01 4.925988041761485414e-01 6.723568299217117517e-01 2.233516018588251884e-01 5.833300512436381258e-01 4.937484921374902247e-01 4.385794626690477371e-01 3.043217634507198177e-01 4.337270376735833377e-01 3.629853271116477709e-01 2.373615955398459543e-01 4.351838550394271365e-01 5.370723878834098297e-01 1.517366732924817774e-01 4.201368425699876785e-01 5.181029981489622127e-01 4.055308032594388545e-01 5.273576714460234127e-01 4.060534684350231016e-01 6.875613164066813887e-01 3.125559300550957986e-01 2.760970923299023716e-01 2.711706821887343022e-01 5.341135068751527992e-01 7.045490081944050242e-01 5.602535277394125046e-01 8.068268013108323422e-02 4.625745225005284955e-01 3.424801385400165210e-01 6.453102878143568422e-01 2.257172049894777544e-01 5.426561162686287521e-01 5.956763873143211541e-01 5.922856643809276678e-01 9.512884890073339261e-02 2.729223795825574950e-01 2.791123572233024652e-01 3.352241333361193343e-01 1.983251242605374443e-01 6.198840391681430528e-01 1.615242179282848911e-01 4.434408224237881835e-01 5.149056223307515445e-01 6.556474613321827682e-01 3.098050224719404167e-01 6.085334479206041536e-01 4.771163721170720295e-01
2.213893755544840136e-01 5.192567086677730703e-01 6.702018631090528311e-01 6.063140332389304055e-01 5.979059753408787481e-01 4.414239889534961603e-01 2.180845750197898392e-01 4.643097277406835754e-01 2.375798780199637472e-01 4.376670285873169863e-01 2.752478704951255017e-01 4.497270783533849903e-01 2.808411634745318630e-01 0.000000000000000000e+00 5.983812410848986518e-01 5.715502863245350840e-01 4.030363768774002931e-01 2.692658044825407271e-01 3.646374636191918039e-01 2.685223807248749428e-01 3.823346218835669275e-01 4.474922891864118180e-01 1.493473361012852274e-01 4.388105904286025982e-01 6.473545054778871988e-01 4.343056745232442561e-01 1.368610679642695838e-01 2.306205331452901020e-01 5.106605019920400501e-01 2.993147555346399868e-01 1.462686328066909736e-01 5.837200378988114391e-01 3.241969407723327978e-01 1.218488958421640872e-01 3.275354853855984016e-01 3.849608311475600786e-01 5.868476879599887619e-01 4.815119989426884795e-01 5.472937508891609903e-01 1.118625141434081566e-01 5.033951804631175975e-01 5.202497042130800331e-01 3.245938461616771353e-01 5.252366096721967637e-01 5.945605524192079105e-01 2.857093532202363284e-01 2.865678500447984001e-01 1.615363457227479704e-01 3.338953665542670479e-01 4.195452233032233025e-01 6.409183568366684236e-01 4.199796852119702661e-01 4.174402124682595194e-01 2.302676924105927225e-01 3.744776360167095808e-01 6.225374407511726771e-01 9.669304631314652732e-02 5.335106620730991622e-01 4.695544338342219626e-01 4.138662655963380455e-01 3.072696287695766970e-01 3.542167191990115982e-01 1.914429597268078598e-01 2.691912581245510250e-01 2.752314231348914619e-01 4.575620694088380347e-01 3.856109038912317599e-01 4.307218412650273831e-01 4.385926796743905287e-01 3.716759845067558188e-01 4.830187436144625646e-01 3.636604671428296798e-01 6.247892019825237453e-01 2.010823154925632794e-01 7.925144570823405843e-02 2.204121664476784148e-01 5.094003098024429965e-01 6.550979482603667137e-01 4.918312800825683784e-01 3.262873723975471818e-01 4.127551333299894765e-01 1.492941950907595849e-01 5.954908986438174345e-01 1.733341960296762574e-01 4.631457977940570681e-01 5.161660688397493590e-01 5.407586694936282745e-01 2.237328357699717718e-01 8.000209455647541712e-02 7.668208162039999443e-02 2.545611507124773687e-01 2.251322807953048954e-01 5.514617915112990376e-01 2.898601173968604061e-01 3.750185747669441683e-01 4.464833746739074183e-01 6.165645049128620769e-01 2.448247804381787629e-01 5.587140587500651900e-01 3.976060536425001790e-01
4.005136519739798118e-01 9.272382850791562880e-01 1.983026435094215612e-01 4.442117991811996291e-01 4.669836162556766923e-01 7.865325754659389101e-01 7.504957975689492411e-01 3.100425878303209593e-01 6.454217153635805060e-01 1.955856083836616521e-01 5.235166507727370133e-01 3.275968520413852225e-01 6.482006302554379484e-01 5.983812410848986518e-01 0.000000000000000000e+00 1.749074703007287568e-01 3.657097045540833036e-01 3.750228136303299653e-01 7.746046238411288254e-01 5.199660406410369085e-01 3.273943924021101015e-01 3.241354495390573742e-01 5.850220594296399179e-01 1.867697027613737515e-01 1.443056120222690197e-01 2.128694887126484359e-01 6.538180053317468321e-01 5.288792387430637509e-01 3.144794164113305368e-01 5.004938470475095436e-01 5.523258801675429153e-01 1.629076895646493495e-01 2.741843003125660205e-01 4.984155448878527239e-01 6.726440718980410960e-01 3.303226582728303606e-01 1.115813575693697934e-01 1.174322340126693204e-01 3.931840036478628786e-01 5.069629493522076480e-01 2.521510899252294435e-01 2.195039287142512563e-01 3.231004558436568752e-01 3.900327290600091867e-01 1.012909280795885741e-01 3.461588398913557074e-01 6.024518812180994498e-01 7.023605692442235204e-01 4.078878763188081291e-01 3.061107821293727604e-01 2.024609031059087516e-01 2.313510317394068261e-01 3.259182561196766192e-01 5.548913253565304071e-01 4.207494467999836063e-01 1.297453667444116998e-01 5.932936982527151626e-01 4.173165349667625756e-01 3.322407596360902882e-01 2.652501659548779922e-01 7.238406292342614012e-01 2.713635739909647238e-01 5.185164723691672028e-01 4.586894393400834935e-01 4.665413326502840796e-01 2.606767939672545720e-01 7.307194904036745653e-01 8.378823524011580481e-01 2.424187264046470391e-01 3.235467265520554081e-01 3.189381715412674678e-01 4.455659965253191412e-01 1.633283730481681628e-01 4.342759873703909701e-01 6.193362114263488705e-01 5.790500942045225807e-01 1.609079190295904238e-01 1.849098554802123540e-01 3.293236210660432928e-01 6.781016561828938638e-01 1.912627802575357361e-01 6.775922939761144237e-01 7.598733458378194305e-02 6.339062147646172818e-01 1.912017958281396202e-01 1.506168147775207300e-01 2.666724258260004810e-01 5.841663573153696998e-01 6.004016758026298195e-01 5.492175321331848048e-01 5.360685290086769639e-01 4.690146766085102059e-01 3.733062188010908833e-01 5.241486823780651116e-01 2.648718573230993134e-01 2.666547355752336701e-01 2.256652575262112215e-01 3.655241156649006173e-01 4.488915084179996851e-01 2.669616219557419123e-01
3.501609107700510704e-01 8.516134081677987355e-01 1.785852307068144795e-01 4.729318311845927547e-01 4.424268207155981902e-01 7.221236463165602304e-01 7.096789748162594114e-01 1.835262530569873873e-01 5.697968384522228424e-01 2.188697976579106197e-01 4.167174470999799318e-01 2.841776062266284653e-01 5.962634833972448867e-01 5.715502863245350840e-01 1.749074703007287568e-01 0.000000000000000000e+00 2.411940398323887680e-01 3.857207512097451940e-01 6.989797469297711618e-01 4.443411637296794670e-01 3.594261214174410690e-01 2.995786539989789277e-01 5.668289630562080017e-01 2.153220564910691692e-01 2.226252603661001694e-01 1.521469834067863680e-01 6.130011825790570024e-01 4.835853222753772607e-01 3.465111454266615598e-01 4.108882179443656413e-01 5.115090574148530855e-01 1.251555379249590372e-01 2.668828353304364964e-01 4.715845901274888785e-01 6.271954616979977803e-01 2.850740356502769468e-01 1.175524826443540422e-01 1.159686622221320629e-01 4.178526367814983100e-01 4.661461265995178183e-01 1.050778112734913339e-01 1.367431303298912715e-01 2.474755789322994337e-01 3.634822680991122157e-01 2.045814999393183731e-01 3.651118591176551464e-01 5.268270043067418973e-01 6.615437464915336907e-01 3.177387184976181445e-01 3.307794152630082474e-01 9.403475317709839021e-02 2.048005707785099938e-01 3.013614605795982282e-01 4.792664484451728546e-01 3.155962724839011524e-01 1.829078804682845727e-01 5.524768755000254439e-01 3.927597394266841291e-01 1.979384051179727266e-01 1.635608904323809787e-01 6.482157523229037377e-01 2.970084047398527938e-01 4.991446938049242110e-01 3.830645624287259410e-01 4.094793758115629623e-01 2.927085229825855950e-01 6.637697676949584347e-01 7.622574754898003846e-01 2.126324442644738633e-01 2.479218496406979666e-01 2.835017371627157612e-01 3.210503318036246334e-01 2.298491705878420444e-01 4.419552339293516541e-01 5.785193886736591518e-01 4.884043105749839575e-01 7.845990779370169699e-02 1.639802768726418003e-01 3.539922541996787797e-01 6.328077397152076511e-01 1.929024549615209472e-01 6.367754712234245940e-01 1.707616535320306550e-01 5.515030392693872630e-01 2.232335248434705877e-01 1.460519397081917747e-01 1.057577418146918302e-01 5.085414804040121473e-01 5.595848530499399898e-01 5.084007093804951971e-01 4.417574460391872071e-01 4.173688336169165125e-01 4.020262508044840088e-01 4.485238054667077812e-01 2.853930360061447957e-01 2.953747675786265736e-01 6.673707556007543729e-02 3.601370872428504288e-01 4.243347128779212385e-01 2.955139756854373578e-01
