0.000000000000000000e+00 1.443497967971632656e+00 1.371760325723268226e+00 1.167388162071420155e+00 8.612287885671529031e-01 8.521657349966330619e-01 6.694009044251054696e-01 5.901005744574796541e-01 1.031742386641242737e+00 9.751520144053480443e-01 4.820063253081967591e-01 8.478422446340592167e-01 3.464502357873202598e-01 5.567044624820340903e-01 7.915198138562116181e-01 5.021431800699990289e-01 2.771516884291633231e-01 2.591610973135203277e-01 6.057486886537287729e-01 8.633708084221798362e-01 1.221945808820251944e+00 4.592659045476635837e-01 3.769466171182486169e-01 1.154445932897775196e+00 2.072446054626911893e-01
1.443497967971632656e+00 0.000000000000000000e+00 1.341037178581209188e+00 9.264924848141533609e-01 1.554599512014830376e+00 1.499715972593435476e+00 1.075056386138927067e+00 8.598710660407286044e-01 4.520327514091642684e-01 9.471199552220241902e-01 1.182891241882428890e+00 8.817655261243737552e-01 1.204935383701982721e+00 1.181183204099321093e+00 7.281246138677658353e-01 1.012323443437797454e+00 1.525468490373368846e+00 1.245308640337062789e+00 9.712640844981683674e-01 7.095276337294175173e-01 2.345392381614765098e-01 1.215375987590601836e+00 1.073214811124252988e+00 1.123722785755717268e+00 1.412875875728414998e+00
1.371760325723268226e+00 1.341037178581209188e+00 0.000000000000000000e+00 9.199615152309699173e-01 1.555630380519222866e+00 1.408540440931538074e+00 1.082851120594044758e+00 8.081013524464373265e-01 9.220993170280145090e-01 4.147853803818090657e-01 1.191644597243151305e+00 7.764442528094533946e-01 1.052083686565795428e+00 1.090007672437423691e+00 8.614361005860550202e-01 1.086454627144574081e+00 1.472278575065350426e+00 1.234139939209989656e+00 7.978223439108490522e-01 6.438559036734188279e-01 1.118976869043790678e+00 1.200411284574907533e+00 1.017957142645071311e+00 2.174551664000728968e-01 1.320077543814237364e+00
1.167388162071420155e+00 9.264924848141533609e-01 9.199615152309699173e-01 0.000000000000000000e+00 1.327203067297293204e+00 1.211292686750089054e+00 6.723102996776019191e-01 5.974794547026619496e-01 4.763272021078085450e-01 5.221715359933637446e-01 9.594986098189201007e-01 3.532071854263381105e-01 8.209379262841003388e-01 8.927599182559744495e-01 4.690652449574615468e-01 7.602871100169192875e-01 1.275030820883900295e+00 1.004020554202284421e+00 5.616394734176917147e-01 3.156260335760274205e-01 7.022092665647555743e-01 8.750786131542875879e-01 8.207093884636221803e-01 7.032991655669392772e-01 1.089303900563365346e+00
8.612287885671529031e-01 1.554599512014830376e+00 1.555630380519222866e+00 1.327203067297293204e+00 0.000000000000000000e+00 1.139755117002630547e+00 9.390017771776141275e-01 7.475290280727855396e-01 1.140735335663958017e+00 1.161713157160037646e+00 3.840186078513732615e-01 1.148249097890812420e+00 7.494759410227870289e-01 8.284296908155657224e-01 9.038026065371588258e-01 6.772515169001163127e-01 9.338078698504875819e-01 6.492698371016171199e-01 9.322349278152414209e-01 1.025363205539402189e+00 1.333656550539978225e+00 7.955555944300582993e-01 5.900583616786309049e-01 1.338315987693729836e+00 8.393765029197761685e-01
8.521657349966330619e-01 1.499715972593435476e+00 1.408540440931538074e+00 1.211292686750089054e+00 1.139755117002630547e+00 0.000000000000000000e+00 9.480060830052499110e-01 6.398449065527068713e-01 1.087960391263045556e+00 1.011932129613618780e+00 7.693090649316943752e-01 9.495451062184978586e-01 6.193532298593625862e-01 3.254835102614657139e-01 9.307604716495770925e-01 8.132726058753035892e-01 9.540554363421815953e-01 7.295460088672462984e-01 7.069492959565363277e-01 9.001509236304504613e-01 1.278163813442054320e+00 8.341208356790387191e-01 5.496967553239997528e-01 1.191226048106045710e+00 8.110566363544433610e-01
6.694009044251054696e-01 1.075056386138927067e+00 1.082851120594044758e+00 6.723102996776019191e-01 9.390017771776141275e-01 9.480060830052499110e-01 0.000000000000000000e+00 5.872529001002616544e-01 6.409766670046378456e-01 6.704779170233325924e-01 5.550568832376339135e-01 3.531478918651416721e-01 3.629777976033111142e-01 6.351967658858963528e-01 3.725388974364078898e-01 2.950320395130814899e-01 7.156663101872229316e-01 4.256082674559282242e-01 3.560693345228423956e-01 5.748673022317016823e-01 8.585215126663806595e-01 2.250456746066917812e-01 5.513042070901077452e-01 8.742462324011670560e-01 5.608126799502947124e-01
5.901005744574796541e-01 8.598710660407286044e-01 8.081013524464373265e-01 5.974794547026619496e-01 7.475290280727855396e-01 6.398449065527068713e-01 5.872529001002616544e-01 0.000000000000000000e+00 4.481154847103386296e-01 4.141841290872521619e-01 3.835432447967135339e-01 4.114499997856334024e-01 3.542609815065898005e-01 3.213121380585922671e-01 3.032344531346046201e-01 3.128650593210122732e-01 6.886276909325187434e-01 4.472294023177032507e-01 2.466196233036306862e-01 2.818534211266345291e-01 6.383189068893474483e-01 5.640140541464102597e-01 2.288107860793674730e-01 5.907869596209449625e-01 5.590433563533232508e-01
1.031742386641242737e+00 4.520327514091642684e-01 9.220993170280145090e-01 4.763272021078085450e-01 1.140735335663958017e+00 1.087960391263045556e+00 6.409766670046378456e-01 4.481154847103386296e-01 0.000000000000000000e+00 5.243093377904075592e-01 7.690270655315566417e-01 4.319493828117121348e-01 7.931798023715925794e-01 7.694276227689309522e-01 3.046753366468815116e-01 5.969675483440636254e-01 1.111604314022497153e+00 8.299527452433295149e-01 5.588974223481287806e-01 2.801385345828532047e-01 2.340476233964006725e-01 7.976804489988233993e-01 6.595017842913746264e-01 7.054369673639829807e-01 1.001120294398024413e+00
9.751520144053480443e-01 9.471199552220241902e-01 4.147853803818090657e-01 5.221715359933637446e-01 1.161713157160037646e+00 1.011932129613618780e+00 6.704779170233325924e-01 4.141841290872521619e-01 5.243093377904075592e-01 0.000000000000000000e+00 7.977273738839655293e-01 3.640710492387411734e-01 6.483218462966624518e-01 6.933993611195041762e-01 4.675188772268694670e-01 6.925374037853888609e-01 1.075670263747430244e+00 8.375316278920695856e-01 3.898800291006814245e-01 2.460659244358122943e-01 7.250596456846053472e-01 7.924689697647400166e-01 6.213488313271517960e-01 2.082881091507297056e-01 9.163157035451051646e-01
4.820063253081967591e-01 1.182891241882428890e+00 1.191644597243151305e+00 9.594986098189201007e-01 3.840186078513732615e-01 7.693090649316943752e-01 5.550568832376339135e-01 3.835432447967135339e-01 7.690270655315566417e-01 7.977273738839655293e-01 0.000000000000000000e+00 7.842633146147403034e-01 3.718926041228597934e-01 4.584088247889072099e-01 5.303222835003316149e-01 2.951368481255776111e-01 5.525515023960282379e-01 2.677785512941164292e-01 5.622140617885830194e-01 6.613774222633302946e-01 9.619482804075768501e-01 4.140643086225578862e-01 2.200374956519726977e-01 9.743302044176581633e-01 4.581201354653166025e-01
8.478422446340592167e-01 8.817655261243737552e-01 7.764442528094533946e-01 3.532071854263381105e-01 1.148249097890812420e+00 9.495451062184978586e-01 3.531478918651416721e-01 4.114499997856334024e-01 4.319493828117121348e-01 3.640710492387411734e-01 7.842633146147403034e-01 0.000000000000000000e+00 5.013920088467388458e-01 6.346595268307475557e-01 3.233740166205447131e-01 5.468325380260070645e-01 9.594223547493451187e-01 7.148036454298193343e-01 2.513866999323084439e-01 2.494628984431755681e-01 6.570467633874113034e-01 5.250619723050259369e-01 5.739141407088973468e-01 5.667065438509093500e-01 7.697579831260039640e-01
3.464502357873202598e-01 1.204935383701982721e+00 1.052083686565795428e+00 8.209379262841003388e-01 7.494759410227870289e-01 6.193532298593625862e-01 3.629777976033111142e-01 3.542609815065898005e-01 7.931798023715925794e-01 6.483218462966624518e-01 3.718926041228597934e-01 5.013920088467388458e-01 0.000000000000000000e+00 3.225527567523773786e-01 6.574954346411943096e-01 4.253995514292896463e-01 4.580303459026059953e-01 2.522898906804554309e-01 2.592984528664085686e-01 5.570756309185677102e-01 9.833832245506014536e-01 2.349053800097835598e-01 2.103979238668393092e-01 8.362996740063783907e-01 2.683659742792649516e-01
5.567044624820340903e-01 1.181183204099321093e+00 1.090007672437423691e+00 8.927599182559744495e-01 8.284296908155657224e-01 3.254835102614657139e-01 6.351967658858963528e-01 3.213121380585922671e-01 7.694276227689309522e-01 6.933993611195041762e-01 4.584088247889072099e-01 6.346595268307475557e-01 3.225527567523773786e-01 0.000000000000000000e+00 6.122277031554623772e-01 4.946831217251604351e-01 6.584606436396458484e-01 4.320462499545854596e-01 3.930325097299808834e-01 5.816181551363357460e-01 9.596310449479399374e-01 5.490214999719165156e-01 2.383713291369346787e-01 8.726932796119311053e-01 5.198916523501218023e-01
7.915198138562116181e-01 7.281246138677658353e-01 8.614361005860550202e-01 4.690652449574615468e-01 9.038026065371588258e-01 9.307604716495770925e-01 3.725388974364078898e-01 3.032344531346046201e-01 3.046753366468815116e-01 4.675188772268694670e-01 5.303222835003316149e-01 3.233740166205447131e-01 6.574954346411943096e-01 6.122277031554623772e-01 0.000000000000000000e+00 3.019298390628297191e-01 8.429836265745261903e-01 5.423797900395121996e-01 4.915255144602432846e-01 2.468386981762064614e-01 5.095617534868762677e-01 5.030620031391180857e-01 4.581656566775078598e-01 6.441217077605621011e-01 7.303465751386879479e-01
5.021431800699990289e-01 1.012323443437797454e+00 1.086454627144574081e+00 7.602871100169192875e-01 6.772515169001163127e-01 8.132726058753035892e-01 2.950320395130814899e-01 3.128650593210122732e-01 5.969675483440636254e-01 6.925374037853888609e-01 2.951368481255776111e-01 5.468325380260070645e-01 4.253995514292896463e-01 4.946831217251604351e-01 3.019298390628297191e-01 0.000000000000000000e+00 5.505006815334195780e-01 2.487971061779837012e-01 5.504044033979532680e-01 5.196801960345723836e-01 7.918615070913629372e-01 2.579130623511181053e-01 3.123674032837143177e-01 8.691402343190817170e-01 4.339878010553480658e-01
2.771516884291633231e-01 1.525468490373368846e+00 1.472278575065350426e+00 1.275030820883900295e+00 9.338078698504875819e-01 9.540554363421815953e-01 7.156663101872229316e-01 6.886276909325187434e-01 1.111604314022497153e+00 1.075670263747430244e+00 5.525515023960282379e-01 9.594223547493451187e-01 4.580303459026059953e-01 6.584606436396458484e-01 8.429836265745261903e-01 5.505006815334195780e-01 0.000000000000000000e+00 3.017035753554357935e-01 7.173287987690146750e-01 9.638890577642620361e-01 1.304525528898517583e+00 4.946316427063366383e-01 4.610517329804329489e-01 1.254964182239857395e+00 1.980229103851780526e-01
2.591610973135203277e-01 1.245308640337062789e+00 1.234139939209989656e+00 1.004020554202284421e+00 6.492698371016171199e-01 7.295460088672462984e-01 4.256082674559282242e-01 4.472294023177032507e-01 8.299527452433295149e-01 8.375316278920695856e-01 2.677785512941164292e-01 7.148036454298193343e-01 2.522898906804554309e-01 4.320462499545854596e-01 5.423797900395121996e-01 2.487971061779837012e-01 3.017035753554357935e-01 0.000000000000000000e+00 5.115883435468639995e-01 7.257504219089012665e-01 1.024846703990628827e+00 2.184095399279070426e-01 2.184186162383357499e-01 1.016825546384496848e+00 1.977488270165119189e-01
6.057486886537287729e-01 9.712640844981683674e-01 7.978223439108490522e-01 5.616394734176917147e-01 9.322349278152414209e-01 7.069492959565363277e-01 3.560693345228423956e-01 2.466196233036306862e-01 5.588974223481287806e-01 3.898800291006814245e-01 5.622140617885830194e-01 2.513866999323084439e-01 2.592984528664085686e-01 3.930325097299808834e-01 4.915255144602432846e-01 5.504044033979532680e-01 7.173287987690146750e-01 5.115883435468639995e-01 0.000000000000000000e+00 3.128062594106859606e-01 7.492037749607495245e-01 4.273664543881499078e-01 3.421765661366104050e-01 5.901975322810466551e-01 5.276644271456735202e-01
8.633708084221798362e-01 7.095276337294175173e-01 6.438559036734188279e-01 3.156260335760274205e-01 1.025363205539402189e+00 9.001509236304504613e-01 5.748673022317016823e-01 2.818534211266345291e-01 2.801385345828532047e-01 2.460659244358122943e-01 6.613774222633302946e-01 2.494628984431755681e-01 5.570756309185677102e-01 5.816181551363357460e-01 2.468386981762064614e-01 5.196801960345723836e-01 9.638890577642620361e-01 7.257504219089012665e-01 3.128062594106859606e-01 0.000000000000000000e+00 4.869462468317801163e-01 7.153952000747443307e-01 5.095676253439834769e-01 4.271935540093877437e-01 8.246145372909371440e-01
1.221945808820251944e+00 2.345392381614765098e-01 1.118976869043790678e+00 7.022092665647555743e-01 1.333656550539978225e+00 1.278163813442054320e+00 8.585215126663806595e-01 6.383189068893474483e-01 2.340476233964006725e-01 7.250596456846053472e-01 9.619482804075768501e-01 6.570467633874113034e-01 9.833832245506014536e-01 9.596310449479399374e-01 5.095617534868762677e-01 7.918615070913629372e-01 1.304525528898517583e+00 1.024846703990628827e+00 7.492037749607495245e-01 4.869462468317801163e-01 0.000000000000000000e+00 9.949140512441676520e-01 8.516626519728720535e-01 9.016624762182983144e-01 1.191323716577033176e+00
4.592659045476635837e-01 1.215375987590601836e+00 1.200411284574907533e+00 8.750786131542875879e-01 7.955555944300582993e-01 8.341208356790387191e-01 2.250456746066917812e-01 5.640140541464102597e-01 7.976804489988233993e-01 7.924689697647400166e-01 4.140643086225578862e-01 5.250619723050259369e-01 2.349053800097835598e-01 5.490214999719165156e-01 5.030620031391180857e-01 2.579130623511181053e-01 4.946316427063366383e-01 2.184095399279070426e-01 4.273664543881499078e-01 7.153952000747443307e-01 9.949140512441676520e-01 0.000000000000000000e+00 3.843341917704415356e-01 9.927864729451050252e-01 3.366767296286823918e-01
3.769466171182486169e-01 1.073214811124252988e+00 1.017957142645071311e+00 8.207093884636221803e-01 5.900583616786309049e-01 5.496967553239997528e-01 5.513042070901077452e-01 2.288107860793674730e-01 6.595017842913746264e-01 6.213488313271517960e-01 2.200374956519726977e-01 5.739141407088973468e-01 2.103979238668393092e-01 2.383713291369346787e-01 4.581656566775078598e-01 3.123674032837143177e-01 4.610517329804329489e-01 2.184186162383357499e-01 3.421765661366104050e-01 5.095676253439834769e-01 8.516626519728720535e-01 3.843341917704415356e-01 0.000000000000000000e+00 8.006427498195789472e-01 3.463245248750301819e-01
1.154445932897775196e+00 1.123722785755717268e+00 2.174551664000728968e-01 7.032991655669392772e-01 1.338315987693729836e+00 1.191226048106045710e+00 8.742462324011670560e-01 5.907869596209449625e-01 7.054369673639829807e-01 2.082881091507297056e-01 9.743302044176581633e-01 5.667065438509093500e-01 8.362996740063783907e-01 8.726932796119311053e-01 6.441217077605621011e-01 8.691402343190817170e-01 1.254964182239857395e+00 1.016825546384496848e+00 5.901975322810466551e-01 4.271935540093877437e-01 9.016624762182983144e-01 9.927864729451050252e-01 8.006427498195789472e-01 0.000000000000000000e+00 1.104293531254820548e+00
2.072446054626911893e-01 1.412875875728414998e+00 1.320077543814237364e+00 1.089303900563365346e+00 8.393765029197761685e-01 8.110566363544433610e-01 5.608126799502947124e-01 5.590433563533232508e-01 1.001120294398024413e+00 9.163157035451051646e-01 4.581201354653166025e-01 7.697579831260039640e-01 2.683659742792649516e-01 5.198916523501218023e-01 7.303465751386879479e-01 4.339878010553480658e-01 1.980229103851780526e-01 1.977488270165119189e-01 5.276644271456735202e-01 8.246145372909371440e-01 1.191323716577033176e+00 3.366767296286823918e-01 3.463245248750301819e-01 1.104293531254820548e+00 0.000000000000000000e+00
