0.000000000000000000e+00 2.249831809287137219e+01 1.584647723016682264e+01 1.498512485355714574e+01 1.135262124214017021e+01 8.827469500947952241e+00 2.126021749209779443e+01 8.148175322922805108e+00 1.847974716852495902e+01 8.030412016432885380e+00 9.718211544248376299e+00 1.592649912543861923e+01 1.458955619547684712e+01 1.523192015799506294e+01 1.315275586600397695e+01 4.938277920300481405e+00 4.474623569222612396e+00 1.094018923057086035e+01 1.277783274150390547e+01 9.235899070810045686e+00 1.959127371144231944e+01 1.847654968138820664e+01 2.024372757660207611e+01 2.117699830350471402e+01 1.732925645003455983e+01 5.223201094492622154e+00 6.414679694270872368e+00 1.236685597879992038e+01 4.631947909103386607e+00 8.577660177913340789e+00 1.926242909326700925e+01 1.244456794416377932e+01 7.541391793956504053e+00 1.842371072397330778e+01 9.297530848495311417e+00 1.246605688981816407e+01 1.445959680940762659e+01 1.200045132196630071e+01 1.587240048087475763e+01 1.803344136210937521e+01 9.977617093923706548e+00 1.247432046041005904e+01 2.957296611490616733e+00 1.717240195411800130e+01 1.690167277158372983e+01 1.498428266905054862e+01 1.491140531352200860e+01 1.969022765988389878e+01 2.569267993703161501e+00 5.459555269687144552e+00 7.098058834272217510e+00 1.062446282946397957e+01 1.475118224531559541e+01 1.088423303087036764e+01 1.009075133184001061e+01 1.832928797550157185e+01 2.322112755183241894e+00 1.383437703595548030e+01 1.443151705246670602e+01 8.278294245308341459e+00 2.090559762577560576e+01 1.012227422625272943e+01 1.306915549177661617e+01 1.098525627766317569e+01 1.947536775813207655e+01 6.388472493694263399e+00 6.120530351760080201e+00 1.646449867968483360e+01 1.961201608381488981e+01 2.889208283817423784e+00 2.014749947780602213e+01 8.368861403047919367e+00 1.116332548056357865e+01 1.121773155966129032e+01 6.381831195137000812e+00 2.113008300982291843e+01 1.078277587547948890e+01 1.922788410741692644e+01 1.049452404855619747e+01 1.391063108897799694e+01 1.753266724502687168e+01 8.755371799996554572e+00 4.620191139078248632e+00 1.653225491970944816e+01 2.086655046622592025e+01 1.766343288738200101e+01 7.018484347141757063e+00 1.575465589448487158e+01 8.164783170495530484e+00 9.379765393121854089e+00 1.415378437435567527e+01 1.338674917515130680e+01 6.390863178761242658e+00 1.751820273635955516e+01 1.289481374098932953e+01 4.592676866152944015e+00 1.289831062861966338e+01 9.910341440801159862e+00 1.669004809984744497e+01 6.507245862680170134e+00
2.249831809287137219e+01 0.000000000000000000e+00 1.570222333199954967e+01 1.528010398691570870e+01 1.282054465048006264e+01 1.939209049967519505e+01 8.150408965978209963e+00 1.520040221646140211e+01 7.790742250936353308e+00 2.085984610945525120e+01 1.340344888299870973e+01 6.575082199993074639e+00 8.335961514225816771e+00 1.133733810029616862e+01 1.107759186503057869e+01 1.802191298986421586e+01 1.952520929808759931e+01 1.720108137227456524e+01 1.778607000854128373e+01 1.382101542239957226e+01 1.179218944333983110e+01 4.223860819597172522e+00 4.311850935718976707e+00 4.139718302933688143e+00 1.136015552325713429e+01 2.001685352525411687e+01 1.658812038412206391e+01 1.013146211407144470e+01 1.813269882359097096e+01 1.671904239990345786e+01 3.486820559655503970e+00 1.501070568058523591e+01 1.840142184343367759e+01 6.876434639435798246e+00 1.355722547052406668e+01 1.401915423995878562e+01 9.489458937896571911e+00 1.117112719494002349e+01 8.923459647791769811e+00 9.608061225179248765e+00 1.974235058508071106e+01 1.239269070014790586e+01 2.145152278050407091e+01 1.315562067987915285e+01 6.158611495680011316e+00 1.256694672763671861e+01 8.956321488557239974e+00 2.928226477254383564e+00 2.070084458412012296e+01 2.135814869965012974e+01 1.547485280352242754e+01 1.287448923160888192e+01 1.386818821274684232e+01 1.668328087784042424e+01 1.525397140936657436e+01 5.122139844192436620e+00 2.045225034194232094e+01 9.208915116327574424e+00 1.663436886032717155e+01 1.430790276374530201e+01 5.998772240593974736e+00 1.398269806577348184e+01 1.742654933979903120e+01 1.839576955454498730e+01 6.050202817822625256e+00 1.726326413272186855e+01 1.647597293061156165e+01 6.217390037044623341e+00 2.893465786363846881e+00 1.980623330671391358e+01 9.664825250548796376e+00 1.561035546185122058e+01 1.153914559721948407e+01 1.228716496215444742e+01 1.809484563280527070e+01 2.154681825167890974e+00 1.175875058002292839e+01 5.157051848925031656e+00 1.515419191876393157e+01 1.034719945059024582e+01 9.397038593669726936e+00 1.884178818469540673e+01 1.788815107179764041e+01 1.325040090515636848e+01 2.002824976417930003e+00 5.307829880316079496e+00 1.956417093115627637e+01 1.074088329374339246e+01 1.455045107614125932e+01 1.706057670035161777e+01 8.356091333075207572e+00 1.554609352738664185e+01 1.998256189810113881e+01 1.147729054671083659e+01 1.063064222497721012e+01 1.913114763960755838e+01 1.090407624923563468e+01 1.403871430650303864e+01 7.554090554893215348e+00 1.680586217279855177e+01
1.584647723016682264e+01 1.570222333199954967e+01 0.000000000000000000e+00 2.098990250925109180e+01 1.141915173660731497e+01 8.699769107245629129e+00 8.167776393391127598e+00 1.367036309699763130e+01 1.932649529854704795e+01 2.018947397367437446e+01 6.563387785043319766e+00 1.009920229847813111e+01 1.462775285631175493e+01 5.254377564341136342e+00 1.580599555610277562e+01 1.135197833126777667e+01 1.655932380023090289e+01 1.802194860941552790e+01 4.387685667372662301e+00 1.320344644141525414e+01 4.655532711004360280e+00 1.437617200400262263e+01 1.793759436077867520e+01 1.253335209257099692e+01 2.032059051056089061e+01 1.176967418064761084e+01 1.008264161701870520e+01 8.380096336743074303e+00 1.314077899580100706e+01 8.094410886441185227e+00 1.223355743067259915e+01 3.420560016070099962e+00 1.659095526093951989e+01 8.828936369445806065e+00 9.233917501153889873e+00 1.783531132121713725e+01 1.145775666056865916e+01 1.275691241895835049e+01 1.685115173047755732e+01 6.188635439006894501e+00 2.005712531933810538e+01 5.228239510009244917e+00 1.785085342226049221e+01 2.681599353357502213e+00 1.688084312347319127e+01 1.878483747738950882e+01 7.808709644806381966e+00 1.538739775080536454e+01 1.403398114483944958e+01 1.898809746704462853e+01 8.803387202380816845e+00 1.538525810142314931e+01 2.524661450899094550e+00 5.797306976045089044e+00 1.571548615446827668e+01 1.229435265265278510e+01 1.494892274403378352e+01 1.483186279506575289e+01 2.244720087300747124e+00 1.295457372740893653e+01 1.029607441317117100e+01 1.246989629880170547e+01 2.024092290830156315e+01 6.505436229850125152e+00 1.833222629256200520e+01 1.419358861798546556e+01 1.186874325706103406e+01 1.484960617949281669e+01 1.302917616407021661e+01 1.315439244400937824e+01 6.130910392852768176e+00 1.128874428273616104e+01 1.499311763372140405e+01 9.161707792026511754e+00 1.021260093655132728e+01 1.400312381111525539e+01 7.260150845032391054e+00 1.064976187598728252e+01 5.534399613986310307e+00 1.255834282979380134e+01 1.934732054401927215e+01 1.825289811701381026e+01 1.123631020909310507e+01 2.076925746013109020e+01 1.706325291708911251e+01 1.042213503499657534e+01 1.035864971177272587e+01 1.802689063165331618e+01 8.530194309282636667e+00 1.636721256547722092e+01 9.652773367067581489e+00 1.959780489705638828e+01 1.840866613141240649e+01 4.443988854930251975e+00 6.635320809825311805e+00 1.206448396529711253e+01 1.014499093557591358e+01 1.063931676007537064e+01 8.461368502193609586e+00 9.634658903873150493e+00
1.498512485355714574e+01 1.528010398691570870e+01 2.098990250925109180e+01 0.000000000000000000e+00 1.116428935122519839e+01 1.909404949283862862e+01 1.993392141058550848e+01 8.190091732563615778e+00 7.827803373317700597e+00 8.380782098818331249e+00 1.482713702278518575e+01 1.470741131619413800e+01 9.519734542838909519e+00 1.627109009737735690e+01 5.200189198019562475e+00 1.431414726791570935e+01 1.077298845561989715e+01 4.390922653711947454e+00 2.016663748059998440e+01 8.698885642345530300e+00 1.967842737622275351e+01 1.125029218164061895e+01 1.192702484216860270e+01 1.837268235131299932e+01 3.925171651657902938e+00 1.792302419785679390e+01 1.114821978778121014e+01 1.263644891933629566e+01 1.129747295686763486e+01 1.597143534147389055e+01 1.534649633452957573e+01 1.788896678656250216e+01 7.568397866824202680e+00 1.714682484887898184e+01 1.262289759078963591e+01 3.467152993014689599e+00 1.173785038524305335e+01 8.268526385071687912e+00 6.465479133578907245e+00 1.737773696663399647e+01 5.236130657706170588e+00 1.601126132078946895e+01 1.300047078842827553e+01 1.903652649529766094e+01 9.140581474786712235e+00 2.841592937589502377e+00 1.428140462066507155e+01 1.237110729686575361e+01 1.586541281769178013e+01 1.074885682198318904e+01 1.336305174415910457e+01 6.008545288723317057e+00 1.848207327361641461e+01 1.749330259612674610e+01 5.833108103184640569e+00 1.240539801361034655e+01 1.319733380495146946e+01 6.958354409317321299e+00 2.042555284255611880e+01 8.363135805072825946e+00 1.873470141283766210e+01 1.031015455590432595e+01 2.178258411383359849e+00 1.929582237379669607e+01 9.960458402590827376e+00 9.281317872303661787e+00 1.032184490400218380e+01 9.877218222565199213e+00 1.327788039822751287e+01 1.373769720975914588e+01 1.958923058634679037e+01 1.048881452255625213e+01 6.907470766654848937e+00 1.282882739493546254e+01 1.625225025536596846e+01 1.682186791795733782e+01 1.455189097154512545e+01 1.685489045757497095e+01 1.614467342434087627e+01 9.808407346624152368e+00 5.902154376797000168e+00 6.241961086014435445e+00 1.225965208659649619e+01 2.031387906501896268e+00 1.351221620472270324e+01 1.545524927806440196e+01 1.834735158485870699e+01 4.598301570103045854e+00 1.285353890271808019e+01 6.317200252919877634e+00 1.322692911993843090e+01 1.828021607960590655e+00 8.751013618709853503e+00 1.781086375976204650e+01 1.444325005255638317e+01 1.614442476347923616e+01 1.086963857171097736e+01 1.193911444516458964e+01 1.594815695699712244e+01 1.459870194006602340e+01
1.135262124214017021e+01 1.282054465048006264e+01 1.141915173660731497e+01 1.116428935122519839e+01 0.000000000000000000e+00 1.288799890019736694e+01 1.209817689299363686e+01 8.555641088703666242e+00 1.029923691788398088e+01 1.527046165213568862e+01 6.495713071883629119e+00 6.425530173484570895e+00 5.499265412877692327e+00 7.253059935891783105e+00 5.964648365850867329e+00 8.307444338640220138e+00 1.199593703544220880e+01 1.165410080680512550e+01 1.214149486328781791e+01 4.316880833723938160e+00 1.083838923362329609e+01 9.542565302699744123e+00 1.141889278272905983e+01 1.194311197423131965e+01 1.059894226281319085e+01 1.212782179891599199e+01 5.013595125086200532e+00 3.609577255381196004e+00 8.646172675540887198e+00 9.649843011123117265e+00 9.584655650875710364e+00 8.760777868186577777e+00 1.195455840048330032e+01 9.200401781751507357e+00 3.299296482142416220e+00 8.778484487712436390e+00 3.340886965055722246e+00 2.957280592186360302e+00 7.324488048428345444e+00 8.850297423231136662e+00 1.427908189736075428e+01 6.226512777959747780e+00 1.335681292985834823e+01 1.002753827005387421e+01 7.988975139374072221e+00 8.993693520164780963e+00 5.693616993057194264e+00 1.075624328119544160e+01 1.043495338074751722e+01 1.436860905084185447e+01 7.036744186343172558e+00 6.793133628763632359e+00 8.958575563970997635e+00 1.027511353010222095e+01 9.478792234008039941e+00 8.651514533110260530e+00 1.045488225163164486e+01 5.154923004004164255e+00 1.136798405598859141e+01 6.226497478303448574e+00 1.168846597973161927e+01 2.223887838566164454e+00 1.213792046038858707e+01 1.219717989378341727e+01 1.082456646808623368e+01 9.594341795488523061e+00 7.187279427931058784e+00 7.530514300996367538e+00 9.934242641423583819e+00 8.660536455982722259e+00 1.102505975073089139e+01 3.276492851408043361e+00 4.786110523468320999e+00 2.337971347986669279e+00 1.022577114344913873e+01 1.145230956743161066e+01 4.555946847311513004e+00 9.993997778143523192e+00 8.457908252329481513e+00 3.414634626074135149e+00 9.818107356774108396e+00 1.325922600420697250e+01 6.737315309410275788e+00 1.101929936494662421e+01 1.193256608753744530e+01 8.316029168269132299e+00 1.232405150025158669e+01 8.278985857428844852e+00 5.087388843793208437e+00 1.112726960058942183e+01 4.761729359861210931e+00 1.051096130740549484e+01 1.376825158899602286e+01 8.949611649171144379e+00 5.102440866071670023e+00 1.033456836496689135e+01 1.977537048382305374e+00 1.864856654612781828e+00 7.459509077882647610e+00 8.393514125049296837e+00
8.827469500947952241e+00 1.939209049967519505e+01 8.699769107245629129e+00 1.909404949283862862e+01 1.288799890019736694e+01 0.000000000000000000e+00 1.451392270365716008e+01 1.118414133999042726e+01 2.144320690776772764e+01 1.506385317909514932e+01 6.544081288040392685e+00 1.331213765055729858e+01 1.662653079705381742e+01 8.414428017834323370e+00 1.580985551237057862e+01 4.971560886957989922e+00 1.062269383094234421e+01 1.518370946611986838e+01 4.376878561560757497e+00 1.184625328971233493e+01 1.277877856597182848e+01 1.780263975004022470e+01 2.153040175583021210e+01 1.656485732995638926e+01 2.086190807203985287e+01 3.768346171677602552e+00 8.332552285766499978e+00 1.039560617770152362e+01 8.366962097004771337e+00 3.423518316482258239e+00 1.605138936387629300e+01 5.328393939451001593e+00 1.308142474736828476e+01 1.263006949799079237e+01 9.770074037070079598e+00 1.572017435478264957e+01 1.365177085123485412e+01 1.464817316386600510e+01 1.864794467404295020e+01 1.129866354044836285e+01 1.684692299943280958e+01 7.079001070383477590e+00 1.096433843265310060e+01 1.025483162578514040e+01 1.923522747035289626e+01 1.825994297392443144e+01 1.059310230740141634e+01 1.899722594782504714e+01 6.422279272467063649e+00 1.255458774113737164e+01 5.948003553135355226e+00 1.335330558477865637e+01 7.787368918616815350e+00 2.902462131200541418e+00 1.339094521202507693e+01 1.560945386280898184e+01 8.061291484053848322e+00 1.648209887785517935e+01 6.674416428765733933e+00 1.092601608720804052e+01 1.437788445393376335e+01 1.245896548394019909e+01 1.749708616016697249e+01 2.245853102973454973e+00 2.181146286461061123e+01 1.048978864895546614e+01 9.062789045024961965e+00 1.816470738964900988e+01 1.654774344968006261e+01 6.181516447431280703e+00 1.338012841296969846e+01 1.043660015536587515e+01 1.381104732246327771e+01 1.061577106252743619e+01 2.981229207065424713e+00 1.786198466646940730e+01 8.397795563202596014e+00 1.461574313386859636e+01 4.580744676776195234e+00 1.454676418594784693e+01 2.065053566248607808e+01 1.494892775482732361e+01 7.053959256217513740e+00 2.026800029521960056e+01 2.073908539660029859e+01 1.409796641657998961e+01 1.882943663863341222e+00 1.877319472840970960e+01 7.957120109753098802e+00 1.330047448746372041e+01 1.232250931957471707e+01 1.735575937932114599e+01 1.338691110870645851e+01 1.075726033289270411e+01 8.979950809079387142e+00 4.307577180880390877e+00 1.208602380137169519e+01 1.112542569018661531e+01 1.187643221335658872e+01 4.495347552772599897e+00
2.126021749209779443e+01 8.150408965978209963e+00 8.167776393391127598e+00 1.993392141058550848e+01 1.209817689299363686e+01 1.451392270365716008e+01 0.000000000000000000e+00 1.887750774000650011e+01 1.335440931370626139e+01 2.549893732347368314e+01 1.160882328310078648e+01 6.483403782808020210e+00 1.228923051337880956e+01 6.110683540526723689e+00 1.562768835290819247e+01 1.678129516741399030e+01 2.197306406216187469e+01 2.184052747503881164e+01 1.062981572118765961e+01 1.560809003474408918e+01 4.245623687792485335e+00 8.775659414933484115e+00 1.169623149288771025e+01 4.448065674379590106e+00 1.601398491059730844e+01 1.737506550505361957e+01 1.544118661044663909e+01 9.004470929245620425e+00 1.855451925773196820e+01 1.370224630488079676e+01 5.446672988731183551e+00 9.273375824129724165e+00 2.200469552287047748e+01 3.282447287961919979e+00 1.246624412065776077e+01 1.867181893753604882e+01 9.405424126276368924e+00 1.261587397453663328e+01 1.357612434536903656e+01 3.288319577524868809e+00 2.439530056051525264e+01 8.803176060749116516e+00 2.326459368419145690e+01 5.663922279325897868e+00 1.093140301091997024e+01 1.722055418361011547e+01 6.404559899936442591e+00 9.119903049188124555e+00 1.946274398334654521e+01 2.440183772897557191e+01 1.423423498107220020e+01 1.700435901612346967e+01 7.006695541707847141e+00 1.162996931706742210e+01 1.976914062543239226e+01 7.983963033665452791e+00 2.036266300596474821e+01 1.384334091974592518e+01 9.230209523296062812e+00 1.653328910392233908e+01 2.210787994979761528e+00 1.416360718608480695e+01 2.208036676346883098e+01 1.249050665464542220e+01 1.233670615745578303e+01 1.960732887991643025e+01 1.728248351899198809e+01 1.053921656050548528e+01 6.908239607787865388e+00 1.856813270594033938e+01 2.055211459020011677e+00 1.452305126117628298e+01 1.492125928528562362e+01 1.121479916469866644e+01 1.581799226095733069e+01 6.114631828441584815e+00 1.052812163620123975e+01 3.567770178092164013e+00 1.119067872703452693e+01 1.125780318579447581e+01 1.416983010890968586e+01 2.348087939871379248e+01 1.665005047102406976e+01 1.790421832882614694e+01 9.891897198505304800e+00 4.667730504077895581e+00 1.597755487316828571e+01 1.539398347626453223e+01 1.341291911759595479e+01 2.144091036910473136e+01 7.620649780806216356e+00 2.019991095105643453e+01 2.382240639334335697e+01 4.115004985455637865e+00 8.367716554247749627e+00 1.760948893429977247e+01 1.017023483795099104e+01 1.311446399792621875e+01 5.067867446931218822e+00 1.515885593598028258e+01
8.148175322922805108e+00 1.520040221646140211e+01 1.367036309699763130e+01 8.190091732563615778e+00 8.555641088703666242e+00 1.118414133999042726e+01 1.887750774000650011e+01 0.000000000000000000e+00 1.063140417748084232e+01 6.863805121579545698e+00 7.527563881900182885e+00 1.306308426372068077e+01 8.841056128453555374e+00 1.304127249564686508e+01 5.042029839541953606e+00 6.220828094234357231e+00 4.454561654234190371e+00 4.517561114235693509e+00 1.228716277500290666e+01 4.409253836294240614e+00 1.740062604909413224e+01 1.109713036892553006e+01 1.212930703138257549e+01 1.829152256449317804e+01 1.000966695227610082e+01 9.905629749830776376e+00 3.669785198478604293e+00 1.015374960928539672e+01 3.580068257747588856e+00 8.082890471232943241e+00 1.526533654770975446e+01 1.027023558925629310e+01 3.631493097335961817e+00 1.593563954053649034e+01 6.857311301550690352e+00 4.818459154532886757e+00 1.004693485884629212e+01 6.292984193329084874e+00 7.867983661309562393e+00 1.561455582997433389e+01 6.515570648149690669e+00 1.028367279806186119e+01 6.452407027520338900e+00 1.498175429176979989e+01 9.165517447203471946e+00 7.419006619628575550e+00 1.251822348400541429e+01 1.230443286729165742e+01 8.077058320831637772e+00 6.379354208547519889e+00 5.483577038562025940e+00 2.483967382174954608e+00 1.256053458296739755e+01 9.612831768680846878e+00 2.360208851105102479e+00 1.195918247185300665e+01 5.928504554403793314e+00 6.119435510403799405e+00 1.257963692834234415e+01 2.344218636084156593e+00 1.843018936827207455e+01 6.460015573033522251e+00 6.745967017371625296e+00 1.140924348070658034e+01 1.143171165584437077e+01 2.138820096353119204e+00 2.131753171438566241e+00 9.436196858183416580e+00 1.319672061140769337e+01 5.922695426767028870e+00 1.782604944968714022e+01 5.382509306282534212e+00 4.066643839224669321e+00 8.777512012716666590e+00 8.213182850684399128e+00 1.674070813113751299e+01 8.592128213131292824e+00 1.671920356867211765e+01 8.375276654086603045e+00 8.257894834295539610e+00 9.820368356233233342e+00 4.911236763759419865e+00 4.130182083772908186e+00 9.408727575501409035e+00 1.347924503426434484e+01 1.495358325850523862e+01 1.026726824244933489e+01 7.950319014328447231e+00 5.768271215575676791e+00 2.696860655655447303e+00 1.146951692459069250e+01 6.431763394567567182e+00 5.338696155338724658e+00 1.532755507401136086e+01 1.070416607864112457e+01 8.125006574666747028e+00 8.804375152866359855e+00 7.246911184447412779e+00 1.418781176105151864e+01 6.703425519487361761e+00
1.847974716852495902e+01 7.790742250936353308e+00 1.932649529854704795e+01 7.827803373317700597e+00 1.029923691788398088e+01 2.144320690776772764e+01 1.335440931370626139e+01 1.063140417748084232e+01 0.000000000000000000e+00 1.347254656063662104e+01 1.519839143722835217e+01 9.723000787328246020e+00 5.422458714048778994e+00 1.474754898201139852e+01 5.759845611251038555e+00 1.666330468284482436e+01 1.404636706875848340e+01 9.790600396220353829e+00 2.077351236120946254e+01 1.006448868016236631e+01 1.576637375813572994e+01 5.171139309724608779e+00 4.161003466996175071e+00 1.092537279751689105e+01 3.907854909659123965e+00 2.042588683896884305e+01 1.349562521596833520e+01 1.131391963856802541e+01 1.405159136303027267e+01 1.832059275640300200e+01 8.079724702098168621e+00 1.742774738734509299e+01 1.105266997653290417e+01 1.095522298153147212e+01 1.325325879022135744e+01 6.623317145617536816e+00 8.688568497434914661e+00 7.664669849768156240e+00 2.977143372443264546e+00 1.318524019612872955e+01 1.229004997148268608e+01 1.469395938562078108e+01 1.675381081797818794e+01 1.672867831446700393e+01 2.724479417213769850e+00 5.114951261545340522e+00 1.229938377084814682e+01 4.871309675435800735e+00 1.865753354467912928e+01 1.461011975141834540e+01 1.571220915908821425e+01 8.155922753044071882e+00 1.716125899720206505e+01 1.894710410162893055e+01 8.397591095971986164e+00 7.316948704704969941e+00 1.625096176044517193e+01 5.246851420739507610e+00 1.996617669915102056e+01 1.053022623883006048e+01 1.141910535332428545e+01 1.054480573521273179e+01 9.974248726201018656e+00 2.086170735137050158e+01 2.136638894762860730e+00 1.209127467483068585e+01 1.268363362460660326e+01 4.856233610341039508e+00 6.446169705918399551e+00 1.650219690763115210e+01 1.417293928590387964e+01 1.204047872696268584e+01 7.759955517049748508e+00 1.174962540409137901e+01 1.860140767029508169e+01 9.342538653979950425e+00 1.323711332328109513e+01 9.823375078926005699e+00 1.716058661767421256e+01 7.364608363919061595e+00 1.935443577986260655e+00 1.145006277565352093e+01 1.473235381694089341e+01 5.798100291558355934e+00 5.906752782250993761e+00 9.080040038246995238e+00 2.069650899978781666e+01 3.334718140950828857e+00 1.468146883442380890e+01 9.709608642313844129e+00 1.068794467934076486e+01 8.093792913788627530e+00 1.263374816008879264e+01 1.496494781624245896e+01 1.312072077178810581e+01 1.863904836314624092e+01 9.595415756518859141e+00 1.211287564283197327e+01 1.092358423887535501e+01 1.694785935499513840e+01
8.030412016432885380e+00 2.085984610945525120e+01 2.018947397367437446e+01 8.380782098818331249e+00 1.527046165213568862e+01 1.506385317909514932e+01 2.549893732347368314e+01 6.863805121579545698e+00 1.347254656063662104e+01 0.000000000000000000e+00 1.406120828775592457e+01 1.965816439094177426e+01 1.498196055694290685e+01 1.957491690150260766e+01 9.890191170376185781e+00 1.047630287415722528e+01 4.462301025749273897e+00 4.429455027332047656e+00 1.770421995169512641e+01 1.126538996770124434e+01 2.393427045494986771e+01 1.679901347789629185e+01 1.757176802948751870e+01 2.395127174776003898e+01 1.080942572751783182e+01 1.282659919802573256e+01 1.049481745941428734e+01 1.670985272230746332e+01 7.496823124102270697e+00 1.336173624583472908e+01 2.092508573097659408e+01 1.678756468767133114e+01 3.614433658654451431e+00 2.255706912400363606e+01 1.361822410261799021e+01 6.884619969322844035e+00 1.666836444231348935e+01 1.288697834555923727e+01 1.194805387061088275e+01 2.223598541344147961e+01 3.204248319615104368e+00 1.681731720391761087e+01 5.095129556814796068e+00 2.151539869762554957e+01 1.475556472561204124e+01 8.482630824060489516e+00 1.913965306747258666e+01 1.795670710119658153e+01 1.017266609723627369e+01 2.607818068958452251e+00 1.152131784425058036e+01 8.504041623630065772e+00 1.909417898882313835e+01 1.544552452851042723e+01 6.068497684707462980e+00 1.789335298546092545e+01 7.186959509306383609e+00 1.228886448567926948e+01 1.881465247214148206e+01 9.171040531065489887e+00 2.431329080928468400e+01 1.330447915551939708e+01 6.464812737037800794e+00 1.630339730317329128e+01 1.560520158990974515e+01 6.060741086056233407e+00 8.327266028801737718e+00 1.537036737179133361e+01 1.885646979467454898e+01 8.951821113766703419e+00 2.444747903315432325e+01 1.222660573249374671e+01 1.059082201424321212e+01 1.553842481378396201e+01 1.228481178172762434e+01 2.240045731440437393e+01 1.512577261898703185e+01 2.243347985402200351e+01 1.483752079206374752e+01 1.481408131404866069e+01 1.154687624430400383e+01 2.150111029716363920e+00 9.214095651143679788e+00 9.949164800582684265e+00 1.911678341740521958e+01 2.101922671977510859e+01 1.381334251999234652e+01 1.017321897398955066e+01 1.250020800148522859e+01 4.264435071576437863e+00 1.809094650805787552e+01 6.856007423999639805e+00 1.846513486892516376e+00 2.186119947986710343e+01 1.723781048449687248e+01 1.147844410296975148e+01 1.542961507206506688e+01 1.407446214322550304e+01 2.080924134451867857e+01 1.142952905316322720e+01
9.718211544248376299e+00 1.340344888299870973e+01 6.563387785043319766e+00 1.482713702278518575e+01 6.495713071883629119e+00 6.544081288040392685e+00 1.160882328310078648e+01 7.527563881900182885e+00 1.519839143722835217e+01 1.406120828775592457e+01 0.000000000000000000e+00 7.037508560839654592e+00 1.019781255815415655e+01 5.579649141908246790e+00 1.128205676634407695e+01 5.228079870172974708e+00 1.043105811431245655e+01 1.174190205207038318e+01 6.284315207641749446e+00 6.961264938131856539e+00 9.939002695355499739e+00 1.163370488644075884e+01 1.552753313055347917e+01 1.153159472053884649e+01 1.584470892651345508e+01 6.752942921240141949e+00 3.899180662597228064e+00 3.966887938801868518e+00 7.012513309882558055e+00 3.489804299414121402e+00 1.016562890469589675e+01 3.294094867022854700e+00 1.046268957502106645e+01 8.775908739131883962e+00 3.285611718983766139e+00 1.136225325964449340e+01 7.223052612335200351e+00 8.274066123892428237e+00 1.237527014643012713e+01 8.382047153112365478e+00 1.392885963341964839e+01 2.822049444323241563e+00 1.172258773634203521e+01 7.520130938031183376e+00 1.280650923145323361e+01 1.374999549101165996e+01 5.266001730556133076e+00 1.299743560973355017e+01 7.910082683744640519e+00 1.285983178112616443e+01 2.681019683831185052e+00 8.917780357486716269e+00 5.098911229228777486e+00 3.910776813181551681e+00 9.390632308939686368e+00 9.388612537214193310e+00 8.820657058115335403e+00 1.035598121101832803e+01 6.080982178821739303e+00 6.464001217712358915e+00 1.125612229655196650e+01 6.796688690609756556e+00 1.392280265939705153e+01 6.084404212111881982e+00 1.565364756317533157e+01 8.065322932067021000e+00 5.740477571142581503e+00 1.194386606405421958e+01 1.051714687394222913e+01 7.026126758090927460e+00 1.049522846171921309e+01 4.978058305109769321e+00 9.283248576436772481e+00 4.167140113748273755e+00 4.770537246674970255e+00 1.200940158305548877e+01 1.968250948024693470e+00 9.582480524451042925e+00 1.963336611264197229e+00 8.118045947048189603e+00 1.487360991633957319e+01 1.212463243109536037e+01 5.108044523174654294e+00 1.577958076036251356e+01 1.474029723770415679e+01 8.280965080397914235e+00 6.363889407299580192e+00 1.355070106704683219e+01 2.006841146274254140e+00 1.020904869011431160e+01 5.916735610899588771e+00 1.325005708017401673e+01 1.228040044549394949e+01 7.865931720272742567e+00 3.243419531992322913e+00 6.000665651198988648e+00 5.654543203510519866e+00 5.068265506203064596e+00 7.044276639142904806e+00 3.563225236769584470e+00
1.592649912543861923e+01 6.575082199993074639e+00 1.009920229847813111e+01 1.470741131619413800e+01 6.425530173484570895e+00 1.331213765055729858e+01 6.483403782808020210e+00 1.306308426372068077e+01 9.723000787328246020e+00 1.965816439094177426e+01 7.037508560839654592e+00 0.000000000000000000e+00 5.865572390484699916e+00 5.274441319339073786e+00 9.767973220565588477e+00 1.144757680075482220e+01 1.663934569550269060e+01 1.599975454250691165e+01 1.185340385729559287e+01 9.803706566949843548e+00 7.154682122724315363e+00 4.657868216870358680e+00 8.699166447547847625e+00 5.786088133035226733e+00 1.146870622285971564e+01 1.379045148207979210e+01 1.007044318330277299e+01 3.589930982510316504e+00 1.322080089107280187e+01 1.052034023622905501e+01 3.339193200388721028e+00 8.971316113548848392e+00 1.667097715621131115e+01 3.225785625962235503e+00 7.048495117534026022e+00 1.287762210995200896e+01 3.094444460901082827e+00 6.778190238413254853e+00 8.351358812444178881e+00 4.350559829866425865e+00 1.855452762798334732e+01 6.266022409396871495e+00 1.793087531753227992e+01 7.458296254749997800e+00 7.035991343519719443e+00 1.197665014516524096e+01 2.771249296233078585e+00 6.169068926727914182e+00 1.412902561668736112e+01 1.906811936231640203e+01 8.900516614413032102e+00 1.118993553983765921e+01 7.902492383259455799e+00 1.061175775349716410e+01 1.395471714914657824e+01 2.406052082623275634e+00 1.502894463930557656e+01 7.859888673437422923e+00 1.082605618495431621e+01 1.071886562763652329e+01 5.805459886133354175e+00 8.359223718290563099e+00 1.631855532584707191e+01 1.236411039085775698e+01 8.763627334338647046e+00 1.427361051325726038e+01 1.194876515233282177e+01 4.961305609463305011e+00 3.688780190936595371e+00 1.323441433928116595e+01 5.842292377802323244e+00 9.105302258052544673e+00 9.106835808999802495e+00 5.792983724186511196e+00 1.180792317042951467e+01 5.206847116944626208e+00 5.261548639061504495e+00 3.836973936947429387e+00 8.972222799352998379e+00 4.899303378892323479e+00 1.015264619271799873e+01 1.764010646618189782e+01 1.131633210436489634e+01 1.278200245531682100e+01 7.911930554698524354e+00 1.972698965072904764e+00 1.337928987441430273e+01 1.023296650617784742e+01 8.032773875321968404e+00 1.562648689281890491e+01 1.854267943474528613e+00 1.459133753763142316e+01 1.840178041905940987e+01 5.701158045170116040e+00 4.393131041047390717e+00 1.270831249795038609e+01 4.509061772240145594e+00 7.643699829507546895e+00 1.774150256503723488e+00 1.040362471497759955e+01
1.458955619547684712e+01 8.335961514225816771e+00 1.462775285631175493e+01 9.519734542838909519e+00 5.499265412877692327e+00 1.662653079705381742e+01 1.228923051337880956e+01 8.841056128453555374e+00 5.422458714048778994e+00 1.498196055694290685e+01 1.019781255815415655e+01 5.865572390484699916e+00 0.000000000000000000e+00 9.452393769849598115e+00 5.113424416645890425e+00 1.245737581245363579e+01 1.324458278598120664e+01 1.132355070850805134e+01 1.577293348213526691e+01 5.811441864732076468e+00 1.269708495975803508e+01 4.226314186560378161e+00 6.326887408900340404e+00 1.142648237256062593e+01 6.802926573106726771e+00 1.621995796857766692e+01 9.263563864063565134e+00 6.261094713795355204e+00 1.045716650209587684e+01 1.357763431236904417e+01 8.400296355777197022e+00 1.242716850827090269e+01 1.246135483052691839e+01 9.034815937363930516e+00 8.453287285215065339e+00 8.168086709709509563e+00 3.266109783386130783e+00 3.146141648680959246e+00 3.327713065554238625e+00 9.772958373758870110e+00 1.387832379398448168e+01 9.685449519193515044e+00 1.481546583945215900e+01 1.218805299166800715e+01 2.908629933150495894e+00 6.790778764688441882e+00 7.157061846899175350e+00 5.439992165056069418e+00 1.447724716793326927e+01 1.517767773081862615e+01 1.135640751963238237e+01 6.693782359788432501e+00 1.212923741075383255e+01 1.394652522255473670e+01 9.376085856854210476e+00 4.726689907951421965e+00 1.245579397909870423e+01 2.849245699805819321e+00 1.496559782007682848e+01 6.496837492369400557e+00 1.161449019753504786e+01 5.874962429717764500e+00 1.163858191546799858e+01 1.586112847229629530e+01 5.742145331645771122e+00 1.089092415510490675e+01 8.479516567767950264e+00 2.214263184856998024e+00 6.331680419475137711e+00 1.235144283859416348e+01 1.153677385591113058e+01 7.792672538958129280e+00 4.820551878548886116e+00 6.932729671968354879e+00 1.439547879990389490e+01 9.875667939204960888e+00 8.236534444206906613e+00 9.651807574532961453e+00 1.216000773860001516e+01 2.093378934103847122e+00 5.548736845342997270e+00 1.296390263218304284e+01 1.052642494654971372e+01 7.564307913117425564e+00 6.616314971398072231e+00 7.756071385269258656e+00 1.649058012939662987e+01 4.924216261895947966e+00 9.868507222821129687e+00 1.118269114783925744e+01 5.265485965291976989e+00 9.785724083309830235e+00 1.410467634558878736e+01 1.089722102925607672e+01 8.067040432474021472e+00 1.443311949275505413e+01 4.765325598825572051e+00 7.312904137825690931e+00 7.424608945424206574e+00 1.274193048460395161e+01
1.523192015799506294e+01 1.133733810029616862e+01 5.254377564341136342e+00 1.627109009737735690e+01 7.253059935891783105e+00 8.414428017834323370e+00 6.110683540526723689e+00 1.304127249564686508e+01 1.474754898201139852e+01 1.957491690150260766e+01 5.579649141908246790e+00 5.274441319339073786e+00 9.452393769849598115e+00 0.000000000000000000e+00 1.110405091689553458e+01 1.075299783331126058e+01 1.594476672805913253e+01 1.702029419694871137e+01 6.827505632480087350e+00 1.060517845631227196e+01 4.368377561392190245e+00 9.753239883968536361e+00 1.347635382190581588e+01 8.509031455828964141e+00 1.559877042801709379e+01 1.133652036281568520e+01 9.412889276343909373e+00 3.742973590004976980e+00 1.252622192362924203e+01 7.662855281929458862e+00 7.995563489748862551e+00 3.760712855868824533e+00 1.597639818876775308e+01 4.574243623863366359e+00 6.722437045399174416e+00 1.416032790703763844e+01 6.212737034381722090e+00 8.067876918694857125e+00 1.212809730960592525e+01 2.896392762425815892e+00 1.944256824716633147e+01 2.760552834381198029e+00 1.723629635008871830e+01 2.788559228793598077e+00 1.219546565097982160e+01 1.406572593077376609e+01 2.677637464293408875e+00 1.094303129725532742e+01 1.343444664924380660e+01 1.837354039487285107e+01 8.205937646969472254e+00 1.241573491466115797e+01 2.838297515147462757e+00 5.524599246048121692e+00 1.454423851711747417e+01 7.565526390083377350e+00 1.433436567186202026e+01 1.010949327816953414e+01 5.890642088572294988e+00 1.149004457801728840e+01 6.310782572167802584e+00 9.250220660045677334e+00 1.759503238965799099e+01 7.175229601803392754e+00 1.376047666825314408e+01 1.357903154581370231e+01 1.125418618488926548e+01 1.012077991692341072e+01 8.495205205017365202e+00 1.253983537183760788e+01 4.973481053634732696e+00 8.819337222914723995e+00 1.033263518382330481e+01 5.631988449299448973e+00 9.779447118719396315e+00 9.806158792341982178e+00 4.747683527360364586e+00 6.559917259741169460e+00 5.116570059296084771e+00 7.693107063434601045e+00 1.462057178910705169e+01 1.763834104484205412e+01 1.062175313692133471e+01 1.604965426936534101e+01 1.268489074603058064e+01 6.042140542452564489e+00 9.927813250276139811e+00 1.330623502739112318e+01 7.384621783493228619e+00 1.572275730386099823e+01 4.491631634187932320e+00 1.588590654439057026e+01 1.779410905924064323e+01 2.353338035273952578e+00 2.455131516435987482e+00 1.158031479310723633e+01 5.484508485677814349e+00 7.486899998697045255e+00 3.826003572098726213e+00 9.130558601877554636e+00
1.315275586600397695e+01 1.107759186503057869e+01 1.580599555610277562e+01 5.200189198019562475e+00 5.964648365850867329e+00 1.580985551237057862e+01 1.562768835290819247e+01 5.042029839541953606e+00 5.759845611251038555e+00 9.890191170376185781e+00 1.128205676634407695e+01 9.767973220565588477e+00 5.113424416645890425e+00 1.110405091689553458e+01 0.000000000000000000e+00 1.102995328744766823e+01 8.739993574197347570e+00 6.231781321941322282e+00 1.688244350013193795e+01 4.422473682468049283e+00 1.454782253786973811e+01 6.996440464005241999e+00 7.829700114210231376e+00 1.416901750333534871e+01 5.382871191386271015e+00 1.479253544357169936e+01 7.862273820571181737e+00 7.453649195852819709e+00 8.606489922988425079e+00 1.268724136100584587e+01 1.114283148655191802e+01 1.355772249991598954e+01 7.431766904354598857e+00 1.268582015343818270e+01 8.358129782751335668e+00 3.110254036710542902e+00 6.788928602718923067e+00 3.068337187052126769e+00 2.871562867645310657e+00 1.236473644287602802e+01 8.786554407417753509e+00 1.082473421081825471e+01 1.142749598943555966e+01 1.387499115983780840e+01 5.004295990155132934e+00 3.056509888072026282e+00 9.268404096907108425e+00 8.176356729402664669e+00 1.304982464292729993e+01 1.033771626685989808e+01 1.007885776369106168e+01 2.572361913429150437e+00 1.329816632046808955e+01 1.420910861565870498e+01 4.284316470287484080e+00 8.034013183386221613e+00 1.091627553999700950e+01 2.411661309945105636e+00 1.609615181172191356e+01 4.894718967137869470e+00 1.453103656486001505e+01 5.229082893875447446e+00 6.550582105281479883e+00 1.601162839332864962e+01 6.420362393420054659e+00 6.768106163563111899e+00 7.051742913830307380e+00 5.511027569716635099e+00 9.074215550249856932e+00 1.092402031358819059e+01 1.457623006258882548e+01 6.403704356694102096e+00 2.030219672665114494e+00 7.635454083835907291e+00 1.296805627489792379e+01 1.261820306997968544e+01 9.365363861573912985e+00 1.265122560959731857e+01 1.286047944387282627e+01 4.927634046422947556e+00 5.060943792563998400e+00 7.872133245616312891e+00 9.099002421543739061e+00 5.201877351011051864e+00 9.345534735935974169e+00 1.123147623289341190e+01 1.506315760439066054e+01 3.139526430547928459e+00 9.276382826970154483e+00 6.090921761272533708e+00 8.217976197105736347e+00 4.828657808515510297e+00 9.012906959022064513e+00 1.266547465973511777e+01 9.260450329072904552e+00 1.300569696774908479e+01 5.680389724560190423e+00 7.082952318744639264e+00 1.093799237395321100e+01 1.131450795959798050e+01
4.938277920300481405e+00 1.802191298986421586e+01 1.135197833126777667e+01 1.431414726791570935e+01 8.307444338640220138e+00 4.971560886957989922e+00 1.678129516741399030e+01 6.220828094234357231e+00 1.666330468284482436e+01 1.047630287415722528e+01 5.228079870172974708e+00 1.144757680075482220e+01 1.245737581245363579e+01 1.075299783331126058e+01 1.102995328744766823e+01 0.000000000000000000e+00 6.041574552880026872e+00 1.028936827104120511e+01 7.839554821203429391e+00 7.093900607074860254e+00 1.511235138675852774e+01 1.610469900674149457e+01 1.811154719357885412e+01 1.669807597882091699e+01 1.608200584711693537e+01 3.835418996510669754e+00 3.692195131266336805e+00 7.890450875792770269e+00 3.479113111733386443e+00 3.709261788857834308e+00 1.478602399025986180e+01 7.950069045264728018e+00 8.220605764664895787e+00 1.394478839928951075e+01 5.615562566889053642e+00 1.094027212985974096e+01 1.079297958789828904e+01 9.868270938943092929e+00 1.386804244912005224e+01 1.355451903742557640e+01 1.195824222864130171e+01 7.995398135726262012e+00 7.057661888320864385e+00 1.269347962943419894e+01 1.476949238856051316e+01 1.348004074900152816e+01 1.043248298883820979e+01 1.755804727686068034e+01 2.682751801933998870e+00 8.639997691703884541e+00 2.580929801166066628e+00 8.573403359855749528e+00 1.027225992063179483e+01 6.091631918480466368e+00 8.538780247908198007e+00 1.385288287249441375e+01 4.155731210094160133e+00 1.170219665293226718e+01 9.715526234410514661e+00 6.146113862285132790e+00 1.642667530109181939e+01 7.818608329440033700e+00 1.258336625579006274e+01 6.046978357362696066e+00 1.742766349110653579e+01 5.610069118544365629e+00 4.091228158066972043e+00 1.433231829666161516e+01 1.513561098080773704e+01 2.082725153966974663e+00 1.566857715312223220e+01 5.789165943764876587e+00 9.031145097540365541e+00 7.242373797192398932e+00 1.996024615146771097e+00 1.665367790681576565e+01 6.303853550795687433e+00 1.474896178273312231e+01 5.877107827567102483e+00 1.153925971719629118e+01 1.587063343756316591e+01 1.006617647508187119e+01 2.095299916963959674e+00 1.548809807029669194e+01 1.873437008320269825e+01 1.318451056269820398e+01 4.057550682539507569e+00 1.399329250348680453e+01 4.285996790343047813e+00 8.408810323228617989e+00 9.681861580049558214e+00 1.253033863717899443e+01 8.773053160452981558e+00 1.303928041167575280e+01 8.415891416305525397e+00 2.035556011294856749e+00 9.206033910871560977e+00 6.603097542582949231e+00 1.221112577516364439e+01 1.754539588529054006e+00
