0.000000000000000000e+00 6.353258129479123495e-01 6.261813715739028563e-01 5.671829458341502983e-01 3.283572257480329992e-01 3.243056664142790479e-01 2.696986657406691967e-01 2.558403414262717668e-01 2.542759113887733680e-01 4.574018182150754175e-01 4.736001242169325942e-01 1.760712077501861705e-01 1.687773559038912852e-01 3.916689053064527082e-01 1.646925835054402487e-01 1.578318906975215152e-01 5.179646629831711202e-01 1.397094031592587271e-01 5.258861157123190244e-01 3.122589142706140852e-01 2.090888395179260895e-01 5.110136295200170542e-01 2.725716968017724562e-01 1.456238354645000566e-01 4.850150657068870719e-01 3.893326635121034940e-01 3.546157312789893767e-01 1.608998174624414190e-01 4.153024884824298435e-01 2.235780401165897713e-01 1.081404561260702751e-01 3.786418770725507588e-01 5.292671322171430548e-01 1.015038753175740160e-01 5.883414870605139235e-01 9.562380228543553018e-02 9.249002647321737103e-02 5.468015516899532580e-01 3.720977901887779216e-01 4.387039152192065417e-01 3.370829995543611624e-01 2.503219142276390530e-01 1.928180715724163441e-01 1.007512198950542698e-01 5.334092284554493579e-01 3.932960595830359840e-01 1.862344033225730722e-01 9.120773405899749997e-02 4.526898697747859246e-01 4.694277229719947542e-01
6.353258129479123495e-01 0.000000000000000000e+00 4.702994883462643383e-01 4.192657674733297202e-01 9.011043339632914817e-01 3.246313748720111581e-01 7.271119458330241869e-01 6.960304851856485842e-01 5.048207432999822775e-01 3.475122309427991496e-01 1.781839530028286878e-01 4.760816001726828617e-01 5.889462538480579878e-01 3.358299826348773998e-01 7.432238371595663029e-01 5.266601713731143830e-01 4.081704668147281279e-01 5.819958623763890060e-01 3.080531049275637145e-01 3.714479796232783571e-01 4.275935595149434332e-01 3.512960768995371241e-01 4.202327349205042806e-01 6.330725606972965602e-01 3.201410742192433712e-01 2.889543902814503129e-01 4.184208820064631018e-01 6.449684027393766117e-01 2.450576802148956568e-01 8.036246240361808457e-01 5.474718180335556017e-01 2.580405219603187916e-01 1.103644419563809820e-01 5.557780430638519231e-01 4.030365182944338764e-01 6.357429765362833107e-01 6.511614646508171456e-01 4.025556254934952172e-01 3.960517366508115589e-01 3.410633798144818707e-01 3.241268138964546464e-01 4.037860875906977842e-01 5.045002927997490616e-01 5.659800538614572218e-01 3.978713598746006497e-01 2.477007547490123474e-01 4.689182457760295297e-01 5.935783575884454599e-01 2.447114192181069903e-01 2.776013496972328798e-01
6.261813715739028563e-01 4.702994883462643383e-01 0.000000000000000000e+00 4.143206446049533254e-01 9.043748410398479987e-01 3.857638149528906379e-01 6.931258662254258240e-01 7.185950034420904853e-01 4.238740455192343548e-01 2.173023959007420181e-01 3.003028795209532475e-01 5.498286938383402100e-01 5.487341990996731367e-01 3.591743582601630291e-01 7.331714001105013034e-01 5.492246896295566172e-01 3.468087869351038632e-01 5.503209981473908829e-01 2.900787309433709438e-01 3.193066731181866125e-01 4.300855738370631953e-01 1.220846485258462732e-01 4.400142063152031047e-01 6.529984182790595781e-01 3.517524875337042500e-01 2.454686822281796077e-01 3.321374843686492606e-01 6.138880411754158439e-01 3.595560454426777741e-01 8.162774947643397505e-01 5.241099008825796934e-01 3.581692979463503845e-01 3.925086619529712939e-01 5.890088725250384183e-01 3.673568776599883123e-01 5.900122669869133363e-01 6.521188124460827185e-01 4.259978425279465353e-01 2.734772804599734930e-01 2.683088677615935169e-01 4.082926775945903697e-01 4.761304535158876194e-01 4.617666380109337054e-01 6.000645677317917315e-01 3.409974797934673951e-01 3.219715691597910823e-01 5.052960881309249697e-01 6.197930423778282849e-01 3.081517557115860395e-01 1.931070190273186382e-01
5.671829458341502983e-01 4.192657674733297202e-01 4.143206446049533254e-01 0.000000000000000000e+00 7.890639595734515455e-01 3.422811967536107391e-01 6.751977286820273205e-01 6.827983750213493241e-01 3.609213737044591475e-01 2.497921236256908373e-01 2.501398110564156396e-01 3.936727651908775161e-01 5.293374212509593946e-01 1.769858645295726840e-01 6.193220383220252589e-01 5.139010937731107731e-01 1.378604406753954348e-01 4.431857851572795215e-01 1.360972070307971404e-01 3.713955306560228764e-01 4.513224766359397178e-01 3.040066051527336444e-01 2.947244615210177776e-01 6.179382352323179450e-01 1.153973289933124258e-01 2.802379915630533458e-01 2.519478148180415156e-01 5.964533386023825878e-01 2.623009588613838816e-01 6.984440267684365322e-01 5.148671117762555482e-01 3.412239925509061300e-01 3.368139733565337357e-01 4.922091936242342647e-01 9.991838181925685736e-02 5.163789936423116567e-01 5.300006255428856283e-01 9.675787710189777402e-02 3.063560972276443972e-01 1.722615017307463081e-01 2.578363267744179232e-01 3.564666771163799708e-01 4.349689118233896479e-01 4.664317259390959314e-01 8.229371203165722348e-02 2.975602339750022529e-01 4.369524528428571641e-01 5.617468632119330119e-01 1.835418493720901989e-01 2.285340712044728606e-01
3.283572257480329992e-01 9.011043339632914817e-01 9.043748410398479987e-01 7.890639595734515455e-01 0.000000000000000000e+00 5.951096833268781916e-01 5.737997133997906340e-01 5.811845190300948261e-01 4.906493307289621075e-01 6.927120396741772712e-01 7.539923062892922578e-01 4.250227337906083980e-01 4.462818270646999874e-01 6.175847337903591638e-01 1.737657343064837601e-01 4.785889757483520190e-01 7.323091027163699529e-01 3.540538428924573933e-01 7.631823131696361395e-01 6.080877670489245324e-01 5.268753177041505253e-01 7.973620231748350662e-01 4.962582562228210481e-01 4.716753964098902574e-01 7.267935489041386088e-01 7.064515520514058622e-01 5.725527029568473480e-01 4.639477742985097519e-01 6.666046742979729878e-01 1.081866928683186124e-01 4.254822451626276147e-01 6.749391564396077792e-01 8.035129337309018238e-01 3.946521743449303843e-01 8.057434476823704950e-01 3.576196836027862869e-01 2.597545578395836219e-01 7.741939296257001057e-01 6.380620342411099655e-01 6.561058758410631686e-01 5.815209612537337591e-01 5.095280879430974519e-01 4.689485817839303960e-01 3.351242801018339823e-01 7.508111890773059294e-01 7.008489680726592841e-01 4.617206228309821414e-01 4.115765782155493269e-01 6.970317254494051706e-01 7.386944862294309022e-01
3.243056664142790479e-01 3.246313748720111581e-01 3.857638149528906379e-01 3.422811967536107391e-01 5.951096833268781916e-01 0.000000000000000000e+00 4.441658154428019811e-01 3.784458083883290858e-01 2.615453658239801360e-01 2.382373769689183907e-01 1.777989922134425860e-01 1.795968722341779733e-01 3.121060708061138556e-01 1.696480661319133554e-01 4.381900908295418007e-01 2.090754945757948846e-01 3.065766858394415317e-01 3.095667260775894492e-01 2.745366237896822437e-01 1.324798182520866008e-01 1.393341197438945911e-01 2.650987180804918464e-01 1.702715138146480567e-01 3.154030510074469773e-01 2.356031597773820263e-01 1.402951327247109747e-01 2.176836010149166001e-01 3.553665953394058996e-01 1.080650366596342810e-01 4.966876829622239309e-01 2.558201840532780547e-01 1.012904357226803581e-01 2.185726941412418078e-01 2.318110022709901075e-01 3.651753727071511690e-01 3.731622124347647729e-01 3.469917199520776707e-01 3.107669267744763153e-01 1.996677439308885971e-01 2.536500506418174483e-01 8.880906299040677854e-02 9.390274289467410995e-02 2.440530449907981903e-01 2.669345006224870254e-01 3.331325031600071984e-01 1.272002473557319047e-01 1.442868709040183162e-01 2.752509521013938310e-01 1.730693323811905993e-01 2.180782310493579179e-01
2.696986657406691967e-01 7.271119458330241869e-01 6.931258662254258240e-01 6.751977286820273205e-01 5.737997133997906340e-01 4.441658154428019811e-01 0.000000000000000000e+00 4.467281637911365566e-01 3.276718081585061615e-01 5.130747307367871102e-01 5.570349926164045451e-01 4.124638134452178750e-01 1.763009877629416744e-01 5.280029907864659533e-01 4.101350711571982166e-01 3.042638771846803980e-01 5.976127783935023530e-01 3.252675284176464454e-01 6.081991746878870897e-01 3.738199859338859343e-01 3.133845236734559281e-01 5.789459194102143380e-01 4.401322332091700540e-01 3.570744428033872930e-01 6.328259515530630930e-01 4.691216732383467480e-01 4.238599406918632795e-01 1.145124517488436133e-01 5.522308521024362760e-01 4.787106079986044316e-01 2.092598524895084022e-01 4.787801100310661306e-01 6.310806411852329934e-01 3.661028546491046365e-01 6.626387763548369225e-01 2.491244068773432463e-01 3.482389692157325523e-01 6.626457239386228659e-01 4.277707027104895032e-01 5.130012045135295962e-01 5.093481166343128974e-01 4.177066810329767010e-01 2.439053559493262191e-01 3.672993444764587334e-01 6.077065177497722459e-01 4.801523413177582467e-01 3.310622500624614828e-01 3.171393517845697008e-01 6.001137252305194236e-01 5.507923370150792364e-01
2.558403414262717668e-01 6.960304851856485842e-01 7.185950034420904853e-01 6.827983750213493241e-01 5.811845190300948261e-01 3.784458083883290858e-01 4.467281637911365566e-01 0.000000000000000000e+00 4.028015810940632768e-01 5.591867180129221904e-01 5.476063934419423962e-01 3.227447769282580925e-01 3.468642062361254053e-01 5.097803019438869043e-01 4.175198767875021311e-01 1.693703138125340624e-01 6.463517302493734240e-01 3.887293871374382093e-01 6.076996916498320633e-01 4.181290328574913673e-01 2.946475720300657519e-01 5.982617859406417216e-01 4.286182427891651603e-01 1.191830056325697967e-01 5.846980031892579088e-01 4.734582005848608777e-01 4.989897136274205058e-01 3.463700537073137742e-01 4.865108450479633806e-01 4.794183815428614270e-01 2.489496993214274645e-01 4.444046637223125762e-01 5.899718044548790674e-01 2.420011152942675714e-01 7.015983388738713522e-01 3.293862779761177473e-01 3.479848026497686098e-01 6.571937918461766559e-01 4.849083187857459176e-01 5.881309774490867115e-01 4.321608394170787237e-01 3.405194038157425274e-01 3.212321448058672591e-01 3.218267558522205363e-01 6.729075475699392017e-01 4.647895632725876913e-01 2.514904970009136931e-01 1.845044635623881435e-01 5.396442974177720897e-01 5.512412989095079041e-01
2.542759113887733680e-01 5.048207432999822775e-01 4.238740455192343548e-01 3.609213737044591475e-01 4.906493307289621075e-01 2.615453658239801360e-01 3.276718081585061615e-01 4.028015810940632768e-01 0.000000000000000000e+00 2.165471441735514480e-01 3.315366437235809371e-01 1.929743218543987504e-01 1.702572789503296602e-01 2.129942389438427564e-01 3.170947689568295869e-01 2.392086110880431993e-01 2.833364234159344575e-01 1.404971398522451564e-01 3.026525103973343733e-01 1.479402349614761247e-01 1.287444882375477773e-01 3.133338168182001615e-01 1.203857743921084023e-01 3.287896650693506451e-01 3.185495965754949754e-01 2.436233243455231678e-01 1.095835857142953979e-01 2.489274180788614288e-01 3.147832965263175353e-01 4.038711133695432887e-01 1.673411912527343892e-01 2.603716243528257368e-01 4.087894386521910839e-01 2.872292072081604752e-01 3.483624213772688050e-01 1.730532834167810563e-01 2.422949541509371030e-01 3.483693689610548594e-01 1.544708081736963501e-01 1.987248495359615896e-01 2.279482715278221272e-01 2.157957500603772116e-01 8.744299129986857211e-02 2.175464210964357936e-01 2.934301627722041839e-01 2.578611387847164482e-01 2.196612649521346994e-01 2.964147009434351387e-01 3.150757534167128449e-01 2.707224971913100853e-01
4.574018182150754175e-01 3.475122309427991496e-01 2.173023959007420181e-01 2.497921236256908373e-01 6.927120396741772712e-01 2.382373769689183907e-01 5.130747307367871102e-01 5.591867180129221904e-01 2.165471441735514480e-01 0.000000000000000000e+00 1.777230080109813426e-01 3.502233989267288239e-01 3.683187631367831893e-01 1.674936730966969933e-01 5.215085987448302429e-01 3.898164042003879892e-01 1.755584756947129732e-01 3.386581967817199335e-01 1.413349644213551803e-01 1.558067218328959558e-01 2.706772884078945673e-01 1.221744403791880512e-01 2.324280094419655107e-01 4.912483377617656854e-01 2.073377588274943062e-01 1.382896709669650670e-01 1.208448073544851203e-01 4.343303406571424330e-01 2.327148198804888379e-01 6.046146933986686900e-01 3.497438517816819914e-01 2.119912951249228183e-01 2.697214045495061607e-01 4.384831108066465921e-01 2.058895050547846495e-01 3.879762484904127895e-01 4.404560110804118800e-01 2.545810629580252393e-01 9.104036044086220858e-02 9.193361236829102057e-02 2.481801588156897775e-01 3.286040155319155387e-01 2.755128944655818590e-01 3.924783708585540265e-01 1.723514539450209382e-01 1.970935588344996936e-01 3.547703264125333655e-01 4.634840044553970584e-01 1.758228673291929722e-01 7.835441651081975767e-02
4.736001242169325942e-01 1.781839530028286878e-01 3.003028795209532475e-01 2.501398110564156396e-01 7.539923062892922578e-01 1.777989922134425860e-01 5.570349926164045451e-01 5.476063934419423962e-01 3.315366437235809371e-01 1.777230080109813426e-01 0.000000000000000000e+00 3.335792428644868690e-01 4.156621542716567030e-01 1.805693657752721337e-01 5.927277177899068494e-01 3.782360796294085281e-01 2.383812438829101821e-01 4.288458461040854930e-01 1.382638819957458520e-01 1.981638800468769890e-01 2.659275438868333730e-01 1.812994680742259224e-01 2.670827186482007121e-01 4.846874158873883398e-01 1.525911564075868032e-01 1.107704372786216668e-01 2.486316590746453503e-01 4.749677874117615994e-01 1.164896987165837533e-01 6.565125963621820659e-01 3.774712027059405339e-01 1.036386197959216632e-01 1.010861529919832580e-01 4.075245365000293440e-01 2.332472953626159862e-01 4.624588769598817484e-01 4.993302144990063862e-01 2.385448156679520759e-01 2.189335367117041797e-01 1.712741568826641192e-01 1.736630604282330959e-01 2.633793418376372264e-01 3.312161932233477213e-01 4.188680261874581645e-01 2.280821369427828704e-01 8.462350941982511865e-02 3.208742394356605687e-01 4.453248510246229364e-01 8.206747445431973598e-02 1.078121267654151144e-01
1.760712077501861705e-01 4.760816001726828617e-01 5.498286938383402100e-01 3.936727651908775161e-01 4.250227337906083980e-01 1.795968722341779733e-01 4.124638134452178750e-01 3.227447769282580925e-01 1.929743218543987504e-01 3.502233989267288239e-01 3.335792428644868690e-01 0.000000000000000000e+00 2.796555402567464377e-01 2.173716875035766050e-01 2.671422369868832747e-01 1.596960885703972155e-01 3.515284714146712508e-01 1.365606479257304162e-01 3.818664208527102755e-01 2.820654148485812751e-01 1.598439481502368364e-01 4.291635969659413630e-01 1.179573201652067971e-01 2.476423192050120903e-01 3.089438579567008736e-01 3.043600116101606301e-01 2.324667934356128285e-01 3.206246782911326698e-01 2.415819405073644233e-01 3.275430238634982061e-01 2.137756335943996056e-01 2.653553146081299996e-01 3.784901999402932038e-01 9.996099596980501101e-02 4.336910576738072787e-01 2.284642513202293224e-01 1.750798644781341451e-01 3.721718625163556449e-01 3.335766805262913026e-01 2.917724344464053265e-01 1.610117918041749918e-01 8.807795049735889226e-02 2.226409557700613495e-01 8.989845368877441567e-02 3.775330272107162433e-01 2.912651262411815600e-01 8.140156338275640613e-02 1.694986655575037582e-01 2.766186620245997263e-01 3.751018410035255046e-01
1.687773559038912852e-01 5.889462538480579878e-01 5.487341990996731367e-01 5.293374212509593946e-01 4.462818270646999874e-01 3.121060708061138556e-01 1.763009877629416744e-01 3.468642062361254053e-01 1.702572789503296602e-01 3.683187631367831893e-01 4.156621542716567030e-01 2.796555402567464377e-01 0.000000000000000000e+00 3.743192009843749890e-01 2.763929150001641633e-01 1.962261480573500305e-01 4.517524709624344825e-01 1.551688256633336205e-01 4.667171414067791124e-01 2.294283188081333580e-01 1.813247790367679135e-01 4.345542522844616506e-01 2.681495262860644213e-01 2.659404605907759178e-01 4.869656441219951115e-01 3.277488348935989615e-01 2.779996332607955756e-01 1.093228056328520853e-01 4.201711074657482059e-01 3.552206981917601092e-01 1.017279341573886914e-01 3.444971349009013917e-01 4.929149492002669608e-01 2.673813596398426085e-01 5.167784689237689966e-01 9.639489261401405773e-02 2.103642335217834336e-01 5.167854165075549400e-01 2.830147351104857489e-01 3.671408970824616702e-01 3.781045291541914599e-01 2.872420858184583925e-01 9.716658909443179337e-02 2.233749686007374946e-01 4.618462103187043200e-01 3.419866493327921586e-01 2.083848409431758031e-01 2.260053695719582978e-01 4.587408868857715261e-01 4.079615094802447883e-01
3.916689053064527082e-01 3.358299826348773998e-01 3.591743582601630291e-01 1.769858645295726840e-01 6.175847337903591638e-01 1.696480661319133554e-01 5.280029907864659533e-01 5.097803019438869043e-01 2.129942389438427564e-01 1.674936730966969933e-01 1.805693657752721337e-01 2.173716875035766050e-01 3.743192009843749890e-01 0.000000000000000000e+00 4.496776588272394237e-01 3.408830206956481312e-01 1.378955757001035509e-01 2.735414056624933532e-01 1.929303393302626290e-01 2.328290793387104429e-01 2.880119835182033405e-01 2.500447193184585637e-01 1.215066592247657090e-01 4.449201621548553587e-01 1.133366549181697991e-01 2.474263919566894732e-01 1.098673503452016337e-01 4.492586007068213316e-01 1.338600362902974961e-01 5.254802238202083142e-01 3.676723738806942920e-01 2.331371491179630162e-01 2.450081493447144043e-01 3.159081159369331315e-01 2.216060350986780447e-01 3.521269935493411829e-01 3.578301759507754309e-01 1.569536710332928575e-01 2.059216816419149054e-01 9.086549049856948446e-02 9.172911935962303753e-02 1.834486040389173844e-01 2.877741739278284472e-01 2.915329479630260345e-01 1.654480046355870093e-01 2.391960838129839895e-01 2.639343797653946333e-01 3.854457855246318787e-01 1.054511974290700399e-01 1.804540225911455686e-01
1.646925835054402487e-01 7.432238371595663029e-01 7.331714001105013034e-01 6.193220383220252589e-01 1.737657343064837601e-01 4.381900908295418007e-01 4.101350711571982166e-01 4.175198767875021311e-01 3.170947689568295869e-01 5.215085987448302429e-01 5.927277177899068494e-01 2.671422369868832747e-01 2.763929150001641633e-01 4.496776588272394237e-01 0.000000000000000000e+00 3.149243335057592685e-01 5.611056617870227026e-01 1.828504019631102540e-01 5.919788722402890002e-01 4.345332052767920672e-01 3.632106754615577748e-01 6.238074614027029341e-01 3.289619328493073036e-01 3.080107541672975624e-01 5.607034799009013026e-01 5.328969902792735081e-01 4.013492620275002087e-01 3.002831320559170014e-01 5.087241774942476980e-01 1.063237068463309815e-01 2.618176029200348642e-01 5.180195639422714438e-01 6.456324369271766450e-01 2.388542649244024263e-01 6.345400067530232446e-01 1.877307715382504627e-01 1.014595486784669182e-01 6.058179808247277087e-01 4.645074724689776113e-01 4.849024349117161958e-01 4.230758977242959351e-01 3.526084954457612275e-01 2.953940200117978754e-01 1.772437832981088590e-01 5.796077481479589011e-01 5.439293755753229487e-01 3.048010303336460280e-01 2.530905689300704808e-01 5.352226338624549440e-01 5.674910453000839849e-01
1.578318906975215152e-01 5.266601713731143830e-01 5.492246896295566172e-01 5.139010937731107731e-01 4.785889757483520190e-01 2.090754945757948846e-01 3.042638771846803980e-01 1.693703138125340624e-01 2.392086110880431993e-01 3.898164042003879892e-01 3.782360796294085281e-01 1.596960885703972155e-01 1.962261480573500305e-01 3.408830206956481312e-01 3.149243335057592685e-01 0.000000000000000000e+00 4.774544490011346509e-01 2.575220136419201222e-01 4.383293778372979177e-01 2.496337911119823894e-01 1.252772582175316896e-01 4.288914721281075204e-01 2.652240130907174143e-01 1.119236850761703983e-01 4.158007219410191357e-01 3.040878867723266765e-01 3.353967436214003728e-01 2.100453061105979902e-01 3.171405312354291794e-01 3.790353643838924036e-01 1.058843937135661439e-01 2.750343499097783750e-01 4.206014906423449773e-01 1.062845095432568276e-01 5.322280250613373731e-01 2.145960738619201724e-01 2.500616839822573656e-01 4.882965105979377718e-01 3.194977142878717702e-01 4.211934285214139484e-01 2.632635581688399506e-01 1.716221225675037265e-01 1.576391747998471538e-01 1.867682231905467283e-01 5.040102663217003176e-01 2.954192494600535457e-01 8.280284488877305560e-02 9.068826123411197204e-02 3.707470161695333166e-01 3.818709850969735919e-01
5.179646629831711202e-01 4.081704668147281279e-01 3.468087869351038632e-01 1.378604406753954348e-01 7.323091027163699529e-01 3.065766858394415317e-01 5.976127783935023530e-01 6.463517302493734240e-01 2.833364234159344575e-01 1.755584756947129732e-01 2.383812438829101821e-01 3.515284714146712508e-01 4.517524709624344825e-01 1.378955757001035509e-01 5.611056617870227026e-01 4.774544490011346509e-01 0.000000000000000000e+00 3.782552598239124486e-01 1.457881072447556048e-01 2.898606612749639044e-01 3.959403246579931701e-01 2.364947474828841267e-01 2.525801677448114013e-01 5.814915904603419339e-01 1.321625913463241875e-01 2.293437284203380666e-01 1.737528377016390180e-01 5.188683883138577313e-01 2.456298394528184381e-01 6.442117564408612607e-01 4.372821614877306362e-01 3.212160588416465012e-01 3.303796404214351390e-01 4.500648998480279439e-01 1.529909643310228828e-01 4.450964230613854156e-01 4.789039450938523124e-01 1.441065524757766947e-01 2.267466159799524927e-01 9.096160681655754421e-02 2.286577390671512833e-01 3.197347389893623881e-01 3.573839615348647913e-01 4.225081302122354887e-01 8.290452067383731471e-02 2.750948133734759660e-01 4.005058080708811530e-01 5.196025694357266911e-01 1.779907905638405674e-01 1.657452175099473068e-01
1.397094031592587271e-01 5.819958623763890060e-01 5.503209981473908829e-01 4.431857851572795215e-01 3.540538428924573933e-01 3.095667260775894492e-01 3.252675284176464454e-01 3.887293871374382093e-01 1.404971398522451564e-01 3.386581967817199335e-01 4.288458461040854930e-01 1.365606479257304162e-01 1.551688256633336205e-01 2.735414056624933532e-01 1.828504019631102540e-01 2.575220136419201222e-01 3.782552598239124486e-01 0.000000000000000000e+00 4.091284702771788018e-01 2.703777453555782917e-01 2.373763394256180048e-01 4.504344749564322403e-01 1.617631274558847532e-01 2.798658257820808570e-01 3.868780605806630968e-01 3.687415303580597881e-01 2.184988600643898438e-01 2.380587027876430450e-01 3.585531553225073109e-01 2.659564966169487565e-01 2.068327575558737419e-01 3.854898303653623293e-01 4.911740290862258718e-01 1.662099987688488434e-01 4.516896047899132127e-01 9.271936877537267918e-02 1.017978142986919188e-01 4.296817276599817492e-01 2.940884968843894276e-01 3.020520329486058864e-01 2.714073489200404254e-01 2.180478043407703403e-01 1.348288082491459206e-01 8.439694572736448908e-02 3.967573461848486471e-01 3.829793447972530962e-01 1.970588706192675232e-01 2.184111975366929692e-01 3.693835276392530842e-01 3.846406433369734534e-01
5.258861157123190244e-01 3.080531049275637145e-01 2.900787309433709438e-01 1.360972070307971404e-01 7.631823131696361395e-01 2.745366237896822437e-01 6.081991746878870897e-01 6.076996916498320633e-01 3.026525103973343733e-01 1.413349644213551803e-01 1.382638819957458520e-01 3.818664208527102755e-01 4.667171414067791124e-01 1.929303393302626290e-01 5.919788722402890002e-01 4.383293778372979177e-01 1.457881072447556048e-01 4.091284702771788018e-01 0.000000000000000000e+00 2.493280621183594781e-01 3.192108811608235786e-01 1.715234687388337287e-01 2.908878630735674542e-01 5.432156515378672168e-01 1.117597074524500494e-01 1.470283575860523717e-01 1.965938935289109901e-01 5.261956432508717585e-01 1.790145595119387867e-01 6.750849668941274473e-01 4.294943453966296731e-01 2.221896460071328405e-01 2.302622785342707257e-01 4.777816813618300240e-01 1.026904958980082994e-01 4.716793706934011565e-01 5.097771555471186655e-01 1.898189196265256395e-01 2.112375148392337809e-01 1.070764373285728183e-01 2.249157269591106900e-01 3.183890636194638968e-01 3.723486319792093657e-01 4.533813406655018419e-01 1.167985425382536274e-01 1.760684005389624163e-01 3.940688969677166309e-01 5.085658512146199461e-01 1.098853472611768661e-01 9.697171191605230556e-02
3.122589142706140852e-01 3.714479796232783571e-01 3.193066731181866125e-01 3.713955306560228764e-01 6.080877670489245324e-01 1.324798182520866008e-01 3.738199859338859343e-01 4.181290328574913673e-01 1.479402349614761247e-01 1.558067218328959558e-01 1.981638800468769890e-01 2.820654148485812751e-01 2.294283188081333580e-01 2.328290793387104429e-01 4.345332052767920672e-01 2.496337911119823894e-01 2.898606612749639044e-01 2.703777453555782917e-01 2.493280621183594781e-01 0.000000000000000000e+00 1.243565328944506859e-01 2.051267263029752930e-01 2.234940630589581922e-01 3.441171168327787910e-01 2.996914737467273881e-01 1.102505606688193029e-01 1.235799863167112295e-01 2.945821608838760097e-01 2.323835627542222837e-01 5.218156224058142501e-01 2.050460758653087634e-01 1.269988606761218164e-01 2.754166749754872745e-01 3.000631713003759637e-01 3.414588611893591419e-01 2.761817725793425105e-01 3.656150143133999886e-01 3.615234403855930867e-01 9.014514170354163969e-02 1.991340289252767071e-01 2.212888812424934071e-01 2.083671745261287123e-01 1.449390888428084834e-01 3.528113329977571322e-01 2.938393421615192458e-01 1.244883751080125278e-01 2.188766379472601165e-01 3.211057203409075633e-01 2.412426126609918398e-01 1.826419201209872889e-01
2.090888395179260895e-01 4.275935595149434332e-01 4.300855738370631953e-01 4.513224766359397178e-01 5.268753177041505253e-01 1.393341197438945911e-01 3.133845236734559281e-01 2.946475720300657519e-01 1.287444882375477773e-01 2.706772884078945673e-01 2.659275438868333730e-01 1.598439481502368364e-01 1.813247790367679135e-01 2.880119835182033405e-01 3.632106754615577748e-01 1.252772582175316896e-01 3.959403246579931701e-01 2.373763394256180048e-01 3.192108811608235786e-01 1.243565328944506859e-01 0.000000000000000000e+00 3.097729754516330702e-01 2.180134137605488631e-01 2.268844349182402853e-01 3.629296847635744006e-01 1.849693900958523374e-01 2.237851597762763600e-01 2.280799245666443043e-01 2.473991564035289414e-01 4.273217063396908544e-01 1.291635622241123493e-01 1.695530375546246415e-01 3.242900707775793201e-01 1.757066384059252917e-01 4.131095283848628119e-01 2.385290353841458266e-01 3.004119457850150665e-01 4.354254734204930366e-01 1.962248050865708082e-01 3.052136923083059172e-01 2.103925209913950489e-01 1.187510853900588803e-01 1.091954133908931840e-01 2.284548001033064879e-01 3.999190055445485670e-01 1.842072200651098945e-01 9.452010505280944441e-02 1.989448584725406755e-01 3.058612671732168775e-01 2.627524884204992528e-01
5.110136295200170542e-01 3.512960768995371241e-01 1.220846485258462732e-01 3.040066051527336444e-01 7.973620231748350662e-01 2.650987180804918464e-01 5.789459194102143380e-01 5.982617859406417216e-01 3.133338168182001615e-01 1.221744403791880512e-01 1.812994680742259224e-01 4.291635969659413630e-01 4.345542522844616506e-01 2.500447193184585637e-01 6.238074614027029341e-01 4.288914721281075204e-01 2.364947474828841267e-01 4.504344749564322403e-01 1.715234687388337287e-01 2.051267263029752930e-01 3.097729754516330702e-01 0.000000000000000000e+00 3.397744147683434690e-01 5.337777458286769861e-01 2.331972253291670349e-01 1.248035853557808716e-01 2.331212306882975704e-01 4.997080943602043024e-01 2.410007832381405035e-01 7.110898785317250059e-01 4.089421588286941689e-01 2.375042010739515375e-01 2.735052505062440797e-01 4.683437756526394602e-01 2.570428382077685203e-01 4.765460067310429149e-01 5.522322892551243534e-01 3.156838030757269653e-01 1.600110202041035989e-01 1.591792288198890515e-01 2.897374153900532101e-01 3.554653566434888279e-01 3.477036810453973392e-01 5.010483140514399025e-01 2.306834403412476031e-01 2.029681577130637016e-01 3.846309912585261781e-01 4.991279455054294378e-01 1.895964935070488244e-01 7.830486445944062623e-02
2.725716968017724562e-01 4.202327349205042806e-01 4.400142063152031047e-01 2.947244615210177776e-01 4.962582562228210481e-01 1.702715138146480567e-01 4.401322332091700540e-01 4.286182427891651603e-01 1.203857743921084023e-01 2.324280094419655107e-01 2.670827186482007121e-01 1.179573201652067971e-01 2.681495262860644213e-01 1.215066592247657090e-01 3.289619328493073036e-01 2.652240130907174143e-01 2.525801677448114013e-01 1.617631274558847532e-01 2.908878630735674542e-01 2.234940630589581922e-01 2.180134137605488631e-01 3.397744147683434690e-01 0.000000000000000000e+00 3.535157850659192968e-01 2.318024778129083308e-01 3.105666465393590592e-01 1.146714039508495153e-01 3.646617733007327944e-01 1.967900278666225022e-01 4.039735645954426468e-01 2.840419795936690583e-01 2.639057506820133292e-01 3.294109016303412574e-01 2.164937485985633792e-01 3.334489975863018096e-01 2.459573188510306152e-01 2.365036983832373152e-01 2.781158550601067203e-01 2.164361891096224788e-01 1.838114257449945388e-01 1.099550028681270802e-01 1.010332140731760447e-01 2.021970827047126773e-01 1.718204769067182003e-01 2.777575275526599219e-01 2.974717611703799891e-01 1.869294879030765910e-01 2.860314181862620986e-01 2.076204001833683033e-01 2.705314369617342618e-01
1.456238354645000566e-01 6.330725606972965602e-01 6.529984182790595781e-01 6.179382352323179450e-01 4.716753964098902574e-01 3.154030510074469773e-01 3.570744428033872930e-01 1.191830056325697967e-01 3.287896650693506451e-01 4.912483377617656854e-01 4.846874158873883398e-01 2.476423192050120903e-01 2.659404605907759178e-01 4.449201621548553587e-01 3.080107541672975624e-01 1.119236850761703983e-01 5.814915904603419339e-01 2.798658257820808570e-01 5.432156515378672168e-01 3.441171168327787910e-01 2.268844349182402853e-01 5.337777458286769861e-01 3.535157850659192968e-01 0.000000000000000000e+00 5.198378634002264187e-01 4.089741604728961422e-01 4.249777976027078741e-01 2.563139492474797998e-01 4.224402933445012831e-01 3.692018755810898556e-01 1.727785308450929258e-01 3.814856861677581867e-01 5.270138799665271545e-01 1.623728007042834487e-01 6.371142987619067277e-01 2.234013946044579590e-01 2.363102211763809246e-01 5.923336520571451658e-01 4.108964027610332859e-01 5.141190614243740242e-01 3.673006996280471781e-01 2.756592640267109817e-01 2.472202287811545995e-01 2.213160375670371049e-01 6.080474077809077116e-01 4.018705857180333574e-01 1.864000999059337027e-01 8.030440690444066998e-02 4.747841576287405441e-01 4.867572587975431686e-01
4.850150657068870719e-01 3.201410742192433712e-01 3.517524875337042500e-01 1.153973289933124258e-01 7.267935489041386088e-01 2.356031597773820263e-01 6.328259515530630930e-01 5.846980031892579088e-01 3.185495965754949754e-01 2.073377588274943062e-01 1.525911564075868032e-01 3.089438579567008736e-01 4.869656441219951115e-01 1.133366549181697991e-01 5.607034799009013026e-01 4.158007219410191357e-01 1.321625913463241875e-01 3.868780605806630968e-01 1.117597074524500494e-01 2.996914737467273881e-01 3.629296847635744006e-01 2.331972253291670349e-01 2.318024778129083308e-01 5.198378634002264187e-01 0.000000000000000000e+00 2.011897020093567634e-01 2.095760376890772880e-01 5.540815614734182493e-01 1.535964982568634729e-01 6.308343756531686886e-01 4.658546955606995277e-01 2.436753379020773491e-01 2.371145915195267961e-01 4.074802863900575112e-01 1.526277644558589330e-01 4.654636484675109820e-01 4.682452454348314252e-01 9.134833204468197076e-02 2.740166754872935262e-01 1.373571772153596993e-01 1.556007731297697205e-01 2.583663052842883334e-01 3.925971346944254203e-01 3.935747656945283168e-01 1.643301047119458402e-01 2.040244229091756623e-01 3.388520810107656378e-01 4.770179559777562583e-01 7.914110866775431186e-02 1.586454685063856396e-01
3.893326635121034940e-01 2.889543902814503129e-01 2.454686822281796077e-01 2.802379915630533458e-01 7.064515520514058622e-01 1.402951327247109747e-01 4.691216732383467480e-01 4.734582005848608777e-01 2.436233243455231678e-01 1.382896709669650670e-01 1.107704372786216668e-01 3.043600116101606301e-01 3.277488348935989615e-01 2.474263919566894732e-01 5.328969902792735081e-01 3.040878867723266765e-01 2.293437284203380666e-01 3.687415303580597881e-01 1.470283575860523717e-01 1.102505606688193029e-01 1.849693900958523374e-01 1.248035853557808716e-01 3.105666465393590592e-01 4.089741604728961422e-01 2.011897020093567634e-01 0.000000000000000000e+00 2.108733309607908890e-01 3.871181418013315834e-01 2.004068162789995611e-01 6.071208411842012875e-01 2.908481846891848299e-01 1.127006157181706242e-01 2.098639383501667011e-01 3.435401902968586163e-01 2.361131867991450584e-01 3.745455575818240068e-01 4.639787993158814294e-01 2.886698038037919245e-01 1.415158386303900229e-01 1.565609014581200165e-01 2.291041957151177810e-01 2.306617712877080117e-01 2.433028738452899242e-01 3.857686707372474100e-01 2.218677145972595133e-01 8.165077915870418146e-02 2.598274059027454452e-01 3.743243601496487605e-01 1.495837741641707352e-01 8.380750217193491669e-02
3.546157312789893767e-01 4.184208820064631018e-01 3.321374843686492606e-01 2.519478148180415156e-01 5.725527029568473480e-01 2.176836010149166001e-01 4.238599406918632795e-01 4.989897136274205058e-01 1.095835857142953979e-01 1.208448073544851203e-01 2.486316590746453503e-01 2.324667934356128285e-01 2.779996332607955756e-01 1.098673503452016337e-01 4.013492620275002087e-01 3.353967436214003728e-01 1.737528377016390180e-01 2.184988600643898438e-01 1.965938935289109901e-01 1.235799863167112295e-01 2.237851597762763600e-01 2.331212306882975704e-01 1.146714039508495153e-01 4.249777976027078741e-01 2.095760376890772880e-01 2.108733309607908890e-01 0.000000000000000000e+00 3.451155506122186578e-01 2.341852119002255650e-01 4.844553566813387113e-01 2.635293237860916182e-01 2.276216309680934302e-01 3.406300556131702240e-01 3.279772994889571525e-01 2.391550280416453456e-01 2.805147494246111872e-01 3.202966743630817903e-01 2.393958100746371165e-01 1.033117143483478773e-01 8.951745620033814410e-02 1.473501869017300736e-01 2.115494080251816844e-01 1.836311238332257734e-01 2.747217653674380866e-01 1.842227694365808355e-01 2.251111453999841416e-01 3.016008918539261341e-01 3.926028334767923678e-01 2.118149537298220086e-01 1.664571295582321919e-01
1.608998174624414190e-01 6.449684027393766117e-01 6.138880411754158439e-01 5.964533386023825878e-01 4.639477742985097519e-01 3.553665953394058996e-01 1.145124517488436133e-01 3.463700537073137742e-01 2.489274180788614288e-01 4.343303406571424330e-01 4.749677874117615994e-01 3.206246782911326698e-01 1.093228056328520853e-01 4.492586007068213316e-01 3.002831320559170014e-01 2.100453061105979902e-01 5.188683883138577313e-01 2.380587027876430450e-01 5.261956432508717585e-01 2.945821608838760097e-01 2.280799245666443043e-01 4.997080943602043024e-01 3.646617733007327944e-01 2.563139492474797998e-01 5.540815614734182493e-01 3.871181418013315834e-01 3.451155506122186578e-01 0.000000000000000000e+00 4.634316319990401944e-01 3.688586688973231609e-01 1.174207173354231692e-01 3.934755109242544235e-01 5.482125441472088800e-01 2.573040063708769143e-01 5.838943862751921898e-01 1.482857421995250613e-01 2.377017289134634170e-01 5.839013338589780222e-01 3.490263126308449371e-01 4.342568144338849190e-01 4.175089814802275812e-01 3.258675458788914958e-01 1.659464878271948440e-01 2.580835346757456850e-01 5.289621276701275132e-01 3.980087982241110045e-01 2.392231149083762776e-01 2.163788582286620965e-01 5.180465200258762559e-01 4.687888055780640162e-01
4.153024884824298435e-01 2.450576802148956568e-01 3.595560454426777741e-01 2.623009588613838816e-01 6.666046742979729878e-01 1.080650366596342810e-01 5.522308521024362760e-01 4.865108450479633806e-01 3.147832965263175353e-01 2.327148198804888379e-01 1.164896987165837533e-01 2.415819405073644233e-01 4.201711074657482059e-01 1.338600362902974961e-01 5.087241774942476980e-01 3.171405312354291794e-01 2.456298394528184381e-01 3.585531553225073109e-01 1.790145595119387867e-01 2.323835627542222837e-01 2.473991564035289414e-01 2.410007832381405035e-01 1.967900278666225022e-01 4.224402933445012831e-01 1.535964982568634729e-01 2.004068162789995611e-01 2.341852119002255650e-01 4.634316319990401944e-01 0.000000000000000000e+00 5.691249643708626849e-01 3.638852207129123495e-01 1.053847020781004812e-01 1.393230303064116604e-01 3.247024706801650562e-01 2.660441357312380295e-01 4.427473467176531452e-01 4.166618049854985406e-01 2.287602652539577064e-01 2.805598243053917806e-01 2.168155742552455856e-01 8.962715423113619406e-02 1.701428699419905155e-01 3.521180816504325684e-01 3.314803941961388389e-01 2.699457928888178149e-01 1.420757331248247990e-01 2.420823438890928048e-01 3.821204181682000822e-01 7.915234882197716426e-02 1.664490264153591081e-01
2.235780401165897713e-01 8.036246240361808457e-01 8.162774947643397505e-01 6.984440267684365322e-01 1.081866928683186124e-01 4.966876829622239309e-01 4.787106079986044316e-01 4.794183815428614270e-01 4.038711133695432887e-01 6.046146933986686900e-01 6.565125963621820659e-01 3.275430238634982061e-01 3.552206981917601092e-01 5.254802238202083142e-01 1.063237068463309815e-01 3.790353643838924036e-01 6.442117564408612607e-01 2.659564966169487565e-01 6.750849668941274473e-01 5.218156224058142501e-01 4.273217063396908544e-01 7.110898785317250059e-01 4.039735645954426468e-01 3.692018755810898556e-01 6.308343756531686886e-01 6.071208411842012875e-01 4.844553566813387113e-01 3.688586688973231609e-01 5.691249643708626849e-01 0.000000000000000000e+00 3.259286337981679993e-01 5.765171560749535740e-01 7.060332238037915209e-01 2.961693200928287584e-01 7.176461014068619138e-01 2.683366823084216146e-01 1.698080122507775735e-01 6.820894196555492561e-01 5.517898895979997942e-01 5.680085295655545874e-01 4.840412513266234007e-01 4.111060875784433577e-01 3.826764371408200582e-01 2.376445701747237349e-01 6.627138428017975702e-01 6.024269677080050789e-01 3.632986224663281583e-01 3.119760255412200034e-01 5.995520155222946457e-01 6.505971399539222100e-01
1.081404561260702751e-01 5.474718180335556017e-01 5.241099008825796934e-01 5.148671117762555482e-01 4.254822451626276147e-01 2.558201840532780547e-01 2.092598524895084022e-01 2.489496993214274645e-01 1.673411912527343892e-01 3.497438517816819914e-01 3.774712027059405339e-01 2.137756335943996056e-01 1.017279341573886914e-01 3.676723738806942920e-01 2.618176029200348642e-01 1.058843937135661439e-01 4.372821614877306362e-01 2.068327575558737419e-01 4.294943453966296731e-01 2.050460758653087634e-01 1.291635622241123493e-01 4.089421588286941689e-01 2.840419795936690583e-01 1.727785308450929258e-01 4.658546955606995277e-01 2.908481846891848299e-01 2.635293237860916182e-01 1.174207173354231692e-01 3.638852207129123495e-01 3.259286337981679993e-01 0.000000000000000000e+00 2.945591485817225519e-01 4.492961818046772304e-01 1.893004810320528808e-01 5.023081594490651502e-01 1.506272993163231821e-01 1.990188732434922392e-01 5.023151070328510936e-01 2.644398237553844400e-01 3.526705876077577684e-01 3.133175317885202316e-01 2.216760961871841462e-01 8.469524826798691119e-02 2.088916760211245727e-01 4.473759008440005291e-01 3.005122135182897725e-01 1.328568185084534614e-01 1.328434398262753058e-01 4.188336953221433734e-01 3.720875077238219308e-01
3.786418770725507588e-01 2.580405219603187916e-01 3.581692979463503845e-01 3.412239925509061300e-01 6.749391564396077792e-01 1.012904357226803581e-01 4.787801100310661306e-01 4.444046637223125762e-01 2.603716243528257368e-01 2.119912951249228183e-01 1.036386197959216632e-01 2.653553146081299996e-01 3.444971349009013917e-01 2.331371491179630162e-01 5.180195639422714438e-01 2.750343499097783750e-01 3.212160588416465012e-01 3.854898303653623293e-01 2.221896460071328405e-01 1.269988606761218164e-01 1.695530375546246415e-01 2.375042010739515375e-01 2.639057506820133292e-01 3.814856861677581867e-01 2.436753379020773491e-01 1.127006157181706242e-01 2.276216309680934302e-01 3.934755109242544235e-01 1.053847020781004812e-01 5.765171560749535740e-01 2.945591485817225519e-01 0.000000000000000000e+00 1.547370332229547341e-01 3.062041556676806109e-01 3.162164036116901777e-01 3.912938575891264925e-01 4.268211930648073138e-01 3.234514226919278368e-01 1.751751222272913411e-01 2.503739418911837822e-01 1.694554190341157895e-01 1.910529217150244152e-01 2.600511738525924099e-01 3.467639737352167795e-01 3.110512451918569510e-01 8.856771869473060999e-02 2.213529633952569797e-01 3.422665498602695533e-01 1.731516559488102402e-01 1.869119117739347080e-01
