0.000000000000000000e+00 6.206834874966490334e-01 5.292748666698675608e-01 4.977301069514102339e-01 4.557929835878982150e-01 3.960108595361562234e-01 3.568294711103916494e-01 3.292167445838458106e-01 3.090265247613370181e-01 2.579947926688691551e-01 2.472043281157690064e-01 2.435928892140913071e-01 2.305076826981772575e-01 1.945860164131799908e-01 4.201234277634525727e-01 2.876644281227092037e-01 3.880812963354854928e-01 1.748400051816051404e-01 1.862224783338821965e-01 1.747797777801345098e-01 3.934442782171022612e-01 3.929736789468397662e-01 1.652069926891194807e-01 1.597264898484336837e-01 1.339164294816415635e-01 3.200040043450261829e-01 2.660509322141428878e-01 2.340264838693370264e-01 4.040670684342679841e-01 2.367744525384614107e-01 1.379871184704526410e-01 2.626051859878663630e-01 3.883761203296456910e-01 3.812180018252919744e-01 2.650625363593386852e-01 3.506262040995193896e-01 1.238195885224235154e-01 5.181213842231294775e-01 1.074306841068508045e-01 1.714916861299378426e-01 3.762649292311915361e-01 2.441889074854022845e-01 2.333122794292334934e-01 4.024410840265579270e-01 1.996523019328756143e-01 3.191507434750427419e-01 4.017276792498998828e-01 4.267406583372743145e-01 2.548481566999722947e-01 4.518132192338379371e-01 2.857445508168282022e-01 3.115523859389741634e-01 2.698952520020491685e-01 3.379423661416863789e-01 1.944052721190653865e-01 1.420400551060763406e-01 8.951959572290398015e-02 3.470246332903798026e-01 2.182196453931097013e-01 1.060112995722955059e-01 3.088474586763890195e-01 2.481873880195832327e-01 2.448218346259451450e-01 1.711648478777325899e-01 2.449154616117426853e-01 1.923000209330314736e-01 3.136534551975285745e-01 3.658728462602342524e-01 4.850560109169442802e-01 1.811934277702041407e-01 7.990728678935841989e-02 3.523663603699760394e-01 3.305924052812072023e-01 2.583633818005171001e-01 2.507860231842436449e-01 2.359579701856391876e-01 3.053295226889726766e-01 4.305602813047579303e-01 3.301713437830265385e-01 3.368457336501897159e-01 3.507661898001598888e-01 2.236318529880703676e-01 4.124358090429801615e-01 4.470727696882599300e-01 2.818936430399412996e-01 1.223838985391484530e-01 2.828758416692594424e-01 3.457572627903879869e-01 2.196345046448404947e-01 3.793048219436309654e-01 3.979589882413497315e-01 2.352292481626551413e-01 1.600011860253272022e-01 6.717354679587940469e-02 4.552803029208113972e-01 2.658738226719607467e-01 1.870063075557558130e-01 2.059179859166830884e-01 2.720271759410113899e-01 4.547453316888180330e-01
6.206834874966490334e-01 0.000000000000000000e+00 7.095579442602024667e-01 6.677201332904615372e-01 1.027320016239792411e+00 9.556804608537868839e-01 9.601572285000655738e-01 3.863641492259137222e-01 8.165067577690046097e-01 5.234565436903638735e-01 8.299373416454823849e-01 8.032624905317221620e-01 6.177862833123524133e-01 7.979137738028539983e-01 2.016507525562461489e-01 4.887701072990292550e-01 9.676110009427436598e-01 4.882563700822074026e-01 7.121996495591443876e-01 5.487361267407123711e-01 9.761772917468156674e-01 5.604593913101262315e-01 6.955491767559551786e-01 7.465401888342909631e-01 5.103413001613715805e-01 8.561829205929905040e-01 8.257205335317737704e-01 4.082905618223667266e-01 5.440696326209696343e-01 8.401022099281353350e-01 7.366155556384679226e-01 8.400268784487255891e-01 9.771913566204298851e-01 9.643280130434247477e-01 5.160680843991226618e-01 9.314713703124427591e-01 6.109899378707194240e-01 1.053727211458032609e-01 5.290423376649768805e-01 7.311612874475686974e-01 9.474415781744480736e-01 4.746415097119453530e-01 4.472492562001273986e-01 9.811666112097462422e-01 6.244915483633174391e-01 3.076565166571608723e-01 9.939461388457939695e-01 6.028129932877515085e-01 8.335736838831605544e-01 6.455437340628401577e-01 8.890723082065022931e-01 4.329945611459093402e-01 7.236428595604172953e-01 5.022114697362585201e-01 7.977330295087393663e-01 4.944991544723864041e-01 6.086861650456442119e-01 9.066942346080103521e-01 6.761145006333461049e-01 6.733626584925832548e-01 8.915804722061023702e-01 7.926164757807642181e-01 4.067653761366834542e-01 5.549460189252880538e-01 8.003517351643180122e-01 4.878557190597750393e-01 9.037678726222626580e-01 8.946443026034531787e-01 6.525417232802309675e-01 7.639264412999177134e-01 6.473769180647663823e-01 9.120359616876066999e-01 5.158502907968846030e-01 3.790477437527501325e-01 4.896986425970642487e-01 7.956275715032700147e-01 9.086572800786466564e-01 6.213329287850374305e-01 8.905187039360322743e-01 9.097755953363219072e-01 5.137326708258398433e-01 7.833014543057011947e-01 9.839628416948741352e-01 1.018249418631516301e+00 8.415632443575721267e-01 7.257116559288224744e-01 8.154841120066770310e-01 4.901004003473244386e-01 7.793041059624713496e-01 2.510985148846429649e-01 9.847726872272068999e-01 6.620455565105167750e-01 4.836562594233542733e-01 5.824086610586675095e-01 6.046372064826111004e-01 8.692015800616347265e-01 5.791177951065586971e-01 8.092457433063570127e-01 4.473588759080706079e-01 6.385780551843017738e-01
5.292748666698675608e-01 7.095579442602024667e-01 0.000000000000000000e+00 6.270655025265475802e-01 9.443625591942383934e-01 8.727230038082329777e-01 8.699522297490869249e-01 4.298213058543822740e-01 7.850464306897841915e-01 2.738846969729101244e-01 7.552703100489788213e-01 7.203050334861680337e-01 6.335631084206810870e-01 7.077087750518752385e-01 5.096019951207556575e-01 4.428580197021532716e-01 8.840851800934566018e-01 4.555419491578113211e-01 6.753207077195502173e-01 5.094180492149716910e-01 9.015102601503121038e-01 1.560517149865035258e-01 6.354718189221258973e-01 6.563351900833122032e-01 4.043870896022792594e-01 7.960239102734734118e-01 7.427630764862198642e-01 3.279513175179928908e-01 5.233772583951870061e-01 7.498972111771565752e-01 6.581917665983916255e-01 7.706711679210762611e-01 8.869863578694511252e-01 8.833184007961704109e-01 5.595252410275912691e-01 8.472349043343978536e-01 5.669416485179384901e-01 6.077353707106005754e-01 4.411284735866294882e-01 6.482038304020149022e-01 8.644841211288942784e-01 4.547156368869615939e-01 3.078315245935441258e-01 8.976407903604590732e-01 6.351099259353725213e-01 4.087647299625138952e-01 9.037411400948152096e-01 5.605505048469778817e-01 7.500478630338733854e-01 9.494637306603533056e-02 7.988673094555235332e-01 4.308625758998932409e-01 7.360360117484372466e-01 2.175744709155782719e-01 7.075280307577606065e-01 4.318227282869616657e-01 5.257287080000904167e-01 8.237367775624566679e-01 6.636197096204315971e-01 5.898368376432963078e-01 8.169134406095988066e-01 7.242072939480304061e-01 4.145276487451941549e-01 5.561542467235581766e-01 7.529814435449525556e-01 3.433686171386819419e-01 8.135628738712838981e-01 8.418927521886814258e-01 8.029547596258015951e-02 6.892594097034140388e-01 5.770168461595983622e-01 8.290785046420527937e-01 2.025068526452963036e-01 3.607649122854008072e-01 5.142965430421744255e-01 7.126701144577161084e-01 8.184522813276678965e-01 1.017969365122824155e-01 8.382373257162364366e-01 8.268181382907682231e-01 5.116006855798238551e-01 7.003439972601472885e-01 9.010053846493202290e-01 9.352919615859625058e-01 7.586057873120182204e-01 6.355066571778436035e-01 7.588957475977067269e-01 4.673268338121224774e-01 6.963466489169174434e-01 4.613989199453043533e-01 8.945676884762282510e-01 6.869819588541888900e-01 3.972802500600519093e-01 5.190066096473977542e-01 5.797862448150774561e-01 7.789965813106559667e-01 5.667793685213904364e-01 7.190407445553783639e-01 4.738820883378380699e-01 7.787584111351275595e-02
4.977301069514102339e-01 6.677201332904615372e-01 6.270655025265475802e-01 0.000000000000000000e+00 8.885109136127397056e-01 8.168713582267346229e-01 8.293788176165763915e-01 3.415529480869390899e-01 7.029707282345859509e-01 4.412019429159787509e-01 7.392502763114237041e-01 6.644533879046696789e-01 5.740441763182227985e-01 6.671353629193650381e-01 4.716235598748831359e-01 2.104695769393656879e-01 8.296859565125054292e-01 4.791278989018674661e-01 6.782684265295367831e-01 3.939604431760475589e-01 8.440460604880680728e-01 4.779669495764714560e-01 5.536259709859512324e-01 6.157617779508020028e-01 3.861957473383628159e-01 7.201626861458245710e-01 6.869114309047212874e-01 3.543887682630081915e-01 1.350431817251432354e-01 7.093237990446463748e-01 6.276358795041645511e-01 7.546511341835210329e-01 8.464129457369408138e-01 8.427449886636602105e-01 4.570268150577190824e-01 7.992424250612697456e-01 5.949612615612918098e-01 5.679176607829711232e-01 4.743641687117546857e-01 5.923521848205163254e-01 8.086324755473954795e-01 2.919917637824963053e-01 3.481876811447398024e-01 8.432415667795081227e-01 5.199398368621297450e-01 3.737813745716188074e-01 8.631677279623047871e-01 9.525725332925441546e-02 7.013447386319876520e-01 5.640200189979557299e-01 7.582938973230131108e-01 2.461182532002035850e-01 6.490659617192999775e-01 4.263650444789896521e-01 6.669546186252504061e-01 3.559268064790368502e-01 4.697414113601551255e-01 7.678851319809582021e-01 6.645905837622313461e-01 5.411337132414101303e-01 8.008934068720435784e-01 6.506932700107606049e-01 4.083285945305765163e-01 5.534506956109079834e-01 7.369614098073971054e-01 4.182015191425202949e-01 7.729894617387734757e-01 7.658209209243928006e-01 5.700492815465756369e-01 6.732393759658584775e-01 5.769793309631208178e-01 7.732268590605544389e-01 4.308825620840744386e-01 2.902802472145711854e-01 3.835459577292307243e-01 6.568184688762176426e-01 7.778788691951576961e-01 5.363652000722272106e-01 7.990725382494596740e-01 7.709664927092693132e-01 1.816546513757428816e-01 6.444923516786488227e-01 8.451537390678215411e-01 8.794403160044638179e-01 7.027541417305198657e-01 5.949332450453334031e-01 6.828239163334182127e-01 1.776197329431369598e-01 6.404950033354189776e-01 4.166216184058185168e-01 8.528195271577720948e-01 5.868108068440215375e-01 4.402530246701108485e-01 5.411809724880602968e-01 6.867208707116718991e-02 7.384231691781457663e-01 4.469095194791801728e-01 6.784673324228680524e-01 4.098092726546569420e-01 5.570543401194171240e-01
4.557929835878982150e-01 1.027320016239792411e+00 9.443625591942383934e-01 8.885109136127397056e-01 0.000000000000000000e+00 5.106632257051867407e-01 5.476082317438339953e-01 6.622803512000167148e-01 3.017722517614728761e-01 6.872259025161713275e-01 2.311810506452617875e-01 3.094598288883806947e-01 4.931195352581250746e-01 4.249916887542187771e-01 8.273640671003450464e-01 6.787965459248923583e-01 1.738886776563662862e-01 5.847052172112525703e-01 3.898500278558909571e-01 5.198217773429688604e-01 1.756921610537242884e-01 7.975582102104166182e-01 3.589982949928131051e-01 2.960664937394644758e-01 5.480145942204976972e-01 1.924615798329397109e-01 3.891519094145619584e-01 6.744613886634323041e-01 7.960651222040768804e-01 4.275000202179844444e-01 3.704512516809995160e-01 2.902724814611544191e-01 1.251326131243121198e-01 1.224215218156994855e-01 5.428035240178895604e-01 1.978977472138871985e-01 4.696784796217677860e-01 9.284925225451675646e-01 5.533462844096076472e-01 3.641397351346435940e-01 1.013178996564172846e-01 6.262795371363899521e-01 6.378968106928106785e-01 9.770164258316996198e-02 4.241529520626129424e-01 7.295218817970807734e-01 9.716775170645598758e-02 8.175214649986036752e-01 2.021015921063251675e-01 8.774988770570045782e-01 4.974439295392141247e-01 7.014317544602569621e-01 3.583845682210015648e-01 7.557479813195908669e-01 3.326715086520745657e-01 5.328208617674059511e-01 4.338374809081175232e-01 4.408325442794095439e-01 4.663248478049190071e-01 3.559481598648842060e-01 2.042340435222124995e-01 2.776383696188697847e-01 6.671712318049534129e-01 5.553381555141203574e-01 3.535188637955293811e-01 6.380478626435392986e-01 1.481044633078121009e-01 2.272180450075830249e-01 8.896405421805212432e-01 3.153113658441003553e-01 4.137414742259780120e-01 4.749380658307637004e-01 7.440498707296081538e-01 6.560200850247821514e-01 5.721403998517705647e-01 3.320473558441331963e-01 5.060885537932054978e-01 8.495325087177608703e-01 2.570021862141373958e-01 1.212004768002627464e-01 7.415469964614892495e-01 2.562014926665385772e-01 7.570613994658750845e-02 9.305006433187600068e-02 3.752404552115210512e-01 3.725579375091311873e-01 2.439562252505330375e-01 7.377553165601969942e-01 3.523399204937667228e-01 7.791609919248939642e-01 1.171296580631067397e-01 3.973947807466934323e-01 6.004360908194226187e-01 4.789415291485383808e-01 8.464124207229944963e-01 4.333496691725937655e-01 4.810775776228305434e-01 2.515845467673053504e-01 6.189088881810768106e-01 8.767835379575443788e-01
3.960108595361562234e-01 9.556804608537868839e-01 8.727230038082329777e-01 8.168713582267346229e-01 5.106632257051867407e-01 0.000000000000000000e+00 5.985710530893056935e-01 6.092293646425256393e-01 4.518566378824312446e-01 6.215586010799282191e-01 4.517291068895814554e-01 2.303154287872229700e-01 5.074855885044582404e-01 4.496417918387020096e-01 7.557245117143399638e-01 6.071569905388872757e-01 4.584571503075960952e-01 5.708508647177612527e-01 5.045178287515615922e-01 4.393294666580918051e-01 4.813888021939197737e-01 7.259186548244115356e-01 3.353620723339136300e-01 3.101066040593961626e-01 4.878639107261911190e-01 3.552356976555223200e-01 1.320088556849385864e-01 6.282399087335756027e-01 7.244255668180717977e-01 4.718875224941418423e-01 4.499222877245218633e-01 5.518072470455788192e-01 4.882041193233926935e-01 4.925749865018043683e-01 5.146634765194493255e-01 4.341372810789512759e-01 4.971192102724096840e-01 8.568529671591624819e-01 5.034415436430070834e-01 2.485768809448531125e-01 4.294767676289126812e-01 5.484119713776897109e-01 5.662572553068052628e-01 4.709806192366779998e-01 4.098086976801996739e-01 6.578823264110756908e-01 5.127698720492800399e-01 7.458819096125984816e-01 3.365503328273503625e-01 8.058593216709992735e-01 5.313914166605707701e-01 6.319108843227780881e-01 4.265089351902783266e-01 6.841084259335856732e-01 4.080705919905066037e-01 4.611813063814006464e-01 3.527063315759672024e-01 9.297686028366132505e-02 5.285400800698328849e-01 3.163162713160909134e-01 4.828405700257793476e-01 3.252791205754837489e-01 6.408326941621014239e-01 5.635197370241227244e-01 4.991294464707869416e-01 5.763699569699565206e-01 4.215927885961391897e-01 4.492848618823982454e-01 8.180009867945159385e-01 4.994026863257600146e-01 4.141153007652849105e-01 7.889075532976064231e-02 6.724103153436030711e-01 5.843805296387769577e-01 5.153357120622009679e-01 1.786158698610535445e-01 5.447591693964151105e-01 7.778929533317556766e-01 5.145745192781847610e-01 3.948047485992267625e-01 6.699074410754840558e-01 2.604506217196961293e-01 4.673060511602686873e-01 4.973708804301060216e-01 1.681832936586515337e-01 3.836314880006045924e-01 3.967878166238818505e-01 6.661157611741918005e-01 2.879499812104563405e-01 7.075214365388887705e-01 4.880111272915612641e-01 4.210208479478357857e-01 5.560120455614835366e-01 4.631844063320356697e-01 7.747728653369895246e-01 4.938637728452591746e-01 4.315793235359574043e-01 3.544239347035600396e-01 5.897483265672596175e-01 8.051439825715392962e-01
3.568294711103916494e-01 9.601572285000655738e-01 8.699522297490869249e-01 8.293788176165763915e-01 5.476082317438339953e-01 5.985710530893056935e-01 0.000000000000000000e+00 6.532058102259620247e-01 5.095087386183995148e-01 6.047764484424815734e-01 3.383369513568103559e-01 4.378818572726296821e-01 5.485446147669325034e-01 2.008579028224167229e-01 7.602012793606183205e-01 6.193131387878754168e-01 4.803686200138710949e-01 5.251541604090508297e-01 4.120072047166195017e-01 4.833059122415283571e-01 5.139377892193197628e-01 7.246223896120058683e-01 4.082988034833101021e-01 2.900147515247002983e-01 4.655651401468077766e-01 4.571192668001439752e-01 4.686111257672923025e-01 5.908559549797285371e-01 7.357157790994340862e-01 1.292331278571437203e-01 3.224218453806006468e-01 4.100055789020113362e-01 4.784818193894912475e-01 4.713237008851375864e-01 5.642187213423700554e-01 4.484952736973022991e-01 4.418565205911788030e-01 8.613297348054409497e-01 4.642601552172424539e-01 4.027208033696492717e-01 4.759696291078658326e-01 5.758376181505683311e-01 5.649609900943997065e-01 5.021457839032322790e-01 4.670645667527358325e-01 6.623590940573541586e-01 4.918333783097454948e-01 7.583893690024404721e-01 3.681760571220758504e-01 8.008943834311867960e-01 9.439725560489162226e-02 6.432010966041403766e-01 5.129870627962396235e-01 6.847903264255545963e-01 2.364779473927455244e-01 4.736887657712425814e-01 3.860709840568855022e-01 5.468707192058066546e-01 4.851845249772494539e-01 3.062604891531628959e-01 4.279795909892229466e-01 4.831895390700706172e-01 6.016513057363366279e-01 5.146843922419003237e-01 4.343996995627900648e-01 5.491294920434229843e-01 4.037591542573741865e-01 5.345567948372198508e-01 8.167047215821102712e-01 3.530103261365829526e-01 3.586527635538201975e-01 5.549265539231253985e-01 6.674453771037905936e-01 5.900120924656832022e-01 5.593121576456374644e-01 4.358040561010660396e-01 7.533595195796237431e-02 7.729280150919430881e-01 4.796844950634077676e-01 4.365504335268641234e-01 6.824149004653260464e-01 3.930193312106850523e-01 5.121405089196545690e-01 5.435327982853516149e-01 4.913266268428370109e-01 2.344455725712431549e-01 5.178779927197468824e-01 6.774059734555542001e-01 4.508636218845519239e-01 7.119982041851673493e-01 4.898393644837614747e-01 4.874206853635905667e-01 5.168306571357187407e-01 4.174877020233252467e-01 7.869290135859774438e-01 1.499155135608953859e-01 4.811345683588783007e-01 2.960236849765285894e-01 6.283017066705309794e-01 8.038477173591334068e-01
3.292167445838458106e-01 3.863641492259137222e-01 4.298213058543822740e-01 3.415529480869390899e-01 6.622803512000167148e-01 6.092293646425256393e-01 6.532058102259620247e-01 0.000000000000000000e+00 4.301426085430908319e-01 2.464330332229685561e-01 5.198458306586045685e-01 4.568113943204607508e-01 2.394912546279529264e-01 4.909623555287505048e-01 1.937076808463329691e-01 1.829182816872717832e-01 6.266101030164856756e-01 1.714452227313066901e-01 3.768672453448274617e-01 1.698998979844339174e-01 5.937021457093204502e-01 2.807227529043059833e-01 3.166961137693438122e-01 4.395887705601874695e-01 2.261297120401072613e-01 4.698187713670769483e-01 4.792694373205123592e-01 1.336074682416175108e-01 2.090436838736938752e-01 5.331507916540317860e-01 4.365137851277270387e-01 5.046944742344089407e-01 6.619990621724662905e-01 6.542365020565467093e-01 1.297039351732091339e-01 6.081155775303084265e-01 2.879536563632976165e-01 2.865616767184232527e-01 2.375755947521737410e-01 3.770867420594358199e-01 5.685536977067893183e-01 1.150361973209182986e-01 1.675126177943072336e-01 6.373725416910759334e-01 2.381273991374036614e-01 9.739663327702351159e-02 6.818468430097330835e-01 2.820068737760104693e-01 5.105286292787073466e-01 3.658070956570196874e-01 5.821208899323987440e-01 9.796861239863355331e-02 3.372787103345034065e-01 2.254952719927318661e-01 4.907816112346358173e-01 2.017331820875356563e-01 2.716914040983449685e-01 5.602431383967493295e-01 3.296159439543381864e-01 3.588500709155866275e-01 5.712828919928077953e-01 4.137634127941529627e-01 8.762182052871263227e-02 2.118977475239688935e-01 4.280202876779242160e-01 2.107051528024842801e-01 5.916685767862017720e-01 5.082801533775395120e-01 3.728050848744104973e-01 4.454812535157688935e-01 3.462715346659969162e-01 5.655848654763454553e-01 2.361136523910643270e-01 8.658193450919721146e-02 1.070778720178417603e-01 4.491764752920087145e-01 6.017058618045431073e-01 3.415962903792170713e-01 5.082151725660878361e-01 5.605688101275918545e-01 1.688002480194068788e-01 4.368503580944398390e-01 6.202795782235482891e-01 6.343324979217028758e-01 4.874886989694393047e-01 4.187602376547188698e-01 4.291199627807633088e-01 1.688850372960843393e-01 4.180223721862734165e-01 1.352656343412707018e-01 6.561640800004509000e-01 2.756814072846029418e-01 1.922263590009024303e-01 2.791116811170324397e-01 2.728808610157719139e-01 5.622501617875311775e-01 2.002647321199473862e-01 5.008459694873702572e-01 6.825632456771785206e-02 3.588414167784812481e-01
3.090265247613370181e-01 8.165067577690046097e-01 7.850464306897841915e-01 7.029707282345859509e-01 3.017722517614728761e-01 4.518566378824312446e-01 5.095087386183995148e-01 4.301426085430908319e-01 0.000000000000000000e+00 5.338820279614793218e-01 2.507077726727680034e-01 2.296667462237190482e-01 2.281786690899600123e-01 3.517057719166543639e-01 6.238502893894238843e-01 4.981644629209504016e-01 2.957861745852228830e-01 4.058591778387357074e-01 1.834299669693307544e-01 3.101682395987901408e-01 1.665038082896249660e-01 6.382420817059626383e-01 1.512839253479078827e-01 3.065382577148132448e-01 4.008215109346248695e-01 1.519400721414357613e-01 3.218967105604179091e-01 5.251019126197782327e-01 6.002722596748145678e-01 3.905389216610336556e-01 2.390553728463573058e-01 1.375268812867975476e-01 3.441742859920227104e-01 2.509652883347492924e-01 3.004386733698817258e-01 2.807878223647349292e-01 2.876937465057694543e-01 7.167042852615141957e-01 4.039868083659535758e-01 2.132811357761267568e-01 2.014215915267369150e-01 4.166259993922111771e-01 4.785806821883563655e-01 3.036393744776872405e-01 2.101506224462950101e-01 5.275392418201143574e-01 3.365007222107787022e-01 6.319812796204499206e-01 2.422007456767343303e-01 7.181827485525503763e-01 4.378232583148219947e-01 4.917782167160781870e-01 9.286389820858738375e-02 5.964318528151368870e-01 2.819639106783428661e-01 3.735047332629516936e-01 2.593972322012256249e-01 3.836817529686469830e-01 1.900527080172629557e-01 2.382160241653215049e-01 1.824378549788940040e-01 1.353303329499404573e-01 4.401986080797787859e-01 3.073922920559181704e-01 8.411044110563402343e-02 4.886933838515076234e-01 2.731504138220362532e-01 8.252166981018418945e-02 7.303244136760670413e-01 1.589894206883941674e-01 2.643819981823238296e-01 4.082121387162510606e-01 5.847337422251541739e-01 4.888524073000210524e-01 3.581380702354525214e-01 2.918037485319142088e-01 4.722160258127218180e-01 6.902163802133067794e-01 9.610181001487372310e-02 2.268356429142030783e-01 5.412782932292610205e-01 2.569653717304507534e-01 2.681400808698231608e-01 2.362261669884680448e-01 2.960457105045427029e-01 2.998837312516187681e-01 7.220042729220567390e-02 5.654482986621278684e-01 1.796764722589580254e-01 5.654082428843616448e-01 3.253401515691880519e-01 1.603658747016504793e-01 4.510766147757684363e-01 3.295820531048841984e-01 6.607082521893461458e-01 3.712445265666676208e-01 2.689624082920088477e-01 3.058896285096880940e-01 3.836594953828538213e-01 7.174674094530903989e-01
2.579947926688691551e-01 5.234565436903638735e-01 2.738846969729101244e-01 4.412019429159787509e-01 6.872259025161713275e-01 6.215586010799282191e-01 6.047764484424815734e-01 2.464330332229685561e-01 5.338820279614793218e-01 0.000000000000000000e+00 4.930903369609675457e-01 4.691406307578632195e-01 4.199289176553874237e-01 4.425329937452701090e-01 3.228964839571676348e-01 2.569944600915842203e-01 6.195142152637586053e-01 2.383707322809394402e-01 4.316590884562657160e-01 2.642360144001550948e-01 6.393302870623008838e-01 1.559270259226060995e-01 3.843074161938209166e-01 3.911594087767071293e-01 1.392113082956739911e-01 5.448595075451686531e-01 4.915986737579148835e-01 1.300585862892063016e-01 3.375136987846179548e-01 4.847214298705515012e-01 3.880896445634555159e-01 5.084911948330649301e-01 6.218105765628459958e-01 6.181426194895650594e-01 3.574512260088277271e-01 5.820591230277926131e-01 3.433420021691842017e-01 4.208944404168444842e-01 1.802658012156845846e-01 3.970394276737098660e-01 6.076978481594645931e-01 2.289313562328368912e-01 1.073474649313898577e-01 6.338740029548312060e-01 3.839455232070674850e-01 2.219237996687577763e-01 6.385653587882100801e-01 3.746869452364089415e-01 4.862810756282456293e-01 2.023223157363108204e-01 5.336915281489184038e-01 2.449990162893241896e-01 4.848716090201322659e-01 9.270727578082620102e-02 4.423522494511555325e-01 1.813359460579373472e-01 2.745643052717853250e-01 5.725723748341517982e-01 4.437874396966750568e-01 3.370756590580043510e-01 5.547334675215874755e-01 4.730428912197255920e-01 2.161610140597889640e-01 3.374322721486094911e-01 4.908014704569412245e-01 8.323592802155679871e-02 5.483870925646787686e-01 5.907283494603766671e-01 2.394253213265232771e-01 4.270794366154027077e-01 3.148368730715870312e-01 5.779141019137479240e-01 7.837837123614679880e-02 1.749013526748317560e-01 2.821569753342206277e-01 4.615057117294111833e-01 5.532765000210627671e-01 1.743559473970671125e-01 5.760573526282251056e-01 5.682786525784631060e-01 3.257371259692548038e-01 4.491795945318423633e-01 6.438687279712533851e-01 6.785056886165330425e-01 5.074413845837134618e-01 3.703308758712385851e-01 5.077313448694018572e-01 2.814632742015534261e-01 4.451822461886125182e-01 2.780106473138906353e-01 6.293919071696228995e-01 4.358175561258839092e-01 1.504543785668312206e-01 2.621825145405867197e-01 3.939226852045085714e-01 5.138208000040508372e-01 3.215973337065740068e-01 4.538649632487732344e-01 2.796808502174790156e-01 2.066019953327414838e-01
2.472043281157690064e-01 8.299373416454823849e-01 7.552703100489788213e-01 7.392502763114237041e-01 2.311810506452617875e-01 4.517291068895814554e-01 3.383369513568103559e-01 5.198458306586045685e-01 2.507077726727680034e-01 4.930903369609675457e-01 0.000000000000000000e+00 2.613429426902382779e-01 3.451855231522595879e-01 1.964055616542292881e-01 6.293772819122860351e-01 5.291845974827225074e-01 1.793727133111796546e-01 3.535241665659907273e-01 1.971147444662396664e-01 3.961568798434175753e-01 1.756008378625092958e-01 6.274344426966258492e-01 3.320480237728316575e-01 1.573835481458452090e-01 3.754365988416548117e-01 1.772752820199696988e-01 3.235229249221946990e-01 4.432803380181706276e-01 6.455872377942810658e-01 2.193671343994445522e-01 1.392702010357377007e-01 1.243268925673905734e-01 1.716631867519895771e-01 1.484330426144654103e-01 4.355815638849480087e-01 1.553266991181226353e-01 2.384974289765058597e-01 7.273752383719631620e-01 3.221652337643458042e-01 2.870708742888796183e-01 1.895723962399458451e-01 4.857090768454155327e-01 4.748324487892466306e-01 2.151861662257432695e-01 3.908137870422573323e-01 5.284045976238763709e-01 1.754061972111730650e-01 6.682608276972875627e-01 1.279880625065385469e-01 6.825940141037122322e-01 2.702962725581192771e-01 5.530725552989874672e-01 2.977221013143574457e-01 5.491390352192386803e-01 1.040853815520850906e-01 3.835602244660895610e-01 3.041436197148982279e-01 3.872153294875914087e-01 2.735895644152677164e-01 2.300097094426844513e-01 8.964263963241259070e-02 2.532790267289863340e-01 4.359901811596918475e-01 3.241571048688585144e-01 1.878345702302283704e-01 4.119016929102969349e-01 8.760275304359159410e-02 2.080074316334287465e-01 7.128098785138939908e-01 1.172609559032811999e-01 1.825604235807161135e-01 4.093090813383964410e-01 5.656879495733057039e-01 4.998835511605303483e-01 4.721631252475267937e-01 2.761486663828507937e-01 3.010442385511327146e-01 6.656558255968563209e-01 1.645503212795006442e-01 1.495908158493750584e-01 5.922863591601730260e-01 1.983491858265872820e-01 2.257432760517344983e-01 2.206421400146794942e-01 3.271235690133785234e-01 1.771663072385754045e-01 2.492112755595700391e-01 5.872774321504012907e-01 3.105105579647302605e-01 5.885586760924647054e-01 1.888434577810701731e-01 3.652240778074204997e-01 3.692550401741607757e-01 2.477604785032764545e-01 6.968004722808245344e-01 2.047635420726043043e-01 4.007286898423447763e-01 9.730517218602126317e-02 4.515895060908867720e-01 6.799865525201123084e-01
2.435928892140913071e-01 8.032624905317221620e-01 7.203050334861680337e-01 6.644533879046696789e-01 3.094598288883806947e-01 2.303154287872229700e-01 4.378818572726296821e-01 4.568113943204607508e-01 2.296667462237190482e-01 4.691406307578632195e-01 2.613429426902382779e-01 0.000000000000000000e+00 3.455403250915936031e-01 2.889525960220260536e-01 6.033065413922750198e-01 4.547390202168222206e-01 2.572537534907901602e-01 4.184328943956963642e-01 3.520998584294966482e-01 2.869114963360268056e-01 2.696048442028235459e-01 5.735006845023464805e-01 1.611341471653285617e-01 1.494174082427201788e-01 3.354459404041261195e-01 1.336141946005436343e-01 1.444427568042759291e-01 4.758219384115105477e-01 5.720075964960068537e-01 3.111983266774657197e-01 2.975043174024568637e-01 3.477492393723829456e-01 2.907472544673474490e-01 2.951181216457593459e-01 3.622455061973842150e-01 2.366804162229060871e-01 3.447012399503447955e-01 7.044349968370976489e-01 3.510235733209420839e-01 1.121615085592635175e-01 2.194960415167682144e-01 3.959940010556248224e-01 4.138392849847403188e-01 2.697772224198720092e-01 2.504225713840185219e-01 5.054643560890108578e-01 3.153130071932349621e-01 5.934639392905335376e-01 1.390934679713052013e-01 6.534413513489345515e-01 3.707022208438946476e-01 4.794929140007129775e-01 2.490098604174739438e-01 5.316904556115207292e-01 2.473813961738305367e-01 3.087633360593355913e-01 2.002883612539023139e-01 1.540150067449279070e-01 3.510410052970286410e-01 1.604823087803756154e-01 2.853837051697343807e-01 9.524941463036953881e-02 4.884147238400365354e-01 4.111017667020577249e-01 3.020411904836032280e-01 4.239519866478915211e-01 2.241359237400941118e-01 2.237814877024285609e-01 6.655830164724512166e-01 3.469847160036949596e-01 2.616973304432199110e-01 2.128991306017190277e-01 5.199923450215380161e-01 4.319625593167119026e-01 3.629177417401359684e-01 7.794927997875787662e-02 3.840699735797390435e-01 6.254749830096906216e-01 2.845448133330706342e-01 1.936013517824206887e-01 5.174894707534191118e-01 7.227880975428407906e-02 2.661026543434627523e-01 2.860419193298794349e-01 7.445332879645052970e-02 2.229422921839286642e-01 1.667581106787676404e-01 5.136977908521268565e-01 6.798920833809800335e-02 5.551034662168238265e-01 2.868077304747552736e-01 2.435217731750313752e-01 4.035940752394184261e-01 3.107664360099706702e-01 6.223548950149243586e-01 3.331745770285830521e-01 2.791613532138924603e-01 1.809212953683931591e-01 4.373303562451946735e-01 6.527260122494743522e-01
2.305076826981772575e-01 6.177862833123524133e-01 6.335631084206810870e-01 5.740441763182227985e-01 4.931195352581250746e-01 5.074855885044582404e-01 5.485446147669325034e-01 2.394912546279529264e-01 2.281786690899600123e-01 4.199289176553874237e-01 3.451855231522595879e-01 3.455403250915936031e-01 0.000000000000000000e+00 3.758935243158143535e-01 4.197130767436392240e-01 3.991973558785752441e-01 4.723742852934104675e-01 1.828214083141163071e-01 1.710660096704378630e-01 2.220313323130986005e-01 3.654990869966142641e-01 4.883691626738703162e-01 1.948939050884110902e-01 3.464897596060662055e-01 3.497652713389872159e-01 3.155829536440019067e-01 3.775256611824449049e-01 3.091205821877109905e-01 4.418704797542506446e-01 4.284895961950022092e-01 2.642164214222892382e-01 2.761267836270604459e-01 5.044564508298509109e-01 4.293453001377038336e-01 1.222707001773944702e-01 4.573759330729224581e-01 1.066880941757537143e-01 5.177110332033161288e-01 2.668109577006788635e-01 2.740411313140793670e-01 3.929991177801875346e-01 3.075535822245470952e-01 3.889157077501784743e-01 4.806022571930736453e-01 9.767689082425845548e-02 3.135713299768654316e-01 5.003293104319699314e-01 5.064440778762513418e-01 4.002993739987291133e-01 5.626494963914663305e-01 4.707559417542500069e-01 3.307954082791902950e-01 1.441652890050800495e-01 4.159886375051027874e-01 3.220415346773446430e-01 3.156603869826883346e-01 2.255103536193225344e-01 4.584993622586818751e-01 9.562335490417758765e-02 2.649325096573426630e-01 3.526754949402513550e-01 2.692698219886758837e-01 2.214219586690121533e-01 8.430498281862355836e-02 1.942869369296646997e-01 3.433744869422220569e-01 4.203960171214529695e-01 3.044770582351691846e-01 5.753268117642020840e-01 2.493675342538415052e-01 1.898918512131123337e-01 4.638410893382780564e-01 4.523326266897773063e-01 3.194087303897539254e-01 2.099842990620877092e-01 3.474326991539412601e-01 4.970446663455134750e-01 5.541586602829481345e-01 2.744818218178282643e-01 4.037985256295894554e-01 3.944709724049463295e-01 3.353289977469888217e-01 4.529299180374415368e-01 4.447900177424237711e-01 3.844430882240828518e-01 3.140990421956892931e-01 2.491633100075919816e-01 4.017118331766410533e-01 2.914430687823203470e-01 3.691242430626057724e-01 5.019282622773756364e-01 1.020185519165621724e-01 2.801448822917027015e-01 1.810174373667947367e-01 5.057076568963285723e-01 4.041772100060956330e-01 1.555315107949986342e-01 3.975188381519403347e-01 1.752116008967781746e-01 5.563974398101031449e-01
1.945860164131799908e-01 7.979137738028539983e-01 7.077087750518752385e-01 6.671353629193650381e-01 4.249916887542187771e-01 4.496417918387020096e-01 2.008579028224167229e-01 4.909623555287505048e-01 3.517057719166543639e-01 4.425329937452701090e-01 1.964055616542292881e-01 2.889525960220260536e-01 3.758935243158143535e-01 0.000000000000000000e+00 5.979578246634067451e-01 4.570696840906638414e-01 3.624938195712328337e-01 3.615644481055942938e-01 2.383143664150327301e-01 3.210624575443166151e-01 3.720063995167385840e-01 5.623789349147941818e-01 2.460553487860983879e-01 1.612913616278589535e-01 3.033216854495960901e-01 3.383409584955560101e-01 3.196818645166886741e-01 4.286125002825171282e-01 5.734723244022225108e-01 1.269935289792658850e-01 1.253167991284466765e-01 2.633833864319045093e-01 3.606070189468529308e-01 3.448386042686946151e-01 4.019752666451583134e-01 3.306204732546640934e-01 2.692054301400606531e-01 6.990862801082295963e-01 3.020167005200308230e-01 2.404773486724376130e-01 3.580948286652276269e-01 4.135941634533568667e-01 4.027175353971879646e-01 3.842709834605940178e-01 3.048211120555240905e-01 5.001156393601428052e-01 3.692168353201301101e-01 5.961459143052288967e-01 2.416787060330950476e-01 6.386509287339752206e-01 1.216950494402319199e-01 4.809576419069287456e-01 3.507436080990279925e-01 5.225468717283430209e-01 9.232018010214419756e-02 3.114453110740308950e-01 2.238275293596737880e-01 3.979414579552030262e-01 3.114916866756626268e-01 1.440170344559511817e-01 2.860482012866418788e-01 3.209460843728589308e-01 4.394078510391252190e-01 3.510946799384437877e-01 2.679758669710982089e-01 3.868860373462114088e-01 2.814133911525484866e-01 4.044129932876580069e-01 6.544612668848985848e-01 1.927163512282601965e-01 1.950630512503635783e-01 4.059972926725218256e-01 5.052019224065790182e-01 4.277686377684716268e-01 3.970687029484257780e-01 2.868747948504624112e-01 1.763498237264050084e-01 6.106845603947316237e-01 3.361654365405217781e-01 3.186756330842258067e-01 5.201714457681143600e-01 2.543044381640326979e-01 3.942657084770162523e-01 4.170477016689087546e-01 3.409206331450114758e-01 7.220211787403152393e-02 3.556345380225351960e-01 5.151625187583425136e-01 2.886201671873401819e-01 5.497547494879557739e-01 3.719645640411232135e-01 3.251772306663788248e-01 3.545872024385072763e-01 2.538979897198685443e-01 6.246855588887658683e-01 8.170734681969438196e-02 3.188911136616665587e-01 1.781488845338903559e-01 4.647119943670744435e-01 6.416042626619219424e-01
4.201234277634525727e-01 2.016507525562461489e-01 5.096019951207556575e-01 4.716235598748831359e-01 8.273640671003450464e-01 7.557245117143399638e-01 7.602012793606183205e-01 1.937076808463329691e-01 6.238502893894238843e-01 3.228964839571676348e-01 6.293772819122860351e-01 6.033065413922750198e-01 4.197130767436392240e-01 5.979578246634067451e-01 0.000000000000000000e+00 2.910656762065910730e-01 7.676550518032965176e-01 2.876963103490109974e-01 5.116395898259479269e-01 3.560796583611318122e-01 7.756172320136192067e-01 3.605034421706793113e-01 5.028927083763745642e-01 5.465842396948440429e-01 3.103853510219246603e-01 6.635264522134096676e-01 6.257645843923266282e-01 2.077305020891704046e-01 3.489483904120378455e-01 6.401462607886883038e-01 5.360554959052714619e-01 6.394668187155293504e-01 7.772354074809827429e-01 7.637679533102281759e-01 3.234116160195420475e-01 7.315154211729958389e-01 4.104298781375230742e-01 1.086589430462739370e-01 3.284822779317806418e-01 5.312053383081215552e-01 7.474856290350008203e-01 2.819850413323647942e-01 2.472933070606805617e-01 7.812106620702991000e-01 4.318350799837366583e-01 1.084630076207377947e-01 7.939901897063468272e-01 4.051085621953133264e-01 6.336177347437135232e-01 4.455877849233930155e-01 6.891163590670550398e-01 2.389374083364947665e-01 5.309863911808363479e-01 3.016514100030622259e-01 5.977770803692923351e-01 2.945432053329393729e-01 4.087302159061972362e-01 7.067382854685634319e-01 4.755544409001498107e-01 4.734067093531362236e-01 6.910204124729061315e-01 5.999600074011834927e-01 2.062053164034871044e-01 3.543859591920917040e-01 5.997916754311216625e-01 2.872956593265785785e-01 7.038119234828155157e-01 7.019878342238724533e-01 4.525857741407838253e-01 5.633663815667212527e-01 4.468168583315700326e-01 7.120800125481598908e-01 3.158943416574376828e-01 1.813433126603119228e-01 2.970421742174836344e-01 5.956716223638228724e-01 7.087013309391996252e-01 4.213769796455903993e-01 6.920204497495645590e-01 7.098196461968746540e-01 3.196755180164253529e-01 5.833455051662542745e-01 7.840068925554268819e-01 8.182934694920691587e-01 6.416072952181250955e-01 5.257557067893752212e-01 6.228276436270961947e-01 2.943878897389169413e-01 5.793481568230244294e-01 7.079358641601848912e-02 7.848167380877597576e-01 4.693890881309359386e-01 2.830961996901579236e-01 3.818486013254712153e-01 4.089246958742036031e-01 6.692456309221874733e-01 3.864613267269779717e-01 6.092897941669100925e-01 2.530102603846876574e-01 4.386221060448545761e-01
2.876644281227092037e-01 4.887701072990292550e-01 4.428580197021532716e-01 2.104695769393656879e-01 6.787965459248923583e-01 6.071569905388872757e-01 6.193131387878754168e-01 1.829182816872717832e-01 4.981644629209504016e-01 2.569944600915842203e-01 5.291845974827225074e-01 4.547390202168222206e-01 3.991973558785752441e-01 4.570696840906638414e-01 2.910656762065910730e-01 0.000000000000000000e+00 6.199715888246583040e-01 2.949204160774729910e-01 4.682027477008355865e-01 1.907167687804439404e-01 6.392397951744329676e-01 2.937594667520769809e-01 3.488197056723158496e-01 4.056960991221008062e-01 1.757261703989971002e-01 5.153564208321894657e-01 4.771970632168738291e-01 1.701812854386137719e-01 1.292526892553703399e-01 4.992581202159451781e-01 4.175702006754635209e-01 5.445854553548198362e-01 6.363472669082398392e-01 6.326793098349590139e-01 2.878072547091894418e-01 5.895280573734222873e-01 4.107537787368975568e-01 3.891354792189166689e-01 2.638945917723889423e-01 3.826378171326688671e-01 5.989181078595483543e-01 9.898400140619165177e-02 1.526535576360169566e-01 6.335271990916607754e-01 3.166961624665260433e-01 1.932234909033266890e-01 6.531020491336038125e-01 1.394595651483371834e-01 4.916303709441401937e-01 3.798125361735612548e-01 5.482282184943121361e-01 9.357325952213568776e-02 4.458222873236961648e-01 2.421575616545952325e-01 4.568889397965492094e-01 1.459756841574865738e-01 2.601626947307443816e-01 5.581707642931107438e-01 4.861825061874938125e-01 3.314193455535627830e-01 5.908277280433424927e-01 4.458870046971250001e-01 2.276404741085723549e-01 3.758211168971768990e-01 5.268957309786961307e-01 2.146224026470909263e-01 5.629237829100725010e-01 5.610146556107574733e-01 3.858417987221813839e-01 4.631736971371576139e-01 3.669136521344198432e-01 5.635124913727069806e-01 2.466750792596799913e-01 1.097223635462791086e-01 1.965532845686509822e-01 4.471041011883701843e-01 5.678131903664564994e-01 3.521577172478326245e-01 5.942662729358240137e-01 5.612521250214222990e-01 7.304551998258343448e-02 4.347779839908013644e-01 6.354393713799744159e-01 6.697259483166166927e-01 4.930397740426724074e-01 3.848675662166322065e-01 4.780176510197826079e-01 6.861442662564055939e-02 4.307806356475715193e-01 2.389672192212624335e-01 6.431051594699250806e-01 3.857592784413532150e-01 2.508151612614291648e-01 3.307113955486945533e-01 1.676158747981022212e-01 5.283574903494445696e-01 2.436658450835764989e-01 4.684016535941668558e-01 2.511746062549896630e-01 3.728468572950228710e-01
