0.000000000000000000e+00 2.126155924097010086e+01 1.469673320906214542e+01 1.432091933548791829e+01 1.327340587792169124e+01 8.032994108413403112e+00 7.867450874218176793e+00 1.876284848869300248e+01 7.425061089049677321e+00 1.639219510641426680e+01 8.412780854916450224e+00 1.588081895897430407e+01 1.343678630611125335e+01 1.673843306419615828e+01 8.855050280925212292e+00 1.221463839430677645e+01 5.085210883224036138e+00 4.408724211428197925e+00 1.718654299152710863e+01 1.017452041474895630e+01 1.076458475682235516e+01 1.921189911355154933e+01 1.064131751519421876e+01 4.397511055690568327e+00 1.812042429977673308e+01
2.126155924097010086e+01 0.000000000000000000e+00 1.476454026183689905e+01 1.441089713121773386e+01 1.105025285283786296e+01 1.759910847850177618e+01 1.887495762244681785e+01 7.661008937650561457e+00 1.410579562677966159e+01 7.228328422501875572e+00 1.288310831415644664e+01 5.495945373254435218e+00 1.037664418402162880e+01 5.373895240075236224e+00 1.465036787511616012e+01 9.584581888883032974e+00 1.757560325464394424e+01 1.725185980681321496e+01 1.153873826449945739e+01 1.485818514771972154e+01 1.415734481096517605e+01 3.888280832855510294e+00 1.764070877112027347e+01 1.898299812610989079e+01 3.682176033605247589e+00
1.469673320906214542e+01 1.476454026183689905e+01 0.000000000000000000e+00 2.087898642929692983e+01 1.152981547858450817e+01 7.855268682607414732e+00 1.920465368586089028e+01 7.695372265155980607e+00 1.332964680192234574e+01 1.922481573843863600e+01 7.474192529319961587e+00 9.861405231697935037e+00 5.795434733342061939e+00 1.464163678929088164e+01 1.163578736445015238e+01 1.508029911223672492e+01 1.485673947977722165e+01 1.033156942742683349e+01 4.645471202816142231e+00 1.699611856294581358e+01 4.028612261255066329e+00 1.104682995210106711e+01 1.986040689429216854e+01 1.111464145708816886e+01 1.728783533371543157e+01
1.432091933548791829e+01 1.441089713121773386e+01 2.087898642929692983e+01 0.000000000000000000e+00 1.104861321628281523e+01 1.761708831570756217e+01 7.678992424286604113e+00 1.937610559657221643e+01 7.791612765961049902e+00 7.231934039881740439e+00 1.374754775800793993e+01 1.554150954735564305e+01 1.547551196218388192e+01 1.051759506516249942e+01 1.020904515414524738e+01 6.277618299943140023e+00 9.326867734166867763e+00 1.291421200975584860e+01 1.949645026523148772e+01 4.216548382525838079e+00 1.697545167913976982e+01 1.735088922883650753e+01 3.879131462786412854e+00 1.635072550008448999e+01 1.081862726540000708e+01
1.327340587792169124e+01 1.105025285283786296e+01 1.152981547858450817e+01 1.104861321628281523e+01 0.000000000000000000e+00 1.231645857176831171e+01 1.459866480947164114e+01 8.880123435002408527e+00 7.602755896833809146e+00 8.609857525459670313e+00 6.324678246357634315e+00 5.669512570842059063e+00 5.836731670628538815e+00 8.174767888364018020e+00 4.808749433064137158e+00 4.873492177470249764e+00 1.209247230206744739e+01 9.870732546486163272e+00 9.411618476232108677e+00 1.053286098672202975e+01 9.497033735788964037e+00 9.329174059860946500e+00 1.400932078732839692e+01 1.279320556723324920e+01 9.556759123944596368e+00
8.032994108413403112e+00 1.759910847850177618e+01 7.855268682607414732e+00 1.761708831570756217e+01 1.231645857176831171e+01 0.000000000000000000e+00 1.445258201367376394e+01 1.262913043285660208e+01 1.013413013590057865e+01 1.939082600403431655e+01 6.406231557047283864e+00 1.257442742654096435e+01 7.302131207815754088e+00 1.735465898413391272e+01 1.097968652563449510e+01 1.489878715067686699e+01 1.026104597003879171e+01 4.831891261700835827e+00 1.099451141342930960e+01 1.360312819348513536e+01 4.095927529241586207e+00 1.388453042030591433e+01 1.629660557845380708e+01 3.904009974848669628e+00 2.010148178396846674e+01
7.867450874218176793e+00 1.887495762244681785e+01 1.920465368586089028e+01 7.678992424286604113e+00 1.459866480947164114e+01 1.445258201367376394e+01 0.000000000000000000e+00 2.307811443448440514e+01 7.457085411908832562e+00 1.169733739599541522e+01 1.282869599202388144e+01 1.991432443638045768e+01 1.785270144321868813e+01 1.489040995418729096e+01 1.187284193046917835e+01 1.048546596913696938e+01 4.491326606769561636e+00 9.801481738766844032e+00 2.160245812863454162e+01 4.074861392736000454e+00 1.527250523362110179e+01 2.181494972006560218e+01 3.905644240588177496e+00 1.211077562920913309e+01 1.528268775662909107e+01
1.876284848869300248e+01 7.661008937650561457e+00 7.695372265155980607e+00 1.937610559657221643e+01 8.880123435002408527e+00 1.262913043285660208e+01 2.307811443448440514e+01 0.000000000000000000e+00 1.608220552184656071e+01 1.270697387353523489e+01 1.038439756187934471e+01 5.651505697049650223e+00 5.355962835374516118e+00 9.737678290916766954e+00 1.305101745484475018e+01 1.344552418223824120e+01 1.885441074625818914e+01 1.472454161172887410e+01 4.358383381785674970e+00 1.901231061173478665e+01 8.557256277579687875e+00 3.897525922379913688e+00 2.248877041234114316e+01 1.553926382993402378e+01 1.048899255987210566e+01
7.425061089049677321e+00 1.410579562677966159e+01 1.332964680192234574e+01 7.791612765961049902e+00 7.602755896833809146e+00 1.013413013590057865e+01 7.457085411908832562e+00 1.608220552184656071e+01 0.000000000000000000e+00 9.442960265917596629e+00 6.437051675553458807e+00 1.297394753060039108e+01 1.148993054400864722e+01 9.360897059979226498e+00 4.788735134159296969e+00 4.837102390089853543e+00 4.572938382695686421e+00 5.432656501504572688e+00 1.528365216501483026e+01 4.127873165736271055e+00 9.333842229335525431e+00 1.653125614670509691e+01 7.511174367523839379e+00 9.095230110361328002e+00 1.074288829555980129e+01
1.639219510641426680e+01 7.228328422501875572e+00 1.922481573843863600e+01 7.231934039881740439e+00 8.609857525459670313e+00 1.939082600403431655e+01 1.169733739599541522e+01 1.270697387353523489e+01 9.442960265917596629e+00 0.000000000000000000e+00 1.396733769747904752e+01 9.367925725401830661e+00 1.409312705127860355e+01 5.193081116597036306e+00 1.006101308801155803e+01 4.681547209370319429e+00 1.134371380680470587e+01 1.468794969808260475e+01 1.610312967265415907e+01 7.681406606548784488e+00 1.713969318691037813e+01 1.016832052012064658e+01 1.046174567978427916e+01 1.835052330693933698e+01 3.636058556684151455e+00
8.412780854916450224e+00 1.288310831415644664e+01 7.474192529319961587e+00 1.374754775800793993e+01 6.324678246357634315e+00 6.406231557047283864e+00 1.282869599202388144e+01 1.038439756187934471e+01 6.437051675553458807e+00 1.396733769747904752e+01 0.000000000000000000e+00 7.502368032160633859e+00 5.235638760105265632e+00 1.228259958975357691e+01 5.025282862508269055e+00 9.473885176085586224e+00 8.508920921406641469e+00 4.403081420759559883e+00 8.990525473611342022e+00 1.015678294591889497e+01 3.963807764746459572e+00 1.083344818673787913e+01 1.347578488770756167e+01 6.546444014386548105e+00 1.509364554418315585e+01
1.588081895897430407e+01 5.495945373254435218e+00 9.861405231697935037e+00 1.554150954735564305e+01 5.669512570842059063e+00 1.257442742654096435e+01 1.991432443638045768e+01 5.651505697049650223e+00 1.297394753060039108e+01 9.367925725401830661e+00 7.502368032160633859e+00 0.000000000000000000e+00 5.353000796129391503e+00 5.023914482193144515e+00 1.014928779200056042e+01 9.863597804275739733e+00 1.597238121653947296e+01 1.187111952481741461e+01 6.825154175230442988e+00 1.587912851968916073e+01 9.151575399922810661e+00 5.870465498210337252e+00 1.877131486702418783e+01 1.373243780350708576e+01 7.654902309417423112e+00
1.343678630611125335e+01 1.037664418402162880e+01 5.795434733342061939e+00 1.547551196218388192e+01 5.836731670628538815e+00 7.302131207815754088e+00 1.785270144321868813e+01 5.355962835374516118e+00 1.148993054400864722e+01 1.409312705127860355e+01 5.235638760105265632e+00 5.353000796129391503e+00 0.000000000000000000e+00 1.013323235372233810e+01 8.047415799982344353e+00 9.648357341838568857e+00 1.353292637260145170e+01 9.368714824055631496e+00 4.114477320197412524e+00 1.472385877023255496e+01 4.010922155125335564e+00 6.662066125825763407e+00 1.820031857083892390e+01 1.019126433411048183e+01 1.287901748948830871e+01
1.673843306419615828e+01 5.373895240075236224e+00 1.464163678929088164e+01 1.051759506516249942e+01 8.174767888364018020e+00 1.735465898413391272e+01 1.489040995418729096e+01 9.737678290916766954e+00 9.360897059979226498e+00 5.193081116597036306e+00 1.228259958975357691e+01 5.023914482193144515e+00 1.013323235372233810e+01 0.000000000000000000e+00 9.905469308315721477e+00 4.839683322082598771e+00 1.329220304987675760e+01 1.473115667425833664e+01 1.160538573282338604e+01 1.085521403749601355e+01 1.393180695751576081e+01 8.041476257743260803e+00 1.374740038483104954e+01 1.839373028311507596e+01 5.043794390062221744e+00
8.855050280925212292e+00 1.465036787511616012e+01 1.163578736445015238e+01 1.020904515414524738e+01 4.808749433064137158e+00 1.097968652563449510e+01 1.187284193046917835e+01 1.305101745484475018e+01 4.788735134159296969e+00 1.006101308801155803e+01 5.025282862508269055e+00 1.014928779200056042e+01 8.047415799982344353e+00 9.905469308315721477e+00 0.000000000000000000e+00 5.381674638426347634e+00 8.725700491480445464e+00 6.436156130910394069e+00 1.184360590581417760e+01 7.805010768602585358e+00 8.646870491793674063e+00 1.350006807970328460e+01 1.135030380185803800e+01 1.011829330872607180e+01 1.128746054389629450e+01
1.221463839430677645e+01 9.584581888883032974e+00 1.508029911223672492e+01 6.277618299943140023e+00 4.873492177470249764e+00 1.489878715067686699e+01 1.048546596913696938e+01 1.344552418223824120e+01 4.837102390089853543e+00 4.681547209370319429e+00 9.473885176085586224e+00 9.863597804275739733e+00 9.648357341838568857e+00 4.839683322082598771e+00 5.381674638426347634e+00 0.000000000000000000e+00 8.641823303614037499e+00 1.020736200436895835e+01 1.358771012608134043e+01 6.441032539059158957e+00 1.264624066551691151e+01 1.245894756060474862e+01 9.491683279644453464e+00 1.386993561322571011e+01 6.052462469905865561e+00
5.085210883224036138e+00 1.757560325464394424e+01 1.485673947977722165e+01 9.326867734166867763e+00 1.209247230206744739e+01 1.026104597003879171e+01 4.491326606769561636e+00 1.885441074625818914e+01 4.572938382695686421e+00 1.134371380680470587e+01 8.508920921406641469e+00 1.597238121653947296e+01 1.353292637260145170e+01 1.329220304987675760e+01 8.725700491480445464e+00 8.641823303614037499e+00 0.000000000000000000e+00 5.520041896618033128e+00 1.728268305801729809e+01 5.115967019882655009e+00 1.092459102753743139e+01 1.930346137111672533e+01 6.517767994168312207e+00 8.255441405968079849e+00 1.398333338882622634e+01
4.408724211428197925e+00 1.725185980681321496e+01 1.033156942742683349e+01 1.291421200975584860e+01 9.870732546486163272e+00 4.831891261700835827e+00 9.801481738766844032e+00 1.472454161172887410e+01 5.432656501504572688e+00 1.468794969808260475e+01 4.403081420759559883e+00 1.187111952481741461e+01 9.368714824055631496e+00 1.473115667425833664e+01 6.436156130910394069e+00 1.020736200436895835e+01 5.520041896618033128e+00 0.000000000000000000e+00 1.311847150947148855e+01 8.821422515848075463e+00 6.399420975187049443e+00 1.520219967939465811e+01 1.151156236544571954e+01 3.705809652248057695e+00 1.611314790983891143e+01
1.718654299152710863e+01 1.153873826449945739e+01 4.645471202816142231e+00 1.949645026523148772e+01 9.411618476232108677e+00 1.099451141342930960e+01 2.160245812863454162e+01 4.358383381785674970e+00 1.528365216501483026e+01 1.610312967265415907e+01 8.990525473611342022e+00 6.825154175230442988e+00 4.114477320197412524e+00 1.160538573282338604e+01 1.184360590581417760e+01 1.358771012608134043e+01 1.728268305801729809e+01 1.311847150947148855e+01 0.000000000000000000e+00 1.878438891026920032e+01 6.898583884187722504e+00 7.821027954763619228e+00 2.224954702431820763e+01 1.392620353614550410e+01 1.407356596625760048e+01
1.017452041474895630e+01 1.485818514771972154e+01 1.699611856294581358e+01 4.216548382525838079e+00 1.053286098672202975e+01 1.360312819348513536e+01 4.074861392736000454e+00 1.901231061173478665e+01 4.127873165736271055e+00 7.681406606548784488e+00 1.015678294591889497e+01 1.587912851968916073e+01 1.472385877023255496e+01 1.085521403749601355e+01 7.805010768602585358e+00 6.441032539059158957e+00 5.115967019882655009e+00 8.821422515848075463e+00 1.878438891026920032e+01 0.000000000000000000e+00 1.306397011070603398e+01 1.779817724533848988e+01 3.715673988471509759e+00 1.214009657703970824e+01 1.126591528190199298e+01
1.076458475682235516e+01 1.415734481096517605e+01 4.028612261255066329e+00 1.697545167913976982e+01 9.497033735788964037e+00 4.095927529241586207e+00 1.527250523362110179e+01 8.557256277579687875e+00 9.333842229335525431e+00 1.713969318691037813e+01 3.963807764746459572e+00 9.151575399922810661e+00 4.010922155125335564e+00 1.393180695751576081e+01 8.646870491793674063e+00 1.264624066551691151e+01 1.092459102753743139e+01 6.399420975187049443e+00 6.898583884187722504e+00 1.306397011070603398e+01 0.000000000000000000e+00 1.044276675276931066e+01 1.592825844205237118e+01 7.182493004848380380e+00 1.666247283993628869e+01
1.921189911355154933e+01 3.888280832855510294e+00 1.104682995210106711e+01 1.735088922883650753e+01 9.329174059860946500e+00 1.388453042030591433e+01 2.181494972006560218e+01 3.897525922379913688e+00 1.653125614670509691e+01 1.016832052012064658e+01 1.083344818673787913e+01 5.870465498210337252e+00 6.662066125825763407e+00 8.041476257743260803e+00 1.350006807970328460e+01 1.245894756060474862e+01 1.930346137111672533e+01 1.520219967939465811e+01 7.821027954763619228e+00 1.779817724533848988e+01 1.044276675276931066e+01 0.000000000000000000e+00 2.058070086873904003e+01 1.620214300979324662e+01 7.095807378371939755e+00
1.064131751519421876e+01 1.764070877112027347e+01 1.986040689429216854e+01 3.879131462786412854e+00 1.400932078732839692e+01 1.629660557845380708e+01 3.905644240588177496e+00 2.248877041234114316e+01 7.511174367523839379e+00 1.046174567978427916e+01 1.347578488770756167e+01 1.877131486702418783e+01 1.820031857083892390e+01 1.374740038483104954e+01 1.135030380185803800e+01 9.491683279644453464e+00 6.517767994168312207e+00 1.151156236544571954e+01 2.224954702431820763e+01 3.715673988471509759e+00 1.592825844205237118e+01 2.058070086873904003e+01 0.000000000000000000e+00 1.459448570519764310e+01 1.404843890530254491e+01
4.397511055690568327e+00 1.898299812610989079e+01 1.111464145708816886e+01 1.635072550008448999e+01 1.279320556723324920e+01 3.904009974848669628e+00 1.211077562920913309e+01 1.553926382993402378e+01 9.095230110361328002e+00 1.835052330693933698e+01 6.546444014386548105e+00 1.373243780350708576e+01 1.019126433411048183e+01 1.839373028311507596e+01 1.011829330872607180e+01 1.386993561322571011e+01 8.255441405968079849e+00 3.705809652248057695e+00 1.392620353614550410e+01 1.214009657703970824e+01 7.182493004848380380e+00 1.620214300979324662e+01 1.459448570519764310e+01 0.000000000000000000e+00 1.977572151869564365e+01
1.812042429977673308e+01 3.682176033605247589e+00 1.728783533371543157e+01 1.081862726540000708e+01 9.556759123944596368e+00 2.010148178396846674e+01 1.528268775662909107e+01 1.048899255987210566e+01 1.074288829555980129e+01 3.636058556684151455e+00 1.509364554418315585e+01 7.654902309417423112e+00 1.287901748948830871e+01 5.043794390062221744e+00 1.128746054389629450e+01 6.052462469905865561e+00 1.398333338882622634e+01 1.611314790983891143e+01 1.407356596625760048e+01 1.126591528190199298e+01 1.666247283993628869e+01 7.095807378371939755e+00 1.404843890530254491e+01 1.977572151869564365e+01 0.000000000000000000e+00
