0.000000000000000000e+00 1.825916603919623737e+00 1.179657156080434088e+00 1.515485795151574999e+00 9.891130686071131217e-01 1.153344862099822787e+00 9.073033500609324342e-01 1.160842641907545048e+00 1.580612643420866492e+00 7.739140593980470273e-01 7.005482171217343179e-01 9.523953001952025765e-01 5.691527113140719685e-01 1.356491127393657292e+00 6.193198661076029232e-01 1.394860610076127605e+00 8.524846231549582098e-01 4.585042705741694813e-01 7.515807234765591316e-01 7.738974578340079846e-01 6.791917068702553184e-01 1.266509679867814375e+00 1.071910661325093717e+00 8.561049913563474334e-01 1.463125081906105684e+00 1.323438019914646491e+00 9.408922195450064585e-01 1.109997314905774690e+00 8.983556821984861607e-01 1.575228061237506472e+00 6.544916809540944902e-01 1.211419548216667863e+00 8.104306458373469191e-01 7.233384140199030643e-01 7.084256639271691025e-01 4.923281220527186974e-01 3.803732398240697310e-01 1.368979603829194147e+00 5.577615267866726789e-01 8.819861343664788800e-01 6.062332430450446674e-01 9.573753780175991990e-01 1.069233610447111849e+00 1.362747630668560861e+00 1.176135609735390108e+00 9.269709625375793793e-01 2.204390289569909123e-01 1.119086465249147899e+00 1.433880478653494217e+00 1.195551832755946231e+00 7.465466455444461635e-01 8.827420189377959137e-01 6.167513265332789096e-01 1.021217708211273001e+00 1.491006603468610692e+00 9.848992800595005592e-01 7.876050053579739529e-01 9.756859736836942520e-01 8.222546878472752896e-01 1.346976466847761733e+00 1.302900527806514663e+00 4.160798197494569584e-01 5.707327972247427939e-01 7.456843653889529966e-01 1.428099586669619114e+00 1.292333663512269304e+00 7.186424448055336311e-01 1.472168814955088001e+00 1.335220661955622168e+00 7.888954644681307471e-01 5.055502153567735801e-01 1.051878024783808208e+00 4.111883292278309399e-01 5.248651655033029773e-01 1.443122867854967017e+00 7.286221089325084499e-01 7.334509460821821980e-01 1.042062231206477119e+00 9.547866491158809588e-01 8.346601395752113461e-01 1.012638942832798872e+00 5.399994231123197430e-01 9.090966013047344640e-01 1.033593153392595498e+00 8.466800780265567594e-01 3.688618170829206511e-01 1.145279218647950348e+00 1.198217909499741607e+00 1.249260231601708959e+00 7.298536754705009511e-01 1.200900188379161015e+00 9.896446461041278342e-01 6.667961196320995043e-01 1.351195040407575876e+00 8.318489561590068915e-01 1.693384712833077899e+00 7.808742964938459874e-01 1.244897008231302005e+00 1.454648282566389339e+00 9.321429621408899857e-01
1.825916603919623737e+00 0.000000000000000000e+00 1.416829487926590359e+00 1.000215489038202454e+00 1.655609184563913372e+00 1.467653306909609823e+00 1.607398323000461149e+00 8.501172514487352894e-01 9.417399417648354421e-01 2.050455122191838342e+00 1.826556450603643134e+00 8.904802083379096400e-01 1.431189608729483309e+00 5.312103943884600721e-01 1.429832517583363050e+00 6.110906830106489496e-01 1.113648745927338535e+00 1.744865257818398740e+00 1.101427772528174032e+00 1.444259512601165474e+00 1.451221358150900365e+00 6.929311465935412695e-01 8.332640031565263783e-01 1.197378310416234326e+00 5.524918661013208387e-01 7.101897886522382519e-01 1.224819470794769272e+00 8.972197576399534302e-01 1.143228612123873056e+00 2.818742694533260540e-01 1.508587270083290965e+00 6.722539649788576988e-01 1.385998554408069516e+00 1.481546188118107343e+00 1.330466342724090811e+00 1.530665542901923803e+00 1.516897137988850064e+00 6.510244822977513390e-01 1.813958019789575271e+00 1.121283601316763745e+00 1.223220646621410168e+00 1.058800715945083404e+00 9.025210304139392736e-01 4.720284349615774255e-01 7.854067902911693322e-01 9.913804558915608744e-01 1.619352712821431561e+00 8.216542758844944672e-01 7.529155896947798965e-01 7.604080596411807447e-01 1.455633544993590656e+00 1.536223168070852463e+00 1.532698032436111690e+00 8.337115460736493899e-01 4.735540315014007406e-01 1.293235448844023638e+00 1.042898458183602939e+00 9.889180193313097389e-01 1.493135648135827553e+00 8.354257373814240051e-01 6.993547325304010354e-01 1.502673651375326491e+00 1.364976932333170634e+00 1.269102297049806038e+00 8.226658408532233624e-01 7.096942055700576901e-01 1.510374413456045950e+00 4.279477505131503712e-01 6.645412891544073553e-01 1.227570703339233349e+00 1.375657719706340876e+00 1.279511736951777445e+00 1.659186171183767655e+00 1.658740176352395679e+00 8.581855262982579502e-01 1.179725103189856128e+00 1.445623872429349310e+00 9.755071498134083585e-01 1.050298905813279671e+00 1.547165460745774102e+00 1.324202501430814971e+00 1.478381085179747867e+00 9.450948939454061337e-01 1.280869740839646775e+00 1.155569781180626920e+00 1.628981671917565599e+00 8.080774222088215053e-01 6.683769541706007233e-01 7.577568304925423881e-01 1.416758790535208812e+00 6.432655657140059491e-01 9.733530699605569270e-01 1.945365727592348826e+00 5.457601527296458421e-01 1.473408314495185722e+00 1.458936443600694910e-01 1.132996344937216904e+00 7.903562406820998643e-01 4.760101515141857420e-01 1.520359626962954902e+00
1.179657156080434088e+00 1.416829487926590359e+00 0.000000000000000000e+00 1.122730159378097836e+00 9.998026867180976884e-01 9.048627990055019277e-01 1.049075626487947943e+00 9.016618740274341404e-01 1.124704432332864545e+00 1.383640850644424436e+00 1.155852408350824811e+00 5.722833821581759794e-01 7.819129192321790933e-01 1.102996165154842556e+00 9.373847501065244447e-01 9.046265292214817899e-01 5.545975123937334494e-01 1.086678015232640515e+00 7.087250729298441021e-01 7.636594581333185916e-01 8.137425314513045960e-01 8.241531656118357141e-01 8.576930402861179248e-01 6.043070841539341931e-01 1.155981492829988300e+00 9.306823841411701048e-01 2.888747555755005747e-01 6.152643439674811976e-01 8.201449339986923714e-01 1.166140945244473981e+00 8.711084433836954188e-01 1.123441963863504700e+00 7.698390173871874076e-01 8.012437045851473760e-01 8.175988713998351143e-01 8.564776584106752466e-01 8.714414544349844416e-01 9.662405401672119476e-01 1.147143748242160921e+00 6.477512758054437825e-01 5.805411699242443158e-01 3.973570120193554156e-01 6.870016122960264093e-01 9.506853348606917331e-01 8.027767768722376962e-01 8.938004949198529170e-01 9.730932649822420233e-01 6.355130174979107816e-01 9.624642648576551274e-01 7.433684440782162284e-01 8.745845685418265347e-01 8.672965174207905026e-01 8.524000861673443064e-01 9.319785621597842518e-01 1.034382777535242548e+00 7.543618889560077534e-01 4.321371903006217541e-01 6.767210536207549643e-01 9.307041720493953729e-01 9.542208310742849031e-01 8.213335275544411118e-01 8.482054879476252918e-01 6.846744488002107776e-01 8.608058882007660895e-01 9.738827813246225817e-01 1.073370155043261054e+00 8.728955867564507365e-01 1.178591223788134856e+00 9.706318659105107605e-01 6.769903825114458318e-01 7.381788930067454402e-01 1.595013842570353890e-01 9.825726180570049095e-01 9.896559319585997994e-01 1.055932346097617991e+00 5.664655895080283887e-01 9.872860335866011638e-01 8.105587604408578395e-01 7.130850675937354666e-01 8.668629772128149114e-01 7.556238886502494312e-01 9.037203015904785586e-01 8.051808286389025016e-01 1.577424863016866075e-01 4.183949981473616409e-01 9.621674003701513600e-01 1.022053812765375325e+00 1.012754606502576316e+00 7.545272606634159107e-01 7.364563070022493996e-01 7.940800339452497303e-01 5.428423211890038846e-01 1.286744481387207539e+00 1.188297938039511559e+00 9.420520785469178593e-01 1.284297596840045186e+00 8.005699057714491529e-01 8.450108327860089696e-01 1.036867338173390385e+00 8.926696386721024723e-01
1.515485795151574999e+00 1.000215489038202454e+00 1.122730159378097836e+00 0.000000000000000000e+00 1.379271176183636038e+00 1.120060740214124495e+00 1.370769572968956851e+00 9.804609155626596850e-01 8.280857834517753036e-01 1.740675389318650623e+00 1.516799808684410777e+00 5.667104010202865805e-01 1.121432966810250731e+00 5.521015340831579854e-01 1.260303508088570279e+00 7.292009282489166910e-01 9.805206942990960517e-01 1.432378836523204191e+00 8.713486861082782031e-01 1.136972306013421141e+00 1.137318523814510263e+00 5.163366214809720356e-01 5.783385755446514009e-01 8.637119742027349334e-01 8.474896989007504322e-01 2.900257003859645355e-01 9.296617692386719423e-01 7.614031269184956541e-01 1.120380133531780897e+00 7.484861509548916825e-01 1.194684435746900864e+00 7.207778487826864700e-01 1.151749268199765863e+00 1.174258981530362345e+00 1.130249706594204762e+00 1.220908900982691447e+00 1.202994303652459962e+00 9.306393310559776255e-01 1.504201377870343137e+00 7.685371980226439748e-01 9.113782069743789904e-01 7.659612460509327425e-01 9.844502238098647995e-01 5.416571516131998276e-01 3.731561900697077383e-01 9.068436018850420943e-01 1.308921904053382823e+00 5.605804801882584565e-01 6.670871117078840395e-01 8.274901544347362803e-01 1.197841933191816644e+00 1.241908972485172402e+00 1.224341291795438824e+00 7.555964185570350766e-01 7.700908984557571779e-01 9.438675772801938813e-01 7.354948633982233419e-01 6.196670155656633927e-01 1.316321059205962873e+00 1.711655760927928149e-01 6.051350728786397681e-01 1.192242842607277753e+00 1.057689725745426301e+00 1.109390153640933185e+00 6.801172687620898882e-01 8.830285934228839784e-01 1.196471579119655404e+00 7.122109840152077709e-01 4.213076647650829676e-01 1.065318519350962445e+00 1.061754885369950774e+00 9.854124084032839237e-01 1.349429529264535299e+00 1.348983534433163101e+00 1.579865947216102795e-01 8.706783499144626903e-01 1.265794322700329877e+00 1.043771494791909671e+00 1.093257889392991400e+00 1.239878254158029103e+00 9.771591020167472719e-01 1.227296293953683559e+00 7.225034320729893933e-01 9.867704122911536979e-01 8.903972861985374188e-01 1.319185657382965893e+00 8.408206506778794775e-01 5.792327939972877759e-01 6.700779794157172287e-01 1.109471583947464923e+00 3.628117521153465530e-01 8.674216816155388976e-01 1.634934918824300087e+00 7.001648714068623436e-01 1.263368628961807127e+00 8.676835979516575037e-01 9.882753556936070272e-01 1.004138078938906053e+00 6.490072188453139823e-01 1.274579889484681150e+00
9.891130686071131217e-01 1.655609184563913372e+00 9.998026867180976884e-01 1.379271176183636038e+00 0.000000000000000000e+00 1.059852215379915030e+00 8.958571912673459758e-01 8.661095763993025276e-01 1.424040806232686363e+00 1.126729013576261762e+00 8.985851940691235162e-01 8.186592685780874623e-01 6.210576854562246396e-01 1.315172510196886746e+00 4.708961996253746563e-01 1.104066758113180224e+00 5.549799045911819606e-01 8.188186036055850048e-01 7.277506037611309875e-01 3.693923257873734101e-01 7.565549875203674279e-01 1.118613058468975296e+00 1.031315988074588352e+00 7.561233337773516361e-01 1.171492471759923548e+00 1.187223400946707530e+00 7.373398636446552024e-01 8.389091975177934701e-01 5.674345490551905291e-01 1.396091440882684109e+00 7.353014672460933543e-01 1.064842291421734366e+00 2.726446480119306126e-01 2.839750772989980687e-01 6.536995417729051239e-01 5.944130096429254273e-01 6.768505992040250163e-01 1.015060274547867625e+00 8.902319111739984692e-01 8.088578105299786269e-01 5.165315146303496308e-01 7.592474956038313127e-01 7.538372142221057004e-01 1.222544026788699556e+00 1.048698184952615131e+00 7.468874546213105647e-01 7.815361325876801768e-01 9.571390127815586624e-01 1.275609626401194463e+00 8.984277438953478523e-01 8.183595084750728832e-01 1.853520618611282089e-01 4.422190676969715573e-01 9.209094627366127828e-01 1.182804213134644344e+00 8.953021314878082393e-01 6.437763127854129186e-01 8.826531795712043715e-01 2.302080067563411769e-01 1.210761847879822772e+00 1.141201859001651719e+00 5.912936508794629509e-01 4.206822458268759668e-01 4.827241398242477222e-01 1.272192245014193146e+00 1.021731989258954920e+00 8.136153711741682670e-01 1.318994320164493139e+00 1.212492940441741496e+00 4.284595440838717684e-01 6.575458642885450011e-01 8.699961439494936499e-01 6.723700545710207255e-01 7.327440948904372364e-01 1.310839641339089257e+00 6.505195892571974392e-01 6.797073085047369290e-01 7.306100495507330539e-01 6.067205244137104936e-01 1.544529290319015258e-01 9.120174710908399707e-01 6.416347550982742787e-01 8.662744413719950520e-01 8.489044313052404034e-01 6.092822342074079023e-01 7.052555633019887971e-01 9.454502666313443493e-01 1.154443257009571289e+00 9.934408939941552497e-01 2.818309218676149364e-01 1.061603413564881526e+00 7.039085487598921720e-01 1.029832644319044643e+00 1.190087133185665502e+00 7.909573421887695632e-01 1.520218927061617986e+00 6.037410360403597798e-01 8.858120569297127656e-01 1.224734374329277564e+00 1.379956932091450372e-01
1.153344862099822787e+00 1.467653306909609823e+00 9.048627990055019277e-01 1.120060740214124495e+00 1.059852215379915030e+00 0.000000000000000000e+00 9.974880793307984161e-01 9.489674725596607407e-01 1.237817476458654475e+00 1.381886472537553257e+00 1.191921873145016519e+00 5.781567240341561886e-01 7.965550312708565839e-01 1.029577437781978189e+00 9.260131627356681383e-01 1.080504295572800810e+00 7.148818423933073207e-01 1.066402739625720297e+00 5.885363695023867470e-01 8.175103420842608770e-01 7.698895401659793247e-01 9.188885230284119521e-01 7.356978544325144531e-01 3.104182535060807657e-01 1.230257134878386616e+00 9.469171045302237077e-01 6.855710234049939844e-01 7.979828968671727196e-01 8.426272437274979765e-01 1.216964764227493001e+00 8.287083388494173031e-01 9.622586794331124960e-01 8.323303073960452991e-01 8.547970176012021915e-01 7.594029108716241483e-01 8.960309654432970783e-01 8.370182067549766236e-01 1.190567390244792190e+00 1.153051439152530389e+00 4.311304237092000169e-01 5.799193602372031409e-01 6.462181567067647459e-01 9.344215360638320478e-01 1.004484333658547834e+00 7.586628026277263404e-01 7.540233318927460626e-01 9.484550853254564151e-01 7.962570218377182929e-01 1.098038470723548654e+00 9.831649442933930727e-01 8.277876495716612881e-01 9.224470085560121380e-01 9.000361209431685383e-01 7.685173819232440362e-01 1.225806815300271024e+00 1.950477592811640515e-01 4.732073734962655709e-01 5.653366103865726799e-01 9.973442579332449931e-01 9.516468830284651181e-01 9.672180751539082300e-01 8.361142323417313227e-01 7.346251606090178354e-01 7.918796754104880931e-01 1.085098899469019162e+00 1.074173940387940673e+00 8.304954822221726207e-01 1.177163216637630239e+00 8.999419469713501041e-01 7.471424297816364746e-01 6.957787884724674354e-01 7.746730034750107796e-01 9.972972617093986969e-01 1.024105598893768843e+00 1.042812472329767148e+00 4.498249147812000692e-01 9.214721056174276503e-01 9.001406768751614162e-01 8.737055057102119937e-01 9.204162902288695047e-01 1.571039550510634486e-01 8.613201970562004428e-01 6.228293758205073472e-01 7.637051246839571261e-01 6.289781689637807816e-01 9.609857871237298399e-01 9.040958507871174055e-01 8.832345438906441526e-01 9.372458135631070997e-01 7.900096200183046591e-01 8.360364112496095901e-01 7.883451616706199649e-01 1.276146002043202721e+00 1.072479063459124804e+00 8.861173511540625380e-01 1.335121415823063984e+00 7.082607549720445483e-01 1.058204632034552395e+00 1.099573998722959356e+00 9.551609286809601418e-01
9.073033500609324342e-01 1.607398323000461149e+00 1.049075626487947943e+00 1.370769572968956851e+00 8.958571912673459758e-01 9.974880793307984161e-01 0.000000000000000000e+00 8.556194568067422290e-01 1.441306011033652412e+00 1.136703782847890976e+00 1.000291023585502703e+00 8.080945334697033910e-01 6.461360039419385970e-01 1.134962618428801751e+00 4.706039655066684979e-01 1.260880884237829180e+00 7.317714770277936598e-01 8.079573966019438780e-01 5.304923002042428726e-01 7.508478123551228789e-01 3.643063441033729810e-01 1.127203047480600295e+00 8.529063140023973588e-01 7.002482085873227291e-01 1.158050709683908330e+00 1.182360966309365047e+00 8.103106899525203133e-01 9.754780399129014956e-01 5.823800365936702139e-01 1.348532185885379819e+00 2.666128967267793470e-01 9.374649004485889892e-01 6.679339221437883278e-01 7.213473940222144831e-01 2.806347820738619436e-01 7.580584672369702348e-01 5.512459862604960348e-01 1.094586753374129362e+00 9.078687494628688848e-01 6.770043884653762500e-01 4.868878480155853228e-01 8.232222767353489790e-01 8.737981311995339784e-01 1.223012272048805249e+00 1.012183517462158733e+00 6.398145549929044051e-01 7.032723956357943562e-01 9.806479325776552569e-01 1.295366127178518623e+00 1.057902656902816041e+00 1.935063837919309693e-01 8.557844788268742509e-01 6.594773778608700177e-01 7.737035556317922724e-01 1.286236038528169034e+00 8.154022265066317443e-01 6.490906538829990247e-01 7.677521933538115073e-01 6.806793110677048508e-01 1.202355715783297141e+00 1.164386176331539735e+00 5.909315426520694858e-01 6.369122931516029151e-01 4.267423844538493771e-01 1.288792954282405034e+00 9.876548349555349660e-01 2.002553141430818140e-01 1.215255390923212886e+00 1.122301096278125465e+00 6.099824868521388499e-01 4.017531347041589651e-01 9.212964951913219513e-01 6.831032658382537592e-01 8.234776236817979989e-01 1.293521305084598838e+00 5.566235837718552792e-01 2.312451304696792609e-01 7.361326687720061157e-01 7.202645649683774298e-01 8.500425890357934389e-01 8.567821600637741675e-01 3.906076284694447454e-01 6.866405313719028403e-01 9.030116238001092421e-01 7.257623486041689942e-01 7.158030974340678920e-01 8.552723534979150832e-01 9.766894005348865093e-01 1.114740956608835987e+00 7.196359188252285932e-01 1.060068795848517098e+00 8.689314999769632841e-01 1.030963312353540884e+00 1.073368416782519486e+00 1.378869805963454376e-01 1.474316549115052721e+00 4.915373310662303208e-01 9.487262720440480246e-01 1.314912923946634171e+00 7.838828142692900736e-01
1.160842641907545048e+00 8.501172514487352894e-01 9.016618740274341404e-01 9.804609155626596850e-01 8.661095763993025276e-01 9.489674725596607407e-01 8.556194568067422290e-01 0.000000000000000000e+00 9.773867926172387088e-01 1.389384252345275295e+00 1.164010445111712588e+00 6.417905103294345714e-01 8.538123860782035335e-01 5.446806152974801307e-01 5.955037664037137191e-01 4.647539545404708039e-01 4.387050302143947755e-01 1.037816365571776478e+00 4.376291303879116801e-01 7.633241363333229668e-01 7.738446023395743056e-01 7.399910531199724861e-01 4.052191951097020017e-01 7.068900316848176768e-01 3.137542286191636332e-01 7.605089028382168159e-01 6.649318725830076771e-01 3.772676393030786612e-01 2.986750273441118875e-01 5.856262825916496162e-01 7.573695151597064079e-01 2.800942864801636012e-01 6.122460326921055351e-01 7.664585099839069660e-01 5.933055751052592752e-01 8.646356951715632455e-01 8.168641509901498621e-01 2.420494634815580359e-01 1.155301785003048920e+00 5.346646335567739605e-01 6.584758990858220473e-01 5.442534677016964695e-01 2.212706261455879841e-01 6.596590300142520791e-01 6.163111982987869997e-01 2.450095805840179497e-01 9.559528651331782312e-01 5.761163320703578394e-01 7.894868914916411962e-01 3.133696697266024622e-01 7.493303173058122324e-01 8.177020035014269661e-01 7.411809284488090066e-01 2.248644970056249415e-01 4.335851289990197976e-01 7.570508931905568506e-01 6.736543674866800613e-01 4.776191234370597005e-01 6.853910126861347818e-01 8.260562014263139741e-01 6.296022159061455126e-01 8.436120121494534718e-01 6.928324855610985544e-01 4.465474079886176395e-01 8.785627260595705312e-01 1.740791914001585949e-01 8.372056237652802935e-01 4.741045640712541753e-01 5.925814565510230114e-01 4.726952096225415789e-01 7.032765682801893625e-01 7.527330050599274625e-01 8.732370565587889155e-01 9.978139687194874652e-01 8.797697399443419330e-01 5.525257336555337018e-01 6.766054139316362015e-01 1.553079288345799447e-01 3.212626200627182183e-01 8.743758897843407762e-01 8.495981567559163228e-01 6.921404557563684001e-01 3.261380967391530605e-01 8.048191791549003105e-01 5.420456677128601131e-01 9.684835669314517670e-01 1.470641404792992490e-01 4.232902633690271421e-01 4.710017096367312694e-01 7.439692195737757086e-01 7.495395077683698615e-01 3.629896993111040859e-01 1.283643781850924981e+00 3.860528195563285303e-01 7.315987093714720890e-01 7.130342852637568951e-01 3.821945116588824076e-01 1.352145103137396831e-01 5.489592029498845394e-01 7.337148728062181657e-01
1.580612643420866492e+00 9.417399417648354421e-01 1.124704432332864545e+00 8.280857834517753036e-01 1.424040806232686363e+00 1.237817476458654475e+00 1.441306011033652412e+00 9.773867926172387088e-01 0.000000000000000000e+00 1.801425757638689396e+00 1.573637315345089993e+00 6.620050902269114523e-01 1.185865142191280031e+00 6.741509252871067392e-01 1.367776526926132385e+00 5.201938581113791926e-01 9.381278871602179992e-01 1.499561297319641717e+00 1.056185263712705380e+00 1.181741936062470577e+00 1.206346123884683985e+00 3.247971593718376182e-01 7.911230696685545016e-01 9.593916917571212455e-01 7.901152827955446600e-01 5.819545882770690293e-01 9.492370123523663494e-01 6.704605470568948400e-01 1.163819129566415977e+00 6.896908202945457589e-01 1.263712035817074586e+00 9.406643986729636975e-01 1.196518898248815743e+00 1.219028611579412225e+00 1.209829255945539250e+00 1.274262565404940206e+00 1.272021903722634351e+00 7.652507196928582944e-01 1.564928655236425881e+00 9.041598694868251407e-01 9.779166861226527008e-01 7.582511265326036254e-01 8.700998163763071780e-01 4.752963289648746148e-01 5.859992967635345718e-01 1.112367645938647565e+00 1.374048752322674538e+00 4.930283893204510659e-01 2.069979984019905406e-01 6.846219405301553484e-01 1.267188160975206035e+00 1.286678602534222504e+00 1.270184993161609155e+00 9.670822724691555683e-01 6.158848201469087069e-01 1.063789157970864263e+00 7.943894581425434698e-01 8.049926056989576972e-01 1.361090689255012309e+00 6.586853959689368265e-01 3.510327104181077962e-01 1.257369690876569690e+00 1.102459355794475515e+00 1.258005087060428240e+00 1.647252057632518640e-01 9.402907526272332728e-01 1.265499179189830015e+00 7.128203695420197716e-01 6.308553542422210558e-01 1.109939402240099238e+00 1.130782485440124718e+00 9.849804975676763608e-01 1.400357525051269425e+00 1.407440838952864981e+00 7.318242626854875033e-01 9.491672749181141455e-01 1.378998664432592891e+00 1.025943092714853622e+00 1.009193723368086548e+00 1.284647884207078983e+00 1.094366670979859624e+00 1.296323894023857948e+00 9.275303803726375751e-01 9.890469232832147517e-01 9.092743583364550908e-01 1.379952307364416653e+00 1.057480965365396708e+00 8.013680398043691033e-01 5.351218470113606740e-01 1.154241213996514359e+00 4.665252243015187705e-01 8.037154496360894296e-01 1.700061767093591580e+00 8.257864159444342489e-01 1.334282463092622217e+00 8.085264959169363719e-01 1.191064636455907211e+00 8.452075837848544992e-01 4.925004947742582795e-01 1.319349519533731252e+00
7.739140593980470273e-01 2.050455122191838342e+00 1.383640850644424436e+00 1.740675389318650623e+00 1.126729013576261762e+00 1.381886472537553257e+00 1.136703782847890976e+00 1.389384252345275295e+00 1.801425757638689396e+00 0.000000000000000000e+00 7.772364065026009516e-01 1.177584894362277090e+00 7.533219119045944101e-01 1.585032737831387317e+00 8.276216885918923349e-01 1.543984266496872815e+00 9.918251755388547419e-01 4.372333231542592236e-01 9.801223339142890456e-01 9.115134028031569580e-01 9.077333173079851214e-01 1.490604780849403621e+00 1.300452271762823742e+00 1.084646601794077236e+00 1.691666692343835265e+00 1.548627614081722115e+00 1.123502181498334140e+00 1.275061520165302165e+00 1.093123860061200103e+00 1.799766579509721298e+00 8.874053614922333688e-01 1.439961158654398110e+00 9.480465908064958924e-01 8.609543589890520376e-01 9.369672743648991275e-01 5.630197683512001561e-01 6.046331083615541502e-01 1.506595548798342676e+00 2.364971024022636537e-01 1.110527744804208794e+00 8.314228372121201804e-01 1.166907154733075602e+00 1.206849555416260378e+00 1.587286148940775687e+00 1.404677220173119689e+00 1.155512572975309515e+00 5.794984597312222707e-01 1.334523964187561917e+00 1.652994577807197718e+00 1.339845894196620257e+00 9.750882559821759665e-01 1.020357963906944887e+00 7.081922336404802287e-01 1.249759318649002360e+00 1.629973330828393907e+00 1.213440890497230473e+00 1.011700106339563865e+00 1.204227584121424055e+00 9.563470920149251819e-01 1.572166061014837357e+00 1.518586810407654974e+00 5.763341562301050880e-01 7.083487421938917672e-01 9.641487612614089153e-01 1.649577196420196401e+00 1.520875273949999329e+00 9.480428775924921725e-01 1.700710425392817582e+00 1.563762272393352193e+00 9.265114094372797204e-01 7.349506481437321215e-01 1.257297745537880651e+00 5.739339250767020451e-01 6.034805975709272019e-01 1.669447758252798453e+00 9.571637193702383639e-01 9.576669900253944601e-01 1.250526552748837172e+00 1.092402594085029932e+00 9.722760845443603195e-01 1.241180553270529341e+00 7.649965088659650414e-01 1.137638211742464600e+00 1.232742595231567595e+00 1.025652091959848633e+00 4.274660353488466402e-01 1.373820829085680151e+00 1.426759519937471410e+00 1.429593216641664055e+00 8.674696204396499244e-01 1.425500152985339719e+00 1.140060871407400978e+00 1.503589365534156452e-01 1.579736650845305013e+00 1.060390566596737028e+00 1.917923231105292725e+00 1.009415906931576012e+00 1.382512953200450534e+00 1.664651882712970155e+00 1.069758907110039070e+00
7.005482171217343179e-01 1.826556450603643134e+00 1.155852408350824811e+00 1.516799808684410777e+00 8.985851940691235162e-01 1.191921873145016519e+00 1.000291023585502703e+00 1.164010445111712588e+00 1.573637315345089993e+00 7.772364065026009516e-01 0.000000000000000000e+00 9.539047974905542349e-01 5.520769444134842052e-01 1.448619978568998601e+00 6.231673856615935758e-01 1.316195824203273412e+00 7.640367332452554505e-01 4.807503165862289651e-01 8.437095746519006623e-01 6.837249605095576666e-01 7.713205580455968491e-01 1.266706109261208857e+00 1.161717498365415047e+00 8.881929915424529032e-01 1.473202370203561262e+00 1.324752033447482269e+00 8.957137392047349600e-01 1.047273077871702540e+00 8.653354177676007009e-01 1.575867907921525868e+00 7.509926022298448745e-01 1.303548399392009616e+00 7.202581485128966010e-01 6.283703475589605958e-01 8.005545151025106332e-01 3.093664435014325531e-01 5.357883713121964764e-01 1.278807106504743496e+00 5.523230960531169131e-01 9.401489551440405101e-01 6.229765533820315060e-01 9.391187124394763108e-01 9.790611131226610864e-01 1.363387477352580257e+00 1.182456807144584898e+00 1.019099813712920799e+00 5.007834070048012842e-01 1.106735521893962293e+00 1.425206135513598316e+00 1.112057451903021521e+00 8.386754967197876942e-01 7.925695216133455956e-01 4.860954568330085879e-01 1.113346559386614087e+00 1.402184888534795171e+00 1.026821315445125338e+00 7.878014347513683235e-01 1.014722837336305750e+00 7.349286573168293257e-01 1.348290480380597511e+00 1.290798368114055350e+00 4.210403860217052929e-01 4.805602999002923648e-01 7.879914490233861368e-01 1.421788754126596999e+00 1.323522258895205583e+00 8.116301183301037891e-01 1.564297666130429532e+00 1.344562598206842985e+00 6.987229671436804290e-01 5.985378888813437381e-01 1.029509303244281693e+00 3.956962165667358144e-01 1.885557876025375224e-01 1.445767661381075042e+00 7.818107338712593224e-01 8.268498521870822904e-01 1.022738110455238436e+00 8.646141517914306407e-01 7.443026001202808217e-01 1.044087128855941682e+00 6.618266320651409185e-01 1.001225452480075884e+00 1.004954152937967748e+00 7.978636496662493416e-01 3.717787363091152320e-01 1.237408069823291878e+00 1.290346760675082916e+00 1.201804774348064431e+00 6.395540104825943040e-01 1.201601481397144733e+00 9.122724291138014641e-01 6.931136458720351667e-01 1.443323891582916518e+00 9.239778073343484222e-01 1.694024559517097295e+00 8.730031476691875181e-01 1.154724510906851354e+00 1.436863440419370752e+00 8.419704648164396676e-01
9.523953001952025765e-01 8.904802083379096400e-01 5.722833821581759794e-01 5.667104010202865805e-01 8.186592685780874623e-01 5.781567240341561886e-01 8.080945334697033910e-01 6.417905103294345714e-01 6.620050902269114523e-01 1.177584894362277090e+00 9.539047974905542349e-01 0.000000000000000000e+00 5.585379556163940773e-01 5.458952663070014699e-01 7.506281161660650625e-01 5.048798252153199329e-01 4.521957268074902059e-01 8.685382542590993626e-01 4.251947079347647707e-01 5.763603984078723430e-01 5.734779415504061006e-01 3.424121904681814987e-01 3.134850603244413447e-01 3.091756177153825447e-01 7.771843843842098920e-01 3.746626257833581830e-01 3.697492995353290346e-01 2.956062436899828394e-01 6.578445632319744885e-01 6.397916656557918191e-01 6.308438534827968125e-01 5.620225697913586727e-01 5.911373605942170650e-01 6.136470739248136574e-01 5.766177783815901181e-01 6.580138897888347937e-01 6.391537213883562440e-01 6.624477139643092372e-01 9.413063666764864834e-01 2.499684902301027301e-01 3.469054091658123617e-01 2.333387496048606180e-01 5.048696729174111386e-01 4.273112350868470966e-01 2.405091907566630494e-01 5.320436937915833386e-01 7.458314090970098453e-01 2.206325514802361665e-01 5.222260844918057421e-01 4.475344694486763641e-01 6.342924687449230658e-01 6.812970648796237150e-01 6.620190452887064758e-01 4.169260133238096855e-01 6.487771370377383162e-01 4.032511892938932530e-01 1.748829557926742106e-01 1.876056489070499211e-01 7.557091516004148524e-01 3.982010727164730368e-01 3.915936047964263533e-01 6.291523476509052193e-01 4.961561379005653416e-01 6.243072601843814295e-01 5.092865132372764725e-01 7.133440022596568841e-01 6.326309968555522412e-01 6.522419441994531386e-01 4.050955104261129147e-01 5.047066117454135359e-01 4.979143031058470004e-01 4.349656311833615674e-01 7.865345180706783124e-01 7.860885232393067801e-01 4.945122502229454819e-01 3.115312377641127339e-01 7.453008375565458588e-01 6.463043131653438689e-01 5.860242284528196510e-01 6.792663465524808597e-01 4.347059185553603378e-01 6.634557116895801743e-01 3.466305111166825825e-01 4.332832748030619463e-01 3.304848164951944556e-01 7.560951624265934701e-01 5.605041703150587251e-01 4.437939680898456696e-01 3.639509143393407919e-01 5.488596763419160141e-01 2.585152258210767218e-01 3.617506081895311421e-01 1.071844423867927443e+00 6.195213462126902826e-01 7.010709855286728631e-01 7.579483172513639122e-01 5.573447321305053936e-01 5.865943896336760499e-01 5.225443204604264258e-01 7.139679818791322408e-01
5.691527113140719685e-01 1.431189608729483309e+00 7.819129192321790933e-01 1.121432966810250731e+00 6.210576854562246396e-01 7.965550312708565839e-01 6.461360039419385970e-01 8.538123860782035335e-01 1.185865142191280031e+00 7.533219119045944101e-01 5.520769444134842052e-01 5.585379556163940773e-01 0.000000000000000000e+00 1.053599438674621913e+00 4.781696072713735313e-01 9.949516763693893040e-01 4.525756894482197423e-01 4.628568307313830066e-01 4.503440590476013861e-01 3.880653189539802761e-01 3.998040228285824060e-01 8.717621786382280247e-01 7.663506564912550001e-01 4.928261496682926346e-01 1.162703792068509268e+00 9.293851915733227775e-01 5.419013302822974776e-01 7.122530780575189180e-01 5.551373587340916460e-01 1.180501066047365599e+00 4.151977873763945670e-01 9.109982583790723343e-01 4.242240689019970423e-01 3.708059661605981883e-01 4.255354080452050658e-01 2.580716497892507899e-01 2.635548673792030838e-01 9.679308356966872529e-01 5.168248095023312283e-01 5.447821132698802415e-01 2.229724365762066618e-01 5.596311411693436488e-01 6.681848423146046212e-01 9.680206354784204326e-01 7.870899652704247407e-01 6.265496726999829624e-01 3.612974231880421438e-01 7.213422284008929042e-01 1.039132977423907089e+00 7.956428990492081521e-01 4.636563896624819603e-01 4.965354420024458149e-01 2.819068899770652004e-01 7.199810437823150888e-01 1.091097669761873057e+00 6.314544735709655132e-01 3.928575041283877689e-01 6.193559954621453700e-01 5.062456973011747463e-01 9.529236385064379089e-01 9.054050746209858502e-01 1.882239703735405778e-01 2.021764385555687438e-01 4.969384720953950452e-01 1.033352085440032875e+00 9.919123736746731090e-01 4.500447580539379544e-01 1.170932150526130089e+00 9.491957563326823832e-01 3.885249081101712632e-01 2.502350832171433836e-01 6.541337879355532126e-01 3.873045906809776118e-01 3.828774256282950761e-01 1.050400819506914996e+00 3.864438919970992203e-01 5.269467146888401343e-01 7.125400514217292702e-01 5.544160927579213638e-01 4.684057553505431848e-01 6.487202869817809692e-01 3.342468417236800771e-01 6.078599368757767740e-01 6.358489165443400593e-01 4.467711443198185139e-01 3.296997650807045876e-01 8.448579288103541529e-01 8.963156837472371352e-01 8.515159947534536311e-01 3.515925989235036409e-01 8.062346395229842422e-01 5.897357123973894222e-01 6.550434215178823072e-01 1.049958375978617520e+00 5.489587002770428548e-01 1.298657717642937026e+00 4.804530066562497370e-01 8.438482400987944443e-01 1.059921287376248689e+00 5.459363852055402200e-01
1.356491127393657292e+00 5.312103943884600721e-01 1.102996165154842556e+00 5.521015340831579854e-01 1.315172510196886746e+00 1.029577437781978189e+00 1.134962618428801751e+00 5.446806152974801307e-01 6.741509252871067392e-01 1.585032737831387317e+00 1.448619978568998601e+00 5.458952663070014699e-01 1.053599438674621913e+00 0.000000000000000000e+00 9.927224985638678501e-01 4.688266168389074728e-01 9.441692752816126522e-01 1.269549004919554802e+00 6.100172542548168986e-01 1.076222896962300668e+00 9.712605782263589171e-01 4.063104663450367027e-01 3.116479013025234002e-01 7.987962895825776455e-01 3.041539305514625591e-01 2.943672235742741949e-01 9.109861480230203590e-01 7.098996263198064094e-01 8.079957871118248480e-01 2.737414585580644211e-01 1.031854604143251697e+00 2.665134733858569582e-01 1.061813966059124148e+00 1.113509572479241649e+00 8.626686970695019996e-01 1.153075372847061963e+00 1.040164472048810795e+00 5.125727411647931220e-01 1.356197704446364893e+00 6.091746577455154910e-01 8.347362708691997701e-01 7.449673931733343801e-01 7.511473373093440209e-01 2.208721730107104375e-01 3.204913827085982825e-01 5.960453430843238865e-01 1.151601350619291475e+00 5.090769795895693228e-01 4.950405757349003455e-01 6.470050051618859710e-01 9.769522754103773243e-01 1.181159563434051929e+00 1.157080528346933423e+00 4.042243758461963599e-01 3.538442236046817624e-01 8.469831263124848464e-01 7.099554374455185890e-01 4.676041785113823623e-01 1.125602180659300844e+00 4.451228041764997978e-01 4.517483778913053971e-01 1.039260497635565716e+00 9.919104861909592286e-01 8.418091441162306454e-01 5.469173304408242453e-01 3.999265181695803584e-01 1.032854109251392760e+00 1.743393593168278688e-01 1.620968062448557845e-01 9.517502432928290901e-01 8.989250537663021623e-01 9.656784141800283106e-01 1.200443527003232758e+00 1.271806578665294341e+00 4.261160589388543474e-01 6.778773579898605961e-01 9.982133131756271149e-01 6.777476579870691520e-01 8.376305157646405375e-01 1.179128845106908852e+00 8.922221897947369973e-01 1.039013490990087663e+00 4.505778019918501576e-01 9.670364180678980848e-01 8.717216649828862796e-01 1.164132052417563790e+00 4.215899615339860906e-01 1.612342527567495742e-01 6.072994026904880993e-01 1.048722174896344450e+00 3.136256166569046933e-01 8.220341320395222473e-01 1.479292267337037003e+00 1.805067438305027194e-01 1.003607380165188356e+00 3.987864821458878550e-01 7.119364737259612497e-01 6.337028663857018351e-01 3.476727359529805939e-01 1.183282806173236557e+00
6.193198661076029232e-01 1.429832517583363050e+00 9.373847501065244447e-01 1.260303508088570279e+00 4.708961996253746563e-01 9.260131627356681383e-01 4.706039655066684979e-01 5.955037664037137191e-01 1.367776526926132385e+00 8.276216885918923349e-01 6.231673856615935758e-01 7.506281161660650625e-01 4.781696072713735313e-01 9.927224985638678501e-01 0.000000000000000000e+00 9.732091568081633337e-01 4.478434147712879176e-01 4.423125991680628144e-01 4.090999738787692852e-01 4.895874201301647632e-01 4.896678312209751804e-01 1.062348779162421986e+00 7.106661941374630143e-01 6.372115721635687180e-01 8.979696258284961541e-01 1.092396778698291548e+00 6.711209084853789753e-01 7.277535400075212380e-01 3.092343017043154840e-01 1.170966380468281720e+00 2.813907850109105824e-01 7.575785526045056839e-01 2.728519231612752671e-01 2.642301635919407365e-01 2.576136130431831428e-01 3.450064771817212828e-01 2.535558251111696970e-01 8.251726774065616388e-01 6.090489794644321497e-01 5.908671472166449057e-01 4.348385457671236076e-01 6.784286196215177922e-01 5.889322950290505343e-01 1.165587986887244076e+00 8.904788004263162193e-01 4.456758011188436397e-01 4.414112597627846690e-01 8.932498493529146266e-01 1.219345347094640930e+00 7.628277704235962853e-01 4.368928751410148803e-01 5.041010501343813344e-01 1.972596544164772481e-01 6.114564401625689483e-01 1.013311478532163301e+00 7.340669913395780899e-01 5.875120334788593857e-01 6.596000665857824075e-01 2.412112360841068004e-01 1.098349031020160238e+00 1.062867707074453216e+00 4.120309669500766825e-01 3.530042050773250506e-01 1.662616977149607433e-01 1.215927965707639835e+00 7.422990248989159712e-01 4.356151618100770340e-01 1.029924319075489203e+00 9.800609764131911206e-01 2.767353292937307363e-01 3.352561881970406721e-01 7.927275425553448329e-01 2.777332901550753630e-01 4.592152943261904041e-01 1.174454381310439999e+00 4.840774266927250213e-01 2.399778075812199207e-01 4.760169783689777168e-01 4.328307207600172735e-01 4.226073574613269934e-01 7.937455236400206005e-01 1.714127344225666316e-01 5.444004115069684957e-01 7.864110109858672981e-01 5.284633582250941597e-01 4.300413065833222359e-01 6.550313898712776250e-01 8.344492806699518317e-01 8.793180040016117527e-01 4.131317525598361962e-01 1.002602378544878547e+00 5.969119330434945470e-01 7.144288682056256778e-01 8.846347693997401729e-01 3.852866192807657408e-01 1.296750743697955732e+00 2.973985771921693888e-01 6.854187487436830262e-01 1.093876773024260451e+00 3.767677806761710602e-01
1.394860610076127605e+00 6.110906830106489496e-01 9.046265292214817899e-01 7.292009282489166910e-01 1.104066758113180224e+00 1.080504295572800810e+00 1.260880884237829180e+00 4.647539545404708039e-01 5.201938581113791926e-01 1.543984266496872815e+00 1.316195824203273412e+00 5.048798252153199329e-01 9.949516763693893040e-01 4.688266168389074728e-01 9.732091568081633337e-01 0.000000000000000000e+00 5.529919133616788551e-01 1.247021431085089782e+00 8.799190287386347009e-01 9.169274908129605439e-01 1.025547789201185722e+00 3.308937666272324107e-01 6.559251023496690536e-01 7.844790605919721438e-01 3.054185191157276491e-01 4.760926257347863899e-01 6.866425565166738298e-01 2.905199707806394027e-01 7.145044375197532327e-01 3.561344359115028446e-01 1.082913701133576545e+00 5.743773283112326711e-01 8.488872697391460775e-01 9.615871204375961989e-01 1.013365155433727738e+00 1.016821074263124514e+00 1.086644908430677958e+00 2.461213330477532990e-01 1.307487164094609966e+00 7.477608098839245709e-01 7.944946645857942080e-01 5.127648125247959987e-01 4.148800141982460499e-01 2.545026997360536059e-01 4.562013660852968777e-01 6.841789154800420603e-01 1.188296718977935873e+00 2.842472737350836831e-01 3.301246360686737047e-01 2.184151057137149188e-01 1.086389826291707994e+00 9.846807416201196483e-01 1.012743502019793462e+00 6.826713412215663634e-01 1.802313869136809854e-01 9.064759770850107090e-01 6.129582401291312488e-01 6.595550874616357140e-01 9.824165836146947495e-01 5.598005407660783250e-01 1.750586983824601595e-01 1.008548903800074115e+00 8.450178646526598225e-01 8.574775803135676888e-01 4.406325925174820468e-01 4.248501257438827561e-01 1.084700844506331752e+00 3.647815404730547217e-01 4.849353459791432841e-01 7.036724572913551912e-01 9.499841507566261223e-01 7.614133571674511769e-01 1.142916033909453510e+00 1.149999347811048622e+00 6.245762254356045373e-01 7.693173975925343688e-01 1.094322030107176991e+00 5.520586936010081214e-01 5.638567710403110667e-01 1.026561268875901600e+00 9.339488177148905779e-01 1.102764702418195908e+00 7.806381057584330652e-01 7.788468979969517259e-01 5.810764855685827124e-01 1.122510816222600294e+00 5.629877173975394999e-01 6.225692420411680361e-01 1.505571448419377178e-01 8.961545986653369766e-01 3.676403690986597694e-01 4.076823984922504640e-01 1.447087897239655696e+00 4.678993998790029196e-01 1.151658289699940996e+00 4.769221282012438556e-01 8.142723779929523786e-01 3.469790099316109044e-01 1.434033330582905608e-01 9.781623399901614446e-01
