0.000000000000000000e+00 6.334876347327844659e-01 6.180673519078866418e-01 5.790563629785134836e-01 5.489237148195953431e-01 4.280972871871371321e-01 3.908107393290995990e-01 3.338803606425664872e-01 3.155603639000567617e-01 3.059618951681615240e-01 2.585793404922350214e-01 2.258468177042565472e-01 3.127116207116988900e-01 4.629631858452703530e-01 3.917258660810832849e-01 4.391515145312347990e-01 1.888502115841447226e-01 4.325456860346421073e-01 1.730817063592315908e-01 5.097490113674968404e-01 2.619722721537622867e-01 1.671360549294549913e-01 1.603618988617662444e-01 1.595917899155839259e-01 2.985559886727457979e-01 4.012792726420304490e-01 2.388519684039616953e-01 5.014833645511497240e-01 3.191304417924354930e-01 4.351499949180404059e-01 2.712278997016586701e-01 5.244550724786614104e-01 5.680421730305125205e-01 2.036384303378057370e-01 4.688938294915842020e-01 3.616856181916643931e-01 3.886885211996649603e-01 3.942180928250950678e-01 2.619363832650283275e-01 1.102148613871212629e-01 2.372003771958715035e-01 3.428577356542053534e-01 2.626310699090218526e-01 3.591452563874151793e-01 5.909496278880423947e-01 1.246391063117566200e-01 2.145038464494013752e-01 3.616494842877984728e-01 9.768696102659313318e-02 2.413140721374935072e-01
6.334876347327844659e-01 0.000000000000000000e+00 1.106438357737055789e+00 6.136063546860472950e-01 5.107218975511794712e-01 9.409295204355135889e-01 1.012325979651044427e+00 3.360786560850316240e-01 7.493209984412791957e-01 4.644544714615326808e-01 5.362365627016763003e-01 8.593344524370409854e-01 8.475565514766985054e-01 1.974161085043082964e-01 4.553254467663999105e-01 9.342695293843865656e-01 6.023574020661672801e-01 3.780953238006092842e-01 5.597948758351777299e-01 4.406981639052047761e-01 3.871512495822316269e-01 6.916712284287779289e-01 4.966405796915235316e-01 7.154877740326471836e-01 9.077172162552489265e-01 3.285809026029811175e-01 7.345676207701092864e-01 1.354743542137441803e-01 5.043595998601492214e-01 4.545645942564385256e-01 4.562526532057952222e-01 3.915880792209816552e-01 4.760610050320890352e-01 8.019680580353338861e-01 5.271109694686951785e-01 8.741715229037853030e-01 3.795257422821032844e-01 2.457671963713155827e-01 4.460018358346437561e-01 7.437024961199056872e-01 7.476792165019667813e-01 8.475553114786902320e-01 6.500322917708259984e-01 3.638425248170126247e-01 9.668693482471350797e-02 6.551756840594138431e-01 8.025339524992302076e-01 4.859637979666192042e-01 5.785055058397187144e-01 4.012102897687141456e-01
6.180673519078866418e-01 1.106438357737055789e+00 0.000000000000000000e+00 1.086914742179871052e+00 9.156241022476399039e-01 7.136943723091597747e-01 7.216327909514455019e-01 7.825144212558940993e-01 3.571173592957763709e-01 8.111330559994611722e-01 5.964613906630199525e-01 5.179323678340831405e-01 5.410877009659781356e-01 9.090222492327474368e-01 9.495937274484040902e-01 1.822661246730736817e-01 5.393638619570465531e-01 7.704277362054270384e-01 6.873003079274938587e-01 9.226844438310679575e-01 8.494847142332302425e-01 4.880913294904317690e-01 6.923450748598971582e-01 4.654217643457925768e-01 5.911460687646804546e-01 8.844639433173954179e-01 4.773315528897158488e-01 9.952395904517347125e-01 7.133265606520263757e-01 8.333754995701413426e-01 6.578152805959781579e-01 8.932554893739546031e-01 9.804339506914592217e-01 4.200080029354672506e-01 9.767522086929417702e-01 6.438641932431449222e-01 7.269126154549524488e-01 8.867722740108541224e-01 8.168078826469329368e-01 5.194465731352131410e-01 5.451572851060564329e-01 2.762551434922730920e-01 4.631959443193712778e-01 8.737827475069159799e-01 1.089855687835225240e+00 5.909569668490626260e-01 4.864907702962128488e-01 9.000795406850091718e-01 6.043582635520072799e-01 7.700334940456236010e-01
5.790563629785134836e-01 6.136063546860472950e-01 1.086914742179871052e+00 0.000000000000000000e+00 5.083377225341270123e-01 9.895391229146299761e-01 9.575665977500215087e-01 4.569240865277831576e-01 7.620920360176116626e-01 2.993089831458912164e-01 5.203330441817399787e-01 7.922240166881440171e-01 8.860078222817059368e-01 4.369376284484817186e-01 1.879321730488137665e-01 9.096481961627204127e-01 6.910191452052162342e-01 4.528309640736501440e-01 4.463765926511601423e-01 4.125047387537486010e-01 3.492542434860920197e-01 6.008008677577690859e-01 5.211960569172400248e-01 7.386315811164729794e-01 8.704776965460487848e-01 3.231883714370978322e-01 7.992096302027972277e-01 4.827885904173873644e-01 3.897481540102049058e-01 3.849245747042772114e-01 5.726753459773895605e-01 4.223122298131260499e-01 4.700999568231206127e-01 7.107339386018548533e-01 1.134687948990087680e-01 9.231274539191570705e-01 5.121653828411298903e-01 4.094857693094017259e-01 3.207052097645494704e-01 6.561223305766296088e-01 7.986422129233641254e-01 8.106595986875978488e-01 6.652152554255047479e-01 2.497638298690347536e-01 5.651325414114054535e-01 5.385952784332554977e-01 7.886013350127786259e-01 2.225893658969035072e-01 6.158996298483720988e-01 4.530327763866184854e-01
5.489237148195953431e-01 5.107218975511794712e-01 9.156241022476399039e-01 5.083377225341270123e-01 0.000000000000000000e+00 8.613118807819313272e-01 8.869799565817014786e-01 3.628633598809151151e-01 5.744217391401061912e-01 2.958519890115953732e-01 3.191627115846195073e-01 6.884994260190874238e-01 7.459016107119906813e-01 3.133057890468712303e-01 3.776149755213973336e-01 7.412190284479583946e-01 4.923133664411362131e-01 1.746174843506194951e-01 3.902222288442759868e-01 1.729768641273722318e-01 3.684412414805397495e-01 4.671751076224285315e-01 5.124717131959373173e-01 6.516168628190885936e-01 8.043073117847016062e-01 2.263208940766062160e-01 6.169038799319697119e-01 4.015873870834347770e-01 2.372939645843035461e-01 1.265679476136678250e-01 3.868011352775416190e-01 1.205775864902086658e-01 1.194461263015371699e-01 5.807517815124386695e-01 4.026989882068863769e-01 7.941263656901258461e-01 2.793464344951369638e-01 3.496051829404863698e-01 3.922466862228272122e-01 5.841028022006935494e-01 6.665098618137141884e-01 6.461630106026159392e-01 4.691124799100358511e-01 2.843932910742448250e-01 4.695566583929244309e-01 4.284678626127803036e-01 7.224309502514312253e-01 3.577953751456536269e-01 5.535519755721575175e-01 4.337679489422450740e-01
4.280972871871371321e-01 9.409295204355135889e-01 7.136943723091597747e-01 9.895391229146299761e-01 8.613118807819313272e-01 0.000000000000000000e+00 5.904004318884729097e-01 6.074411114491988783e-01 3.933291643569289397e-01 7.277984686822313032e-01 5.581043908534221165e-01 4.507571793925478909e-01 2.123246203754747263e-01 7.923975575059730714e-01 8.063935582046319883e-01 5.364214003011985588e-01 3.738879950773177363e-01 6.980439337447752468e-01 5.967985330386033072e-01 8.871238527077119906e-01 6.413701653287987581e-01 5.169722346293582627e-01 4.690403005759532507e-01 2.857247088124845735e-01 4.857916684926772422e-01 7.649624232994138850e-01 2.780933145038795296e-01 8.167281307500106058e-01 6.810064859068956089e-01 7.790632781044326549e-01 5.198571946174742608e-01 7.996533054996648460e-01 9.182137574785973477e-01 4.203941355462374463e-01 8.907304030056537592e-01 1.104968372320570824e-01 6.139066919513865850e-01 7.082608143091301267e-01 6.837729567790981067e-01 3.938230914453775822e-01 1.948020189682168612e-01 4.475973091090760247e-01 4.338949484239973953e-01 7.605207068316230945e-01 9.171518383083234749e-01 5.483559329911282809e-01 3.767542058221341472e-01 7.834860578018680854e-01 3.842253150354474900e-01 5.615205311064521698e-01
3.908107393290995990e-01 1.012325979651044427e+00 7.216327909514455019e-01 9.575665977500215087e-01 8.869799565817014786e-01 5.904004318884729097e-01 0.000000000000000000e+00 6.788375706647298280e-01 4.225369913567937896e-01 6.844721299396695491e-01 5.828971137396158353e-01 2.118170388884399180e-01 4.677516533270330013e-01 8.537739251743700075e-01 7.749636584183429155e-01 5.422091825775137153e-01 4.628444627336370520e-01 7.568634592820228102e-01 5.238721438552983445e-01 8.563754183682388277e-01 6.527830114828619967e-01 4.260262975649883321e-01 5.315782099503587599e-01 3.046757230759880586e-01 1.408511024268140621e-01 7.920900119711301590e-01 4.440409777198727759e-01 8.881245899655408893e-01 6.571866835545412400e-01 7.732062366801465414e-01 5.915819549057821369e-01 8.734710060499503159e-01 9.141249252286300919e-01 3.311548081851147796e-01 8.474040642630923381e-01 5.239887628930000041e-01 7.028631596077056232e-01 7.796572735246605212e-01 6.422533724870674865e-01 3.086952267456199439e-01 4.086313202431468561e-01 4.453776474591724099e-01 4.934967630865958466e-01 7.427877992175594413e-01 9.817603672171421048e-01 4.710714718117233746e-01 2.502693967062945557e-01 7.402489813313420930e-01 4.482849994400396332e-01 6.255802155110441465e-01
3.338803606425664872e-01 3.360786560850316240e-01 7.825144212558940993e-01 4.569240865277831576e-01 3.628633598809151151e-01 6.074411114491988783e-01 6.788375706647298280e-01 0.000000000000000000e+00 4.253970619601176173e-01 3.268004514082554213e-01 2.506070199553480093e-01 5.270017357775168554e-01 5.140681424903837948e-01 1.951614207935772338e-01 2.889105911869760401e-01 6.103455929032250982e-01 2.688689930798524585e-01 2.163567409131057218e-01 2.601876017449596956e-01 3.163763371988350670e-01 1.654172240236587432e-01 3.839348524721881706e-01 1.787507301454871189e-01 3.819993650463324175e-01 5.742288072689342160e-01 2.093488232803933924e-01 4.010792117837945758e-01 2.162509818044968946e-01 2.956434970996172362e-01 3.243807539176262189e-01 1.246991406599158025e-01 2.470816707486038211e-01 3.479800664929858511e-01 4.905557238732820569e-01 3.708885502931892342e-01 5.406831139174705925e-01 1.205071886173150059e-01 1.104891245218474483e-01 2.698856901229944594e-01 4.302768722455680983e-01 4.141908075156520153e-01 5.236313749975287646e-01 3.333088059241918755e-01 2.089085271151682188e-01 3.178582097294714859e-01 3.555684099691959199e-01 4.690455435129154971e-01 3.195489423871954449e-01 2.556308032189286705e-01 9.256628850507299389e-02
3.155603639000567617e-01 7.493209984412791957e-01 3.571173592957763709e-01 7.620920360176116626e-01 5.744217391401061912e-01 3.933291643569289397e-01 4.225369913567937896e-01 4.253970619601176173e-01 0.000000000000000000e+00 4.863103498372018940e-01 2.641140184971774163e-01 2.191589658908929261e-01 2.043294857198042491e-01 5.519048899369709549e-01 6.314389936294567685e-01 1.862641394507228987e-01 1.822465026612701267e-01 4.197435166776831705e-01 3.719680316536281839e-01 5.978617376688087903e-01 5.090650276317887357e-01 1.736726279687287322e-01 3.369369896881292403e-01 1.629147763379625580e-01 2.898372052833538270e-01 5.596412371551361398e-01 1.341473402506674906e-01 6.381222311559580085e-01 3.877726725079792547e-01 4.921731364626077410e-01 3.006979213002017870e-01 5.474278703941605206e-01 6.556112445292000546e-01 1.262818337762303678e-01 6.519295025306827140e-01 3.115332566978230022e-01 3.697952561591760223e-01 5.296549147150776404e-01 4.986531488279853375e-01 2.204700846498849898e-01 2.257757915154111339e-01 9.939079425467797768e-02 1.060785850235948929e-01 5.489600413446568128e-01 7.327383285394490908e-01 2.765382653273597002e-01 1.851819068148861658e-01 5.818810467768623651e-01 2.489501783802394175e-01 4.146254088738557386e-01
3.059618951681615240e-01 4.644544714615326808e-01 8.111330559994611722e-01 2.993089831458912164e-01 2.958519890115953732e-01 7.277984686822313032e-01 6.844721299396695491e-01 3.268004514082554213e-01 4.863103498372018940e-01 0.000000000000000000e+00 2.452812242580759139e-01 5.191295488777922795e-01 6.186735158798605250e-01 2.778177374123883547e-01 1.902466345568807338e-01 6.338665099823105331e-01 4.373915229979644659e-01 2.357389690023641848e-01 1.732821248408083215e-01 2.199092298797984124e-01 1.976526412330084082e-01 3.250191815773593174e-01 2.949671947784202053e-01 4.655371133061211864e-01 5.973832287356969362e-01 1.578592900076216943e-01 5.385214551500437929e-01 3.472270488906302188e-01 1.275925225553673492e-01 1.727796402636724848e-01 3.472503415090261170e-01 2.416228212688076860e-01 2.818276345914336734e-01 4.289162779480039656e-01 1.891464496589621014e-01 6.613867996867583976e-01 3.215194026801695415e-01 2.793621341898739341e-01 1.073486384528770377e-01 3.830278627662778712e-01 5.369015586909654525e-01 5.348779125071879692e-01 3.894335692450947572e-01 1.308514125003276685e-01 4.185669265322999877e-01 2.654641655114840515e-01 5.155068672024264442e-01 9.557069693966024904e-02 3.658479967027305491e-01 2.572580653954473218e-01
2.585793404922350214e-01 5.362365627016763003e-01 5.964613906630199525e-01 5.203330441817399787e-01 3.191627115846195073e-01 5.581043908534221165e-01 5.828971137396158353e-01 2.506070199553480093e-01 2.641140184971774163e-01 2.452812242580759139e-01 0.000000000000000000e+00 3.844165831770017250e-01 4.368371716148687356e-01 3.388204541973680595e-01 3.975101366155650573e-01 4.220563168633386653e-01 1.941168985721500317e-01 1.739663455424071692e-01 1.783781073972482145e-01 3.394179240014705834e-01 3.666576206534036819e-01 1.606839402190452237e-01 2.400628469309623592e-01 3.484093728905795495e-01 5.015922572878138697e-01 3.149696479788918757e-01 3.136963900034606123e-01 4.482240306338988178e-01 1.305848901715349619e-01 2.369141089071212236e-01 1.379501239771987187e-01 2.967940987109347617e-01 3.968802950385284523e-01 2.747822181052542168e-01 4.101705106948108637e-01 4.909188757616165799e-01 1.691209062892006232e-01 3.552323348217227839e-01 2.921686429144226271e-01 2.800199593586080726e-01 3.633023718852051442e-01 3.270002990179960434e-01 1.596269338877903954e-01 3.042884521684126042e-01 5.196538927998461954e-01 1.404603683409237080e-01 4.197158957545433222e-01 3.408519211977361074e-01 2.553555077031713361e-01 2.645334263680960141e-01
2.258468177042565472e-01 8.593344524370409854e-01 5.179323678340831405e-01 7.922240166881440171e-01 6.884994260190874238e-01 4.507571793925478909e-01 2.118170388884399180e-01 5.270017357775168554e-01 2.191589658908929261e-01 5.191295488777922795e-01 3.844165831770017250e-01 0.000000000000000000e+00 3.001134827405034788e-01 6.888100035495267059e-01 6.096210773564655350e-01 3.385087594601512428e-01 3.145569607981078541e-01 5.583829287194088664e-01 3.585295627934209639e-01 6.578948878056247729e-01 4.878190898580188062e-01 2.274833836135781162e-01 3.797423750631457873e-01 1.650324705800632341e-01 1.398374852370777854e-01 6.194263250730986936e-01 2.874761454604287669e-01 7.273301822554062435e-01 4.587061529919274072e-01 5.747257061175324866e-01 4.397461200185691643e-01 6.749904754873361501e-01 7.156443946660160371e-01 1.245769787187642474e-01 6.820614832012149575e-01 3.843455103970751519e-01 5.401649116428616226e-01 6.200649105293517538e-01 4.769107914251900504e-01 1.361016861115143806e-01 2.689880677472220039e-01 2.416772243418101040e-01 2.909487149865446209e-01 5.778238775927162507e-01 8.167964455922988032e-01 2.815156957031649254e-01 1.044708166325308690e-01 5.749064002694647124e-01 2.964491645528266606e-01 4.671608898417500821e-01
3.127116207116988900e-01 8.475565514766985054e-01 5.410877009659781356e-01 8.860078222817059368e-01 7.459016107119906813e-01 2.123246203754747263e-01 4.677516533270330013e-01 5.140681424903837948e-01 2.043294857198042491e-01 6.186735158798605250e-01 4.368371716148687356e-01 3.001134827405034788e-01 0.000000000000000000e+00 6.883550756899932122e-01 7.018779247529810528e-01 3.638147289580170862e-01 2.700436905013524069e-01 5.871415445585772552e-01 4.790186507996325171e-01 7.744292496668905290e-01 5.378388646958746078e-01 3.707064952559922522e-01 3.701004505034562464e-01 1.648820330940330425e-01 3.350518672535930387e-01 6.614311226664897347e-01 1.437782372738481418e-01 7.233551617911949672e-01 5.655962158369548520e-01 6.636530080344921201e-01 4.218170794009317714e-01 6.919920554604763741e-01 8.105525074394088758e-01 2.554385368068263218e-01 7.816054502032830920e-01 1.196474433406046756e-01 5.062454419121983351e-01 6.148878453503144881e-01 5.746480039767273285e-01 2.729804157269259401e-01 1.135646453264503725e-01 2.756802308259742595e-01 2.907646766154394213e-01 6.569894061986989442e-01 8.237788693495078363e-01 4.305760507521575464e-01 2.174822566207384178e-01 6.743611049994975293e-01 2.854962155028900606e-01 4.627914315738945739e-01
4.629631858452703530e-01 1.974161085043082964e-01 9.090222492327474368e-01 4.369376284484817186e-01 3.133057890468712303e-01 7.923975575059730714e-01 8.537739251743700075e-01 1.951614207935772338e-01 5.519048899369709549e-01 2.778177374123883547e-01 3.388204541973680595e-01 6.888100035495267059e-01 6.883550756899932122e-01 0.000000000000000000e+00 2.847259949789958666e-01 7.368534208800783247e-01 4.221283306518637257e-01 1.806792152963009879e-01 3.892704269476635615e-01 2.493624864949593178e-01 2.165517977948276385e-01 4.942551199244696880e-01 3.444107912274435579e-01 5.669558111031062220e-01 7.540206681071122130e-01 1.388455267888049072e-01 5.548891250586396318e-01 1.303420207175009504e-01 3.159453324317167411e-01 2.632289168461930950e-01 2.889384147178450934e-01 1.943140244221724655e-01 2.847253276218436602e-01 6.045519495310256453e-01 3.504422432311294910e-01 7.256395599742443414e-01 1.821096337777949881e-01 1.095752749393065634e-01 2.754023840472397122e-01 5.731780472323916298e-01 5.991472535724255977e-01 6.501392029743822132e-01 4.526161832665177576e-01 1.871737985794468817e-01 1.808334386024781082e-01 4.792808225382917398e-01 6.540019895696893570e-01 3.090970654615455282e-01 4.262757173756387963e-01 2.489805013046341720e-01
3.917258660810832849e-01 4.553254467663999105e-01 9.495937274484040902e-01 1.879321730488137665e-01 3.776149755213973336e-01 8.063935582046319883e-01 7.749636584183429155e-01 2.889105911869760401e-01 6.314389936294567685e-01 1.902466345568807338e-01 3.975101366155650573e-01 6.096210773564655350e-01 7.018779247529810528e-01 2.847259949789958666e-01 0.000000000000000000e+00 7.723271814312535621e-01 5.095582810769523352e-01 3.224155353214601671e-01 2.656912067254815768e-01 2.817819917410190889e-01 1.667080934575675411e-01 4.615023979579723212e-01 3.397351927889762924e-01 5.513010842190428917e-01 6.878747572143701916e-01 1.924656244243682646e-01 6.171165446724445891e-01 3.233211765847648356e-01 2.669252464440300399e-01 2.542018276915476438e-01 4.046618506365824985e-01 2.915894828003965378e-01 3.393772098103911006e-01 5.417818795402852272e-01 1.105883017225127163e-01 7.399818892091593048e-01 3.696624362335829694e-01 2.427608540147754568e-01 1.388667783676841572e-01 4.735193912449511267e-01 6.154966482133661376e-01 6.733385839561309982e-01 5.453049451997020736e-01 1.037565041742661009e-01 4.127874399216575063e-01 3.594942382472561260e-01 6.048380379871071133e-01 9.467593761722047085e-02 4.341333535640758412e-01 2.734709346858199552e-01
4.391515145312347990e-01 9.342695293843865656e-01 1.822661246730736817e-01 9.096481961627204127e-01 7.412190284479583946e-01 5.364214003011985588e-01 5.422091825775137153e-01 6.103455929032250982e-01 1.862641394507228987e-01 6.338665099823105331e-01 4.220563168633386653e-01 3.385087594601512428e-01 3.638147289580170862e-01 7.368534208800783247e-01 7.723271814312535621e-01 0.000000000000000000e+00 3.663473174108484165e-01 5.960226624057459732e-01 5.100337619103435527e-01 7.454178978139173184e-01 6.705688768565781777e-01 3.108247834732812964e-01 5.157813570405540560e-01 2.865059269691405675e-01 4.111059252389131502e-01 7.071973973002446678e-01 3.007678350703726911e-01 8.230707620990653783e-01 5.360600146348759587e-01 6.589704257704601664e-01 4.856464522433093234e-01 7.188504155742735380e-01 8.031674046743085826e-01 2.405843945615352419e-01 7.994856626757913531e-01 4.665912212351839838e-01 5.547437871022834477e-01 7.146034456581850103e-01 6.395413366297822977e-01 3.400229647612811879e-01 3.678843130980955500e-01 9.898859747512256391e-02 2.892390742184751673e-01 6.965162014897653409e-01 9.176868594825564607e-01 4.136904208319122644e-01 3.064506267704454334e-01 7.228129946678584217e-01 4.277945457326642331e-01 5.934697762262804988e-01
1.888502115841447226e-01 6.023574020661672801e-01 5.393638619570465531e-01 6.910191452052162342e-01 4.923133664411362131e-01 3.738879950773177363e-01 4.628444627336370520e-01 2.688689930798524585e-01 1.822465026612701267e-01 4.373915229979644659e-01 1.941168985721500317e-01 3.145569607981078541e-01 2.700436905013524069e-01 4.221283306518637257e-01 5.095582810769523352e-01 3.663473174108484165e-01 0.000000000000000000e+00 3.241559386674572885e-01 3.483165625583177216e-01 5.132358576303939213e-01 3.428501876193847941e-01 1.708682661249038837e-01 1.707221496757253543e-01 1.632702586750420792e-01 3.582356993378415511e-01 4.372139584387194078e-01 1.338650444456530586e-01 4.797905983164848509e-01 3.170189936256233021e-01 4.136869866299445198e-01 1.524462741709574631e-01 4.257653104223468876e-01 5.443257624012792784e-01 2.704298183868865113e-01 5.966046141488990928e-01 3.067024799855124217e-01 2.400186968740687654e-01 3.713232818756043718e-01 4.115459097106738406e-01 2.178320972661592081e-01 1.790859761091009028e-01 2.796330995051520829e-01 1.058621938516535049e-01 4.620007291222090751e-01 5.802143058747976090e-01 2.656959667063391040e-01 2.530524355818227211e-01 4.954796316153673441e-01 9.445007967521147629e-02 2.484105688614517971e-01
4.325456860346421073e-01 3.780953238006092842e-01 7.704277362054270384e-01 4.528309640736501440e-01 1.746174843506194951e-01 6.980439337447752468e-01 7.568634592820228102e-01 2.163567409131057218e-01 4.197435166776831705e-01 2.357389690023641848e-01 1.739663455424071692e-01 5.583829287194088664e-01 5.871415445585772552e-01 1.806792152963009879e-01 3.224155353214601671e-01 5.960226624057459732e-01 3.241559386674572885e-01 0.000000000000000000e+00 2.852135975157153447e-01 2.338498773951019072e-01 2.971093634337452216e-01 3.346502857614523374e-01 3.549802950886468134e-01 4.874261973424993677e-01 6.755586028302208446e-01 1.694844244082762685e-01 4.536755939272237304e-01 2.875475631100646856e-01 1.352661171354157810e-01 1.248101631735804018e-01 2.139666317133231688e-01 1.282245182873431588e-01 2.631018059943146525e-01 4.487485636476613582e-01 3.426684305867210845e-01 6.308584186529696547e-01 1.103071283519143908e-01 2.355653589671162229e-01 3.370472460228899902e-01 4.539863049010152696e-01 5.032419147765581080e-01 5.009666445604032958e-01 3.144342574476128305e-01 2.291938508743077141e-01 3.555168344195543395e-01 3.141123798936196754e-01 5.772083742492799541e-01 2.977648175254884455e-01 3.853945477984785373e-01 2.782390726165488992e-01
1.730817063592315908e-01 5.597948758351777299e-01 6.873003079274938587e-01 4.463765926511601423e-01 3.902222288442759868e-01 5.967985330386033072e-01 5.238721438552983445e-01 2.601876017449596956e-01 3.719680316536281839e-01 1.732821248408083215e-01 1.783781073972482145e-01 3.585295627934209639e-01 4.790186507996325171e-01 3.892704269476635615e-01 2.656912067254815768e-01 5.100337619103435527e-01 3.483165625583177216e-01 2.852135975157153447e-01 0.000000000000000000e+00 3.391011992037528677e-01 1.882795132561554952e-01 1.992089784370622008e-01 1.829856809587958599e-01 3.141366177055995301e-01 4.367832426513258426e-01 2.946285276391960584e-01 4.080769994797578959e-01 4.277906056535428769e-01 1.639452017961812447e-01 2.703177157623178339e-01 2.634660833538851610e-01 3.724080382325387073e-01 3.973943608667684368e-01 2.771398929864464789e-01 3.362140591642309717e-01 5.303868640431302905e-01 3.048856179528852128e-01 3.205253339274883317e-01 1.329809207942061755e-01 2.224278766819066944e-01 4.059016230473375120e-01 4.110451644352209333e-01 2.961508679791359788e-01 2.339339273371721095e-01 5.172568689904356587e-01 9.634334107843123274e-02 3.549068811180552396e-01 2.290589762324809764e-01 2.538664828831062592e-01 1.676213132398867156e-01
5.097490113674968404e-01 4.406981639052047761e-01 9.226844438310679575e-01 4.125047387537486010e-01 1.729768641273722318e-01 8.871238527077119906e-01 8.563754183682388277e-01 3.163763371988350670e-01 5.978617376688087903e-01 2.199092298797984124e-01 3.394179240014705834e-01 6.578948878056247729e-01 7.744292496668905290e-01 2.493624864949593178e-01 2.817819917410190889e-01 7.454178978139173184e-01 5.132358576303939213e-01 2.338498773951019072e-01 3.391011992037528677e-01 0.000000000000000000e+00 2.694153570921528629e-01 4.365705694089661582e-01 4.309530755783205214e-01 6.489351284878388526e-01 7.734505476595910922e-01 1.349409495431161121e-01 6.454315188868695596e-01 3.306369709542338886e-01 2.186763818889955746e-01 1.273068117621250495e-01 3.906777822543316403e-01 1.342697572990011745e-01 1.204039739182807822e-01 5.501472432989761296e-01 3.198461263266611510e-01 8.199383376159065095e-01 2.732171607563252391e-01 2.786547668112854259e-01 2.964137024424489120e-01 5.534982639872311205e-01 6.923218337394949629e-01 6.464293003387948655e-01 4.976401188649359764e-01 1.885603072938664970e-01 3.986062422637235425e-01 3.905260423120463509e-01 6.915741861263206003e-01 2.761197950786669075e-01 5.256566485094523733e-01 3.627897950476990374e-01
2.619722721537622867e-01 3.871512495822316269e-01 8.494847142332302425e-01 3.492542434860920197e-01 3.684412414805397495e-01 6.413701653287987581e-01 6.527830114828619967e-01 1.654172240236587432e-01 5.090650276317887357e-01 1.976526412330084082e-01 3.666576206534036819e-01 4.878190898580188062e-01 5.378388646958746078e-01 2.165517977948276385e-01 1.667080934575675411e-01 6.705688768565781777e-01 3.428501876193847941e-01 2.971093634337452216e-01 1.882795132561554952e-01 2.694153570921528629e-01 0.000000000000000000e+00 3.865259588390227430e-01 1.730270993314087513e-01 3.910091522409273601e-01 5.530297544156040912e-01 1.436765468088461450e-01 4.510406726169657876e-01 2.551469794005965519e-01 2.869459193467457370e-01 2.597741210355163921e-01 2.402996479974490451e-01 2.682970520432683137e-01 3.181632960740463645e-01 4.478123983653941598e-01 2.659385127854825281e-01 5.749584963333258525e-01 2.782160875744978945e-01 1.745866568306071454e-01 1.068503515986220787e-01 3.721871335408835635e-01 4.504732553375328519e-01 5.815011739260085299e-01 4.487123814710382574e-01 1.229765690708933129e-01 3.446132427374892782e-01 2.836603214803917195e-01 4.538494230319621847e-01 1.736843642208913407e-01 2.677306722625408253e-01 1.067628412282523725e-01
1.671360549294549913e-01 6.916712284287779289e-01 4.880913294904317690e-01 6.008008677577690859e-01 4.671751076224285315e-01 5.169722346293582627e-01 4.260262975649883321e-01 3.839348524721881706e-01 1.736726279687287322e-01 3.250191815773593174e-01 1.606839402190452237e-01 2.274833836135781162e-01 3.707064952559922522e-01 4.942551199244696880e-01 4.615023979579723212e-01 3.108247834732812964e-01 1.708682661249038837e-01 3.346502857614523374e-01 1.992089784370622008e-01 4.365705694089661582e-01 3.865259588390227430e-01 0.000000000000000000e+00 3.125051568113247913e-01 2.312475258168735781e-01 3.448254417594288079e-01 3.983500688952934521e-01 2.712383722459458246e-01 5.917846523739817011e-01 2.373818345952687647e-01 3.534013877208737053e-01 2.601513930531158536e-01 4.536661570906775909e-01 4.943200762693573114e-01 1.189152264345478965e-01 4.906383342708400264e-01 4.505605656338855791e-01 3.126815280292835064e-01 4.881927052271480827e-01 3.287165531565010013e-01 1.231491431839807082e-01 3.275732614000789189e-01 2.118361859981587048e-01 9.785546429423651327e-02 3.876688730848141806e-01 6.724373660188529556e-01 1.028656373586309680e-01 2.643860155022504932e-01 4.119882111945771253e-01 2.611238878144612752e-01 3.658677588227539634e-01
1.603618988617662444e-01 4.966405796915235316e-01 6.923450748598971582e-01 5.211960569172400248e-01 5.124717131959373173e-01 4.690403005759532507e-01 5.315782099503587599e-01 1.787507301454871189e-01 3.369369896881292403e-01 2.949671947784202053e-01 2.400628469309623592e-01 3.797423750631457873e-01 3.701004505034562464e-01 3.444107912274435579e-01 3.397351927889762924e-01 5.157813570405540560e-01 1.707221496757253543e-01 3.549802950886468134e-01 1.829856809587958599e-01 4.309530755783205214e-01 1.730270993314087513e-01 3.125051568113247913e-01 0.000000000000000000e+00 2.347400043319613216e-01 4.269694465545633144e-01 2.966193573020239338e-01 2.789126346733064588e-01 3.697041410625026558e-01 3.456596745238444957e-01 4.250173682548423759e-01 1.428948386463629872e-01 4.137491059309613695e-01 4.726623059721367093e-01 3.600762563979212350e-01 4.304425284364399862e-01 4.026286315804805671e-01 2.476851438391532434e-01 2.612368246216221768e-01 2.408237600349484864e-01 2.693160818329758954e-01 2.781433905846876220e-01 4.290671391348576669e-01 2.765843435273788731e-01 2.921776408342330877e-01 4.689327120650597092e-01 2.191585144494223036e-01 3.217861827985444290e-01 3.247574819396419343e-01 9.524301050377265154e-02 9.543028992280938594e-02
1.595917899155839259e-01 7.154877740326471836e-01 4.654217643457925768e-01 7.386315811164729794e-01 6.516168628190885936e-01 2.857247088124845735e-01 3.046757230759880586e-01 3.819993650463324175e-01 1.629147763379625580e-01 4.655371133061211864e-01 3.484093728905795495e-01 1.650324705800632341e-01 1.648820330940330425e-01 5.669558111031062220e-01 5.513010842190428917e-01 2.865059269691405675e-01 1.632702586750420792e-01 4.874261973424993677e-01 3.141366177055995301e-01 6.489351284878388526e-01 3.910091522409273601e-01 2.312475258168735781e-01 2.347400043319613216e-01 0.000000000000000000e+00 2.000669596801925576e-01 5.146014102115424871e-01 1.440085827181435962e-01 5.912863843471437564e-01 4.567140187671796525e-01 5.693682601415901434e-01 2.947437492873847820e-01 5.890355690973889669e-01 6.906443588816555401e-01 1.636978618802479579e-01 6.284690476295438089e-01 2.193130398170119733e-01 4.032889555491108169e-01 4.828190679062632773e-01 4.215116014029880454e-01 1.080983826328929115e-01 1.039555971671587559e-01 1.974382240385708642e-01 2.276207657866890777e-01 5.101596937437516965e-01 6.917100919054566255e-01 2.656940176581245594e-01 9.488369592417379705e-02 5.212247024257582462e-01 1.514467938216421949e-01 3.287420098926468470e-01
2.985559886727457979e-01 9.077172162552489265e-01 5.911460687646804546e-01 8.704776965460487848e-01 8.043073117847016062e-01 4.857916684926772422e-01 1.408511024268140621e-01 5.742288072689342160e-01 2.898372052833538270e-01 5.973832287356969362e-01 5.015922572878138697e-01 1.398374852370777854e-01 3.350518672535930387e-01 7.540206681071122130e-01 6.878747572143701916e-01 4.111059252389131502e-01 3.582356993378415511e-01 6.755586028302208446e-01 4.367832426513258426e-01 7.734505476595910922e-01 5.530297544156040912e-01 3.448254417594288079e-01 4.269694465545633144e-01 2.000669596801925576e-01 0.000000000000000000e+00 6.923367549038723645e-01 3.382009873822047763e-01 7.835158265697454993e-01 5.745140387575414787e-01 6.905335918831466691e-01 4.869731915099866915e-01 7.840010097601883832e-01 8.314522804316302196e-01 2.530442850350695938e-01 7.603151630591195032e-01 4.193799994972045586e-01 5.982543962119102332e-01 6.750485101288651313e-01 5.551644712830948736e-01 2.224426061775874874e-01 3.040225568473512996e-01 3.212981181177946288e-01 3.959157903069486784e-01 6.554737592574345628e-01 8.820071101498844213e-01 3.866213798821558356e-01 1.175696106328546348e-01 6.531600801273694801e-01 3.436762360442441322e-01 5.209714521152487565e-01
4.012792726420304490e-01 3.285809026029811175e-01 8.844639433173954179e-01 3.231883714370978322e-01 2.263208940766062160e-01 7.649624232994138850e-01 7.920900119711301590e-01 2.093488232803933924e-01 5.596412371551361398e-01 1.578592900076216943e-01 3.149696479788918757e-01 6.194263250730986936e-01 6.614311226664897347e-01 1.388455267888049072e-01 1.924656244243682646e-01 7.071973973002446678e-01 4.372139584387194078e-01 1.694844244082762685e-01 2.946285276391960584e-01 1.349409495431161121e-01 1.436765468088461450e-01 3.983500688952934521e-01 2.966193573020239338e-01 5.146014102115424871e-01 6.923367549038723645e-01 0.000000000000000000e+00 5.699747528454953693e-01 2.147240863642587427e-01 1.843847578073568860e-01 1.384181166050066358e-01 3.040240425047006645e-01 1.260202716108150545e-01 1.760429486701128032e-01 5.116786805664499393e-01 2.305297590100102989e-01 6.985507543039408684e-01 1.971952615646506701e-01 1.563999022771362657e-01 1.934947888853720543e-01 5.114941340291517813e-01 5.740655133081480344e-01 6.082087998251223260e-01 4.627644565630288920e-01 9.768228559221368845e-02 2.826933576737483689e-01 3.490988976797437249e-01 5.928503346013669351e-01 1.891386180567788400e-01 3.913229302331559523e-01 2.284560767714023666e-01
2.388519684039616953e-01 7.345676207701092864e-01 4.773315528897158488e-01 7.992096302027972277e-01 6.169038799319697119e-01 2.780933145038795296e-01 4.440409777198727759e-01 4.010792117837945758e-01 1.341473402506674906e-01 5.385214551500437929e-01 3.136963900034606123e-01 2.874761454604287669e-01 1.437782372738481418e-01 5.548891250586396318e-01 6.171165446724445891e-01 3.007678350703726911e-01 1.338650444456530586e-01 4.536755939272237304e-01 4.080769994797578959e-01 6.454315188868695596e-01 4.510406726169657876e-01 2.712383722459458246e-01 2.789126346733064588e-01 1.440085827181435962e-01 3.382009873822047763e-01 5.699747528454953693e-01 0.000000000000000000e+00 6.103662310846058592e-01 4.365984850569338827e-01 5.346552772544711507e-01 2.856384333452324231e-01 5.585261048291227937e-01 6.770865568080550734e-01 2.402899176617987465e-01 7.014533894734663599e-01 2.021908318931451287e-01 3.727794912808446992e-01 5.018989146437253801e-01 4.944959432469104854e-01 2.156107667092327651e-01 9.996029572288925302e-02 2.140536171646763575e-01 1.780867360131614396e-01 5.701912141197901240e-01 7.107899386429186173e-01 3.596343994322829252e-01 2.206313767493501554e-01 5.942090442696806862e-01 1.892981563421960167e-01 3.566010538590328460e-01
5.014833645511497240e-01 1.354743542137441803e-01 9.952395904517347125e-01 4.827885904173873644e-01 4.015873870834347770e-01 8.167281307500106058e-01 8.881245899655408893e-01 2.162509818044968946e-01 6.381222311559580085e-01 3.472270488906302188e-01 4.482240306338988178e-01 7.273301822554062435e-01 7.233551617911949672e-01 1.303420207175009504e-01 3.233211765847648356e-01 8.230707620990653783e-01 4.797905983164848509e-01 2.875475631100646856e-01 4.277906056535428769e-01 3.306369709542338886e-01 2.551469794005965519e-01 5.917846523739817011e-01 3.697041410625026558e-01 5.912863843471437564e-01 7.835158265697454993e-01 2.147240863642587427e-01 6.103662310846058592e-01 0.000000000000000000e+00 3.871321772892467594e-01 3.445034013054676381e-01 3.374243098557564435e-01 2.815268862700107677e-01 3.659998120811180922e-01 6.873234907627815415e-01 3.962932052000351368e-01 7.499701332182819868e-01 2.791031243446981391e-01 1.102928421575713747e-01 3.139975656530086257e-01 6.116982259382710563e-01 6.234778268164631321e-01 7.363565441933692668e-01 5.460339751200323777e-01 2.330247605483524997e-01 1.016072279249746191e-01 5.231714138777792122e-01 6.783325628137267804e-01 3.539595277849841293e-01 4.515690672106978942e-01 2.742738511396932699e-01
3.191304417924354930e-01 5.043595998601492214e-01 7.133265606520263757e-01 3.897481540102049058e-01 2.372939645843035461e-01 6.810064859068956089e-01 6.571866835545412400e-01 2.956434970996172362e-01 3.877726725079792547e-01 1.275925225553673492e-01 1.305848901715349619e-01 4.587061529919274072e-01 5.655962158369548520e-01 3.159453324317167411e-01 2.669252464440300399e-01 5.360600146348759587e-01 3.170189936256233021e-01 1.352661171354157810e-01 1.639452017961812447e-01 2.186763818889955746e-01 2.869459193467457370e-01 2.373818345952687647e-01 3.456596745238444957e-01 4.567140187671796525e-01 5.745140387575414787e-01 1.843847578073568860e-01 4.365984850569338827e-01 3.871321772892467594e-01 0.000000000000000000e+00 1.289318012425661464e-01 2.244184042108890165e-01 2.289343841432099624e-01 2.764258887493867278e-01 3.509585084852787640e-01 2.795856205232758462e-01 6.138209708150900168e-01 1.948975490967352897e-01 3.192672625884904747e-01 2.069375555958863355e-01 3.543095291735336994e-01 4.862044669386785256e-01 4.370714171597533948e-01 2.888070850350002994e-01 1.737035619968776146e-01 4.584720549309164728e-01 1.986745895856204813e-01 4.926376772242711533e-01 2.231632194950275982e-01 3.782576027566446064e-01 3.079505451408716121e-01
4.351499949180404059e-01 4.545645942564385256e-01 8.333754995701413426e-01 3.849245747042772114e-01 1.265679476136678250e-01 7.790632781044326549e-01 7.732062366801465414e-01 3.243807539176262189e-01 4.921731364626077410e-01 1.727796402636724848e-01 2.369141089071212236e-01 5.747257061175324866e-01 6.636530080344921201e-01 2.632289168461930950e-01 2.542018276915476438e-01 6.589704257704601664e-01 4.136869866299445198e-01 1.248101631735804018e-01 2.703177157623178339e-01 1.273068117621250495e-01 2.597741210355163921e-01 3.534013877208737053e-01 4.250173682548423759e-01 5.693682601415901434e-01 6.905335918831466691e-01 1.384181166050066358e-01 5.346552772544711507e-01 3.445034013054676381e-01 1.289318012425661464e-01 0.000000000000000000e+00 3.161762065200696137e-01 1.444196333636495744e-01 1.752291538870136556e-01 4.669780616108836213e-01 2.788356461620886129e-01 7.118777630126273959e-01 2.351172915254947093e-01 2.914797476107414687e-01 2.688335383929774669e-01 4.703290822991386122e-01 5.842612591362157382e-01 5.632601186507025792e-01 3.868638772325375674e-01 1.609801432443952185e-01 4.124726726149572920e-01 3.146941427112254219e-01 6.086572303498762881e-01 2.339320331008559739e-01 4.749255957609657131e-01 3.568540877242208920e-01
2.712278997016586701e-01 4.562526532057952222e-01 6.578152805959781579e-01 5.726753459773895605e-01 3.868011352775416190e-01 5.198571946174742608e-01 5.915819549057821369e-01 1.246991406599158025e-01 3.006979213002017870e-01 3.472503415090261170e-01 1.379501239771987187e-01 4.397461200185691643e-01 4.218170794009317714e-01 2.889384147178450934e-01 4.046618506365824985e-01 4.856464522433093234e-01 1.524462741709574631e-01 2.139666317133231688e-01 2.634660833538851610e-01 3.906777822543316403e-01 2.402996479974490451e-01 2.601513930531158536e-01 1.428948386463629872e-01 2.947437492873847820e-01 4.869731915099866915e-01 3.040240425047006645e-01 2.856384333452324231e-01 3.374243098557564435e-01 2.244184042108890165e-01 3.161762065200696137e-01 0.000000000000000000e+00 3.032072350462844401e-01 4.217676870252169419e-01 3.658565832133662266e-01 4.866398097427956371e-01 4.526716795256689463e-01 1.174606214980063040e-01 2.289569934148758812e-01 3.180991623031252935e-01 3.430212564866205183e-01 3.250551756492574551e-01 3.989322343376129343e-01 2.086096652642760452e-01 3.246597865647746772e-01 4.378480174140692016e-01 2.689325561124154551e-01 3.817899277539679170e-01 4.020328842078187970e-01 1.735409386750655092e-01 1.335368067691966587e-01
5.244550724786614104e-01 3.915880792209816552e-01 8.932554893739546031e-01 4.223122298131260499e-01 1.205775864902086658e-01 7.996533054996648460e-01 8.734710060499503159e-01 2.470816707486038211e-01 5.474278703941605206e-01 2.416228212688076860e-01 2.967940987109347617e-01 6.749904754873361501e-01 6.919920554604763741e-01 1.943140244221724655e-01 2.915894828003965378e-01 7.188504155742735380e-01 4.257653104223468876e-01 1.282245182873431588e-01 3.724080382325387073e-01 1.342697572990011745e-01 2.682970520432683137e-01 4.536661570906775909e-01 4.137491059309613695e-01 5.890355690973889669e-01 7.840010097601883832e-01 1.260202716108150545e-01 5.585261048291227937e-01 2.815268862700107677e-01 2.289343841432099624e-01 1.444196333636495744e-01 3.032072350462844401e-01 0.000000000000000000e+00 1.361206777634896281e-01 5.672428309806876179e-01 3.296536173860385444e-01 7.324677904078592539e-01 1.857466135482781222e-01 2.295446821270622773e-01 3.062211935018263609e-01 5.705938516689424977e-01 6.048512865314477072e-01 6.237943977289308606e-01 4.421186111640902916e-01 1.983677983532440847e-01 3.494961575795004216e-01 4.247491571255336829e-01 6.788177460041695532e-01 2.882624764328071132e-01 4.767481737213498660e-01 3.350453416772691262e-01
