0.000000000000000000e+00 1.525973941431001846e+00 1.416543369377154304e+00 9.543926249620043878e-01 1.124525929425739035e+00 8.735625517976468579e-01 6.682428994426119484e-01 5.798420647776263426e-01 1.072879834987688463e+00 9.705039991111841235e-01 4.986172912232129661e-01 4.120244799268055202e-01 7.540755498850848504e-01 6.701386797187223188e-01 8.092526552010470553e-01 3.107854973867325565e-01 2.780337633124734809e-01 5.714109847757918859e-01 9.232008207302656588e-01 1.295358038833114289e+00 1.192312560076385752e+00 9.408148558681374007e-01 4.866275926550377440e-01 5.472052935751992031e-01 2.152927693576252022e-01
1.525973941431001846e+00 0.000000000000000000e+00 1.341759971190462197e+00 1.527725003670439730e+00 9.073982375137976675e-01 1.638627914577363898e+00 9.229659415094608743e-01 1.033264036984335110e+00 4.694393528042926089e-01 9.225200587856426937e-01 1.299312477554023459e+00 1.154474459838298328e+00 7.718983915459179945e-01 1.222440443402663890e+00 8.695882175871173514e-01 1.284746500294456029e+00 1.549024654015503488e+00 1.031983633127351530e+00 7.161285155787815437e-01 2.454927801086761452e-01 1.114225189276204064e+00 6.820822509762101138e-01 1.124586361631740861e+00 9.807470907000328531e-01 1.336409131095125602e+00
1.416543369377154304e+00 1.341759971190462197e+00 0.000000000000000000e+00 1.536378994233333684e+00 9.025465681027465825e-01 1.540363985507146927e+00 8.713350761040147274e-01 1.029831648754868212e+00 9.051177255717209880e-01 4.550914545323735960e-01 1.196044570491752390e+00 1.209603645696288865e+00 9.022558738583678073e-01 1.227188332752575217e+00 7.632254874214916551e-01 1.105757871990421082e+00 1.482304022559599810e+00 8.499993740582358903e-01 7.043805365282745923e-01 1.108858447269985614e+00 2.333110158715779314e-01 8.261316670647890215e-01 9.811773520540878479e-01 1.111104573012482888e+00 1.297957684860596483e+00
9.543926249620043878e-01 1.527725003670439730e+00 1.536378994233333684e+00 0.000000000000000000e+00 1.291021423689376668e+00 1.132166986417721732e+00 6.650439181293200663e-01 9.005987391557459532e-01 1.079472982578632889e+00 1.109424293351799262e+00 7.648318895581635024e-01 5.851363672433752550e-01 7.974772384541607417e-01 3.178041860737754187e-01 1.096859623178160659e+00 8.234401165732168071e-01 1.013705094709346888e+00 8.889436952689403482e-01 9.025480155750580380e-01 1.296435977079349433e+00 1.308511464380412992e+00 1.015279513145249224e+00 7.279505854924644970e-01 7.026223286938012569e-01 7.443471062216414635e-01
1.124525929425739035e+00 9.073982375137976675e-01 9.025465681027465825e-01 1.291021423689376668e+00 0.000000000000000000e+00 1.330738322581515254e+00 6.500430436154968072e-01 5.801659500495858213e-01 4.623857608122423080e-01 4.693269525552237753e-01 9.737899694413423290e-01 8.589835198385559201e-01 4.940312438791863991e-01 9.818307622086177577e-01 3.217564072458783953e-01 8.177252355392372607e-01 1.170781075616857070e+00 5.741508360613377659e-01 4.350971472143885244e-01 6.724055999054988630e-01 6.769334572639952308e-01 2.926161091210068288e-01 7.634410910405894368e-01 6.510378265623014693e-01 1.004437535092032263e+00
8.735625517976468579e-01 1.638627914577363898e+00 1.540363985507146927e+00 1.132166986417721732e+00 1.330738322581515254e+00 0.000000000000000000e+00 7.194238255858729225e-01 9.311366825233171607e-01 1.193954218871316364e+00 1.102309874658093269e+00 3.781182725722352367e-01 7.295505319758511797e-01 9.816826743476286810e-01 8.389274955431874625e-01 1.026464161764381489e+00 6.594336112143439621e-01 9.875887278314253725e-01 7.688558691883671248e-01 9.749570185910706455e-01 1.406223917095469345e+00 1.311920381209235043e+00 1.168449051932734184e+00 5.696644296380450889e-01 9.222292401915078708e-01 7.057227245316578523e-01
6.682428994426119484e-01 9.229659415094608743e-01 8.713350761040147274e-01 6.650439181293200663e-01 6.500430436154968072e-01 7.194238255858729225e-01 0.000000000000000000e+00 5.723442602241517463e-01 4.782922458034136737e-01 4.443803752224795289e-01 3.801083885625318182e-01 3.585767261115360705e-01 3.326241216960112435e-01 3.558532566485606008e-01 4.408492956484000858e-01 4.256523638289156919e-01 7.548020564463677751e-01 2.829493768931853892e-01 2.615416636547830964e-01 6.905619440275662102e-01 6.434675462510922594e-01 4.527870788648312717e-01 2.081240546816400250e-01 3.769678632954621689e-01 4.711335675713932969e-01
5.798420647776263426e-01 1.033264036984335110e+00 1.029831648754868212e+00 9.005987391557459532e-01 5.801659500495858213e-01 9.311366825233171607e-01 5.723442602241517463e-01 0.000000000000000000e+00 5.740575594816620386e-01 5.747401942224945603e-01 5.621938366895355976e-01 3.605866709486625354e-01 3.289708258683656794e-01 6.061835780192530443e-01 3.043377839398798135e-01 2.927411363396035249e-01 6.067684826525501229e-01 2.924394558110002817e-01 5.574524448672468768e-01 8.064035079302022124e-01 8.059741281893834097e-01 3.824836692333797861e-01 4.214480617643776017e-01 2.066050968619866923e-01 4.388135770739179375e-01
1.072879834987688463e+00 4.694393528042926089e-01 9.051177255717209880e-01 1.079472982578632889e+00 4.623857608122423080e-01 1.193954218871316364e+00 4.782922458034136737e-01 5.740575594816620386e-01 0.000000000000000000e+00 4.858778131669010958e-01 8.546387818479759257e-01 7.052898903194344538e-01 3.188042851026038904e-01 7.750206229073403064e-01 4.246502173835137173e-01 8.284849078541780543e-01 1.095930547572190550e+00 5.953413875086098761e-01 2.732613459339341411e-01 2.467699803678745363e-01 6.775829436574620779e-01 2.174175250514108482e-01 6.799126659256933269e-01 5.276529842567183604e-01 8.833150246518116644e-01
9.705039991111841235e-01 9.225200587856426937e-01 4.550914545323735960e-01 1.109424293351799262e+00 4.693269525552237753e-01 1.102309874658093269e+00 4.443803752224795289e-01 5.747401942224945603e-01 4.858778131669010958e-01 0.000000000000000000e+00 7.559903598106156863e-01 7.846923577059375932e-01 4.855641304394217594e-01 8.002336318710401297e-01 3.081340328891179481e-01 6.597185017244515670e-01 1.036264652293630073e+00 4.039600037922660425e-01 2.876887931093287110e-01 6.895395268430860591e-01 2.340321257472441352e-01 3.948687134681795885e-01 5.411231413729512552e-01 6.944128295935363404e-01 8.519183145946268576e-01
4.986172912232129661e-01 1.299312477554023459e+00 1.196044570491752390e+00 7.648318895581635024e-01 9.737899694413423290e-01 3.781182725722352367e-01 3.801083885625318182e-01 5.621938366895355976e-01 8.546387818479759257e-01 7.559903598106156863e-01 0.000000000000000000e+00 3.586370321028719554e-01 6.313236743448792376e-01 4.737770126123687087e-01 6.687813769428685440e-01 2.850920857268520736e-01 6.126434672569915918e-01 4.081324581795870432e-01 6.356415815677295411e-01 1.066908480072128018e+00 9.676009661938395068e-01 8.291336149093931907e-01 2.184205359422940196e-01 5.594886663619339506e-01 3.307774639572236275e-01
4.120244799268055202e-01 1.154474459838298328e+00 1.209603645696288865e+00 5.851363672433752550e-01 8.589835198385559201e-01 7.295505319758511797e-01 3.585767261115360705e-01 3.605866709486625354e-01 7.052898903194344538e-01 7.846923577059375932e-01 3.586370321028719554e-01 0.000000000000000000e+00 3.864856052168305633e-01 3.169536803772368128e-01 6.310561460334264128e-01 2.873150524433794040e-01 4.568737721231166948e-01 4.850241399444701895e-01 5.610806789324052080e-01 9.231854332472070324e-01 9.817361158433667301e-01 6.060843469583020449e-01 3.783046424274850161e-01 2.079456932762543120e-01 2.061114241011212100e-01
7.540755498850848504e-01 7.718983915459179945e-01 9.022558738583678073e-01 7.974772384541607417e-01 4.940312438791863991e-01 9.816826743476286810e-01 3.326241216960112435e-01 3.289708258683656794e-01 3.188042851026038904e-01 4.855641304394217594e-01 6.313236743448792376e-01 3.864856052168305633e-01 0.000000000000000000e+00 4.980112887551113587e-01 3.422777639172525088e-01 5.280816070949135854e-01 7.771262624695867149e-01 5.725501218696935624e-01 2.594306318496061303e-01 5.412824889480291057e-01 6.747210919441085641e-01 2.195987417414714815e-01 5.172895828138773799e-01 2.088486991541144977e-01 5.645107395492080515e-01
6.701386797187223188e-01 1.222440443402663890e+00 1.227188332752575217e+00 3.178041860737754187e-01 9.818307622086177577e-01 8.389274955431874625e-01 3.558532566485606008e-01 6.061835780192530443e-01 7.750206229073403064e-01 8.002336318710401297e-01 4.737770126123687087e-01 3.169536803772368128e-01 4.980112887551113587e-01 0.000000000000000000e+00 7.879173261466612121e-01 5.354614931378265386e-01 7.302249516842201915e-01 5.800013982374406796e-01 5.933573540942983504e-01 9.906551939044100363e-01 9.993208028996527492e-01 7.158135634462000629e-01 4.190082884609649394e-01 4.081976489213258175e-01 4.582405984963126011e-01
8.092526552010470553e-01 8.695882175871173514e-01 7.632254874214916551e-01 1.096859623178160659e+00 3.217564072458783953e-01 1.026464161764381489e+00 4.408492956484000858e-01 3.043377839398798135e-01 4.246502173835137173e-01 3.081340328891179481e-01 6.687813769428685440e-01 6.310561460334264128e-01 3.422777639172525088e-01 7.879173261466612121e-01 0.000000000000000000e+00 5.026553063295174928e-01 8.555078013921648683e-01 2.659182315142381570e-01 3.154118562355840982e-01 6.339780385381678096e-01 5.421661586363621943e-01 2.204983411511234059e-01 4.584324985421158183e-01 4.231104527571719065e-01 6.937312588068447194e-01
3.107854973867325565e-01 1.284746500294456029e+00 1.105757871990421082e+00 8.234401165732168071e-01 8.177252355392372607e-01 6.594336112143439621e-01 4.256523638289156919e-01 2.927411363396035249e-01 8.284849078541780543e-01 6.597185017244515670e-01 2.850920857268520736e-01 2.873150524433794040e-01 5.280816070949135854e-01 5.354614931378265386e-01 5.026553063295174928e-01 0.000000000000000000e+00 3.831837329368145695e-01 2.606254873890593848e-01 6.252216279017580591e-01 1.054840607139059916e+00 8.815270626896533068e-01 6.646030961986226782e-01 2.175283091472756392e-01 3.192329079407993375e-01 2.107445251542626463e-01
2.780337633124734809e-01 1.549024654015503488e+00 1.482304022559599810e+00 1.013705094709346888e+00 1.170781075616857070e+00 9.875887278314253725e-01 7.548020564463677751e-01 6.067684826525501229e-01 1.095930547572190550e+00 1.036264652293630073e+00 6.126434672569915918e-01 4.568737721231166948e-01 7.771262624695867149e-01 7.302249516842201915e-01 8.555078013921648683e-01 3.831837329368145695e-01 0.000000000000000000e+00 6.371716379582377243e-01 9.988102392114124317e-01 1.318408751417616154e+00 1.258073213258831258e+00 9.601665944425926691e-01 5.959376223643013670e-01 5.702560061597009566e-01 2.894496273777041329e-01
5.714109847757918859e-01 1.031983633127351530e+00 8.499993740582358903e-01 8.889436952689403482e-01 5.741508360613377659e-01 7.688558691883671248e-01 2.829493768931853892e-01 2.924394558110002817e-01 5.953413875086098761e-01 4.039600037922660425e-01 4.081324581795870432e-01 4.850241399444701895e-01 5.725501218696935624e-01 5.800013982374406796e-01 2.659182315142381570e-01 2.606254873890593848e-01 6.371716379582377243e-01 0.000000000000000000e+00 3.748528095994770326e-01 7.990821092068743914e-01 6.257685647574676713e-01 4.779423224309918838e-01 2.113914320476961706e-01 4.642029978398661272e-01 4.575819062021648786e-01
9.232008207302656588e-01 7.161285155787815437e-01 7.043805365282745923e-01 9.025480155750580380e-01 4.350971472143885244e-01 9.749570185910706455e-01 2.615416636547830964e-01 5.574524448672468768e-01 2.732613459339341411e-01 2.876887931093287110e-01 6.356415815677295411e-01 5.610806789324052080e-01 2.594306318496061303e-01 5.933573540942983504e-01 3.154118562355840982e-01 6.252216279017580591e-01 9.988102392114124317e-01 3.748528095994770326e-01 0.000000000000000000e+00 4.837245180968868796e-01 4.768457546140156822e-01 2.760396638452776719e-01 4.419617521995980458e-01 4.463430606694667735e-01 7.269547463830842160e-01
1.295358038833114289e+00 2.454927801086761452e-01 1.108858447269985614e+00 1.296435977079349433e+00 6.724055999054988630e-01 1.406223917095469345e+00 6.905619440275662102e-01 8.064035079302022124e-01 2.467699803678745363e-01 6.895395268430860591e-01 1.066908480072128018e+00 9.231854332472070324e-01 5.412824889480291057e-01 9.906551939044100363e-01 6.339780385381678096e-01 1.054840607139059916e+00 1.318408751417616154e+00 7.990821092068743914e-01 4.837245180968868796e-01 0.000000000000000000e+00 8.813236653557264821e-01 4.531842992278232174e-01 8.921823641498457524e-01 7.501311881021434091e-01 1.105793228497236935e+00
1.192312560076385752e+00 1.114225189276204064e+00 2.333110158715779314e-01 1.308511464380412992e+00 6.769334572639952308e-01 1.311920381209235043e+00 6.434675462510922594e-01 8.059741281893834097e-01 6.775829436574620779e-01 2.340321257472441352e-01 9.676009661938395068e-01 9.817361158433667301e-01 6.747210919441085641e-01 9.993208028996527492e-01 5.421661586363621943e-01 8.815270626896533068e-01 1.258073213258831258e+00 6.257685647574676713e-01 4.768457546140156822e-01 8.813236653557264821e-01 0.000000000000000000e+00 6.005185562260373366e-01 7.527337477561750756e-01 8.835697910982232006e-01 1.073726875559828375e+00
9.408148558681374007e-01 6.820822509762101138e-01 8.261316670647890215e-01 1.015279513145249224e+00 2.926161091210068288e-01 1.168449051932734184e+00 4.527870788648312717e-01 3.824836692333797861e-01 2.174175250514108482e-01 3.948687134681795885e-01 8.291336149093931907e-01 6.060843469583020449e-01 2.195987417414714815e-01 7.158135634462000629e-01 2.204983411511234059e-01 6.646030961986226782e-01 9.601665944425926691e-01 4.779423224309918838e-01 2.760396638452776719e-01 4.531842992278232174e-01 6.005185562260373366e-01 0.000000000000000000e+00 6.571492810285014530e-01 4.056964438389518701e-01 7.602538030403843683e-01
4.866275926550377440e-01 1.124586361631740861e+00 9.811773520540878479e-01 7.279505854924644970e-01 7.634410910405894368e-01 5.696644296380450889e-01 2.081240546816400250e-01 4.214480617643776017e-01 6.799126659256933269e-01 5.411231413729512552e-01 2.184205359422940196e-01 3.783046424274850161e-01 5.172895828138773799e-01 4.190082884609649394e-01 4.584324985421158183e-01 2.175283091472756392e-01 5.959376223643013670e-01 2.113914320476961706e-01 4.419617521995980458e-01 8.921823641498457524e-01 7.527337477561750756e-01 6.571492810285014530e-01 0.000000000000000000e+00 4.854251183944409131e-01 3.392933422286806833e-01
5.472052935751992031e-01 9.807470907000328531e-01 1.111104573012482888e+00 7.026223286938012569e-01 6.510378265623014693e-01 9.222292401915078708e-01 3.769678632954621689e-01 2.066050968619866923e-01 5.276529842567183604e-01 6.944128295935363404e-01 5.594886663619339506e-01 2.079456932762543120e-01 2.088486991541144977e-01 4.081976489213258175e-01 4.231104527571719065e-01 3.192329079407993375e-01 5.702560061597009566e-01 4.642029978398661272e-01 4.463430606694667735e-01 7.501311881021434091e-01 8.835697910982232006e-01 4.056964438389518701e-01 4.854251183944409131e-01 0.000000000000000000e+00 3.627818582079842535e-01
2.152927693576252022e-01 1.336409131095125602e+00 1.297957684860596483e+00 7.443471062216414635e-01 1.004437535092032263e+00 7.057227245316578523e-01 4.711335675713932969e-01 4.388135770739179375e-01 8.833150246518116644e-01 8.519183145946268576e-01 3.307774639572236275e-01 2.061114241011212100e-01 5.645107395492080515e-01 4.582405984963126011e-01 6.937312588068447194e-01 2.107445251542626463e-01 2.894496273777041329e-01 4.575819062021648786e-01 7.269547463830842160e-01 1.105793228497236935e+00 1.073726875559828375e+00 7.602538030403843683e-01 3.392933422286806833e-01 3.627818582079842535e-01 0.000000000000000000e+00
