0.000000000000000000e+00 9.905022436843000655e-01 9.078748016739884852e-01 9.616232924068911503e-01 6.948287385032120289e-01 6.334320198252519907e-01 5.550747502412880507e-01 4.832672253854793376e-01 4.376874121786094585e-01 3.821945027018545660e-01 6.211214554383741593e-01 3.341322583457776996e-01 6.456905236879297849e-01 7.658098706826488300e-01 7.346961668960574343e-01 2.770851136884709409e-01 4.178471075700884163e-01 2.533879275912912510e-01 2.138726474973925151e-01 6.769678615385460452e-01 1.998860352689076636e-01 5.021198676124835059e-01 1.947836110617720828e-01 4.299261221583499659e-01 6.455679927245201455e-01 4.456846240946433779e-01 4.104110744389100063e-01 6.177385208903379832e-01 5.958067605448216231e-01 5.832767351053350646e-01 3.113417742107278396e-01 5.007155554696024469e-01 8.100572582050141746e-01 8.592800907380470088e-01 2.761359178322848607e-01 7.590984979959696233e-01 1.577278418768895407e-01 3.973277138163356925e-01 8.505920487224994941e-01 2.158117691146980710e-01 3.476516301899802985e-01 1.426413179098574013e-01 3.701709405208515880e-01 5.355342451710736196e-01 7.160290089064674790e-01 2.683624640894541891e-01 8.262600772550400263e-01 4.609925131394272402e-01 5.296317673500609002e-01 1.509295984817433656e-01
9.905022436843000655e-01 0.000000000000000000e+00 9.154683986129118489e-01 8.391486278018178702e-01 1.156184391804716327e+00 1.181355044637443008e+00 5.505460985147713204e-01 6.834729789321958293e-01 1.414635660789160587e+00 8.540025763024872152e-01 6.277926704962799587e-01 8.675162231588312567e-01 5.254839121277411484e-01 2.831739209636842114e-01 8.622815894656716829e-01 8.086804609111044595e-01 6.046561534999297383e-01 1.230336176201842102e+00 7.856002486862514456e-01 4.946626493012142300e-01 9.201520744786304551e-01 9.661456309401810216e-01 8.416768451846466936e-01 6.796144297386650379e-01 4.673135895874865886e-01 1.011862108754020939e+00 6.877975950262652516e-01 6.976525182053793239e-01 4.153350429926331300e-01 8.028918982011047367e-01 7.134039838296463154e-01 5.475940816120291599e-01 6.754144720832515603e-01 8.490610226348107581e-01 1.253084166442836045e+00 7.749983957502536436e-01 8.635188963142841345e-01 7.082931349397236787e-01 1.443192591165494143e-01 8.646763724435593268e-01 7.569232169937294419e-01 1.124004431542270144e+00 7.346894285353183784e-01 5.490163843105066999e-01 7.302793973226688884e-01 8.261610948445951008e-01 9.059451411889947181e-01 7.816968982845379221e-01 5.581119433504763139e-01 9.522002717401977234e-01
9.078748016739884852e-01 9.154683986129118489e-01 0.000000000000000000e+00 8.873648018448286878e-01 1.336200942176465123e+00 1.277951778319181164e+00 7.150431806890241715e-01 4.619199933720703477e-01 1.327037197295892090e+00 1.034700109947785718e+00 3.818439938412549473e-01 9.491113466970508838e-01 6.208402243037217660e-01 6.405142558177634449e-01 2.816597309746094457e-01 7.207942452715428994e-01 7.339876845739558009e-01 1.142737712708573827e+00 7.707017775365917478e-01 4.372922790760853107e-01 9.540255346241234280e-01 1.143492071285736378e+00 9.876049970469424899e-01 5.589624323472878187e-01 5.531849472039065407e-01 1.111726935120848969e+00 8.930903546441969487e-01 2.979558236102882174e-01 6.221495401955715598e-01 4.208251248274085810e-01 5.993538568131292488e-01 5.592031144765307049e-01 7.379738997649786247e-01 1.611449355322785715e-01 1.165485702949567770e+00 1.493753558876859400e-01 7.556564920475045133e-01 8.075088216192981561e-01 7.711491394963625456e-01 9.214982758152451270e-01 9.421465801287532971e-01 1.036405968049001647e+00 8.433791875979025354e-01 7.617621724134271410e-01 2.688784267928016058e-01 8.509179259149121100e-01 2.368955128002644406e-01 4.581427935611554481e-01 5.850992406363856313e-01 1.045935529255501262e+00
9.616232924068911503e-01 8.391486278018178702e-01 8.873648018448286878e-01 0.000000000000000000e+00 1.208909088167023915e+00 1.197778461094542779e+00 6.818528630603273299e-01 5.779863842002529450e-01 1.385756709511750895e+00 9.096122331436329311e-01 6.766604242069375053e-01 8.725723419429698424e-01 3.232446828363601532e-01 5.988019436308731347e-01 8.100389705288409958e-01 8.427336777915382937e-01 6.037754784188700263e-01 1.201457224924432632e+00 7.603656298726193530e-01 4.836501595227192807e-01 9.938411210147243269e-01 1.018870327302488610e+00 8.719233569255003813e-01 7.967846120853891989e-01 6.250811811525733841e-01 1.030788098023772914e+00 7.595303028013522528e-01 6.332615463994032412e-01 5.076430721871219021e-01 7.877755290101809971e-01 6.781027836268147535e-01 4.667580055482039025e-01 1.637341557185661989e-01 8.263947995300660043e-01 1.224205215165426575e+00 7.385884981668100480e-01 8.346399450368751083e-01 8.170055108744505024e-01 6.992384328400169657e-01 8.558721120583218100e-01 8.096479133560369190e-01 1.095125480264861118e+00 7.537420859596032363e-01 6.469094036914864176e-01 7.284098726613669195e-01 9.106200215333276615e-01 8.588324799132820431e-01 7.067793931242530858e-01 6.966379865134803007e-01 9.824467834810514111e-01
6.948287385032120289e-01 1.156184391804716327e+00 1.336200942176465123e+00 1.208909088167023915e+00 0.000000000000000000e+00 9.098407996442140488e-01 7.292158207563512740e-01 8.742809488043943311e-01 1.084072150840408755e+00 3.837427516663997618e-01 1.026557680861823307e+00 6.320348027667496149e-01 8.858295285297079769e-01 9.404113388072629087e-01 1.190855770375261580e+00 6.784121743561943862e-01 6.225202174189432558e-01 9.080498603243892797e-01 6.886883138876657151e-01 9.174424010396925455e-01 5.599976111878266494e-01 1.956381309026854198e-01 5.026784072481658150e-01 8.503657021208216316e-01 9.095538174222773664e-01 7.327473098526106066e-01 5.198940064303536612e-01 1.046420358870843170e+00 7.408493488120831971e-01 1.024354644506325407e+00 7.819003528077654863e-01 8.035563077290271972e-01 1.048559641783797236e+00 1.286777003727048285e+00 9.225206564940838794e-01 1.187424638498446372e+00 7.474050424333908982e-01 6.268014630502821705e-01 1.018740134345877291e+00 6.158493162904000728e-01 3.992611748109868297e-01 8.064124314939855598e-01 5.326274399487830324e-01 6.385817886803407673e-01 1.141097415571851847e+00 5.670246628298868385e-01 1.257421115943845535e+00 9.284492677044940967e-01 8.559671170461455869e-01 5.585738983806010083e-01
6.334320198252519907e-01 1.181355044637443008e+00 1.277951778319181164e+00 1.197778461094542779e+00 9.098407996442140488e-01 0.000000000000000000e+00 8.315773333138043455e-01 8.160317849471101503e-01 1.039879350433845273e+00 6.121469962331871351e-01 1.078035684344165190e+00 3.453825615682254990e-01 8.756853953989527373e-01 9.606579500676246663e-01 1.132606606517976733e+00 8.323314955494296452e-01 5.940029826756730857e-01 8.640010651085477944e-01 5.841536197559636934e-01 9.259607342986234668e-01 7.197627795773785531e-01 7.171319287534855258e-01 4.922958358346857799e-01 8.912881315014575812e-01 9.470400992742132873e-01 1.904813866230679609e-01 6.377649439341873672e-01 9.881711950135587674e-01 7.716336582109896147e-01 1.004256870572864058e+00 7.185471612196108193e-01 7.641066611119722296e-01 1.038599518924651743e+00 1.232296286169999533e+00 8.781584947192538904e-01 1.129175474641161303e+00 7.485320780345894320e-01 7.776006712260682407e-01 1.041700948620582157e+00 4.505173255058765869e-01 5.422815489329255723e-01 7.563159745573450055e-01 4.466656161021249072e-01 7.186395227055378809e-01 1.139232326306393706e+00 7.302728556168096574e-01 1.199171952086560688e+00 8.702001038472098049e-01 9.826051160989974775e-01 5.974580218246533514e-01
5.550747502412880507e-01 5.505460985147713204e-01 7.150431806890241715e-01 6.818528630603273299e-01 7.292158207563512740e-01 8.315773333138043455e-01 0.000000000000000000e+00 4.575424813941293412e-01 9.430891985986548098e-01 3.849244118199007247e-01 3.347549344503741309e-01 5.407621735452337042e-01 3.665393089222536704e-01 3.213747325070768213e-01 5.833112472312849128e-01 2.819430550382328038e-01 2.865053785409344966e-01 7.625610236447110113e-01 4.923761385961064052e-01 3.427109455562139528e-01 4.045273851045329550e-01 5.436351643202588235e-01 4.543337512424913682e-01 2.609536995438414553e-01 1.884228581220501741e-01 6.582678500994219029e-01 2.093218143259976127e-01 5.374340775623543953e-01 1.787890818233894008e-01 4.228775374261219966e-01 3.631010980304487656e-01 3.572786573905037955e-01 5.181187073417612421e-01 6.213095796795201631e-01 7.815377042523301565e-01 5.802029765311709220e-01 4.146259537047706223e-01 1.577470364249523582e-01 4.143935616774652164e-01 5.472670681975475571e-01 3.581391295168899758e-01 6.723666998437551889e-01 4.111976047318287031e-01 1.343982801165810315e-01 4.791782437488504298e-01 2.924568068560093881e-01 7.113647646000933467e-01 3.890280155976024723e-01 1.516365232137600327e-01 5.068290473728881418e-01
4.832672253854793376e-01 6.834729789321958293e-01 4.619199933720703477e-01 5.779863842002529450e-01 8.742809488043943311e-01 8.160317849471101503e-01 4.575424813941293412e-01 0.000000000000000000e+00 9.049446274599158846e-01 5.809318966811928275e-01 3.345981511566851196e-01 4.871913533249803141e-01 3.159045512156234969e-01 4.321393539276996432e-01 3.285228490035751459e-01 3.290060987447125385e-01 2.720676912018854532e-01 7.206451428725978436e-01 3.087817841645214001e-01 2.179411277614626830e-01 5.489265734186106194e-01 6.815720779136658081e-01 5.256850036748719202e-01 2.281450422733659888e-01 4.224940767742850767e-01 6.498069417487783994e-01 4.553120484226326203e-01 1.831633804239323204e-01 3.216407961367060975e-01 2.271862498592654156e-01 1.807613837577987104e-01 1.640153898422880285e-01 4.306655413428494006e-01 4.162645012228893826e-01 7.433931331135913423e-01 3.131436896940515968e-01 3.430963275333144824e-01 4.411588957849580384e-01 5.435627839703954800e-01 4.595782824431748348e-01 4.802265867566828939e-01 6.143133982130256632e-01 3.814591942258321322e-01 3.759339579414057164e-01 3.232005413592839993e-01 4.503785483379295629e-01 3.941641374969345746e-01 1.299930333133178795e-01 3.552366942639079705e-01 5.886214097307530535e-01
4.376874121786094585e-01 1.414635660789160587e+00 1.327037197295892090e+00 1.385756709511750895e+00 1.084072150840408755e+00 1.039879350433845273e+00 9.430891985986548098e-01 9.049446274599158846e-01 0.000000000000000000e+00 7.637301411844370502e-01 1.031061808886274189e+00 7.409946969907239556e-01 1.069823940792790085e+00 1.189943287787508908e+00 1.153211808814235573e+00 6.741724610375623428e-01 8.540548319161049839e-01 2.596142002138647764e-01 6.500803718434088330e-01 1.101101278643406012e+00 5.812370993634047300e-01 8.913632799496798986e-01 5.906810354384703921e-01 8.365576618038573775e-01 1.050617157599341711e+00 8.521319547032366604e-01 7.984255227962766543e-01 1.036900916512241810e+00 1.017737577704971752e+00 9.946828967421215140e-01 7.321239086517803418e-01 9.248489725744628576e-01 1.234190675309874585e+00 1.269220444185947372e+00 1.657624422992904356e-01 1.178260893617872895e+00 5.734956391963520472e-01 7.853421621737024516e-01 1.274725465827359461e+00 6.376101222101387966e-01 7.416280348322137339e-01 3.185005771669812691e-01 7.660683648975499249e-01 9.295106498133069994e-01 1.125969362354367842e+00 6.563769124468209482e-01 1.245422472876942965e+00 8.801549087613305122e-01 9.346809322248823548e-01 5.310294531028580955e-01
3.821945027018545660e-01 8.540025763024872152e-01 1.034700109947785718e+00 9.096122331436329311e-01 3.837427516663997618e-01 6.121469962331871351e-01 3.849244118199007247e-01 5.809318966811928275e-01 7.637301411844370502e-01 0.000000000000000000e+00 6.661196628768766281e-01 3.343409993557226456e-01 5.865326735063174368e-01 6.382295233050341299e-01 8.365070395366029921e-01 3.139058646762428184e-01 3.270201262459710989e-01 5.862972912482730115e-01 3.953392617644639895e-01 6.152605855374639887e-01 2.042201629583218214e-01 2.046574634578431084e-01 1.955309003897783560e-01 4.896578645662916229e-01 5.733472699419510654e-01 4.350535064415837483e-01 1.845137952702357587e-01 7.496113960772377016e-01 4.386675333098543073e-01 6.636468069517951207e-01 4.742013919495323693e-01 5.064940824509792661e-01 7.489304040345590163e-01 9.299670777785156162e-01 6.021786468381126189e-01 8.859238062697669669e-01 3.769127411635174729e-01 2.671453866548004208e-01 7.165583188436484008e-01 3.087018094320126416e-01 1.428561512010504686e-01 4.900194321524427021e-01 2.392783878255812235e-01 3.216872368611615740e-01 7.806593975869049462e-01 1.950051393974275293e-01 9.404204607220674195e-01 5.767183321702478160e-01 4.955290990611991853e-01 2.328388946541765925e-01
6.211214554383741593e-01 6.277926704962799587e-01 3.818439938412549473e-01 6.766604242069375053e-01 1.026557680861823307e+00 1.078035684344165190e+00 3.347549344503741309e-01 3.345981511566851196e-01 1.031061808886274189e+00 6.661196628768766281e-01 0.000000000000000000e+00 7.429633528311408996e-01 3.998822311106874361e-01 3.503166888663067913e-01 2.800577379332558348e-01 3.845928067927982807e-01 5.397483433033465339e-01 8.499070773090672271e-01 5.420043988213411046e-01 2.018331359723439800e-01 6.227281547378845650e-01 8.409770244257308569e-01 7.741795187241308218e-01 1.960388716405963017e-01 1.957760920798831128e-01 9.118108411458339946e-01 5.440767487763716881e-01 2.027023434026701265e-01 3.623348784987329152e-01 1.855691146126589586e-01 3.594885231245544821e-01 3.664211144894473637e-01 5.261366038337066398e-01 2.881103928317504947e-01 8.695103145399499800e-01 2.470037896834013924e-01 4.633936135614845631e-01 4.301465651047848837e-01 4.834734113797305999e-01 7.054031217893704797e-01 6.764798701528156322e-01 7.481791561969022286e-01 6.434630936228876719e-01 4.483617202382879641e-01 1.459790569010808170e-01 5.019955714249696443e-01 3.848560243775358547e-01 2.198583089141012969e-01 2.048109943977356184e-01 7.450382696137232141e-01
3.341322583457776996e-01 8.675162231588312567e-01 9.491113466970508838e-01 8.725723419429698424e-01 6.320348027667496149e-01 3.453825615682254990e-01 5.407621735452337042e-01 4.871913533249803141e-01 7.409946969907239556e-01 3.343409993557226456e-01 7.429633528311408996e-01 0.000000000000000000e+00 5.504792762473795786e-01 6.468191285890124709e-01 8.037661748958473407e-01 4.983853069498438426e-01 2.762961402342419270e-01 5.651164116654266989e-01 2.387710581877381943e-01 6.121219128200113824e-01 4.301930974150381393e-01 4.393259318760212584e-01 2.079736875335312374e-01 5.562157999884330684e-01 6.332012777956009808e-01 1.858633295312526468e-01 3.469497841656166703e-01 6.593307633914289312e-01 4.577948367323771417e-01 6.720559584080475490e-01 3.834748297065865286e-01 4.355136777100417911e-01 7.133933997730784737e-01 9.034558545478699187e-01 5.792738412761327949e-01 8.003350430190320219e-01 4.031495164663640995e-01 4.867855114574976549e-01 7.278621271419697392e-01 1.436064397860260244e-01 2.514663891643550975e-01 4.574313211142240765e-01 1.389847617256916024e-01 4.272911569617097727e-01 8.103918946842644244e-01 4.394576958482389606e-01 8.703315204644312963e-01 5.379991916823930742e-01 6.687261954700135513e-01 3.083952614447938445e-01
6.456905236879297849e-01 5.254839121277411484e-01 6.208402243037217660e-01 3.232446828363601532e-01 8.858295285297079769e-01 8.756853953989527373e-01 3.665393089222536704e-01 3.159045512156234969e-01 1.069823940792790085e+00 5.865326735063174368e-01 3.998822311106874361e-01 5.504792762473795786e-01 0.000000000000000000e+00 2.885546201368525132e-01 5.499389950152460127e-01 5.292174390351676028e-01 2.816824127232798181e-01 8.855244562054718216e-01 4.409854628312920299e-01 2.013684253646333411e-01 6.705964381783638961e-01 6.957907676651728934e-01 5.495323307545139091e-01 4.915365989935023827e-01 3.148338576585529291e-01 7.086950323281829833e-01 4.362856199649923217e-01 3.731615708858085911e-01 1.884216661282678562e-01 5.276755534965861250e-01 3.645865448704441181e-01 1.711611431080749535e-01 1.653386851155241033e-01 5.555090107124348586e-01 9.082724464464650982e-01 4.722806065095919159e-01 5.187071763179136319e-01 4.977841048155963732e-01 3.855737171659404661e-01 5.337790463627314352e-01 4.865683537187212582e-01 7.791927115459000852e-01 4.316490202640129170e-01 3.236647208551262089e-01 4.575240838437358293e-01 5.873753386969673418e-01 5.961116904596297505e-01 4.237758520939104989e-01 3.819879172668972367e-01 6.600557573100649389e-01
7.658098706826488300e-01 2.831739209636842114e-01 6.405142558177634449e-01 5.988019436308731347e-01 9.404113388072629087e-01 9.606579500676246663e-01 3.213747325070768213e-01 4.321393539276996432e-01 1.189943287787508908e+00 6.382295233050341299e-01 3.503166888663067913e-01 6.468191285890124709e-01 2.885546201368525132e-01 0.000000000000000000e+00 5.873274466705231678e-01 5.643284870052648339e-01 3.839590589301111745e-01 1.005643803200190867e+00 5.609078756846002101e-01 2.243719574549392082e-01 7.070633075302363846e-01 7.503725779427278253e-01 6.209797506148280188e-01 4.317044960325908676e-01 2.063480526564502315e-01 7.911650141842021533e-01 4.747088280778714031e-01 4.226983754102308644e-01 1.995619899951797949e-01 5.276855042885501001e-01 4.887116108279950799e-01 3.229017086103778689e-01 4.350677879123069358e-01 5.741068798396622430e-01 1.028391793441184809e+00 5.000442529551051285e-01 6.388265233126328990e-01 4.747801210574132957e-01 1.514372371913607074e-01 6.439792778737407630e-01 5.411501639962761345e-01 8.993120585406192413e-01 5.139923339654997037e-01 3.359276173621125738e-01 4.553252545275206509e-01 6.094898914884703256e-01 6.309909983938465361e-01 5.273634361663241954e-01 3.137599694446366883e-01 7.315031771703790486e-01
7.346961668960574343e-01 8.622815894656716829e-01 2.816597309746094457e-01 8.100389705288409958e-01 1.190855770375261580e+00 1.132606606517976733e+00 5.833112472312849128e-01 3.285228490035751459e-01 1.153211808814235573e+00 8.365070395366029921e-01 2.800577379332558348e-01 8.037661748958473407e-01 5.499389950152460127e-01 5.873274466705231678e-01 0.000000000000000000e+00 5.226011748603602847e-01 5.886425127727522577e-01 9.695590779306424434e-01 6.173758042249816169e-01 3.738143326868905714e-01 7.580926405409750268e-01 9.981468994845326126e-01 8.422598252457389467e-01 3.621179425954356712e-01 4.707777686463567868e-01 9.663817633196454260e-01 7.507583772866445182e-01 1.865006879168365495e-01 5.594857895381849522e-01 1.831604654599497672e-01 4.328646026504307520e-01 4.641751505218033591e-01 6.606480684489911548e-01 1.604414986411804578e-01 9.916603144679108084e-01 1.639407064090320498e-01 5.805592053093435734e-01 6.266536651713846551e-01 7.179623303491221575e-01 7.754291835210908035e-01 7.968014083275497539e-01 8.632273332710707070e-01 6.980340157966989922e-01 6.990984217560405334e-01 1.340786810321750178e-01 6.527248555037294953e-01 1.287835677060847894e-01 2.737036537566302496e-01 4.500068918970050458e-01 8.699952068258797189e-01
2.770851136884709409e-01 8.086804609111044595e-01 7.207942452715428994e-01 8.427336777915382937e-01 6.784121743561943862e-01 8.323314955494296452e-01 2.819430550382328038e-01 3.290060987447125385e-01 6.741724610375623428e-01 3.139058646762428184e-01 3.845928067927982807e-01 4.983853069498438426e-01 5.292174390351676028e-01 5.643284870052648339e-01 5.226011748603602847e-01 0.000000000000000000e+00 3.302393739696478647e-01 4.936442860836188218e-01 2.770462985353095431e-01 5.439975593316354052e-01 2.419957134549093059e-01 4.928315179201018248e-01 4.525314086852266215e-01 1.911978174166734101e-01 3.771493191307301318e-01 6.590220123350472026e-01 2.309287146610485286e-01 4.357055314009948277e-01 4.551889283493060212e-01 3.576222875250094635e-01 1.646308941647234847e-01 3.772938190541695325e-01 6.945561241506919004e-01 6.312622895507508103e-01 5.126209666912379115e-01 5.720179415935240375e-01 1.463763143949344814e-01 1.458264896619775319e-01 6.728084574086657943e-01 4.366005178038404044e-01 3.314544766646362328e-01 4.012677914591252781e-01 3.989095924933914739e-01 3.355810550916156765e-01 4.872218952500586564e-01 1.361848516446017010e-01 6.265145960458246011e-01 2.628124674940049421e-01 2.631884247297500146e-01 3.672456307581977719e-01
4.178471075700884163e-01 6.046561534999297383e-01 7.339876845739558009e-01 6.037754784188700263e-01 6.225202174189432558e-01 5.940029826756730857e-01 2.865053785409344966e-01 2.720676912018854532e-01 8.540548319161049839e-01 3.270201262459710989e-01 5.397483433033465339e-01 2.762961402342419270e-01 2.816824127232798181e-01 3.839590589301111745e-01 5.886425127727522577e-01 3.302393739696478647e-01 0.000000000000000000e+00 6.697553473287867210e-01 2.086842354997700821e-01 3.481404506649041775e-01 4.162895796479673116e-01 4.324814565544081724e-01 2.823369043075639184e-01 3.676863082207617039e-01 3.703412081366997399e-01 4.270126196049031098e-01 1.871093744180279683e-01 4.442071012683341258e-01 1.949347670734758731e-01 4.624271969155160922e-01 2.027420774259142411e-01 1.922123751922796553e-01 4.445965362489787687e-01 6.883321924247748358e-01 6.920211983137353196e-01 5.852113808959369390e-01 3.110638437669560608e-01 3.098567371050854891e-01 4.650020574830682762e-01 2.635751651012112617e-01 2.232590426079563706e-01 5.604040547719758569e-01 1.552569239638504628e-01 1.729897744251011338e-01 5.952682325611693415e-01 3.330684801665707573e-01 6.552078583413364354e-01 3.359029968117422937e-01 4.059062249614840967e-01 3.928603308631150592e-01
2.533879275912912510e-01 1.230336176201842102e+00 1.142737712708573827e+00 1.201457224924432632e+00 9.080498603243892797e-01 8.640010651085477944e-01 7.625610236447110113e-01 7.206451428725978436e-01 2.596142002138647764e-01 5.862972912482730115e-01 8.499070773090672271e-01 5.651164116654266989e-01 8.855244562054718216e-01 1.005643803200190867e+00 9.695590779306424434e-01 4.936442860836188218e-01 6.697553473287867210e-01 0.000000000000000000e+00 4.657808872560906255e-01 9.168017940560880819e-01 4.007089244094611535e-01 7.153409894336607566e-01 4.148027501131730244e-01 6.560294868499138010e-01 8.700889826453980236e-01 6.762536693779390706e-01 6.178973478423329668e-01 8.526014319249232143e-01 8.397775997559182581e-01 8.135281651649143297e-01 5.478244240644619678e-01 7.405494879871444835e-01 1.049891190722556100e+00 1.088065712608740077e+00 1.600530765027062541e-01 9.939614090305548544e-01 3.903339613395748198e-01 6.048139872197586531e-01 1.090425981240041198e+00 4.617318368848413734e-01 5.657497495069164772e-01 1.408622665123661910e-01 5.901900795722525572e-01 7.536323644880097428e-01 9.448146307771602137e-01 4.758487374928773161e-01 1.061122988289624924e+00 6.958554241740122492e-01 7.541527572709387783e-01 3.535993411753819426e-01
2.138726474973925151e-01 7.856002486862514456e-01 7.707017775365917478e-01 7.603656298726193530e-01 6.886883138876657151e-01 5.841536197559636934e-01 4.923761385961064052e-01 3.087817841645214001e-01 6.500803718434088330e-01 3.953392617644639895e-01 5.420043988213411046e-01 2.387710581877381943e-01 4.409854628312920299e-01 5.609078756846002101e-01 6.173758042249816169e-01 2.770462985353095431e-01 2.086842354997700821e-01 4.657808872560906255e-01 0.000000000000000000e+00 4.817442431569002870e-01 3.715257742442614752e-01 4.959794429969371921e-01 2.875283476397655913e-01 3.552568459786331068e-01 5.605998175828431629e-01 4.187212471834962368e-01 3.387326587849529558e-01 4.809211942309699062e-01 3.851933765196194348e-01 4.791974636589082515e-01 1.845112015745509759e-01 3.028455241307644874e-01 6.051552632069656656e-01 7.250462853874107827e-01 4.880467382410390020e-01 6.219254738585728859e-01 1.643784582786259052e-01 4.074891064280327657e-01 6.456900537244509852e-01 1.774495971338856115e-01 3.031214214458501921e-01 3.564295946992799280e-01 1.863879238160944807e-01 3.788605344802732366e-01 6.239321670813643417e-01 3.412408164679982536e-01 6.919219513039723823e-01 3.451406969332536101e-01 4.677672414602137008e-01 2.800993791471686478e-01
6.769678615385460452e-01 4.946626493012142300e-01 4.372922790760853107e-01 4.836501595227192807e-01 9.174424010396925455e-01 9.259607342986234668e-01 3.427109455562139528e-01 2.179411277614626830e-01 1.101101278643406012e+00 6.152605855374639887e-01 2.018331359723439800e-01 6.121219128200113824e-01 2.013684253646333411e-01 2.243719574549392082e-01 3.738143326868905714e-01 5.439975593316354052e-01 3.481404506649041775e-01 9.168017940560880819e-01 4.817442431569002870e-01 0.000000000000000000e+00 6.927353565789259315e-01 7.274036401751574621e-01 5.862825348458269303e-01 3.825473300951660049e-01 2.056489757644863470e-01 7.564677984152009538e-01 4.584245383655543016e-01 2.055030155941833803e-01 1.874837239169289405e-01 3.559472363628198299e-01 3.844410408066700757e-01 1.939765035920622549e-01 3.331263391494886372e-01 3.719610654847979037e-01 9.395497842970820246e-01 2.924783834755054213e-01 5.433995985674447970e-01 4.965164891275685721e-01 3.534672879879365848e-01 6.040210019157753463e-01 5.181812262287059934e-01 8.104700493965160124e-01 4.792951181964985596e-01 3.270963561347844939e-01 2.723337633000453839e-01 6.042410666688731169e-01 4.174778844102137731e-01 3.064124875676195181e-01 3.049901456499127250e-01 6.968059614013779601e-01
1.998860352689076636e-01 9.201520744786304551e-01 9.540255346241234280e-01 9.938411210147243269e-01 5.599976111878266494e-01 7.197627795773785531e-01 4.045273851045329550e-01 5.489265734186106194e-01 5.812370993634047300e-01 2.042201629583218214e-01 6.227281547378845650e-01 4.301930974150381393e-01 6.705964381783638961e-01 7.070633075302363846e-01 7.580926405409750268e-01 2.419957134549093059e-01 4.162895796479673116e-01 4.007089244094611535e-01 3.715257742442614752e-01 6.927353565789259315e-01 0.000000000000000000e+00 3.772182177912468681e-01 2.353408014157050698e-01 4.266892830972882078e-01 5.705698118211465220e-01 5.333633334630033529e-01 2.439282030467939955e-01 6.646373448050111321e-01 5.110779958626685548e-01 5.931137532056242057e-01 3.777442776327858964e-01 5.882047570389760116e-01 8.327676902392450176e-01 8.667537552313656635e-01 4.196856050170801877e-01 8.052492309461047881e-01 2.310335719290930734e-01 2.570931714856606320e-01 7.839995376413244621e-01 3.268085226344528693e-01 2.831018236466638083e-01 3.105146006085051091e-01 3.780216756894243524e-01 3.889045732445350345e-01 7.227133609306732875e-01 1.315801190818843835e-01 8.620060617264392322e-01 4.983039331746196288e-01 4.660599807299942166e-01 1.283140946191113907e-01
5.021198676124835059e-01 9.661456309401810216e-01 1.143492071285736378e+00 1.018870327302488610e+00 1.956381309026854198e-01 7.171319287534855258e-01 5.436351643202588235e-01 6.815720779136658081e-01 8.913632799496798986e-01 2.046574634578431084e-01 8.409770244257308569e-01 4.393259318760212584e-01 6.957907676651728934e-01 7.503725779427278253e-01 9.981468994845326126e-01 4.928315179201018248e-01 4.324814565544081724e-01 7.153409894336607566e-01 4.959794429969371921e-01 7.274036401751574621e-01 3.772182177912468681e-01 0.000000000000000000e+00 3.099695363574373475e-01 6.647850456847289591e-01 7.239731609861849160e-01 5.400384389618820835e-01 3.343133499942610998e-01 8.537114879801144252e-01 5.508105879475481137e-01 8.387739880702328454e-01 5.891914819170369633e-01 6.135175468644922248e-01 8.585208809192619306e-01 1.096738242862512980e+00 7.298117856033553563e-01 9.947157676077174049e-01 5.618243859972984477e-01 4.412208066141897200e-01 8.287013734813422072e-01 4.231404453996715498e-01 2.092224139464517740e-01 6.137035606032571478e-01 3.399185690580545094e-01 4.530011322442483168e-01 9.555167591357591750e-01 3.814440063937942771e-01 1.064712245053116568e+00 7.357403968137655736e-01 6.703864606100531365e-01 3.657262345985536345e-01
1.947836110617720828e-01 8.416768451846466936e-01 9.876049970469424899e-01 8.719233569255003813e-01 5.026784072481658150e-01 4.922958358346857799e-01 4.543337512424913682e-01 5.256850036748719202e-01 5.906810354384703921e-01 1.955309003897783560e-01 7.741795187241308218e-01 2.079736875335312374e-01 5.495323307545139091e-01 6.209797506148280188e-01 8.422598252457389467e-01 4.525314086852266215e-01 2.823369043075639184e-01 4.148027501131730244e-01 2.875283476397655913e-01 5.862825348458269303e-01 2.353408014157050698e-01 3.099695363574373475e-01 0.000000000000000000e+00 6.048447146343557401e-01 6.054380289906368118e-01 3.058963897203108018e-01 2.579648570699840660e-01 6.978244137413207593e-01 4.296228685258895452e-01 7.139100893006262716e-01 4.333044076782431309e-01 4.633729946176480818e-01 7.122624440086028352e-01 9.419495048977614138e-01 4.291295410921458497e-01 8.388286933689237390e-01 3.496409509214710720e-01 3.978005843618652171e-01 7.020227491677849541e-01 1.482023434635205972e-01 1.535133256531315826e-01 3.096748177346063113e-01 1.753873294590794774e-01 3.413959406342247926e-01 8.488855450341561415e-01 3.219453114503449953e-01 9.088251708143231244e-01 5.798533225749717968e-01 6.059702744562514010e-01 1.244939251088506976e-01
4.299261221583499659e-01 6.796144297386650379e-01 5.589624323472878187e-01 7.967846120853891989e-01 8.503657021208216316e-01 8.912881315014575812e-01 2.609536995438414553e-01 2.281450422733659888e-01 8.365576618038573775e-01 4.896578645662916229e-01 1.960388716405963017e-01 5.562157999884330684e-01 4.915365989935023827e-01 4.317044960325908676e-01 3.621179425954356712e-01 1.911978174166734101e-01 3.676863082207617039e-01 6.560294868499138010e-01 3.552568459786331068e-01 3.825473300951660049e-01 4.266892830972882078e-01 6.647850456847289591e-01 6.048447146343557401e-01 0.000000000000000000e+00 2.284142530644197866e-01 7.250632883031259412e-01 3.997621294082264187e-01 3.035299406749175088e-01 3.380631098785503164e-01 1.816956698718129315e-01 1.727409702818465675e-01 3.300266065371854629e-01 6.537814593686847031e-01 4.453317580249958052e-01 6.750061674575328352e-01 4.269965228673997526e-01 2.736175279799531457e-01 2.645357225759489284e-01 5.437424262362264837e-01 5.186555689466624264e-01 5.002878914118139564e-01 5.552790629343741236e-01 4.567155407801796740e-01 3.953519796604224035e-01 2.960240778333851352e-01 3.119368515346504500e-01 4.836023056610097570e-01 1.280743160537610170e-01 1.270916519905420372e-01 5.519392004005765351e-01
6.455679927245201455e-01 4.673135895874865886e-01 5.531849472039065407e-01 6.250811811525733841e-01 9.095538174222773664e-01 9.470400992742132873e-01 1.884228581220501741e-01 4.224940767742850767e-01 1.050617157599341711e+00 5.733472699419510654e-01 1.957760920798831128e-01 6.332012777956009808e-01 3.148338576585529291e-01 2.063480526564502315e-01 4.707777686463567868e-01 3.771493191307301318e-01 3.703412081366997399e-01 8.700889826453980236e-01 5.605998175828431629e-01 2.056489757644863470e-01 5.705698118211465220e-01 7.239731609861849160e-01 6.054380289906368118e-01 2.284142530644197866e-01 0.000000000000000000e+00 7.775471633907906632e-01 3.948873003005945459e-01 3.518000580677639877e-01 1.758151604647471555e-01 3.453364444932203181e-01 3.959490169996354725e-01 3.370817951963770986e-01 4.613470254340073518e-01 4.788215068677659225e-01 8.890656632530167247e-01 4.127149443412482799e-01 4.960424933169018669e-01 3.170257962264078633e-01 3.323750803138503240e-01 6.303614270803291619e-01 5.174033344658436340e-01 7.709209335005443586e-01 5.003744831720882136e-01 2.838775759963441669e-01 3.366990876141817690e-01 4.464854626269837423e-01 5.469635804569902282e-01 3.290066189322663481e-01 1.262570320955139491e-01 6.806420677303466338e-01
4.456846240946433779e-01 1.011862108754020939e+00 1.111726935120848969e+00 1.030788098023772914e+00 7.327473098526106066e-01 1.904813866230679609e-01 6.582678500994219029e-01 6.498069417487783994e-01 8.521319547032366604e-01 4.350535064415837483e-01 9.118108411458339946e-01 1.858633295312526468e-01 7.086950323281829833e-01 7.911650141842021533e-01 9.663817633196454260e-01 6.590220123350472026e-01 4.270126196049031098e-01 6.762536693779390706e-01 4.187212471834962368e-01 7.564677984152009538e-01 5.333633334630033529e-01 5.400384389618820835e-01 3.058963897203108018e-01 7.250632883031259412e-01 7.775471633907906632e-01 0.000000000000000000e+00 4.644554607198049245e-01 8.219463518152270165e-01 6.021407223275669907e-01 8.380320273745327508e-01 5.523223180212794015e-01 5.978818179136408117e-01 8.716091558538817674e-01 1.066071442971668004e+00 6.904110989886451666e-01 9.629506314428301073e-01 5.677980496651288123e-01 6.042911880116859091e-01 8.722080127371594216e-01 2.650648234445289186e-01 3.672978822973138047e-01 5.685685788267365037e-01 2.771726802187025607e-01 5.453300394911553273e-01 9.730074831080625097e-01 5.569633724024271038e-01 1.032947108888229382e+00 7.039752606488780540e-01 8.099043733131821021e-01 4.098726914171390012e-01
4.104110744389100063e-01 6.877975950262652516e-01 8.930903546441969487e-01 7.595303028013522528e-01 5.198940064303536612e-01 6.377649439341873672e-01 2.093218143259976127e-01 4.553120484226326203e-01 7.984255227962766543e-01 1.845137952702357587e-01 5.440767487763716881e-01 3.469497841656166703e-01 4.362856199649923217e-01 4.747088280778714031e-01 7.507583772866445182e-01 2.309287146610485286e-01 1.871093744180279683e-01 6.178973478423329668e-01 3.387326587849529558e-01 4.584245383655543016e-01 2.439282030467939955e-01 3.343133499942610998e-01 2.579648570699840660e-01 3.997621294082264187e-01 3.948873003005945459e-01 4.644554607198049245e-01 0.000000000000000000e+00 6.303403985935677190e-01 2.787235164103033513e-01 5.737510717937297500e-01 3.800882256520090041e-01 3.665833306230360522e-01 5.984568720258731656e-01 8.277591410529098193e-01 6.368740284499520010e-01 7.490906547754252465e-01 3.310917822745599870e-01 1.485278229463615207e-01 5.516450581889593696e-01 3.650023849056518443e-01 1.488173151908923908e-01 5.277030240413770334e-01 2.215753854658134570e-01 1.501542940806592230e-01 6.857311300308347457e-01 1.553560127375829825e-01 8.413411556665703062e-01 4.937411821550533597e-01 3.609583375397576455e-01 3.433130444615291044e-01
6.177385208903379832e-01 6.976525182053793239e-01 2.979558236102882174e-01 6.332615463994032412e-01 1.046420358870843170e+00 9.881711950135587674e-01 5.374340775623543953e-01 1.831633804239323204e-01 1.036900916512241810e+00 7.496113960772377016e-01 2.027023434026701265e-01 6.593307633914289312e-01 3.731615708858085911e-01 4.226983754102308644e-01 1.865006879168365495e-01 4.357055314009948277e-01 4.442071012683341258e-01 8.526014319249232143e-01 4.809211942309699062e-01 2.055030155941833803e-01 6.646373448050111321e-01 8.537114879801144252e-01 6.978244137413207593e-01 3.035299406749175088e-01 3.518000580677639877e-01 8.219463518152270165e-01 6.303403985935677190e-01 0.000000000000000000e+00 3.911744724454777056e-01 1.725289938766373654e-01 3.092175760294789133e-01 2.823527110229723802e-01 4.838706443195535667e-01 2.528720713110004237e-01 8.753494221659169350e-01 1.491795199322693832e-01 4.655202112638542888e-01 5.470996115268424997e-01 5.533332590888299096e-01 6.317176925096232853e-01 6.523659968231314554e-01 7.462696872653513669e-01 5.535986042922805828e-01 5.307871046633333423e-01 1.598081114473950681e-01 5.658292120443642048e-01 2.391907005217269178e-01 1.756166404047738439e-01 4.075133378004059947e-01 7.557992484718508708e-01
5.958067605448216231e-01 4.153350429926331300e-01 6.221495401955715598e-01 5.076430721871219021e-01 7.408493488120831971e-01 7.716336582109896147e-01 1.787890818233894008e-01 3.216407961367060975e-01 1.017737577704971752e+00 4.386675333098543073e-01 3.623348784987329152e-01 4.577948367323771417e-01 1.884216661282678562e-01 1.995619899951797949e-01 5.594857895381849522e-01 4.551889283493060212e-01 1.949347670734758731e-01 8.397775997559182581e-01 3.851933765196194348e-01 1.874837239169289405e-01 5.110779958626685548e-01 5.508105879475481137e-01 4.296228685258895452e-01 3.380631098785503164e-01 1.758151604647471555e-01 6.021407223275669907e-01 2.787235164103033513e-01 3.911744724454777056e-01 0.000000000000000000e+00 4.719315046717180162e-01 3.302368367018350126e-01 1.857618988165390672e-01 3.439089164685557032e-01 5.568183266042845414e-01 8.561860833586472097e-01 4.781498403267998576e-01 4.733360837091583617e-01 3.093624386873284893e-01 2.778907855337940935e-01 4.549549860171052673e-01 3.415881740010963674e-01 7.334458550963465218e-01 3.249680421088643745e-01 1.399423056945444388e-01 4.551685799009513866e-01 4.170870162286330896e-01 6.031493412615082095e-01 4.198647154890476352e-01 2.109714578880082236e-01 5.401462950814405195e-01
5.832767351053350646e-01 8.028918982011047367e-01 4.208251248274085810e-01 7.877755290101809971e-01 1.024354644506325407e+00 1.004256870572864058e+00 4.228775374261219966e-01 2.271862498592654156e-01 9.946828967421215140e-01 6.636468069517951207e-01 1.855691146126589586e-01 6.720559584080475490e-01 5.276755534965861250e-01 5.276855042885501001e-01 1.831604654599497672e-01 3.576222875250094635e-01 4.624271969155160922e-01 8.135281651649143297e-01 4.791974636589082515e-01 3.559472363628198299e-01 5.931137532056242057e-01 8.387739880702328454e-01 7.139100893006262716e-01 1.816956698718129315e-01 3.453364444932203181e-01 8.380320273745327508e-01 5.737510717937297500e-01 1.725289938766373654e-01 4.719315046717180162e-01 0.000000000000000000e+00 2.946862620843572200e-01 3.824169717793881595e-01 6.383846269303309340e-01 2.939205558016930175e-01 8.331314023957970827e-01 2.914914334105561666e-01 4.255488932284456349e-01 4.445273093465875736e-01 6.585726390845553224e-01 6.372508429550171050e-01 6.705860924703134218e-01 7.109208866332403787e-01 5.696842798515863171e-01 5.506605797469639185e-01 1.594838981894971253e-01 4.859257939201540033e-01 3.085199791243680711e-01 1.340567667256545581e-01 2.859468739856941832e-01 7.114662947537661042e-01
3.113417742107278396e-01 7.134039838296463154e-01 5.993538568131292488e-01 6.781027836268147535e-01 7.819003528077654863e-01 7.185471612196108193e-01 3.631010980304487656e-01 1.807613837577987104e-01 7.321239086517803418e-01 4.742013919495323693e-01 3.594885231245544821e-01 3.834748297065865286e-01 3.645865448704441181e-01 4.887116108279950799e-01 4.328646026504307520e-01 1.646308941647234847e-01 2.027420774259142411e-01 5.478244240644619678e-01 1.845112015745509759e-01 3.844410408066700757e-01 3.777442776327858964e-01 5.891914819170369633e-01 4.333044076782431309e-01 1.727409702818465675e-01 3.959490169996354725e-01 5.523223180212794015e-01 3.800882256520090041e-01 3.092175760294789133e-01 3.302368367018350126e-01 2.946862620843572200e-01 0.000000000000000000e+00 2.126629248894460478e-01 5.299252299859681381e-01 5.597156029421628265e-01 5.705724143054557995e-01 4.505775531351104979e-01 1.661337108171552501e-01 2.864221551151331369e-01 5.734937888678456330e-01 3.459145986648158311e-01 3.953579738222339768e-01 4.414926794048900094e-01 2.839745704983331898e-01 3.441137193343234424e-01 4.394209655068133102e-01 2.791962525521047844e-01 5.177391323941809009e-01 1.606294953587025787e-01 2.852513657634270783e-01 4.522036334021438675e-01
5.007155554696024469e-01 5.475940816120291599e-01 5.592031144765307049e-01 4.667580055482039025e-01 8.035563077290271972e-01 7.641066611119722296e-01 3.572786573905037955e-01 1.640153898422880285e-01 9.248489725744628576e-01 5.064940824509792661e-01 3.664211144894473637e-01 4.355136777100417911e-01 1.711611431080749535e-01 3.229017086103778689e-01 4.641751505218033591e-01 3.772938190541695325e-01 1.922123751922796553e-01 7.405494879871444835e-01 3.028455241307644874e-01 1.939765035920622549e-01 5.882047570389760116e-01 6.135175468644922248e-01 4.633729946176480818e-01 3.300266065371854629e-01 3.370817951963770986e-01 5.978818179136408117e-01 3.665833306230360522e-01 2.823527110229723802e-01 1.857618988165390672e-01 3.824169717793881595e-01 2.126629248894460478e-01 0.000000000000000000e+00 3.268706847518890179e-01 5.091703601909656207e-01 7.632974782281378712e-01 4.104268107985118430e-01 3.716214826502207691e-01 4.548450625040834083e-01 4.076838866502284775e-01 4.154962010243018478e-01 4.042951329180404230e-01 6.342177433275726361e-01 3.279032507973057564e-01 2.771225261319014699e-01 4.111854333222665914e-01 4.896567319582949551e-01 5.168651631266937274e-01 2.622658596375935791e-01 3.871440951736181968e-01 5.688752174293204567e-01
