0.000000000000000000e+00 1.915480392286881051e+00 1.272023619623166457e+00 1.592973105414817958e+00 1.001274368596512421e+00 1.216500479434625914e+00 9.034543718973964133e-01 1.632372919871502237e+00 1.149755686365217855e+00 7.746461800036427148e-01 6.977721232199667334e-01 1.136809784804111434e+00 5.620132178619431373e-01 1.504680179413356411e+00 8.127309643120800287e-01 5.982418328572345345e-01 1.445877486543550638e+00 4.786384889742600346e-01 7.963951609044638280e-01 6.696928472640122365e-01 1.153320696609538620e+00 1.403350938060934805e+00 9.482594085893464309e-01 7.896174562197879609e-01 9.597237787821109034e-01 8.459436813040814851e-01 1.092060255516511535e+00 1.413098585653058681e+00 1.347218291976176374e+00 6.087170036129523343e-01 6.479751595558556065e-01 7.271059592352546730e-01 1.663560600759795394e+00 3.073504142990296506e-01 9.866528910284447784e-01 8.442341661720456081e-01 1.231018832427424048e+00 1.283700326163941252e+00 5.401548187798626000e-01 4.746129829536079869e-01 1.414906709231698256e+00 9.982057361333535050e-01 1.522067741950039022e+00 9.842482534246567161e-01 5.953353089743504967e-01 1.293558702179729236e+00 8.114671791997212225e-01 1.204802451221655302e+00 1.341727457136389301e+00 1.251678526212048226e+00
1.915480392286881051e+00 0.000000000000000000e+00 1.471272037723737380e+00 1.014941708169806445e+00 1.603742346856054768e+00 1.482401003095662917e+00 1.628975476021978119e+00 9.714834622987743584e-01 8.285176399450518980e-01 2.144926331467480907e+00 1.916705783008044950e+00 9.536565059064603389e-01 1.550663250610970323e+00 5.210300958133229354e-01 1.194889659191916254e+00 1.398533385310341881e+00 5.662496271546078042e-01 1.822894606745415480e+00 1.228417570755881982e+00 1.511707282617800185e+00 9.032109844467323123e-01 6.945392114251776050e-01 1.186005531784386946e+00 1.521849891364520424e+00 1.167740947082022140e+00 1.113174732016921631e+00 9.200668581816464631e-01 5.463305879651747521e-01 7.313163519172858340e-01 1.540514727780050164e+00 1.552855925224327249e+00 1.370680890323071388e+00 2.658541845162543660e-01 1.612063991639173244e+00 9.367369691091483874e-01 1.361175263333619379e+00 7.110756136707961916e-01 7.691658998905903655e-01 1.899537828321872457e+00 1.675518548249715023e+00 7.938095355544182441e-01 1.174726211403533283e+00 4.790551995066137381e-01 9.564504877847279651e-01 1.346209299551973437e+00 7.084312922501944110e-01 1.509483360380020400e+00 7.613416288925071163e-01 7.252047416511955280e-01 7.791093246660890648e-01
1.272023619623166457e+00 1.471272037723737380e+00 0.000000000000000000e+00 1.166436807005076570e+00 1.030741966661110620e+00 9.577441492194769257e-01 1.129312655238520424e+00 1.117004469858440041e+00 1.055225991281462106e+00 1.450574641519676078e+00 1.220035021461205238e+00 5.982992029824963920e-01 8.810331863029372546e-01 1.060430713625412080e+00 7.103079863317198761e-01 1.010024747199251172e+00 1.063706545354097033e+00 1.134256164757726726e+00 6.019309296005644905e-01 8.788494391593903998e-01 7.810424411507849163e-01 8.704834786392809942e-01 3.310849021191981656e-01 8.439659268910241208e-01 6.460259930141777351e-01 9.351429226129024386e-01 7.564960839290747474e-01 1.274138153159334985e+00 9.126616249851623452e-01 8.438439662332114510e-01 9.391303608982082274e-01 9.115780731905466228e-01 1.224826442775764912e+00 9.701724408392427002e-01 8.507164979945328609e-01 8.516316621020774136e-01 1.024433070945375723e+00 8.107537080383704353e-01 1.211840891421153366e+00 9.788477867028766433e-01 9.110071144311929769e-01 4.271019440117718724e-01 1.040783731074179430e+00 5.404807510184922448e-01 6.796089739154258513e-01 1.132901628094452828e+00 9.583482014283287720e-01 7.141126672227091632e-01 9.440190028776951348e-01 9.495935465451220692e-01
1.592973105414817958e+00 1.014941708169806445e+00 1.166436807005076570e+00 0.000000000000000000e+00 1.438172495276512031e+00 1.112112103067555147e+00 1.441021339350823549e+00 8.297616476532714280e-01 9.136592755025992885e-01 1.822419044595417148e+00 1.615714253506275178e+00 6.940046425193802104e-01 1.225580274061187858e+00 5.185387499209095363e-01 9.089231361853169489e-01 1.324081129357558506e+00 8.771223444243770873e-01 1.526196201798402985e+00 1.058274867209465953e+00 1.192045058344444630e+00 5.246890724235431236e-01 6.129791819140697484e-01 8.807710734665807895e-01 1.240441442093017876e+00 7.974520470539133710e-01 1.032799677667214366e+00 1.008543287393163013e+00 7.492732423574144374e-01 2.836978980838361086e-01 1.239541334875589484e+00 1.252325980083262014e+00 1.214945172485947689e+00 7.686575305773302169e-01 1.289556704767111484e+00 7.643437894006013256e-01 1.273024076491441114e+00 6.086100097635542827e-01 7.720337055456339970e-01 1.577030541449809586e+00 1.372913992389013682e+00 5.974687340624034171e-01 8.828816264149704773e-01 6.237548792359660643e-01 6.394299735795534456e-01 1.009850873200618171e+00 9.624183790140822259e-01 1.354045570070706805e+00 4.824038634625110733e-01 3.815372977852202196e-01 1.030869955966783325e+00
1.001274368596512421e+00 1.603742346856054768e+00 1.030741966661110620e+00 1.438172495276512031e+00 0.000000000000000000e+00 1.093779868177691350e+00 8.915232527745657887e-01 1.430306634326934390e+00 8.512702369371777378e-01 1.139586374990092077e+00 9.090467549316207929e-01 8.597681616213099787e-01 6.282066976643332357e-01 1.345968908890316174e+00 7.534262078676265961e-01 4.831558825683451852e-01 1.041869470376525442e+00 7.944220608325136546e-01 4.607646115251334828e-01 7.274417687039979041e-01 1.004836982253404454e+00 1.194678408782099632e+00 7.304319321275488663e-01 3.205631216819344598e-01 8.182497472427670004e-01 5.878757883849627941e-01 6.886075670873749166e-01 1.139386921572800304e+00 1.185339464999100478e+00 4.196443988499666267e-01 7.495509422972106428e-01 6.566029222628454454e-01 1.347916975822801788e+00 7.503451950324971920e-01 8.452609189531844480e-01 2.556455762683488842e-01 1.106119922953354484e+00 9.182861277770590913e-01 9.008526248915694756e-01 6.678595201732923092e-01 1.218804512641377125e+00 6.981241849769250774e-01 1.244085792419112435e+00 8.073848545343176308e-01 5.031681662999125670e-01 9.440964854776064952e-01 2.228601038186037997e-01 1.010937978831521811e+00 1.193243742780254246e+00 8.382978858856703352e-01
1.216500479434625914e+00 1.482401003095662917e+00 9.577441492194769257e-01 1.112112103067555147e+00 1.093779868177691350e+00 0.000000000000000000e+00 1.059006022423898408e+00 1.194060375079980973e+00 9.423653107065260714e-01 1.445946418615224660e+00 1.262970028940550771e+00 7.566322349425028682e-01 8.720061498477833517e-01 1.024223155444401456e+00 5.141805617307679821e-01 1.000520404625217852e+00 1.214537519848313707e+00 1.149723575818210719e+00 7.237660694731071764e-01 8.147889765609683810e-01 6.492997324656364366e-01 9.850761727817057833e-01 6.342990647436944629e-01 8.954488585033248960e-01 3.149290759044979793e-01 8.237985231065737546e-01 9.439167482403812981e-01 1.145795222724430573e+00 8.716606157384663156e-01 8.945487512858967261e-01 8.758533541030693037e-01 8.356081114251777686e-01 1.235955408147690893e+00 9.130840787869189956e-01 6.863108424056560963e-01 9.296621556617310489e-01 8.786820770419897508e-01 9.820692088114278961e-01 1.200557915469617098e+00 1.020169767823287943e+00 9.754731356463094416e-01 7.328366095964603533e-01 1.069014609194176346e+00 5.408376906303563603e-01 6.559327293396086667e-01 1.156566512794726442e+00 1.009052986481014047e+00 7.703540253956319139e-01 8.427825097569535684e-01 1.118434575513079121e+00
9.034543718973964133e-01 1.628975476021978119e+00 1.129312655238520424e+00 1.441021339350823549e+00 8.915232527745657887e-01 1.059006022423898408e+00 0.000000000000000000e+00 1.481320897271195536e+00 8.272919486980445658e-01 1.133808816310816203e+00 9.939456028382527286e-01 9.918900874120094580e-01 6.384649249946604543e-01 1.263486183319180611e+00 5.984763535513241139e-01 4.721757038465960732e-01 1.175539600391886319e+00 8.249000044573192580e-01 6.996585295468342736e-01 3.873687730589122635e-01 9.410339861755924185e-01 1.258431240668832274e+00 8.055484442047009530e-01 7.806542006584534787e-01 8.046883097512943506e-01 5.289344651997649471e-01 8.239849037289006528e-01 1.096089369548742143e+00 1.195266525912181965e+00 7.366094936818105010e-01 2.681545026592502823e-01 2.748535944961891242e-01 1.377055684494891352e+00 5.961039575983668737e-01 7.438939319200027489e-01 6.474368152474458959e-01 9.898248363332482480e-01 1.095151297958788517e+00 8.884203131652081975e-01 7.532797951464181851e-01 1.263649137889688800e+00 8.570873732231887310e-01 1.370345739136947572e+00 8.322964873606617520e-01 4.826972680704607055e-01 9.789038535452058154e-01 7.450186371612106395e-01 1.053750428621347268e+00 1.180857558665467488e+00 9.370236775775253601e-01
1.632372919871502237e+00 9.714834622987743584e-01 1.117004469858440041e+00 8.297616476532714280e-01 1.430306634326934390e+00 1.194060375079980973e+00 1.481320897271195536e+00 0.000000000000000000e+00 1.093262991476800172e+00 1.839293932125975584e+00 1.608754312067504966e+00 5.892666098197412161e-01 1.242207621262225725e+00 5.951838530011327455e-01 1.012361744088278170e+00 1.357706581128103496e+00 7.086315336566958445e-01 1.522975455364026232e+00 9.957929803502412192e-01 1.231461199922988525e+00 6.766094728723570650e-01 3.541870459962294659e-01 8.337601777591742147e-01 1.233463364056939682e+00 8.794003190663394198e-01 1.185683728935519987e+00 8.712723314216338499e-01 8.466915501894551888e-01 5.473320430987229646e-01 1.232563256839511290e+00 1.291742121661805243e+00 1.263586315223220735e+00 7.222233707603297193e-01 1.328972846345655379e+00 9.296928543764207964e-01 1.240023924001959266e+00 7.922150381865942226e-01 6.172302358079343465e-01 1.600560182027452871e+00 1.367567077309175705e+00 2.418422996229427913e-01 8.261171556330633159e-01 5.021305842994768787e-01 6.625254705476529837e-01 1.039044698014425672e+00 9.383499448464156512e-01 1.347067492034628389e+00 4.275704686498477125e-01 6.440389673313546837e-01 8.705242461640827489e-01
1.149755686365217855e+00 8.285176399450518980e-01 1.055225991281462106e+00 9.136592755025992885e-01 8.512702369371777378e-01 9.423653107065260714e-01 8.272919486980445658e-01 1.093262991476800172e+00 0.000000000000000000e+00 1.379201625545816379e+00 1.192352380831257719e+00 5.999767606248730401e-01 8.543895136594320538e-01 5.352277720323314059e-01 5.182309420995386828e-01 5.938583622358815095e-01 4.310621904800744364e-01 1.021722781361360743e+00 5.985516528796771540e-01 7.459825766961376559e-01 4.266550551701853156e-01 7.566845680205191993e-01 7.899084500554963695e-01 8.097199868044451243e-01 6.453100088206400464e-01 3.078358048960913029e-01 2.987299073523873028e-01 2.896128986408132433e-01 6.971866595755185081e-01 7.868220969314032587e-01 7.409467185423141977e-01 5.720827479579406738e-01 5.765978484179659080e-01 8.463392857175110473e-01 2.599350159111427083e-01 6.067658307538037477e-01 3.068615839468428752e-01 4.981619361896363340e-01 1.133813122400209039e+00 9.738062589553834192e-01 8.686239513800547707e-01 6.395983811420589138e-01 6.545125268979334887e-01 6.184674522875007741e-01 6.589918832768061341e-01 2.279275765717014290e-01 7.469586130052021655e-01 6.852980894371137888e-01 5.396316621390790935e-01 2.369247341088752123e-01
7.746461800036427148e-01 2.144926331467480907e+00 1.450574641519676078e+00 1.822419044595417148e+00 1.139586374990092077e+00 1.445946418615224660e+00 1.133808816310816203e+00 1.839293932125975584e+00 1.379201625545816379e+00 0.000000000000000000e+00 7.743483803350995620e-01 1.341306470032144205e+00 7.587219003106295823e-01 1.734126118593954713e+00 1.042176903492678885e+00 8.076643912224510391e-01 1.584189492937129851e+00 4.423258971617626267e-01 9.347071672980435952e-01 8.991387864446110934e-01 1.382766635790137366e+00 1.610084391964202721e+00 1.142500778693401164e+00 9.279294626133677282e-01 1.189169717962709649e+00 1.075389620484680009e+00 1.230372261910090748e+00 1.642544524833657427e+00 1.576664231156775342e+00 7.378768339611372351e-01 8.795421986198620479e-01 9.565518984158535298e-01 1.891420032033263920e+00 5.672181795258659509e-01 1.216098830209044079e+00 9.862777868843085605e-01 1.460464771608022350e+00 1.422012332557521130e+00 2.460224242655845439e-01 5.548710105513453561e-01 1.627791810440418097e+00 1.156094053042623804e+00 1.747252795964890915e+00 1.211174189617203911e+00 8.215072479876971423e-01 1.504469328163270614e+00 9.292870490047873133e-01 1.419925276630563671e+00 1.571173396316988047e+00 1.412095373105931362e+00
6.977721232199667334e-01 1.916705783008044950e+00 1.220035021461205238e+00 1.615714253506275178e+00 9.090467549316207929e-01 1.262970028940550771e+00 9.939456028382527286e-01 1.608754312067504966e+00 1.192352380831257719e+00 7.743483803350995620e-01 0.000000000000000000e+00 1.110766849973673143e+00 5.650935617014782864e-01 1.524186555970294288e+00 9.023136900201152999e-01 6.103601325045518999e-01 1.353649872878659011e+00 4.582399909381722480e-01 7.041675472395723112e-01 7.592755729720476188e-01 1.176253857461216246e+00 1.379544771905730993e+00 9.119611586349297694e-01 6.973898425548964441e-01 9.874399080056261990e-01 9.258388942096603680e-01 9.998326418516199077e-01 1.480469065466879730e+00 1.363088643604432715e+00 5.065445476350960430e-01 7.396789851472985733e-01 8.166886849432900553e-01 1.660880411974792192e+00 4.907347574869470042e-01 1.076235616736480383e+00 7.557381668258372764e-01 1.320601558135458653e+00 1.191472712499050068e+00 5.490995519971153538e-01 2.542497983367988934e-01 1.397252190381947257e+00 9.255544329841527418e-01 1.516723808634979909e+00 9.856025016142959672e-01 6.228440557630053886e-01 1.285178629371687142e+00 7.024158522923378278e-01 1.189385656572092831e+00 1.364660617988066926e+00 1.181555753047460300e+00
1.136809784804111434e+00 9.536565059064603389e-01 5.982992029824963920e-01 6.940046425193802104e-01 8.597681616213099787e-01 7.566322349425028682e-01 9.918900874120094580e-01 5.892666098197412161e-01 5.999767606248730401e-01 1.341306470032144205e+00 1.110766849973673143e+00 0.000000000000000000e+00 7.464569278436291588e-01 5.676589923672530347e-01 5.498992965101101582e-01 7.833788504593135471e-01 4.804483211983568980e-01 1.024987993270193520e+00 4.065993027340999988e-01 7.415022056061363331e-01 3.776846595281973529e-01 3.360064309288869899e-01 3.303785868270402437e-01 7.223214882946905613e-01 4.419721789288609815e-01 6.567632634702984529e-01 3.235234908958010691e-01 7.829111215101917098e-01 4.316912091445626043e-01 7.345757947456785786e-01 8.017831273449541607e-01 7.741555053640353234e-01 7.024231205413876689e-01 8.349586060201871218e-01 5.807205949040987747e-01 6.593335555610900789e-01 5.747042419519433620e-01 2.467066447216805236e-01 1.102572719933620160e+00 8.695796152153434377e-01 3.922920996591776066e-01 2.648532183092824899e-01 4.762651481148502119e-01 2.200441394983102261e-01 5.443951390963702730e-01 6.286989701460018454e-01 8.341145878675537695e-01 2.116007790568690261e-01 4.804488748889269578e-01 4.385244134107160741e-01
5.620132178619431373e-01 1.550663250610970323e+00 8.810331863029372546e-01 1.225580274061187858e+00 6.282066976643332357e-01 8.720061498477833517e-01 6.384649249946604543e-01 1.242207621262225725e+00 8.543895136594320538e-01 7.587219003106295823e-01 5.650935617014782864e-01 7.464569278436291588e-01 0.000000000000000000e+00 1.136072625819829929e+00 5.166460386095004242e-01 4.708031817764197213e-01 1.060104761939586915e+00 4.620720085374013797e-01 4.098996968736104418e-01 3.877998755100895423e-01 7.859278652559076317e-01 1.012998081100452863e+00 5.572689752691174503e-01 4.168534073487242253e-01 5.964760289128593351e-01 5.505775085982953510e-01 7.062875309125481449e-01 1.117732412947272547e+00 9.748922782022414468e-01 2.717212498980173252e-01 3.977597586397289553e-01 4.435989963924741319e-01 1.304217655662997633e+00 2.618934335568530725e-01 6.905679653258652850e-01 4.748981095585493306e-01 9.349339067248435553e-01 8.972048621330880325e-01 5.126994760450448441e-01 3.209035580339795191e-01 1.026271996936829023e+00 6.041587389789867535e-01 1.133515416880556792e+00 5.974885714638314971e-01 2.196343440871602604e-01 1.014202256040849015e+00 4.732315047753921644e-01 8.158281551191083336e-01 9.743346257827573131e-01 8.880106421083885371e-01
1.504680179413356411e+00 5.210300958133229354e-01 1.060430713625412080e+00 5.185387499209095363e-01 1.345968908890316174e+00 1.024223155444401456e+00 1.263486183319180611e+00 5.951838530011327455e-01 5.352277720323314059e-01 1.734126118593954713e+00 1.524186555970294288e+00 5.676589923672530347e-01 1.136072625819829929e+00 0.000000000000000000e+00 7.402648236887777733e-01 1.098635763080954231e+00 4.297768363119512935e-01 1.437903275796940772e+00 9.659331347159688663e-01 1.100907069744275768e+00 3.821808886334093769e-01 3.402288728550261210e-01 7.750323556597770169e-01 1.148895607959729004e+00 7.124895518424122498e-01 7.955759840169785990e-01 7.835940673389900635e-01 2.927042129988966512e-01 2.740997082486300584e-01 1.147995500742300834e+00 1.162919601510046030e+00 9.961200389171628311e-01 2.727132914173081568e-01 1.201263778765648826e+00 5.321157677519332552e-01 1.132037212896086498e+00 2.737218926934404939e-01 5.812237515132607779e-01 1.488737615448348039e+00 1.281751774242009478e+00 4.065768116999993187e-01 7.746907988029898551e-01 2.532856639776425167e-01 5.385840543559986537e-01 9.297054610816636311e-01 5.106067853900621012e-01 1.262499735937418155e+00 3.562423796097623496e-01 2.066274831800236911e-01 6.445384265133154988e-01
8.127309643120800287e-01 1.194889659191916254e+00 7.103079863317198761e-01 9.089231361853169489e-01 7.534262078676265961e-01 5.141805617307679821e-01 5.984763535513241139e-01 1.012361744088278170e+00 5.182309420995386828e-01 1.042176903492678885e+00 9.023136900201152999e-01 5.498992965101101582e-01 5.166460386095004242e-01 7.402648236887777733e-01 0.000000000000000000e+00 5.065749344365414464e-01 9.156134715110173516e-01 7.459540606956646114e-01 3.980161487338885751e-01 4.089578546429999961e-01 3.909972596808617973e-01 8.033775417900024252e-01 3.833882641014820791e-01 5.550951981932603641e-01 3.141994950842822432e-01 3.101473631668241193e-01 6.388177965170646067e-01 7.423762540844285329e-01 6.760440570010124439e-01 5.533417431030192013e-01 4.709703864087702585e-01 3.596937395485456102e-01 9.454553523149571426e-01 5.093145636643733321e-01 2.596855961879492303e-01 5.751095889391002469e-01 4.870442720489755462e-01 7.640977271483968547e-01 7.967884003470712129e-01 6.616478823282806454e-01 7.937745046546058614e-01 4.587155784476795173e-01 8.849873189775976368e-01 3.732887889761300482e-01 3.072048893644612200e-01 7.178249800758627064e-01 6.686993261709497371e-01 5.886553944039287778e-01 6.305011773902735595e-01 6.770975486966563928e-01
5.982418328572345345e-01 1.398533385310341881e+00 1.010024747199251172e+00 1.324081129357558506e+00 4.831558825683451852e-01 1.000520404625217852e+00 4.721757038465960732e-01 1.357706581128103496e+00 5.938583622358815095e-01 8.076643912224510391e-01 6.103601325045518999e-01 7.833788504593135471e-01 4.708031817764197213e-01 1.098635763080954231e+00 5.065749344365414464e-01 0.000000000000000000e+00 8.911009543517024456e-01 4.282326675064776489e-01 4.158721719808810002e-01 4.960201505894346052e-01 8.012226833190597697e-01 1.091923246947168913e+00 7.263698638726149293e-01 5.018432190435478946e-01 7.540942820743443686e-01 3.171646451088164786e-01 5.378390510625518095e-01 8.823868894444943933e-01 1.092902248807374077e+00 2.706158685667727770e-01 2.881013825837532294e-01 2.670657800664886228e-01 1.142066157220818390e+00 3.353146184583471467e-01 5.665199953290209756e-01 2.610027510275480522e-01 8.272594009376458279e-01 8.068514502676779054e-01 5.785534303382630084e-01 4.107520454785525410e-01 1.162120621294014278e+00 6.621315026615727239e-01 1.125261626690909234e+00 7.817024596837121031e-01 4.434945945477573592e-01 7.026334730248690041e-01 3.025402639671297966e-01 9.941214315703206239e-01 1.025086517145393561e+00 6.607532970571887709e-01
1.445877486543550638e+00 5.662496271546078042e-01 1.063706545354097033e+00 8.771223444243770873e-01 1.041869470376525442e+00 1.214537519848313707e+00 1.175539600391886319e+00 7.086315336566958445e-01 4.310621904800744364e-01 1.584189492937129851e+00 1.353649872878659011e+00 4.804483211983568980e-01 1.060104761939586915e+00 4.297768363119512935e-01 9.156134715110173516e-01 8.911009543517024456e-01 0.000000000000000000e+00 1.267871016175180499e+00 6.793994873698850911e-01 1.109248680714635338e+00 7.161992795459047878e-01 3.561687407152821505e-01 7.975298547810532046e-01 9.586848200164419520e-01 8.998774638346728194e-01 6.821370949931182537e-01 3.538172310270388810e-01 3.096543421875830870e-01 5.934244463405407011e-01 9.774588176506646686e-01 1.078269439763005266e+00 9.203303996517830932e-01 3.104242561213558793e-01 1.181835620112335450e+00 6.696317127700257554e-01 7.997147911849101787e-01 5.732682902649471890e-01 2.660174373533001901e-01 1.345455742838607804e+00 1.112462638120329528e+00 5.618369845732820167e-01 6.573005154181290610e-01 2.590946743121050333e-01 6.828917567277347223e-01 9.046911118320396517e-01 2.313334220786716633e-01 9.527279161060697721e-01 4.490497169983729275e-01 6.094816909048937914e-01 2.389756992246503953e-01
4.786384889742600346e-01 1.822894606745415480e+00 1.134256164757726726e+00 1.526196201798402985e+00 7.944220608325136546e-01 1.149723575818210719e+00 8.249000044573192580e-01 1.522975455364026232e+00 1.021722781361360743e+00 4.423258971617626267e-01 4.582399909381722480e-01 1.024987993270193520e+00 4.620720085374013797e-01 1.437903275796940772e+00 7.459540606956646114e-01 4.282326675064776489e-01 1.267871016175180499e+00 0.000000000000000000e+00 6.183886905360937991e-01 6.029159436475969303e-01 1.086543792993123425e+00 1.293765915202252481e+00 8.261823019314512573e-01 6.116109858514178210e-01 8.929468751656958192e-01 7.422937941260574490e-01 9.140537851481413956e-01 1.309448698475034645e+00 1.277309786900954647e+00 4.089619181682414562e-01 5.713372236937332982e-01 6.603290556188392557e-01 1.563692173579946720e+00 2.669241068432079977e-01 9.198759874120293611e-01 6.363024358505467992e-01 1.164241928811007964e+00 1.105693855795571112e+00 2.529389447026182958e-01 2.429726636418471641e-01 1.311473333678468522e+00 8.397755762806742297e-01 1.430944951931501619e+00 8.998236449108176771e-01 5.345426717568778630e-01 1.122064219070926683e+00 5.762867338328354627e-01 1.103606799868614097e+00 1.274950553519974106e+00 1.066830353712864499e+00
7.963951609044638280e-01 1.228417570755881982e+00 6.019309296005644905e-01 1.058274867209465953e+00 4.607646115251334828e-01 7.237660694731071764e-01 6.996585295468342736e-01 9.957929803502412192e-01 5.985516528796771540e-01 9.347071672980435952e-01 7.041675472395723112e-01 4.065993027340999988e-01 4.098996968736104418e-01 9.659331347159688663e-01 3.980161487338885751e-01 4.158721719808810002e-01 6.793994873698850911e-01 6.183886905360937991e-01 0.000000000000000000e+00 4.479400452579685998e-01 6.334628388861066606e-01 7.415095498948902630e-01 3.388591018215103001e-01 3.157221855605907290e-01 4.482359485381833264e-01 3.622648537621401266e-01 3.255822563428462657e-01 8.866683375152997204e-01 8.053036908247529491e-01 3.279764920115784688e-01 5.080996546758544952e-01 4.822446690134950531e-01 9.725921997226290028e-01 5.274452239472224857e-01 6.147380138876811229e-01 2.698939289872294700e-01 8.496187623732904814e-01 4.936036789542064818e-01 6.959734171995208829e-01 4.629803124812436055e-01 7.988184701896773321e-01 2.509329816757457365e-01 8.211325614819482421e-01 4.273490803599704346e-01 2.391166682714522262e-01 6.913055261458863621e-01 4.424807272066957897e-01 6.150023589676995028e-01 8.218695994129565641e-01 5.275651121876007155e-01
6.696928472640122365e-01 1.511707282617800185e+00 8.788494391593903998e-01 1.192045058344444630e+00 7.274417687039979041e-01 8.147889765609683810e-01 3.873687730589122635e-01 1.231461199922988525e+00 7.459825766961376559e-01 8.991387864446110934e-01 7.592755729720476188e-01 7.415022056061363331e-01 3.877998755100895423e-01 1.100907069744275768e+00 4.089578546429999961e-01 4.960201505894346052e-01 1.109248680714635338e+00 6.029159436475969303e-01 4.479400452579685998e-01 0.000000000000000000e+00 7.523926495391644043e-01 1.008043358862960037e+00 5.550852281255704845e-01 5.251699254167345732e-01 5.587957317117367984e-01 4.421705716350008974e-01 7.611182592845346928e-01 1.009325475983978038e+00 9.462902449058020471e-01 4.860815904545939814e-01 2.780907419930435664e-01 2.813280328060498436e-01 1.259787491090714306e+00 3.662764466163054289e-01 5.828797813593646904e-01 5.676213498918085687e-01 8.272457227583431827e-01 9.388025734843047365e-01 6.537502832990033097e-01 5.186097652802129643e-01 1.013978662161324484e+00 6.066241571440587066e-01 1.121139694879665027e+00 5.833202063542822779e-01 2.242736024040851428e-01 9.126129338679548342e-01 6.324326284669944398e-01 8.038907312731404797e-01 9.407994100660145298e-01 8.707327579002741569e-01
1.153320696609538620e+00 9.032109844467323123e-01 7.810424411507849163e-01 5.246890724235431236e-01 1.004836982253404454e+00 6.492997324656364366e-01 9.410339861755924185e-01 6.766094728723570650e-01 4.266550551701853156e-01 1.382766635790137366e+00 1.176253857461216246e+00 3.776846595281973529e-01 7.859278652559076317e-01 3.821808886334093769e-01 3.909972596808617973e-01 8.012226833190597697e-01 7.161992795459047878e-01 1.086543792993123425e+00 6.334628388861066606e-01 7.523926495391644043e-01 0.000000000000000000e+00 4.800819528215095056e-01 4.821004452413324981e-01 8.065827346294447420e-01 3.375661288636469526e-01 5.112434181526888111e-01 6.906762279437007601e-01 5.014354393841082835e-01 2.931730450217263084e-01 8.056826274120166831e-01 8.126735712779820098e-01 6.914577894548156189e-01 6.548941800507178668e-01 8.499042959618315907e-01 2.594371566188189981e-01 8.373966496242362112e-01 2.481297487917417666e-01 5.240323972788146767e-01 1.137378132644529805e+00 9.334535963439539730e-01 4.519704327756116635e-01 5.049185343944525561e-01 5.258732572123751003e-01 2.486345099202145470e-01 5.701984643953377230e-01 6.030330701881500000e-01 9.201868626071341151e-01 2.671495625475316382e-01 2.409760777485823735e-01 6.504210411031116079e-01
1.403350938060934805e+00 6.945392114251776050e-01 8.704834786392809942e-01 6.129791819140697484e-01 1.194678408782099632e+00 9.850761727817057833e-01 1.258431240668832274e+00 3.541870459962294659e-01 7.566845680205191993e-01 1.610084391964202721e+00 1.379544771905730993e+00 3.360064309288869899e-01 1.012998081100452863e+00 3.402288728550261210e-01 8.033775417900024252e-01 1.091923246947168913e+00 3.561687407152821505e-01 1.293765915202252481e+00 7.415095498948902630e-01 1.008043358862960037e+00 4.800819528215095056e-01 0.000000000000000000e+00 5.994440524289095240e-01 1.004253823895165931e+00 6.704161167680636746e-01 9.020927910238814018e-01 5.652452524389229849e-01 5.736684941816960759e-01 3.292812838302335843e-01 1.003353716677737761e+00 1.068324280601777421e+00 1.040696658620859028e+00 4.452791198867333544e-01 1.101499759277010160e+00 7.345687054951360873e-01 9.781573230489621906e-01 5.996922298291867959e-01 2.870154184883952908e-01 1.371350641865679787e+00 1.138357537147402621e+00 2.433239224926528055e-01 5.761230709552095375e-01 2.214387208207055646e-01 4.535004235025012487e-01 8.109362923531940881e-01 5.857351865338434882e-01 1.117857951872854638e+00 2.147221473860735363e-01 4.063730580735616105e-01 5.212334762351541473e-01
9.482594085893464309e-01 1.186005531784386946e+00 3.310849021191981656e-01 8.807710734665807895e-01 7.304319321275488663e-01 6.342990647436944629e-01 8.055484442047009530e-01 8.337601777591742147e-01 7.899084500554963695e-01 1.142500778693401164e+00 9.119611586349297694e-01 3.303785868270402437e-01 5.572689752691174503e-01 7.750323556597770169e-01 3.833882641014820791e-01 7.263698638726149293e-01 7.975298547810532046e-01 8.261823019314512573e-01 3.388591018215103001e-01 5.550852281255704845e-01 4.821004452413324981e-01 5.994440524289095240e-01 0.000000000000000000e+00 5.366702106243640413e-01 3.237812937062467533e-01 6.113787115790824123e-01 5.058531641593336792e-01 9.803255392630617626e-01 6.270799134172935219e-01 5.357701034069359824e-01 6.153661498643880901e-01 5.878138621567268185e-01 9.395599368364134785e-01 6.464082298054220077e-01 5.356206303468266094e-01 5.652109228472830260e-01 7.132123935806203852e-01 5.445770174653264961e-01 9.037670285948784521e-01 6.707739238766010637e-01 6.260361606350693942e-01 2.410615583861086819e-01 7.558127772780554032e-01 2.438628443382655497e-01 3.558447628816055475e-01 8.797250074748940163e-01 6.502743386020534144e-01 4.291417134265851918e-01 6.583532693391985768e-01 6.964169259255633682e-01
7.896174562197879609e-01 1.521849891364520424e+00 8.439659268910241208e-01 1.240441442093017876e+00 3.205631216819344598e-01 8.954488585033248960e-01 7.806542006584534787e-01 1.233463364056939682e+00 8.097199868044451243e-01 9.279294626133677282e-01 6.973898425548964441e-01 7.223214882946905613e-01 4.168534073487242253e-01 1.148895607959729004e+00 5.550951981932603641e-01 5.018432190435478946e-01 9.586848200164419520e-01 6.116109858514178210e-01 3.157221855605907290e-01 5.251699254167345732e-01 8.065827346294447420e-01 1.004253823895165931e+00 5.366702106243640413e-01 0.000000000000000000e+00 6.199187375684011014e-01 5.465793406102118501e-01 6.048675889894034041e-01 1.097836671440067802e+00 9.877976955938666537e-01 2.744071522447796840e-01 5.809864764366388101e-01 5.648296326509237852e-01 1.266024520331268777e+00 5.386882826557728432e-01 7.587433267085638144e-01 2.851937844092995444e-01 1.003109268107542640e+00 8.028300829003739425e-01 6.891957125148447938e-01 4.562026077965676274e-01 1.021961242371381529e+00 5.408540797887094742e-01 1.128629747542426287e+00 6.103115536037304611e-01 3.008963230126494026e-01 9.025462353448741037e-01 3.268998771216195531e-01 8.140947085615269918e-01 9.949894951562948675e-01 7.865907001852437963e-01
9.597237787821109034e-01 1.167740947082022140e+00 6.460259930141777351e-01 7.974520470539133710e-01 8.182497472427670004e-01 3.149290759044979793e-01 8.046883097512943506e-01 8.794003190663394198e-01 6.453100088206400464e-01 1.189169717962709649e+00 9.874399080056261990e-01 4.419721789288609815e-01 5.964760289128593351e-01 7.124895518424122498e-01 3.141994950842822432e-01 7.540942820743443686e-01 8.998774638346728194e-01 8.929468751656958192e-01 4.482359485381833264e-01 5.587957317117367984e-01 3.375661288636469526e-01 6.704161167680636746e-01 3.237812937062467533e-01 6.199187375684011014e-01 0.000000000000000000e+00 5.859384664470106419e-01 6.291147356719239969e-01 8.357912228853763281e-01 5.570005597248245399e-01 6.190186303509730426e-01 6.190766534505546259e-01 5.869537277033202161e-01 9.212953521340494500e-01 6.563073781344040958e-01 3.908992675292615182e-01 6.541320347268071433e-01 5.686780772029352837e-01 6.672671962429709280e-01 9.437812148171016435e-01 7.446396468883642594e-01 6.608130796326672218e-01 4.180345970280029966e-01 7.543545531805350146e-01 2.261776346167145291e-01 3.804026084046849276e-01 8.595112109088407504e-01 7.335228655460902525e-01 4.556939693819900272e-01 5.309792804745362416e-01 8.196784974381534639e-01
8.459436813040814851e-01 1.113174732016921631e+00 9.351429226129024386e-01 1.032799677667214366e+00 5.878757883849627941e-01 8.237985231065737546e-01 5.289344651997649471e-01 1.185683728935519987e+00 3.078358048960913029e-01 1.075389620484680009e+00 9.258388942096603680e-01 6.567632634702984529e-01 5.505775085982953510e-01 7.955759840169785990e-01 3.101473631668241193e-01 3.171646451088164786e-01 6.821370949931182537e-01 7.422937941260574490e-01 3.622648537621401266e-01 4.421705716350008974e-01 5.112434181526888111e-01 9.020927910238814018e-01 6.113787115790824123e-01 5.465793406102118501e-01 5.859384664470106419e-01 0.000000000000000000e+00 3.434010211617138930e-01 5.671549043489773068e-01 8.024730131969545210e-01 5.211457894545126202e-01 4.465576109078823741e-01 2.737252644596613882e-01 8.612549404898354188e-01 5.425272806563742334e-01 2.684558882666127078e-01 3.433713822015884709e-01 5.269290169145448566e-01 6.154131760235479476e-01 8.300011173390726693e-01 6.948605993202816578e-01 9.627431738097457226e-01 5.947123707688372063e-01 9.252681213287735629e-01 5.859436454904614067e-01 3.551798782156692647e-01 4.855013481464374725e-01 4.835641644529867222e-01 7.730787971879403697e-01 7.266515367950144855e-01 4.436211721787570728e-01
1.092060255516511535e+00 9.200668581816464631e-01 7.564960839290747474e-01 1.008543287393163013e+00 6.886075670873749166e-01 9.439167482403812981e-01 8.239849037289006528e-01 8.712723314216338499e-01 2.987299073523873028e-01 1.230372261910090748e+00 9.998326418516199077e-01 3.235234908958010691e-01 7.062875309125481449e-01 7.835940673389900635e-01 6.388177965170646067e-01 5.378390510625518095e-01 3.538172310270388810e-01 9.140537851481413956e-01 3.255822563428462657e-01 7.611182592845346928e-01 6.906762279437007601e-01 5.652452524389229849e-01 5.058531641593336792e-01 6.048675889894034041e-01 6.291147356719239969e-01 3.434010211617138930e-01 0.000000000000000000e+00 5.796363494742676759e-01 7.417514719664808354e-01 6.236415866236260097e-01 7.250075364738542971e-01 5.687757029887973159e-01 6.642414871483948158e-01 8.280183890852964579e-01 4.413006579801315721e-01 4.464528878957594316e-01 6.035349683313350200e-01 2.791707359536649835e-01 9.916385118115687014e-01 7.586454070932913130e-01 6.839928461783886249e-01 3.422892122159174599e-01 5.916831735276784077e-01 4.726527862016472459e-01 5.508738808050011038e-01 3.790386563999139646e-01 5.994660128169195801e-01 5.344291804952070457e-01 8.031960356407543689e-01 2.050191586963377166e-01
1.413098585653058681e+00 5.463305879651747521e-01 1.274138153159334985e+00 7.492732423574144374e-01 1.139386921572800304e+00 1.145795222724430573e+00 1.096089369548742143e+00 8.466915501894551888e-01 2.896128986408132433e-01 1.642544524833657427e+00 1.480469065466879730e+00 7.829111215101917098e-01 1.117732412947272547e+00 2.927042129988966512e-01 7.423762540844285329e-01 8.823868894444943933e-01 3.096543421875830870e-01 1.309448698475034645e+00 8.866683375152997204e-01 1.009325475983978038e+00 5.014354393841082835e-01 5.736684941816960759e-01 9.803255392630617626e-01 1.097836671440067802e+00 8.357912228853763281e-01 5.671549043489773068e-01 5.796363494742676759e-01 0.000000000000000000e+00 5.537690453879399177e-01 1.074938781567025936e+00 1.013712515256859348e+00 8.408801688086388060e-01 2.944107964380885401e-01 1.109682185005351540e+00 4.826906578964791361e-01 8.948825153894263140e-01 2.778666449266486982e-01 5.687044195678687686e-01 1.397156021688049865e+00 1.261922943591005319e+00 6.648836956683288335e-01 9.219255616901850248e-01 3.723254749180563428e-01 7.469308270671561889e-01 9.223347825646462939e-01 2.179025723911655055e-01 1.035075297640824177e+00 6.024617901593035674e-01 3.677359445721942732e-01 4.138029651933491371e-01
1.347218291976176374e+00 7.313163519172858340e-01 9.126616249851623452e-01 2.836978980838361086e-01 1.185339464999100478e+00 8.716606157384663156e-01 1.195266525912181965e+00 5.473320430987229646e-01 6.971866595755185081e-01 1.576664231156775342e+00 1.363088643604432715e+00 4.316912091445626043e-01 9.748922782022414468e-01 2.740997082486300584e-01 6.760440570010124439e-01 1.092902248807374077e+00 5.934244463405407011e-01 1.277309786900954647e+00 8.053036908247529491e-01 9.462902449058020471e-01 2.931730450217263084e-01 3.292812838302335843e-01 6.270799134172935219e-01 9.877976955938666537e-01 5.570005597248245399e-01 8.024730131969545210e-01 7.417514719664808354e-01 5.537690453879399177e-01 0.000000000000000000e+00 9.868975883764387058e-01 1.006571166644619986e+00 9.775319438642073866e-01 4.850321743248099393e-01 1.043801891328469678e+00 5.380522719386975350e-01 1.020118455718834527e+00 3.936276089786546750e-01 5.052418901189511535e-01 1.331275728011167780e+00 1.120571426624421774e+00 3.147116342770639452e-01 6.278204609165745076e-01 3.400569811521297892e-01 3.859571472968953976e-01 7.640960597619752548e-01 7.521539301867427030e-01 1.101401823571556582e+00 2.200904300876936059e-01 2.248572618958580571e-01 7.640781405401012583e-01
6.087170036129523343e-01 1.540514727780050164e+00 8.438439662332114510e-01 1.239541334875589484e+00 4.196443988499666267e-01 8.945487512858967261e-01 7.366094936818105010e-01 1.232563256839511290e+00 7.868220969314032587e-01 7.378768339611372351e-01 5.065445476350960430e-01 7.345757947456785786e-01 2.717212498980173252e-01 1.147995500742300834e+00 5.533417431030192013e-01 2.706158685667727770e-01 9.774588176506646686e-01 4.089619181682414562e-01 3.279764920115784688e-01 4.860815904545939814e-01 8.056826274120166831e-01 1.003353716677737761e+00 5.357701034069359824e-01 2.744071522447796840e-01 6.190186303509730426e-01 5.211457894545126202e-01 6.236415866236260097e-01 1.074938781567025936e+00 9.868975883764387058e-01 0.000000000000000000e+00 5.215878867503936922e-01 5.319035119066293227e-01 1.284689356746798294e+00 3.589495480169583308e-01 7.470812432449086549e-01 3.437436131452572541e-01 9.914471846438872582e-01 8.152816572710563925e-01 5.082952599080095002e-01 2.753021551897323338e-01 1.021061135153953359e+00 5.493633777561589548e-01 1.140532753406988231e+00 6.094114463863024023e-01 2.641101994659725838e-01 8.796483454718321271e-01 2.127080935302806119e-01 8.131946013440989329e-01 9.940893879388664756e-01 7.948917896547664785e-01
6.479751595558556065e-01 1.552855925224327249e+00 9.391303608982082274e-01 1.252325980083262014e+00 7.495509422972106428e-01 8.758533541030693037e-01 2.681545026592502823e-01 1.291742121661805243e+00 7.409467185423141977e-01 8.795421986198620479e-01 7.396789851472985733e-01 8.017831273449541607e-01 3.977597586397289553e-01 1.162919601510046030e+00 4.709703864087702585e-01 2.881013825837532294e-01 1.078269439763005266e+00 5.713372236937332982e-01 5.080996546758544952e-01 2.780907419930435664e-01 8.126735712779820098e-01 1.068324280601777421e+00 6.153661498643880901e-01 5.809864764366388101e-01 6.190766534505546259e-01 4.465576109078823741e-01 7.250075364738542971e-01 1.013712515256859348e+00 1.006571166644619986e+00 5.215878867503936922e-01 0.000000000000000000e+00 3.099502665261777423e-01 1.300936133697241370e+00 3.406247452568259559e-01 6.448923131251349528e-01 5.214358550293860528e-01 8.892582545241135561e-01 9.943675642308706930e-01 6.341536954742543752e-01 4.990131774554641408e-01 1.074259583900142312e+00 6.669050788828764231e-01 1.181420616618482411e+00 6.436011280930999945e-01 2.808605486641839732e-01 8.822105469199621464e-01 5.777889549646284539e-01 8.641716530119579742e-01 1.001080331804831802e+00 8.403303709522818021e-01
7.271059592352546730e-01 1.370680890323071388e+00 9.115780731905466228e-01 1.214945172485947689e+00 6.566029222628454454e-01 8.356081114251777686e-01 2.748535944961891242e-01 1.263586315223220735e+00 5.720827479579406738e-01 9.565518984158535298e-01 8.166886849432900553e-01 7.741555053640353234e-01 4.435989963924741319e-01 9.961200389171628311e-01 3.596937395485456102e-01 2.670657800664886228e-01 9.203303996517830932e-01 6.603290556188392557e-01 4.822446690134950531e-01 2.813280328060498436e-01 6.914577894548156189e-01 1.040696658620859028e+00 5.878138621567268185e-01 5.648296326509237852e-01 5.869537277033202161e-01 2.737252644596613882e-01 5.687757029887973159e-01 8.408801688086388060e-01 9.775319438642073866e-01 5.319035119066293227e-01 3.099502665261777423e-01 0.000000000000000000e+00 1.118761098795985065e+00 4.236895585875477543e-01 4.728150288742428708e-01 4.041151991298602697e-01 7.224586919312302458e-01 8.399420972186849577e-01 7.111633952702458572e-01 5.760228772514551787e-01 1.045914555841714888e+00 6.393527911752149295e-01 1.152611157088973215e+00 6.145619053126877285e-01 2.697287697645628923e-01 7.236946528051023675e-01 5.258750148601096797e-01 8.360158465733735778e-01 9.191853890900124613e-01 6.818144768374221343e-01
