0.000000000000000000e+00 6.428529548342024613e-01 6.005664754328838839e-01 5.492498834729534485e-01 3.272273690150604986e-01 3.237308994831252784e-01 2.639840932557412922e-01 2.370783426931056814e-01 4.951495238304209345e-01 2.173648543659965904e-01 1.769189580386061889e-01 1.769713832838286649e-01 3.756773880762487861e-01 1.658160852710818534e-01 4.847735519202908683e-01 1.508663423060467301e-01 3.816674984902257983e-01 2.382282111984773687e-01 5.128921887144286540e-01 5.895020457877518938e-01 1.294680724819392559e-01 4.991856489873987557e-01 2.562917079410000354e-01 4.802194835190637390e-01 1.188796372654214034e-01 4.042415295678034592e-01 3.869107481803522042e-01 2.252357675574538365e-01 1.094011315048778882e-01 2.246119414315055351e-01 3.649763966947479621e-01 1.407441527814206339e-01 3.949906139956808060e-01 5.169521240221820468e-01 9.134058549828891205e-02 4.489237834919594938e-01 9.042862188442428450e-02 5.577218985220523395e-01 8.911820421544833226e-02 9.918844776719533407e-02 3.005949403516350316e-01 1.903582509126062750e-01 3.034586489682741250e-01 4.408622980166840288e-01 5.416074821268005435e-01 4.639516566811316967e-01 2.132511323526656843e-01 1.417907722176659779e-01 3.080520370526134699e-01 5.494018965770539609e-01
6.428529548342024613e-01 0.000000000000000000e+00 4.660822882334689221e-01 4.378844757203855242e-01 3.247664389743217805e-01 8.927748978778236033e-01 5.007964147819237155e-01 7.942332902351026958e-01 2.868108018643156232e-01 7.641886726037349087e-01 5.025141495000992053e-01 5.787431479806419699e-01 3.263633713489744737e-01 7.327895558165039569e-01 1.641652920226372159e-01 5.183675633621582790e-01 3.605605820737004530e-01 4.270378248715471781e-01 4.302299882898263927e-01 3.875900629497474603e-01 6.931300157771902448e-01 3.629665768121503322e-01 3.924265862016285134e-01 3.211714608726906062e-01 6.342741457330776100e-01 2.561663255491289926e-01 3.968841406659799897e-01 4.226432762270518895e-01 6.146905576169685581e-01 7.956431110336584789e-01 2.778765581394544437e-01 5.238455402582677944e-01 2.572121134323663294e-01 3.961558625382463061e-01 6.141159725030930217e-01 2.130157223449747061e-01 5.536685618829272348e-01 9.162561120781727297e-02 6.643952579998840813e-01 5.751862685022463006e-01 4.167706901674622100e-01 5.594582964737977449e-01 4.234030060750878510e-01 3.117507603505525471e-01 3.550487406877746999e-01 3.622439063497807643e-01 4.390082812522876354e-01 7.190463347133263516e-01 3.506229808957466720e-01 3.914651861602760352e-01
6.005664754328838839e-01 4.660822882334689221e-01 0.000000000000000000e+00 4.460966792421115490e-01 3.401756757424495570e-01 8.734438006236754370e-01 3.827791616430513688e-01 7.203162220675530802e-01 2.370430637820276076e-01 7.411065589817114052e-01 4.917845599122755429e-01 4.945443968592196926e-01 3.737225826196224898e-01 7.039823108172053034e-01 3.597982560564589316e-01 5.253980677001878208e-01 2.391519450114021061e-01 3.623382642344069038e-01 3.678861384760693798e-01 3.709633581798869595e-01 6.165800883981987779e-01 1.217935608411943732e-01 4.606036138337895047e-01 3.470537642194603811e-01 6.123413356865733403e-01 2.463532078215877330e-01 2.898235404677195759e-01 4.339292818807286012e-01 5.454463749869937761e-01 7.825670719780122297e-01 3.626960230097056592e-01 4.613978270783661850e-01 3.286200694867013050e-01 3.409206264714095824e-01 5.451356140192590294e-01 2.912623865520164168e-01 5.611391294811475250e-01 3.744566770256517185e-01 6.652172519331066569e-01 5.382736346755310208e-01 3.856636649165637309e-01 4.532918322054074745e-01 3.242297831974713107e-01 1.674332941903783067e-01 3.223057111601266844e-01 3.698287161031234005e-01 4.197800029342505512e-01 6.871273424280978093e-01 2.979816485980602003e-01 3.953606030012912220e-01
5.492498834729534485e-01 4.378844757203855242e-01 4.460966792421115490e-01 0.000000000000000000e+00 3.424036701566645635e-01 7.737305065651456371e-01 3.351491068218387936e-01 7.239057520763919618e-01 2.229318357806998052e-01 7.169140316051955120e-01 4.722093973054327098e-01 4.964937188921358380e-01 1.739130861602964928e-01 6.094267529720670540e-01 3.058362452568325618e-01 3.984024878119272750e-01 3.212275023386184647e-01 4.432437562377178897e-01 1.414153866842904617e-01 1.386006809453056432e-01 5.984698346462471452e-01 3.364339204468032030e-01 2.935550397937568001e-01 1.204079390197328320e-01 5.980796920789317461e-01 3.036600581628958184e-01 2.259853222719934163e-01 3.794287592655397057e-01 4.709747424363240342e-01 6.804995033271108440e-01 2.480446872148390769e-01 5.136150310365944494e-01 3.519817508642581472e-01 1.290431274472947365e-01 5.838144965871393532e-01 2.283088191738218420e-01 4.640435749472378579e-01 3.477711670896992402e-01 5.521184788905129093e-01 5.647191146928892680e-01 2.583633848024566304e-01 4.142974829208626031e-01 3.678696424544293797e-01 3.088380340160600812e-01 1.953842338742053930e-01 8.600882810666923839e-02 4.440009366310086469e-01 6.486749344005223739e-01 3.909887662285792542e-01 7.719148390024714590e-02
3.272273690150604986e-01 3.247664389743217805e-01 3.401756757424495570e-01 3.424036701566645635e-01 0.000000000000000000e+00 5.909257874021539569e-01 2.448076456216097818e-01 4.866669688245824910e-01 2.210555461630018814e-01 4.442120377262867570e-01 1.791845642532944871e-01 3.064149483162004750e-01 1.740919550584557607e-01 4.322388964670861866e-01 1.669549609270098711e-01 2.346731470586053969e-01 1.443792569075392218e-01 1.424497583227057884e-01 3.192991037585269920e-01 3.407291366039182368e-01 4.031185974662414018e-01 2.488736752516245432e-01 1.204279380913398784e-01 2.427102699614913650e-01 3.142975108556296249e-01 1.286167268556026033e-01 2.470275344501216552e-01 1.114318800606781679e-01 3.390004069806971665e-01 4.918068293505342692e-01 1.011439973051351526e-01 2.215225936351001845e-01 9.531256322641412648e-02 3.304496586243468315e-01 3.000083276304895685e-01 1.922834442812316191e-01 2.386417276610975358e-01 2.438003129046332207e-01 3.602787473931774453e-01 2.582290167013291948e-01 1.752630400392463095e-01 2.897894588375335978e-01 1.606557973935007766e-01 1.754282499624330582e-01 3.058963442245785092e-01 2.603329714385371196e-01 1.230930932683819840e-01 3.998528278307464379e-01 7.790385789858783605e-02 3.198511309955725523e-01
3.237308994831252784e-01 8.927748978778236033e-01 8.734438006236754370e-01 7.737305065651456371e-01 5.909257874021539569e-01 0.000000000000000000e+00 4.920854372198217308e-01 5.380167004085824045e-01 7.227676772364001190e-01 5.347283956755248813e-01 4.549510541480821790e-01 4.358413757294820057e-01 6.037122530984084801e-01 1.790289759811529158e-01 7.352829772197865266e-01 3.776044197249877610e-01 6.342918556122731921e-01 5.606070450739590871e-01 7.363990175824191020e-01 8.182959760658156112e-01 4.174259685637795592e-01 7.580772903149597397e-01 5.003483116761948679e-01 7.226771348021289176e-01 4.345972890701789160e-01 7.018642403353573256e-01 6.054326173474003925e-01 4.889341859445473504e-01 3.342547801799650720e-01 1.057205015992646047e-01 6.152610303659898916e-01 4.630886038367533208e-01 6.685600767061689043e-01 7.382291442550484861e-01 4.038718543007394080e-01 6.934669759393340405e-01 3.524351039099128946e-01 8.068580400040934464e-01 2.397988191039314154e-01 4.229193472503205431e-01 5.218719605845014708e-01 4.235447959589132005e-01 5.636554607696759867e-01 7.227552481716523758e-01 7.628845023596668717e-01 6.890892850460500485e-01 5.268057887663285532e-01 4.594435056693008668e-01 6.306594998189223311e-01 7.874527974405135522e-01
2.639840932557412922e-01 5.007964147819237155e-01 3.827791616430513688e-01 3.351491068218387936e-01 2.448076456216097818e-01 4.920854372198217308e-01 0.000000000000000000e+00 3.985876759532739344e-01 2.402462178687861105e-01 4.783576942545975652e-01 2.728282442934939489e-01 1.731686227548302204e-01 1.842833504125888366e-01 3.231955390625190772e-01 3.507640341212310831e-01 1.451219836342894365e-01 1.436272166316491794e-01 1.415398039489575710e-01 2.746962087051594836e-01 3.457656278308604558e-01 2.731517585231292289e-01 2.674126513343355049e-01 1.414118697147039305e-01 3.053596941151515698e-01 3.761830005865526294e-01 2.458164501711369576e-01 1.247440656007567511e-01 2.048203233595878303e-01 1.646596032323076331e-01 4.012087085741586900e-01 2.452295103560916401e-01 2.026237525986512300e-01 2.526105080170183426e-01 2.691074101401578211e-01 2.649484176109344613e-01 3.075251191445650956e-01 2.384861326763955403e-01 4.118936060688808687e-01 2.838588885292531172e-01 2.913796572757147985e-01 9.151748729712311237e-02 8.897940679774474226e-02 8.600504157734853439e-02 2.320906091910282520e-01 2.903541541247118274e-01 2.514804114029897675e-01 2.148365510334966644e-01 4.035809572838428561e-01 1.669037877230220013e-01 3.525274312653670084e-01
2.370783426931056814e-01 7.942332902351026958e-01 7.203162220675530802e-01 7.239057520763919618e-01 4.866669688245824910e-01 5.380167004085824045e-01 3.985876759532739344e-01 0.000000000000000000e+00 6.265548510976425289e-01 4.331419628302868863e-01 3.399190621707403048e-01 2.393353289620770152e-01 5.651057018654565001e-01 3.616995200622625806e-01 6.417203645239445420e-01 3.560264189415908165e-01 4.914049510870650561e-01 3.671954653635554067e-01 6.670457677034588029e-01 7.393252290154442852e-01 1.278590487695058231e-01 6.189353956220672304e-01 4.851400094336705826e-01 6.861820455680190944e-01 3.281366347286473473e-01 5.393511779871925649e-01 5.202249577144615333e-01 4.313402799911767449e-01 2.639210498660893855e-01 4.364453909150399769e-01 5.721962806185009187e-01 2.771500687493196891e-01 5.426526713789970868e-01 6.645883022538626728e-01 1.866586411940928114e-01 6.499262213482811523e-01 3.248707325275491109e-01 7.075580562308324550e-01 3.068470892126474725e-01 2.784185793669304854e-01 4.740975193469343374e-01 3.122572599695184192e-01 4.117178946029148578e-01 5.649407643471812124e-01 6.833765814127422678e-01 6.402370566575429356e-01 3.647961941858682833e-01 3.615871316715998929e-01 4.455328912808715902e-01 7.412840765199201210e-01
4.951495238304209345e-01 2.868108018643156232e-01 2.370430637820276076e-01 2.229318357806998052e-01 2.210555461630018814e-01 7.227676772364001190e-01 2.402462178687861105e-01 6.265548510976425289e-01 0.000000000000000000e+00 6.257137499865744745e-01 3.726644303328277563e-01 3.916866582146815157e-01 1.670569255573931822e-01 5.543906906699007653e-01 1.755552978615033677e-01 3.541842862073326104e-01 1.455965912636247583e-01 2.593593857340868447e-01 1.447212950146577748e-01 1.367017525466070194e-01 5.094860802280413159e-01 1.273803049867192894e-01 2.635808025068001048e-01 1.194179893534536852e-01 4.969485266914366872e-01 1.119362920770481801e-01 1.192749984307868577e-01 3.148091523012808146e-01 3.975960800446364796e-01 6.306316248644847633e-01 1.616015852197572877e-01 3.561671011208074611e-01 1.990074361229031974e-01 1.143223773277812216e-01 4.464375333656323552e-01 9.340464666649761494e-02 4.302015287843450886e-01 1.951851906564983086e-01 5.043403057760730279e-01 4.266242989757024762e-01 2.061714288511633242e-01 3.205985783321882998e-01 2.167100547149809764e-01 9.247470832937443319e-02 8.526264737809907679e-02 1.466638726417119065e-01 3.006598733548028202e-01 5.752115930950996159e-01 1.871397663389743615e-01 1.619333927140666485e-01
2.173648543659965904e-01 7.641886726037349087e-01 7.411065589817114052e-01 7.169140316051955120e-01 4.442120377262867570e-01 5.347283956755248813e-01 4.783576942545975652e-01 4.331419628302868863e-01 6.257137499865744745e-01 0.000000000000000000e+00 2.658293986933255026e-01 3.478949633962561960e-01 5.436545516069476447e-01 3.768135814634814285e-01 6.063771945564229160e-01 3.397947363708053170e-01 5.361177393365901267e-01 3.850921217634056259e-01 6.840188734802182813e-01 7.453873404274907744e-01 3.353917951754626925e-01 6.443292119294544706e-01 4.233589918114386008e-01 6.472867673895023044e-01 1.299145268706571876e-01 5.333502545239439119e-01 5.793991137549562298e-01 3.630583398023350949e-01 3.237747325037341750e-01 4.356094376239051935e-01 5.174563725626277755e-01 2.895365028468216972e-01 5.132564386760494202e-01 6.946929271572198639e-01 2.784759909406485656e-01 6.064300192182446869e-01 2.616671539882421960e-01 6.832225465340462378e-01 3.003020688016076467e-01 2.058427860251469677e-01 4.930833059262391127e-01 4.029166204852398514e-01 4.580450629391206729e-01 5.768304025220619691e-01 7.105545480481511023e-01 6.337939936696049825e-01 3.296455357944754194e-01 7.864584139058117263e-02 4.431249103836510383e-01 7.164691804474924153e-01
1.769189580386061889e-01 5.025141495000992053e-01 4.917845599122755429e-01 4.722093973054327098e-01 1.791845642532944871e-01 4.549510541480821790e-01 2.728282442934939489e-01 3.399190621707403048e-01 3.726644303328277563e-01 2.658293986933255026e-01 0.000000000000000000e+00 1.814232117602767314e-01 3.020748796339592368e-01 2.962641632130143532e-01 3.447026714527872682e-01 1.463840319780321253e-01 2.941877061421401263e-01 1.597313673707972115e-01 4.444107141330254640e-01 4.920277670283517146e-01 2.563706908123991046e-01 3.998690902509523526e-01 1.837508324642458113e-01 3.827452047596635043e-01 1.360200985932992768e-01 2.802256110254284782e-01 3.581921676923150444e-01 1.068488755028169646e-01 2.267537948485049970e-01 3.558320960964624358e-01 2.516269738693021618e-01 1.018743599642945863e-01 2.528852626902658440e-01 4.550847678100271576e-01 1.532604209766473269e-01 3.406006205249192398e-01 1.025159502381693122e-01 4.215480234304107010e-01 2.241529699702492495e-01 9.355260254180668145e-02 2.677076856733211496e-01 2.426397460943086615e-01 2.487324219230734601e-01 3.270371341322589331e-01 4.575052283944043841e-01 3.895361673408424541e-01 8.294825873594183219e-02 2.211313876403985801e-01 1.986647887051491701e-01 4.550717462187067186e-01
1.769713832838286649e-01 5.787431479806419699e-01 4.945443968592196926e-01 4.964937188921358380e-01 3.064149483162004750e-01 4.358413757294820057e-01 1.731686227548302204e-01 2.393353289620770152e-01 3.916866582146815157e-01 3.478949633962561960e-01 1.814232117602767314e-01 0.000000000000000000e+00 3.431863327884505654e-01 2.595241953831620152e-01 4.287107673199492264e-01 1.797159227515570667e-01 2.588730657207773400e-01 1.639846798564629504e-01 4.349353397265089405e-01 5.016577042406866749e-01 1.301058783297721622e-01 3.914034095879999620e-01 2.789680379156985190e-01 4.642626764910132708e-01 2.411841169380100347e-01 3.237631833698550454e-01 2.825574329397037010e-01 2.654388582862604595e-01 1.123823294102904019e-01 3.452358458679456454e-01 3.894068800450050105e-01 9.952629884698137308e-02 3.305572412157364304e-01 4.269207774791048404e-01 9.411965037420244595e-02 4.310022014948219349e-01 2.363995873889753463e-01 4.919700616134949911e-01 2.199111531285510290e-01 1.519056194510725044e-01 2.521781502699286803e-01 8.662652939592954682e-02 1.749766034997005670e-01 3.395566880722857284e-01 4.457090566379845464e-01 4.155425774947837936e-01 1.885608675280402990e-01 2.875253493121637249e-01 2.380920814004670594e-01 5.138720433356641637e-01
3.756773880762487861e-01 3.263633713489744737e-01 3.737225826196224898e-01 1.739130861602964928e-01 1.740919550584557607e-01 6.037122530984084801e-01 1.842833504125888366e-01 5.651057018654565001e-01 1.670569255573931822e-01 5.436545516069476447e-01 3.020748796339592368e-01 3.431863327884505654e-01 0.000000000000000000e+00 4.408671788506089984e-01 1.926727720841280023e-01 2.261078333734208023e-01 2.151438180807158651e-01 3.113175630435369157e-01 1.489662720081248171e-01 2.389526370151894286e-01 4.383628311548865564e-01 2.585782868632757747e-01 1.202955597955091688e-01 1.210763437025627054e-01 4.248202120806842674e-01 2.205755347502842967e-01 1.093394825156416977e-01 2.092942415940662604e-01 3.068664796334514833e-01 5.103224743738878910e-01 1.053111031450749274e-01 3.633425057942612502e-01 2.258607226762855413e-01 1.623242480352662387e-01 4.360802478582901376e-01 1.242192734792813558e-01 2.901773151219235736e-01 2.404465134752445388e-01 3.798238244520065754e-01 3.924041387382160018e-01 9.942631333007063976e-02 2.565598033925210464e-01 2.308663768482924483e-01 2.367472946357381813e-01 1.971688212381119687e-01 9.013944206265714354e-02 2.738664189595350629e-01 4.754154544022749507e-01 2.512576557513016007e-01 1.848626323854482834e-01
1.658160852710818534e-01 7.327895558165039569e-01 7.039823108172053034e-01 6.094267529720670540e-01 4.322388964670861866e-01 1.790289759811529158e-01 3.231955390625190772e-01 3.616995200622625806e-01 5.543906906699007653e-01 3.768135814634814285e-01 2.962641632130143532e-01 2.595241953831620152e-01 4.408671788506089984e-01 0.000000000000000000e+00 5.752976351584671022e-01 2.176190776636681146e-01 4.648303658058030585e-01 3.849045577592626888e-01 5.694052753398154421e-01 6.508785069422228231e-01 2.411087882174595409e-01 5.886158005084892730e-01 3.403629696148752215e-01 5.599241117668005696e-01 2.766824748581354076e-01 5.431773494002896108e-01 4.365620968342208696e-01 3.302472950094795801e-01 1.595808271587056126e-01 1.046303984688889827e-01 4.552756883046702452e-01 2.973104932897033259e-01 5.098731857711010784e-01 5.708116751314560311e-01 2.301779993566694660e-01 5.334816338780145051e-01 1.937482129748450688e-01 6.468726979427738000e-01 9.022524988806671087e-02 2.585129760111596342e-01 3.555944080045968514e-01 2.524671300721832989e-01 3.913186820880035777e-01 5.532937583651821312e-01 5.954670332360746388e-01 5.248609892070232874e-01 3.681188978312606164e-01 3.015286914572573029e-01 4.590119593032668255e-01 6.235619704275108255e-01
4.847735519202908683e-01 1.641652920226372159e-01 3.597982560564589316e-01 3.058362452568325618e-01 1.669549609270098711e-01 7.352829772197865266e-01 3.507640341212310831e-01 6.417203645239445420e-01 1.755552978615033677e-01 6.063771945564229160e-01 3.447026714527872682e-01 4.287107673199492264e-01 1.926727720841280023e-01 5.752976351584671022e-01 0.000000000000000000e+00 3.697943656467542195e-01 2.311169452615309539e-01 2.770054442108544901e-01 3.035392604644853720e-01 2.735965414376893556e-01 5.412201259547668730e-01 2.576980264869181969e-01 2.388350982466223293e-01 1.941048426882364120e-01 4.764626676857656173e-01 1.251668389030222706e-01 2.925034708758685875e-01 2.613862631090535515e-01 4.702905875236887967e-01 6.377884997480011142e-01 1.200219468537967044e-01 3.703329585633879928e-01 1.023622874271037791e-01 2.849003585354341617e-01 4.586387568959983674e-01 9.274349056270043967e-02 3.943449300358665699e-01 9.015751494309785785e-02 5.065406467142267166e-01 4.182874540867622670e-01 2.723707200741821710e-01 4.094259158131049459e-01 2.733706254143951075e-01 2.041936949140010227e-01 2.437932366849625554e-01 2.301956758862276908e-01 2.817235225338907134e-01 5.612348566660141369e-01 1.961874732430728685e-01 2.652390956384853005e-01
1.508663423060467301e-01 5.183675633621582790e-01 5.253980677001878208e-01 3.984024878119272750e-01 2.346731470586053969e-01 3.776044197249877610e-01 1.451219836342894365e-01 3.560264189415908165e-01 3.541842862073326104e-01 3.397947363708053170e-01 1.463840319780321253e-01 1.797159227515570667e-01 2.261078333734208023e-01 2.176190776636681146e-01 3.697943656467542195e-01 0.000000000000000000e+00 2.887492002659386436e-01 2.401231423746493787e-01 3.620258464083819794e-01 4.497125850367479361e-01 2.321713444493699041e-01 4.074202430940188635e-01 1.309592674001319457e-01 3.450727150771409346e-01 2.336343334988601750e-01 3.520305375861738639e-01 2.396043773841508850e-01 1.314971092670563502e-01 1.061729368301439491e-01 2.842146410004670609e-01 2.497724187929575568e-01 2.385540975276832787e-01 3.187263739569853316e-01 3.696457532259807000e-01 2.341216185925866777e-01 3.190596414236691603e-01 9.551453624972167100e-02 4.324507054884285662e-01 1.537159910785856898e-01 2.313059558812455285e-01 1.532885695554337679e-01 9.994733113020518034e-02 2.278048056164108104e-01 3.772125928253175497e-01 3.943011113305991966e-01 3.131042610201054122e-01 1.807744118018161650e-01 2.661641799186508783e-01 2.840427417184800962e-01 4.104003771567294456e-01
3.816674984902257983e-01 3.605605820737004530e-01 2.391519450114021061e-01 3.212275023386184647e-01 1.443792569075392218e-01 6.342918556122731921e-01 1.436272166316491794e-01 4.914049510870650561e-01 1.455965912636247583e-01 5.361177393365901267e-01 2.941877061421401263e-01 2.588730657207773400e-01 2.151438180807158651e-01 4.648303658058030585e-01 2.311169452615309539e-01 2.887492002659386436e-01 0.000000000000000000e+00 1.510256175731846118e-01 2.484275719033681717e-01 2.813351644534660134e-01 3.842703884783408297e-01 1.329131840592253089e-01 2.489821176086804699e-01 2.562784596155651129e-01 4.098826045255044570e-01 1.218019910545870693e-01 1.097001117455587288e-01 2.381328630458182105e-01 3.062944299755914757e-01 5.434151269666099848e-01 2.455232542126744022e-01 2.469840650274911509e-01 1.341477873265637943e-01 2.274553114659406960e-01 3.225396353064857169e-01 1.959209549710264897e-01 3.653427106462376339e-01 2.689349708658833049e-01 4.260653069217044120e-01 3.327356825757581960e-01 1.654498618191014570e-01 2.141398871940053406e-01 8.508394590042372974e-02 8.913197398803075766e-02 2.255591234857077521e-01 2.449595391996305382e-01 2.199443867564244703e-01 4.791286610640104748e-01 9.552291743699095616e-02 3.075299839776914901e-01
2.382282111984773687e-01 4.270378248715471781e-01 3.623382642344069038e-01 4.432437562377178897e-01 1.424497583227057884e-01 5.606070450739590871e-01 1.415398039489575710e-01 3.671954653635554067e-01 2.593593857340868447e-01 3.850921217634056259e-01 1.597313673707972115e-01 1.639846798564629504e-01 3.113175630435369157e-01 3.849045577592626888e-01 2.770054442108544901e-01 2.401231423746493787e-01 1.510256175731846118e-01 0.000000000000000000e+00 3.722020183461593468e-01 3.813516332609245274e-01 2.660921909056432888e-01 2.609574377889214425e-01 2.134539779453493435e-01 3.487278505041301324e-01 2.701238737697348458e-01 1.721557126236370472e-01 2.172584339657243624e-01 1.186732609993897958e-01 2.288679172109812920e-01 4.584000713278508221e-01 2.414440003366641052e-01 9.905956284395936451e-02 1.784390541562976829e-01 3.530166668334326352e-01 1.871512551610796937e-01 2.827307559847256901e-01 2.446512134524045090e-01 3.403625908672769929e-01 3.243151379414569990e-01 1.827968973405393327e-01 2.271657320301292970e-01 1.473591903777959899e-01 8.900105455227631801e-02 2.028782843796825275e-01 3.446220331121859215e-01 3.627735949064526122e-01 8.198954360698224031e-02 3.281030434908258631e-01 8.360831112933926612e-02 4.041227346042859381e-01
5.128921887144286540e-01 4.302299882898263927e-01 3.678861384760693798e-01 1.414153866842904617e-01 3.192991037585269920e-01 7.363990175824191020e-01 2.746962087051594836e-01 6.670457677034588029e-01 1.447212950146577748e-01 6.840188734802182813e-01 4.444107141330254640e-01 4.349353397265089405e-01 1.489662720081248171e-01 5.694052753398154421e-01 3.035392604644853720e-01 3.620258464083819794e-01 2.484275719033681717e-01 3.722020183461593468e-01 0.000000000000000000e+00 1.636479287472823174e-01 5.416098502733138753e-01 2.582233796807610893e-01 2.606598816687796805e-01 1.649920622528002756e-01 5.651845339539547375e-01 2.547272478059785517e-01 1.560714133727700570e-01 3.545013902941375195e-01 4.178624290759241910e-01 6.437336344955608691e-01 2.446645432050252311e-01 4.520566518709675519e-01 3.437287311375609722e-01 9.420393358101210313e-02 5.222561174215124558e-01 2.260847186203978065e-01 4.305416369951940436e-01 3.386043770820093002e-01 5.157418374869676692e-01 5.327684606114865273e-01 2.169557733439469172e-01 3.574374985479294442e-01 2.979557335552058817e-01 2.306274932500181341e-01 1.495923232731587726e-01 8.296112454088559740e-02 4.190735676596063497e-01 6.157797762755454762e-01 3.299307220679047470e-01 1.391286608289622195e-01
5.895020457877518938e-01 3.875900629497474603e-01 3.709633581798869595e-01 1.386006809453056432e-01 3.407291366039182368e-01 8.182959760658156112e-01 3.457656278308604558e-01 7.393252290154442852e-01 1.367017525466070194e-01 7.453873404274907744e-01 4.920277670283517146e-01 5.016577042406866749e-01 2.389526370151894286e-01 6.508785069422228231e-01 2.735965414376893556e-01 4.497125850367479361e-01 2.813351644534660134e-01 3.813516332609245274e-01 1.636479287472823174e-01 0.000000000000000000e+00 6.179193416592825283e-01 2.634565402431643388e-01 3.332103378467518584e-01 1.234685494481675971e-01 6.166221171323529315e-01 2.227362138365167055e-01 2.210215622301037464e-01 3.992471289884586549e-01 4.947170197272013903e-01 7.261599236939001445e-01 2.479688332456276845e-01 4.781593486476450883e-01 3.021915790393843171e-01 9.701283379404548879e-02 5.684297808924700934e-01 1.845894401971326371e-01 5.037108977913434815e-01 2.959644517419302012e-01 5.998686046054880761e-01 5.462978894166189425e-01 3.016997276805786776e-01 4.295852189961799072e-01 3.343931020845671842e-01 2.228592824889119306e-01 8.229198484064806363e-02 1.553540716985097603e-01 4.203334637957190090e-01 6.883302324535176542e-01 3.077521910612553424e-01 7.800432200512762149e-02
1.294680724819392559e-01 6.931300157771902448e-01 6.165800883981987779e-01 5.984698346462471452e-01 4.031185974662414018e-01 4.174259685637795592e-01 2.731517585231292289e-01 1.278590487695058231e-01 5.094860802280413159e-01 3.353917951754626925e-01 2.563706908123991046e-01 1.301058783297721622e-01 4.383628311548865564e-01 2.411087882174595409e-01 5.412201259547668730e-01 2.321713444493699041e-01 3.842703884783408297e-01 2.660921909056432888e-01 5.416098502733138753e-01 6.179193416592825283e-01 0.000000000000000000e+00 5.151992619527134831e-01 3.612849349414497535e-01 5.594391748574493173e-01 2.310078243312081447e-01 4.382479035292803915e-01 3.978958241238860771e-01 3.477919086328356557e-01 1.373579996342970955e-01 3.158546590702369650e-01 4.800980863342753646e-01 1.818903467194246115e-01 4.421524328098194734e-01 5.404470452548639781e-01 1.116425956810521702e-01 5.445134937322705371e-01 2.135417155696912594e-01 6.064547817729202261e-01 1.892068218047518458e-01 1.929898390256922502e-01 3.473546486363646713e-01 1.888875018958529606e-01 3.011338389491124423e-01 4.612046306778270766e-01 5.625078679531338999e-01 5.148011392273981190e-01 2.812478228275270276e-01 2.606150582047078723e-01 3.450326527116940323e-01 6.158481590897754154e-01
4.991856489873987557e-01 3.629665768121503322e-01 1.217935608411943732e-01 3.364339204468032030e-01 2.488736752516245432e-01 7.580772903149597397e-01 2.674126513343355049e-01 6.189353956220672304e-01 1.273803049867192894e-01 6.443292119294544706e-01 3.998690902509523526e-01 3.914034095879999620e-01 2.585782868632757747e-01 5.886158005084892730e-01 2.576980264869181969e-01 4.074202430940188635e-01 1.329131840592253089e-01 2.609574377889214425e-01 2.582233796807610893e-01 2.634565402431643388e-01 5.151992619527134831e-01 0.000000000000000000e+00 3.501693334854241169e-01 2.439380527981417912e-01 5.155639886343166278e-01 1.463025611427020700e-01 1.718457158615508962e-01 3.426272813899034486e-01 4.300798646782778012e-01 6.672005616692964214e-01 2.595803115883871248e-01 3.600170006328807237e-01 2.373180689958762912e-01 2.312578676761012364e-01 4.437547875737735681e-01 1.881466751306978824e-01 4.698371289903228720e-01 2.713409656043331286e-01 5.498507416243906265e-01 4.385326766738872339e-01 2.676858403103949957e-01 3.420856278192852540e-01 2.164385749247888513e-01 8.581059211830918687e-02 2.126429523648183662e-01 2.601659573078151655e-01 3.256257708652367522e-01 5.873863844264542999e-01 2.012043015458032380e-01 2.878537850645686014e-01
2.562917079410000354e-01 3.924265862016285134e-01 4.606036138337895047e-01 2.935550397937568001e-01 1.204279380913398784e-01 5.003483116761948679e-01 1.414118697147039305e-01 4.851400094336705826e-01 2.635808025068001048e-01 4.233589918114386008e-01 1.837508324642458113e-01 2.789680379156985190e-01 1.202955597955091688e-01 3.403629696148752215e-01 2.388350982466223293e-01 1.309592674001319457e-01 2.489821176086804699e-01 2.134539779453493435e-01 2.606598816687796805e-01 3.332103378467518584e-01 3.612849349414497535e-01 3.501693334854241169e-01 0.000000000000000000e+00 2.239277755780637313e-01 3.045246522851750570e-01 2.490446649469424401e-01 1.795706500163002095e-01 1.097376192192606875e-01 2.352865273222236875e-01 4.034850972371077371e-01 1.188131513928256389e-01 2.637858834194557467e-01 2.157405013177539632e-01 2.713339353457814296e-01 3.370112534408931104e-01 1.931186642631392558e-01 1.705005599445916509e-01 3.065097283278986340e-01 2.722372442033333950e-01 2.721085789427067914e-01 8.754801337331688527e-02 1.923415085197690277e-01 2.046434831396984899e-01 2.958561880537729505e-01 3.061785085486272151e-01 2.104350018581662984e-01 1.743097965847295039e-01 3.551198946067656848e-01 1.825936612179831220e-01 2.931101886360539810e-01
4.802194835190637390e-01 3.211714608726906062e-01 3.470537642194603811e-01 1.204079390197328320e-01 2.427102699614913650e-01 7.226771348021289176e-01 3.053596941151515698e-01 6.861820455680190944e-01 1.194179893534536852e-01 6.472867673895023044e-01 3.827452047596635043e-01 4.642626764910132708e-01 1.210763437025627054e-01 5.599241117668005696e-01 1.941048426882364120e-01 3.450727150771409346e-01 2.562784596155651129e-01 3.487278505041301324e-01 1.649920622528002756e-01 1.234685494481675971e-01 5.594391748574493173e-01 2.439380527981417912e-01 2.239277755780637313e-01 0.000000000000000000e+00 5.187653033529628921e-01 1.877997002387776782e-01 2.157195219999296087e-01 2.899645667197705556e-01 4.279428233360141332e-01 6.274128728151715517e-01 1.441331145997028496e-01 4.440128309199655177e-01 2.447025928249301208e-01 1.882849811108628646e-01 5.196893032435534465e-01 1.100835017489960183e-01 3.944283355226552712e-01 2.295458496648732916e-01 4.961650197813971541e-01 4.752549221471201180e-01 2.205026570326333313e-01 3.776361470950837518e-01 3.329054089443222453e-01 1.953375280414031967e-01 1.244086724017187812e-01 8.203093771191469208e-02 3.519241062581550672e-01 5.790476701848296104e-01 2.751284083044610584e-01 7.714086103408121509e-02
1.188796372654214034e-01 6.342741457330776100e-01 6.123413356865733403e-01 5.980796920789317461e-01 3.142975108556296249e-01 4.345972890701789160e-01 3.761830005865526294e-01 3.281366347286473473e-01 4.969485266914366872e-01 1.299145268706571876e-01 1.360200985932992768e-01 2.411841169380100347e-01 4.248202120806842674e-01 2.766824748581354076e-01 4.764626676857656173e-01 2.336343334988601750e-01 4.098826045255044570e-01 2.701238737697348458e-01 5.651845339539547375e-01 6.166221171323529315e-01 2.310078243312081447e-01 5.155639886343166278e-01 3.045246522851750570e-01 5.187653033529628921e-01 0.000000000000000000e+00 4.045850312288064576e-01 4.688906092524993685e-01 2.342476999455591624e-01 2.216899296315334167e-01 3.354783310185591172e-01 3.876470724626014386e-01 1.785817030975335729e-01 3.833419118053924546e-01 5.758585876309563201e-01 1.717651444824022933e-01 4.766207191182185166e-01 1.462385786931159060e-01 5.533080196633889392e-01 2.001709621962615981e-01 8.955914300722958576e-02 3.784061272335054182e-01 3.008318176130390098e-01 3.470902631898326041e-01 4.480651792269241818e-01 5.817893247530133705e-01 5.149596541433414387e-01 1.997310089238183151e-01 9.005062241342279283e-02 3.143596870885134176e-01 5.910918448120061619e-01
4.042415295678034592e-01 2.561663255491289926e-01 2.463532078215877330e-01 3.036600581628958184e-01 1.286167268556026033e-01 7.018642403353573256e-01 2.458164501711369576e-01 5.393511779871925649e-01 1.119362920770481801e-01 5.333502545239439119e-01 2.802256110254284782e-01 3.237631833698550454e-01 2.205755347502842967e-01 5.431773494002896108e-01 1.251668389030222706e-01 3.520305375861738639e-01 1.218019910545870693e-01 1.721557126236370472e-01 2.547272478059785517e-01 2.227362138365167055e-01 4.382479035292803915e-01 1.463025611427020700e-01 2.490446649469424401e-01 1.877997002387776782e-01 4.045850312288064576e-01 0.000000000000000000e+00 2.107586606268306018e-01 2.223703329938815365e-01 3.886464207243733870e-01 6.027452822837375823e-01 1.925146488705339887e-01 2.689634280103576081e-01 1.170611205998543236e-01 2.258300132852215925e-01 3.592338602551826687e-01 1.189886294891824015e-01 3.495801805943008489e-01 1.682068782436399457e-01 4.712172003263808140e-01 3.342608035130721911e-01 2.727931618199671004e-01 3.044783318630107649e-01 1.684230414643009266e-01 8.377095413982715844e-02 1.890943925805249060e-01 2.459093316936717954e-01 2.082963778921725628e-01 4.828480976324691643e-01 9.810579808104237520e-02 2.431945843389335948e-01
3.869107481803522042e-01 3.968841406659799897e-01 2.898235404677195759e-01 2.259853222719934163e-01 2.470275344501216552e-01 6.054326173474003925e-01 1.247440656007567511e-01 5.202249577144615333e-01 1.192749984307868577e-01 5.793991137549562298e-01 3.581921676923150444e-01 2.825574329397037010e-01 1.093394825156416977e-01 4.365620968342208696e-01 2.925034708758685875e-01 2.396043773841508850e-01 1.097001117455587288e-01 2.172584339657243624e-01 1.560714133727700570e-01 2.210215622301037464e-01 3.978958241238860771e-01 1.718457158615508962e-01 1.795706500163002095e-01 2.157195219999296087e-01 4.688906092524993685e-01 2.107586606268306018e-01 0.000000000000000000e+00 2.849673338489661645e-01 2.797674862089566394e-01 5.145558887017374072e-01 2.051378135645669232e-01 2.978187707017082575e-01 2.438478990721224815e-01 1.443633445394011117e-01 3.698782106347072163e-01 2.126796450972844865e-01 3.284723301171388887e-01 3.052585294581628972e-01 3.897603969528912193e-01 3.865746753787717149e-01 9.888586376404806533e-02 2.104849476951972387e-01 1.418843201824359634e-01 1.699083067607145003e-01 1.656100885239550902e-01 1.472994264693802680e-01 2.988798669424562182e-01 5.057685573028019022e-01 1.837402508418235214e-01 2.406044444317741726e-01
2.252357675574538365e-01 4.226432762270518895e-01 4.339292818807286012e-01 3.794287592655397057e-01 1.114318800606781679e-01 4.889341859445473504e-01 2.048203233595878303e-01 4.313402799911767449e-01 3.148091523012808146e-01 3.630583398023350949e-01 1.068488755028169646e-01 2.654388582862604595e-01 2.092942415940662604e-01 3.302472950094795801e-01 2.613862631090535515e-01 1.314971092670563502e-01 2.381328630458182105e-01 1.186732609993897958e-01 3.545013902941375195e-01 3.992471289884586549e-01 3.477919086328356557e-01 3.426272813899034486e-01 1.097376192192606875e-01 2.899645667197705556e-01 2.342476999455591624e-01 2.223703329938815365e-01 2.849673338489661645e-01 0.000000000000000000e+00 2.358243691891480920e-01 3.898152278929276071e-01 1.588463358294091576e-01 1.690051664734961434e-01 1.890661693646930597e-01 3.656324762309024479e-01 2.446816387970838502e-01 2.478199824850262079e-01 1.366501262034909014e-01 3.436883934484642467e-01 2.582871459355708388e-01 1.959840485940370081e-01 1.938723820353763505e-01 2.178563293220142638e-01 2.076743155516660722e-01 2.691818561007119914e-01 3.791102785304023559e-01 2.967555293009495054e-01 7.952907963877001163e-02 3.090622638138740830e-01 1.543825371261878243e-01 3.622911081788137699e-01
1.094011315048778882e-01 6.146905576169685581e-01 5.454463749869937761e-01 4.709747424363240342e-01 3.390004069806971665e-01 3.342547801799650720e-01 1.646596032323076331e-01 2.639210498660893855e-01 3.975960800446364796e-01 3.237747325037341750e-01 2.267537948485049970e-01 1.123823294102904019e-01 3.068664796334514833e-01 1.595808271587056126e-01 4.702905875236887967e-01 1.061729368301439491e-01 3.062944299755914757e-01 2.288679172109812920e-01 4.178624290759241910e-01 4.947170197272013903e-01 1.373579996342970955e-01 4.300798646782778012e-01 2.352865273222236875e-01 4.279428233360141332e-01 2.216899296315334167e-01 3.886464207243733870e-01 2.797674862089566394e-01 2.358243691891480920e-01 0.000000000000000000e+00 2.433780515343018924e-01 3.530870268900059283e-01 1.986464173255313714e-01 3.954404785702547720e-01 4.172447233227828400e-01 1.492879583945123378e-01 4.153826356784793283e-01 1.269272419474133662e-01 5.287736997432388453e-01 1.306861435698743468e-01 1.939256761792837735e-01 2.158582971149295704e-01 9.485334907276488092e-02 2.341520378295257609e-01 3.947578225349704373e-01 4.393055460210528174e-01 3.864996855515939189e-01 2.744778796225922357e-01 2.489979955329794381e-01 3.029753187549855120e-01 4.860181242711607008e-01
2.246119414315055351e-01 7.956431110336584789e-01 7.825670719780122297e-01 6.804995033271108440e-01 4.918068293505342692e-01 1.057205015992646047e-01 4.012087085741586900e-01 4.364453909150399769e-01 6.306316248644847633e-01 4.356094376239051935e-01 3.558320960964624358e-01 3.452358458679456454e-01 5.103224743738878910e-01 1.046303984688889827e-01 6.377884997480011142e-01 2.842146410004670609e-01 5.434151269666099848e-01 4.584000713278508221e-01 6.437336344955608691e-01 7.261599236939001445e-01 3.158546590702369650e-01 6.672005616692964214e-01 4.034850972371077371e-01 6.274128728151715517e-01 3.354783310185591172e-01 6.027452822837375823e-01 5.145558887017374072e-01 3.898152278929276071e-01 2.433780515343018924e-01 0.000000000000000000e+00 5.177665528942044793e-01 3.608816300906448893e-01 5.694411186545490500e-01 6.460930918831331304e-01 3.011896579783205352e-01 5.966037615002470762e-01 2.533161458582931513e-01 7.099948255650063711e-01 1.356701499295596136e-01 3.220841128121011421e-01 4.297359082125858376e-01 3.326680673132500488e-01 4.727787321240127238e-01 6.318785195259891685e-01 6.707484499877515161e-01 5.958582818080152554e-01 4.276868307147086434e-01 3.603245476176809570e-01 5.284525260728142326e-01 6.928472756841554947e-01
3.649763966947479621e-01 2.778765581394544437e-01 3.626960230097056592e-01 2.480446872148390769e-01 1.011439973051351526e-01 6.152610303659898916e-01 2.452295103560916401e-01 5.721962806185009187e-01 1.616015852197572877e-01 5.174563725626277755e-01 2.516269738693021618e-01 3.894068800450050105e-01 1.053111031450749274e-01 4.552756883046702452e-01 1.200219468537967044e-01 2.497724187929575568e-01 2.455232542126744022e-01 2.414440003366641052e-01 2.446645432050252311e-01 2.479688332456276845e-01 4.800980863342753646e-01 2.595803115883871248e-01 1.188131513928256389e-01 1.441331145997028496e-01 3.876470724626014386e-01 1.925146488705339887e-01 2.051378135645669232e-01 1.588463358294091576e-01 3.530870268900059283e-01 5.177665528942044793e-01 0.000000000000000000e+00 3.098611671008201784e-01 1.338216347548467078e-01 2.611515162918691679e-01 3.855376394244079963e-01 9.113944697609648038e-02 2.757920037434726801e-01 1.927455018273043774e-01 3.865186998604300816e-01 3.425877122985251932e-01 1.551671594404994137e-01 3.027803506490754915e-01 2.610616374928939609e-01 2.098453478859671761e-01 2.224297430214726146e-01 1.724041178442342614e-01 2.103578336017989103e-01 4.564107448363165509e-01 1.783096979979809649e-01 2.212739756337840369e-01
1.407441527814206339e-01 5.238455402582677944e-01 4.613978270783661850e-01 5.136150310365944494e-01 2.215225936351001845e-01 4.630886038367533208e-01 2.026237525986512300e-01 2.771500687493196891e-01 3.561671011208074611e-01 2.895365028468216972e-01 1.018743599642945863e-01 9.952629884698137308e-02 3.633425057942612502e-01 2.973104932897033259e-01 3.703329585633879928e-01 2.385540975276832787e-01 2.469840650274911509e-01 9.905956284395936451e-02 4.520566518709675519e-01 4.781593486476450883e-01 1.818903467194246115e-01 3.600170006328807237e-01 2.637858834194557467e-01 4.440128309199655177e-01 1.785817030975335729e-01 2.689634280103576081e-01 2.978187707017082575e-01 1.690051664734961434e-01 1.986464173255313714e-01 3.608816300906448893e-01 3.098611671008201784e-01 0.000000000000000000e+00 2.691158456124674858e-01 4.421821152411091749e-01 9.186060066970634652e-02 3.795384713714463065e-01 2.004292156287672821e-01 4.371703062539976092e-01 2.267966967042510940e-01 8.902256009030401485e-02 2.898830368673931401e-01 1.407653861300141029e-01 1.687752155055394776e-01 3.016936496621659969e-01 4.414297484989065934e-01 4.326638896392424605e-01 1.011082051591635084e-01 2.325474245742419066e-01 1.741454853203151798e-01 5.009304499910065545e-01
