0.000000000000000000e+00 3.110112621336281080e+01 2.102933182159933168e+01 2.023497339350796054e+01 1.624150848943815717e+01 1.732199946765634024e+01 2.255286497560606307e+01 1.220428301886872013e+01 2.194253643827784472e+01 1.193188982959189559e+01 1.210905906286440015e+01 1.350068854318826972e+01 2.152795675327151770e+01 2.590518194316080169e+01 1.261897429576617569e+01 9.135616560924020746e+00 1.343353558135541626e+01 2.502065103626200582e+01 7.874225024775276971e+00 1.798935774978432534e+01 1.987467100941272236e+01 7.085217433267347431e+00 2.461189241983201370e+01 6.775387579723460618e+00 6.689448946348032443e+00
3.110112621336281080e+01 0.000000000000000000e+00 3.023037957594664960e+01 2.041606635526176561e+01 1.924607336475021313e+01 1.592970782096709925e+01 1.276129663576449502e+01 3.128926654580127220e+01 1.299885821406513386e+01 2.679605042859917674e+01 3.044229823792694489e+01 1.953808555599339414e+01 1.074168776952079973e+01 1.033916190722882966e+01 2.287485795988573045e+01 2.224042201400882846e+01 2.390800926382081570e+01 8.333587545750340553e+00 3.372596877835937335e+01 1.550072816609185722e+01 1.991227553534620398e+01 3.344411518752444579e+01 7.417194020825603751e+00 2.650708561301186705e+01 2.546209623469045624e+01
2.102933182159933168e+01 3.023037957594664960e+01 0.000000000000000000e+00 2.781711803402704319e+01 2.627259276527309240e+01 1.593267977486859621e+01 2.230600208610372093e+01 1.275432889883805920e+01 3.469390821957799886e+01 2.214803979726989880e+01 1.156583265730203891e+01 1.248564634259303396e+01 2.730549377723806970e+01 2.731786135982199681e+01 2.857765557235024190e+01 1.796678439669777916e+01 9.184097650338250318e+00 2.193230178437180200e+01 1.920139251042805029e+01 2.050527668143905657e+01 3.368579424376345344e+01 1.810170711585515591e+01 3.456010408671212986e+01 2.247613732406633957e+01 1.433988287525129657e+01
2.023497339350796054e+01 2.041606635526176561e+01 2.781711803402704319e+01 0.000000000000000000e+00 1.861084809672380302e+01 2.228285342859727081e+01 1.586912155622690612e+01 2.926410857106967001e+01 1.228557587746330171e+01 1.198766509573537320e+01 2.271648160943354000e+01 1.540195644975663747e+01 2.405281001007802288e+01 1.028013586434399862e+01 9.309566881456152743e+00 1.919128760099120257e+01 2.479153177223135884e+01 1.938211061747746200e+01 2.730837580141861665e+01 8.468284338354953533e+00 7.377270556384861955e+00 2.355049078430320364e+01 1.851189750877587770e+01 1.379298779517263718e+01 1.626548364357293508e+01
1.624150848943815717e+01 1.924607336475021313e+01 2.627259276527309240e+01 1.861084809672380302e+01 0.000000000000000000e+00 1.561665926052888942e+01 2.820612246688514446e+01 2.048440981507746983e+01 1.218365350488644161e+01 1.844706325566340155e+01 2.650700505842858590e+01 2.414088505544447116e+01 1.055090395070040188e+01 2.142041411602344070e+01 9.549597398806806581e+00 8.869086709390094470e+00 1.717022310016922404e+01 2.105345252089425045e+01 2.097181027565513034e+01 2.531086663687155180e+01 1.391580306043953996e+01 2.318368783146132728e+01 1.313389662714948614e+01 1.193058316378926165e+01 2.005414453726792701e+01
1.732199946765634024e+01 1.592970782096709925e+01 1.593267977486859621e+01 2.228285342859727081e+01 1.561665926052888942e+01 0.000000000000000000e+00 1.277282658828930018e+01 1.544813683887575984e+01 2.378150215130647638e+01 2.173410586368964204e+01 2.013641343757515756e+01 1.065510286027527087e+01 1.234391591802966204e+01 1.900139850948854914e+01 1.880327698626148702e+01 8.910616954798195266e+00 8.293151419870655516e+00 8.054873126718142373e+00 1.845154405580619894e+01 1.397660710502711545e+01 2.520690575521270560e+01 2.419444660260113622e+01 1.947388731805002848e+01 1.663638426449707097e+01 1.756176890646031197e+01
2.255286497560606307e+01 1.276129663576449502e+01 2.230600208610372093e+01 1.586912155622690612e+01 2.820612246688514446e+01 1.277282658828930018e+01 0.000000000000000000e+00 2.446043684345380598e+01 2.126287658212864073e+01 1.870080182823178916e+01 2.152697445038279511e+01 1.058980606489110166e+01 2.047480439542577813e+01 1.065582707930571260e+01 2.361698531190938510e+01 2.013717926220683552e+01 1.656353252995049274e+01 8.119201863903372285e+00 2.915473954264662027e+01 7.832343739764363377e+00 1.936807425610166788e+01 2.455671483948269440e+01 1.916136780888703939e+01 2.093867007710810313e+01 1.657469588664869775e+01
1.220428301886872013e+01 3.128926654580127220e+01 1.275432889883805920e+01 2.926410857106967001e+01 2.048440981507746983e+01 1.544813683887575984e+01 2.446043684345380598e+01 0.000000000000000000e+00 2.840746010697892032e+01 2.284533636619776331e+01 2.146079584011100749e+01 1.824053890004124412e+01 2.375792383805543295e+01 3.102375971223935736e+01 2.085843315189827152e+01 1.161532310568738069e+01 8.195934979684487587e+00 2.296885910032865397e+01 7.836514635681798069e+00 2.489440639870898053e+01 2.768271376525964556e+01 1.609582204528909344e+01 2.952883598560064016e+01 1.648524132488934058e+01 1.889373196521674458e+01
2.194253643827784472e+01 1.299885821406513386e+01 3.469390821957799886e+01 1.228557587746330171e+01 1.218365350488644161e+01 2.378150215130647638e+01 2.126287658212864073e+01 2.840746010697892032e+01 0.000000000000000000e+00 1.940632259007016458e+01 3.132892068781763939e+01 2.499533250978559806e+01 1.299113525297894434e+01 1.082173068901203195e+01 1.031342379610882354e+01 1.737145954925453140e+01 2.562151574886027916e+01 2.105887434733903518e+01 2.792804505686456196e+01 1.690521741261695610e+01 8.963859823584204634e+00 2.854878213034033152e+01 6.965376293557532072e+00 1.660863256588791259e+01 2.465640082480670614e+01
1.193188982959189559e+01 2.679605042859917674e+01 2.214803979726989880e+01 1.198766509573537320e+01 1.844706325566340155e+01 2.173410586368964204e+01 1.870080182823178916e+01 2.284533636619776331e+01 1.940632259007016458e+01 0.000000000000000000e+00 1.564252757567158270e+01 1.141636180920674093e+01 2.501167880022483914e+01 1.794091503353931927e+01 9.576092758541397743e+00 1.523439594834688293e+01 2.097874644265375821e+01 2.236800328879701638e+01 1.941946612697622143e+01 1.144518600324418678e+01 1.459761683951233735e+01 1.481669336454780783e+01 2.487292343163358410e+01 7.466799489848666482e+00 8.691722161569488847e+00
1.210905906286440015e+01 3.044229823792694489e+01 1.156583265730203891e+01 2.271648160943354000e+01 2.650700505842858590e+01 2.013641343757515756e+01 2.152697445038279511e+01 2.146079584011100749e+01 3.132892068781763939e+01 1.564252757567158270e+01 0.000000000000000000e+00 1.117779232404951806e+01 3.214991691348556913e+01 2.574069049830675482e+01 2.118295831098891213e+01 2.083539095739221381e+01 1.683979155731816135e+01 2.373246777988771328e+01 1.545591703791900251e+01 1.797312262024876617e+01 2.773816458784032690e+01 7.810660627005985290e+00 3.450633730450904579e+01 1.478118413665332298e+01 7.089624279105786187e+00
1.350068854318826972e+01 1.953808555599339414e+01 1.248564634259303396e+01 1.540195644975663747e+01 2.414088505544447116e+01 1.065510286027527087e+01 1.058980606489110166e+01 1.824053890004124412e+01 2.499533250978559806e+01 1.141636180920674093e+01 1.117779232404951806e+01 0.000000000000000000e+00 2.263167594480062661e+01 1.527249807399807047e+01 1.823710954027235331e+01 1.583507668686915792e+01 1.040767968377482156e+01 1.275369778113966746e+01 2.107261546136126285e+01 8.090115097168641967e+00 2.127063265949302817e+01 1.465656159551699744e+01 2.567173668693030208e+01 1.240888101454249615e+01 7.097506846530451163e+00
2.152795675327151770e+01 1.074168776952079973e+01 2.730549377723806970e+01 2.405281001007802288e+01 1.055090395070040188e+01 1.234391591802966204e+01 2.047480439542577813e+01 2.375792383805543295e+01 1.299113525297894434e+01 2.501167880022483914e+01 3.214991691348556913e+01 2.263167594480062661e+01 0.000000000000000000e+00 2.025493673924583149e+01 1.605315124601979448e+01 1.264457329658697660e+01 1.888725125594678644e+01 1.255059082136547133e+01 2.479860158219643651e+01 2.389063294868880050e+01 1.921587997995645836e+01 2.850154658615104353e+01 7.744304361356464383e+00 1.805364655918331707e+01 2.608753409132057399e+01
2.590518194316080169e+01 1.033916190722882966e+01 2.731786135982199681e+01 1.028013586434399862e+01 2.142041411602344070e+01 1.900139850948854914e+01 1.065582707930571260e+01 3.102375971223935736e+01 1.082173068901203195e+01 1.794091503353931927e+01 2.574069049830675482e+01 1.527249807399807047e+01 2.025493673924583149e+01 0.000000000000000000e+00 1.577229624915506179e+01 2.574689257054905411e+01 2.315198039111408335e+01 1.228493436699541697e+01 3.347710886133380370e+01 8.142956727865071187e+00 1.094116443966368557e+01 2.822033943120074184e+01 1.353428357704438056e+01 2.193214236265146511e+01 2.059929330697586636e+01
1.261897429576617569e+01 2.287485795988573045e+01 2.857765557235024190e+01 9.309566881456152743e+00 9.549597398806806581e+00 1.880327698626148702e+01 2.361698531190938510e+01 2.085843315189827152e+01 1.031342379610882354e+01 9.576092758541397743e+00 2.118295831098891213e+01 1.823710954027235331e+01 1.605315124601979448e+01 1.577229624915506179e+01 0.000000000000000000e+00 1.075998482416269830e+01 1.960466611873801668e+01 2.655331085726258777e+01 1.907930158910554397e+01 1.599009123063250470e+01 7.286399756793508153e+00 1.886841998281417077e+01 1.570644394242831510e+01 6.699146309172598457e+00 1.451043844797797711e+01
9.135616560924020746e+00 2.224042201400882846e+01 1.796678439669777916e+01 1.919128760099120257e+01 8.869086709390094470e+00 8.910616954798195266e+00 2.013717926220683552e+01 1.161532310568738069e+01 1.737145954925453140e+01 1.523439594834688293e+01 2.083539095739221381e+01 1.583507668686915792e+01 1.264457329658697660e+01 2.574689257054905411e+01 1.075998482416269830e+01 0.000000000000000000e+00 8.864414731593896590e+00 1.660926852340386617e+01 1.215402828560945458e+01 2.091659296638854926e+01 1.738445924757150607e+01 1.601431529280637989e+01 1.791351287991325947e+01 7.796755683752897070e+00 1.480423759315432086e+01
1.343353558135541626e+01 2.390800926382081570e+01 9.184097650338250318e+00 2.479153177223135884e+01 1.717022310016922404e+01 8.293151419870655516e+00 1.656353252995049274e+01 8.195934979684487587e+00 2.562151574886027916e+01 2.097874644265375821e+01 1.683979155731816135e+01 1.040767968377482156e+01 1.888725125594678644e+01 2.315198039111408335e+01 1.960466611873801668e+01 8.864414731593896590e+00 0.000000000000000000e+00 1.560993147224596989e+01 1.307872138320139577e+01 1.702671177439136585e+01 2.623305822166184598e+01 1.972399906305273731e+01 2.579767699563946337e+01 1.554571824024777094e+01 1.518740313677122877e+01
2.502065103626200582e+01 8.333587545750340553e+00 2.193230178437180200e+01 1.938211061747746200e+01 2.105345252089425045e+01 8.054873126718142373e+00 8.119201863903372285e+00 2.296885910032865397e+01 2.105887434733903518e+01 2.236800328879701638e+01 2.373246777988771328e+01 1.275369778113966746e+01 1.255059082136547133e+01 1.228493436699541697e+01 2.655331085726258777e+01 1.660926852340386617e+01 1.560993147224596989e+01 0.000000000000000000e+00 2.614012307402009938e+01 1.160796713672968572e+01 2.236441017615794635e+01 2.737028786409578629e+01 1.552100300432549140e+01 2.407882325745555718e+01 1.949492473570436957e+01
7.874225024775276971e+00 3.372596877835937335e+01 1.920139251042805029e+01 2.730837580141861665e+01 2.097181027565513034e+01 1.845154405580619894e+01 2.915473954264662027e+01 7.836514635681798069e+00 2.792804505686456196e+01 1.941946612697622143e+01 1.545591703791900251e+01 2.107261546136126285e+01 2.479860158219643651e+01 3.347710886133380370e+01 1.907930158910554397e+01 1.215402828560945458e+01 1.307872138320139577e+01 2.614012307402009938e+01 0.000000000000000000e+00 2.556128466795733090e+01 2.633527696614104485e+01 8.850350366579414541e+00 3.001623644617830422e+01 1.379998281130356297e+01 1.423015955696372181e+01
1.798935774978432534e+01 1.550072816609185722e+01 2.050527668143905657e+01 8.468284338354953533e+00 2.531086663687155180e+01 1.397660710502711545e+01 7.832343739764363377e+00 2.489440639870898053e+01 1.690521741261695610e+01 1.144518600324418678e+01 1.797312262024876617e+01 8.090115097168641967e+00 2.389063294868880050e+01 8.142956727865071187e+00 1.599009123063250470e+01 2.091659296638854926e+01 1.702671177439136585e+01 1.160796713672968572e+01 2.556128466795733090e+01 0.000000000000000000e+00 1.358084373429144520e+01 2.030451523782426548e+01 2.094639468251360270e+01 1.622572941051419804e+01 1.270160067172857232e+01
1.987467100941272236e+01 1.991227553534620398e+01 3.368579424376345344e+01 7.377270556384861955e+00 1.391580306043953996e+01 2.520690575521270560e+01 1.936807425610166788e+01 2.768271376525964556e+01 8.963859823584204634e+00 1.459761683951233735e+01 2.773816458784032690e+01 2.127063265949302817e+01 1.921587997995645836e+01 1.094116443966368557e+01 7.286399756793508153e+00 1.738445924757150607e+01 2.623305822166184598e+01 2.236441017615794635e+01 2.633527696614104485e+01 1.358084373429144520e+01 0.000000000000000000e+00 2.563402021058256253e+01 1.575157725871114245e+01 1.383747828389674694e+01 2.090647730202383769e+01
7.085217433267347431e+00 3.344411518752444579e+01 1.810170711585515591e+01 2.355049078430320364e+01 2.318368783146132728e+01 2.419444660260113622e+01 2.455671483948269440e+01 1.609582204528909344e+01 2.854878213034033152e+01 1.481669336454780783e+01 7.810660627005985290e+00 1.465656159551699744e+01 2.850154658615104353e+01 2.822033943120074184e+01 1.886841998281417077e+01 1.601431529280637989e+01 1.972399906305273731e+01 2.737028786409578629e+01 8.850350366579414541e+00 2.030451523782426548e+01 2.563402021058256253e+01 0.000000000000000000e+00 3.134850469544127449e+01 1.218638836526557512e+01 8.033420291634588040e+00
2.461189241983201370e+01 7.417194020825603751e+00 3.456010408671212986e+01 1.851189750877587770e+01 1.313389662714948614e+01 1.947388731805002848e+01 1.916136780888703939e+01 2.952883598560064016e+01 6.965376293557532072e+00 2.487292343163358410e+01 3.450633730450904579e+01 2.567173668693030208e+01 7.744304361356464383e+00 1.353428357704438056e+01 1.570644394242831510e+01 1.791351287991325947e+01 2.579767699563946337e+01 1.552100300432549140e+01 3.001623644617830422e+01 2.094639468251360270e+01 1.575157725871114245e+01 3.134850469544127449e+01 0.000000000000000000e+00 1.990586852877683555e+01 2.804469590502384690e+01
6.775387579723460618e+00 2.650708561301186705e+01 2.247613732406633957e+01 1.379298779517263718e+01 1.193058316378926165e+01 1.663638426449707097e+01 2.093867007710810313e+01 1.648524132488934058e+01 1.660863256588791259e+01 7.466799489848666482e+00 1.478118413665332298e+01 1.240888101454249615e+01 1.805364655918331707e+01 2.193214236265146511e+01 6.699146309172598457e+00 7.796755683752897070e+00 1.554571824024777094e+01 2.407882325745555718e+01 1.379998281130356297e+01 1.622572941051419804e+01 1.383747828389674694e+01 1.218638836526557512e+01 1.990586852877683555e+01 0.000000000000000000e+00 8.151390800054368668e+00
6.689448946348032443e+00 2.546209623469045624e+01 1.433988287525129657e+01 1.626548364357293508e+01 2.005414453726792701e+01 1.756176890646031197e+01 1.657469588664869775e+01 1.889373196521674458e+01 2.465640082480670614e+01 8.691722161569488847e+00 7.089624279105786187e+00 7.097506846530451163e+00 2.608753409132057399e+01 2.059929330697586636e+01 1.451043844797797711e+01 1.480423759315432086e+01 1.518740313677122877e+01 1.949492473570436957e+01 1.423015955696372181e+01 1.270160067172857232e+01 2.090647730202383769e+01 8.033420291634588040e+00 2.804469590502384690e+01 8.151390800054368668e+00 0.000000000000000000e+00
