0.000000000000000000e+00 1.107558183355281223e+00 9.579034358609015420e-01 9.813134802604566165e-01 6.776621832517194521e-01 6.520894413230660103e-01 5.670168663081113225e-01 4.609766389042149748e-01 5.217649066096951005e-01 4.099154724951929452e-01 3.556086146629291456e-01 6.385474794706063051e-01 7.109150014911881366e-01 2.956591952940447188e-01 7.634270299884389210e-01 8.453412546398934024e-01 4.880551205838914997e-01 2.386166079859933509e-01 2.304375269816757998e-01 2.754320408448885926e-01 4.765441009724015187e-01 4.449139566001815149e-01 2.240731095726978817e-01 1.915141262541115719e-01 5.998580522579161078e-01 7.296605538741369745e-01 4.680964212025748306e-01 4.746611404263078593e-01 7.776994893775421858e-01 6.456362452900966664e-01 3.732068251495368472e-01 4.199292719413698638e-01 8.689937015954727340e-01 8.545767701726965093e-01 1.570821014351547196e-01 1.557505878655705278e-01 6.551708609871206290e-01 6.244447468850753413e-01 3.477564455149574907e-01 9.583971494626796206e-01 1.496289663591578722e-01 3.441685505322641947e-01 3.774083120403836089e-01 4.273083423130285552e-01 8.272426798312157992e-01 3.258817145664761883e-01 9.066248952496516189e-01 7.204330165035237599e-01 5.603746856904331386e-01 1.380235860289702743e-01
1.107558183355281223e+00 0.000000000000000000e+00 8.881932813231804280e-01 8.766687527847648598e-01 1.283857796920460315e+00 1.341098660647398022e+00 5.650891675438761697e-01 1.536899225220427878e+00 7.250719709609149133e-01 9.122300527934449343e-01 1.027333249035759399e+00 5.394611597582129603e-01 6.079689855757407502e-01 8.186793823357760846e-01 8.099826691499995013e-01 2.813913776609835438e-01 7.108462914527773346e-01 1.333714664719880094e+00 1.029946805046007441e+00 8.751431224083204841e-01 1.092369282053143431e+00 7.302211661112153473e-01 9.695321958926513828e-01 9.998587663993894203e-01 7.200682077697901917e-01 6.597763544360303323e-01 1.168593920554303445e+00 6.508660284013293440e-01 4.556961078841013646e-01 4.624840874530905532e-01 8.483447134881638707e-01 7.107433172712186442e-01 8.044877509310141006e-01 7.464786968047312232e-01 1.227947927462859301e+00 1.034440218246086785e+00 5.969360360357188755e-01 5.693832855327518594e-01 8.380746445429289038e-01 1.502220458566879413e-01 9.591517087916140438e-01 1.010823269301696303e+00 8.610138608666916271e-01 7.412360718326688191e-01 8.101493520424022377e-01 1.399725028090198720e+00 8.296731336569033166e-01 4.189062621930622066e-01 1.162567665198538824e+00 1.083226986293741145e+00
9.579034358609015420e-01 8.881932813231804280e-01 0.000000000000000000e+00 8.795977260275130716e-01 1.293494784776349160e+00 1.423995945416036690e+00 7.163527732330694509e-01 1.400535646865923134e+00 4.550523141376271452e-01 9.061916838014262288e-01 1.090638587186891328e+00 4.003417407076431123e-01 5.870364492096169506e-01 7.070961369428171439e-01 2.868388029472714873e-01 6.401284082079360394e-01 6.802517010762401117e-01 1.193530855630574816e+00 9.125923982499506426e-01 8.873584489542868381e-01 1.096802709610618543e+00 8.268665807997767070e-01 1.064853207819374648e+00 7.939661291590939252e-01 4.056241492294991868e-01 2.447562412820915023e-01 1.255620217325276844e+00 5.682046065498556064e-01 4.842457577511071753e-01 5.602472288011541846e-01 6.123538237300092391e-01 7.637939444305167358e-01 1.606987913299389448e-01 7.417169581804416989e-01 1.090476378629472443e+00 1.030326224077811714e+00 4.572100793308215838e-01 6.307591259012936824e-01 8.008846553231702137e-01 7.396182424608637174e-01 8.546342904369857996e-01 9.659508986070771686e-01 9.503106326934066539e-01 5.608415026650857005e-01 1.611895184664704217e-01 1.264344599996064300e+00 1.346708216587861606e-01 5.941112673698598634e-01 1.174311691412291747e+00 1.031405751385224168e+00
9.813134802604566165e-01 8.766687527847648598e-01 8.795977260275130716e-01 0.000000000000000000e+00 1.162791763248137045e+00 1.272067561859768769e+00 5.695309171115477964e-01 1.430597351400911377e+00 5.901572194108610780e-01 7.713205565291203492e-01 9.637681493460498183e-01 6.276779226034584491e-01 3.036369672408994469e-01 7.956906988320729956e-01 8.101397089974960997e-01 5.973047212860896904e-01 5.267726547015398886e-01 1.217949424707451156e+00 8.570266842083456016e-01 8.589074075256248886e-01 9.713032483808201611e-01 6.368290027793157559e-01 8.744152122443518138e-01 7.936955900138443765e-01 7.695362846533693180e-01 6.391249347803755754e-01 1.095025811961297002e+00 7.052338342354069756e-01 4.618288044186162900e-01 5.973491715320357054e-01 6.374647113764084772e-01 7.148047314787853157e-01 8.138296130327953293e-01 1.632240975833033070e-01 1.122747988057644974e+00 1.016597143743416254e+00 4.509669493326896594e-01 3.863729107119643902e-01 6.720006668912179570e-01 7.352647324958374586e-01 9.168506704896616233e-01 8.789147182589159835e-01 7.962368991825096165e-01 6.993080849901528451e-01 7.878007900783048356e-01 1.295231228426408032e+00 8.182023028265018594e-01 4.873346127978173126e-01 1.041501631526215776e+00 9.758400373436192377e-01
6.776621832517194521e-01 1.283857796920460315e+00 1.293494784776349160e+00 1.162791763248137045e+00 0.000000000000000000e+00 9.758128632901362787e-01 7.705494763081086607e-01 1.104328424857947466e+00 8.514009523496125498e-01 4.045072951797499816e-01 7.004981085665007434e-01 1.040897176532313617e+00 9.310509615677524664e-01 7.458046279120793542e-01 1.117697629761653211e+00 1.003095546260775794e+00 6.784370188802136825e-01 8.888701478540294021e-01 4.879814946780482998e-01 7.055889536603575651e-01 2.151330192397231666e-01 5.711480007385378865e-01 5.198442903258534420e-01 6.175512036414432249e-01 9.860067896241283547e-01 1.060459951143163604e+00 7.945042190250046765e-01 9.066777497389229001e-01 9.002038935573313250e-01 9.198127355274430261e-01 6.811409610463398101e-01 7.240961737536124598e-01 1.251082633427560209e+00 1.035163259482332121e+00 8.069238406958219034e-01 6.717240207013710496e-01 9.156796672928232406e-01 7.840855150704854060e-01 5.464201794402644419e-01 1.150471569326694476e+00 7.761020643809821706e-01 3.540649593745151535e-01 5.631200617607409198e-01 8.151450075150141750e-01 1.165439008052345349e+00 9.671542277277183075e-01 1.242216244165099015e+00 8.649515347273981636e-01 1.341868404644467050e-01 5.472277561545126900e-01
6.520894413230660103e-01 1.341098660647398022e+00 1.423995945416036690e+00 1.272067561859768769e+00 9.758128632901362787e-01 0.000000000000000000e+00 7.801211116149864289e-01 1.055989445692523176e+00 1.045512846811707863e+00 6.458765393642246222e-01 3.529038725476972838e-01 1.034597986327697283e+00 1.028744172811861812e+00 7.749107600129017115e-01 1.251627471033851524e+00 1.060336409987713946e+00 8.400641846045867611e-01 8.440850278765030801e-01 7.115780388496750763e-01 5.777805170949841251e-01 7.833523917571754147e-01 6.352385590804531246e-01 4.770752333700254422e-01 8.315810935311858110e-01 1.064435818865681282e+00 1.215097110168677608e+00 1.857012932767888314e-01 8.557913388661808618e-01 9.737014847420532027e-01 9.262117110627033911e-01 8.924210205653613226e-01 6.770140163956097634e-01 1.321564794034745249e+00 1.141912848151113824e+00 7.585848615303973919e-01 5.296079466337286767e-01 1.077602000410366800e+00 8.919574171989800293e-01 7.284059379574971960e-01 1.202707097130577996e+00 6.908249842797440365e-01 6.741352125861417299e-01 4.800847997807064504e-01 9.148141139471878125e-01 1.330860112733111000e+00 9.188152485622939070e-01 1.366218431974623337e+00 9.221923984543359820e-01 8.549700644366272639e-01 6.027796480534639567e-01
5.670168663081113225e-01 5.650891675438761697e-01 7.163527732330694509e-01 5.695309171115477964e-01 7.705494763081086607e-01 7.801211116149864289e-01 0.000000000000000000e+00 9.900837461049674104e-01 4.485245413787958269e-01 3.989217321810934469e-01 4.629267558693660467e-01 3.279584270720606876e-01 3.133285373474632429e-01 3.028567987072242618e-01 5.889985943739547425e-01 2.958672485289568499e-01 2.611319027377576041e-01 7.868991856044191824e-01 5.441965817410941986e-01 3.242436705372680472e-01 5.790609614407918881e-01 1.994014755695707741e-01 4.245050078671577243e-01 4.988149891334230923e-01 4.120446502607368888e-01 4.918638672629303543e-01 6.095017927007752023e-01 1.847003639293992028e-01 2.444981656625360433e-01 1.687598373626679193e-01 3.831407363555293100e-01 1.598438654001661796e-01 6.234787493018838500e-01 4.393408611315139378e-01 6.820885105907990020e-01 4.835407663750346252e-01 3.733404305625345754e-01 2.045123331600837702e-01 3.599609036242130689e-01 4.239639458368452685e-01 4.269873922602996363e-01 4.871037779446038551e-01 3.025000424638718544e-01 3.086109225089008201e-01 6.428346918380185571e-01 8.529095489747380299e-01 6.585752597916566531e-01 1.694410300188053387e-01 6.492593445861873924e-01 5.381997982682477089e-01
4.609766389042149748e-01 1.536899225220427878e+00 1.400535646865923134e+00 1.430597351400911377e+00 1.104328424857947466e+00 1.055989445692523176e+00 9.900837461049674104e-01 0.000000000000000000e+00 9.676426392126616927e-01 8.297580321418039917e-01 7.595086190323865338e-01 1.074103442268048436e+00 1.160198872631642786e+00 7.274089870708082550e-01 1.203855874874564025e+00 1.268408134436749490e+00 9.385008657880181682e-01 2.311794250862730105e-01 6.797015443174898586e-01 6.861909108114059297e-01 9.074299518489455929e-01 8.571819612996314230e-01 6.318244363606496661e-01 6.404659116391849816e-01 1.039202594789823353e+00 1.173278804460507807e+00 8.719964255720321633e-01 9.058104261675283819e-01 1.201319293478328998e+00 1.075739843052858857e+00 8.205822560175978220e-01 8.429961517382257297e-01 1.308338244127379868e+00 1.303860641313151270e+00 3.123287457079726437e-01 5.540458771258928161e-01 1.104122646372193817e+00 1.073728618025530324e+00 8.035029513467407680e-01 1.388243194110399203e+00 5.785100723264295919e-01 7.792295276233570656e-01 7.845797636012159515e-01 8.666528848449361888e-01 1.269874890836236947e+00 1.393175635054566264e-01 1.349257106254672989e+00 1.143499896300379515e+00 9.845374827726686151e-01 5.611389707771643476e-01
5.217649066096951005e-01 7.250719709609149133e-01 4.550523141376271452e-01 5.901572194108610780e-01 8.514009523496125498e-01 1.045512846811707863e+00 4.485245413787958269e-01 9.676426392126616927e-01 0.000000000000000000e+00 4.640978513746899514e-01 7.076879616106864779e-01 3.161698280235525904e-01 3.032854318947648120e-01 2.910881149917287081e-01 2.991514913429823008e-01 4.720644481860181707e-01 2.535325185270018156e-01 7.573923263793683747e-01 4.704985658232143098e-01 5.021563338707561996e-01 6.547088771838820431e-01 4.654593210468513931e-01 6.424259662647054947e-01 3.519526901986980705e-01 2.058776839818958759e-01 2.220174805044417832e-01 8.796287408066782998e-01 2.912264863891613209e-01 3.023271861418054263e-01 4.064522021977218236e-01 1.702599913032728507e-01 4.323868151965757356e-01 4.126401627888382495e-01 4.589373373294977076e-01 6.582768849163693758e-01 6.023256365915787836e-01 1.647906894115815646e-01 2.702407952911444200e-01 3.535627132209406831e-01 5.764969320985979806e-01 4.243887035492796556e-01 5.238570661803408912e-01 5.835026264367437765e-01 1.496908041181455318e-01 3.277896635074902254e-01 8.321451062829606782e-01 4.037737735263773886e-01 4.200983659796726499e-01 7.322178589855555808e-01 5.893119189584881124e-01
4.099154724951929452e-01 9.122300527934449343e-01 9.061916838014262288e-01 7.713205565291203492e-01 4.045072951797499816e-01 6.458765393642246222e-01 3.989217321810934469e-01 8.297580321418039917e-01 4.640978513746899514e-01 0.000000000000000000e+00 3.559276024386301418e-01 6.535940755573911298e-01 5.407650305239574129e-01 3.585015269371569779e-01 7.303945287867303904e-01 6.314678021337606362e-01 2.823275551679890194e-01 6.146519540618573529e-01 2.298734712095487631e-01 3.392163073139677354e-01 2.130187803124328760e-01 1.995202566115227005e-01 2.164103596773684079e-01 2.405656370179625192e-01 5.987036886492056453e-01 6.731568501682410055e-01 4.651507217936747263e-01 5.193746487640000797e-01 5.189713364201329338e-01 5.481849914004278679e-01 2.938378600714171007e-01 3.534031022992616400e-01 8.637795324526369445e-01 6.436920527633150924e-01 5.323534479796780960e-01 3.772167111109324678e-01 5.283765663179004202e-01 3.926143083514684884e-01 1.520474117219052512e-01 7.776327147139582285e-01 3.983473935845925906e-01 1.499553366670299814e-01 2.027840984822456838e-01 4.278419065400917431e-01 7.781359070774224174e-01 6.925838350115747222e-01 8.549131431901760836e-01 4.933237906003829498e-01 2.832171634578285468e-01 2.851443113635134252e-01
3.556086146629291456e-01 1.027333249035759399e+00 1.090638587186891328e+00 9.637681493460498183e-01 7.004981085665007434e-01 3.529038725476972838e-01 4.629267558693660467e-01 7.595086190323865338e-01 7.076879616106864779e-01 3.559276024386301418e-01 0.000000000000000000e+00 7.069144518956539391e-01 7.191278845837681954e-01 4.370858748118806592e-01 9.138025858328305828e-01 7.465709983760745461e-01 5.409082983815628465e-01 5.476042012163663264e-01 4.263402391887641252e-01 2.282875724800456918e-01 5.080376370335402125e-01 3.269391465667338958e-01 1.988506083763575960e-01 5.228740621604766048e-01 7.266109336646601191e-01 8.817397519395328009e-01 1.844220307560101024e-01 5.224339806370356110e-01 6.599360731304140248e-01 6.030313683913878231e-01 5.861272137653492642e-01 3.436566581664644016e-01 9.837399088337238640e-01 8.336134356373942067e-01 4.621040348702604716e-01 2.317600614178444984e-01 7.716048198913841860e-01 5.836580046852607451e-01 4.297737820611854387e-01 8.868907017062109821e-01 3.604801982948255268e-01 3.980221861738299505e-01 1.699318526808997198e-01 5.769892287461669822e-01 9.930352275320896149e-01 6.223344219021571533e-01 1.032861073745478642e+00 6.084269868426970262e-01 5.796553097129920618e-01 3.153578653953573174e-01
6.385474794706063051e-01 5.394611597582129603e-01 4.003417407076431123e-01 6.276779226034584491e-01 1.040897176532313617e+00 1.034597986327697283e+00 3.279584270720606876e-01 1.074103442268048436e+00 3.161698280235525904e-01 6.535940755573911298e-01 7.069144518956539391e-01 0.000000000000000000e+00 3.351166457855621061e-01 3.466944551972406252e-01 2.981204901390063222e-01 2.913962866429683496e-01 4.658405204854428883e-01 8.719080585266704153e-01 6.599947900059156547e-01 5.111964421710961659e-01 8.442051013665837766e-01 5.078633244982978523e-01 7.138553638481918151e-01 5.115630833291843205e-01 1.869491805966455034e-01 1.856993595775583983e-01 8.646592924815610370e-01 1.924618525811161163e-01 1.815468518203855464e-01 1.750042674237743678e-01 3.753901712715147498e-01 3.728330195868008179e-01 3.124627759644640901e-01 4.897971547563869099e-01 7.643895886128646566e-01 6.561336503969651401e-01 2.296420072665189827e-01 3.373786519559586750e-01 5.662277145779932574e-01 3.908861208958963607e-01 5.000744980492488612e-01 7.133532903630420696e-01 5.593497078496906250e-01 2.277267326048658114e-01 3.291771615971227360e-01 9.369292451378192776e-01 3.425642272662300925e-01 2.478969506607890672e-01 9.217140831682573143e-01 7.645142191172046298e-01
7.109150014911881366e-01 6.079689855757407502e-01 5.870364492096169506e-01 3.036369672408994469e-01 9.310509615677524664e-01 1.028744172811861812e+00 3.133285373474632429e-01 1.160198872631642786e+00 3.032854318947648120e-01 5.407650305239574129e-01 7.191278845837681954e-01 3.351166457855621061e-01 0.000000000000000000e+00 5.252431423199052096e-01 5.175784321795999787e-01 3.286049540770654698e-01 2.595388712891194549e-01 9.475509459381825650e-01 5.893732941036617934e-01 6.045619253826116646e-01 7.395624467004354718e-01 3.935056137314084101e-01 6.310918231964443015e-01 5.232971112445758965e-01 4.760036113715653272e-01 3.465636579624791214e-01 8.517024229133894897e-01 4.490314544713224776e-01 1.771655049292533979e-01 3.411467917679510964e-01 3.670171548642407466e-01 4.604592493357718697e-01 5.212683362148994304e-01 1.574013107124704325e-01 8.523495092883764945e-01 7.622516616004028078e-01 1.574342760508850581e-01 1.579987701353621210e-01 4.085966725845914249e-01 4.661626132804663758e-01 6.464031139774937262e-01 6.163774268715754845e-01 5.528084964147009783e-01 4.223620223797965312e-01 4.952395132604086592e-01 1.024832749657139441e+00 5.256410260086057384e-01 2.275538979398561701e-01 8.097608298458310871e-01 7.081866472389355405e-01
2.956591952940447188e-01 8.186793823357760846e-01 7.070961369428171439e-01 7.956906988320729956e-01 7.458046279120793542e-01 7.749107600129017115e-01 3.028567987072242618e-01 7.274089870708082550e-01 2.910881149917287081e-01 3.585015269371569779e-01 4.370858748118806592e-01 3.466944551972406252e-01 5.252431423199052096e-01 0.000000000000000000e+00 5.009870433956163938e-01 5.568191699732922828e-01 3.286804673963640289e-01 5.252136033294299011e-01 3.599704740600545572e-01 2.306443240094245561e-01 5.491125527463491807e-01 3.184086298190332287e-01 4.692412595264386921e-01 1.963446597141636496e-01 3.233623244112887596e-01 4.798392945374025387e-01 6.090266540078725921e-01 1.802822278567591807e-01 4.931447021599068004e-01 3.567574442705914728e-01 1.633810849960264655e-01 1.730122916958593549e-01 5.863236188856466580e-01 6.689539887443128885e-01 4.176951334156243090e-01 3.384316717994990120e-01 4.363980064058922692e-01 4.486938887232639894e-01 2.720562247941257228e-01 6.695183484431744825e-01 1.611801234263152693e-01 4.182607417428078622e-01 3.129005396379377912e-01 1.603893821272089626e-01 5.764353809131314010e-01 5.902347899405788745e-01 6.532272372824271534e-01 4.400774580683162185e-01 6.266215345480227183e-01 4.285687742208343365e-01
7.634270299884389210e-01 8.099826691499995013e-01 2.868388029472714873e-01 8.101397089974960997e-01 1.117697629761653211e+00 1.251627471033851524e+00 5.889985943739547425e-01 1.203855874874564025e+00 2.991514913429823008e-01 7.303945287867303904e-01 9.138025858328305828e-01 2.981204901390063222e-01 5.175784321795999787e-01 5.009870433956163938e-01 0.000000000000000000e+00 5.619177960347548906e-01 5.504466306919711949e-01 9.988079761170016724e-01 7.367952432352550263e-01 7.092961569134225153e-01 9.210055545959227041e-01 7.558693622469589979e-01 9.087226436767461557e-01 6.138660940110891584e-01 1.871916521681702972e-01 1.866551442082463319e-01 1.085743365028822405e+00 4.210751161091273453e-01 4.203972980539127935e-01 4.693894953501944745e-01 4.365566687153135672e-01 6.186097044480179941e-01 1.588424392130281249e-01 6.722589411504246160e-01 8.937966066381139996e-01 8.325953888457414687e-01 3.652793445598093158e-01 5.671549074561137438e-01 6.308529929978571316e-01 6.614076302876830127e-01 6.579545184456272455e-01 7.901537435923813302e-01 7.896172506588876594e-01 3.405976612684074589e-01 1.414643267884078681e-01 1.067664828004705635e+00 2.819894114305910859e-01 5.184184600525755249e-01 9.985145363975962418e-01 8.556085963705286623e-01
8.453412546398934024e-01 2.813913776609835438e-01 6.401284082079360394e-01 5.973047212860896904e-01 1.003095546260775794e+00 1.060336409987713946e+00 2.958672485289568499e-01 1.268408134436749490e+00 4.720644481860181707e-01 6.314678021337606362e-01 7.465709983760745461e-01 2.913962866429683496e-01 3.286049540770654698e-01 5.568191699732922828e-01 5.619177960347548906e-01 0.000000000000000000e+00 4.314822599541019432e-01 1.065223573936201484e+00 7.491845543863232537e-01 6.059212033934012753e-01 8.116070313934587999e-01 4.494589154515310492e-01 6.887699452329670846e-01 7.204947349007141399e-01 4.720033346545455810e-01 4.117114813207856105e-01 8.878316698946190355e-01 3.913180119527602252e-01 1.886855508336564291e-01 2.054856837855548179e-01 5.689806819894885903e-01 4.415213982562994355e-01 5.564228778157694899e-01 4.671146653060559428e-01 9.604128989225811930e-01 7.652182992311676868e-01 3.387539194964508393e-01 2.900192540340763570e-01 5.573123938832444946e-01 1.533861110059032140e-01 6.972914964291302420e-01 7.300610186420121162e-01 5.802516102070073289e-01 4.984508420034176601e-01 5.620844789271576269e-01 1.131233937306520110e+00 5.816082605416587059e-01 1.381440115333777974e-01 8.818054145388544152e-01 8.024647356340568471e-01
4.880551205838914997e-01 7.108462914527773346e-01 6.802517010762401117e-01 5.267726547015398886e-01 6.784370188802136825e-01 8.400641846045867611e-01 2.611319027377576041e-01 9.385008657880181682e-01 2.535325185270018156e-01 2.823275551679890194e-01 5.409082983815628465e-01 4.658405204854428883e-01 2.595388712891194549e-01 3.286804673963640289e-01 5.504466306919711949e-01 4.314822599541019432e-01 0.000000000000000000e+00 7.226202403124425411e-01 3.391848271016205674e-01 4.786663063725209999e-01 4.863338572469950161e-01 2.303123826715408329e-01 4.243718685995607753e-01 3.022831799206439074e-01 4.578457907972393048e-01 4.370289256077285467e-01 6.630224347061144385e-01 4.064701268784609578e-01 3.010691241843175270e-01 3.888690951719647182e-01 1.652993824003375356e-01 3.584463680381470008e-01 6.276516078921251518e-01 4.000359446137797814e-01 6.306515024447515438e-01 5.851782200331248074e-01 2.481694671056162704e-01 1.535530420549307551e-01 1.541588097844929228e-01 5.694422711638499335e-01 4.464766381704181608e-01 3.661889598695340364e-01 3.709764457006632377e-01 3.097712167119285320e-01 5.721018694353091627e-01 8.031347428135144906e-01 6.222381395314788843e-01 2.949005023351755628e-01 5.571468871582923033e-01 4.579981802368941479e-01
2.386166079859933509e-01 1.333714664719880094e+00 1.193530855630574816e+00 1.217949424707451156e+00 8.888701478540294021e-01 8.440850278765030801e-01 7.868991856044191824e-01 2.311794250862730105e-01 7.573923263793683747e-01 6.146519540618573529e-01 5.476042012163663264e-01 8.719080585266704153e-01 9.475509459381825650e-01 5.252136033294299011e-01 9.988079761170016724e-01 1.065223573936201484e+00 7.226202403124425411e-01 0.000000000000000000e+00 4.633870673421192632e-01 4.809722140121525102e-01 6.911154748735754971e-01 6.422500466930783913e-01 4.173157190783027826e-01 4.281500707011061668e-01 8.348952400917031280e-01 9.652879736438103597e-01 6.600920077560120669e-01 7.034880783012364969e-01 9.863873788717765212e-01 8.734174951865674164e-01 6.094950451131450064e-01 6.398115912376778347e-01 1.104030889429259643e+00 1.091212714619690827e+00 1.622289270390515348e-01 3.447172597531988347e-01 8.918068054341152795e-01 8.610806913320698808e-01 5.807726289692469734e-01 1.185058633609851420e+00 3.761877244601378734e-01 5.629150506479865257e-01 5.706430845484107284e-01 6.623455301468155199e-01 1.062870099600889517e+00 1.446129667984668299e-01 1.142252315019325337e+00 9.403153357998316197e-01 7.690792057687499961e-01 3.456806937732455620e-01
2.304375269816757998e-01 1.029946805046007441e+00 9.125923982499506426e-01 8.570266842083456016e-01 4.879814946780482998e-01 7.115780388496750763e-01 5.441965817410941986e-01 6.797015443174898586e-01 4.704985658232143098e-01 2.298734712095487631e-01 4.263402391887641252e-01 6.599947900059156547e-01 5.893732941036617934e-01 3.599704740600545572e-01 7.367952432352550263e-01 7.491845543863232537e-01 3.391848271016205674e-01 4.633870673421192632e-01 0.000000000000000000e+00 4.265607203739137376e-01 2.810173462912429754e-01 3.526714602391788356e-01 2.345028054796497730e-01 1.938207085457218648e-01 6.051044030977300592e-01 6.795575646167654194e-01 5.268916263295205793e-01 5.224090800763768749e-01 6.285221822922548718e-01 6.940108012319324837e-01 3.002385745199415146e-01 5.072803364263160919e-01 8.701802469011620245e-01 7.294736735005465933e-01 3.822969601553637964e-01 2.672636245361471041e-01 5.542061554311983329e-01 4.810061001628680444e-01 1.918721605030789812e-01 8.909396054449556512e-01 3.009116886400669544e-01 1.482508567977704750e-01 3.534361933344993822e-01 4.342426209886161015e-01 7.845366215259468312e-01 5.425273471872604780e-01 8.613138576387007195e-01 6.110405428529456229e-01 3.714955648607430327e-01 1.352941742556810767e-01
2.754320408448885926e-01 8.751431224083204841e-01 8.873584489542868381e-01 8.589074075256248886e-01 7.055889536603575651e-01 5.777805170949841251e-01 3.242436705372680472e-01 6.861909108114059297e-01 5.021563338707561996e-01 3.392163073139677354e-01 2.282875724800456918e-01 5.111964421710961659e-01 6.045619253826116646e-01 2.306443240094245561e-01 7.092961569134225153e-01 6.059212033934012753e-01 4.786663063725209999e-01 4.809722140121525102e-01 4.265607203739137376e-01 0.000000000000000000e+00 5.145477716614530461e-01 2.513404506695857132e-01 2.992093044927163770e-01 3.055454804423578530e-01 5.221045047452519405e-01 6.784596137069283106e-01 4.099004892451982296e-01 3.191538424044313427e-01 5.451194789971355315e-01 4.336249637986350214e-01 3.746215977680266151e-01 1.745090585278319950e-01 7.792334799143156854e-01 7.287173515455915851e-01 3.798053650588429919e-01 1.592970958377665780e-01 6.474662252849198163e-01 4.894134050174757666e-01 3.836039748699351937e-01 7.340179007012899159e-01 1.639422338461934969e-01 4.177159385838131733e-01 1.461349932949903008e-01 3.714576010062364819e-01 7.875035997921590036e-01 5.490167136811764381e-01 8.295809355128742624e-01 4.794949848832498751e-01 5.847461548068486614e-01 2.912665461182326054e-01
4.765441009724015187e-01 1.092369282053143431e+00 1.096802709610618543e+00 9.713032483808201611e-01 2.151330192397231666e-01 7.833523917571754147e-01 5.790609614407918881e-01 9.074299518489455929e-01 6.547088771838820431e-01 2.130187803124328760e-01 5.080376370335402125e-01 8.442051013665837766e-01 7.395624467004354718e-01 5.491125527463491807e-01 9.210055545959227041e-01 8.116070313934587999e-01 4.863338572469950161e-01 6.911154748735754971e-01 2.810173462912429754e-01 5.145477716614530461e-01 0.000000000000000000e+00 3.796594858712208920e-01 3.260281342425060402e-01 4.193915699308575218e-01 7.893147144583978481e-01 8.637678759774332082e-01 6.020437474920437015e-01 7.099856745731923935e-01 7.087153786900143304e-01 7.283242206601262536e-01 4.844488858806093035e-01 5.330549917547078298e-01 1.054390558261829813e+00 8.436747446150151264e-01 6.100253676868196973e-01 4.779078646180238699e-01 7.189875921270927339e-01 5.925970002031683004e-01 3.497281042745338242e-01 9.589830544593773709e-01 5.749094837580586148e-01 1.477607330745667191e-01 3.720788797618364563e-01 6.184529323492838904e-01 9.687469328866146201e-01 7.702557547187162124e-01 1.045524168999368619e+00 6.734630198600811690e-01 1.362375746700055235e-01 3.483196739544824894e-01
4.449139566001815149e-01 7.302211661112153473e-01 8.268665807997767070e-01 6.368290027793157559e-01 5.711480007385378865e-01 6.352385590804531246e-01 1.994014755695707741e-01 8.571819612996314230e-01 4.654593210468513931e-01 1.995202566115227005e-01 3.269391465667338958e-01 5.078633244982978523e-01 3.935056137314084101e-01 3.184086298190332287e-01 7.558693622469589979e-01 4.494589154515310492e-01 2.303123826715408329e-01 6.422500466930783913e-01 3.526714602391788356e-01 2.513404506695857132e-01 3.796594858712208920e-01 0.000000000000000000e+00 2.430178221763124313e-01 3.393712237375962060e-01 5.789154181337410332e-01 5.948234771094695894e-01 4.581968091819808575e-01 3.515711318024033472e-01 3.475183840690841408e-01 3.486647347889052506e-01 3.492323778516813193e-01 1.650586410958785888e-01 7.534102626210957832e-01 5.066742890706605884e-01 5.597773771375054164e-01 3.981507194231533320e-01 4.446656733246504012e-01 2.567188581185269047e-01 1.725771335252762606e-01 5.968349385174493982e-01 3.903596326636190605e-01 2.981134731197743748e-01 1.594078964031938883e-01 4.526241521391215494e-01 7.459473759842644158e-01 7.200077641694020425e-01 7.654711575987656058e-01 3.113149039181532518e-01 4.498578690166165628e-01 3.567126125774020551e-01
2.240731095726978817e-01 9.695321958926513828e-01 1.064853207819374648e+00 8.744152122443518138e-01 5.198442903258534420e-01 4.770752333700254422e-01 4.245050078671577243e-01 6.318244363606496661e-01 6.424259662647054947e-01 2.164103596773684079e-01 1.988506083763575960e-01 7.138553638481918151e-01 6.310918231964443015e-01 4.692412595264386921e-01 9.087226436767461557e-01 6.887699452329670846e-01 4.243718685995607753e-01 4.173157190783027826e-01 2.345028054796497730e-01 2.992093044927163770e-01 3.260281342425060402e-01 2.430178221763124313e-01 0.000000000000000000e+00 4.026873923332489613e-01 7.587663183792181520e-01 8.328101041290674189e-01 2.923888208498708896e-01 5.493977998273702479e-01 5.871551543550103114e-01 5.737682670864922008e-01 4.721659749614326995e-01 3.631909832909314684e-01 9.913968896406935016e-01 7.442604985356963132e-01 3.344198521985236039e-01 1.728829010071356864e-01 6.622181887251831212e-01 4.943050675835627961e-01 3.127136219524712657e-01 8.365572360600377344e-01 3.319930623467698405e-01 2.132209979433099534e-01 1.563407198885008731e-01 6.061700214301072309e-01 9.564640219674380717e-01 4.946502392304202855e-01 1.003457784618363435e+00 5.506259336995894538e-01 3.999098201744614722e-01 1.612223553963435529e-01
1.915141262541115719e-01 9.998587663993894203e-01 7.939661291590939252e-01 7.936955900138443765e-01 6.175512036414432249e-01 8.315810935311858110e-01 4.988149891334230923e-01 6.404659116391849816e-01 3.519526901986980705e-01 2.405656370179625192e-01 5.228740621604766048e-01 5.115630833291843205e-01 5.232971112445758965e-01 1.963446597141636496e-01 6.138660940110891584e-01 7.204947349007141399e-01 3.022831799206439074e-01 4.281500707011061668e-01 1.938207085457218648e-01 3.055454804423578530e-01 4.193915699308575218e-01 3.393712237375962060e-01 4.026873923332489613e-01 0.000000000000000000e+00 4.614549102449898021e-01 5.610116889922490691e-01 6.475880734106946868e-01 3.669037808858260363e-01 5.900815991309300568e-01 5.522641965158430200e-01 1.816926988954253031e-01 3.640346296652019475e-01 7.322784874183200232e-01 6.669588799260841583e-01 3.326165482959184128e-01 3.117772580347396572e-01 4.636567347330088351e-01 4.368268566384632123e-01 1.737597636189414652e-01 8.584547461104621302e-01 1.623938638656510225e-01 2.799236788903146089e-01 3.799165817295775960e-01 2.905931281358759000e-01 6.633053731294081823e-01 5.050997886646816371e-01 7.426875885478440020e-01 5.839129772817881481e-01 4.989411613445760563e-01 2.811805094706221197e-01
5.998580522579161078e-01 7.200682077697901917e-01 4.056241492294991868e-01 7.695362846533693180e-01 9.860067896241283547e-01 1.064435818865681282e+00 4.120446502607368888e-01 1.039202594789823353e+00 2.058776839818958759e-01 5.987036886492056453e-01 7.266109336646601191e-01 1.869491805966455034e-01 4.760036113715653272e-01 3.233623244112887596e-01 1.871916521681702972e-01 4.720033346545455810e-01 4.578457907972393048e-01 8.348952400917031280e-01 6.051044030977300592e-01 5.221045047452519405e-01 7.893147144583978481e-01 5.789154181337410332e-01 7.587663183792181520e-01 4.614549102449898021e-01 0.000000000000000000e+00 2.212802230691183758e-01 8.985517128606518300e-01 2.441211719959094639e-01 3.517977936744533518e-01 3.548322954869305712e-01 3.204997843633290433e-01 4.359181557009695895e-01 2.730726491303663295e-01 6.316555168062980563e-01 7.291433265533735497e-01 6.549706698614138345e-01 3.235121797590919668e-01 4.761184792730402404e-01 5.113373276698074399e-01 5.714931689074734811e-01 4.845424478376041399e-01 6.584629034548565851e-01 6.024255984907171957e-01 1.725497099448875249e-01 3.190110260605699688e-01 9.023835022746067303e-01 3.642609392444688399e-01 4.285039986723663819e-01 8.668236962600713857e-01 7.097402411961281077e-01
7.296605538741369745e-01 6.597763544360303323e-01 2.447562412820915023e-01 6.391249347803755754e-01 1.060459951143163604e+00 1.215097110168677608e+00 4.918638672629303543e-01 1.173278804460507807e+00 2.220174805044417832e-01 6.731568501682410055e-01 8.817397519395328009e-01 1.856993595775583983e-01 3.465636579624791214e-01 4.798392945374025387e-01 1.866551442082463319e-01 4.117114813207856105e-01 4.370289256077285467e-01 9.652879736438103597e-01 6.795575646167654194e-01 6.784596137069283106e-01 8.637678759774332082e-01 5.948234771094695894e-01 8.328101041290674189e-01 5.610116889922490691e-01 2.212802230691183758e-01 0.000000000000000000e+00 1.046507914805867356e+00 3.593057713024969124e-01 2.522026540607996692e-01 3.373416393898541199e-01 3.793189900968238493e-01 5.548951091831583193e-01 1.906226822843963553e-01 5.012441669333039806e-01 8.632195362240578929e-01 8.046289964047548260e-01 2.139873038623103518e-01 3.981614804602577884e-01 5.576618798546588707e-01 5.112013155737136216e-01 6.273774480315711388e-01 7.329160649738919453e-01 7.409823865617413130e-01 3.335846602596709842e-01 1.539049533510362666e-01 1.037087757590649639e+00 1.867426797373307190e-01 3.650043327323327369e-01 9.412768577791067459e-01 7.983709177520392775e-01
4.680964212025748306e-01 1.168593920554303445e+00 1.255620217325276844e+00 1.095025811961297002e+00 7.945042190250046765e-01 1.857012932767888314e-01 6.095017927007752023e-01 8.719964255720321633e-01 8.796287408066782998e-01 4.651507217936747263e-01 1.844220307560101024e-01 8.646592924815610370e-01 8.517024229133894897e-01 6.090266540078725921e-01 1.085743365028822405e+00 8.878316698946190355e-01 6.630224347061144385e-01 6.600920077560120669e-01 5.268916263295205793e-01 4.099004892451982296e-01 6.020437474920437015e-01 4.581968091819808575e-01 2.923888208498708896e-01 6.475880734106946868e-01 8.985517128606518300e-01 1.046507914805867356e+00 0.000000000000000000e+00 6.899072328611517424e-01 7.991422132054728511e-01 7.562730172165671449e-01 7.138699529146586009e-01 5.111299103905807550e-01 1.153695312239602089e+00 9.648710982526415014e-01 5.745918414099062677e-01 3.456149265132374415e-01 9.005602505118949219e-01 7.149156673005078177e-01 5.513641880590248734e-01 1.032087778216366880e+00 5.072581883111013656e-01 4.894488000659870108e-01 3.094654808664950019e-01 7.489300079421585821e-01 1.164976006728081659e+00 7.348222284418027828e-01 1.197842703883864379e+00 7.496876583612411826e-01 6.736614201714956618e-01 4.184120280466471775e-01
4.746611404263078593e-01 6.508660284013293440e-01 5.682046065498556064e-01 7.052338342354069756e-01 9.066777497389229001e-01 8.557913388661808618e-01 1.847003639293992028e-01 9.058104261675283819e-01 2.912264863891613209e-01 5.193746487640000797e-01 5.224339806370356110e-01 1.924618525811161163e-01 4.490314544713224776e-01 1.802822278567591807e-01 4.210751161091273453e-01 3.913180119527602252e-01 4.064701268784609578e-01 7.034880783012364969e-01 5.224090800763768749e-01 3.191538424044313427e-01 7.099856745731923935e-01 3.515711318024033472e-01 5.493977998273702479e-01 3.669037808858260363e-01 2.441211719959094639e-01 3.593057713024969124e-01 6.899072328611517424e-01 0.000000000000000000e+00 3.181056757574052818e-01 1.906036170842744792e-01 2.411707444781234777e-01 2.138198606465896434e-01 4.662797014641805737e-01 5.750437782553732280e-01 5.960965725123442693e-01 4.640910506303004279e-01 4.147850840504856973e-01 3.494643718400990418e-01 4.320082877846018188e-01 5.018569569267983255e-01 3.273003538410986235e-01 5.791338635696510195e-01 3.930570799388695136e-01 1.435880510985963199e-01 5.027835733220612502e-01 7.686362290372988904e-01 5.104270931084428087e-01 2.770249467788288844e-01 7.874946563748659312e-01 5.960605009107663443e-01
7.776994893775421858e-01 4.556961078841013646e-01 4.842457577511071753e-01 4.618288044186162900e-01 9.002038935573313250e-01 9.737014847420532027e-01 2.444981656625360433e-01 1.201319293478328998e+00 3.023271861418054263e-01 5.189713364201329338e-01 6.599360731304140248e-01 1.815468518203855464e-01 1.771655049292533979e-01 4.931447021599068004e-01 4.203972980539127935e-01 1.886855508336564291e-01 3.010691241843175270e-01 9.863873788717765212e-01 6.285221822922548718e-01 5.451194789971355315e-01 7.087153786900143304e-01 3.475183840690841408e-01 5.871551543550103114e-01 5.900815991309300568e-01 3.517977936744533518e-01 2.522026540607996692e-01 7.991422132054728511e-01 3.181056757574052818e-01 0.000000000000000000e+00 1.812959412661288294e-01 4.325428037473117437e-01 3.965114924393556284e-01 4.107254473577588993e-01 3.288377035098141166e-01 9.039147093162033242e-01 7.028092152149266747e-01 1.545759234572758600e-01 1.588387393671213677e-01 4.377149551900278435e-01 3.081024599244532869e-01 6.380103171985508359e-01 6.271693659385676467e-01 4.936166849613467522e-01 4.040136445450291935e-01 4.033265529355947732e-01 1.064145096348099617e+00 4.228503345500957411e-01 1.342511296063197690e-01 7.789137618354099457e-01 7.008499447561001849e-01
6.456362452900966664e-01 4.624840874530905532e-01 5.602472288011541846e-01 5.973491715320357054e-01 9.198127355274430261e-01 9.262117110627033911e-01 1.687598373626679193e-01 1.075739843052858857e+00 4.064522021977218236e-01 5.481849914004278679e-01 6.030313683913878231e-01 1.750042674237743678e-01 3.411467917679510964e-01 3.567574442705914728e-01 4.693894953501944745e-01 2.054856837855548179e-01 3.888690951719647182e-01 8.734174951865674164e-01 6.940108012319324837e-01 4.336249637986350214e-01 7.283242206601262536e-01 3.486647347889052506e-01 5.737682670864922008e-01 5.522641965158430200e-01 3.548322954869305712e-01 3.373416393898541199e-01 7.562730172165671449e-01 1.906036170842744792e-01 1.812959412661288294e-01 0.000000000000000000e+00 4.297870955124166725e-01 2.736366557267402300e-01 4.765416984089878571e-01 4.671591155520017358e-01 7.660259893976751888e-01 5.929220596364014328e-01 2.997632301113145048e-01 2.528998284641231775e-01 5.023022739735297781e-01 3.127609041725829542e-01 4.972297707264293765e-01 6.363670371639382761e-01 4.495587124193758388e-01 3.131129949788239997e-01 4.877146369962261918e-01 9.385656459226298098e-01 5.024697153597416088e-01 1.369763708676059455e-01 7.985226038055217579e-01 6.874630574875820743e-01
3.732068251495368472e-01 8.483447134881638707e-01 6.123538237300092391e-01 6.374647113764084772e-01 6.811409610463398101e-01 8.924210205653613226e-01 3.831407363555293100e-01 8.205822560175978220e-01 1.702599913032728507e-01 2.938378600714171007e-01 5.861272137653492642e-01 3.753901712715147498e-01 3.670171548642407466e-01 1.633810849960264655e-01 4.365566687153135672e-01 5.689806819894885903e-01 1.652993824003375356e-01 6.094950451131450064e-01 3.002385745199415146e-01 3.746215977680266151e-01 4.844488858806093035e-01 3.492323778516813193e-01 4.721659749614326995e-01 1.816926988954253031e-01 3.204997843633290433e-01 3.793189900968238493e-01 7.138699529146586009e-01 2.411707444781234777e-01 4.325428037473117437e-01 4.297870955124166725e-01 0.000000000000000000e+00 3.220536306493279599e-01 5.699416723812200658e-01 5.107280012886484810e-01 5.127328926743313087e-01 4.624779896959141379e-01 2.961184308093466888e-01 2.853128037272374962e-01 2.064714990920188675e-01 7.069406931992366916e-01 2.845410566536148989e-01 3.535970748770679850e-01 4.331888047830322330e-01 1.496380022542150579e-01 4.842980470060055387e-01 6.852161330430943664e-01 5.610752831187592049e-01 4.323989243705624319e-01 5.619578676822828411e-01 4.190519276552151506e-01
4.199292719413698638e-01 7.107433172712186442e-01 7.637939444305167358e-01 7.148047314787853157e-01 7.240961737536124598e-01 6.770140163956097634e-01 1.598438654001661796e-01 8.429961517382257297e-01 4.323868151965757356e-01 3.534031022992616400e-01 3.436566581664644016e-01 3.728330195868008179e-01 4.604592493357718697e-01 1.730122916958593549e-01 6.186097044480179941e-01 4.415213982562994355e-01 3.584463680381470008e-01 6.398115912376778347e-01 5.072803364263160919e-01 1.745090585278319950e-01 5.330549917547078298e-01 1.650586410958785888e-01 3.631909832909314684e-01 3.640346296652019475e-01 4.359181557009695895e-01 5.548951091831583193e-01 5.111299103905807550e-01 2.138198606465896434e-01 3.965114924393556284e-01 2.736366557267402300e-01 3.220536306493279599e-01 0.000000000000000000e+00 6.618690393448420917e-01 5.846146754987515681e-01 5.350009162240576543e-01 3.321987947456233048e-01 5.204711425508432576e-01 3.453107289706361938e-01 3.368643695453429898e-01 5.696180955641879651e-01 2.798997978935581776e-01 4.392587044480560365e-01 2.086853272924300839e-01 2.979137066442397730e-01 6.983729112027227126e-01 7.058219546079963491e-01 7.060164309891039380e-01 3.150951797461479242e-01 6.032533749001035561e-01 4.641682450260893322e-01
