0.000000000000000000e+00 1.041494223782593931e+00 1.003864122068107267e+00 1.028897060939239605e+00 7.133856219773678786e-01 6.650551061703118272e-01 5.537025324172628604e-01 4.582993246518259345e-01 4.574515167231641977e-01 4.000460935537492047e-01 6.495795658621373869e-01 3.864591478475533082e-01 7.560395932404536667e-01 8.078646709314855068e-01 2.744954037894932752e-01 7.961818394831474688e-01 2.583741907253350178e-01 2.381170206369854769e-01 2.326045239038791179e-01 5.115076248053446184e-01 7.421046387184602189e-01 4.976648983629740619e-01 2.017003065379406879e-01 4.564883038838756235e-01 5.623333507209941073e-01
1.041494223782593931e+00 0.000000000000000000e+00 9.151268667450624950e-01 8.369139468217419164e-01 1.176330562935451685e+00 1.167869619380025092e+00 5.551495637017901386e-01 1.468152134406851772e+00 6.542333817922407757e-01 7.834812234182254587e-01 7.341041787305652155e-01 9.304263722603920428e-01 5.366371516789991691e-01 2.851085940749212289e-01 8.036128511625660886e-01 8.056724820085687799e-01 8.478069024315882940e-01 1.246367198387421160e+00 8.698610442059615533e-01 5.553892555105955919e-01 5.097610389855209423e-01 9.695140413791812906e-01 8.607955723316123020e-01 7.743823950360190222e-01 7.278391791531630961e-01
1.003864122068107267e+00 9.151268667450624950e-01 0.000000000000000000e+00 8.916183735826821444e-01 1.355848415646109695e+00 1.341756587363051034e+00 5.431760626576126461e-01 1.445882637661149994e+00 7.021986164976740108e-01 9.316242039044068113e-01 3.660355631444320856e-01 1.116723320172143596e+00 5.918570192507350836e-01 6.401886106008913835e-01 7.314656651682432953e-01 2.503633327465441538e-01 9.124539027576047401e-01 1.231739572307667840e+00 1.057143722332109403e+00 7.580273228646497996e-01 4.057131838413155500e-01 1.152953905502256404e+00 9.157233611262137751e-01 5.543515851935031380e-01 4.467985401667999845e-01
1.028897060939239605e+00 8.369139468217419164e-01 8.916183735826821444e-01 0.000000000000000000e+00 1.231402545785428071e+00 1.199378077306220813e+00 7.004050964422364745e-01 1.478223778691445167e+00 5.784991399888192998e-01 8.456141251767884670e-01 6.534255581855996642e-01 9.625420744702755105e-01 3.089369215115082001e-01 5.932738857198466276e-01 8.184118941956533000e-01 8.184387584050267783e-01 8.317272108175663980e-01 1.262070618797501709e+00 9.114051401914224915e-01 6.191552786790237572e-01 5.278042756332804730e-01 1.018448015226879555e+00 9.459784333010259338e-01 6.449136787627849365e-01 7.449324115082105457e-01
7.133856219773678786e-01 1.176330562935451685e+00 1.355848415646109695e+00 1.231402545785428071e+00 0.000000000000000000e+00 8.801135829316918402e-01 8.329804635255008138e-01 1.120995817565429986e+00 7.518894182047582975e-01 4.242242117417028280e-01 1.063015984949921666e+00 6.152715651085177706e-01 9.332944333233961220e-01 9.555361377409279378e-01 7.138693716723264471e-01 1.162031195664219529e+00 6.694147355254833620e-01 8.968974987013850209e-01 4.812368151802503546e-01 6.209413074248556486e-01 9.817490862492939119e-01 2.180147688584103682e-01 5.957854661330193036e-01 8.915106785874514772e-01 9.341280463327950034e-01
6.650551061703118272e-01 1.167869619380025092e+00 1.341756587363051034e+00 1.199378077306220813e+00 8.801135829316918402e-01 0.000000000000000000e+00 8.926739628645329327e-01 1.082316811214145025e+00 6.709404963534002508e-01 5.753382433757205927e-01 9.937270161315755468e-01 3.096801335144959699e-01 9.018003387545802108e-01 9.455092953179929927e-01 7.366532762476736274e-01 1.205150058935535062e+00 4.854739885403742128e-01 8.582184923500996154e-01 5.073545125509295595e-01 6.386437448721125065e-01 9.590873475887954358e-01 6.645238402250491783e-01 7.346872339828013354e-01 8.009329912314656630e-01 9.741062148089824069e-01
5.537025324172628604e-01 5.551495637017901386e-01 5.431760626576126461e-01 7.004050964422364745e-01 8.329804635255008138e-01 8.926739628645329327e-01 0.000000000000000000e+00 9.864212391005128255e-01 4.493857402605476725e-01 4.087562517837981524e-01 3.552327286608708001e-01 6.383933263532968194e-01 3.914681749307281078e-01 2.902863251772097586e-01 2.982604842762792141e-01 3.650367754280761101e-01 5.649679823244257992e-01 7.687905654737940964e-01 5.727481724149209308e-01 2.729622196006147861e-01 2.212067049282105957e-01 6.285655422111798840e-01 4.065204257832394918e-01 2.693887045907721323e-01 2.000995725262094682e-01
4.582993246518259345e-01 1.468152134406851772e+00 1.445882637661149994e+00 1.478223778691445167e+00 1.120995817565429986e+00 1.082316811214145025e+00 9.864212391005128255e-01 0.000000000000000000e+00 9.081322871422286003e-01 8.267040041780074899e-01 1.094923412789280848e+00 8.037208528913866168e-01 1.204841856511973175e+00 1.234522581555743015e+00 7.144169724929068099e-01 1.236300039413398943e+00 7.116584547385128579e-01 2.364836115039856412e-01 6.397590023851797980e-01 9.223835045392605458e-01 1.177789470641130931e+00 9.048193768442748253e-01 6.212722519760447426e-01 9.031811453421605407e-01 1.002451550651245915e+00
4.574515167231641977e-01 6.542333817922407757e-01 7.021986164976740108e-01 5.784991399888192998e-01 7.518894182047582975e-01 6.709404963534002508e-01 4.493857402605476725e-01 9.081322871422286003e-01 0.000000000000000000e+00 4.057040726677179077e-01 3.546503419386106137e-01 4.406115616895378007e-01 3.142324853134869089e-01 4.205476300798673961e-01 2.747933348089138805e-01 5.888554009981842308e-01 2.541066172990313898e-01 6.906250745814258574e-01 4.225992863334145921e-01 2.410198009644957673e-01 3.758786078800740449e-01 5.389348876462101146e-01 4.919478807942698206e-01 2.047460433214955411e-01 3.864761511612903044e-01
4.000460935537492047e-01 7.834812234182254587e-01 9.316242039044068113e-01 8.456141251767884670e-01 4.242242117417028280e-01 5.753382433757205927e-01 4.087562517837981524e-01 8.267040041780074899e-01 4.057040726677179077e-01 0.000000000000000000e+00 6.387917732082185607e-01 3.152075206218806769e-01 5.465010727337814567e-01 5.626867982237022670e-01 2.896451599306236746e-01 7.378069839225165349e-01 3.274512060146900772e-01 6.049190681585766560e-01 2.376595395614417849e-01 2.280919679076300610e-01 5.898111865363493411e-01 2.213297015978495375e-01 2.193474421027678256e-01 4.708539414124925937e-01 5.099038345910923420e-01
6.495795658621373869e-01 7.341041787305652155e-01 3.660355631444320856e-01 6.534255581855996642e-01 1.063015984949921666e+00 9.937270161315755468e-01 3.552327286608708001e-01 1.094923412789280848e+00 3.546503419386106137e-01 6.387917732082185607e-01 0.000000000000000000e+00 7.720470367145815249e-01 3.550660133031451338e-01 4.591659225863941041e-01 3.832144523902648037e-01 2.495551977761732154e-01 5.582232806006650616e-01 8.830055841561555985e-01 7.550145716162178777e-01 5.633728559380428713e-01 2.296871801770074550e-01 8.601214748060682647e-01 6.016342060380746037e-01 2.001209630365633485e-01 1.780337470543784661e-01
3.864591478475533082e-01 9.304263722603920428e-01 1.116723320172143596e+00 9.625420744702755105e-01 6.152715651085177706e-01 3.096801335144959699e-01 6.383933263532968194e-01 8.037208528913866168e-01 4.406115616895378007e-01 3.152075206218806769e-01 7.720470367145815249e-01 0.000000000000000000e+00 6.649643359186347968e-01 7.080660481983604981e-01 5.125890169781005534e-01 9.812361992756843954e-01 2.410844391712763379e-01 5.796225340273413185e-01 2.357554960856677317e-01 3.843631083608762822e-01 7.216441004691626082e-01 3.996818224018756638e-01 4.727315335073654645e-01 5.792530118144715301e-01 7.500419555394089999e-01
7.560395932404536667e-01 5.366371516789991691e-01 5.918570192507350836e-01 3.089369215115082001e-01 9.332944333233961220e-01 9.018003387545802108e-01 3.914681749307281078e-01 1.204841856511973175e+00 3.142324853134869089e-01 5.465010727337814567e-01 3.550660133031451338e-01 6.649643359186347968e-01 0.000000000000000000e+00 2.929970905771037692e-01 5.405791006400928467e-01 5.186774040730800506e-01 5.546448523171600975e-01 9.892131510987152154e-01 6.132970277293906536e-01 3.200422262360166359e-01 2.248121170895387988e-01 7.203399027648479391e-01 6.468653808580187015e-01 3.556424527867906304e-01 4.469117625100811897e-01
8.078646709314855068e-01 2.851085940749212289e-01 6.401886106008913835e-01 5.932738857198466276e-01 9.555361377409279378e-01 9.455092953179929927e-01 2.902863251772097586e-01 1.234522581555743015e+00 4.205476300798673961e-01 5.626867982237022670e-01 4.591659225863941041e-01 7.080660481983604981e-01 2.929970905771037692e-01 0.000000000000000000e+00 5.608623254266780211e-01 5.307342258643980015e-01 6.216082738220474191e-01 1.012737645536312847e+00 6.475007201439297866e-01 3.345948303160724557e-01 2.348227828413501084e-01 7.487196161846580988e-01 6.296267733353712037e-01 5.332540795951005164e-01 4.528823126669802579e-01
2.744954037894932752e-01 8.036128511625660886e-01 7.314656651682432953e-01 8.184118941956533000e-01 7.138693716723264471e-01 7.366532762476736274e-01 2.982604842762792141e-01 7.144169724929068099e-01 2.747933348089138805e-01 2.896451599306236746e-01 3.832144523902648037e-01 5.125890169781005534e-01 5.405791006400928467e-01 5.608623254266780211e-01 0.000000000000000000e+00 5.218830669204927997e-01 2.903414510744559696e-01 5.002739071394243231e-01 4.414739845815572328e-01 3.483857897725332053e-01 4.698893880888422303e-01 5.109748615284732676e-01 2.310359963816818185e-01 1.988702053525579216e-01 2.880345781583393827e-01
7.961818394831474688e-01 8.056724820085687799e-01 2.503633327465441538e-01 8.184387584050267783e-01 1.162031195664219529e+00 1.205150058935535062e+00 3.650367754280761101e-01 1.236300039413398943e+00 5.888554009981842308e-01 7.378069839225165349e-01 2.495551977761732154e-01 9.812361992756843954e-01 5.186774040730800506e-01 5.307342258643980015e-01 5.218830669204927997e-01 0.000000000000000000e+00 7.589886333720398115e-01 1.022156974059916790e+00 9.017989045536389803e-01 6.379989950286909517e-01 2.985694913649997728e-01 9.591366855203660169e-01 7.219061411443233878e-01 4.042170677040695104e-01 2.376528194895670409e-01
2.583741907253350178e-01 8.478069024315882940e-01 9.124539027576047401e-01 8.317272108175663980e-01 6.694147355254833620e-01 4.854739885403742128e-01 5.649679823244257992e-01 7.116584547385128579e-01 2.541066172990313898e-01 3.274512060146900772e-01 5.582232806006650616e-01 2.410844391712763379e-01 5.546448523171600975e-01 6.216082738220474191e-01 2.903414510744559696e-01 7.589886333720398115e-01 0.000000000000000000e+00 4.873741471284287474e-01 2.610190502880228025e-01 3.544325447941601426e-01 6.262686686646881107e-01 4.564602049669350681e-01 4.003990590172002983e-01 3.585878717234337043e-01 5.277943896357644160e-01
2.381170206369854769e-01 1.246367198387421160e+00 1.231739572307667840e+00 1.262070618797501709e+00 8.968974987013850209e-01 8.582184923500996154e-01 7.687905654737940964e-01 2.364836115039856412e-01 6.906250745814258574e-01 6.049190681585766560e-01 8.830055841561555985e-01 5.796225340273413185e-01 9.892131510987152154e-01 1.012737645536312847e+00 5.002739071394243231e-01 1.022156974059916790e+00 4.873741471284287474e-01 0.000000000000000000e+00 4.156606835211346107e-01 6.982851856752152475e-01 9.607346898989266304e-01 6.807210579802295269e-01 3.978512478184820234e-01 6.906578875176349053e-01 7.883084852977636503e-01
2.326045239038791179e-01 8.698610442059615533e-01 1.057143722332109403e+00 9.114051401914224915e-01 4.812368151802503546e-01 5.073545125509295595e-01 5.727481724149209308e-01 6.397590023851797980e-01 4.225992863334145921e-01 2.376595395614417849e-01 7.550145716162178777e-01 2.357554960856677317e-01 6.132970277293906536e-01 6.475007201439297866e-01 4.414739845815572328e-01 9.017989045536389803e-01 2.610190502880228025e-01 4.156606835211346107e-01 0.000000000000000000e+00 3.206656898784644438e-01 6.620645026291287483e-01 2.650603744590949162e-01 2.369760374216977605e-01 5.622205467161078829e-01 6.738957552222148983e-01
5.115076248053446184e-01 5.553892555105955919e-01 7.580273228646497996e-01 6.191552786790237572e-01 6.209413074248556486e-01 6.386437448721125065e-01 2.729622196006147861e-01 9.223835045392605458e-01 2.410198009644957673e-01 2.280919679076300610e-01 5.633728559380428713e-01 3.843631083608762822e-01 3.200422262360166359e-01 3.345948303160724557e-01 3.483857897725332053e-01 6.379989950286909517e-01 3.544325447941601426e-01 6.982851856752152475e-01 3.206656898784644438e-01 0.000000000000000000e+00 3.629481031616688669e-01 4.141247858685855321e-01 3.459105604268557510e-01 4.457658442859913639e-01 4.533394568373190769e-01
7.421046387184602189e-01 5.097610389855209423e-01 4.057131838413155500e-01 5.278042756332804730e-01 9.817490862492939119e-01 9.590873475887954358e-01 2.212067049282105957e-01 1.177789470641130931e+00 3.758786078800740449e-01 5.898111865363493411e-01 2.296871801770074550e-01 7.216441004691626082e-01 2.248121170895387988e-01 2.348227828413501084e-01 4.698893880888422303e-01 2.985694913649997728e-01 6.262686686646881107e-01 9.607346898989266304e-01 6.620645026291287483e-01 3.629481031616688669e-01 0.000000000000000000e+00 7.687945556907458400e-01 6.253053947647949640e-01 3.058592401196193467e-01 2.502431184521985985e-01
4.976648983629740619e-01 9.695140413791812906e-01 1.152953905502256404e+00 1.018448015226879555e+00 2.180147688584103682e-01 6.645238402250491783e-01 6.285655422111798840e-01 9.048193768442748253e-01 5.389348876462101146e-01 2.213297015978495375e-01 8.601214748060682647e-01 3.996818224018756638e-01 7.203399027648479391e-01 7.487196161846580988e-01 5.109748615284732676e-01 9.591366855203660169e-01 4.564602049669350681e-01 6.807210579802295269e-01 2.650603744590949162e-01 4.141247858685855321e-01 7.687945556907458400e-01 0.000000000000000000e+00 3.939233847884266448e-01 6.785561480289034053e-01 7.312335361889419350e-01
2.017003065379406879e-01 8.607955723316123020e-01 9.157233611262137751e-01 9.459784333010259338e-01 5.957854661330193036e-01 7.346872339828013354e-01 4.065204257832394918e-01 6.212722519760447426e-01 4.919478807942698206e-01 2.193474421027678256e-01 6.016342060380746037e-01 4.727315335073654645e-01 6.468653808580187015e-01 6.296267733353712037e-01 2.310359963816818185e-01 7.219061411443233878e-01 4.003990590172002983e-01 3.978512478184820234e-01 2.369760374216977605e-01 3.459105604268557510e-01 6.253053947647949640e-01 3.939233847884266448e-01 0.000000000000000000e+00 4.233521511877583188e-01 4.886271207743243528e-01
4.564883038838756235e-01 7.743823950360190222e-01 5.543515851935031380e-01 6.449136787627849365e-01 8.915106785874514772e-01 8.009329912314656630e-01 2.693887045907721323e-01 9.031811453421605407e-01 2.047460433214955411e-01 4.708539414124925937e-01 2.001209630365633485e-01 5.792530118144715301e-01 3.556424527867906304e-01 5.332540795951005164e-01 1.988702053525579216e-01 4.042170677040695104e-01 3.585878717234337043e-01 6.906578875176349053e-01 5.622205467161078829e-01 4.457658442859913639e-01 3.058592401196193467e-01 6.785561480289034053e-01 4.233521511877583188e-01 0.000000000000000000e+00 1.883793458785405217e-01
5.623333507209941073e-01 7.278391791531630961e-01 4.467985401667999845e-01 7.449324115082105457e-01 9.341280463327950034e-01 9.741062148089824069e-01 2.000995725262094682e-01 1.002451550651245915e+00 3.864761511612903044e-01 5.099038345910923420e-01 1.780337470543784661e-01 7.500419555394089999e-01 4.469117625100811897e-01 4.528823126669802579e-01 2.880345781583393827e-01 2.376528194895670409e-01 5.277943896357644160e-01 7.883084852977636503e-01 6.738957552222148983e-01 4.533394568373190769e-01 2.502431184521985985e-01 7.312335361889419350e-01 4.886271207743243528e-01 1.883793458785405217e-01 0.000000000000000000e+00
