0.000000000000000000e+00 2.249831809287137219e+01 1.584647723016682264e+01 1.498512485355714574e+01 1.135262124214017021e+01 8.827469500947952241e+00 2.126021749209779443e+01 8.148175322922805108e+00 1.847974716852495902e+01 8.030412016432885380e+00 9.718211544248376299e+00 1.592649912543861923e+01 1.458955619547684712e+01 1.523192015799506294e+01 1.315275586600397695e+01 4.938277920300481405e+00 4.474623569222612396e+00 1.094018923057086035e+01 1.277783274150390547e+01 9.235899070810045686e+00 1.959127371144231944e+01 1.847654968138820664e+01 2.024372757660207611e+01 2.117699830350471402e+01 1.732925645003455983e+01 5.223201094492622154e+00 6.414679694270872368e+00 1.236685597879992038e+01 4.631947909103386607e+00 8.577660177913340789e+00 1.926242909326700925e+01 1.244456794416377932e+01 7.541391793956504053e+00 1.842371072397330778e+01 9.297530848495311417e+00 1.246605688981816407e+01 1.445959680940762659e+01 1.200045132196630071e+01 1.587240048087475763e+01 1.803344136210937521e+01 9.977617093923706548e+00 1.247432046041005904e+01 2.957296611490616733e+00 1.717240195411800130e+01 1.690167277158372983e+01 1.498428266905054862e+01 1.491140531352200860e+01 1.969022765988389878e+01 2.569267993703161501e+00 5.459555269687144552e+00
2.249831809287137219e+01 0.000000000000000000e+00 1.570222333199954967e+01 1.528010398691570870e+01 1.282054465048006264e+01 1.939209049967519505e+01 8.150408965978209963e+00 1.520040221646140211e+01 7.790742250936353308e+00 2.085984610945525120e+01 1.340344888299870973e+01 6.575082199993074639e+00 8.335961514225816771e+00 1.133733810029616862e+01 1.107759186503057869e+01 1.802191298986421586e+01 1.952520929808759931e+01 1.720108137227456524e+01 1.778607000854128373e+01 1.382101542239957226e+01 1.179218944333983110e+01 4.223860819597172522e+00 4.311850935718976707e+00 4.139718302933688143e+00 1.136015552325713429e+01 2.001685352525411687e+01 1.658812038412206391e+01 1.013146211407144470e+01 1.813269882359097096e+01 1.671904239990345786e+01 3.486820559655503970e+00 1.501070568058523591e+01 1.840142184343367759e+01 6.876434639435798246e+00 1.355722547052406668e+01 1.401915423995878562e+01 9.489458937896571911e+00 1.117112719494002349e+01 8.923459647791769811e+00 9.608061225179248765e+00 1.974235058508071106e+01 1.239269070014790586e+01 2.145152278050407091e+01 1.315562067987915285e+01 6.158611495680011316e+00 1.256694672763671861e+01 8.956321488557239974e+00 2.928226477254383564e+00 2.070084458412012296e+01 2.135814869965012974e+01
1.584647723016682264e+01 1.570222333199954967e+01 0.000000000000000000e+00 2.098990250925109180e+01 1.141915173660731497e+01 8.699769107245629129e+00 8.167776393391127598e+00 1.367036309699763130e+01 1.932649529854704795e+01 2.018947397367437446e+01 6.563387785043319766e+00 1.009920229847813111e+01 1.462775285631175493e+01 5.254377564341136342e+00 1.580599555610277562e+01 1.135197833126777667e+01 1.655932380023090289e+01 1.802194860941552790e+01 4.387685667372662301e+00 1.320344644141525414e+01 4.655532711004360280e+00 1.437617200400262263e+01 1.793759436077867520e+01 1.253335209257099692e+01 2.032059051056089061e+01 1.176967418064761084e+01 1.008264161701870520e+01 8.380096336743074303e+00 1.314077899580100706e+01 8.094410886441185227e+00 1.223355743067259915e+01 3.420560016070099962e+00 1.659095526093951989e+01 8.828936369445806065e+00 9.233917501153889873e+00 1.783531132121713725e+01 1.145775666056865916e+01 1.275691241895835049e+01 1.685115173047755732e+01 6.188635439006894501e+00 2.005712531933810538e+01 5.228239510009244917e+00 1.785085342226049221e+01 2.681599353357502213e+00 1.688084312347319127e+01 1.878483747738950882e+01 7.808709644806381966e+00 1.538739775080536454e+01 1.403398114483944958e+01 1.898809746704462853e+01
1.498512485355714574e+01 1.528010398691570870e+01 2.098990250925109180e+01 0.000000000000000000e+00 1.116428935122519839e+01 1.909404949283862862e+01 1.993392141058550848e+01 8.190091732563615778e+00 7.827803373317700597e+00 8.380782098818331249e+00 1.482713702278518575e+01 1.470741131619413800e+01 9.519734542838909519e+00 1.627109009737735690e+01 5.200189198019562475e+00 1.431414726791570935e+01 1.077298845561989715e+01 4.390922653711947454e+00 2.016663748059998440e+01 8.698885642345530300e+00 1.967842737622275351e+01 1.125029218164061895e+01 1.192702484216860270e+01 1.837268235131299932e+01 3.925171651657902938e+00 1.792302419785679390e+01 1.114821978778121014e+01 1.263644891933629566e+01 1.129747295686763486e+01 1.597143534147389055e+01 1.534649633452957573e+01 1.788896678656250216e+01 7.568397866824202680e+00 1.714682484887898184e+01 1.262289759078963591e+01 3.467152993014689599e+00 1.173785038524305335e+01 8.268526385071687912e+00 6.465479133578907245e+00 1.737773696663399647e+01 5.236130657706170588e+00 1.601126132078946895e+01 1.300047078842827553e+01 1.903652649529766094e+01 9.140581474786712235e+00 2.841592937589502377e+00 1.428140462066507155e+01 1.237110729686575361e+01 1.586541281769178013e+01 1.074885682198318904e+01
1.135262124214017021e+01 1.282054465048006264e+01 1.141915173660731497e+01 1.116428935122519839e+01 0.000000000000000000e+00 1.288799890019736694e+01 1.209817689299363686e+01 8.555641088703666242e+00 1.029923691788398088e+01 1.527046165213568862e+01 6.495713071883629119e+00 6.425530173484570895e+00 5.499265412877692327e+00 7.253059935891783105e+00 5.964648365850867329e+00 8.307444338640220138e+00 1.199593703544220880e+01 1.165410080680512550e+01 1.214149486328781791e+01 4.316880833723938160e+00 1.083838923362329609e+01 9.542565302699744123e+00 1.141889278272905983e+01 1.194311197423131965e+01 1.059894226281319085e+01 1.212782179891599199e+01 5.013595125086200532e+00 3.609577255381196004e+00 8.646172675540887198e+00 9.649843011123117265e+00 9.584655650875710364e+00 8.760777868186577777e+00 1.195455840048330032e+01 9.200401781751507357e+00 3.299296482142416220e+00 8.778484487712436390e+00 3.340886965055722246e+00 2.957280592186360302e+00 7.324488048428345444e+00 8.850297423231136662e+00 1.427908189736075428e+01 6.226512777959747780e+00 1.335681292985834823e+01 1.002753827005387421e+01 7.988975139374072221e+00 8.993693520164780963e+00 5.693616993057194264e+00 1.075624328119544160e+01 1.043495338074751722e+01 1.436860905084185447e+01
8.827469500947952241e+00 1.939209049967519505e+01 8.699769107245629129e+00 1.909404949283862862e+01 1.288799890019736694e+01 0.000000000000000000e+00 1.451392270365716008e+01 1.118414133999042726e+01 2.144320690776772764e+01 1.506385317909514932e+01 6.544081288040392685e+00 1.331213765055729858e+01 1.662653079705381742e+01 8.414428017834323370e+00 1.580985551237057862e+01 4.971560886957989922e+00 1.062269383094234421e+01 1.518370946611986838e+01 4.376878561560757497e+00 1.184625328971233493e+01 1.277877856597182848e+01 1.780263975004022470e+01 2.153040175583021210e+01 1.656485732995638926e+01 2.086190807203985287e+01 3.768346171677602552e+00 8.332552285766499978e+00 1.039560617770152362e+01 8.366962097004771337e+00 3.423518316482258239e+00 1.605138936387629300e+01 5.328393939451001593e+00 1.308142474736828476e+01 1.263006949799079237e+01 9.770074037070079598e+00 1.572017435478264957e+01 1.365177085123485412e+01 1.464817316386600510e+01 1.864794467404295020e+01 1.129866354044836285e+01 1.684692299943280958e+01 7.079001070383477590e+00 1.096433843265310060e+01 1.025483162578514040e+01 1.923522747035289626e+01 1.825994297392443144e+01 1.059310230740141634e+01 1.899722594782504714e+01 6.422279272467063649e+00 1.255458774113737164e+01
2.126021749209779443e+01 8.150408965978209963e+00 8.167776393391127598e+00 1.993392141058550848e+01 1.209817689299363686e+01 1.451392270365716008e+01 0.000000000000000000e+00 1.887750774000650011e+01 1.335440931370626139e+01 2.549893732347368314e+01 1.160882328310078648e+01 6.483403782808020210e+00 1.228923051337880956e+01 6.110683540526723689e+00 1.562768835290819247e+01 1.678129516741399030e+01 2.197306406216187469e+01 2.184052747503881164e+01 1.062981572118765961e+01 1.560809003474408918e+01 4.245623687792485335e+00 8.775659414933484115e+00 1.169623149288771025e+01 4.448065674379590106e+00 1.601398491059730844e+01 1.737506550505361957e+01 1.544118661044663909e+01 9.004470929245620425e+00 1.855451925773196820e+01 1.370224630488079676e+01 5.446672988731183551e+00 9.273375824129724165e+00 2.200469552287047748e+01 3.282447287961919979e+00 1.246624412065776077e+01 1.867181893753604882e+01 9.405424126276368924e+00 1.261587397453663328e+01 1.357612434536903656e+01 3.288319577524868809e+00 2.439530056051525264e+01 8.803176060749116516e+00 2.326459368419145690e+01 5.663922279325897868e+00 1.093140301091997024e+01 1.722055418361011547e+01 6.404559899936442591e+00 9.119903049188124555e+00 1.946274398334654521e+01 2.440183772897557191e+01
8.148175322922805108e+00 1.520040221646140211e+01 1.367036309699763130e+01 8.190091732563615778e+00 8.555641088703666242e+00 1.118414133999042726e+01 1.887750774000650011e+01 0.000000000000000000e+00 1.063140417748084232e+01 6.863805121579545698e+00 7.527563881900182885e+00 1.306308426372068077e+01 8.841056128453555374e+00 1.304127249564686508e+01 5.042029839541953606e+00 6.220828094234357231e+00 4.454561654234190371e+00 4.517561114235693509e+00 1.228716277500290666e+01 4.409253836294240614e+00 1.740062604909413224e+01 1.109713036892553006e+01 1.212930703138257549e+01 1.829152256449317804e+01 1.000966695227610082e+01 9.905629749830776376e+00 3.669785198478604293e+00 1.015374960928539672e+01 3.580068257747588856e+00 8.082890471232943241e+00 1.526533654770975446e+01 1.027023558925629310e+01 3.631493097335961817e+00 1.593563954053649034e+01 6.857311301550690352e+00 4.818459154532886757e+00 1.004693485884629212e+01 6.292984193329084874e+00 7.867983661309562393e+00 1.561455582997433389e+01 6.515570648149690669e+00 1.028367279806186119e+01 6.452407027520338900e+00 1.498175429176979989e+01 9.165517447203471946e+00 7.419006619628575550e+00 1.251822348400541429e+01 1.230443286729165742e+01 8.077058320831637772e+00 6.379354208547519889e+00
1.847974716852495902e+01 7.790742250936353308e+00 1.932649529854704795e+01 7.827803373317700597e+00 1.029923691788398088e+01 2.144320690776772764e+01 1.335440931370626139e+01 1.063140417748084232e+01 0.000000000000000000e+00 1.347254656063662104e+01 1.519839143722835217e+01 9.723000787328246020e+00 5.422458714048778994e+00 1.474754898201139852e+01 5.759845611251038555e+00 1.666330468284482436e+01 1.404636706875848340e+01 9.790600396220353829e+00 2.077351236120946254e+01 1.006448868016236631e+01 1.576637375813572994e+01 5.171139309724608779e+00 4.161003466996175071e+00 1.092537279751689105e+01 3.907854909659123965e+00 2.042588683896884305e+01 1.349562521596833520e+01 1.131391963856802541e+01 1.405159136303027267e+01 1.832059275640300200e+01 8.079724702098168621e+00 1.742774738734509299e+01 1.105266997653290417e+01 1.095522298153147212e+01 1.325325879022135744e+01 6.623317145617536816e+00 8.688568497434914661e+00 7.664669849768156240e+00 2.977143372443264546e+00 1.318524019612872955e+01 1.229004997148268608e+01 1.469395938562078108e+01 1.675381081797818794e+01 1.672867831446700393e+01 2.724479417213769850e+00 5.114951261545340522e+00 1.229938377084814682e+01 4.871309675435800735e+00 1.865753354467912928e+01 1.461011975141834540e+01
8.030412016432885380e+00 2.085984610945525120e+01 2.018947397367437446e+01 8.380782098818331249e+00 1.527046165213568862e+01 1.506385317909514932e+01 2.549893732347368314e+01 6.863805121579545698e+00 1.347254656063662104e+01 0.000000000000000000e+00 1.406120828775592457e+01 1.965816439094177426e+01 1.498196055694290685e+01 1.957491690150260766e+01 9.890191170376185781e+00 1.047630287415722528e+01 4.462301025749273897e+00 4.429455027332047656e+00 1.770421995169512641e+01 1.126538996770124434e+01 2.393427045494986771e+01 1.679901347789629185e+01 1.757176802948751870e+01 2.395127174776003898e+01 1.080942572751783182e+01 1.282659919802573256e+01 1.049481745941428734e+01 1.670985272230746332e+01 7.496823124102270697e+00 1.336173624583472908e+01 2.092508573097659408e+01 1.678756468767133114e+01 3.614433658654451431e+00 2.255706912400363606e+01 1.361822410261799021e+01 6.884619969322844035e+00 1.666836444231348935e+01 1.288697834555923727e+01 1.194805387061088275e+01 2.223598541344147961e+01 3.204248319615104368e+00 1.681731720391761087e+01 5.095129556814796068e+00 2.151539869762554957e+01 1.475556472561204124e+01 8.482630824060489516e+00 1.913965306747258666e+01 1.795670710119658153e+01 1.017266609723627369e+01 2.607818068958452251e+00
9.718211544248376299e+00 1.340344888299870973e+01 6.563387785043319766e+00 1.482713702278518575e+01 6.495713071883629119e+00 6.544081288040392685e+00 1.160882328310078648e+01 7.527563881900182885e+00 1.519839143722835217e+01 1.406120828775592457e+01 0.000000000000000000e+00 7.037508560839654592e+00 1.019781255815415655e+01 5.579649141908246790e+00 1.128205676634407695e+01 5.228079870172974708e+00 1.043105811431245655e+01 1.174190205207038318e+01 6.284315207641749446e+00 6.961264938131856539e+00 9.939002695355499739e+00 1.163370488644075884e+01 1.552753313055347917e+01 1.153159472053884649e+01 1.584470892651345508e+01 6.752942921240141949e+00 3.899180662597228064e+00 3.966887938801868518e+00 7.012513309882558055e+00 3.489804299414121402e+00 1.016562890469589675e+01 3.294094867022854700e+00 1.046268957502106645e+01 8.775908739131883962e+00 3.285611718983766139e+00 1.136225325964449340e+01 7.223052612335200351e+00 8.274066123892428237e+00 1.237527014643012713e+01 8.382047153112365478e+00 1.392885963341964839e+01 2.822049444323241563e+00 1.172258773634203521e+01 7.520130938031183376e+00 1.280650923145323361e+01 1.374999549101165996e+01 5.266001730556133076e+00 1.299743560973355017e+01 7.910082683744640519e+00 1.285983178112616443e+01
1.592649912543861923e+01 6.575082199993074639e+00 1.009920229847813111e+01 1.470741131619413800e+01 6.425530173484570895e+00 1.331213765055729858e+01 6.483403782808020210e+00 1.306308426372068077e+01 9.723000787328246020e+00 1.965816439094177426e+01 7.037508560839654592e+00 0.000000000000000000e+00 5.865572390484699916e+00 5.274441319339073786e+00 9.767973220565588477e+00 1.144757680075482220e+01 1.663934569550269060e+01 1.599975454250691165e+01 1.185340385729559287e+01 9.803706566949843548e+00 7.154682122724315363e+00 4.657868216870358680e+00 8.699166447547847625e+00 5.786088133035226733e+00 1.146870622285971564e+01 1.379045148207979210e+01 1.007044318330277299e+01 3.589930982510316504e+00 1.322080089107280187e+01 1.052034023622905501e+01 3.339193200388721028e+00 8.971316113548848392e+00 1.667097715621131115e+01 3.225785625962235503e+00 7.048495117534026022e+00 1.287762210995200896e+01 3.094444460901082827e+00 6.778190238413254853e+00 8.351358812444178881e+00 4.350559829866425865e+00 1.855452762798334732e+01 6.266022409396871495e+00 1.793087531753227992e+01 7.458296254749997800e+00 7.035991343519719443e+00 1.197665014516524096e+01 2.771249296233078585e+00 6.169068926727914182e+00 1.412902561668736112e+01 1.906811936231640203e+01
1.458955619547684712e+01 8.335961514225816771e+00 1.462775285631175493e+01 9.519734542838909519e+00 5.499265412877692327e+00 1.662653079705381742e+01 1.228923051337880956e+01 8.841056128453555374e+00 5.422458714048778994e+00 1.498196055694290685e+01 1.019781255815415655e+01 5.865572390484699916e+00 0.000000000000000000e+00 9.452393769849598115e+00 5.113424416645890425e+00 1.245737581245363579e+01 1.324458278598120664e+01 1.132355070850805134e+01 1.577293348213526691e+01 5.811441864732076468e+00 1.269708495975803508e+01 4.226314186560378161e+00 6.326887408900340404e+00 1.142648237256062593e+01 6.802926573106726771e+00 1.621995796857766692e+01 9.263563864063565134e+00 6.261094713795355204e+00 1.045716650209587684e+01 1.357763431236904417e+01 8.400296355777197022e+00 1.242716850827090269e+01 1.246135483052691839e+01 9.034815937363930516e+00 8.453287285215065339e+00 8.168086709709509563e+00 3.266109783386130783e+00 3.146141648680959246e+00 3.327713065554238625e+00 9.772958373758870110e+00 1.387832379398448168e+01 9.685449519193515044e+00 1.481546583945215900e+01 1.218805299166800715e+01 2.908629933150495894e+00 6.790778764688441882e+00 7.157061846899175350e+00 5.439992165056069418e+00 1.447724716793326927e+01 1.517767773081862615e+01
1.523192015799506294e+01 1.133733810029616862e+01 5.254377564341136342e+00 1.627109009737735690e+01 7.253059935891783105e+00 8.414428017834323370e+00 6.110683540526723689e+00 1.304127249564686508e+01 1.474754898201139852e+01 1.957491690150260766e+01 5.579649141908246790e+00 5.274441319339073786e+00 9.452393769849598115e+00 0.000000000000000000e+00 1.110405091689553458e+01 1.075299783331126058e+01 1.594476672805913253e+01 1.702029419694871137e+01 6.827505632480087350e+00 1.060517845631227196e+01 4.368377561392190245e+00 9.753239883968536361e+00 1.347635382190581588e+01 8.509031455828964141e+00 1.559877042801709379e+01 1.133652036281568520e+01 9.412889276343909373e+00 3.742973590004976980e+00 1.252622192362924203e+01 7.662855281929458862e+00 7.995563489748862551e+00 3.760712855868824533e+00 1.597639818876775308e+01 4.574243623863366359e+00 6.722437045399174416e+00 1.416032790703763844e+01 6.212737034381722090e+00 8.067876918694857125e+00 1.212809730960592525e+01 2.896392762425815892e+00 1.944256824716633147e+01 2.760552834381198029e+00 1.723629635008871830e+01 2.788559228793598077e+00 1.219546565097982160e+01 1.406572593077376609e+01 2.677637464293408875e+00 1.094303129725532742e+01 1.343444664924380660e+01 1.837354039487285107e+01
1.315275586600397695e+01 1.107759186503057869e+01 1.580599555610277562e+01 5.200189198019562475e+00 5.964648365850867329e+00 1.580985551237057862e+01 1.562768835290819247e+01 5.042029839541953606e+00 5.759845611251038555e+00 9.890191170376185781e+00 1.128205676634407695e+01 9.767973220565588477e+00 5.113424416645890425e+00 1.110405091689553458e+01 0.000000000000000000e+00 1.102995328744766823e+01 8.739993574197347570e+00 6.231781321941322282e+00 1.688244350013193795e+01 4.422473682468049283e+00 1.454782253786973811e+01 6.996440464005241999e+00 7.829700114210231376e+00 1.416901750333534871e+01 5.382871191386271015e+00 1.479253544357169936e+01 7.862273820571181737e+00 7.453649195852819709e+00 8.606489922988425079e+00 1.268724136100584587e+01 1.114283148655191802e+01 1.355772249991598954e+01 7.431766904354598857e+00 1.268582015343818270e+01 8.358129782751335668e+00 3.110254036710542902e+00 6.788928602718923067e+00 3.068337187052126769e+00 2.871562867645310657e+00 1.236473644287602802e+01 8.786554407417753509e+00 1.082473421081825471e+01 1.142749598943555966e+01 1.387499115983780840e+01 5.004295990155132934e+00 3.056509888072026282e+00 9.268404096907108425e+00 8.176356729402664669e+00 1.304982464292729993e+01 1.033771626685989808e+01
4.938277920300481405e+00 1.802191298986421586e+01 1.135197833126777667e+01 1.431414726791570935e+01 8.307444338640220138e+00 4.971560886957989922e+00 1.678129516741399030e+01 6.220828094234357231e+00 1.666330468284482436e+01 1.047630287415722528e+01 5.228079870172974708e+00 1.144757680075482220e+01 1.245737581245363579e+01 1.075299783331126058e+01 1.102995328744766823e+01 0.000000000000000000e+00 6.041574552880026872e+00 1.028936827104120511e+01 7.839554821203429391e+00 7.093900607074860254e+00 1.511235138675852774e+01 1.610469900674149457e+01 1.811154719357885412e+01 1.669807597882091699e+01 1.608200584711693537e+01 3.835418996510669754e+00 3.692195131266336805e+00 7.890450875792770269e+00 3.479113111733386443e+00 3.709261788857834308e+00 1.478602399025986180e+01 7.950069045264728018e+00 8.220605764664895787e+00 1.394478839928951075e+01 5.615562566889053642e+00 1.094027212985974096e+01 1.079297958789828904e+01 9.868270938943092929e+00 1.386804244912005224e+01 1.355451903742557640e+01 1.195824222864130171e+01 7.995398135726262012e+00 7.057661888320864385e+00 1.269347962943419894e+01 1.476949238856051316e+01 1.348004074900152816e+01 1.043248298883820979e+01 1.755804727686068034e+01 2.682751801933998870e+00 8.639997691703884541e+00
4.474623569222612396e+00 1.952520929808759931e+01 1.655932380023090289e+01 1.077298845561989715e+01 1.199593703544220880e+01 1.062269383094234421e+01 2.197306406216187469e+01 4.454561654234190371e+00 1.404636706875848340e+01 4.462301025749273897e+00 1.043105811431245655e+01 1.663934569550269060e+01 1.324458278598120664e+01 1.594476672805913253e+01 8.739993574197347570e+00 6.041574552880026872e+00 0.000000000000000000e+00 6.684232455871544687e+00 1.374033695227914897e+01 8.585534389678480593e+00 2.030412028150640324e+01 1.543676100293810372e+01 1.629030520045815322e+01 2.188984487356880493e+01 1.307986696395636450e+01 8.574563825762457014e+00 7.011548958608454285e+00 1.307970254886399353e+01 3.553847516199864831e+00 9.480002722289365025e+00 1.959044891960893509e+01 1.315741451422785602e+01 3.266038971590614182e+00 1.913655729403739159e+01 9.994300363759316852e+00 8.028346226963517296e+00 1.445046151637394338e+01 1.069651085085673792e+01 1.145700778679336374e+01 1.874628793217345546e+01 6.334552085727183091e+00 1.318716703047413930e+01 2.745766532721948039e+00 1.788524852418207800e+01 1.346308523137609647e+01 1.072168778202537354e+01 1.562425188358608885e+01 1.662540971230076181e+01 5.920630724972994585e+00 2.642504435267851726e+00
1.094018923057086035e+01 1.720108137227456524e+01 1.802194860941552790e+01 4.390922653711947454e+00 1.165410080680512550e+01 1.518370946611986838e+01 2.184052747503881164e+01 4.517561114235693509e+00 9.790600396220353829e+00 4.429455027332047656e+00 1.174190205207038318e+01 1.599975454250691165e+01 1.132355070850805134e+01 1.702029419694871137e+01 6.231781321941322282e+00 1.028936827104120511e+01 6.684232455871544687e+00 0.000000000000000000e+00 1.661600550988255520e+01 7.749512898923384796e+00 2.073545490616760745e+01 1.314060362946143456e+01 1.388982186507124617e+01 2.029250701057932460e+01 6.476992416395185970e+00 1.368126870949577878e+01 7.942978653817188928e+00 1.358418665523448254e+01 6.922271861878114052e+00 1.234150548217808208e+01 1.726632099379590812e+01 1.465846273022333435e+01 3.418193484280930949e+00 1.889865927556881431e+01 1.073513068664743741e+01 3.222501059725988881e+00 1.300995459387862674e+01 9.228568497124376435e+00 8.289644022176021920e+00 1.857757556500665785e+01 2.777985231620302198e+00 1.426176358331753491e+01 9.026193154815215891e+00 1.896633385253785065e+01 1.109664410674864676e+01 4.690159785787869851e+00 1.548124321903774359e+01 1.429794236401587604e+01 1.152783548823479975e+01 6.790149369496530696e+00
1.277783274150390547e+01 1.778607000854128373e+01 4.387685667372662301e+00 2.016663748059998440e+01 1.214149486328781791e+01 4.376878561560757497e+00 1.062981572118765961e+01 1.228716277500290666e+01 2.077351236120946254e+01 1.770421995169512641e+01 6.284315207641749446e+00 1.185340385729559287e+01 1.577293348213526691e+01 6.827505632480087350e+00 1.688244350013193795e+01 7.839554821203429391e+00 1.374033695227914897e+01 1.661600550988255520e+01 0.000000000000000000e+00 1.290265028895634458e+01 8.784438190383614398e+00 1.625042316720135460e+01 1.993312058749092941e+01 1.485773769517548004e+01 2.142301044262780607e+01 7.924491423913453403e+00 9.260974919498531577e+00 9.541317977911873527e+00 1.027075171646422547e+01 4.511822750700704709e+00 1.439725671124878481e+01 3.450606409779311434e+00 1.468819901322101451e+01 1.096931745860263518e+01 9.393040217012682547e+00 1.679276234254400890e+01 1.279817353631631072e+01 1.385236764000675613e+01 1.795357166254446923e+01 8.184161665719143386e+00 1.830831601642572792e+01 6.145257488418223168e+00 1.486100096135687565e+01 6.152375701667982533e+00 1.838163015543435108e+01 1.933253096168579077e+01 9.411614552401033507e+00 1.739737993346756539e+01 1.046822750837346661e+01 1.635411841511568554e+01
9.235899070810045686e+00 1.382101542239957226e+01 1.320344644141525414e+01 8.698885642345530300e+00 4.316880833723938160e+00 1.184625328971233493e+01 1.560809003474408918e+01 4.409253836294240614e+00 1.006448868016236631e+01 1.126538996770124434e+01 6.961264938131856539e+00 9.803706566949843548e+00 5.811441864732076468e+00 1.060517845631227196e+01 4.422473682468049283e+00 7.093900607074860254e+00 8.585534389678480593e+00 7.749512898923384796e+00 1.290265028895634458e+01 0.000000000000000000e+00 1.446745421556328637e+01 9.711368094734137202e+00 1.148306292471960077e+01 1.540236257420367672e+01 9.552395514461872850e+00 1.086134579412171242e+01 3.668522083716343918e+00 7.269400159857361210e+00 5.785978454642479285e+00 8.714092700505055689e+00 1.296283204434098479e+01 9.959880010789737170e+00 7.936977148587153863e+00 1.266835927985745869e+01 4.001989145131507719e+00 5.475745091206138504e+00 6.784121480397253379e+00 3.171686089323853874e+00 7.260562844140432404e+00 1.234513812471192651e+01 1.039849331815224431e+01 8.099068334902524313e+00 1.014427779199876412e+01 1.266703297446650112e+01 8.138005525392243200e+00 6.921924375378685212e+00 9.245501164828558771e+00 1.092504607322982935e+01 9.122242148996457800e+00 1.060102100035583561e+01
1.959127371144231944e+01 1.179218944333983110e+01 4.655532711004360280e+00 1.967842737622275351e+01 1.083838923362329609e+01 1.277877856597182848e+01 4.245623687792485335e+00 1.740062604909413224e+01 1.576637375813572994e+01 2.393427045494986771e+01 9.939002695355499739e+00 7.154682122724315363e+00 1.269708495975803508e+01 4.368377561392190245e+00 1.454782253786973811e+01 1.511235138675852774e+01 2.030412028150640324e+01 2.073545490616760745e+01 8.784438190383614398e+00 1.446745421556328637e+01 0.000000000000000000e+00 1.088069266419204695e+01 1.426525505450386078e+01 8.611199386972360870e+00 1.820516121695498413e+01 1.569606921847366010e+01 1.377224282979116765e+01 7.499887876273507281e+00 1.688557547707650741e+01 1.202325001830084794e+01 8.317148350769905107e+00 7.490393648658052683e+00 2.033575174221500603e+01 4.916416946945608935e+00 1.097173802275693788e+01 1.762496293533778413e+01 9.455045222370857871e+00 1.152227806458767567e+01 1.508781380653944204e+01 2.924126585999161421e+00 2.329022799164404134e+01 7.116989180017180061e+00 2.159564990353598191e+01 2.681442023932505858e+00 1.332404095456512749e+01 1.746859946912012518e+01 5.567004642057273855e+00 1.169895465612399121e+01 1.779380020269106311e+01 2.273289394832010402e+01
1.847654968138820664e+01 4.223860819597172522e+00 1.437617200400262263e+01 1.125029218164061895e+01 9.542565302699744123e+00 1.780263975004022470e+01 8.775659414933484115e+00 1.109713036892553006e+01 5.171139309724608779e+00 1.679901347789629185e+01 1.163370488644075884e+01 4.657868216870358680e+00 4.226314186560378161e+00 9.753239883968536361e+00 6.996440464005241999e+00 1.610469900674149457e+01 1.543676100293810372e+01 1.314060362946143456e+01 1.625042316720135460e+01 9.711368094734137202e+00 1.088069266419204695e+01 0.000000000000000000e+00 5.084468443825882922e+00 7.226487623646906222e+00 7.330637020461771236e+00 1.834396104819220952e+01 1.316349009406562942e+01 8.214248130948732296e+00 1.402305149592554123e+01 1.506264051468038545e+01 4.190404458440347923e+00 1.343277971579430030e+01 1.434058921187470759e+01 6.092413507695675357e+00 1.164001148740134362e+01 9.963870071932246830e+00 7.492423969946504947e+00 7.061479867274583100e+00 4.855538855219958094e+00 8.268757523411199628e+00 1.569457689936287359e+01 1.078126963002536520e+01 1.734394698737577656e+01 1.177177213149711221e+01 2.650128272251401462e+00 8.536100873681764512e+00 7.297791057453247632e+00 2.687248845783962281e+00 1.836424065384461812e+01 1.729495939455284059e+01
2.024372757660207611e+01 4.311850935718976707e+00 1.793759436077867520e+01 1.192702484216860270e+01 1.141889278272905983e+01 2.153040175583021210e+01 1.169623149288771025e+01 1.212930703138257549e+01 4.161003466996175071e+00 1.757176802948751870e+01 1.552753313055347917e+01 8.699166447547847625e+00 6.326887408900340404e+00 1.347635382190581588e+01 7.829700114210231376e+00 1.811154719357885412e+01 1.629030520045815322e+01 1.388982186507124617e+01 1.993312058749092941e+01 1.148306292471960077e+01 1.426525505450386078e+01 5.084468443825882922e+00 0.000000000000000000e+00 7.778543837180806442e+00 8.007076378510021186e+00 2.187412934970289058e+01 1.493518492405108944e+01 1.225554636162622302e+01 1.569235844185127959e+01 1.884930071285918274e+01 6.275399877119874681e+00 1.714996031887072903e+01 1.511570342202434603e+01 9.445342068558741033e+00 1.437291465506643817e+01 1.070916241316821882e+01 9.592997192286471630e+00 8.862111825008891941e+00 5.656119350405887758e+00 1.174895892177178069e+01 1.638927144033358374e+01 1.452706876962831473e+01 1.856479572963495883e+01 1.536090124722081995e+01 3.442834378101652160e+00 9.214172730396240851e+00 1.108288351191709964e+01 2.588433593338927974e+00 2.013141854905849470e+01 1.808226774458878339e+01
2.117699830350471402e+01 4.139718302933688143e+00 1.253335209257099692e+01 1.837268235131299932e+01 1.194311197423131965e+01 1.656485732995638926e+01 4.448065674379590106e+00 1.829152256449317804e+01 1.092537279751689105e+01 2.395127174776003898e+01 1.153159472053884649e+01 5.786088133035226733e+00 1.142648237256062593e+01 8.509031455828964141e+00 1.416901750333534871e+01 1.669807597882091699e+01 2.188984487356880493e+01 2.029250701057932460e+01 1.485773769517548004e+01 1.540236257420367672e+01 8.611199386972360870e+00 7.226487623646906222e+00 7.778543837180806442e+00 0.000000000000000000e+00 1.445274585132480283e+01 1.732612502667958765e+01 1.535796742185356933e+01 8.889047433419534627e+00 1.847130006913888423e+01 1.396354275955636304e+01 3.354096617324038299e+00 1.217521739785513368e+01 2.149284748173845117e+01 3.934787831965598226e+00 1.234773968345419881e+01 1.711057987826354676e+01 8.818248802638390060e+00 1.240668399929005616e+01 1.201488528609653272e+01 6.737246994556438828e+00 2.283492894947799456e+01 9.582449839515403411e+00 2.318137449559838714e+01 1.002949797850577518e+01 9.264326637299255651e+00 1.565931512433762229e+01 6.265592989982710748e+00 6.060496259247004858e+00 1.937952479475347545e+01 2.431861854038251280e+01
1.732925645003455983e+01 1.136015552325713429e+01 2.032059051056089061e+01 3.925171651657902938e+00 1.059894226281319085e+01 2.086190807203985287e+01 1.601398491059730844e+01 1.000966695227610082e+01 3.907854909659123965e+00 1.080942572751783182e+01 1.584470892651345508e+01 1.146870622285971564e+01 6.802926573106726771e+00 1.559877042801709379e+01 5.382871191386271015e+00 1.608200584711693537e+01 1.307986696395636450e+01 6.476992416395185970e+00 2.142301044262780607e+01 9.552395514461872850e+00 1.820516121695498413e+01 7.330637020461771236e+00 8.007076378510021186e+00 1.445274585132480283e+01 0.000000000000000000e+00 1.984345894425670309e+01 1.291557765784229872e+01 1.196697276166062274e+01 1.339002155577041187e+01 1.773929392067510946e+01 1.142655983454137392e+01 1.807724546876342586e+01 9.821045303502598856e+00 1.341753314676588005e+01 1.354599627855421495e+01 5.314072229520092172e+00 9.920144848077999455e+00 7.665351493531206373e+00 3.559982715847187507e+00 1.541626941373924709e+01 8.387418249822887972e+00 1.534372540973227572e+01 1.540884645152919852e+01 1.836420682593740494e+01 5.220633011128139600e+00 2.646801957733272204e+00 1.342842279305965647e+01 8.451158833207172094e+00 1.799205015697823029e+01 1.317105964142487018e+01
5.223201094492622154e+00 2.001685352525411687e+01 1.176967418064761084e+01 1.792302419785679390e+01 1.212782179891599199e+01 3.768346171677602552e+00 1.737506550505361957e+01 9.905629749830776376e+00 2.042588683896884305e+01 1.282659919802573256e+01 6.752942921240141949e+00 1.379045148207979210e+01 1.621995796857766692e+01 1.133652036281568520e+01 1.479253544357169936e+01 3.835418996510669754e+00 8.574563825762457014e+00 1.368126870949577878e+01 7.924491423913453403e+00 1.086134579412171242e+01 1.569606921847366010e+01 1.834396104819220952e+01 2.187412934970289058e+01 1.732612502667958765e+01 1.984345894425670309e+01 0.000000000000000000e+00 7.501322652079079667e+00 1.057713017025972668e+01 6.830967822184803140e+00 3.795425475557412387e+00 1.673943313260962995e+01 8.363094291422507709e+00 1.133534220607055332e+01 1.456469010097550409e+01 9.450981563399722063e+00 1.459285654251832831e+01 1.378699970627478066e+01 1.363085309506712228e+01 1.763062460524407271e+01 1.415251737170780899e+01 1.474651940665642869e+01 8.579080038456488921e+00 7.765966204374475268e+00 1.323503492495723677e+01 1.853207454468454074e+01 1.724262290512554330e+01 1.106053203669687335e+01 1.961242515113068308e+01 2.653933100789460653e+00 1.026586830677810269e+01
6.414679694270872368e+00 1.658812038412206391e+01 1.008264161701870520e+01 1.114821978778121014e+01 5.013595125086200532e+00 8.332552285766499978e+00 1.544118661044663909e+01 3.669785198478604293e+00 1.349562521596833520e+01 1.049481745941428734e+01 3.899180662597228064e+00 1.007044318330277299e+01 9.263563864063565134e+00 9.412889276343909373e+00 7.862273820571181737e+00 3.692195131266336805e+00 7.011548958608454285e+00 7.942978653817188928e+00 9.260974919498531577e+00 3.668522083716343918e+00 1.377224282979116765e+01 1.316349009406562942e+01 1.493518492405108944e+01 1.535796742185356933e+01 1.291557765784229872e+01 7.501322652079079667e+00 0.000000000000000000e+00 6.483964410806795975e+00 3.703706062411543876e+00 5.131885682719848241e+00 1.335223138451770453e+01 6.740746998781295574e+00 6.943906287260617205e+00 1.260467984232215954e+01 3.187526103072085615e+00 7.774263142989531694e+00 8.133883948836086120e+00 6.630258062886199788e+00 1.070036298224356663e+01 1.221441048045821987e+01 1.016369141791196817e+01 6.655289578758909030e+00 8.401350308735509032e+00 1.135337107246684418e+01 1.159012752472373009e+01 1.031339132079638965e+01 9.092374431870862139e+00 1.437716807256131801e+01 5.794183488872769239e+00 9.370325562117509222e+00
1.236685597879992038e+01 1.013146211407144470e+01 8.380096336743074303e+00 1.263644891933629566e+01 3.609577255381196004e+00 1.039560617770152362e+01 9.004470929245620425e+00 1.015374960928539672e+01 1.131391963856802541e+01 1.670985272230746332e+01 3.966887938801868518e+00 3.589930982510316504e+00 6.261094713795355204e+00 3.742973590004976980e+00 7.453649195852819709e+00 7.890450875792770269e+00 1.307970254886399353e+01 1.358418665523448254e+01 9.541317977911873527e+00 7.269400159857361210e+00 7.499887876273507281e+00 8.214248130948732296e+00 1.225554636162622302e+01 8.889047433419534627e+00 1.196697276166062274e+01 1.057713017025972668e+01 6.483964410806795975e+00 0.000000000000000000e+00 9.661157744434097694e+00 7.389810101548676791e+00 6.895573114467094200e+00 6.196243888918613330e+00 1.311133400957260875e+01 6.136680021774833627e+00 3.472475860702084471e+00 1.047848550053743288e+01 3.286334767976395455e+00 4.406025431247238444e+00 8.496992492658430152e+00 5.765239756273125238e+00 1.613895974071091288e+01 3.441611647189469547e+00 1.437123217089357574e+01 6.531107776852437929e+00 8.874703599859802949e+00 1.043121972848925161e+01 2.623454443436823880e+00 9.725448840806286910e+00 1.056938247004866227e+01 1.550847621567771029e+01
4.631947909103386607e+00 1.813269882359097096e+01 1.314077899580100706e+01 1.129747295686763486e+01 8.646172675540887198e+00 8.366962097004771337e+00 1.855451925773196820e+01 3.580068257747588856e+00 1.405159136303027267e+01 7.496823124102270697e+00 7.012513309882558055e+00 1.322080089107280187e+01 1.045716650209587684e+01 1.252622192362924203e+01 8.606489922988425079e+00 3.479113111733386443e+00 3.553847516199864831e+00 6.922271861878114052e+00 1.027075171646422547e+01 5.785978454642479285e+00 1.688557547707650741e+01 1.402305149592554123e+01 1.569235844185127959e+01 1.847130006913888423e+01 1.339002155577041187e+01 6.830967822184803140e+00 3.703706062411543876e+00 9.661157744434097694e+00 0.000000000000000000e+00 5.939324920891220216e+00 1.655673085890118656e+01 9.738869709797960184e+00 4.751003000779610019e+00 1.571801248960748687e+01 6.591832614129494949e+00 8.077965515056694912e+00 1.166304523248861535e+01 7.909094566971399232e+00 1.139287788235845333e+01 1.532774312774354719e+01 8.479960902428040015e+00 9.768622226044239909e+00 4.789634872460067250e+00 1.446670371975217684e+01 1.236909016636927738e+01 1.081674140498355996e+01 1.220570707915618947e+01 1.523672947442123338e+01 4.630962214396955545e+00 6.150702927239444229e+00
8.577660177913340789e+00 1.671904239990345786e+01 8.094410886441185227e+00 1.597143534147389055e+01 9.649843011123117265e+00 3.423518316482258239e+00 1.370224630488079676e+01 8.082890471232943241e+00 1.832059275640300200e+01 1.336173624583472908e+01 3.489804299414121402e+00 1.052034023622905501e+01 1.357763431236904417e+01 7.662855281929458862e+00 1.268724136100584587e+01 3.709261788857834308e+00 9.480002722289365025e+00 1.234150548217808208e+01 4.511822750700704709e+00 8.714092700505055689e+00 1.202325001830084794e+01 1.506264051468038545e+01 1.884930071285918274e+01 1.396354275955636304e+01 1.773929392067510946e+01 3.795425475557412387e+00 5.131885682719848241e+00 7.389810101548676791e+00 5.939324920891220216e+00 0.000000000000000000e+00 1.341553884635952443e+01 4.687830997216076767e+00 1.038734708858100397e+01 1.089346215501387505e+01 6.367973397715750217e+00 1.259756020341791505e+01 1.060287436655008619e+01 1.152555901250126880e+01 1.552533052267822988e+01 1.047969817153499505e+01 1.402644528607338792e+01 4.906260838283666104e+00 1.062813144220491246e+01 9.559771630750807603e+00 1.618633098566811412e+01 1.513732882255970402e+01 7.776371745744005359e+00 1.631802136083363663e+01 6.339161560017423369e+00 1.202913540014393590e+01
1.926242909326700925e+01 3.486820559655503970e+00 1.223355743067259915e+01 1.534649633452957573e+01 9.584655650875710364e+00 1.605138936387629300e+01 5.446672988731183551e+00 1.526533654770975446e+01 8.079724702098168621e+00 2.092508573097659408e+01 1.016562890469589675e+01 3.339193200388721028e+00 8.400296355777197022e+00 7.995563489748862551e+00 1.114283148655191802e+01 1.478602399025986180e+01 1.959044891960893509e+01 1.726632099379590812e+01 1.439725671124878481e+01 1.296283204434098479e+01 8.317148350769905107e+00 4.190404458440347923e+00 6.275399877119874681e+00 3.354096617324038299e+00 1.142655983454137392e+01 1.673943313260962995e+01 1.335223138451770453e+01 6.895573114467094200e+00 1.655673085890118656e+01 1.341553884635952443e+01 0.000000000000000000e+00 1.166596530869636439e+01 1.846666146495503114e+01 3.427939252646143409e+00 1.032133647091970907e+01 1.408439386148012673e+01 6.253569938292219632e+00 9.937315715804391658e+00 8.988699269313110918e+00 6.249122474001370442e+00 1.980874293269456743e+01 9.060614062607532659e+00 2.126680528536067527e+01 9.700628900692439771e+00 6.241296553207020814e+00 1.263312910755419338e+01 5.678901095912747721e+00 3.689662815609676461e+00 1.746495558451575647e+01 2.142338832117146907e+01
1.244456794416377932e+01 1.501070568058523591e+01 3.420560016070099962e+00 1.788896678656250216e+01 8.760777868186577777e+00 5.328393939451001593e+00 9.273375824129724165e+00 1.027023558925629310e+01 1.742774738734509299e+01 1.678756468767133114e+01 3.294094867022854700e+00 8.971316113548848392e+00 1.242716850827090269e+01 3.760712855868824533e+00 1.355772249991598954e+01 7.950069045264728018e+00 1.315741451422785602e+01 1.465846273022333435e+01 3.450606409779311434e+00 9.959880010789737170e+00 7.490393648658052683e+00 1.343277971579430030e+01 1.714996031887072903e+01 1.217521739785513368e+01 1.807724546876342586e+01 8.363094291422507709e+00 6.740746998781295574e+00 6.196243888918613330e+00 9.738869709797960184e+00 4.687830997216076767e+00 1.166596530869636439e+01 0.000000000000000000e+00 1.318904597493647124e+01 8.244645442810860203e+00 5.994530244424947085e+00 1.451501014177082460e+01 9.452408562451948271e+00 1.050660266614239013e+01 1.460780668868008902e+01 6.060636777468659808e+00 1.665521603333505496e+01 2.863574810857826947e+00 1.444894413625744001e+01 4.929731512930479731e+00 1.503586518156997620e+01 1.653931353461316434e+01 6.382730609644244879e+00 1.461639887754439471e+01 1.063207185883639028e+01 1.558618818104156922e+01
