0.000000000000000000e+00 1.999112500404483228e+01 1.660471222384983037e+01 1.066319189345114893e+01 1.046500383548881885e+01 1.775224410794917418e+01 8.458976994491751000e+00 7.592894574703451305e+00 1.640624197459325373e+01 1.546413095782335390e+01 7.227106689404608986e+00 1.278882209042975404e+01 5.368330662488295602e+00 1.310190594646697093e+01 1.286582017595513072e+01 1.814589940899742260e+01 4.579533674804888044e+00 1.713461475103282794e+01 1.221821503210834159e+01 7.966631438215625138e+00 3.819700130522665216e+00 1.438339616200670967e+01 8.254106611969440621e+00 1.641150218323996413e+01 1.350802573352506641e+01
1.999112500404483228e+01 0.000000000000000000e+00 1.657700181497984104e+01 1.074009549464890867e+01 1.111907039607011249e+01 9.643474655084736114e+00 2.283515776788388507e+01 1.611695308214610733e+01 6.978983553286509434e+00 6.921477972756608033e+00 1.276401831464021797e+01 7.237451036190226006e+00 1.566643536220820465e+01 1.194372267247174157e+01 2.073781125243434431e+01 4.783003793837331763e+00 2.072737843804581104e+01 1.363130988349293204e+01 1.632289173778359981e+01 1.460268747456569294e+01 1.706889656651403087e+01 8.573013238563932603e+00 1.973444721388148082e+01 3.647980297114900239e+00 8.397475250524294665e+00
1.660471222384983037e+01 1.657700181497984104e+01 0.000000000000000000e+00 1.989416959691538267e+01 1.043973284811339219e+01 1.008352453680409866e+01 8.922967375080826713e+00 9.077706598962762996e+00 1.964096077106220761e+01 9.754399743645576493e+00 1.488757841766178025e+01 1.425158729687834125e+01 1.870277332959046745e+01 5.228973173315769607e+00 4.920064627542615199e+00 1.434724384231594385e+01 1.216406623108008844e+01 4.532741096308320117e+00 4.409301559904533541e+00 9.990486257959469540e+00 1.290584351337924929e+01 2.055159908502274391e+01 8.367277458023595571e+00 1.470586402354098965e+01 8.749887182473905511e+00
1.066319189345114893e+01 1.074009549464890867e+01 1.989416959691538267e+01 0.000000000000000000e+00 1.042811018933085698e+01 1.735765015478710893e+01 1.616283168776382340e+01 1.102353621621182711e+01 6.816657366157967246e+00 1.184336789848102534e+01 5.842156403215681415e+00 5.717384048666827923e+00 5.323391606720847768e+00 1.470470896018055562e+01 1.742162833544615808e+01 1.350892207961003422e+01 1.196150958806624587e+01 1.869019128981987876e+01 1.568288038749253133e+01 1.079420328820544306e+01 8.202717418502292190e+00 3.814002186171980391e+00 1.306856428635061818e+01 7.189459139460698367e+00 1.195528183953608270e+01
1.046500383548881885e+01 1.111907039607011249e+01 1.043973284811339219e+01 1.042811018933085698e+01 0.000000000000000000e+00 9.429116636562376641e+00 1.437254144489052265e+01 7.380029952529363335e+00 1.100550066728194665e+01 6.284298774197230486e+00 5.880772206668450686e+00 5.503442395685193667e+00 1.118404323814403512e+01 5.341493492060856774e+00 1.227854062976792271e+01 8.973671262384954161e+00 1.095243548558869406e+01 9.747549536429144013e+00 7.875398456039178541e+00 3.930748975458529415e+00 7.542240990418744850e+00 1.131112749615775037e+01 1.122503990789076234e+01 7.646390972237471217e+00 3.472288580300389782e+00
1.775224410794917418e+01 9.643474655084736114e+00 1.008352453680409866e+01 1.735765015478710893e+01 9.429116636562376641e+00 0.000000000000000000e+00 1.706279746451859936e+01 1.049980381731806034e+01 1.593564377597061110e+01 6.122690846684972321e+00 1.390306397994668508e+01 1.181913190105146327e+01 1.896759423760329355e+01 6.195576222923555143e+00 1.494519868818268371e+01 5.319015219294379371e+00 1.524852546521829666e+01 5.729640450347631919e+00 1.046383541623124991e+01 1.081450485873675582e+01 1.400394493763888093e+01 1.744794090353697058e+01 1.399867742157477757e+01 1.016819101532640879e+01 6.594439868774840008e+00
8.458976994491751000e+00 2.283515776788388507e+01 8.922967375080826713e+00 1.616283168776382340e+01 1.437254144489052265e+01 1.706279746451859936e+01 0.000000000000000000e+00 7.334533627285527047e+00 2.106714433075548598e+01 1.605363168588328548e+01 1.188800904556684479e+01 1.744972444659199695e+01 1.333574102175942677e+01 1.091830559573933179e+01 5.062158240323671343e+00 2.068975863419872496e+01 4.562959939892007988e+00 1.151201402402282348e+01 6.672144461406866789e+00 1.107706846596157568e+01 8.013407996480326645e+00 1.906071043373125917e+01 3.733551579675314258e+00 1.993849455173577567e+01 1.462222287028611589e+01
7.592894574703451305e+00 1.611695308214610733e+01 9.077706598962762996e+00 1.102353621621182711e+01 7.380029952529363335e+00 1.049980381731806034e+01 7.334533627285527047e+00 0.000000000000000000e+00 1.469035606514954750e+01 9.355931665558285815e+00 6.032673676167014776e+00 1.102117312602586274e+01 9.639509643946750472e+00 5.511446018110314427e+00 6.889876299118164127e+00 1.397155394846095433e+01 4.752198641627619402e+00 9.577950127110961276e+00 4.674570743032734121e+00 3.900551118213716695e+00 3.842579827735538966e+00 1.346766124531679587e+01 3.846739015678045881e+00 1.313217786461406966e+01 7.902134980010206533e+00
1.640624197459325373e+01 6.978983553286509434e+00 1.964096077106220761e+01 6.816657366157967246e+00 1.100550066728194665e+01 1.593564377597061110e+01 2.106714433075548598e+01 1.469035606514954750e+01 0.000000000000000000e+00 1.057801051654082514e+01 9.179135285188639415e+00 5.525923241129558683e+00 1.206437410041834646e+01 1.444918129478537594e+01 2.118809785471492901e+01 1.168773399511974098e+01 1.714249540859423249e+01 1.806153963663268414e+01 1.730800361343796112e+01 1.215061651041921387e+01 1.348401353706245054e+01 3.841649151851499244e+00 1.780406542504756828e+01 5.813306110443686947e+00 1.113708764071821378e+01
1.546413095782335390e+01 6.921477972756608033e+00 9.754399743645576493e+00 1.184336789848102534e+01 6.284298774197230486e+00 6.122690846684972321e+00 1.605363168588328548e+01 9.355931665558285815e+00 1.057801051654082514e+01 0.000000000000000000e+00 8.237024268418743134e+00 6.274686587017414219e+00 1.341949224191082735e+01 5.150889618062817199e+00 1.395628517043372874e+01 4.775701103448732887e+00 1.410770547880580139e+01 7.676993529812508044e+00 9.540409852299124083e+00 9.636295047349038967e+00 1.254190252029255426e+01 1.202950212422798160e+01 1.295292113188086169e+01 4.992969186210422627e+00 3.562703628651411769e+00
7.227106689404608986e+00 1.276401831464021797e+01 1.488757841766178025e+01 5.842156403215681415e+00 5.880772206668450686e+00 1.390306397994668508e+01 1.188800904556684479e+01 6.032673676167014776e+00 9.179135285188639415e+00 8.237024268418743134e+00 0.000000000000000000e+00 5.561715401025153049e+00 5.713031674196260568e+00 1.027410788714992229e+01 1.291306961864094482e+01 1.091879271959282072e+01 7.963360123405596624e+00 1.431013467913297887e+01 1.050011749029088115e+01 5.364217396364589163e+00 4.304878251873810235e+00 7.483484872180150127e+00 8.624930139858925315e+00 9.184395493835365798e+00 7.907862385582706821e+00
1.278882209042975404e+01 7.237451036190226006e+00 1.425158729687834125e+01 5.717384048666827923e+00 5.503442395685193667e+00 1.181913190105146327e+01 1.744972444659199695e+01 1.102117312602586274e+01 5.525923241129558683e+00 6.274686587017414219e+00 5.561715401025153049e+00 0.000000000000000000e+00 8.447011223935071200e+00 9.062126660143492884e+00 1.627565496517893706e+01 8.152399809975831246e+00 1.352507552443075411e+01 1.297833208493076107e+01 1.187168568014323178e+01 7.754367498223310839e+00 9.866593652898961508e+00 6.300011788144392888e+00 1.418664554088407570e+01 3.677656726961176847e+00 6.325347553460098027e+00
5.368330662488295602e+00 1.566643536220820465e+01 1.870277332959046745e+01 5.323391606720847768e+00 1.118404323814403512e+01 1.896759423760329355e+01 1.333574102175942677e+01 9.639509643946750472e+00 1.206437410041834646e+01 1.341949224191082735e+01 5.713031674196260568e+00 8.447011223935071200e+00 0.000000000000000000e+00 1.514849257768476676e+01 1.576377437748047150e+01 1.542614088704035424e+01 8.952248795416728910e+00 1.920405894856795470e+01 1.429885381522746002e+01 9.929157171975615981e+00 6.251562442361198180e+00 9.091085179290113061e+00 1.140286836397319803e+01 1.209965226982797049e+01 1.345246424098125004e+01
1.310190594646697093e+01 1.194372267247174157e+01 5.228973173315769607e+00 1.470470896018055562e+01 5.341493492060856774e+00 6.195576222923555143e+00 1.091830559573933179e+01 5.511446018110314427e+00 1.444918129478537594e+01 5.150889618062817199e+00 1.027410788714992229e+01 9.062126660143492884e+00 1.514849257768476676e+01 0.000000000000000000e+00 8.820959080289782150e+00 9.798323538786585019e+00 9.168025445488876102e+00 4.440746925481672491e+00 4.400788191050945208e+00 6.250188259519039669e+00 9.351638107827852764e+00 1.536213844828789021e+01 7.817595041736906225e+00 9.732095946537988596e+00 3.744295785274523336e+00
1.286582017595513072e+01 2.073781125243434431e+01 4.920064627542615199e+00 1.742162833544615808e+01 1.227854062976792271e+01 1.494519868818268371e+01 5.062158240323671343e+00 6.889876299118164127e+00 2.118809785471492901e+01 1.395628517043372874e+01 1.291306961864094482e+01 1.627565496517893706e+01 1.576377437748047150e+01 8.820959080289782150e+00 0.000000000000000000e+00 1.859241211874919131e+01 8.430132075084200594e+00 9.394415247686906056e+00 4.555126130475746216e+00 9.378514497059176946e+00 9.567094217203452544e+00 2.015442495272838386e+01 4.645406951126791029e+00 1.784241538480518585e+01 1.252487635483656092e+01
1.814589940899742260e+01 4.783003793837331763e+00 1.434724384231594385e+01 1.350892207961003422e+01 8.973671262384954161e+00 5.319015219294379371e+00 2.068975863419872496e+01 1.397155394846095433e+01 1.168773399511974098e+01 4.775701103448732887e+00 1.091879271959282072e+01 8.152399809975831246e+00 1.542614088704035424e+01 9.798323538786585019e+00 1.859241211874919131e+01 0.000000000000000000e+00 1.871609431174771387e+01 1.031495097333381672e+01 1.417749260409844148e+01 1.245728834088053283e+01 1.522367097146663184e+01 1.328176368039716593e+01 1.758904808019632071e+01 6.319462940149340291e+00 6.252076116839136333e+00
4.579533674804888044e+00 2.072737843804581104e+01 1.216406623108008844e+01 1.196150958806624587e+01 1.095243548558869406e+01 1.524852546521829666e+01 4.562959939892007988e+00 4.752198641627619402e+00 1.714249540859423249e+01 1.410770547880580139e+01 7.963360123405596624e+00 1.352507552443075411e+01 8.952248795416728910e+00 9.168025445488876102e+00 8.430132075084200594e+00 1.871609431174771387e+01 0.000000000000000000e+00 1.266982827908008069e+01 7.755236400540591823e+00 7.977006730839850235e+00 3.926730724498925351e+00 1.513606151157001456e+01 3.805215258912313381e+00 1.714775561724096065e+01 1.264006100090982443e+01
1.713461475103282794e+01 1.363130988349293204e+01 4.532741096308320117e+00 1.869019128981987876e+01 9.747549536429144013e+00 5.729640450347631919e+00 1.151201402402282348e+01 9.577950127110961276e+00 1.806153963663268414e+01 7.676993529812508044e+00 1.431013467913297887e+01 1.297833208493076107e+01 1.920405894856795470e+01 4.440746925481672491e+00 9.394415247686906056e+00 1.031495097333381672e+01 1.266982827908008069e+01 0.000000000000000000e+00 4.918056790668957845e+00 1.037105292989101279e+01 1.340712913235674009e+01 1.921379263814996818e+01 8.880508139063396200e+00 1.266160225504882675e+01 6.926091732449042304e+00
1.221821503210834159e+01 1.632289173778359981e+01 4.409301559904533541e+00 1.568288038749253133e+01 7.875398456039178541e+00 1.046383541623124991e+01 6.672144461406866789e+00 4.674570743032734121e+00 1.730800361343796112e+01 9.540409852299124083e+00 1.050011749029088115e+01 1.187168568014323178e+01 1.429885381522746002e+01 4.400788191050945208e+00 4.555126130475746216e+00 1.417749260409844148e+01 7.755236400540591823e+00 4.918056790668957845e+00 0.000000000000000000e+00 6.084377187684656185e+00 8.501923999016243627e+00 1.760089331658958400e+01 3.964108420138900968e+00 1.342930653571943900e+01 8.109956840185819971e+00
7.966631438215625138e+00 1.460268747456569294e+01 9.990486257959469540e+00 1.079420328820544306e+01 3.930748975458529415e+00 1.081450485873675582e+01 1.107706846596157568e+01 3.900551118213716695e+00 1.215061651041921387e+01 9.636295047349038967e+00 5.364217396364589163e+00 7.754367498223310839e+00 9.929157171975615981e+00 6.250188259519039669e+00 9.378514497059176946e+00 1.245728834088053283e+01 7.977006730839850235e+00 1.037105292989101279e+01 6.084377187684656185e+00 0.000000000000000000e+00 5.043868593145544033e+00 1.186811061143153267e+01 7.563140283795312335e+00 1.113000805073305166e+01 6.227034413614521036e+00
3.819700130522665216e+00 1.706889656651403087e+01 1.290584351337924929e+01 8.202717418502292190e+00 7.542240990418744850e+00 1.400394493763888093e+01 8.013407996480326645e+00 3.842579827735538966e+00 1.348401353706245054e+01 1.254190252029255426e+01 4.304878251873810235e+00 9.866593652898961508e+00 6.251562442361198180e+00 9.351638107827852764e+00 9.567094217203452544e+00 1.522367097146663184e+01 3.926730724498925351e+00 1.340712913235674009e+01 8.501923999016243627e+00 5.043868593145544033e+00 0.000000000000000000e+00 1.146498222848436122e+01 5.193089983350862582e+00 1.348927374570917692e+01 1.058526288845497909e+01
1.438339616200670967e+01 8.573013238563932603e+00 2.055159908502274391e+01 3.814002186171980391e+00 1.131112749615775037e+01 1.744794090353697058e+01 1.906071043373125917e+01 1.346766124531679587e+01 3.841649151851499244e+00 1.202950212422798160e+01 7.483484872180150127e+00 6.300011788144392888e+00 9.091085179290113061e+00 1.536213844828789021e+01 2.015442495272838386e+01 1.328176368039716593e+01 1.513606151157001456e+01 1.921379263814996818e+01 1.760089331658958400e+01 1.186811061143153267e+01 1.146498222848436122e+01 0.000000000000000000e+00 1.581697114015631911e+01 7.312712698608184958e+00 1.237488196298375343e+01
8.254106611969440621e+00 1.973444721388148082e+01 8.367277458023595571e+00 1.306856428635061818e+01 1.122503990789076234e+01 1.399867742157477757e+01 3.733551579675314258e+00 3.846739015678045881e+00 1.780406542504756828e+01 1.295292113188086169e+01 8.624930139858925315e+00 1.418664554088407570e+01 1.140286836397319803e+01 7.817595041736906225e+00 4.645406951126791029e+00 1.758904808019632071e+01 3.805215258912313381e+00 8.880508139063396200e+00 3.964108420138900968e+00 7.563140283795312335e+00 5.193089983350862582e+00 1.581697114015631911e+01 0.000000000000000000e+00 1.683778399773335721e+01 1.152151231628369210e+01
1.641150218323996413e+01 3.647980297114900239e+00 1.470586402354098965e+01 7.189459139460698367e+00 7.646390972237471217e+00 1.016819101532640879e+01 1.993849455173577567e+01 1.313217786461406966e+01 5.813306110443686947e+00 4.992969186210422627e+00 9.184395493835365798e+00 3.677656726961176847e+00 1.209965226982797049e+01 9.732095946537988596e+00 1.784241538480518585e+01 6.319462940149340291e+00 1.714775561724096065e+01 1.266160225504882675e+01 1.342930653571943900e+01 1.113000805073305166e+01 1.348927374570917692e+01 7.312712698608184958e+00 1.683778399773335721e+01 0.000000000000000000e+00 6.058874762413510418e+00
1.350802573352506641e+01 8.397475250524294665e+00 8.749887182473905511e+00 1.195528183953608270e+01 3.472288580300389782e+00 6.594439868774840008e+00 1.462222287028611589e+01 7.902134980010206533e+00 1.113708764071821378e+01 3.562703628651411769e+00 7.907862385582706821e+00 6.325347553460098027e+00 1.345246424098125004e+01 3.744295785274523336e+00 1.252487635483656092e+01 6.252076116839136333e+00 1.264006100090982443e+01 6.926091732449042304e+00 8.109956840185819971e+00 6.227034413614521036e+00 1.058526288845497909e+01 1.237488196298375343e+01 1.152151231628369210e+01 6.058874762413510418e+00 0.000000000000000000e+00
