0.000000000000000000e+00 1.525973941431001846e+00 1.416543369377154304e+00 9.543926249620043878e-01 1.124525929425739035e+00 8.735625517976468579e-01 6.682428994426119484e-01 5.798420647776263426e-01 1.072879834987688463e+00 9.705039991111841235e-01 4.986172912232129661e-01 4.120244799268055202e-01 7.540755498850848504e-01 6.701386797187223188e-01 8.092526552010470553e-01 3.107854973867325565e-01 2.780337633124734809e-01 5.714109847757918859e-01 9.232008207302656588e-01 1.295358038833114289e+00 1.192312560076385752e+00 9.408148558681374007e-01 4.866275926550377440e-01 5.472052935751992031e-01 2.152927693576252022e-01 1.996990366279000617e-01 6.942384341623785149e-01 4.798519796642640722e-01 9.819716679034581341e-01 6.454150295795582082e-01 7.777501006951181850e-01 7.671638990004531200e-01 1.011238569208260163e+00 5.420413639248025106e-01 4.253572220659301850e-01 7.944525904464192489e-01 2.117006049877826201e-01 3.437985478751563462e-01 6.522450201181358986e-01 9.766166917059251329e-01 7.834210573062431182e-01 1.528171939326516127e-01 5.310083314849260994e-01 1.592409073804391950e-01 4.448687237124764327e-01 6.666315271981234636e-01 8.889574990981498059e-01 1.165605638369380470e+00 5.200936082717235731e-01 3.094540343814777827e-01
1.525973941431001846e+00 0.000000000000000000e+00 1.341759971190462197e+00 1.527725003670439730e+00 9.073982375137976675e-01 1.638627914577363898e+00 9.229659415094608743e-01 1.033264036984335110e+00 4.694393528042926089e-01 9.225200587856426937e-01 1.299312477554023459e+00 1.154474459838298328e+00 7.718983915459179945e-01 1.222440443402663890e+00 8.695882175871173514e-01 1.284746500294456029e+00 1.549024654015503488e+00 1.031983633127351530e+00 7.161285155787815437e-01 2.454927801086761452e-01 1.114225189276204064e+00 6.820822509762101138e-01 1.124586361631740861e+00 9.807470907000328531e-01 1.336409131095125602e+00 1.413012453923947920e+00 1.453924266951688304e+00 1.105225696078857567e+00 8.086374142562782197e-01 9.099594660601260099e-01 8.313629130381717802e-01 8.211851806314636182e-01 6.367084195629428844e-01 1.125505541730148718e+00 1.138062614143698914e+00 1.368212233008376577e+00 1.569162265063091866e+00 1.256763654739176950e+00 1.000395301764748224e+00 7.763346137891670162e-01 7.958091716990748354e-01 1.556590850322248754e+00 1.212519396538384253e+00 1.422179624467120984e+00 1.187656367533485913e+00 9.408033071208903309e-01 6.370164423328525949e-01 3.729697537337610114e-01 1.024217612746622486e+00 1.216519907049524285e+00
1.416543369377154304e+00 1.341759971190462197e+00 0.000000000000000000e+00 1.536378994233333684e+00 9.025465681027465825e-01 1.540363985507146927e+00 8.713350761040147274e-01 1.029831648754868212e+00 9.051177255717209880e-01 4.550914545323735960e-01 1.196044570491752390e+00 1.209603645696288865e+00 9.022558738583678073e-01 1.227188332752575217e+00 7.632254874214916551e-01 1.105757871990421082e+00 1.482304022559599810e+00 8.499993740582358903e-01 7.043805365282745923e-01 1.108858447269985614e+00 2.333110158715779314e-01 8.261316670647890215e-01 9.811773520540878479e-01 1.111104573012482888e+00 1.297957684860596483e+00 1.309346629270784490e+00 1.358124167165060792e+00 1.054194671637731284e+00 6.294057216084011364e-01 9.952980341309463075e-01 6.592571677698277899e-01 9.394195177279685005e-01 7.286381489598572347e-01 1.159072609317219671e+00 1.168402562781448051e+00 1.376866223571271197e+00 1.465131750196458249e+00 1.162566344060474766e+00 8.736438243177786500e-01 7.665060494954049064e-01 8.423616970479982369e-01 1.506535777880646743e+00 1.118175237444365422e+00 1.368669439122718545e+00 1.005672108464370718e+00 8.010996416026840983e-01 7.913775647689467174e-01 9.791060468062515731e-01 1.099762915342210823e+00 1.238253586225485314e+00
9.543926249620043878e-01 1.527725003670439730e+00 1.536378994233333684e+00 0.000000000000000000e+00 1.291021423689376668e+00 1.132166986417721732e+00 6.650439181293200663e-01 9.005987391557459532e-01 1.079472982578632889e+00 1.109424293351799262e+00 7.648318895581635024e-01 5.851363672433752550e-01 7.974772384541607417e-01 3.178041860737754187e-01 1.096859623178160659e+00 8.234401165732168071e-01 1.013705094709346888e+00 8.889436952689403482e-01 9.025480155750580380e-01 1.296435977079349433e+00 1.308511464380412992e+00 1.015279513145249224e+00 7.279505854924644970e-01 7.026223286938012569e-01 7.443471062216414635e-01 9.163099677499293438e-01 9.470967457873213924e-01 5.451844609981776335e-01 1.103281633913935300e+00 6.177655376103146079e-01 9.188009668055808765e-01 9.355493418563913810e-01 1.010883412920948965e+00 4.268951914448225748e-01 7.480730710567256025e-01 1.601888283505388810e-01 1.054847238396665166e+00 6.745757578125616272e-01 1.041219002446338138e+00 1.152471983054842664e+00 7.376939191555836883e-01 1.000314243756819321e+00 7.223048643217305775e-01 8.749814320446822613e-01 8.921239410818906368e-01 7.720746578185776476e-01 9.036060886597410136e-01 1.166683576615615614e+00 5.636974913319546809e-01 7.132604585323378821e-01
1.124525929425739035e+00 9.073982375137976675e-01 9.025465681027465825e-01 1.291021423689376668e+00 0.000000000000000000e+00 1.330738322581515254e+00 6.500430436154968072e-01 5.801659500495858213e-01 4.623857608122423080e-01 4.693269525552237753e-01 9.737899694413423290e-01 8.589835198385559201e-01 4.940312438791863991e-01 9.818307622086177577e-01 3.217564072458783953e-01 8.177252355392372607e-01 1.170781075616857070e+00 5.741508360613377659e-01 4.350971472143885244e-01 6.724055999054988630e-01 6.769334572639952308e-01 2.926161091210068288e-01 7.634410910405894368e-01 6.510378265623014693e-01 1.004437535092032263e+00 1.009011919001602475e+00 1.148498504239429341e+00 8.402671170032633974e-01 2.991545940645630730e-01 6.773950290428669696e-01 4.502024950630275635e-01 4.025524340106520493e-01 2.953410471770608337e-01 8.881430216713877002e-01 7.531774922610465772e-01 1.131508653027313516e+00 1.168142507421392695e+00 9.139937698143906220e-01 4.763152080875502348e-01 1.608876210788999783e-01 5.533275045337938680e-01 1.189927366335431946e+00 9.085495745187328609e-01 1.052061027577503527e+00 6.796572057132626021e-01 5.922681495520752959e-01 4.149518703547013798e-01 5.450615083504066760e-01 7.682366186410389819e-01 8.783103981902505852e-01
8.735625517976468579e-01 1.638627914577363898e+00 1.540363985507146927e+00 1.132166986417721732e+00 1.330738322581515254e+00 0.000000000000000000e+00 7.194238255858729225e-01 9.311366825233171607e-01 1.193954218871316364e+00 1.102309874658093269e+00 3.781182725722352367e-01 7.295505319758511797e-01 9.816826743476286810e-01 8.389274955431874625e-01 1.026464161764381489e+00 6.594336112143439621e-01 9.875887278314253725e-01 7.688558691883671248e-01 9.749570185910706455e-01 1.406223917095469345e+00 1.311920381209235043e+00 1.168449051932734184e+00 5.696644296380450889e-01 9.222292401915078708e-01 7.057227245316578523e-01 8.062755353259363211e-01 1.950426551422067556e-01 5.951357408064464893e-01 1.115102005938928720e+00 8.012475619554680906e-01 8.855053048765343382e-01 1.131680229150230144e+00 1.113700678791191612e+00 7.506672353924944696e-01 8.179134828936903689e-01 9.724017086019551837e-01 9.453873701125499185e-01 5.361608844787714157e-01 9.593895615185432657e-01 1.186787528591667140e+00 8.658346646521223322e-01 9.648886057378688319e-01 4.261085180389792559e-01 8.423339760031782752e-01 7.646427577465649827e-01 7.405708753895116070e-01 1.035779328272392164e+00 1.276471516631735303e+00 7.852913554300106069e-01 7.593160595666973434e-01
6.682428994426119484e-01 9.229659415094608743e-01 8.713350761040147274e-01 6.650439181293200663e-01 6.500430436154968072e-01 7.194238255858729225e-01 0.000000000000000000e+00 5.723442602241517463e-01 4.782922458034136737e-01 4.443803752224795289e-01 3.801083885625318182e-01 3.585767261115360705e-01 3.326241216960112435e-01 3.558532566485606008e-01 4.408492956484000858e-01 4.256523638289156919e-01 7.548020564463677751e-01 2.829493768931853892e-01 2.615416636547830964e-01 6.905619440275662102e-01 6.434675462510922594e-01 4.527870788648312717e-01 2.081240546816400250e-01 3.769678632954621689e-01 4.711335675713932969e-01 6.136087967434354917e-01 5.347201779601968852e-01 1.999922057997333691e-01 4.382377157846152893e-01 1.973771360962927601e-01 2.537570486762610322e-01 5.010557533889554716e-01 3.980387057232884773e-01 2.928914122936839282e-01 4.635818266720237446e-01 5.055311474672565808e-01 7.472868632677932554e-01 3.421581992473893830e-01 4.724884881639698220e-01 5.198366745999377647e-01 1.627650219072679372e-01 7.360621791218370236e-01 2.933153075468935000e-01 6.112789436854538794e-01 4.298591051581751588e-01 1.365723449680039669e-01 3.201173552044893622e-01 5.608095435638322801e-01 2.579831147028375793e-01 4.682539037591510467e-01
5.798420647776263426e-01 1.033264036984335110e+00 1.029831648754868212e+00 9.005987391557459532e-01 5.801659500495858213e-01 9.311366825233171607e-01 5.723442602241517463e-01 0.000000000000000000e+00 5.740575594816620386e-01 5.747401942224945603e-01 5.621938366895355976e-01 3.605866709486625354e-01 3.289708258683656794e-01 6.061835780192530443e-01 3.043377839398798135e-01 2.927411363396035249e-01 6.067684826525501229e-01 2.924394558110002817e-01 5.574524448672468768e-01 8.064035079302022124e-01 8.059741281893834097e-01 3.824836692333797861e-01 4.214480617643776017e-01 2.066050968619866923e-01 4.388135770739179375e-01 4.501559337478917011e-01 7.529710565268237232e-01 5.272212770103145152e-01 4.938546505064814185e-01 3.933081967364316367e-01 4.183512506636263839e-01 2.120788563528721860e-01 4.958290577047566039e-01 4.788800993569412023e-01 1.916678714487077551e-01 7.408652633259904530e-01 6.083986225752802124e-01 4.445658759556687656e-01 1.561878244370896451e-01 4.307086053807192561e-01 5.018183326131084865e-01 6.251322541248502951e-01 5.630501580364699610e-01 4.872659153669220422e-01 1.664939247767522612e-01 4.520081012699219136e-01 4.070719220204704891e-01 6.772100622121591806e-01 3.392748408803553106e-01 3.220412303603732429e-01
1.072879834987688463e+00 4.694393528042926089e-01 9.051177255717209880e-01 1.079472982578632889e+00 4.623857608122423080e-01 1.193954218871316364e+00 4.782922458034136737e-01 5.740575594816620386e-01 0.000000000000000000e+00 4.858778131669010958e-01 8.546387818479759257e-01 7.052898903194344538e-01 3.188042851026038904e-01 7.750206229073403064e-01 4.246502173835137173e-01 8.284849078541780543e-01 1.095930547572190550e+00 5.953413875086098761e-01 2.732613459339341411e-01 2.467699803678745363e-01 6.775829436574620779e-01 2.174175250514108482e-01 6.799126659256933269e-01 5.276529842567183604e-01 8.833150246518116644e-01 9.567601275906454372e-01 1.009250571245641215e+00 6.578058755835334281e-01 3.672239535530333332e-01 4.617074449683185589e-01 3.947206674194300713e-01 3.619787031287898249e-01 2.045787199008863022e-01 6.772535206383405448e-01 6.818102878103962095e-01 9.199602119165695147e-01 1.112909938729789605e+00 8.100171637926857349e-01 5.356953065101495159e-01 3.300257494309407069e-01 3.490626807525833986e-01 1.103496743878934705e+00 7.678457008323373856e-01 9.690855180238070465e-01 7.390039294170832607e-01 5.041610615021484554e-01 1.839223358895388516e-01 1.319944941726576004e-01 5.759655916548153121e-01 7.634258006062106805e-01
9.705039991111841235e-01 9.225200587856426937e-01 4.550914545323735960e-01 1.109424293351799262e+00 4.693269525552237753e-01 1.102309874658093269e+00 4.443803752224795289e-01 5.747401942224945603e-01 4.858778131669010958e-01 0.000000000000000000e+00 7.559903598106156863e-01 7.846923577059375932e-01 4.855641304394217594e-01 8.002336318710401297e-01 3.081340328891179481e-01 6.597185017244515670e-01 1.036264652293630073e+00 4.039600037922660425e-01 2.876887931093287110e-01 6.895395268430860591e-01 2.340321257472441352e-01 3.948687134681795885e-01 5.411231413729512552e-01 6.944128295935363404e-01 8.519183145946268576e-01 8.633072590048153083e-01 9.200700563160070233e-01 6.214252373032287391e-01 1.922404040700622097e-01 5.703867461405954797e-01 2.192029570886909751e-01 4.976521003246789365e-01 2.977828757633571022e-01 7.341613213268683991e-01 7.133111082490743993e-01 9.499115226897359987e-01 1.019092379930489178e+00 7.225121333793378398e-01 4.185523697854049430e-01 3.332864339478819882e-01 4.180561252037868769e-01 1.060496407614677450e+00 6.801211265953108764e-01 9.226300688567488084e-01 5.596327381984005367e-01 3.638397016286532559e-01 3.723799274253838942e-01 5.597871263793521290e-01 6.748516273518595510e-01 7.922142159595154665e-01
4.986172912232129661e-01 1.299312477554023459e+00 1.196044570491752390e+00 7.648318895581635024e-01 9.737899694413423290e-01 3.781182725722352367e-01 3.801083885625318182e-01 5.621938366895355976e-01 8.546387818479759257e-01 7.559903598106156863e-01 0.000000000000000000e+00 3.586370321028719554e-01 6.313236743448792376e-01 4.737770126123687087e-01 6.687813769428685440e-01 2.850920857268520736e-01 6.126434672569915918e-01 4.081324581795870432e-01 6.356415815677295411e-01 1.066908480072128018e+00 9.676009661938395068e-01 8.291336149093931907e-01 2.184205359422940196e-01 5.594886663619339506e-01 3.307774639572236275e-01 4.313302747515023183e-01 2.016622381203898584e-01 2.328981558324973444e-01 7.718995407285526023e-01 4.508885619527186472e-01 5.391857900290564221e-01 7.663816234965019625e-01 7.743852417678502853e-01 3.833321385329359621e-01 4.435719574061984805e-01 6.050666117423969537e-01 5.704421095381161377e-01 1.612156239043373018e-01 5.904467156847617026e-01 8.291047437701540845e-01 5.196949829803640952e-01 5.899433451634350511e-01 1.442875484677441644e-01 4.673887154287444945e-01 3.956999119127831421e-01 3.960618786940865999e-01 6.964638912490512812e-01 9.371560796083944211e-01 4.214787028268275337e-01 3.884017232516095430e-01
4.120244799268055202e-01 1.154474459838298328e+00 1.209603645696288865e+00 5.851363672433752550e-01 8.589835198385559201e-01 7.295505319758511797e-01 3.585767261115360705e-01 3.605866709486625354e-01 7.052898903194344538e-01 7.846923577059375932e-01 3.586370321028719554e-01 0.000000000000000000e+00 3.864856052168305633e-01 3.169536803772368128e-01 6.310561460334264128e-01 2.873150524433794040e-01 4.568737721231166948e-01 4.850241399444701895e-01 5.610806789324052080e-01 9.231854332472070324e-01 9.817361158433667301e-01 6.060843469583020449e-01 3.783046424274850161e-01 2.079456932762543120e-01 2.061114241011212100e-01 3.402135957848712033e-01 5.439378440542749216e-01 1.947366168169196721e-01 7.679112794902814843e-01 2.460694514366769114e-01 6.087014756553642547e-01 4.617280654675667284e-01 6.377549057533327126e-01 1.608939146402185161e-01 1.807195193370494390e-01 4.251963327277902271e-01 4.924913795569277886e-01 2.234453406804040032e-01 4.889341134594716309e-01 7.150020471663660615e-01 3.840754791633619880e-01 4.493844391832454432e-01 3.534240327584983188e-01 3.240516274711084388e-01 3.105449958319902448e-01 4.616663438082702631e-01 5.213675544298956854e-01 7.934330327834731023e-01 1.323446396569350203e-01 1.287349339028177608e-01
7.540755498850848504e-01 7.718983915459179945e-01 9.022558738583678073e-01 7.974772384541607417e-01 4.940312438791863991e-01 9.816826743476286810e-01 3.326241216960112435e-01 3.289708258683656794e-01 3.188042851026038904e-01 4.855641304394217594e-01 6.313236743448792376e-01 3.864856052168305633e-01 0.000000000000000000e+00 4.980112887551113587e-01 3.422777639172525088e-01 5.280816070949135854e-01 7.771262624695867149e-01 5.725501218696935624e-01 2.594306318496061303e-01 5.412824889480291057e-01 6.747210919441085641e-01 2.195987417414714815e-01 5.172895828138773799e-01 2.088486991541144977e-01 5.645107395492080515e-01 6.442558812884854325e-01 7.969790267219527546e-01 3.984255185123821152e-01 3.960596640532082491e-01 1.899382352840126020e-01 3.918588157060768906e-01 1.737544308326873232e-01 2.618758800716891044e-01 3.946751676298644318e-01 3.693060415082364822e-01 6.379644677920972562e-01 8.004056924276296003e-01 5.558760194826445344e-01 3.911292656018274250e-01 3.549947446006825880e-01 1.756543246293741367e-01 7.846924587763314252e-01 5.561856783946581562e-01 6.502812329212034337e-01 4.657648354720517192e-01 4.082499567618281255e-01 1.348819492130650111e-01 4.115300884842952867e-01 2.747687645995155470e-01 4.446215155036070121e-01
6.701386797187223188e-01 1.222440443402663890e+00 1.227188332752575217e+00 3.178041860737754187e-01 9.818307622086177577e-01 8.389274955431874625e-01 3.558532566485606008e-01 6.061835780192530443e-01 7.750206229073403064e-01 8.002336318710401297e-01 4.737770126123687087e-01 3.169536803772368128e-01 4.980112887551113587e-01 0.000000000000000000e+00 7.879173261466612121e-01 5.354614931378265386e-01 7.302249516842201915e-01 5.800013982374406796e-01 5.933573540942983504e-01 9.906551939044100363e-01 9.993208028996527492e-01 7.158135634462000629e-01 4.190082884609649394e-01 4.081976489213258175e-01 4.582405984963126011e-01 6.328298247248022035e-01 6.542238479175114252e-01 2.437917547367408067e-01 7.940909724331758346e-01 3.182995879112651139e-01 6.096103053248217440e-01 6.386892790820599686e-01 7.016927514401897215e-01 1.683252571845449408e-01 4.609006902409600870e-01 1.623959412978507599e-01 7.684260165883295413e-01 3.858474560658805008e-01 7.468038413098455619e-01 8.530060333557939467e-01 4.285032576748240563e-01 7.160602985135373633e-01 4.209121580602936952e-01 5.907274868014003033e-01 6.092344343508555582e-01 4.631323607870779790e-01 5.991537289884484307e-01 8.609027934406762173e-01 2.692728115594795191e-01 4.339557798812311851e-01
8.092526552010470553e-01 8.695882175871173514e-01 7.632254874214916551e-01 1.096859623178160659e+00 3.217564072458783953e-01 1.026464161764381489e+00 4.408492956484000858e-01 3.043377839398798135e-01 4.246502173835137173e-01 3.081340328891179481e-01 6.687813769428685440e-01 6.310561460334264128e-01 3.422777639172525088e-01 7.879173261466612121e-01 0.000000000000000000e+00 5.026553063295174928e-01 8.555078013921648683e-01 2.659182315142381570e-01 3.154118562355840982e-01 6.339780385381678096e-01 5.421661586363621943e-01 2.204983411511234059e-01 4.584324985421158183e-01 4.231104527571719065e-01 6.937312588068447194e-01 6.937386447769107178e-01 8.452403395635348371e-01 5.891517748044363678e-01 2.080452963772343733e-01 5.261721447354728021e-01 1.872269666316638270e-01 1.965685339238067986e-01 2.487997357130336540e-01 7.141911624430805627e-01 4.718979953103231706e-01 9.381003330797940132e-01 8.528692331967004936e-01 6.057611652672911795e-01 1.636834011879011175e-01 1.738471695260643546e-01 4.371993704636606415e-01 8.746540921107397448e-01 6.113181072415629913e-01 7.367877533528115475e-01 3.643839314885705671e-01 3.247849653595832886e-01 3.140180752130721231e-01 5.062815405700371585e-01 5.620352901190183159e-01 5.860958333934429554e-01
3.107854973867325565e-01 1.284746500294456029e+00 1.105757871990421082e+00 8.234401165732168071e-01 8.177252355392372607e-01 6.594336112143439621e-01 4.256523638289156919e-01 2.927411363396035249e-01 8.284849078541780543e-01 6.597185017244515670e-01 2.850920857268520736e-01 2.873150524433794040e-01 5.280816070949135854e-01 5.354614931378265386e-01 5.026553063295174928e-01 0.000000000000000000e+00 3.831837329368145695e-01 2.606254873890593848e-01 6.252216279017580591e-01 1.054840607139059916e+00 8.815270626896533068e-01 6.646030961986226782e-01 2.175283091472756392e-01 3.192329079407993375e-01 2.107445251542626463e-01 2.047181825016770595e-01 4.812679852178508577e-01 3.129372837090866333e-01 6.711861705167255776e-01 4.553635060903598042e-01 4.797709078666107518e-01 4.906431234344906800e-01 7.084061982742876351e-01 4.163694824620184920e-01 1.647476756845727142e-01 6.635000820576315572e-01 3.597222471212824790e-01 1.610008387407650954e-01 3.495978100118278808e-01 6.698159978194234698e-01 5.880241974996015530e-01 4.101531138814820121e-01 3.295605639795264885e-01 2.722867751235539258e-01 1.422215136061684149e-01 3.686523343696160304e-01 6.488601327683586328e-01 9.250882066753263189e-01 3.393590232511124460e-01 1.676461269340784321e-01
2.780337633124734809e-01 1.549024654015503488e+00 1.482304022559599810e+00 1.013705094709346888e+00 1.170781075616857070e+00 9.875887278314253725e-01 7.548020564463677751e-01 6.067684826525501229e-01 1.095930547572190550e+00 1.036264652293630073e+00 6.126434672569915918e-01 4.568737721231166948e-01 7.771262624695867149e-01 7.302249516842201915e-01 8.555078013921648683e-01 3.831837329368145695e-01 0.000000000000000000e+00 6.371716379582377243e-01 9.988102392114124317e-01 1.318408751417616154e+00 1.258073213258831258e+00 9.601665944425926691e-01 5.959376223643013670e-01 5.702560061597009566e-01 2.894496273777041329e-01 1.978927633402001451e-01 8.046286002171297858e-01 5.548098506466343505e-01 1.043322660934374202e+00 6.836846792363049374e-01 8.599159001998674112e-01 7.919988231566087444e-01 1.034289281792761805e+00 5.977257758609557659e-01 4.438478837094226859e-01 8.537650601937618600e-01 1.644100253841572212e-01 4.527689980446963913e-01 6.976075088658646450e-01 1.022871837897042724e+00 8.242198948723568064e-01 1.565044253909763927e-01 6.327177739202650697e-01 1.454997504931264951e-01 4.911238699035942457e-01 7.507066420851170596e-01 9.120082116826516705e-01 1.188656350953882335e+00 5.569442148243539670e-01 3.348035189723442273e-01
5.714109847757918859e-01 1.031983633127351530e+00 8.499993740582358903e-01 8.889436952689403482e-01 5.741508360613377659e-01 7.688558691883671248e-01 2.829493768931853892e-01 2.924394558110002817e-01 5.953413875086098761e-01 4.039600037922660425e-01 4.081324581795870432e-01 4.850241399444701895e-01 5.725501218696935624e-01 5.800013982374406796e-01 2.659182315142381570e-01 2.606254873890593848e-01 6.371716379582377243e-01 0.000000000000000000e+00 3.748528095994770326e-01 7.990821092068743914e-01 6.257685647574676713e-01 4.779423224309918838e-01 2.113914320476961706e-01 4.642029978398661272e-01 4.575819062021648786e-01 4.642142446694230151e-01 5.883480866796017006e-01 3.735383909389823343e-01 4.205323025357124433e-01 4.750673619418486204e-01 2.227442622416297702e-01 4.100719654626980293e-01 4.526477003421017775e-01 5.192895972679000272e-01 3.507396815894374686e-01 7.301844051705732586e-01 6.199993655950967186e-01 3.398429337530529670e-01 1.955854936350568396e-01 4.262415983415238085e-01 4.101947557418724744e-01 6.614033932792846571e-01 3.612691559100713046e-01 5.235370545213564597e-01 1.815814548552765195e-01 1.656343473435606117e-01 4.816012267058357721e-01 6.693297087431404613e-01 5.094803434094193895e-01 3.972798438068341764e-01
9.232008207302656588e-01 7.161285155787815437e-01 7.043805365282745923e-01 9.025480155750580380e-01 4.350971472143885244e-01 9.749570185910706455e-01 2.615416636547830964e-01 5.574524448672468768e-01 2.732613459339341411e-01 2.876887931093287110e-01 6.356415815677295411e-01 5.610806789324052080e-01 2.594306318496061303e-01 5.933573540942983504e-01 3.154118562355840982e-01 6.252216279017580591e-01 9.988102392114124317e-01 3.748528095994770326e-01 0.000000000000000000e+00 4.837245180968868796e-01 4.768457546140156822e-01 2.760396638452776719e-01 4.419617521995980458e-01 4.463430606694667735e-01 7.269547463830842160e-01 8.258757638961015113e-01 7.902533709653947191e-01 4.558133846114243992e-01 2.463510728710875397e-01 3.186916934858063932e-01 1.823221763861726241e-01 3.453735885143746631e-01 1.764323436558227209e-01 5.169431602674326998e-01 6.034963748806934092e-01 7.430352449129944414e-01 9.784688447179988868e-01 5.981432476115688956e-01 4.131001550878794504e-01 3.066081978557406162e-01 1.770051997690432477e-01 9.918833579335281092e-01 5.488485005520914450e-01 8.671001224971449650e-01 5.386156308814868954e-01 2.657291694412227123e-01 1.503805228467764987e-01 3.539721176331530605e-01 4.444266754492700033e-01 6.640067202390683709e-01
1.295358038833114289e+00 2.454927801086761452e-01 1.108858447269985614e+00 1.296435977079349433e+00 6.724055999054988630e-01 1.406223917095469345e+00 6.905619440275662102e-01 8.064035079302022124e-01 2.467699803678745363e-01 6.895395268430860591e-01 1.066908480072128018e+00 9.231854332472070324e-01 5.412824889480291057e-01 9.906551939044100363e-01 6.339780385381678096e-01 1.054840607139059916e+00 1.318408751417616154e+00 7.990821092068743914e-01 4.837245180968868796e-01 0.000000000000000000e+00 8.813236653557264821e-01 4.531842992278232174e-01 8.921823641498457524e-01 7.501311881021434091e-01 1.105793228497236935e+00 1.183526626132814341e+00 1.221520269469793307e+00 8.734404465806030471e-01 5.720983632100640204e-01 6.786704394690344921e-01 5.984613891176945311e-01 5.943246515773300542e-01 4.001693685167287962e-01 8.942165151390567557e-01 9.085767863525650023e-01 1.136923206417285837e+00 1.339676437271958953e+00 1.024849088325839874e+00 7.689062860149612488e-01 5.413419761808685449e-01 5.640239222008206488e-01 1.325974947724360531e+00 9.801153990564898111e-01 1.191563721869232539e+00 9.547548436130087746e-01 7.079017832004129707e-01 4.064005397349640392e-01 1.297524004637337913e-01 7.929285861555313009e-01 9.859040044516359513e-01
1.192312560076385752e+00 1.114225189276204064e+00 2.333110158715779314e-01 1.308511464380412992e+00 6.769334572639952308e-01 1.311920381209235043e+00 6.434675462510922594e-01 8.059741281893834097e-01 6.775829436574620779e-01 2.340321257472441352e-01 9.676009661938395068e-01 9.817361158433667301e-01 6.747210919441085641e-01 9.993208028996527492e-01 5.421661586363621943e-01 8.815270626896533068e-01 1.258073213258831258e+00 6.257685647574676713e-01 4.768457546140156822e-01 8.813236653557264821e-01 0.000000000000000000e+00 6.005185562260373366e-01 7.527337477561750756e-01 8.835697910982232006e-01 1.073726875559828375e+00 1.085115819970016826e+00 1.129680562867148463e+00 8.257510673398186229e-01 4.037926107696498401e-01 7.674305042780240615e-01 4.308135634719151286e-01 7.138064068892171488e-01 5.030250381211058830e-01 9.312050794642969809e-01 9.445450422159632486e-01 1.148998693718349617e+00 1.240900940895690585e+00 9.341227397625618822e-01 6.497863037522936258e-01 5.408929386566533326e-01 6.148269151337387717e-01 1.282304968579878413e+00 8.897316331464516503e-01 1.144438629821950437e+00 7.814412991636022765e-01 5.726560373047716590e-01 5.638427828546879184e-01 7.515712648919924410e-01 8.718953854892886879e-01 1.014022776924717206e+00
9.408148558681374007e-01 6.820822509762101138e-01 8.261316670647890215e-01 1.015279513145249224e+00 2.926161091210068288e-01 1.168449051932734184e+00 4.527870788648312717e-01 3.824836692333797861e-01 2.174175250514108482e-01 3.948687134681795885e-01 8.291336149093931907e-01 6.060843469583020449e-01 2.195987417414714815e-01 7.158135634462000629e-01 2.204983411511234059e-01 6.646030961986226782e-01 9.601665944425926691e-01 4.779423224309918838e-01 2.760396638452776719e-01 4.531842992278232174e-01 6.005185562260373366e-01 0.000000000000000000e+00 6.571492810285014530e-01 4.056964438389518701e-01 7.602538030403843683e-01 8.111437797141352046e-01 9.837454043070581466e-01 6.073193767608755511e-01 2.292875045630502484e-01 3.994030185359103702e-01 3.684085343791504985e-01 1.739599727641319982e-01 1.664557766025876184e-01 6.130600512049573236e-01 5.245850310145268036e-01 8.557667424831859604e-01 9.684260344481782079e-01 7.647698777311380258e-01 3.196599337956327891e-01 1.553973771261873138e-01 3.167694925858926536e-01 9.702925333546875697e-01 7.423405338937549836e-01 8.334392178912425342e-01 5.270362302012923106e-01 5.048701422652069892e-01 1.345134140002612055e-01 3.335946415479628113e-01 4.943675063409870285e-01 6.341266661386028014e-01
4.866275926550377440e-01 1.124586361631740861e+00 9.811773520540878479e-01 7.279505854924644970e-01 7.634410910405894368e-01 5.696644296380450889e-01 2.081240546816400250e-01 4.214480617643776017e-01 6.799126659256933269e-01 5.411231413729512552e-01 2.184205359422940196e-01 3.783046424274850161e-01 5.172895828138773799e-01 4.190082884609649394e-01 4.584324985421158183e-01 2.175283091472756392e-01 5.959376223643013670e-01 2.113914320476961706e-01 4.419617521995980458e-01 8.921823641498457524e-01 7.527337477561750756e-01 6.571492810285014530e-01 0.000000000000000000e+00 4.854251183944409131e-01 3.392933422286806833e-01 4.061973280202828551e-01 3.876058833798791126e-01 1.935441278164088397e-01 5.596001119450662031e-01 3.392399643876348181e-01 3.243185715913920464e-01 6.184207443449853958e-01 5.719291526871448372e-01 3.582964874914243425e-01 3.566910655204974523e-01 5.691912953940976294e-01 5.578218607441325361e-01 1.834268572423867760e-01 4.069769256827530102e-01 6.187558653694016364e-01 3.704958883523259416e-01 5.855579286947448781e-01 1.528856086994472563e-01 4.737737482525203880e-01 2.549541369876253682e-01 1.919396881313952530e-01 5.244795573681595435e-01 7.624299636861118223e-01 3.484872336329436493e-01 3.840120304259890816e-01
5.472052935751992031e-01 9.807470907000328531e-01 1.111104573012482888e+00 7.026223286938012569e-01 6.510378265623014693e-01 9.222292401915078708e-01 3.769678632954621689e-01 2.066050968619866923e-01 5.276529842567183604e-01 6.944128295935363404e-01 5.594886663619339506e-01 2.079456932762543120e-01 2.088486991541144977e-01 4.081976489213258175e-01 4.231104527571719065e-01 3.192329079407993375e-01 5.702560061597009566e-01 4.642029978398661272e-01 4.463430606694667735e-01 7.501311881021434091e-01 8.835697910982232006e-01 4.056964438389518701e-01 4.854251183944409131e-01 0.000000000000000000e+00 3.627818582079842535e-01 4.354071821343711290e-01 7.375255925658318334e-01 3.272483953120385314e-01 5.891040858269660507e-01 1.949086945019365413e-01 5.894082286101489654e-01 2.537823721913123887e-01 4.707245792258035744e-01 2.912285576514374585e-01 1.604573423541220123e-01 5.431095580317377713e-01 5.915569932735154079e-01 4.265520561817429668e-01 3.608078539100897930e-01 5.070563538901116107e-01 3.174592157273132820e-01 5.778222024664454448e-01 4.967322442385372350e-01 4.434109766113178419e-01 2.866102813952904338e-01 5.135402082634661358e-01 3.437306483671794810e-01 6.203787876384095901e-01 1.389248373618462429e-01 2.377512591937214204e-01
2.152927693576252022e-01 1.336409131095125602e+00 1.297957684860596483e+00 7.443471062216414635e-01 1.004437535092032263e+00 7.057227245316578523e-01 4.711335675713932969e-01 4.388135770739179375e-01 8.833150246518116644e-01 8.519183145946268576e-01 3.307774639572236275e-01 2.061114241011212100e-01 5.645107395492080515e-01 4.582405984963126011e-01 6.937312588068447194e-01 2.107445251542626463e-01 2.894496273777041329e-01 4.575819062021648786e-01 7.269547463830842160e-01 1.105793228497236935e+00 1.073726875559828375e+00 7.602538030403843683e-01 3.392933422286806833e-01 3.627818582079842535e-01 0.000000000000000000e+00 2.071362628375199577e-01 5.208356918492400567e-01 2.711413617716600388e-01 8.704205439653972531e-01 4.469343100433292859e-01 6.486152395930196990e-01 6.038803020736553950e-01 8.209097702295252708e-01 3.343310631028867941e-01 2.563238442894786862e-01 5.844070717060564357e-01 3.163243877694491557e-01 1.726015659534680391e-01 5.333591424364435563e-01 8.588203839791854755e-01 5.710469818969812206e-01 2.667495052841475922e-01 3.480266031587848086e-01 1.441948755494570633e-01 3.293473273182739858e-01 5.264431463530312438e-01 6.993926887622728961e-01 9.760408280335033382e-01 3.216128887354946508e-01 1.289922915419181859e-01
1.996990366279000617e-01 1.413012453923947920e+00 1.309346629270784490e+00 9.163099677499293438e-01 1.009011919001602475e+00 8.062755353259363211e-01 6.136087967434354917e-01 4.501559337478917011e-01 9.567601275906454372e-01 8.633072590048153083e-01 4.313302747515023183e-01 3.402135957848712033e-01 6.442558812884854325e-01 6.328298247248022035e-01 6.937386447769107178e-01 2.047181825016770595e-01 1.978927633402001451e-01 4.642142446694230151e-01 8.258757638961015113e-01 1.183526626132814341e+00 1.085115819970016826e+00 8.111437797141352046e-01 4.061973280202828551e-01 4.354071821343711290e-01 2.071362628375199577e-01 0.000000000000000000e+00 6.269514176906678671e-01 4.260234337869056587e-01 8.747749277970892079e-01 5.573334310698010441e-01 6.804250438609541485e-01 6.371838069500032065e-01 9.058679869741546042e-01 4.998258135180442818e-01 2.907110373064035747e-01 7.563699332343439830e-01 1.593227456627267224e-01 2.798726960171982747e-01 5.358383522506101615e-01 8.611026812817887954e-01 6.978686467058529130e-01 2.519490522713754843e-01 4.665772885464812836e-01 1.700637665136588428e-01 3.293547132883398731e-01 5.693064703639596491e-01 7.771260863978501909e-01 1.053774225669080522e+00 4.305929666578500736e-01 2.114786618820534703e-01
6.942384341623785149e-01 1.453924266951688304e+00 1.358124167165060792e+00 9.470967457873213924e-01 1.148498504239429341e+00 1.950426551422067556e-01 5.347201779601968852e-01 7.529710565268237232e-01 1.009250571245641215e+00 9.200700563160070233e-01 2.016622381203898584e-01 5.439378440542749216e-01 7.969790267219527546e-01 6.542238479175114252e-01 8.452403395635348371e-01 4.812679852178508577e-01 8.046286002171297858e-01 5.883480866796017006e-01 7.902533709653947191e-01 1.221520269469793307e+00 1.129680562867148463e+00 9.837454043070581466e-01 3.876058833798791126e-01 7.375255925658318334e-01 5.208356918492400567e-01 6.269514176906678671e-01 0.000000000000000000e+00 4.104320931807706185e-01 9.328621875968424737e-01 6.165439143297920532e-01 7.032654865344477590e-01 9.469765815245539953e-01 9.289970311655154633e-01 5.655969947620940186e-01 6.397478568971969315e-01 7.873314679715548436e-01 7.660632524772815755e-01 3.528905630871050358e-01 7.812239355220498283e-01 1.005563706390820489e+00 6.811310170264462949e-01 7.819284781235730231e-01 2.414048704133034406e-01 6.593738483888823554e-01 5.864771317500716563e-01 5.583310570474248058e-01 8.510756806467163482e-01 1.091767869006059488e+00 6.005877078043344586e-01 5.737033716451209742e-01
4.798519796642640722e-01 1.105225696078857567e+00 1.054194671637731284e+00 5.451844609981776335e-01 8.402671170032633974e-01 5.951357408064464893e-01 1.999922057997333691e-01 5.272212770103145152e-01 6.578058755835334281e-01 6.214252373032287391e-01 2.328981558324973444e-01 1.947366168169196721e-01 3.984255185123821152e-01 2.437917547367408067e-01 5.891517748044363678e-01 3.129372837090866333e-01 5.548098506466343505e-01 3.735383909389823343e-01 4.558133846114243992e-01 8.734404465806030471e-01 8.257510673398186229e-01 6.073193767608755511e-01 1.935441278164088397e-01 3.272483953120385314e-01 2.711413617716600388e-01 4.260234337869056587e-01 4.104320931807706185e-01 0.000000000000000000e+00 6.239086039123878935e-01 2.179904061202213028e-01 4.139648588384446382e-01 5.484230733149834114e-01 5.842309357290796923e-01 1.702254547940989515e-01 3.732659636108168755e-01 3.857705093903521787e-01 5.597015003112633114e-01 1.574505009702623637e-01 5.691238845740391739e-01 7.100607479877042438e-01 3.095166277143730493e-01 5.360699733221033769e-01 1.771204033235528885e-01 4.112867378857205658e-01 4.343277131399030377e-01 2.669297269913505355e-01 4.819389816646415525e-01 7.436880461168692280e-01 1.903105105505411843e-01 2.860461063149059568e-01
9.819716679034581341e-01 8.086374142562782197e-01 6.294057216084011364e-01 1.103281633913935300e+00 2.991545940645630730e-01 1.115102005938928720e+00 4.382377157846152893e-01 4.938546505064814185e-01 3.672239535530333332e-01 1.922404040700622097e-01 7.718995407285526023e-01 7.679112794902814843e-01 3.960596640532082491e-01 7.940909724331758346e-01 2.080452963772343733e-01 6.711861705167255776e-01 1.043322660934374202e+00 4.205323025357124433e-01 2.463510728710875397e-01 5.720983632100640204e-01 4.037926107696498401e-01 2.292875045630502484e-01 5.596001119450662031e-01 5.891040858269660507e-01 8.704205439653972531e-01 8.747749277970892079e-01 9.328621875968424737e-01 6.239086039123878935e-01 0.000000000000000000e+00 5.218418280536044618e-01 2.376799276608059230e-01 3.406186932753163532e-01 1.726786400642948693e-01 7.259752489978200662e-01 6.670392418719923722e-01 9.437688632518718146e-01 1.030560048722763078e+00 7.409891039514530098e-01 3.714851461693132739e-01 1.631140754572213969e-01 3.892894269408709307e-01 1.065158258074005326e+00 6.929132578761463268e-01 9.272919193160774620e-01 5.619701257591628307e-01 3.758376620344661689e-01 2.667510685501645606e-01 4.423459627463303123e-01 6.416818426431764033e-01 7.866811983754068427e-01
6.454150295795582082e-01 9.099594660601260099e-01 9.952980341309463075e-01 6.177655376103146079e-01 6.773950290428669696e-01 8.012475619554680906e-01 1.973771360962927601e-01 3.933081967364316367e-01 4.617074449683185589e-01 5.703867461405954797e-01 4.508885619527186472e-01 2.460694514366769114e-01 1.899382352840126020e-01 3.182995879112651139e-01 5.261721447354728021e-01 4.553635060903598042e-01 6.836846792363049374e-01 4.750673619418486204e-01 3.186916934858063932e-01 6.786704394690344921e-01 7.674305042780240615e-01 3.994030185359103702e-01 3.392399643876348181e-01 1.949086945019365413e-01 4.469343100433292859e-01 5.573334310698010441e-01 6.165439143297920532e-01 2.179904061202213028e-01 5.218418280536044618e-01 0.000000000000000000e+00 4.227327438248924540e-01 3.399357900866138427e-01 3.932399119751602834e-01 2.155460756700222635e-01 3.147557516719729498e-01 4.582527669482510113e-01 7.096112148418576293e-01 3.754409070904836665e-01 5.425810201764312835e-01 5.449329798846951345e-01 1.536488619340980466e-01 6.810566498995946905e-01 3.757505660024973992e-01 5.546368193616401099e-01 4.745880233275787674e-01 3.339494810642967271e-01 2.858405510494265167e-01 5.489180390053006731e-01 1.293011154741623425e-01 3.488811602639606546e-01
7.777501006951181850e-01 8.313629130381717802e-01 6.592571677698277899e-01 9.188009668055808765e-01 4.502024950630275635e-01 8.855053048765343382e-01 2.537570486762610322e-01 4.183512506636263839e-01 3.947206674194300713e-01 2.192029570886909751e-01 5.391857900290564221e-01 6.087014756553642547e-01 3.918588157060768906e-01 6.096103053248217440e-01 1.872269666316638270e-01 4.797709078666107518e-01 8.599159001998674112e-01 2.227442622416297702e-01 1.823221763861726241e-01 5.984613891176945311e-01 4.308135634719151286e-01 3.684085343791504985e-01 3.243185715913920464e-01 5.894082286101489654e-01 6.486152395930196990e-01 6.804250438609541485e-01 7.032654865344477590e-01 4.139648588384446382e-01 2.376799276608059230e-01 4.227327438248924540e-01 0.000000000000000000e+00 3.745209902551376313e-01 2.520269802529219172e-01 5.466484609699450159e-01 5.482140514073380322e-01 7.592881961435175020e-01 8.330181246828518571e-01 5.057075635977787975e-01 2.660330760936597816e-01 3.107617823208503327e-01 2.719490128828357944e-01 8.780682791385133745e-01 4.633165568137516122e-01 7.462813167629862576e-01 3.850912223636508980e-01 1.470351318470941304e-01 2.809805066166559118e-01 4.687089886539607120e-01 5.117401633790985560e-01 6.176727001247657167e-01
7.671638990004531200e-01 8.211851806314636182e-01 9.394195177279685005e-01 9.355493418563913810e-01 4.025524340106520493e-01 1.131680229150230144e+00 5.010557533889554716e-01 2.120788563528721860e-01 3.619787031287898249e-01 4.976521003246789365e-01 7.663816234965019625e-01 4.617280654675667284e-01 1.737544308326873232e-01 6.386892790820599686e-01 1.965685339238067986e-01 4.906431234344906800e-01 7.919988231566087444e-01 4.100719654626980293e-01 3.453735885143746631e-01 5.943246515773300542e-01 7.138064068892171488e-01 1.739599727641319982e-01 6.184207443449853958e-01 2.537823721913123887e-01 6.038803020736553950e-01 6.371838069500032065e-01 9.469765815245539953e-01 5.484230733149834114e-01 3.406186932753163532e-01 3.399357900866138427e-01 3.745209902551376313e-01 0.000000000000000000e+00 3.083163177953285872e-01 5.279548077942215478e-01 3.506250582503946389e-01 7.760365711943277844e-01 7.946890825928097923e-01 6.444252597341205702e-01 2.173748347691401572e-01 2.585709613384619687e-01 3.494087554620615155e-01 8.073280931856281484e-01 7.061832331972595078e-01 6.694617544276998400e-01 3.770252262882934358e-01 4.930025485395456708e-01 1.949930656675982199e-01 4.651312058592868004e-01 3.841908691982148238e-01 4.777531651718737171e-01
