0.000000000000000000e+00 1.483896265150249194e+00 1.441586433495488206e+00 9.411262658569438111e-01 1.198814945535507936e+00 8.829381293903245664e-01 6.411732454525117531e-01 6.687114860629415070e-01 1.060025084805467310e+00 1.030633427353065290e+00 3.721869671670526292e-01 5.379392780235706661e-01 6.532667228235498058e-01 4.252091431117626108e-01 7.005450695229400448e-01 7.608444308440667214e-01 2.772282305212580567e-01 9.426771987857086588e-01 8.947111592755722098e-01 1.270925233203483273e+00 2.389350592132232498e-01 1.235092046771564700e+00 5.212630223971619348e-01 4.366381967206804937e-01 5.865134853780025193e-01
1.483896265150249194e+00 0.000000000000000000e+00 1.318309522831868419e+00 1.532054891612413705e+00 9.017874563268484245e-01 1.554914416813937272e+00 8.822443590524212675e-01 1.061836252271191050e+00 4.562594488340714904e-01 9.017938051727324433e-01 1.233362459004521794e+00 1.224974655577164340e+00 1.217734190681935447e+00 1.071026470199480274e+00 9.347899056428109477e-01 7.682551356154373456e-01 1.564391731937816887e+00 7.884764432305949589e-01 6.839653287436434637e-01 2.353024524719305732e-01 1.332385402185320311e+00 1.111815136107945134e+00 1.157348576481820768e+00 1.068054828588022920e+00 1.023516934293868808e+00
1.441586433495488206e+00 1.318309522831868419e+00 0.000000000000000000e+00 1.431079732503674373e+00 9.143193181315487639e-01 1.546126706963632413e+00 8.430286855305176852e-01 9.481368376900101147e-01 8.873172666743522896e-01 4.382516144906165034e-01 1.083935494941351774e+00 1.215212545294737101e+00 1.118023939331093342e+00 1.148200412392753389e+00 7.414040756769735285e-01 8.888223017761989198e-01 1.468920651437294778e+00 7.328862844253065667e-01 6.493984314935925539e-01 1.100483527686408669e+00 1.267599980203029775e+00 2.297395621318274461e-01 9.501342648867231455e-01 1.035117799301682018e+00 8.730457106250918420e-01
9.411262658569438111e-01 1.532054891612413705e+00 1.431079732503674373e+00 0.000000000000000000e+00 1.260077933296150698e+00 1.130450179928983445e+00 6.501570193820703780e-01 9.450969479162785181e-01 1.116968374032550448e+00 1.021254503160497151e+00 6.094345188900351928e-01 7.815774438027393023e-01 3.264993895133955770e-01 8.574085367973039995e-01 7.526683712541714089e-01 9.678438951552138514e-01 9.987255472184749516e-01 1.012701544421599875e+00 8.893360623025244882e-01 1.318208873756247623e+00 8.241737360322500816e-01 1.224585345779750423e+00 7.379325349529853861e-01 5.843114334949098820e-01 5.582602530725149226e-01
1.198814945535507936e+00 9.017874563268484245e-01 9.143193181315487639e-01 1.260077933296150698e+00 0.000000000000000000e+00 1.336001043076689543e+00 6.431296659463242582e-01 5.924071808269378847e-01 4.597851546711209658e-01 4.816032279981536379e-01 8.950820272378884335e-01 1.005086881407794452e+00 9.469205967046974148e-01 7.783163297613671094e-01 5.430766794063653924e-01 4.429794004520758444e-01 1.245619315431342189e+00 2.806442938853577762e-01 3.992486534168214196e-01 6.791870362390485250e-01 1.017578978730756978e+00 6.967596063055294664e-01 7.020584702739041116e-01 8.473244630075512651e-01 7.058739690981440384e-01
8.829381293903245664e-01 1.554914416813937272e+00 1.546126706963632413e+00 1.130450179928983445e+00 1.336001043076689543e+00 0.000000000000000000e+00 7.063381493985779747e-01 9.896100092536839199e-01 1.135685471420981640e+00 1.143017044007504923e+00 7.145763321280038660e-01 3.612216469983079437e-01 8.284339998635100732e-01 6.666724995177059077e-01 9.413385413007276936e-01 9.191860883384650460e-01 9.847223039579205972e-01 1.183836340415993726e+00 9.519971740481560918e-01 1.341943384867172018e+00 7.699690172697805091e-01 1.339632320239709129e+00 9.312016573659444019e-01 5.525940925095362832e-01 7.569961763085162332e-01
6.411732454525117531e-01 8.822443590524212675e-01 8.430286855305176852e-01 6.501570193820703780e-01 6.431296659463242582e-01 7.063381493985779747e-01 0.000000000000000000e+00 5.944729753993948096e-01 4.671578414725571782e-01 4.399190225743897509e-01 3.736428724803628199e-01 3.754239877296816630e-01 3.358363184515916200e-01 3.303334780300934415e-01 3.249208511371693975e-01 3.296590126940537324e-01 7.252990403496148986e-01 4.807383189828780545e-01 2.535379138230602902e-01 6.683983411962546306e-01 5.547415459685063333e-01 6.365342988065937346e-01 4.241211405755662689e-01 2.058897032000956140e-01 1.945646625534092067e-01
6.687114860629415070e-01 1.061836252271191050e+00 9.481368376900101147e-01 9.450969479162785181e-01 5.924071808269378847e-01 9.896100092536839199e-01 5.944729753993948096e-01 0.000000000000000000e+00 6.059998404509557846e-01 5.158909765412202919e-01 4.141938610088771733e-01 6.476137453353917328e-01 6.404943037089941837e-01 3.229375097359776792e-01 3.122673254425435418e-01 3.120674262565092949e-01 6.895096858715348276e-01 3.192154938777210793e-01 5.060055748562767297e-01 8.436132251350046962e-01 4.639283429574520001e-01 7.425349801429040886e-01 2.183917082546097121e-01 6.053817322183423499e-01 4.154982441626332568e-01
1.060025084805467310e+00 4.562594488340714904e-01 8.873172666743522896e-01 1.116968374032550448e+00 4.597851546711209658e-01 1.135685471420981640e+00 4.671578414725571782e-01 6.059998404509557846e-01 0.000000000000000000e+00 4.634154488542226447e-01 8.182759414246576490e-01 8.067883289075528097e-01 8.026476731020720790e-01 6.427592474435526171e-01 5.145911791384759626e-01 3.213369447228497933e-01 1.126750834379128152e+00 3.464741415748673337e-01 2.709461324638506308e-01 2.390832698530963030e-01 8.942854861200875138e-01 6.736843373703697013e-01 7.371498499774866708e-01 6.498685019184111678e-01 6.084304167140044406e-01
1.030633427353065290e+00 9.017938051727324433e-01 4.382516144906165034e-01 1.021254503160497151e+00 4.816032279981536379e-01 1.143017044007504923e+00 4.399190225743897509e-01 5.158909765412202919e-01 4.634154488542226447e-01 0.000000000000000000e+00 6.738840344042421604e-01 8.121028823386092776e-01 7.124248140848024047e-01 7.450907494366255657e-01 3.313526151398643038e-01 4.800840754566894075e-01 1.054958076007697088e+00 3.002039316553847259e-01 2.462887685374645363e-01 6.765817098662787465e-01 8.536374047734315296e-01 2.272502678089597383e-01 5.272264692142863973e-01 6.320081363455541945e-01 4.629942500879825618e-01
3.721869671670526292e-01 1.233362459004521794e+00 1.083935494941351774e+00 6.094345188900351928e-01 8.950820272378884335e-01 7.145763321280038660e-01 3.736428724803628199e-01 4.141938610088771733e-01 8.182759414246576490e-01 6.738840344042421604e-01 0.000000000000000000e+00 3.667368313650782308e-01 3.254042497222667252e-01 3.389777313389867874e-01 3.555273434430289980e-01 6.256812163789119419e-01 4.187554345450396065e-01 6.144377333525310458e-01 5.715932011218767261e-01 1.019516441148355490e+00 2.296113451623008062e-01 8.774411082174277121e-01 2.209789599275377714e-01 2.166867367873015759e-01 2.180366990697123475e-01
5.379392780235706661e-01 1.224974655577164340e+00 1.215212545294737101e+00 7.815774438027393023e-01 1.005086881407794452e+00 3.612216469983079437e-01 3.754239877296816630e-01 6.476137453353917328e-01 8.067883289075528097e-01 8.121028823386092776e-01 3.667368313650782308e-01 0.000000000000000000e+00 4.795612637372659304e-01 3.246762355994141647e-01 6.036087425312857135e-01 5.856048036905242560e-01 6.392792645868172752e-01 8.486146620390744300e-01 6.210830123792598911e-01 1.012003623630399307e+00 4.249959974441356314e-01 1.008718158570813372e+00 5.836162526215196156e-01 2.037213563832923069e-01 4.192663775390745307e-01
6.532667228235498058e-01 1.217734190681935447e+00 1.118023939331093342e+00 3.264993895133955770e-01 9.469205967046974148e-01 8.284339998635100732e-01 3.358363184515916200e-01 6.404943037089941837e-01 8.026476731020720790e-01 7.124248140848024047e-01 3.254042497222667252e-01 4.795612637372659304e-01 0.000000000000000000e+00 5.430878358668251860e-01 4.471832620755652465e-01 6.535231942247350378e-01 7.138431625432116734e-01 7.055619537328760016e-01 5.750885341698391828e-01 1.003888172825769143e+00 5.392913513569870254e-01 9.115295526071692800e-01 4.340332341931948390e-01 2.819063995449581084e-01 2.511206623837912155e-01
4.252091431117626108e-01 1.071026470199480274e+00 1.148200412392753389e+00 8.574085367973039995e-01 7.783163297613671094e-01 6.666724995177059077e-01 3.303334780300934415e-01 3.229375097359776792e-01 6.427592474435526171e-01 7.450907494366255657e-01 3.389777313389867874e-01 3.246762355994141647e-01 5.430878358668251860e-01 0.000000000000000000e+00 5.425899082294958209e-01 3.403458150699255058e-01 4.938242802448807311e-01 5.754068342505346267e-01 5.095589922984700149e-01 8.580554382527146862e-01 2.613589319858403703e-01 9.417060256688295494e-01 3.366854628721163700e-01 2.871767784408764679e-01 4.511911319466329617e-01
7.005450695229400448e-01 9.347899056428109477e-01 7.414040756769735285e-01 7.526683712541714089e-01 5.430766794063653924e-01 9.413385413007276936e-01 3.249208511371693975e-01 3.122673254425435418e-01 5.145911791384759626e-01 3.313526151398643038e-01 3.555273434430289980e-01 6.036087425312857135e-01 4.471832620755652465e-01 5.425899082294958209e-01 0.000000000000000000e+00 4.738264870794103301e-01 7.275165757603216932e-01 2.693905084768680180e-01 2.597451156797823124e-01 7.179569432322899791e-01 5.261959045260562462e-01 5.349096889530498000e-01 2.225586708390105972e-01 4.068711254551226619e-01 1.981831587878251644e-01
7.608444308440667214e-01 7.682551356154373456e-01 8.888223017761989198e-01 9.678438951552138514e-01 4.429794004520758444e-01 9.191860883384650460e-01 3.296590126940537324e-01 3.120674262565092949e-01 3.213369447228497933e-01 4.800840754566894075e-01 6.256812163789119419e-01 5.856048036905242560e-01 6.535231942247350378e-01 3.403458150699255058e-01 4.738264870794103301e-01 0.000000000000000000e+00 8.215122888166381809e-01 2.723007972206297755e-01 2.488191459822251816e-01 5.558640587356353802e-01 5.896884680249965260e-01 6.823279150522750802e-01 4.830518107272631090e-01 4.576166108878198524e-01 5.172067305791614444e-01
2.772282305212580567e-01 1.564391731937816887e+00 1.468920651437294778e+00 9.987255472184749516e-01 1.245619315431342189e+00 9.847223039579205972e-01 7.252990403496148986e-01 6.895096858715348276e-01 1.126750834379128152e+00 1.054958076007697088e+00 4.187554345450396065e-01 6.392792645868172752e-01 7.138431625432116734e-01 4.938242802448807311e-01 7.275165757603216932e-01 8.215122888166381809e-01 0.000000000000000000e+00 9.649750215459846903e-01 9.788369541726753553e-01 1.351420699991050967e+00 2.325294818563720112e-01 1.262426264713371271e+00 5.435608451574379663e-01 5.285222576979291542e-01 6.267035966914975553e-01
9.426771987857086588e-01 7.884764432305949589e-01 7.328862844253065667e-01 1.012701544421599875e+00 2.806442938853577762e-01 1.183836340415993726e+00 4.807383189828780545e-01 3.192154938777210793e-01 3.464741415748673337e-01 3.002039316553847259e-01 6.144377333525310458e-01 8.486146620390744300e-01 7.055619537328760016e-01 5.754068342505346267e-01 2.693905084768680180e-01 2.723007972206297755e-01 9.649750215459846903e-01 0.000000000000000000e+00 2.679430554612018400e-01 5.658760231427950593e-01 7.492574787070812592e-01 5.230332743989324351e-01 4.214141763885466130e-01 6.565443574643583524e-01 4.544412913490846750e-01
8.947111592755722098e-01 6.839653287436434637e-01 6.493984314935925539e-01 8.893360623025244882e-01 3.992486534168214196e-01 9.519971740481560918e-01 2.535379138230602902e-01 5.060055748562767297e-01 2.709461324638506308e-01 2.462887685374645363e-01 5.715932011218767261e-01 6.210830123792598911e-01 5.750885341698391828e-01 5.095589922984700149e-01 2.597451156797823124e-01 2.488191459822251816e-01 9.788369541726753553e-01 2.679430554612018400e-01 0.000000000000000000e+00 4.701193108874769377e-01 7.709179242843106072e-01 4.429040447696683813e-01 4.823037865187927986e-01 4.594276170231559320e-01 3.535565020521642676e-01
1.270925233203483273e+00 2.353024524719305732e-01 1.100483527686408669e+00 1.318208873756247623e+00 6.791870362390485250e-01 1.341943384867172018e+00 6.683983411962546306e-01 8.436132251350046962e-01 2.390832698530963030e-01 6.765817098662787465e-01 1.019516441148355490e+00 1.012003623630399307e+00 1.003888172825769143e+00 8.580554382527146862e-01 7.179569432322899791e-01 5.558640587356353802e-01 1.351420699991050967e+00 5.658760231427950593e-01 4.701193108874769377e-01 0.000000000000000000e+00 1.119414370238555057e+00 8.868505983824255257e-01 9.405156140713005763e-01 8.550837966412572211e-01 8.096709164377020596e-01
2.389350592132232498e-01 1.332385402185320311e+00 1.267599980203029775e+00 8.241737360322500816e-01 1.017578978730756978e+00 7.699690172697805091e-01 5.547415459685063333e-01 4.639283429574520001e-01 8.942854861200875138e-01 8.536374047734315296e-01 2.296113451623008062e-01 4.249959974441356314e-01 5.392913513569870254e-01 2.613589319858403703e-01 5.261959045260562462e-01 5.896884680249965260e-01 2.325294818563720112e-01 7.492574787070812592e-01 7.709179242843106072e-01 1.119414370238555057e+00 0.000000000000000000e+00 1.061105593479106046e+00 3.278433023185345352e-01 3.520846916510344538e-01 4.331310321507520489e-01
1.235092046771564700e+00 1.111815136107945134e+00 2.297395621318274461e-01 1.224585345779750423e+00 6.967596063055294664e-01 1.339632320239709129e+00 6.365342988065937346e-01 7.425349801429040886e-01 6.736843373703697013e-01 2.272502678089597383e-01 8.774411082174277121e-01 1.008718158570813372e+00 9.115295526071692800e-01 9.417060256688295494e-01 5.349096889530498000e-01 6.823279150522750802e-01 1.262426264713371271e+00 5.230332743989324351e-01 4.429040447696683813e-01 8.868505983824255257e-01 1.061105593479106046e+00 0.000000000000000000e+00 7.470249816193033077e-01 8.286234125777581783e-01 6.665513239011678914e-01
5.212630223971619348e-01 1.157348576481820768e+00 9.501342648867231455e-01 7.379325349529853861e-01 7.020584702739041116e-01 9.312016573659444019e-01 4.241211405755662689e-01 2.183917082546097121e-01 7.371498499774866708e-01 5.272264692142863973e-01 2.209789599275377714e-01 5.836162526215196156e-01 4.340332341931948390e-01 3.366854628721163700e-01 2.225586708390105972e-01 4.830518107272631090e-01 5.435608451574379663e-01 4.214141763885466130e-01 4.823037865187927986e-01 9.405156140713005763e-01 3.278433023185345352e-01 7.470249816193033077e-01 0.000000000000000000e+00 4.157363099994511035e-01 2.393489478466648002e-01
4.366381967206804937e-01 1.068054828588022920e+00 1.035117799301682018e+00 5.843114334949098820e-01 8.473244630075512651e-01 5.525940925095362832e-01 2.058897032000956140e-01 6.053817322183423499e-01 6.498685019184111678e-01 6.320081363455541945e-01 2.166867367873015759e-01 2.037213563832923069e-01 2.819063995449581084e-01 2.871767784408764679e-01 4.068711254551226619e-01 4.576166108878198524e-01 5.285222576979291542e-01 6.565443574643583524e-01 4.594276170231559320e-01 8.550837966412572211e-01 3.520846916510344538e-01 8.286234125777581783e-01 4.157363099994511035e-01 0.000000000000000000e+00 2.225287604629114790e-01
5.865134853780025193e-01 1.023516934293868808e+00 8.730457106250918420e-01 5.582602530725149226e-01 7.058739690981440384e-01 7.569961763085162332e-01 1.945646625534092067e-01 4.154982441626332568e-01 6.084304167140044406e-01 4.629942500879825618e-01 2.180366990697123475e-01 4.192663775390745307e-01 2.511206623837912155e-01 4.511911319466329617e-01 1.981831587878251644e-01 5.172067305791614444e-01 6.267035966914975553e-01 4.544412913490846750e-01 3.535565020521642676e-01 8.096709164377020596e-01 4.331310321507520489e-01 6.665513239011678914e-01 2.393489478466648002e-01 2.225287604629114790e-01 0.000000000000000000e+00
