0.000000000000000000e+00 1.098343264952466036e+00 9.758897479573875877e-01 9.411354603407301456e-01 6.670463617104437359e-01 6.602377443721655359e-01 5.696451866828889932e-01 4.658004624904544255e-01 4.886480235076980927e-01 3.687109718687230364e-01 3.577129963375489941e-01 7.130593525306635483e-01 6.785685994577285163e-01 2.972331655541758932e-01 9.622027027357139550e-01 8.216291384951708299e-01 4.196899087261743433e-01 7.266626081824896222e-01 2.394413235027601228e-01 5.140275359650052778e-01 4.678043382155879226e-01 2.149948550534608593e-01 2.137100780940939804e-01 2.017019547866501228e-01 3.901503436482515741e-01 8.432573441323985008e-01 4.817906348689866558e-01 6.323441117402250899e-01 6.114232197268834046e-01 8.222352789487982205e-01 6.566340437766681193e-01 1.737749972309852453e-01 7.033972723113754988e-01 9.647998637790979881e-01 3.348039771717067348e-01 2.975164977040186121e-01 4.794282578878645285e-01 1.498604979610748678e-01 8.226645840875251858e-01 4.338792633282310685e-01 9.591499709693727116e-01 1.465188549740408519e-01 4.897988411738095627e-01 5.654856542907347183e-01 3.372364526630510229e-01 2.814201552593031397e-01 9.723665382222880238e-01 2.980313936706967537e-01 6.167415590186838825e-01 3.139021607987821372e-01
1.098343264952466036e+00 0.000000000000000000e+00 8.651389381574100534e-01 8.171393051800124319e-01 1.233594830975795809e+00 1.270452860993981581e+00 5.695595189932386448e-01 1.524664720152805186e+00 7.907360796955216209e-01 8.841756954829508297e-01 9.662015829830927771e-01 5.047851047314975137e-01 6.033998453360149838e-01 8.117154771750969555e-01 7.695652658353048237e-01 2.844772785709259177e-01 7.170461813506718851e-01 7.376794569680368285e-01 1.295919003255801005e+00 6.106607699331626504e-01 1.063267208391176943e+00 9.254526714086497297e-01 9.568443537766253559e-01 9.674409155830840934e-01 7.670165196170243282e-01 6.864282960295162717e-01 1.123904196773154895e+00 6.193568128050264132e-01 6.980056515716954735e-01 7.303579504614884366e-01 4.450815976262324503e-01 9.734268417714075916e-01 4.338374814586887784e-01 7.802271554501973849e-01 8.086836183824785973e-01 1.365023741572591653e+00 6.655899636572001343e-01 9.515973612433806794e-01 6.662871121850708622e-01 6.644640016242354674e-01 1.463563032386502594e-01 1.219496580779511730e+00 6.881043813435683276e-01 5.816683872382537590e-01 9.334672491526464500e-01 8.982197160307588968e-01 8.000544384393297737e-01 8.387345643808051809e-01 6.678577527634059763e-01 8.116945319849159235e-01
9.758897479573875877e-01 8.651389381574100534e-01 0.000000000000000000e+00 8.205754743381352689e-01 1.131181288886048408e+00 1.208240255504971383e+00 5.517259117083112008e-01 1.423223100687914799e+00 6.618989613444854481e-01 7.683763214479912840e-01 9.139165872819688952e-01 5.882888292859816959e-01 3.158426410079260283e-01 8.355136887420194780e-01 7.784446530707260781e-01 5.992123468250888374e-01 5.624602588423491811e-01 7.136330986030109402e-01 1.196863961700219248e+00 6.786216540591275548e-01 9.658669043524459319e-01 7.699490242294771969e-01 9.322094039603023852e-01 8.743959156796234922e-01 7.147315239159002243e-01 7.160450267833232685e-01 1.056476706927264253e+00 5.040638110399718874e-01 7.713936198318968041e-01 1.753087772705548275e-01 5.663504258259475233e-01 8.248745942954166521e-01 4.313014566987212750e-01 7.893167112504628768e-01 7.270300657768669073e-01 1.258138062909623045e+00 5.678825160064937538e-01 9.307016994866633697e-01 6.719609260509229465e-01 6.961780381209987656e-01 7.187826349187599329e-01 1.111144085115835178e+00 5.251089417861557473e-01 4.500251581188514094e-01 8.384547781819126078e-01 8.210356652626269458e-01 8.267514048944428762e-01 8.269618814446155763e-01 6.245965748724622291e-01 6.701647317016259375e-01
9.411354603407301456e-01 8.171393051800124319e-01 8.205754743381352689e-01 0.000000000000000000e+00 1.256644720697210227e+00 1.311040633979739134e+00 6.329555888680566955e-01 1.404832804901067655e+00 4.611847253159787052e-01 8.800180858000830053e-01 1.011499415019271986e+00 3.446094041601558966e-01 5.237845429303086275e-01 7.790970224329937244e-01 2.921318095406415516e-01 5.939125100943315472e-01 6.371606588706761887e-01 2.497289871670865247e-01 1.174649605415315934e+00 5.557416053514160348e-01 1.088905153308513674e+00 7.366957399484862501e-01 1.006290036261970666e+00 9.944329962860063432e-01 8.123143516532034258e-01 1.983796702484189045e-01 1.159459701148409350e+00 3.751135964351688945e-01 4.151186827139166091e-01 7.002468401386402475e-01 5.139423260986692998e-01 8.775429449064319209e-01 4.555177233189579566e-01 1.657673361394834122e-01 6.171011665903198828e-01 1.237406548966816677e+00 6.816013247327988855e-01 8.427047466853285762e-01 1.557957939455473784e-01 7.050721672886747227e-01 6.720596282213568973e-01 1.087524387384599223e+00 5.137050857065547094e-01 5.819870418533681367e-01 9.591051940699831801e-01 9.274868571059983191e-01 1.605908340754203800e-01 8.873908927015823345e-01 3.272717007700385317e-01 7.599425499331503575e-01
6.670463617104437359e-01 1.233594830975795809e+00 1.131181288886048408e+00 1.256644720697210227e+00 0.000000000000000000e+00 8.926329629713983804e-01 7.006738036381373602e-01 1.077916276595536793e+00 8.468396886297203663e-01 3.897665053404037461e-01 6.333125240713464166e-01 1.000195791071681661e+00 8.632760067641417345e-01 7.419088882147254482e-01 1.210417323402972256e+00 9.563654048551480935e-01 6.278126074472064611e-01 1.073133367921250247e+00 8.515571376078424626e-01 8.907278350405795075e-01 2.156318899144223367e-01 6.495818635590663304e-01 6.608861344534818771e-01 4.653444069237936409e-01 5.398213226943305854e-01 1.139481670614699071e+00 7.297742851339451553e-01 8.898596698827138107e-01 1.034693754035432400e+00 9.841863236046198837e-01 8.654945410034512454e-01 5.654964153292456608e-01 8.227308373731342384e-01 1.221289381582708611e+00 7.742359652720066654e-01 9.132143004836431599e-01 5.776314511603336532e-01 8.007523165193316528e-01 1.106437541342766062e+00 7.433708263843105124e-01 1.087238527737145466e+00 7.662203226898546271e-01 7.555580934422937434e-01 6.898670428066818738e-01 3.298099090473926576e-01 4.873281757295993555e-01 1.253107813024512796e+00 6.519117720491925949e-01 9.410708285406451656e-01 5.107077918178227760e-01
6.602377443721655359e-01 1.270452860993981581e+00 1.208240255504971383e+00 1.311040633979739134e+00 8.926329629713983804e-01 0.000000000000000000e+00 7.014344211474715651e-01 1.058441300246201422e+00 9.697714133758508215e-01 6.230078870836405214e-01 3.460255161149061176e-01 1.027408818148890512e+00 9.456942287362426480e-01 6.682645478366801006e-01 1.264813236685501163e+00 9.883481232516388992e-01 7.422235077394733205e-01 1.196065092667381036e+00 8.320821612585069804e-01 8.535649749002880426e-01 7.057610758856428523e-01 7.759460462426590599e-01 5.280817975201097525e-01 5.283854471229637584e-01 5.034363413769573636e-01 1.193877583897228423e+00 1.939022622824671249e-01 9.976476172180914759e-01 1.044923791325196305e+00 1.063309522937810891e+00 8.658361142065404970e-01 7.141425719026713859e-01 8.699507111097227741e-01 1.275685294865237296e+00 8.252745733408041184e-01 8.954739230256291149e-01 6.419590147970150040e-01 6.997482301638610069e-01 1.160833454625294969e+00 6.921636592041928715e-01 1.124096557755331016e+00 7.484799452318409152e-01 8.784898181884243096e-01 7.726255227790662650e-01 5.682956400046507150e-01 4.053047872417990805e-01 1.307503726307041481e+00 5.558910678055631882e-01 1.064002553286775399e+00 6.338456121929574305e-01
5.696451866828889932e-01 5.695595189932386448e-01 5.517259117083112008e-01 6.329555888680566955e-01 7.006738036381373602e-01 7.014344211474715651e-01 0.000000000000000000e+00 9.775963269549992063e-01 4.512656586933125880e-01 3.739212279743925893e-01 3.968398699717058387e-01 3.455683455568472895e-01 3.001157976419394080e-01 2.935545485067341254e-01 5.867281915738183917e-01 2.879704550357722326e-01 2.632844297503730280e-01 5.454056064257936098e-01 7.512371879673049868e-01 2.288579515916831508e-01 5.244919816130707568e-01 4.546966612617841519e-01 4.030002532085495415e-01 4.173791254987884725e-01 1.979980797705142292e-01 5.157925387855458732e-01 5.559457974366844857e-01 3.780665200639207191e-01 4.455619954323029042e-01 4.115836905912045873e-01 1.828909404092834423e-01 4.740421477074059364e-01 1.872877997734750666e-01 5.976002497535549685e-01 3.309993434289249525e-01 8.135003329831628216e-01 1.610833263345906319e-01 4.295539055895590264e-01 4.827484095136125308e-01 1.460726196216772521e-01 4.278689020845053426e-01 6.665063551893746219e-01 3.277898324069343228e-01 1.544421320213328064e-01 3.905414554046273690e-01 3.367044270890449109e-01 6.294186811953592642e-01 2.935094691568356784e-01 4.722379376401355522e-01 3.142267217784317501e-01
4.658004624904544255e-01 1.524664720152805186e+00 1.423223100687914799e+00 1.404832804901067655e+00 1.077916276595536793e+00 1.058441300246201422e+00 9.775963269549992063e-01 0.000000000000000000e+00 9.524651453170013271e-01 8.074718643641968230e-01 7.547397430522211348e-01 1.152866761976681254e+00 1.129974487827082319e+00 7.262895977302737949e-01 1.419941337153607819e+00 1.247950593695510202e+00 8.670682103155256115e-01 1.188672364160342054e+00 2.409682252643235711e-01 9.503398901337418714e-01 8.786742531006811463e-01 6.725857485936013180e-01 6.086261546844496939e-01 6.125718696717433742e-01 7.937442282211644162e-01 1.290129628475735535e+00 8.799941907430222088e-01 1.088900405532744475e+00 1.066456797653762445e+00 1.269568631679325099e+00 1.082955498977007158e+00 6.203296898609517163e-01 1.119722558942476187e+00 1.422538498196992185e+00 7.929041907300767855e-01 1.763352621572416845e-01 8.830221424607772596e-01 5.848012063509647751e-01 1.281939044728092947e+00 8.602007185285696078e-01 1.384230249306487526e+00 3.195574153330731915e-01 9.450106388086957354e-01 1.005520907396329156e+00 7.481063675481443020e-01 6.809943699922881288e-01 1.419238822565624725e+00 7.085595063254921389e-01 1.079035813201904226e+00 7.604568534287485804e-01
4.886480235076980927e-01 7.907360796955216209e-01 6.618989613444854481e-01 4.611847253159787052e-01 8.468396886297203663e-01 9.697714133758508215e-01 4.512656586933125880e-01 9.524651453170013271e-01 0.000000000000000000e+00 4.608262740981749483e-01 6.608696712302735143e-01 3.397222889256583667e-01 3.545663139887813009e-01 3.273382054068795233e-01 4.936764306892132415e-01 5.552782583244938452e-01 2.709041320684675291e-01 2.425450589532084367e-01 7.221621685822838810e-01 2.392455433362447037e-01 6.871202207989708377e-01 2.903968124444192833e-01 5.538025994289387244e-01 5.716045912872852464e-01 5.191219030089906372e-01 4.364682682892109256e-01 8.149367856006448640e-01 1.994749588533954454e-01 1.960909216596088411e-01 5.162948279381105454e-01 4.001440151407169021e-01 4.336034216297589006e-01 4.009642975763091921e-01 4.880669343059953480e-01 1.646137297572877745e-01 7.850388893827511261e-01 4.215258105662099131e-01 3.902173098522965788e-01 3.427138490627738565e-01 3.649039164053243800e-01 6.456564027368660863e-01 6.351567278005337824e-01 1.405749982408321108e-01 3.136468252096420439e-01 5.705727596385804512e-01 5.768673097800441907e-01 5.296477739970393284e-01 4.555081685807183534e-01 1.367908239939325254e-01 3.407507382312421895e-01
3.687109718687230364e-01 8.841756954829508297e-01 7.683763214479912840e-01 8.800180858000830053e-01 3.897665053404037461e-01 6.230078870836405214e-01 3.739212279743925893e-01 8.074718643641968230e-01 4.608262740981749483e-01 0.000000000000000000e+00 3.463764044480735493e-01 6.395122831028757782e-01 4.946988588992747293e-01 4.246879286246098006e-01 8.497338154341659289e-01 6.069462693623030036e-01 2.502693084262413992e-01 6.871199533897049960e-01 5.811127253765027145e-01 5.684671971805044244e-01 2.296382555026338645e-01 2.605357188102262467e-01 4.048009627508024622e-01 2.037400091621347498e-01 2.226003631042151598e-01 7.787981626458935214e-01 4.601492092461873518e-01 5.049044893649141663e-01 6.466668672639142024e-01 6.174366034663172353e-01 5.383211571530288619e-01 2.181701553429566676e-01 4.635166498124364542e-01 8.606058736139027276e-01 3.862090785004885229e-01 6.427698882523026347e-01 2.255399138591544506e-01 4.267757535603118879e-01 7.350330338042568856e-01 4.211101885242353182e-01 7.378193922443003760e-01 4.957759104585146570e-01 3.695446789107484920e-01 3.291835348378759907e-01 1.430432665978606521e-01 2.177030998418414409e-01 8.924243050557069123e-01 3.357266710079293004e-01 5.550574140090995812e-01 1.246943772862774136e-01
3.577129963375489941e-01 9.662015829830927771e-01 9.139165872819688952e-01 1.011499415019271986e+00 6.333125240713464166e-01 3.460255161149061176e-01 3.968398699717058387e-01 7.547397430522211348e-01 6.608696712302735143e-01 3.463764044480735493e-01 0.000000000000000000e+00 7.160242840569654987e-01 6.513705605132399379e-01 3.426304067208351678e-01 9.652720177250337930e-01 6.840968452407503175e-01 4.560760082425278639e-01 8.765655929863465090e-01 5.283806040645270263e-01 5.334514962386366355e-01 4.473343387324557052e-01 4.897985467457137143e-01 2.055990949133902068e-01 2.536464124849621693e-01 1.991850633660686432e-01 8.885544657994405293e-01 1.943581330327166790e-01 7.115001177211458527e-01 7.200224356052549179e-01 7.689858547148084034e-01 5.554839461114603472e-01 4.311631824637290333e-01 5.658316259246903845e-01 9.761440759047702587e-01 5.003732176208629534e-01 5.917723658316488278e-01 3.485253575556361283e-01 3.537767136368346610e-01 8.612922356648279321e-01 3.715840398381048404e-01 8.198452797444423235e-01 4.447783880378606280e-01 5.923423186914789085e-01 4.841904383370476128e-01 3.098689028514634569e-01 1.468780500886119333e-01 1.007962507346574554e+00 2.223939496123561732e-01 7.778550537898303308e-01 3.476981126960119739e-01
7.130593525306635483e-01 5.047851047314975137e-01 5.882888292859816959e-01 3.446094041601558966e-01 1.000195791071681661e+00 1.027408818148890512e+00 3.455683455568472895e-01 1.152866761976681254e+00 3.397222889256583667e-01 6.395122831028757782e-01 7.160242840569654987e-01 0.000000000000000000e+00 3.031692028938361982e-01 4.485387746128381981e-01 2.925944715455630618e-01 2.838029760005469360e-01 4.335952583387461257e-01 2.416699114504604340e-01 9.241210450796778497e-01 2.201533113666343522e-01 8.324562236829856632e-01 5.641510515706363860e-01 6.718951495584574163e-01 7.379840666604779997e-01 5.273670505456471425e-01 1.958834694342115601e-01 8.837011094756320739e-01 1.897365790983356060e-01 1.932205468401980430e-01 4.540608465370356006e-01 1.794964927553567569e-01 7.056575184614908292e-01 1.900441371809207802e-01 3.019027104320397004e-01 3.865225380099966412e-01 9.932257833964676097e-01 4.251523951072704310e-01 5.680655556257162564e-01 1.937572111652147433e-01 3.639504468609745524e-01 3.599171439026831454e-01 8.507351000575466005e-01 3.335645117716309893e-01 3.255381122278396822e-01 7.026562644444550587e-01 6.687720215997950968e-01 3.119126532771080984e-01 5.462691722738821642e-01 2.139204027794968099e-01 5.604093921100715692e-01
6.785685994577285163e-01 6.033998453360149838e-01 3.158426410079260283e-01 5.237845429303086275e-01 8.632760067641417345e-01 9.456942287362426480e-01 3.001157976419394080e-01 1.129974487827082319e+00 3.545663139887813009e-01 4.946988588992747293e-01 6.513705605132399379e-01 3.031692028938361982e-01 0.000000000000000000e+00 5.839035746756474632e-01 4.816537216628999363e-01 3.374732540036932682e-01 2.654520967087249383e-01 4.168421671951844654e-01 9.036153488393876554e-01 4.347392459636220674e-01 6.990720576411525444e-01 4.722672076956827558e-01 6.696633771915734279e-01 6.076842778114572852e-01 4.521854971471713780e-01 4.192540953754968491e-01 7.939306801585361839e-01 1.954173042095323221e-01 4.807356274631121584e-01 1.847691239049659151e-01 3.156995216222704959e-01 5.404156430754034623e-01 1.700625887589757024e-01 4.925257798426364575e-01 4.237887730684098964e-01 9.648894500487915638e-01 3.053364892377651296e-01 6.284767234454214924e-01 3.751699946430964716e-01 4.445679240546268063e-01 4.570435420973645302e-01 8.178954722550033640e-01 2.198960666295183553e-01 1.781751232966996557e-01 5.717431403137459567e-01 5.561501365175469669e-01 5.299604734866162348e-01 5.753517673782437836e-01 3.231573542663130350e-01 3.925502873184516517e-01
2.972331655541758932e-01 8.117154771750969555e-01 8.355136887420194780e-01 7.790970224329937244e-01 7.419088882147254482e-01 6.682645478366801006e-01 2.935545485067341254e-01 7.262895977302737949e-01 3.273382054068795233e-01 4.246879286246098006e-01 3.426304067208351678e-01 4.485387746128381981e-01 5.839035746756474632e-01 0.000000000000000000e+00 7.255617556438999083e-01 5.383110539453884735e-01 3.554708555576242546e-01 5.446367926588520092e-01 4.975438808332705576e-01 2.283854632462038181e-01 5.657270661896588448e-01 2.226993687193117299e-01 2.427998049293219329e-01 4.356145922853483787e-01 2.020875655203947519e-01 5.914305303966839178e-01 5.265331479008424909e-01 5.060428186630482328e-01 3.935040585868709861e-01 6.953714676249126425e-01 3.693093295253349617e-01 3.514522041423525645e-01 4.779099888840028232e-01 7.335583819173830955e-01 1.633497310186916018e-01 5.666486191500609282e-01 3.235089662182306092e-01 1.486872404900513589e-01 6.332748756026784775e-01 1.505611787784486566e-01 6.707221618369643146e-01 4.241579358111394749e-01 3.707613004320255423e-01 4.382299090550409448e-01 4.317765399812154570e-01 3.280570457158086262e-01 7.205397244865729967e-01 1.297773412655842118e-01 4.554317409178653131e-01 3.343701142506216306e-01
9.622027027357139550e-01 7.695652658353048237e-01 7.784446530707260781e-01 2.921318095406415516e-01 1.210417323402972256e+00 1.264813236685501163e+00 5.867281915738183917e-01 1.419941337153607819e+00 4.936764306892132415e-01 8.497338154341659289e-01 9.652720177250337930e-01 2.925944715455630618e-01 4.816537216628999363e-01 7.255617556438999083e-01 0.000000000000000000e+00 5.476322293075032155e-01 6.071212080860549642e-01 3.379599452959208272e-01 1.193582198165912933e+00 4.971762923976961179e-01 1.042677756014276147e+00 7.518042722010268575e-01 9.542376996824987190e-01 9.482055989917682615e-01 7.660869543589650110e-01 2.230082115408878185e-01 1.113232303854171601e+00 3.632625288456447499e-01 4.148942104403106068e-01 6.581160188712310566e-01 4.663682867539624133e-01 8.791834682087996677e-01 4.092903260247199304e-01 1.712702949606026148e-01 6.486238960956398625e-01 1.252515081219357285e+00 6.353739274385605817e-01 8.450885366567778556e-01 1.885446615352137367e-01 6.530572346740819434e-01 6.244855888766494001e-01 1.102632919637139830e+00 5.070904615189399944e-01 5.357596445591300549e-01 9.128777967757452094e-01 8.812594598117601263e-01 2.783999556477274595e-01 8.330077741453317808e-01 3.568856066952806882e-01 7.373149806453636046e-01
8.216291384951708299e-01 2.844772785709259177e-01 5.992123468250888374e-01 5.939125100943315472e-01 9.563654048551480935e-01 9.883481232516388992e-01 2.879704550357722326e-01 1.247950593695510202e+00 5.552782583244938452e-01 6.069462693623030036e-01 6.840968452407503175e-01 2.838029760005469360e-01 3.374732540036932682e-01 5.383110539453884735e-01 5.476322293075032155e-01 0.000000000000000000e+00 4.436450600907653197e-01 5.113679209532798753e-01 1.019204876798506243e+00 3.459447586447899070e-01 7.860377822705297834e-01 6.520515501487429422e-01 6.770758118738214870e-01 6.902114894624367114e-01 4.849117818746818132e-01 4.651065882777161153e-01 8.417994590308126579e-01 3.724745419852732442e-01 4.770235228407451178e-01 4.641766266683116093e-01 1.772126434506309245e-01 6.961974156507598765e-01 1.679108901263673681e-01 5.582941189223953327e-01 5.434901141833476945e-01 1.088309615115296447e+00 3.883605375365523638e-01 6.815378574018411406e-01 4.437053307398873825e-01 3.886727655210340804e-01 1.443416879971604616e-01 9.422671546588647917e-01 4.147032600836617622e-01 3.082672659783471381e-01 6.562378230319988459e-01 6.175407543658854026e-01 5.787327306875293953e-01 5.589660224780013120e-01 4.406012467380537312e-01 5.344651058642679864e-01
4.196899087261743433e-01 7.170461813506718851e-01 5.624602588423491811e-01 6.371606588706761887e-01 6.278126074472064611e-01 7.422235077394733205e-01 2.632844297503730280e-01 8.670682103155256115e-01 2.709041320684675291e-01 2.502693084262413992e-01 4.560760082425278639e-01 4.335952583387461257e-01 2.654520967087249383e-01 3.554708555576242546e-01 6.071212080860549642e-01 4.436450600907653197e-01 0.000000000000000000e+00 4.652364681597186413e-01 6.407090713278315031e-01 4.103927867746332003e-01 4.698814663557735471e-01 2.162643400002836613e-01 4.945232223853223141e-01 3.775179628086748895e-01 2.891533657068889873e-01 5.447215817986521547e-01 5.873888799642672520e-01 2.620470624355072942e-01 4.615362285300851908e-01 4.088057898337598139e-01 3.905968410842511340e-01 2.774657578229972610e-01 2.893310993425806110e-01 6.179932662657916520e-01 2.264329001407348052e-01 7.019831725372353004e-01 1.698816027532697726e-01 3.887227778561107017e-01 4.921756068748502355e-01 3.618728701998076835e-01 5.706898781120214315e-01 5.549891947434469897e-01 1.452658347717215026e-01 1.512775050751360983e-01 3.449900436422511651e-01 3.493194041436668007e-01 6.554279599097716513e-01 4.170619773270674013e-01 3.331739287791132265e-01 1.301937725593086959e-01
7.266626081824896222e-01 7.376794569680368285e-01 7.136330986030109402e-01 2.497289871670865247e-01 1.073133367921250247e+00 1.196065092667381036e+00 5.454056064257936098e-01 1.188672364160342054e+00 2.425450589532084367e-01 6.871199533897049960e-01 8.765655929863465090e-01 2.416699114504604340e-01 4.168421671951844654e-01 5.446367926588520092e-01 3.379599452959208272e-01 5.113679209532798753e-01 4.652364681597186413e-01 0.000000000000000000e+00 9.582509855131815524e-01 3.738495863214645332e-01 9.134139000905010519e-01 5.302829993557997001e-01 7.780560423872905362e-01 8.114907781986657742e-01 7.247643692109403402e-01 2.052999378312870271e-01 1.041230464892175078e+00 2.322151784195480573e-01 1.875004883429129965e-01 5.933044644035158077e-01 4.129224763167935186e-01 6.734896085411393729e-01 3.679677408766946489e-01 3.003943909434558246e-01 3.959390307473665827e-01 1.024179105886508179e+00 5.932560976787695228e-01 6.247469247947458060e-01 1.586671455483837367e-01 5.422251011268017784e-01 5.925997800093816270e-01 8.731814631565303353e-01 3.199706333879971942e-01 4.811669932857794985e-01 7.968664389301105544e-01 8.031609890715744049e-01 2.897688046027488418e-01 6.712040903367915146e-01 1.320625393806053594e-01 5.670444175227722372e-01
2.394413235027601228e-01 1.295919003255801005e+00 1.196863961700219248e+00 1.174649605415315934e+00 8.515571376078424626e-01 8.320821612585069804e-01 7.512371879673049868e-01 2.409682252643235711e-01 7.221621685822838810e-01 5.811127253765027145e-01 5.283806040645270263e-01 9.241210450796778497e-01 9.036153488393876554e-01 4.975438808332705576e-01 1.193582198165912933e+00 1.019204876798506243e+00 6.407090713278315031e-01 9.582509855131815524e-01 0.000000000000000000e+00 7.215941732367388006e-01 6.523151141129870378e-01 4.462266096059070430e-01 3.822670156967553079e-01 3.862127306840489882e-01 5.673850892334700857e-01 1.061383911578731798e+00 6.536350517553281003e-01 8.625412665450500338e-01 8.360354190066014990e-01 1.043209492691630658e+00 8.542097820800037544e-01 3.939705508732573858e-01 8.933634199547816346e-01 1.196179359209297521e+00 5.624828120829161726e-01 1.609614946944470937e-01 6.566630034730832621e-01 3.560554894539614823e-01 1.055579905740398061e+00 6.314550016315665371e-01 1.157871110318792640e+00 1.437608067101663889e-01 7.186514998210012939e-01 7.791617684086350470e-01 5.217472285604498605e-01 4.546352310045939094e-01 1.190493105668620988e+00 4.802587837505373214e-01 8.502557040932696708e-01 5.340977144410542499e-01
5.140275359650052778e-01 6.106607699331626504e-01 6.786216540591275548e-01 5.557416053514160348e-01 8.907278350405795075e-01 8.535649749002880426e-01 2.288579515916831508e-01 9.503398901337418714e-01 2.392455433362447037e-01 5.684671971805044244e-01 5.334514962386366355e-01 2.201533113666343522e-01 4.347392459636220674e-01 2.283854632462038181e-01 4.971762923976961179e-01 3.459447586447899070e-01 4.103927867746332003e-01 3.738495863214645332e-01 7.215941732367388006e-01 0.000000000000000000e+00 7.145460130155130152e-01 3.819480685518634178e-01 4.570614072848026566e-01 6.031173571819992141e-01 3.695903304170456427e-01 3.661300133079168906e-01 7.104283205867980566e-01 4.037355748063268246e-01 2.259234027414323553e-01 5.384794329420210524e-01 1.687321151941589825e-01 5.356621546763365993e-01 3.108318446177018024e-01 5.051729186711793052e-01 2.058252734514122717e-01 7.906989115535288937e-01 3.766594026874192647e-01 3.655386837827773183e-01 4.048894123564747427e-01 1.732280713255425764e-01 4.696674545950303981e-01 6.482082282146075514e-01 3.362826636577479489e-01 3.417582273159492368e-01 5.805954868070697383e-01 5.030151447121381514e-01 4.936591055228859992e-01 3.358314817476356073e-01 3.388450342902170620e-01 4.608768827525299150e-01
4.678043382155879226e-01 1.063267208391176943e+00 9.658669043524459319e-01 1.088905153308513674e+00 2.156318899144223367e-01 7.057610758856428523e-01 5.244919816130707568e-01 8.786742531006811463e-01 6.871202207989708377e-01 2.296382555026338645e-01 4.473343387324557052e-01 8.324562236829856632e-01 6.990720576411525444e-01 5.657270661896588448e-01 1.042677756014276147e+00 7.860377822705297834e-01 4.698814663557735471e-01 9.134139000905010519e-01 6.523151141129870378e-01 7.145460130155130152e-01 0.000000000000000000e+00 4.811482100246518567e-01 4.634028501731089489e-01 2.661023834289379386e-01 3.636395006692639820e-01 9.717421032260034064e-01 5.429023980481898493e-01 7.311984360657100002e-01 8.721293983864193411e-01 8.199823744816304716e-01 6.893127189783847530e-01 3.678988641044530494e-01 6.524032147885159283e-01 1.053549814194012058e+00 6.116716096229937172e-01 7.139722769887874021e-01 4.073038285757151766e-01 6.023098261657781061e-01 9.386979739540700640e-01 5.671890043592440200e-01 9.169109051525269338e-01 5.669782991949989803e-01 5.958386256115445478e-01 5.245526582730790643e-01 1.377320191582417919e-01 3.004562886438438274e-01 1.085368245635816242e+00 4.757299500241259915e-01 7.813513607098956371e-01 3.509883239870735250e-01
2.149948550534608593e-01 9.254526714086497297e-01 7.699490242294771969e-01 7.366957399484862501e-01 6.495818635590663304e-01 7.759460462426590599e-01 4.546966612617841519e-01 6.725857485936013180e-01 2.903968124444192833e-01 2.605357188102262467e-01 4.897985467457137143e-01 5.641510515706363860e-01 4.722672076956827558e-01 2.226993687193117299e-01 7.518042722010268575e-01 6.520515501487429422e-01 2.162643400002836613e-01 5.302829993557997001e-01 4.462266096059070430e-01 3.819480685518634178e-01 4.811482100246518567e-01 0.000000000000000000e+00 3.547926216260926524e-01 3.373210562940487378e-01 3.344468548968069221e-01 6.851349383979391527e-01 6.211114184674532135e-01 4.174905619842817495e-01 4.465628664771313372e-01 6.162945552208878297e-01 5.399606214888132971e-01 1.681254573242621231e-01 4.977375894005582890e-01 7.544014332444108906e-01 1.780347817209132766e-01 5.051594926593511170e-01 3.092060117514443540e-01 1.775607892050010128e-01 6.138019797755119855e-01 3.561117353294688259e-01 7.790963681699992760e-01 3.552773310771336623e-01 2.756650492055186530e-01 3.648151108112830387e-01 3.726674778176522485e-01 3.830419426468526511e-01 8.056025918449436496e-01 3.059209986744897414e-01 4.108987482493233201e-01 1.441106390327774878e-01
2.137100780940939804e-01 9.568443537766253559e-01 9.322094039603023852e-01 1.006290036261970666e+00 6.608861344534818771e-01 5.280817975201097525e-01 4.030002532085495415e-01 6.086261546844496939e-01 5.538025994289387244e-01 4.048009627508024622e-01 2.055990949133902068e-01 6.718951495584574163e-01 6.696633771915734279e-01 2.427998049293219329e-01 9.542376996824987190e-01 6.770758118738214870e-01 4.945232223853223141e-01 7.780560423872905362e-01 3.822670156967553079e-01 4.570614072848026566e-01 4.634028501731089489e-01 3.547926216260926524e-01 0.000000000000000000e+00 2.116887079759895429e-01 2.174778800444021609e-01 8.231914205927195471e-01 3.585855576191656624e-01 7.289761893484663080e-01 6.347100411734927228e-01 7.872786713931418934e-01 5.281319434188233020e-01 3.015232437112450037e-01 5.788489656383130066e-01 9.622343259559819062e-01 3.898141250407507474e-01 4.472251897034915658e-01 3.724774513895541261e-01 1.835649157258800457e-01 8.619508196412772882e-01 3.141125412631264324e-01 8.176390309143575230e-01 3.018574958811821585e-01 5.936946711174434510e-01 5.036348390480113180e-01 3.310762254060892751e-01 2.217735541313297365e-01 9.507205128076887668e-01 1.330552919645897059e-01 6.818961349399245142e-01 3.861453268388063687e-01
2.017019547866501228e-01 9.674409155830840934e-01 8.743959156796234922e-01 9.944329962860063432e-01 4.653444069237936409e-01 5.283854471229637584e-01 4.173791254987884725e-01 6.125718696717433742e-01 5.716045912872852464e-01 2.037400091621347498e-01 2.536464124849621693e-01 7.379840666604779997e-01 6.076842778114572852e-01 4.356145922853483787e-01 9.482055989917682615e-01 6.902114894624367114e-01 3.775179628086748895e-01 8.114907781986657742e-01 3.862127306840489882e-01 6.031173571819992141e-01 2.661023834289379386e-01 3.373210562940487378e-01 2.116887079759895429e-01 0.000000000000000000e+00 2.335270267649536546e-01 8.772699462034956319e-01 3.588834234686059665e-01 6.321531437473475457e-01 7.524750834717065517e-01 7.285945946519351013e-01 5.821998628641025242e-01 1.857571247797071279e-01 5.565769219804229673e-01 9.590776571715047272e-01 4.918002448496102685e-01 4.478698935598494635e-01 3.128316715532074022e-01 3.362074427368401675e-01 8.442258169315624006e-01 4.417436354605326354e-01 8.210846123444339728e-01 3.008759157660611527e-01 4.967933332931818713e-01 4.330816696002566246e-01 1.355344978764009278e-01 1.345802466405234543e-01 9.908960886133089119e-01 3.350498141797267904e-01 6.823060683915332936e-01 2.473241902493661937e-01
3.901503436482515741e-01 7.670165196170243282e-01 7.147315239159002243e-01 8.123143516532034258e-01 5.398213226943305854e-01 5.034363413769573636e-01 1.979980797705142292e-01 7.937442282211644162e-01 5.191219030089906372e-01 2.226003631042151598e-01 1.991850633660686432e-01 5.273670505456471425e-01 4.521854971471713780e-01 2.020875655203947519e-01 7.660869543589650110e-01 4.849117818746818132e-01 2.891533657068889873e-01 7.247643692109403402e-01 5.673850892334700857e-01 3.695903304170456427e-01 3.636395006692639820e-01 3.344468548968069221e-01 2.174778800444021609e-01 2.335270267649536546e-01 0.000000000000000000e+00 6.951513015706923815e-01 3.579477176661703397e-01 5.234709019418747333e-01 5.781815243707971730e-01 5.698007913487398435e-01 3.628188171358283642e-01 3.422443238690058287e-01 3.666465625586217136e-01 7.769590125387013657e-01 3.586254493995801318e-01 6.296482342493275874e-01 1.556465378730070570e-01 3.017204196347560985e-01 6.621071722987591501e-01 2.082166086955790085e-01 6.206602163783738746e-01 4.826542564555394987e-01 4.310839632109206843e-01 2.861569590036091015e-01 2.296889744608206496e-01 1.425821105582285309e-01 8.087774439805058835e-01 1.400166349861473314e-01 6.140473285527076053e-01 1.935884695807024436e-01
8.432573441323985008e-01 6.864282960295162717e-01 7.160450267833232685e-01 1.983796702484189045e-01 1.139481670614699071e+00 1.193877583897228423e+00 5.157925387855458732e-01 1.290129628475735535e+00 4.364682682892109256e-01 7.787981626458935214e-01 8.885544657994405293e-01 1.958834694342115601e-01 4.192540953754968491e-01 5.914305303966839178e-01 2.230082115408878185e-01 4.651065882777161153e-01 5.447215817986521547e-01 2.052999378312870271e-01 1.061383911578731798e+00 3.661300133079168906e-01 9.717421032260034064e-01 6.851349383979391527e-01 8.231914205927195471e-01 8.772699462034956319e-01 6.951513015706923815e-01 0.000000000000000000e+00 1.042296651065899304e+00 3.008629025582415517e-01 2.516103742634034912e-01 5.933467260800532328e-01 3.743679468129256782e-01 8.167838419213968582e-01 3.378716042249779727e-01 1.824211442365059332e-01 5.144083923234892275e-01 1.130488649895522002e+00 5.644382746502880632e-01 7.053284221247703156e-01 1.469765850704203014e-01 5.332641146597870696e-01 5.413486190708610701e-01 9.879979665566007707e-01 4.446908352315369628e-01 4.648239917708574809e-01 8.419421439874724689e-01 8.103238070234877188e-01 1.307324094128188008e-01 7.019614950555526089e-01 3.046986106432039154e-01 6.749153543579607950e-01
4.817906348689866558e-01 1.123904196773154895e+00 1.056476706927264253e+00 1.159459701148409350e+00 7.297742851339451553e-01 1.939022622824671249e-01 5.559457974366844857e-01 8.799941907430222088e-01 8.149367856006448640e-01 4.601492092461873518e-01 1.943581330327166790e-01 8.837011094756320739e-01 7.939306801585361839e-01 5.265331479008424909e-01 1.113232303854171601e+00 8.417994590308126579e-01 5.873888799642672520e-01 1.041230464892175078e+00 6.536350517553281003e-01 7.104283205867980566e-01 5.429023980481898493e-01 6.211114184674532135e-01 3.585855576191656624e-01 3.588834234686059665e-01 3.579477176661703397e-01 1.042296651065899304e+00 0.000000000000000000e+00 8.428129894428855184e-01 9.031923913893585842e-01 9.115459743601042053e-01 7.207665348019984819e-01 5.446405482483130944e-01 7.193285664705089122e-01 1.124104362033907512e+00 6.835431734049661756e-01 7.170268135224501238e-01 4.901698675886038692e-01 5.358131358036530845e-01 1.009252521793965851e+00 5.490545988653312559e-01 9.775478935345045528e-01 5.700328357286619241e-01 7.236551904132183521e-01 6.177908950038604186e-01 4.054369621671975454e-01 2.424461094043458553e-01 1.155922793475711918e+00 4.127161747534923153e-01 9.091679255115696634e-01 4.790109844177513065e-01
6.323441117402250899e-01 6.193568128050264132e-01 5.040638110399718874e-01 3.751135964351688945e-01 8.898596698827138107e-01 9.976476172180914759e-01 3.780665200639207191e-01 1.088900405532744475e+00 1.994749588533954454e-01 5.049044893649141663e-01 7.115001177211458527e-01 1.897365790983356060e-01 1.954173042095323221e-01 5.060428186630482328e-01 3.632625288456447499e-01 3.724745419852732442e-01 2.620470624355072942e-01 2.322151784195480573e-01 8.625412665450500338e-01 4.037355748063268246e-01 7.311984360657100002e-01 4.174905619842817495e-01 7.289761893484663080e-01 6.321531437473475457e-01 5.234709019418747333e-01 3.008629025582415517e-01 8.428129894428855184e-01 0.000000000000000000e+00 2.884261087651738276e-01 3.801864281144983204e-01 3.272891573262174947e-01 5.191482234009920926e-01 2.175014742533429579e-01 3.662961408975669020e-01 3.426930876443567975e-01 9.225087493461153754e-01 3.702921452047037709e-01 5.566255459790752091e-01 2.301285444393428581e-01 5.227088937462464058e-01 4.742771358463712117e-01 7.726265877638980317e-01 1.438897667240486844e-01 2.513069244440567784e-01 6.070371060777584038e-01 6.047435136222846230e-01 4.115692806693611039e-01 6.342965593667763136e-01 1.277400500567806851e-01 3.848289534979813520e-01
6.114232197268834046e-01 6.980056515716954735e-01 7.713936198318968041e-01 4.151186827139166091e-01 1.034693754035432400e+00 1.044923791325196305e+00 4.455619954323029042e-01 1.066456797653762445e+00 1.960909216596088411e-01 6.466668672639142024e-01 7.200224356052549179e-01 1.932205468401980430e-01 4.807356274631121584e-01 3.935040585868709861e-01 4.148942104403106068e-01 4.770235228407451178e-01 4.615362285300851908e-01 1.875004883429129965e-01 8.360354190066014990e-01 2.259234027414323553e-01 8.721293983864193411e-01 4.465628664771313372e-01 6.347100411734927228e-01 7.524750834717065517e-01 5.781815243707971730e-01 2.516103742634034912e-01 9.031923913893585842e-01 2.884261087651738276e-01 0.000000000000000000e+00 6.375985147698975952e-01 3.392844304970816238e-01 5.991627322742011375e-01 3.804694214945479325e-01 4.091040725473613082e-01 2.772430474258081867e-01 9.068160405464128493e-01 5.933634465280390735e-01 4.938566662453677814e-01 3.248725539220348457e-01 3.966134824219231247e-01 5.531376907428813272e-01 7.579420747009241177e-01 3.309402826674551767e-01 4.932002995922501465e-01 7.584268250442924852e-01 7.042441475793859151e-01 3.745283382089534818e-01 5.146609329556999235e-01 1.606860587083931424e-01 5.239859622176095133e-01
8.222352789487982205e-01 7.303579504614884366e-01 1.753087772705548275e-01 7.002468401386402475e-01 9.841863236046198837e-01 1.063309522937810891e+00 4.115836905912045873e-01 1.269568631679325099e+00 5.162948279381105454e-01 6.174366034663172353e-01 7.689858547148084034e-01 4.540608465370356006e-01 1.847691239049659151e-01 6.953714676249126425e-01 6.581160188712310566e-01 4.641766266683116093e-01 4.088057898337598139e-01 5.933044644035158077e-01 1.043209492691630658e+00 5.384794329420210524e-01 8.199823744816304716e-01 6.162945552208878297e-01 7.872786713931418934e-01 7.285945946519351013e-01 5.698007913487398435e-01 5.933467260800532328e-01 9.115459743601042053e-01 3.801864281144983204e-01 6.375985147698975952e-01 0.000000000000000000e+00 4.262082047088409098e-01 6.712201252868271739e-01 2.965204690027995471e-01 6.689880770509678554e-01 5.749686241164718714e-01 1.104483593901034233e+00 4.229517834393335396e-01 7.786402578262682228e-01 5.516322918514278140e-01 5.560358170038920411e-01 5.840016472228383160e-01 9.574896161072462553e-01 3.767003358622063036e-01 2.990854401371777493e-01 6.926534571542242169e-01 6.761049326954664540e-01 7.064227706949478547e-01 6.868196603275087408e-01 5.042679406729668745e-01 5.165102626930365703e-01
6.566340437766681193e-01 4.450815976262324503e-01 5.663504258259475233e-01 5.139423260986692998e-01 8.654945410034512454e-01 8.658361142065404970e-01 1.828909404092834423e-01 1.082955498977007158e+00 4.001440151407169021e-01 5.383211571530288619e-01 5.554839461114603472e-01 1.794964927553567569e-01 3.156995216222704959e-01 3.693093295253349617e-01 4.663682867539624133e-01 1.772126434506309245e-01 3.905968410842511340e-01 4.129224763167935186e-01 8.542097820800037544e-01 1.687321151941589825e-01 6.893127189783847530e-01 5.399606214888132971e-01 5.281319434188233020e-01 5.821998628641025242e-01 3.628188171358283642e-01 3.743679468129256782e-01 7.207665348019984819e-01 3.272891573262174947e-01 3.392844304970816238e-01 4.262082047088409098e-01 0.000000000000000000e+00 6.323139986689637615e-01 1.901490699215204472e-01 4.770301763688544194e-01 3.662774707327166590e-01 9.233145203967939585e-01 3.197354253272781111e-01 5.091912135936186301e-01 3.630901331037282853e-01 2.262519627365648933e-01 3.068724433913706529e-01 7.808238370578727272e-01 3.717190939623582491e-01 2.476348333091613618e-01 5.553621927699413652e-01 5.015251644543590182e-01 4.908226552747970151e-01 4.085706881494723386e-01 3.648757525061985252e-01 4.705816888824718713e-01
1.737749972309852453e-01 9.734268417714075916e-01 8.248745942954166521e-01 8.775429449064319209e-01 5.654964153292456608e-01 7.141425719026713859e-01 4.740421477074059364e-01 6.203296898609517163e-01 4.336034216297589006e-01 2.181701553429566676e-01 4.311631824637290333e-01 7.056575184614908292e-01 5.404156430754034623e-01 3.514522041423525645e-01 8.791834682087996677e-01 6.961974156507598765e-01 2.774657578229972610e-01 6.734896085411393729e-01 3.939705508732573858e-01 5.356621546763365993e-01 3.678988641044530494e-01 1.681254573242621231e-01 3.015232437112450037e-01 1.857571247797071279e-01 3.422443238690058287e-01 8.167838419213968582e-01 5.446405482483130944e-01 5.191482234009920926e-01 5.991627322742011375e-01 6.712201252868271739e-01 6.323139986689637615e-01 0.000000000000000000e+00 5.512274212990849742e-01 8.821437476326201566e-01 3.325838126203900513e-01 4.552446520826612386e-01 3.285514981970662496e-01 2.449970372060285284e-01 7.415442941637210295e-01 5.020133829208012211e-01 8.270705385327571380e-01 3.082506742888729834e-01 3.752584566769435193e-01 4.134296978520563548e-01 2.507143190779968500e-01 3.203373714202306100e-01 9.274902200325164658e-01 4.113017778243669431e-01 5.517459532072690465e-01 1.617323097864918346e-01
