0.000000000000000000e+00 1.483896265150249194e+00 1.441586433495488206e+00 9.411262658569438111e-01 1.198814945535507936e+00 8.829381293903245664e-01 6.411732454525117531e-01 6.687114860629415070e-01 1.060025084805467310e+00 1.030633427353065290e+00 3.721869671670526292e-01 5.379392780235706661e-01 6.532667228235498058e-01 4.252091431117626108e-01 7.005450695229400448e-01 7.608444308440667214e-01 2.772282305212580567e-01 9.426771987857086588e-01 8.947111592755722098e-01 1.270925233203483273e+00 2.389350592132232498e-01 1.235092046771564700e+00 5.212630223971619348e-01 4.366381967206804937e-01 5.865134853780025193e-01 9.556963962915231425e-01 6.416005828153625856e-01 2.506438857378638363e-01 7.045291712718121380e-01 4.458033147571057175e-01 6.131638485855488430e-01 7.952347820529322986e-01 1.844875013558846533e-01 1.037395151104268942e+00 7.962859766279940521e-01 4.579210965626122620e-01 5.082601953326625344e-01 7.436283110603045809e-01 1.609899942419271424e-01 8.757891598378040321e-01 7.941961406800258638e-01 1.058583166496269268e+00 1.564621086689960694e-01 9.400920342837818522e-01 7.553327627793260390e-01 1.145355924187252628e+00 5.692207427611412074e-01 2.859726092436449818e-01 1.388732915270026735e+00 5.141518625328981296e-01 3.219266610767858583e-01 8.691642514632215155e-01 1.116565668843848114e+00 4.831852628540166950e-01 9.956100697821037571e-01 1.343673500961870992e+00 7.183481519733101450e-01 5.637804151892220617e-01 1.299760135783609716e-01 5.370760530615498185e-01 9.622591830497597698e-01 7.835430985889710875e-01 2.392006660687702180e-01 5.620841709449314605e-01 8.303137585768721740e-01 8.161925957688412891e-01 1.106212215842850427e-01 5.804124373055227215e-01 3.806689622076506185e-01 3.538679389716005708e-01 7.273959593327909978e-01 1.026354758461647032e+00 6.397051728297631357e-01 9.438779851507856922e-01 9.264654208855654938e-01 6.035832094966937511e-01 5.420869172462784435e-01 2.560155521737703666e-01 8.952182581621358493e-01 6.414486433997854675e-01 4.146126664175041610e-01 5.253275298693025341e-01 1.040936484428474307e+00 4.450813560015985937e-01 4.743330471817399641e-01 4.711359654342307524e-01 9.845086952422811566e-02 6.311691704987514306e-01 7.996873074308670226e-01 3.508387309877695759e-01 1.476055194048432606e-01 1.145814325024035352e+00 7.020719840555629254e-01 6.570089957828343374e-01 6.225153296519612134e-01 1.396323787681484241e+00 8.303455066002914942e-01 7.032638861259615792e-01 5.817268799330136408e-01 8.535033403246021777e-01
1.483896265150249194e+00 0.000000000000000000e+00 1.318309522831868419e+00 1.532054891612413705e+00 9.017874563268484245e-01 1.554914416813937272e+00 8.822443590524212675e-01 1.061836252271191050e+00 4.562594488340714904e-01 9.017938051727324433e-01 1.233362459004521794e+00 1.224974655577164340e+00 1.217734190681935447e+00 1.071026470199480274e+00 9.347899056428109477e-01 7.682551356154373456e-01 1.564391731937816887e+00 7.884764432305949589e-01 6.839653287436434637e-01 2.353024524719305732e-01 1.332385402185320311e+00 1.111815136107945134e+00 1.157348576481820768e+00 1.068054828588022920e+00 1.023516934293868808e+00 6.467473907456752213e-01 8.422956823348873856e-01 1.253832624196788759e+00 1.375912002875577134e+00 1.163786965161247799e+00 9.645648240237471027e-01 8.982018342851300075e-01 1.492667522999373775e+00 7.999128572388546354e-01 1.385253833055626549e+00 1.075550729464455957e+00 1.165133842699322964e+00 8.780591245542354040e-01 1.564448902905128280e+00 8.275133662894670339e-01 9.369575013362776428e-01 7.594437116258246911e-01 1.378395841012025169e+00 5.438042308664675639e-01 7.491437471553262784e-01 3.385403409629966776e-01 9.442089338231401952e-01 1.202745208197116611e+00 1.377508203841315837e-01 1.112036064117643219e+00 1.271544300158959695e+00 7.768710147213440109e-01 9.932887581802286592e-01 1.146254359731256223e+00 6.501279678173084164e-01 1.220396590298251649e+00 1.021508026369275512e+00 9.445742383980030299e-01 1.385083208657127196e+00 1.086399323851263254e+00 8.463356511485339295e-01 7.660285581370197550e-01 1.444455877872102612e+00 1.125315128620377303e+00 6.589043126359113156e-01 1.484445260700859137e+00 1.593319097775880211e+00 1.054922537860227827e+00 1.157226926509999032e+00 1.166120007626530786e+00 8.762189535260259676e-01 5.562496478263136979e-01 1.236917437403072695e+00 7.490280765185522993e-01 8.501339243123665623e-01 1.262968805384230730e+00 9.839481118777125834e-01 1.283390727177610602e+00 1.485084550047910401e+00 9.259330517052936083e-01 1.239886524853493155e+00 9.599627415406376540e-01 4.451492456246714524e-01 1.129685096716655179e+00 1.068344979751973067e+00 1.136406444140408478e+00 1.492402419443096262e+00 1.004989305979792746e+00 1.475036643504475942e+00 1.181078914614648756e+00 1.479662959261726529e+00 1.020309422488229201e+00 9.679094760655760910e-01 8.509446718944538857e-01 1.110101548528210857e+00 9.176707625353075493e-02 7.998173297900420531e-01 9.870797983940077236e-01 1.158169976649193744e+00 1.443493961657640323e+00
1.441586433495488206e+00 1.318309522831868419e+00 0.000000000000000000e+00 1.431079732503674373e+00 9.143193181315487639e-01 1.546126706963632413e+00 8.430286855305176852e-01 9.481368376900101147e-01 8.873172666743522896e-01 4.382516144906165034e-01 1.083935494941351774e+00 1.215212545294737101e+00 1.118023939331093342e+00 1.148200412392753389e+00 7.414040756769735285e-01 8.888223017761989198e-01 1.468920651437294778e+00 7.328862844253065667e-01 6.493984314935925539e-01 1.100483527686408669e+00 1.267599980203029775e+00 2.297395621318274461e-01 9.501342648867231455e-01 1.035117799301682018e+00 8.730457106250918420e-01 7.979380563625489975e-01 9.289209052866707061e-01 1.217837855726199292e+00 1.367124293025272275e+00 1.102026025331825920e+00 1.060070343923253500e+00 8.660547058351282246e-01 1.464246029414746575e+00 6.098847050797957525e-01 1.285543581704784444e+00 1.088945679351498219e+00 1.066585981547239603e+00 7.190761739689910392e-01 1.466499890489471047e+00 5.777520631876984503e-01 7.312192734664056948e-01 7.821355740500605114e-01 1.286318304952652758e+00 7.745052919654011880e-01 7.976029742508093934e-01 9.797691818688719634e-01 9.638018805983336046e-01 1.256425479789466948e+00 1.223146172951646182e+00 1.102273953835215536e+00 1.142897282465235254e+00 8.544132977976141019e-01 3.250207646516405369e-01 9.588426709283947025e-01 6.900514976502830633e-01 1.233969231213989659e-01 8.398151323252684985e-01 1.044953440676641865e+00 1.369631471146722124e+00 9.866890725004205942e-01 4.898784052100955688e-01 7.122216940635990312e-01 1.354912934482144227e+00 1.001674607002822626e+00 7.764701230807007359e-01 1.474683150418431454e+00 1.523231367202255271e+00 8.615367078943910739e-01 1.083506176415823807e+00 1.162457843654972178e+00 9.458382331760115669e-01 7.942240086920530073e-01 1.137207186052229702e+00 5.787705530968529910e-01 6.293137093905013524e-01 1.253206695101803492e+00 9.280166467825152754e-01 1.189568173031265275e+00 1.385374298697068296e+00 8.213711337490744446e-01 1.046500694887656069e+00 1.035742677474219775e+00 8.741626200688035198e-01 1.119922986434227941e+00 1.129671937258072800e+00 1.006040993570391118e+00 1.476149184414290660e+00 8.174280675472006541e-01 1.467506528308372582e+00 1.161086371154646635e+00 1.378639907819913635e+00 3.292157214755748740e-01 9.730777803274686111e-01 8.836010076857662154e-01 9.091585828545135639e-01 1.230737045363103688e+00 6.291738042576118239e-01 7.715623686044121854e-01 1.049363947046642487e+00 1.342518802548900103e+00
9.411262658569438111e-01 1.532054891612413705e+00 1.431079732503674373e+00 0.000000000000000000e+00 1.260077933296150698e+00 1.130450179928983445e+00 6.501570193820703780e-01 9.450969479162785181e-01 1.116968374032550448e+00 1.021254503160497151e+00 6.094345188900351928e-01 7.815774438027393023e-01 3.264993895133955770e-01 8.574085367973039995e-01 7.526683712541714089e-01 9.678438951552138514e-01 9.987255472184749516e-01 1.012701544421599875e+00 8.893360623025244882e-01 1.318208873756247623e+00 8.241737360322500816e-01 1.224585345779750423e+00 7.379325349529853861e-01 5.843114334949098820e-01 5.582602530725149226e-01 1.084402153174791827e+00 8.052118930605269842e-01 7.155459291782150233e-01 9.520412218104711277e-01 8.300681112371617321e-01 1.006481149964864708e+00 1.046903199696178843e+00 9.866601545852580202e-01 1.036140697795897792e+00 1.680253857360537451e-01 7.340824375226561171e-01 4.328660705242812212e-01 7.120035585346834450e-01 9.764374753509058591e-01 8.801988293807936348e-01 8.996400564306421543e-01 1.127894189214662779e+00 7.914400761996147615e-01 9.882506607459470294e-01 7.959964239393501062e-01 1.193514550649417361e+00 6.775822270417108939e-01 7.879276710758966740e-01 1.436891541732191468e+00 7.045716257033461938e-01 7.422787739405248830e-01 1.083602716678983224e+00 1.106058967852033614e+00 6.025526551303633793e-01 1.007892695268269634e+00 1.333166799970057159e+00 8.904283496804648035e-01 8.769073911605611560e-01 8.656226387254774002e-01 4.456555677611512278e-01 9.519787132518778838e-01 7.790484304554770034e-01 8.889302472913526154e-01 8.570425576309597115e-01 9.210919876480873070e-01 1.061256360889899497e+00 1.027468554697980485e+00 6.847682304461740754e-01 5.644798601016216555e-01 6.906781836902875504e-01 1.058226456777570323e+00 1.070552213801012398e+00 3.014210930271807865e-01 9.317745513238403499e-01 9.637901640913908441e-01 8.442222764273050739e-01 5.571270380739891115e-01 6.881753735571205510e-01 1.063413613298765104e-01 6.119072724156174869e-01 6.965998287441588221e-01 7.720498247903159195e-01 1.089095110890638818e+00 6.829873625430058492e-01 9.054273330288462596e-01 5.143999622582264841e-01 9.623946176730591162e-01 6.488349510557144262e-01 1.047199357969526234e+00 8.226005886456091432e-01 8.910652527188732686e-01 1.135307624032220852e+00 1.036386990360087523e+00 7.145488890942114368e-01 8.358105142579235203e-01 1.444482414143649196e+00 8.019059282460626603e-01 8.324128062374513970e-01 3.825358535215779843e-01 8.892403831228019861e-02
1.198814945535507936e+00 9.017874563268484245e-01 9.143193181315487639e-01 1.260077933296150698e+00 0.000000000000000000e+00 1.336001043076689543e+00 6.431296659463242582e-01 5.924071808269378847e-01 4.597851546711209658e-01 4.816032279981536379e-01 8.950820272378884335e-01 1.005086881407794452e+00 9.469205967046974148e-01 7.783163297613671094e-01 5.430766794063653924e-01 4.429794004520758444e-01 1.245619315431342189e+00 2.806442938853577762e-01 3.992486534168214196e-01 6.791870362390485250e-01 1.017578978730756978e+00 6.967596063055294664e-01 7.020584702739041116e-01 8.473244630075512651e-01 7.058739690981440384e-01 2.954984907144506123e-01 6.142466035452559536e-01 9.983730820539842288e-01 1.156998629138329626e+00 7.908158793042656676e-01 5.918736878601059681e-01 4.363184570256877781e-01 1.200076461807878525e+00 3.325494603614083666e-01 1.114440239078388739e+00 8.557077026314690027e-01 8.954826389208435655e-01 5.480743747614676975e-01 1.244456585358890255e+00 4.386939036491646626e-01 4.291253519910405156e-01 1.441718947014758445e-01 1.066859384002069921e+00 4.240201944040488669e-01 5.292559729859557249e-01 5.777527140613295531e-01 7.254206441281380036e-01 9.128423362918629547e-01 8.066531063918881417e-01 8.921482899482726658e-01 9.064020095739236949e-01 3.380693433140448123e-01 5.909387157127145018e-01 7.705415649129664368e-01 2.837768765340350496e-01 8.154815758142853754e-01 5.178254865277504004e-01 6.433550465712987165e-01 1.092492147465631724e+00 8.155857298740246675e-01 4.772377842104643109e-01 5.113883288138222349e-01 1.126527504294135174e+00 6.878983134809631972e-01 4.391053581781759751e-01 1.264557486531488806e+00 1.302951645430501237e+00 6.632093116237829378e-01 9.106738829796131585e-01 9.237948213781050910e-01 4.776415771128637577e-01 3.514512722381237242e-01 9.661038434258339969e-01 3.439309692449749600e-01 3.444631754164588222e-01 1.043081031214860177e+00 7.428848653486117559e-01 9.836066912500281978e-01 1.214270956070673479e+00 6.491765971219697340e-01 8.087088262535618854e-01 7.151842294782297937e-01 4.920982107311465126e-01 9.097973225472850700e-01 7.307044892639149580e-01 8.388692520434433142e-01 1.203354996306354119e+00 6.471742278815592053e-01 1.256248353809474194e+00 8.603466980799778785e-01 1.155338571813961268e+00 6.035852278558042627e-01 5.350117969785846972e-01 6.321563821994515830e-01 6.136583088490992210e-01 8.148498787371541985e-01 4.581720050500884267e-01 5.222601706554517165e-01 8.802461501599427862e-01 1.171517003341377094e+00
8.829381293903245664e-01 1.554914416813937272e+00 1.546126706963632413e+00 1.130450179928983445e+00 1.336001043076689543e+00 0.000000000000000000e+00 7.063381493985779747e-01 9.896100092536839199e-01 1.135685471420981640e+00 1.143017044007504923e+00 7.145763321280038660e-01 3.612216469983079437e-01 8.284339998635100732e-01 6.666724995177059077e-01 9.413385413007276936e-01 9.191860883384650460e-01 9.847223039579205972e-01 1.183836340415993726e+00 9.519971740481560918e-01 1.341943384867172018e+00 7.699690172697805091e-01 1.339632320239709129e+00 9.312016573659444019e-01 5.525940925095362832e-01 7.569961763085162332e-01 1.074067108288651262e+00 7.432222674136047535e-01 6.328422769763174527e-01 1.805113366103902328e-01 7.928283935831689222e-01 8.784655270812706807e-01 1.069665953382984869e+00 9.148051142778526046e-01 1.142478127268896637e+00 9.848311776461029510e-01 5.068823167698228715e-01 7.206633266359049328e-01 8.540839173272336549e-01 9.525144920421954042e-01 1.025558752566534393e+00 1.088310226477197995e+00 1.197918083676469347e+00 7.685215194002243955e-01 1.011110185947470486e+00 8.067450700907348171e-01 1.216374075850941150e+00 6.107054829907988536e-01 6.579010916948829779e-01 1.459751066933715480e+00 4.448131787356376932e-01 7.886680032571812271e-01 1.044990304341046672e+00 1.221105942311992321e+00 8.332342818730256173e-01 1.057960631763489978e+00 1.448213774430014977e+00 1.079135467524113823e+00 7.601784740265573603e-01 7.951792155497565684e-01 6.994165427309053662e-01 1.071009796383694423e+00 8.492355660793385885e-01 8.853580365581524836e-01 9.073834618954575992e-01 9.187814043109916451e-01 1.125075811039352586e-01 9.924548529269852093e-01 8.972705515502745754e-01 6.195997819179431820e-01 5.332153043436407280e-01 9.670341008888738710e-01 1.104809600420242344e+00 8.302840598698001395e-01 1.045669889157548882e+00 1.126530483260613558e+00 2.930614631610342080e-01 6.355260885389322212e-01 6.865749820007490678e-01 1.084248748324478706e+00 7.591590508023958739e-01 8.245513013862865170e-01 6.445456808082770106e-01 1.111954636092162607e+00 4.507363667259477458e-01 7.770332385862024349e-01 7.565750862695848067e-01 8.989513875448026381e-01 8.388449955308739936e-01 9.553698323152322314e-02 7.139518867813304803e-01 8.677285483987940973e-01 1.250354598492179115e+00 9.872646899500374662e-01 7.039697449194851631e-01 9.857075349602385517e-01 1.467341939345172985e+00 9.245375679845465600e-01 1.031001663656148537e+00 7.711871955288363001e-01 1.043934330999443327e+00
6.411732454525117531e-01 8.822443590524212675e-01 8.430286855305176852e-01 6.501570193820703780e-01 6.431296659463242582e-01 7.063381493985779747e-01 0.000000000000000000e+00 5.944729753993948096e-01 4.671578414725571782e-01 4.399190225743897509e-01 3.736428724803628199e-01 3.754239877296816630e-01 3.358363184515916200e-01 3.303334780300934415e-01 3.249208511371693975e-01 3.296590126940537324e-01 7.252990403496148986e-01 4.807383189828780545e-01 2.535379138230602902e-01 6.683983411962546306e-01 5.547415459685063333e-01 6.365342988065937346e-01 4.241211405755662689e-01 2.058897032000956140e-01 1.945646625534092067e-01 4.342451337927220600e-01 1.953681000034733217e-01 3.905293597146478057e-01 5.273357354602171698e-01 5.061622028972325715e-01 4.207283339514026888e-01 5.207324630432338397e-01 6.781247162567328735e-01 4.393801058357812983e-01 5.033559608252828887e-01 2.491571217864427534e-01 2.828894836469020846e-01 1.782194438365881373e-01 6.948403382054559874e-01 3.224607311334185544e-01 4.329507894958022907e-01 5.070603276278852212e-01 5.087872763123529873e-01 3.384401281859531485e-01 1.458394045572796449e-01 5.437040180894241459e-01 1.354862817130828290e-01 4.318350569880339274e-01 7.870810091721978097e-01 2.624853962701600429e-01 4.811342502216983674e-01 4.374526001490478544e-01 5.180079208788771483e-01 2.991516412908629130e-01 3.723238430979026181e-01 7.451157529969005822e-01 5.079608312612146070e-01 2.917413731286348511e-01 5.570872003969522535e-01 2.045014516209190392e-01 3.679117749505789181e-01 1.507763058542428980e-01 6.183706526071849341e-01 5.432311632535405943e-01 2.709349682660171510e-01 6.348945928533771266e-01 7.388862790370001044e-01 3.296302107909790946e-01 2.835286083586724404e-01 3.249008796165548940e-01 4.356761083037540838e-01 4.261870604166827503e-01 3.550195651727282020e-01 3.425718677244330435e-01 4.234324618274981078e-01 4.134181375367479427e-01 1.035127063643056788e-01 4.137821624779380314e-01 6.031866778175675181e-01 1.102315730401815519e-01 4.053442136710201371e-01 2.182300595890706019e-01 4.392845783306457141e-01 2.801344288691727802e-01 4.241715397259891995e-01 2.703132534994059366e-01 6.571865036069897137e-01 2.390189022791000262e-01 6.277179707433179212e-01 4.460273188648954390e-01 6.100543945620546804e-01 5.472565770590642753e-01 5.152542564013259385e-01 9.389053056954953236e-02 5.004287791090749060e-01 7.946718815836558703e-01 2.214395465514304995e-01 4.145839734925905740e-01 2.762721044188501951e-01 5.615960894272966630e-01
6.687114860629415070e-01 1.061836252271191050e+00 9.481368376900101147e-01 9.450969479162785181e-01 5.924071808269378847e-01 9.896100092536839199e-01 5.944729753993948096e-01 0.000000000000000000e+00 6.059998404509557846e-01 5.158909765412202919e-01 4.141938610088771733e-01 6.476137453353917328e-01 6.404943037089941837e-01 3.229375097359776792e-01 3.122673254425435418e-01 3.120674262565092949e-01 6.895096858715348276e-01 3.192154938777210793e-01 5.060055748562767297e-01 8.436132251350046962e-01 4.639283429574520001e-01 7.425349801429040886e-01 2.183917082546097121e-01 6.053817322183423499e-01 4.154982441626332568e-01 4.230224074840756021e-01 4.027779579557457246e-01 5.140746793889580113e-01 8.102661801824189158e-01 2.229081713058356784e-01 1.751742890901019922e-01 1.732092185172899035e-01 6.559677927743114978e-01 4.774505434668447346e-01 8.083227081891586341e-01 4.980785510097404667e-01 5.520348424423380251e-01 4.724271360757476002e-01 6.952200605755319840e-01 3.732666042114064497e-01 2.299591710718258963e-01 4.578588108344808782e-01 5.248180771605415185e-01 5.250018355831204131e-01 4.834891627954424620e-01 7.279287116356187859e-01 4.912467261617752823e-01 3.958753944979802597e-01 9.690094950822221165e-01 6.006754040983258713e-01 3.629773067767553263e-01 2.970324370646892365e-01 6.280695822673558748e-01 3.547369881918842616e-01 4.632027355155212689e-01 8.510908030765932386e-01 1.292273453184983323e-01 3.033184002522955613e-01 5.551952536210772449e-01 5.116408784994382897e-01 4.855802136577141992e-01 5.438878176093896455e-01 5.689584742847296761e-01 1.153570704783544176e-01 4.253725969692643272e-01 9.214887305664194450e-01 7.593165021058371211e-01 2.869558252892931427e-01 5.280208658706470048e-01 4.817209269958150353e-01 1.895212541479697199e-01 5.193414212119047413e-01 6.501677237517030639e-01 4.816470128343083301e-01 3.762993762599285419e-01 7.064633697467439521e-01 5.617927243531364301e-01 4.695421302036965061e-01 9.039343277187515957e-01 4.994836397272483519e-01 2.994228371892506679e-01 3.979401669858950163e-01 6.235092718768404652e-01 5.629610050226593332e-01 2.125767706674811797e-01 4.550726834309968272e-01 6.660581024617998613e-01 3.706963104883299609e-01 9.073814571375923288e-01 3.178727550751718756e-01 6.046642132266620839e-01 6.471404785760552780e-01 9.392677620561512564e-02 5.052230718656093300e-01 1.092864336583551366e-01 9.742637748024257638e-01 4.340343474571519700e-01 2.226042030871223654e-01 5.625610943947003673e-01 8.565360179615045810e-01
1.060025084805467310e+00 4.562594488340714904e-01 8.873172666743522896e-01 1.116968374032550448e+00 4.597851546711209658e-01 1.135685471420981640e+00 4.671578414725571782e-01 6.059998404509557846e-01 0.000000000000000000e+00 4.634154488542226447e-01 8.182759414246576490e-01 8.067883289075528097e-01 8.026476731020720790e-01 6.427592474435526171e-01 5.145911791384759626e-01 3.213369447228497933e-01 1.126750834379128152e+00 3.464741415748673337e-01 2.709461324638506308e-01 2.390832698530963030e-01 8.942854861200875138e-01 6.736843373703697013e-01 7.371498499774866708e-01 6.498685019184111678e-01 6.084304167140044406e-01 1.931431579965993683e-01 4.184245019901045581e-01 8.356462975271765625e-01 9.566830574826207245e-01 7.210635295418097446e-01 5.218413884043083817e-01 4.440220880066276243e-01 1.067837214142954405e+00 3.592648982014344239e-01 9.701673154757635142e-01 6.563217840714996587e-01 7.500473251194590407e-01 4.644665819561505371e-01 1.138774785104790466e+00 4.073146397851321598e-01 4.949551996805500176e-01 3.174414099700970660e-01 9.602095143424137502e-01 1.435703371767725056e-01 3.309574204857141932e-01 1.339847203946642473e-01 5.249799884301831199e-01 7.788740278523342830e-01 3.655968875490640535e-01 6.938497374480310231e-01 8.307681540135978260e-01 3.206115658872722429e-01 5.639366642555184717e-01 7.320297743898971365e-01 2.094800087798881771e-01 7.884795243570890122e-01 5.679037936202004921e-01 5.037980922526412719e-01 9.602528998007076044e-01 6.713128062713995536e-01 4.261369246441996661e-01 3.549136182113172833e-01 1.006355961806870036e+00 6.759412781326710196e-01 2.305366842001009831e-01 1.066042672692506521e+00 1.169447917431098771e+00 6.347238113558932859e-01 7.421404089301353313e-01 7.445055211748283774e-01 4.268451030383194067e-01 1.110217906356633505e-01 8.218309198232085500e-01 3.095663946732489236e-01 4.081316226566388816e-01 8.444838741945678295e-01 5.688615942978483275e-01 8.652044005079984057e-01 1.069998032468047811e+00 5.108465341254294634e-01 8.196877983491588360e-01 5.360915611958547711e-01 1.009440916860951803e-01 7.114987700470438714e-01 6.275688336066114204e-01 7.213199265605441113e-01 1.068531239098314600e+00 5.853568684142883560e-01 1.055807698111520088e+00 7.403027684692871091e-01 1.048218937755920122e+00 5.819310661697192355e-01 5.120730642453406034e-01 4.317157265014967549e-01 6.564973157791357261e-01 3.691797876928689659e-01 3.801848922245381623e-01 5.668810718896727385e-01 7.430834590693304875e-01 1.028407444077776844e+00
1.030633427353065290e+00 9.017938051727324433e-01 4.382516144906165034e-01 1.021254503160497151e+00 4.816032279981536379e-01 1.143017044007504923e+00 4.399190225743897509e-01 5.158909765412202919e-01 4.634154488542226447e-01 0.000000000000000000e+00 6.738840344042421604e-01 8.121028823386092776e-01 7.124248140848024047e-01 7.450907494366255657e-01 3.313526151398643038e-01 4.800840754566894075e-01 1.054958076007697088e+00 3.002039316553847259e-01 2.462887685374645363e-01 6.765817098662787465e-01 8.536374047734315296e-01 2.272502678089597383e-01 5.272264692142863973e-01 6.320081363455541945e-01 4.629942500879825618e-01 3.685092077212276385e-01 5.258112423305428829e-01 8.146161593992344852e-01 9.640146300691444514e-01 6.791182296593892831e-01 6.278244827744637879e-01 4.338088446863383463e-01 1.050283453985147997e+00 1.764530113985723347e-01 8.820117059457547315e-01 6.858360163953703958e-01 6.630541057882095579e-01 3.158544776420266764e-01 1.052537315059872913e+00 1.554359540626825409e-01 2.989734123176159830e-01 3.494194839166656630e-01 8.749401137030529130e-01 3.626716310840916724e-01 3.944933112946815701e-01 5.641010070099291562e-01 5.606922176422058923e-01 8.335176841170303108e-01 8.035436743084386491e-01 6.991642908790877131e-01 7.289347070356370084e-01 4.216972076642191425e-01 1.244088019022343283e-01 5.487912103912853112e-01 2.635638941067564023e-01 3.419719720615766456e-01 4.075692711764786202e-01 6.418437777205142636e-01 9.554613344771244465e-01 5.797016958093568206e-01 1.178082596234548557e-01 3.091120311074712634e-01 9.409503590525464256e-01 5.787668113303858775e-01 3.677318967611908906e-01 1.071573487462304186e+00 1.111032375131485006e+00 4.514852473572816827e-01 6.802844800888588894e-01 7.593481806988441329e-01 5.135923720272216331e-01 3.703221908719234179e-01 7.282998183325208874e-01 1.548687352767229020e-01 1.970678482417113075e-01 8.500970321456753354e-01 5.249069838263874521e-01 7.795167124941556613e-01 9.800918829629706730e-01 4.182614707929466213e-01 6.325381194580582678e-01 6.326330145180921738e-01 4.583085884376821850e-01 7.168133234781003393e-01 7.067641415856361631e-01 5.959895330332817265e-01 1.065196178271866634e+00 4.073766070100913184e-01 1.064396865352245536e+00 7.381785754822097756e-01 9.646773323903157227e-01 1.312495020348346808e-01 5.408319191786786773e-01 4.804913447296382811e-01 4.862507871820767602e-01 8.142652971706130227e-01 2.260641413014838896e-01 3.486545729319754927e-01 6.393124865095329845e-01 9.326935732057232142e-01
3.721869671670526292e-01 1.233362459004521794e+00 1.083935494941351774e+00 6.094345188900351928e-01 8.950820272378884335e-01 7.145763321280038660e-01 3.736428724803628199e-01 4.141938610088771733e-01 8.182759414246576490e-01 6.738840344042421604e-01 0.000000000000000000e+00 3.667368313650782308e-01 3.254042497222667252e-01 3.389777313389867874e-01 3.555273434430289980e-01 6.256812163789119419e-01 4.187554345450396065e-01 6.144377333525310458e-01 5.715932011218767261e-01 1.019516441148355490e+00 2.296113451623008062e-01 8.774411082174277121e-01 2.209789599275377714e-01 2.166867367873015759e-01 2.180366990697123475e-01 7.841465896414715475e-01 4.937659028197123878e-01 1.883366900082840967e-01 5.361673740094914375e-01 2.365762766067462941e-01 4.357984177442477680e-01 5.607711921937275079e-01 4.269444910659151438e-01 6.910028558374340379e-01 4.657789576273504983e-01 3.234319793844162572e-01 1.800206725257600393e-01 3.774994053112851189e-01 4.029567792001709781e-01 5.224646604345170031e-01 4.659566752468483064e-01 7.606965851745677298e-01 2.179593800488798250e-01 6.895582281380537859e-01 5.129644383706724042e-01 8.948221180415246723e-01 3.577401438564574154e-01 2.571763333265709717e-01 1.138199109124298891e+00 3.297335692245640382e-01 1.343034593005902610e-01 6.692764296833034754e-01 7.589147302897110148e-01 1.283742974530308889e-01 6.823879353779148671e-01 9.860225624077343376e-01 4.148211770847634594e-01 4.429569856356587176e-01 3.063871155268833579e-01 2.155162810718777577e-01 6.046082444956227819e-01 4.745705653390880352e-01 3.083433474362795579e-01 3.111081081754727973e-01 6.339575502894507775e-01 6.478307985065206998e-01 4.548724422984822269e-01 2.353947112256116747e-01 1.157475496558574429e-01 2.169575101040865650e-01 5.455501719098897473e-01 7.714755513643348772e-01 3.080134258628546839e-01 5.862270465966485933e-01 5.859983991344271947e-01 4.350048598564560387e-01 2.714113906812626875e-01 1.161714149932822349e-01 5.635265111952273420e-01 3.074294072992286297e-01 1.223082117889307818e-01 4.255681020039616680e-01 7.904026782827462405e-01 2.703898903297455303e-01 3.080148598388431358e-01 1.116721125823479793e-01 4.031590944744649074e-01 2.767997053846883992e-01 6.313255101685466553e-01 2.236009698883064667e-01 3.175845565681382765e-01 7.881633864698981418e-01 4.900229102200804876e-01 4.199242051783328988e-01 3.310855088667100099e-01 1.145789981535756619e+00 4.657386631177680147e-01 3.728218565824371056e-01 2.372783432375309143e-01 5.218115933576935594e-01
5.379392780235706661e-01 1.224974655577164340e+00 1.215212545294737101e+00 7.815774438027393023e-01 1.005086881407794452e+00 3.612216469983079437e-01 3.754239877296816630e-01 6.476137453353917328e-01 8.067883289075528097e-01 8.121028823386092776e-01 3.667368313650782308e-01 0.000000000000000000e+00 4.795612637372659304e-01 3.246762355994141647e-01 6.036087425312857135e-01 5.856048036905242560e-01 6.392792645868172752e-01 8.486146620390744300e-01 6.210830123792598911e-01 1.012003623630399307e+00 4.249959974441356314e-01 1.008718158570813372e+00 5.836162526215196156e-01 2.037213563832923069e-01 4.192663775390745307e-01 7.492717602237853880e-01 4.171782502781545277e-01 2.873992376052144637e-01 1.835864852875314923e-01 4.480502874360242083e-01 5.403681327225507980e-01 7.334562504860381305e-01 5.698320944522076159e-01 8.115639656000012137e-01 6.359584415198584750e-01 1.700677907905872865e-01 3.717905905096610120e-01 5.165382324263533276e-01 6.070714526710919712e-01 6.913370362886762654e-01 7.505804277077562370e-01 8.670039220075737019e-01 4.230784800291211845e-01 6.811704247106971088e-01 4.758309084218385610e-01 8.864343146141677732e-01 2.877742189783757398e-01 3.130998210907620649e-01 1.129811305696941437e+00 1.332153566669633249e-01 4.438667326530600366e-01 7.113665745527422146e-01 8.901917806430966751e-01 4.884739872599566102e-01 7.270464700945944436e-01 1.117299612761120109e+00 7.367622511344427139e-01 4.239687711296102890e-01 4.502061957241115797e-01 3.526732274684358792e-01 7.400956347147986669e-01 5.183214044104423879e-01 5.403850167325073839e-01 5.626053557483126077e-01 5.923188008168536189e-01 2.856714907668096437e-01 6.474560015602309759e-01 5.576129232795705715e-01 2.717602811550174913e-01 1.884140337395195652e-01 6.308243979919266886e-01 7.738954387513468092e-01 4.814113237435559967e-01 7.147557274886529033e-01 7.913088048836947053e-01 1.039307553503415471e-01 2.979804036380517274e-01 3.400447022329578517e-01 7.353760121982345632e-01 4.216133659015153801e-01 4.769658966418617307e-01 3.109219510199721093e-01 7.820148748553895635e-01 9.963373596973373880e-02 4.350369746679105809e-01 4.087355855066590049e-01 5.539525361780484047e-01 5.011151967614321245e-01 2.753761417055792804e-01 3.691737806341856554e-01 5.222855090276905532e-01 9.194404368232836910e-01 6.478998332800495197e-01 3.775071414253467483e-01 6.409294288130935602e-01 1.137402178108399164e+00 5.924414310429000352e-01 6.932718648867066680e-01 4.244438802663670351e-01 6.950615948731990734e-01
6.532667228235498058e-01 1.217734190681935447e+00 1.118023939331093342e+00 3.264993895133955770e-01 9.469205967046974148e-01 8.284339998635100732e-01 3.358363184515916200e-01 6.404943037089941837e-01 8.026476731020720790e-01 7.124248140848024047e-01 3.254042497222667252e-01 4.795612637372659304e-01 0.000000000000000000e+00 5.430878358668251860e-01 4.471832620755652465e-01 6.535231942247350378e-01 7.138431625432116734e-01 7.055619537328760016e-01 5.750885341698391828e-01 1.003888172825769143e+00 5.392913513569870254e-01 9.115295526071692800e-01 4.340332341931948390e-01 2.819063995449581084e-01 2.511206623837912155e-01 7.700814522443136800e-01 4.908911921300482817e-01 4.232870438559980797e-01 6.500250417449976448e-01 5.306231353446845267e-01 6.921604490343857830e-01 7.423005554888951751e-01 6.966038057380310455e-01 7.230849046233168709e-01 1.742969009170046712e-01 4.210166178619138000e-01 1.621576766076082143e-01 3.989477653621020803e-01 6.915550906756425809e-01 5.713691403050987772e-01 5.941549472520359920e-01 8.145426516282702201e-01 5.065576915243517053e-01 6.739299598154681048e-01 4.816757230088714037e-01 8.791938497189389912e-01 3.632615261112320804e-01 4.953705810925835840e-01 1.122570840801712766e+00 3.926649726789497308e-01 4.549121226572894194e-01 7.692820157485050769e-01 7.930031746794526937e-01 2.999461000098926911e-01 6.937294224353797167e-01 1.020111006797476128e+00 5.858257054731804692e-01 5.625866902300824535e-01 5.755662898782507586e-01 1.333217616044657106e-01 6.429070287511543524e-01 4.648009023227916980e-01 6.040478626160893372e-01 5.531432568711691644e-01 6.067712867176087155e-01 7.565025619570859838e-01 7.401407196172345992e-01 3.792831212675678021e-01 2.735471898708106142e-01 3.938759575072908747e-01 7.439057558470921760e-01 7.562315128705342504e-01 1.049151578523436212e-01 6.187187581512587631e-01 6.566505734026669705e-01 5.360909915089512312e-01 2.428063371435103812e-01 4.032929888818576614e-01 2.742001358679285183e-01 2.977439995827275143e-01 3.960487187620848615e-01 4.577291238598372169e-01 7.747744099601606704e-01 3.809711824775323663e-01 6.069716590051913441e-01 2.228660389885933624e-01 6.723382688258321416e-01 3.433498418771081528e-01 7.451831779040528625e-01 5.246197473401915667e-01 6.061828680436099903e-01 8.222518308596398207e-01 7.324876896002973092e-01 4.002281881637326233e-01 5.312078700506390749e-01 1.130161713213170493e+00 4.888501350734812956e-01 5.269276970588452347e-01 9.581494937534570933e-02 2.375753512011154200e-01
4.252091431117626108e-01 1.071026470199480274e+00 1.148200412392753389e+00 8.574085367973039995e-01 7.783163297613671094e-01 6.666724995177059077e-01 3.303334780300934415e-01 3.229375097359776792e-01 6.427592474435526171e-01 7.450907494366255657e-01 3.389777313389867874e-01 3.246762355994141647e-01 5.430878358668251860e-01 0.000000000000000000e+00 5.425899082294958209e-01 3.403458150699255058e-01 4.938242802448807311e-01 5.754068342505346267e-01 5.095589922984700149e-01 8.580554382527146862e-01 2.613589319858403703e-01 9.417060256688295494e-01 3.366854628721163700e-01 2.871767784408764679e-01 4.511911319466329617e-01 5.352540541001238328e-01 2.287307878645931658e-01 2.291070205691762285e-01 4.873286704464410146e-01 1.867354622991018176e-01 2.161415563492306569e-01 4.159309795738006521e-01 4.299296798648786222e-01 6.926868600877275073e-01 7.106074782405166212e-01 1.751410412737627875e-01 4.357050230934221835e-01 4.998499839232968256e-01 5.099377401028103440e-01 6.308164946726272371e-01 5.341004337134924729e-01 6.380845507221279966e-01 3.423491047787767805e-01 5.272222393330123769e-01 3.542261577490960489e-01 7.324861292364833742e-01 1.948471963170106125e-01 1.400073650626221522e-01 9.758631203192569270e-01 2.885364492421534366e-01 2.233012555493099349e-01 4.535459705835498401e-01 8.231796477411129631e-01 3.584610832890971488e-01 5.827402748313343928e-01 1.050287479859136397e+00 4.124629680064083037e-01 1.389611551909115950e-01 3.223453655226325432e-01 4.117529690361526051e-01 6.730835018128148439e-01 4.374770817362139130e-01 3.734294076726228928e-01 2.418574160178036669e-01 4.174439636261027542e-01 5.985512208304420989e-01 5.346319757373936277e-01 4.246027941108305170e-01 3.001997698495223466e-01 1.694006172242880082e-01 3.303736670964728117e-01 6.072059393876080291e-01 5.574474544575586110e-01 6.175469456645188426e-01 6.691927738758549626e-01 3.835258600107661064e-01 3.048966517561296219e-01 3.182802407781779030e-01 8.104381952328013616e-01 4.112941283249717528e-01 2.522685109089399247e-01 1.124577349185331976e-01 6.280666894777050535e-01 2.400234952866815707e-01 1.103607390684965273e-01 4.256223423921082771e-01 4.332082143633552151e-01 4.969917678434114805e-01 5.844439474016148717e-01 1.258924738312090785e-01 4.193818927539399999e-01 8.524283039213002011e-01 3.236732569067293785e-01 2.665687610672632935e-01 3.308740934720559856e-01 9.834539927307149876e-01 5.364124559409575443e-01 4.684703077221574752e-01 4.835236218340837056e-01 7.688476068425302845e-01
7.005450695229400448e-01 9.347899056428109477e-01 7.414040756769735285e-01 7.526683712541714089e-01 5.430766794063653924e-01 9.413385413007276936e-01 3.249208511371693975e-01 3.122673254425435418e-01 5.145911791384759626e-01 3.313526151398643038e-01 3.555273434430289980e-01 6.036087425312857135e-01 4.471832620755652465e-01 5.425899082294958209e-01 0.000000000000000000e+00 4.738264870794103301e-01 7.275165757603216932e-01 2.693905084768680180e-01 2.597451156797823124e-01 7.179569432322899791e-01 5.261959045260562462e-01 5.349096889530498000e-01 2.225586708390105972e-01 4.068711254551226619e-01 1.981831587878251644e-01 4.509201107141559417e-01 4.997877196422422230e-01 5.390794014859374705e-01 7.633859502048605528e-01 3.891177870086149349e-01 4.622548966006893578e-01 3.126898827579115969e-01 7.228419537377722692e-01 3.446457914856251303e-01 6.158941315270517469e-01 5.200082060804106510e-01 3.886457032544167745e-01 1.675529900039013920e-01 7.250958148124975189e-01 1.766517677300650790e-01 1.469716851764707455e-01 4.090683241629327060e-01 5.452769409801037082e-01 3.909856747763426621e-01 3.677930345346813179e-01 5.962495646798137150e-01 4.416712140654419638e-01 5.179305530951442416e-01 8.396265557625872678e-01 4.988973197427020168e-01 4.014932067882616695e-01 3.620137126225114743e-01 4.163833110253331582e-01 2.307098910821246962e-01 3.400151112466182068e-01 6.434911431433566475e-01 1.830399801240452096e-01 5.634111557343546295e-01 6.282273954697482621e-01 3.144601438001196625e-01 2.620768252312448143e-01 2.727603121201099823e-01 6.135088588051709202e-01 3.042318389057488970e-01 3.929505058916421545e-01 8.692356277990958002e-01 7.821900032297055549e-01 1.201326322174173372e-01 4.294554786842753047e-01 5.263853465225011297e-01 4.102685171744332449e-01 4.415766021113611273e-01 4.583959566527775475e-01 2.436956273322706257e-01 2.337160612669217374e-01 6.488240573509608256e-01 3.218615379444231261e-01 4.513120773037256894e-01 7.115057510566445975e-01 2.258408587918269705e-01 3.050966192106828179e-01 5.364949014596473997e-01 4.906430028797450493e-01 5.049529359007027818e-01 4.322291691609991271e-01 3.144084031064218188e-01 7.351078204417421658e-01 1.220322417400379195e-01 8.641926291096163615e-01 4.288645739826342229e-01 6.372358321429404393e-01 4.456319672055203407e-01 3.885124235532843029e-01 4.034636162949428173e-01 2.147374452362574848e-01 8.472174281740454393e-01 1.699805748575073938e-01 8.966312235542116260e-02 3.701325177325933136e-01 6.641074412993976939e-01
7.608444308440667214e-01 7.682551356154373456e-01 8.888223017761989198e-01 9.678438951552138514e-01 4.429794004520758444e-01 9.191860883384650460e-01 3.296590126940537324e-01 3.120674262565092949e-01 3.213369447228497933e-01 4.800840754566894075e-01 6.256812163789119419e-01 5.856048036905242560e-01 6.535231942247350378e-01 3.403458150699255058e-01 4.738264870794103301e-01 0.000000000000000000e+00 8.215122888166381809e-01 2.723007972206297755e-01 2.488191459822251816e-01 5.558640587356353802e-01 5.896884680249965260e-01 6.823279150522750802e-01 4.830518107272631090e-01 4.576166108878198524e-01 5.172067305791614444e-01 1.949645037407999881e-01 1.889943553599504611e-01 5.601082985841865369e-01 7.398847044075640422e-01 3.997265848189599513e-01 2.005044436814585607e-01 1.910734503491801073e-01 7.632401960478620850e-01 3.829070534885973820e-01 8.210428365984264731e-01 4.158886651860252415e-01 5.963687395895920229e-01 3.979297138808239320e-01 8.332988934339567999e-01 3.980261452337966466e-01 3.268548019029395846e-01 3.027476214128368981e-01 6.628969100189664454e-01 2.264661842099034983e-01 1.976896693500440338e-01 4.297147946524402240e-01 3.084806053476664700e-01 4.748718216004215731e-01 6.730917857352138878e-01 4.832161192761684765e-01 5.208656769470554337e-01 1.301367251020022764e-01 5.638015371245583829e-01 6.193970906645376306e-01 2.845334862161435496e-01 7.909093692425819278e-01 3.475483003648949243e-01 2.053845318798572794e-01 6.556558817056162836e-01 5.221883273940624015e-01 4.168484300928641528e-01 3.017956310061193914e-01 7.009610772298330295e-01 3.644743063980536713e-01 1.141369777223945337e-01 8.495432896099898157e-01 8.702672634696972942e-01 5.630530586638836654e-01 5.528592169616373120e-01 4.832934445704272219e-01 1.225461721085396444e-01 2.847312141943237340e-01 6.704696420849807215e-01 3.273183468025088749e-01 3.762329032540533413e-01 6.279844911120512352e-01 4.107168570812245179e-01 6.348878938686999263e-01 9.208735535907112135e-01 4.225884762962496821e-01 5.343010014015596720e-01 2.746828526705522022e-01 3.252953548936617922e-01 5.079668149694469559e-01 3.176663565400689171e-01 5.924782245098133560e-01 7.665187305463389000e-01 5.416850194183596701e-01 8.386971771879274673e-01 4.337709143745415719e-01 7.427430460850868998e-01 5.930501933047456209e-01 2.237446092816539611e-01 2.569403626108796579e-01 4.185679404203617171e-01 6.806826581466718373e-01 3.646711470286237988e-01 4.110475761440697262e-01 5.939589801919933354e-01 8.792829652004401364e-01
