0.000000000000000000e+00 1.863863738409162529e+00 1.245737738092116631e+00 1.544281802780071988e+00 9.860220246302739966e-01 1.159985256603569326e+00 9.011142778415049959e-01 1.164399372661938603e+00 1.579226345178753377e+00 7.709314969485833169e-01 6.978021738194783996e-01 1.001244792289111674e+00 5.669470974005530461e-01 1.488739162222162626e+00 8.741056444448948026e-01 5.982153837193926460e-01 1.346657241567206453e+00 4.587079368720217154e-01 7.704407665337026367e-01 7.646185091308752568e-01 6.730521794006472103e-01 9.261819957209277421e-01 1.175186274627282978e+00 1.476129055722133598e+00 8.405970352648055588e-01 1.266317969345286620e+00 1.063420826258225427e+00 8.840486983571590462e-01 1.283333892946589838e+00 1.604195063878133931e+00 7.255888775144025971e-01 6.504854228341961919e-01 8.156516773907430684e-01 1.309669783042847424e+00 7.103756924204849277e-01 4.898825101861610798e-01 3.162185014136739136e-01 1.245556565370478097e+00 9.833107928195524705e-01 6.375095372530702464e-01 1.067054584322104427e+00 9.596510474996102769e-01 5.349686090584416798e-01 9.225108473014990151e-01 1.276939687140272506e+00 1.398653799523024155e+00 1.204314209165670446e+00 8.392404837047999777e-01 1.447837780827007093e+00 1.014001111620258744e+00 5.946189620374185969e-01 7.640336009604640211e-01 4.735270528606095319e-01 1.471151176288052920e+00 1.401181049254521582e+00 1.066450342668803675e+00 1.436893459672594187e+00 4.209946825444939034e-01 1.110731240485280935e+00 5.031116195680561676e-01 7.370929567783830461e-01 1.452924710238283623e+00 8.404764333858141256e-01 1.085516000118907920e+00 8.504797340644928427e-01 1.041777865779953016e+00 8.209291158804462585e-01 1.725083229233263793e-01 1.581341155659162112e+00 5.544554405974523315e-01 7.110326095854078154e-01 1.379215851679670646e+00 7.255352405218515877e-01 9.350664206595130645e-01 5.547438860700130148e-01 1.339681940330579746e+00 1.365360475481556257e+00 8.447580012902065061e-01 3.841096741508528423e-01 7.615749489963786756e-01 1.165724179209367328e+00 1.321918029021473595e+00 1.027495626110896287e+00 1.168885225658629290e+00 1.079830643527621481e+00 1.431217786870744524e+00 9.217455033778706452e-01 1.023244548242141283e+00 1.730946757046427198e+00 6.979627653371481832e-01 1.214801230269429766e+00 8.099757343803172249e-01 1.434687205552828804e+00 4.290800056730061929e-01 1.026532679025359496e+00 9.194141791822646459e-01 1.201759106540105870e+00 6.728932798865624454e-01 5.336298915777982765e-01 8.305189809398288991e-01
1.863863738409162529e+00 0.000000000000000000e+00 1.405764616229077779e+00 1.005047984119119331e+00 1.646621605356123563e+00 1.486836526094930333e+00 1.630613723329546572e+00 8.585776439516951131e-01 9.230846801475776076e-01 2.072288678407704143e+00 1.864726207133266644e+00 8.943642055376370692e-01 1.473466673225938495e+00 5.431953362330834700e-01 1.150001491868465342e+00 1.451281458822769155e+00 5.952351279500572856e-01 1.783172318888643249e+00 1.120049592464622767e+00 1.481169823798674123e+00 1.472525138105909903e+00 1.178778387709783715e+00 8.731893320681380910e-01 5.684728657913620253e-01 1.198548456850229815e+00 6.928378946214833745e-01 8.239987935608131808e-01 1.175073667583283576e+00 7.244312589952497383e-01 2.922252522665373942e-01 1.525832782503629526e+00 1.526545401187660245e+00 1.386402153929987779e+00 7.781362053078416663e-01 1.356357694498173005e+00 1.568295888761649159e+00 1.547645236995490281e+00 6.664227685254154876e-01 1.064991367235109676e+00 1.255642097397012602e+00 9.458498131868031678e-01 9.836884768973154225e-01 1.851861737204643976e+00 1.074675746204671656e+00 7.420873031289331179e-01 4.773446030142348695e-01 8.036984212840679875e-01 1.518977845286721751e+00 8.285923622057860261e-01 1.277409866734932953e+00 1.554048165217105648e+00 1.517763222022300962e+00 1.553219052164250602e+00 8.793485892649164359e-01 6.607378592203343448e-01 1.218075182170460735e+00 4.555379620137444685e-01 1.650190697151203256e+00 8.182229148145248043e-01 1.392317250942769924e+00 1.465097983504550783e+00 7.522613129336001014e-01 1.196582988515563661e+00 1.311870228964381102e+00 1.510717275862147213e+00 9.379518661859091999e-01 1.045287664912095238e+00 1.711367923080937103e+00 4.393766300385481549e-01 1.412373414475889266e+00 1.218027326861683024e+00 6.454500373597717999e-01 1.290646123103807996e+00 1.123210878504875554e+00 1.730472961670448617e+00 6.855193896411113652e-01 5.931769401331451474e-01 1.587465010449336633e+00 1.669587829417574110e+00 1.246190202945461234e+00 7.232157450559050238e-01 6.910784997093021298e-01 1.008802866145112942e+00 8.399974138257535472e-01 8.321486903682722147e-01 8.790428339118016021e-01 9.722445338127342351e-01 1.012572621994139332e+00 1.456163311386761139e-01 1.439176509350820865e+00 8.467305853841459173e-01 1.117964488769322529e+00 5.756170438140140178e-01 1.538640218427779205e+00 1.347836486647026710e+00 1.093633897348506689e+00 7.194702164307263947e-01 1.989996506607154325e+00 1.814169349939223075e+00 1.500220710154677173e+00
1.245737738092116631e+00 1.405764616229077779e+00 0.000000000000000000e+00 1.060421882090668566e+00 1.060209096605465362e+00 9.286152681605458481e-01 1.101300512500819506e+00 9.593809316578539859e-01 1.148090565268953034e+00 1.437838429435822851e+00 1.226454596297129385e+00 5.963059229480306422e-01 8.519804791876761652e-01 9.511499026388582356e-01 5.710292035133227584e-01 1.008992066652286912e+00 1.041030664528665328e+00 1.159121966223714217e+00 7.969430877319867434e-01 8.328021266540142076e-01 8.656127061557074009e-01 3.352586643474225192e-01 6.327274646565049787e-01 1.194331037657099470e+00 6.292709733043841958e-01 7.957011000814826485e-01 8.999646489574053554e-01 8.492517926269087525e-01 8.842842235201564538e-01 1.146095941698049403e+00 8.798155468435964188e-01 9.196329692374578535e-01 8.310079215133605590e-01 8.823019695465877943e-01 8.777364453392392241e-01 9.288332825564075135e-01 9.295192366784428284e-01 1.153988851307386598e+00 4.073237342048447451e-01 6.213990373392344058e-01 7.149667364575406081e-01 9.856692608913568687e-01 1.230538766761802183e+00 6.750918381738068019e-01 7.393504275569686701e-01 9.417400229536148082e-01 8.213331761055902014e-01 8.959630347685404450e-01 9.327450094329637897e-01 7.403751020299639274e-01 9.390735656753649296e-01 9.500049254405067423e-01 9.450518486352128544e-01 1.039071589185370792e+00 1.051374026972132336e+00 1.876894340586167664e-01 1.150631371794213598e+00 1.041160874607511833e+00 6.029703145221606553e-01 7.787404225046149486e-01 1.056464737939429188e+00 1.005912682964043237e+00 4.709557459301297322e-01 1.721963272160847158e-01 9.920556056394878031e-01 7.385054652009177545e-01 4.661349495204169524e-01 1.093241922763890761e+00 1.105940498834985686e+00 7.772374011838670826e-01 6.222137031387671158e-01 9.629930203292622615e-01 9.175989284490942977e-01 6.233607359843139628e-01 1.093568606885167327e+00 8.445334470945403682e-01 8.928980629712609529e-01 9.413950372763496555e-01 1.035137580445689931e+00 6.830812471361393801e-01 7.317203022841277660e-01 1.127374675105552893e+00 8.391230645592953064e-01 7.288469549202121200e-01 9.979005898845020317e-01 9.606009176069403299e-01 8.026552711741296031e-01 5.520011656529396626e-01 1.272847634866342892e+00 9.568301853242180410e-01 8.464192171980028379e-01 8.847910695250785773e-01 9.737304026132717061e-01 9.076171633630194524e-01 7.871012053765094052e-01 7.075024308835344833e-01 9.602812132579267024e-01 1.356741811725235447e+00 1.179121742309607201e+00 9.999722847383450963e-01
1.544281802780071988e+00 1.005047984119119331e+00 1.060421882090668566e+00 0.000000000000000000e+00 1.398730436709068936e+00 1.179390733048669038e+00 1.389370105773040098e+00 1.008465857688901623e+00 7.983809772944518990e-01 1.751445095542937702e+00 1.543882624268498205e+00 5.936969208601212689e-01 1.153884737596848398e+00 5.473910943391260275e-01 8.774865636778951261e-01 1.333270959130627098e+00 7.144035471294214457e-01 1.463590383259552263e+00 1.008528358945124603e+00 1.154462477641487350e+00 1.153730656785974862e+00 8.405663993181140548e-01 5.656292240663466364e-01 8.561339735933694017e-01 8.860667149792751385e-01 3.152896805566206551e-01 8.358400516374906442e-01 1.097735571657891374e+00 7.339111260287456417e-01 7.446014442359724095e-01 1.199125436346442530e+00 1.207750919867724759e+00 1.184212481667303862e+00 5.532070064248906238e-01 1.165615436449248365e+00 1.247452305896879832e+00 1.228063301366399296e+00 9.109747684036539894e-01 7.095594310087599554e-01 9.323955280282204550e-01 8.441037212369206788e-01 1.078263221346399403e+00 1.532279801575552991e+00 8.222389969037293689e-01 4.120391103504400521e-01 5.444119958856746821e-01 6.289160370200506112e-01 1.224130614367703762e+00 1.981175106248291296e-01 9.735924583400212828e-01 1.258383455178210486e+00 1.238122876070774536e+00 1.242376943876952744e+00 6.940160377479498433e-01 8.137138681503027771e-01 8.730283435765209266e-01 7.572727014596458694e-01 1.346967229591488957e+00 4.617779038721072649e-01 1.073522769622835549e+00 1.344343729049439107e+00 6.382055523876548619e-01 8.670966725172027934e-01 9.736582405727103318e-01 1.338480803191615776e+00 7.466560770933488023e-01 7.273463626387830505e-01 1.391785987451847006e+00 7.055303222069071456e-01 1.091434020361016222e+00 8.999563306915745464e-01 5.879228766973100262e-01 1.215297931785761509e+00 8.205331041768260114e-01 1.409629378805680178e+00 5.854276195247909431e-01 4.370621418352180210e-01 1.260757664292149860e+00 1.348744246552805004e+00 1.032217961098463421e+00 4.512688422051888137e-01 9.740479846719136692e-01 9.924180970707350280e-01 7.054331273506314615e-01 9.819872892705880929e-01 1.481643976387179429e-01 8.938600000969079140e-01 7.425881242435327101e-01 8.721310027563834444e-01 1.282536234773568484e+00 8.637447336110318785e-01 1.144823441548823650e+00 6.672077413075145902e-01 1.217796635563009877e+00 1.038299126689719687e+00 9.298452564714665414e-01 7.352091670365512588e-01 1.670367355622022210e+00 1.493325767074453747e+00 1.287851275848354016e+00
9.860220246302739966e-01 1.646621605356123563e+00 1.060209096605465362e+00 1.398730436709068936e+00 0.000000000000000000e+00 1.072402859038058098e+00 9.058731970341399320e-01 8.611569784123062066e-01 1.447700425692799442e+00 1.105288352165938903e+00 8.924247590505917094e-01 8.739962752034957649e-01 6.277572499165724462e-01 1.173704038935700966e+00 5.576384106237392002e-01 4.836394554689708025e-01 1.280798003860690315e+00 8.122363871848718997e-01 7.412667080179302648e-01 3.902626390848997207e-01 7.497786519766511670e-01 7.404778166464666134e-01 8.889598728786933801e-01 1.150284971205691287e+00 7.530146376992944424e-01 1.121667685377343293e+00 9.983296771075993448e-01 5.340688334705988582e-01 9.253415481461090275e-01 1.374249860763289810e+00 2.728961008233156682e-01 7.493532745396005446e-01 2.642800552053944374e-01 1.181833870815822474e+00 6.532470336951810008e-01 5.908873203307839495e-01 7.142110667812462399e-01 1.081877975289555094e+00 7.836008548462223278e-01 4.833203514061177319e-01 7.021989101298392599e-01 7.568229483043739103e-01 8.979886894919190121e-01 8.708505755116290326e-01 1.101887366452198425e+00 1.260691313348196729e+00 1.087103058076716922e+00 2.096941004931814068e-01 1.294247209069574911e+00 9.178150208317062964e-01 4.514425822129646271e-01 8.355889188536903545e-01 6.588648473256895066e-01 1.338681449609217422e+00 1.020220620622635854e+00 9.004305622694951383e-01 1.296064812383783682e+00 6.154808147695046694e-01 9.509895244662870395e-01 6.402188074678349938e-01 6.769377797046730594e-01 1.314962224063456198e+00 5.901455415504633928e-01 9.119391717565106248e-01 1.903988282276234956e-01 9.620139590299202625e-01 6.842656730559066869e-01 8.206953478364895638e-01 1.207586019671490263e+00 4.552708255917997660e-01 6.373554716028310141e-01 1.257011263300515491e+00 4.840025571533809745e-01 8.204285793179492137e-01 7.610185296152836010e-01 1.008366018021214616e+00 1.225580475930605040e+00 1.551113954327592026e-01 7.025875031758062050e-01 4.141397712042773072e-01 1.031099419094956948e+00 1.027975146384653149e+00 6.851869237448162675e-01 8.352214287961072792e-01 9.161520534466982557e-01 1.286567502902801197e+00 8.721424168540297117e-01 7.067773144209857916e-01 1.509337445334135719e+00 3.431270347359125505e-01 8.230861756513560001e-01 6.266166016376890635e-01 1.077741229315594795e+00 5.750670860931356154e-01 9.389502814598483793e-01 5.545585049899994790e-01 1.143742082588348863e+00 1.023335727405974227e+00 8.413520270285759217e-01 7.896776875604623047e-01
1.159985256603569326e+00 1.486836526094930333e+00 9.286152681605458481e-01 1.179390733048669038e+00 1.072402859038058098e+00 0.000000000000000000e+00 9.873523770996557314e-01 9.815537428727783009e-01 1.163356005422275130e+00 1.376008260718218024e+00 1.206924472598600140e+00 5.942732270073445289e-01 8.116665395312041564e-01 1.149168263518017374e+00 7.479434976329306650e-01 9.443016739755928368e-01 9.869414984331426055e-01 1.073526067252450922e+00 6.129368613195460558e-01 8.276714306023968959e-01 7.587964760830713251e-01 6.358460825318783538e-01 8.356153759231381706e-01 1.243167325562829273e+00 3.207871303743016211e-01 9.014268996138843359e-01 7.421078364469447797e-01 8.455206899107380325e-01 1.096452412018847244e+00 1.227167851563901069e+00 8.723343893073525201e-01 8.128167391648217777e-01 8.582057332565853347e-01 8.896621399449555767e-01 7.599789855789415016e-01 9.104941542269820998e-01 8.437667551898954121e-01 1.004794693648797033e+00 6.437398941154082177e-01 5.997215882053905656e-01 9.289070824207843469e-01 7.785781175390474873e-01 1.151404235863441317e+00 5.022936855420538915e-01 9.363825840706893056e-01 1.018561753599056985e+00 7.735379664296829771e-01 8.973395673286136409e-01 1.082946711095604142e+00 2.155528233856782161e-01 9.308152820204310673e-01 8.418671293369340836e-01 8.474427631740497624e-01 1.055458604403596068e+00 1.228666006274119482e+00 7.409258341019289151e-01 1.121876362317628661e+00 9.565381254956202284e-01 7.588762425970490000e-01 6.785885889199320120e-01 9.353859556174551892e-01 1.043847679143258711e+00 5.949857853519573414e-01 7.820932997612405346e-01 1.023198548895479787e+00 6.400291490282025153e-01 4.624803186401285071e-01 1.007489441275344344e+00 1.245398273873892681e+00 7.545716799412222064e-01 4.775877146506857795e-01 9.499930674405001607e-01 8.120260920483249878e-01 3.745187959705840730e-01 1.072671227135782113e+00 1.045102748686036254e+00 9.892270332596729832e-01 9.339666172530600718e-01 9.832008840354660162e-01 7.236044933187117945e-01 7.704641905487228382e-01 1.134558377990982470e+00 9.275578997628409761e-01 9.410151434189031328e-01 8.390687718059401945e-01 1.066326717139341573e+00 6.285753541281802192e-01 7.649469780672689678e-01 1.353919544732194558e+00 9.902127718207678342e-01 1.058870839350762871e+00 7.420269130291621273e-01 1.171748763492431067e+00 8.517705118841629730e-01 1.426614339215911686e-01 8.674246841733711522e-01 8.585826413041315330e-01 1.289539005265951221e+00 1.134534979483113437e+00 8.823876625819894182e-01
9.011142778415049959e-01 1.630613723329546572e+00 1.101300512500819506e+00 1.389370105773040098e+00 9.058731970341399320e-01 9.873523770996557314e-01 0.000000000000000000e+00 8.541574434364276325e-01 1.411760914084848384e+00 1.118022998854232952e+00 9.918629287965278207e-01 8.344774522418062501e-01 6.387496369045507771e-01 1.340471153512240887e+00 7.510298429094637296e-01 4.816009920389177079e-01 1.103343925006251558e+00 8.084815672082081850e-01 5.330351971889500939e-01 7.426836035037013284e-01 3.796142152033878392e-01 7.817447701296312834e-01 1.026918265917361683e+00 1.163810877442177372e+00 6.683555072845346334e-01 1.111406272338254730e+00 8.201075096972710865e-01 5.615326360660642946e-01 1.059526669615559635e+00 1.358959354825290955e+00 7.577340359761235433e-01 2.657503776472944224e-01 6.797205867391492573e-01 1.142204351948943541e+00 2.821965186705540640e-01 7.463075783555512821e-01 5.857814933259101187e-01 9.709290011670926868e-01 8.350427841096312864e-01 5.199074222364510334e-01 8.275776732008199854e-01 6.651998344808144337e-01 8.934189739994558010e-01 6.971825659966381927e-01 1.128671678430351433e+00 1.242954648206836543e+00 9.778994496302494399e-01 8.125513414364822218e-01 1.292926083819975203e+00 8.324590160089987423e-01 6.626992596975403993e-01 1.920338034693596374e-01 4.715855334214930084e-01 1.303685745194149037e+00 1.088584801693885495e+00 9.217140510031804901e-01 1.175368028570312084e+00 6.313689315830501858e-01 9.624632317753597510e-01 3.999553638672230793e-01 2.452825850795589124e-01 1.288541577514913605e+00 7.019635027826823803e-01 9.410787745276115723e-01 7.319829954226095836e-01 8.133080438526750777e-01 6.629367402266743703e-01 7.468463924415262856e-01 1.309152203929137670e+00 6.316443419176906993e-01 5.187685105057029400e-01 1.210065107421493424e+00 4.277850851639933838e-01 7.628581850757371052e-01 8.486625474061960661e-01 1.175125356143114752e+00 1.209661324165368645e+00 8.464959330118392300e-01 7.252156221714802786e-01 6.626970975219379500e-01 1.002676328791446636e+00 1.013586267241681327e+00 7.148993785502598675e-01 9.818548907363069400e-01 8.052030793242359596e-01 1.276306089863712412e+00 6.845454462884601465e-01 8.997963385111887868e-01 1.496527695975405914e+00 5.992709943829318542e-01 9.064098051447450066e-01 5.245090430323614550e-01 1.216305394318225819e+00 5.937852500201774575e-01 8.543244434415834254e-01 7.011919669301991398e-01 9.594675640412076989e-01 1.031553743401966150e+00 8.765497176191282547e-01 1.377375498214046257e-01
1.164399372661938603e+00 8.585776439516951131e-01 9.593809316578539859e-01 1.008465857688901623e+00 8.611569784123062066e-01 9.815537428727783009e-01 8.541574434364276325e-01 0.000000000000000000e+00 9.693879087060773836e-01 1.380422376776588411e+00 1.176734721963254904e+00 6.037019956157920753e-01 8.690327257199098598e-01 5.481200705548286978e-01 4.768511879201890458e-01 5.999065108807947189e-01 4.770951671839955832e-01 1.028194655306944094e+00 4.548379298705944596e-01 7.759943605442680692e-01 7.601901709973669652e-01 7.697846703645470079e-01 4.491275834853182269e-01 3.194506135340969832e-01 6.924381816928356637e-01 7.919542237125888340e-01 3.074785779695725085e-01 3.285370060640241952e-01 2.833893469473776627e-01 5.759739016910369047e-01 7.710876493438159063e-01 7.638212009749704157e-01 6.090391259420990799e-01 7.196765721473999955e-01 5.879376912960507795e-01 8.791134082225343649e-01 8.481808712482649115e-01 2.441721386185666809e-01 5.535739428030229670e-01 6.649678434301270480e-01 2.551868842001708826e-01 2.353017131270310758e-01 1.155818351921810372e+00 4.943097437469961553e-01 5.998685598213704395e-01 6.533532907128912770e-01 5.130495923262030633e-01 7.789254284249529370e-01 8.672057498248543217e-01 7.768941179909405470e-01 7.331998559870973597e-01 7.849053696428067717e-01 7.352836568361745817e-01 9.099693700080573322e-01 2.537880181290085302e-01 7.753962280596754519e-01 4.462364167629292999e-01 8.035746908597719562e-01 6.455729020895294434e-01 6.830027049783009563e-01 6.667738624093074717e-01 8.184383627677436213e-01 6.402456002404758317e-01 8.936498616212219526e-01 7.131330086939131618e-01 4.430782149299701267e-01 6.982618809142333571e-01 1.011903557333713843e+00 4.736142072296668504e-01 7.275175268499941561e-01 5.961365266948732700e-01 6.343530903881748895e-01 4.534438700366375530e-01 6.526198430168574927e-01 1.043848732551294178e+00 4.392195926479738333e-01 6.928490373307762962e-01 8.908253990889284379e-01 9.854177061118167824e-01 5.091575029006510933e-01 6.935985709269267829e-01 1.680429557964638332e-01 1.920345855895658482e-01 3.033297537488674478e-01 1.587724392874070301e-01 9.450345184014433686e-01 3.532079310938067152e-01 4.075655562274476118e-01 7.170675759355332746e-01 6.224218549901844311e-01 1.454799642904050228e-01 3.643712062844465249e-01 3.943138378201241356e-01 8.561846279425324724e-01 8.778632157955257309e-01 3.750475804362257692e-01 4.067208804184631599e-01 1.293817426645195834e+00 1.114044204924672155e+00 7.253635439626200387e-01
1.579226345178753377e+00 9.230846801475776076e-01 1.148090565268953034e+00 7.983809772944518990e-01 1.447700425692799442e+00 1.163356005422275130e+00 1.411760914084848384e+00 9.693879087060773836e-01 0.000000000000000000e+00 1.792807959256262684e+00 1.585245487981823853e+00 5.814544671147724442e-01 1.193966803334113980e+00 6.387361882933298984e-01 1.011952525298233541e+00 1.356869586992853094e+00 4.971850690024609554e-01 1.492767155827634973e+00 9.435883974771683835e-01 1.202968997257137129e+00 1.178037564658254821e+00 9.185785709942898558e-01 7.382718994571602078e-01 7.832589003656564852e-01 8.921721765747585575e-01 4.950452579878025228e-01 6.967381090905583330e-01 1.186131231043680456e+00 9.240438916800501890e-01 6.588209564586189337e-01 1.247631955962092531e+00 1.232057827740005385e+00 1.233339974145815310e+00 2.775273184626764755e-01 1.187866482134547486e+00 1.288815169610204814e+00 1.263007843765080462e+00 7.387682188481369261e-01 8.114001659154759238e-01 9.764335033339511805e-01 1.016746396627734139e+00 9.616942245523500965e-01 1.570645324438624924e+00 7.825441954484835261e-01 6.368523300845611024e-01 4.467854418443338305e-01 4.987078355001816066e-01 1.272637133983354651e+00 6.675521301949550734e-01 9.523680328689136942e-01 1.306889974793861375e+00 1.262429783943054273e+00 1.266683851749233813e+00 1.867183876791438657e-01 9.119221799712691201e-01 9.604011312103362119e-01 5.962519585146535128e-01 1.375779214070804279e+00 5.736762490308928708e-01 1.097829677495115508e+00 1.358487328103644254e+00 1.731510518432219092e-01 9.236417756690010750e-01 1.051670412248886244e+00 1.397527859711685583e+00 6.566704656869394308e-01 7.634347526368913117e-01 1.426730529850528395e+00 6.905609507894827637e-01 1.132892695324444921e+00 9.195307058667884226e-01 3.379237129729478761e-01 1.203314687020188067e+00 7.962056400916041055e-01 1.450992242519004272e+00 7.741974767558503778e-01 5.055445184849071127e-01 1.309264183907799639e+00 1.390107110266129764e+00 1.093840863791136986e+00 4.190901289222098147e-01 8.583656570040963940e-01 1.104588657684973274e+00 8.877130415628581295e-01 8.272752852265699008e-01 6.805741680540484673e-01 7.965412538011064081e-01 8.947198689941506800e-01 7.901676987848429423e-01 1.364119393591604279e+00 1.041919518652073773e+00 1.048213571760674201e+00 7.896966500295511393e-01 1.259159499276334859e+00 1.024355965974371507e+00 1.097526527444445232e+00 5.770835209642403152e-01 1.708780093841135272e+00 1.534688630787778729e+00 1.310102321533652692e+00
7.709314969485833169e-01 2.072288678407704143e+00 1.437838429435822851e+00 1.751445095542937702e+00 1.105288352165938903e+00 1.376008260718218024e+00 1.118022998854232952e+00 1.380422376776588411e+00 1.792807959256262684e+00 0.000000000000000000e+00 7.552574510869788371e-01 1.216291146440970694e+00 7.391943432003408310e-01 1.623023637033062405e+00 9.933719719805599313e-01 8.006096258841904900e-01 1.562680245681854929e+00 4.303590734232005666e-01 9.864637706483505575e-01 8.838848366665399414e-01 8.890751835152951310e-01 1.103889879965102017e+00 1.326556621993713048e+00 1.677246547895334450e+00 1.056620039379454035e+00 1.473481262108152556e+00 1.279443830372875457e+00 1.061251639892762944e+00 1.402600220482255411e+00 1.812620003876676877e+00 8.448552050500672816e-01 8.685294675911737761e-01 9.349180049264081971e-01 1.525692787157496788e+00 9.263986965351327374e-01 5.428452691056205870e-01 5.688133494887699371e-01 1.461579569485127905e+00 1.180567563838536227e+00 8.235027967909509528e-01 1.186320911857769334e+00 1.175674051614258753e+00 2.401844475877740193e-01 1.138533851416148046e+00 1.474196458159257261e+00 1.607078739521567767e+00 1.420337213280318922e+00 9.585068112404646623e-01 1.652239276690473435e+00 1.230024115734908330e+00 6.751574875760104621e-01 9.800566050751127189e-01 6.986736935393833559e-01 1.683788983172681109e+00 1.534382644624446179e+00 1.261779730490364626e+00 1.652916463787243773e+00 6.152244748199554580e-01 1.308981592087186119e+00 7.191671543200776062e-01 9.615448684760575793e-01 1.661349650236827236e+00 9.884472275744563552e-01 1.275351235075144807e+00 9.601842199093065799e-01 1.257800869894601492e+00 1.029373206619370373e+00 6.089330803064281206e-01 1.700607483194828573e+00 6.737217681331170160e-01 9.270556137000554031e-01 1.595238855794319344e+00 9.462224922260698001e-01 1.151089424774161429e+00 6.148916487322672042e-01 1.458948267866245541e+00 1.572846438427675020e+00 9.640243288258709686e-01 4.027008489901322541e-01 8.808412765320438043e-01 1.376206952658420413e+00 1.537941033136122515e+00 1.204929911257189401e+00 1.288151553194295307e+00 1.295853647642271289e+00 1.638381079633610238e+00 1.137768507492519454e+00 1.142510875777806190e+00 1.939371697044971032e+00 8.203616862421593270e-01 1.334067557805094673e+00 1.025998738494966034e+00 1.553953533088494821e+00 5.669621038270361568e-01 1.242555683140009748e+00 1.038680506717929442e+00 1.417782110654755678e+00 1.525245394164538026e-01 3.116404731892815083e-01 1.046541985054476820e+00
6.978021738194783996e-01 1.864726207133266644e+00 1.226454596297129385e+00 1.543882624268498205e+00 8.924247590505917094e-01 1.206924472598600140e+00 9.918629287965278207e-01 1.176734721963254904e+00 1.585245487981823853e+00 7.552574510869788371e-01 0.000000000000000000e+00 1.011265430344087779e+00 5.570674357417725320e-01 1.411639803894367606e+00 7.819881388418661317e-01 6.103540969074420230e-01 1.436520175624150353e+00 4.767257214087093353e-01 8.603037005906463142e-01 6.725010035278465859e-01 7.629151134575908877e-01 8.925060468264081059e-01 1.115172788855019137e+00 1.465862714756640539e+00 8.875362512598363729e-01 1.265918790833712837e+00 1.153283760315169104e+00 8.547395839432183617e-01 1.191216387343561278e+00 1.605057532602238046e+00 6.311672146530338257e-01 7.423693975334698658e-01 7.235341717877143974e-01 1.319103025956414266e+00 8.002386264774286051e-01 3.015374387198076489e-01 4.769297157717546920e-01 1.335419499427421997e+00 9.697896809501810322e-01 6.159403255165122326e-01 9.749370787190755339e-01 1.049513981556553954e+00 5.616913246042937180e-01 1.003581314578334549e+00 1.263418575270901067e+00 1.399516268247128270e+00 1.223167384697612325e+00 7.471229781017711957e-01 1.441461393802118129e+00 1.053879347452601811e+00 4.697322243592145785e-01 8.538965350174076985e-01 6.135660636384749900e-01 1.476226511898241833e+00 1.322998811485752269e+00 1.050395897351671159e+00 1.526756393729537864e+00 4.371090591853586393e-01 1.098203709198831035e+00 5.930070842623732519e-01 8.263788376824111603e-01 1.453787178962387738e+00 7.770633944357627776e-01 1.063967401936451562e+00 7.530948767657430487e-01 1.098078285650815555e+00 8.218107353449317642e-01 5.344926883728352562e-01 1.489223650056133330e+00 4.623379349944236605e-01 7.700862106695361975e-01 1.393075589921410895e+00 7.735380352934065895e-01 9.564929059388443955e-01 1.583988813823474229e-01 1.247564434727551186e+00 1.365283967153236189e+00 7.522861444328374780e-01 3.641720196757218808e-01 6.694574433933500046e-01 1.168644481383981582e+00 1.343552889935602623e+00 9.935460781184950463e-01 1.076767720055600730e+00 1.169693577584565380e+00 1.430818608359170740e+00 1.011608437434814212e+00 9.311270426391127231e-01 1.731809225770531313e+00 6.158668018583859372e-01 1.122683724666400984e+00 8.998386684372609023e-01 1.342569699949800022e+00 4.229131981627858305e-01 1.073471895020390532e+00 8.272966735792358639e-01 1.291622040597049548e+00 6.720680965683878405e-01 4.917927241484551515e-01 9.203819149967725766e-01
1.001244792289111674e+00 8.943642055376370692e-01 5.963059229480306422e-01 5.936969208601212689e-01 8.739962752034957649e-01 5.942732270073445289e-01 8.344774522418062501e-01 6.037019956157920753e-01 5.814544671147724442e-01 1.216291146440970694e+00 1.011265430344087779e+00 0.000000000000000000e+00 6.196134727698789924e-01 5.587773154505599749e-01 4.910028135076671685e-01 7.981654272445504184e-01 4.476887191935746690e-01 9.147856029379931586e-01 4.277156038812527372e-01 6.292648467678341184e-01 6.000560117686132289e-01 3.562803564681150115e-01 3.281391878488140734e-01 7.560098400615991032e-01 3.158492433803207766e-01 3.157330874253358455e-01 3.204511159159642575e-01 7.002231499132809400e-01 5.740881589252884165e-01 6.346955310066080269e-01 6.739278054727897427e-01 6.540762748503635704e-01 6.596801328030631462e-01 3.118979049788668800e-01 6.105830202915042415e-01 7.148351119724701830e-01 6.850262908754377600e-01 5.596468648432958437e-01 2.721124381717826557e-01 4.026536244455688474e-01 5.487125032773958466e-01 5.105705926952512907e-01 9.922799233749725056e-01 2.327076223318956805e-01 3.530059694315857977e-01 4.257051313883301047e-01 2.256636546784163699e-01 6.989329834940509745e-01 4.972528989070561511e-01 3.848465676473475927e-01 7.331858243045581425e-01 6.844482310534124592e-01 6.887022988595915551e-01 4.733792982240724867e-01 7.145818241132606552e-01 4.086164888894134872e-01 6.262407179324890327e-01 7.977976611811621321e-01 1.893418904042063200e-01 5.198481246054735827e-01 7.888337665979179292e-01 4.564659626564934736e-01 3.524660458829823040e-01 4.950103854862016872e-01 8.238680183689337522e-01 1.799730926222790073e-01 1.910420015382657544e-01 8.487489769608862478e-01 6.534027274367424365e-01 5.589126376867096235e-01 3.431251246092230645e-01 3.871187410899409320e-01 6.675119444440382743e-01 2.301231022078671640e-01 8.770121848812697518e-01 4.765252645013979826e-01 3.973687639332760257e-01 7.355600334184974054e-01 8.161270526283943560e-01 5.209646829184935157e-01 1.775369482947602717e-01 7.057283543273172866e-01 6.695007934113594850e-01 4.687099780284161854e-01 4.449295563283848787e-01 4.806329049507935824e-01 3.220259072260645561e-01 3.866108513637833144e-01 7.614472241749015158e-01 7.904595522488523374e-01 6.216221067606529926e-01 5.640106864849513402e-01 5.935757044664004001e-01 6.851794416386003395e-01 4.552731875594407396e-01 5.883943939426535819e-01 3.659392267938362253e-01 1.130414692777482966e+00 9.607085731500438763e-01 7.328188596906097807e-01
5.669470974005530461e-01 1.473466673225938495e+00 8.519804791876761652e-01 1.153884737596848398e+00 6.277572499165724462e-01 8.116665395312041564e-01 6.387496369045507771e-01 8.690327257199098598e-01 1.193966803334113980e+00 7.391943432003408310e-01 5.570674357417725320e-01 6.196134727698789924e-01 0.000000000000000000e+00 1.095313843252034403e+00 4.806014087282075020e-01 4.731294889673114401e-01 1.050449098755898536e+00 4.626897208460984956e-01 4.749988834924907533e-01 3.860268974732951053e-01 3.949900913356605425e-01 5.324247368164873873e-01 7.817609556571555318e-01 1.165079635018809956e+00 4.922783181924402229e-01 8.759209041620629188e-01 7.679789432170138763e-01 5.539565042053874455e-01 8.904333076057301399e-01 1.213797998694909452e+00 3.782118883038896873e-01 4.041584979535092215e-01 4.359984999156030772e-01 9.274510683822054791e-01 4.299520423799149671e-01 2.621751268351927844e-01 2.509195473096197948e-01 9.501899184284487987e-01 5.898854738494252459e-01 2.368074603397257449e-01 6.741539989812446176e-01 6.642844005575810895e-01 5.269600599478740932e-01 6.080360299933880164e-01 8.835143681701457252e-01 1.008256734339801008e+00 8.311879475347321300e-01 4.595873062296598199e-01 1.057440715643783724e+00 6.616362765304848459e-01 2.953632822585840478e-01 4.836099509198941715e-01 2.883558184352201792e-01 1.084947827250532404e+00 1.022215731747921907e+00 6.726930837643632088e-01 1.141526812730565110e+00 3.723892022744378916e-01 7.173059215151535994e-01 2.406347788206296689e-01 5.273837314615170691e-01 1.062527645055060255e+00 4.461044247097863402e-01 6.917587412144677872e-01 5.366607801371153785e-01 7.060988484879353599e-01 4.305320506972226124e-01 4.159706423220763671e-01 1.188440570318301637e+00 1.733878873542080978e-01 3.745409260845896093e-01 1.001096152758530033e+00 5.088828403181908655e-01 5.642498350167270971e-01 4.213302496392444807e-01 9.461777046138928338e-01 9.749634102983325556e-01 4.790022902246336423e-01 3.364934942102086324e-01 3.686743636555188108e-01 7.772642429677194542e-01 1.026551382079444519e+00 6.927629983806640190e-01 7.753809899419420448e-01 7.844639965855920716e-01 1.040820721687520711e+00 6.248885929214600399e-01 6.297403125254541489e-01 1.340549691863203385e+00 4.142799473450359815e-01 8.219006449285695126e-01 5.146090874382877045e-01 1.041182969836141226e+00 1.814228296002303176e-01 6.782139619529941044e-01 5.265135938414049477e-01 9.049021960836952649e-01 6.607279227633029439e-01 4.875095369743757678e-01 5.500953308992585500e-01
1.488739162222162626e+00 5.431953362330834700e-01 9.511499026388582356e-01 5.473910943391260275e-01 1.173704038935700966e+00 1.149168263518017374e+00 1.340471153512240887e+00 5.481200705548286978e-01 6.387361882933298984e-01 1.623023637033062405e+00 1.411639803894367606e+00 5.587773154505599749e-01 1.095313843252034403e+00 0.000000000000000000e+00 6.296516650525011416e-01 1.054677453502830708e+00 4.437456156673052488e-01 1.344307173820952661e+00 9.625492362486403053e-01 1.012075389374797574e+00 1.104783347167128449e+00 7.521391086589299668e-01 3.299939958350545655e-01 3.159704142697163931e-01 8.520132709731542686e-01 3.124927787950645408e-01 7.167591976104531470e-01 8.024256004560406108e-01 2.995867342556463586e-01 2.729383981027346251e-01 1.065000754440835085e+00 1.158803610248879012e+00 9.174842088630651427e-01 4.715763393307565998e-01 1.076225814089527333e+00 1.114018490153645846e+00 1.172520660808489046e+00 5.650382864857906862e-01 5.695536762411357312e-01 8.649885337811108466e-01 5.250099987996145190e-01 7.510323203920122870e-01 1.415723974359041737e+00 7.864159446374221485e-01 2.152886012118131742e-01 2.248120907413790337e-01 5.735343532593496496e-01 1.028418204789991686e+00 3.733727568944359976e-01 9.412089254169606622e-01 1.119675916544008665e+00 1.189175566451927901e+00 1.188053272765259294e+00 5.820182953390775626e-01 3.140134787944219852e-01 7.637563641247107071e-01 3.585405057930016737e-01 1.226346082204750276e+00 3.929679789982836180e-01 1.021741846634660833e+00 1.151929276183119022e+00 4.680479824638247854e-01 7.519492929499802525e-01 8.822947945164144601e-01 1.059887297563818942e+00 6.931486738739660591e-01 6.866879448778889783e-01 1.336243346893936979e+00 1.639635145974411012e-01 9.624226087811058594e-01 8.584577872864708192e-01 3.772722725759105611e-01 9.333047474372652141e-01 7.870568065209513353e-01 1.278753814482405771e+00 1.678207721541873920e-01 1.625407664259859442e-01 1.125730481020039697e+00 1.220322788042929485e+00 7.595642677314238256e-01 3.972791275077614537e-01 4.581932727712276221e-01 6.429059080701238216e-01 3.627829717463891268e-01 7.068925098422357278e-01 4.670250125288092913e-01 8.403525968775251709e-01 4.844612605043130960e-01 4.077738767542244402e-01 1.003942729145772095e+00 4.561542788607063637e-01 8.713099459714306327e-01 1.578231980304186655e-01 1.092802370960257674e+00 1.007654200733981709e+00 6.429290058241917682e-01 5.923259654388374207e-01 1.541927019322474557e+00 1.364306949906846311e+00 1.213651666756097036e+00
8.741056444448948026e-01 1.150001491868465342e+00 5.710292035133227584e-01 8.774865636778951261e-01 5.576384106237392002e-01 7.479434976329306650e-01 7.510298429094637296e-01 4.768511879201890458e-01 1.011952525298233541e+00 9.933719719805599313e-01 7.819881388418661317e-01 4.910028135076671685e-01 4.806014087282075020e-01 6.296516650525011416e-01 0.000000000000000000e+00 4.655648265658061113e-01 9.076709209737725548e-01 7.146555087684507424e-01 4.760726429046553410e-01 3.824237243222968208e-01 5.142104747335333181e-01 3.354189711122365636e-01 3.331846500131525612e-01 7.624097408379884033e-01 4.293748360338340286e-01 6.484487965417006228e-01 7.096879915732116073e-01 2.862190867505507441e-01 4.398434775400146823e-01 8.776297472756326989e-01 4.353490893883338875e-01 5.676186929368800538e-01 3.159596721186667123e-01 7.461639295758686341e-01 5.167837053526969093e-01 4.843668251011449266e-01 5.712644300625387972e-01 7.198268554954593279e-01 2.371024352350095399e-01 2.533869296413889249e-01 2.274596725588801105e-01 4.479361636168278649e-01 7.860723093065399292e-01 5.582886830061821737e-01 5.443792897102928130e-01 7.960207135580708027e-01 6.953813657852748742e-01 4.022518411781361158e-01 7.498096910201904608e-01 5.884578155021046308e-01 4.946071082201023428e-01 5.986026940183328815e-01 5.871512302926347182e-01 9.029335492146517428e-01 5.868478762286576389e-01 4.373062857735926512e-01 9.220825199970983377e-01 5.966944171522490237e-01 4.423935070441761264e-01 4.208398041620364793e-01 5.812829078758958712e-01 8.657079333576446212e-01 1.715706649830974762e-01 4.888751421216374626e-01 4.673231554696403167e-01 6.227425902838372718e-01 3.307596128901448274e-01 7.087789676511107029e-01 7.316724158850482773e-01 3.327709437286046068e-01 3.372373071449226156e-01 8.204809537234170058e-01 3.626125685332520221e-01 4.894837331593374641e-01 6.491021494299048511e-01 4.687958305504559275e-01 7.031360674434785629e-01 4.960788159675386666e-01 5.906711229904275662e-01 1.547313974205686005e-01 5.968147282998033099e-01 6.444659771856280361e-01 2.960223331455887341e-01 3.118345346325304135e-01 5.728348364967649209e-01 8.033851488352410364e-01 5.945190764168544195e-01 1.491389037972467857e-01 1.012717331846478386e+00 4.148301022087474976e-01 3.859296233426226519e-01 4.171561261851903235e-01 5.849411979149578000e-01 4.631507059077566990e-01 6.108825356419981256e-01 1.420587036566623718e-01 8.230266007590945065e-01 9.122753542699731932e-01 7.346552848543447256e-01 6.501178538134539941e-01
5.982153837193926460e-01 1.451281458822769155e+00 1.008992066652286912e+00 1.333270959130627098e+00 4.836394554689708025e-01 9.443016739755928368e-01 4.816009920389177079e-01 5.999065108807947189e-01 1.356869586992853094e+00 8.006096258841904900e-01 6.103540969074420230e-01 7.981654272445504184e-01 4.731294889673114401e-01 1.054677453502830708e+00 4.655648265658061113e-01 0.000000000000000000e+00 9.805749852748890660e-01 4.282881444261493753e-01 4.256297834753270948e-01 5.114085323525212612e-01 4.932064690123091344e-01 7.073806084863693000e-01 7.699332874458226783e-01 8.976031710915202133e-01 6.272066495306594103e-01 1.075877550536620486e+00 6.948768233364662761e-01 2.859692823527306693e-01 7.780435468145944222e-01 1.174153674513802592e+00 3.009952132469784214e-01 2.871366460048439539e-01 2.854550117476802318e-01 1.080833164874574148e+00 2.626156710208158440e-01 3.506378470841058914e-01 3.448426976744622952e-01 7.890315118985734566e-01 7.021581858455695491e-01 4.597798856055942962e-01 5.460945503998546613e-01 4.675929819254541209e-01 5.705411272434171011e-01 6.261932746414424766e-01 9.922817728485066047e-01 1.201131236092564558e+00 8.726848449997648416e-01 4.788503121824458364e-01 1.205542475345462661e+00 7.754268420734579115e-01 1.936903190285324261e-01 4.799312293679143804e-01 1.871567192902662269e-01 1.258337845216831674e+00 8.214790297989111867e-01 8.676296107068348640e-01 1.003218348992802378e+00 2.036681799789772374e-01 9.079583336099821267e-01 3.409001929374439466e-01 2.383104398376305888e-01 1.240838294925003193e+00 5.450184016320096525e-01 8.782078193079645434e-01 2.935120826927410387e-01 7.052311448471932920e-01 6.266247152294189826e-01 4.404815673859592273e-01 1.042046432034162917e+00 3.663933564467519166e-01 4.698846423312093568e-01 1.091470703715059942e+00 1.633569225782116330e-01 7.168887051331475080e-01 4.760229488102222239e-01 8.892646043870280348e-01 1.150336319390930839e+00 4.751198218701369602e-01 4.157377171258869186e-01 3.273884275989816794e-01 9.663643037941906933e-01 7.665415397520269902e-01 4.477936066552850591e-01 6.991957892601534663e-01 6.233055900557167295e-01 1.240777368062077946e+00 5.628502933025562038e-01 6.034347281027163667e-01 1.312474350743511708e+00 1.455742207108813302e-01 6.385361270260494493e-01 3.363570901559119197e-01 9.348222715172607167e-01 4.008243166877533681e-01 8.139059852938127504e-01 4.185328654540457771e-01 8.377724110553036452e-01 7.002755680533329086e-01 5.191272457270064145e-01 3.945791689784389766e-01
