0.000000000000000000e+00 3.117929553513546281e+01 2.103469678825978306e+01 2.050459685837770607e+01 1.645968238986881715e+01 1.535995468494171590e+01 2.278368554152683245e+01 1.259994466247976774e+01 1.220997848038515166e+01 2.262241522544873007e+01 1.210921941091045717e+01 2.099217403849986852e+01 1.359411763716352262e+01 2.494473810769522260e+01 1.142186273130124974e+01 8.528178178303313928e+00 1.608250149183689004e+01 2.492662984863327225e+01 1.405879483149698750e+01 1.930075477319869037e+01 7.877974991306885499e+00 7.085716478957936104e+00 1.884461979510241036e+01 2.935830221363284664e+01 6.895664496534555710e+00 2.499364886709383882e+01 1.956071332083442016e+01 2.528572921097373083e+01 2.083076314325581180e+01 6.766347616027400313e+00 1.532244258073547627e+01 2.374990593607489586e+01 1.477172031864168744e+01 6.420339291266270010e+00 1.576410032182640286e+01 1.598125829116212060e+01 1.832511402350398200e+01 2.617845537199188044e+01 1.524101762045584074e+01 1.993902223898166426e+01 1.022233774579885512e+01 2.286010399347463107e+01 1.923448028142070143e+01 1.094993800639637627e+01 1.057697402295538502e+01 1.527775549559001078e+01 1.114738514958682813e+01 1.675093722024346121e+01 6.874264829544747712e+00 2.020387966609677122e+01
3.117929553513546281e+01 0.000000000000000000e+00 3.026820370366638357e+01 2.063920204918581547e+01 1.631274493743511655e+01 1.963292101253089683e+01 1.333908020227208269e+01 2.635263708731699950e+01 3.131893048259160039e+01 1.253512318248945157e+01 3.051412329952508173e+01 1.134158489945651560e+01 2.004331316632824311e+01 1.116148575014938160e+01 2.406228444358271901e+01 2.294108888342421082e+01 1.790200351051998240e+01 8.341030064383526010e+00 2.372695502138623525e+01 2.000896107297340265e+01 3.376532316339120143e+01 3.351548395271570513e+01 1.298054048305501951e+01 7.049261508700878309e+00 2.456401086147272039e+01 6.891918677095865142e+00 1.435576191751280462e+01 6.819312988709987700e+00 1.073803130747003820e+01 2.707753141111791706e+01 2.618100363843417355e+01 1.731999420079022656e+01 1.702920879736434046e+01 2.729273789853189669e+01 2.963773834990240275e+01 1.841649431290954553e+01 2.215961189396157849e+01 5.626507538519925689e+00 2.406196827622651213e+01 1.242192098484316887e+01 2.521341206259656786e+01 1.393415150278745074e+01 2.638096756209665728e+01 2.204186773213111294e+01 2.188759029081202456e+01 1.661638384720651374e+01 2.244284453033315430e+01 2.085608561736395927e+01 2.875389932610572785e+01 1.505831850961033069e+01
2.103469678825978306e+01 3.026820370366638357e+01 0.000000000000000000e+00 2.910579090586413997e+01 1.628909588000655617e+01 2.694482412691699835e+01 2.232906775870377203e+01 2.259568899600253644e+01 1.275294528544055161e+01 3.530865537168883606e+01 1.157271441009893564e+01 2.704675681046082403e+01 1.153397745429560750e+01 2.657937820443509480e+01 2.713857475265509223e+01 1.887822892931045970e+01 2.040147234371105611e+01 2.212789208524440454e+01 8.566673631341926054e+00 3.444820200815180300e+01 1.920190169609627162e+01 1.810724324879896940e+01 2.931598349413794224e+01 3.254791687253739241e+01 1.598362265379361347e+01 2.456552383020057562e+01 1.591244178615358074e+01 3.517660494058412013e+01 2.283929483345068334e+01 1.513467822461318057e+01 6.300368972311113147e+00 2.888339413051295068e+01 2.062436104624891797e+01 2.181173788895279486e+01 6.914228080127207576e+00 2.993877023759205969e+01 2.553642751756951412e+01 2.818428405844672824e+01 2.762162269308511497e+01 2.053630274154591007e+01 1.153899912266311567e+01 3.187918301624825190e+01 5.315985669219303489e+00 1.380788802567812645e+01 2.384437738439844523e+01 2.394350704508482508e+01 1.853488587742112870e+01 3.057058151884411501e+01 1.484891777822875980e+01 2.439865243989608601e+01
2.050459685837770607e+01 2.063920204918581547e+01 2.910579090586413997e+01 0.000000000000000000e+00 2.468369615826176044e+01 1.758726369696951863e+01 1.742911007114378208e+01 1.258624920642779799e+01 2.911390935255580814e+01 1.220525781043289903e+01 2.399451338601655337e+01 2.293677621812881284e+01 1.757181345156852359e+01 1.043247653062920932e+01 9.456469650207470323e+00 1.810926616936120226e+01 8.704318562153087413e+00 2.116680374021730771e+01 2.545008528817223592e+01 7.915692179753715862e+00 2.716315472478104454e+01 2.475609583463486985e+01 1.682418270808134864e+01 1.381379148931905654e+01 1.584466472425186723e+01 1.570800861330776321e+01 1.781154044558841321e+01 1.858037716809813844e+01 2.736429809894790210e+01 2.319581554043821470e+01 2.385605469524044508e+01 6.644469938372735918e+00 2.216567867540027237e+01 1.439263935807224826e+01 3.016301011635029639e+01 1.112784733096208534e+01 6.149255389967415830e+00 2.507470941521267349e+01 5.900773647741308636e+00 1.227639043952334319e+01 1.984879942676214881e+01 7.171043598560816079e+00 2.672866330967089610e+01 2.331080585481739220e+01 1.499828501682075022e+01 1.816744253109928664e+01 1.101529446949806257e+01 5.683748014359449208e+00 2.074844954720401091e+01 6.992374935024721516e+00
1.645968238986881715e+01 1.631274493743511655e+01 1.628909588000655617e+01 2.468369615826176044e+01 0.000000000000000000e+00 1.533801725314440034e+01 1.362227938018335216e+01 2.260286256889506618e+01 1.513842814982010943e+01 2.317492021106612654e+01 2.094959966017194120e+01 1.139670143290064352e+01 1.123302897824420477e+01 1.984982879464367755e+01 1.694596965282472212e+01 8.953887773927762694e+00 1.605716153626772424e+01 8.694811189710755173e+00 8.264702251468584393e+00 2.334900074935600145e+01 1.774712909785172243e+01 2.333261447851059245e+01 1.647224274301990832e+01 2.235989231138596267e+01 1.802761838985370701e+01 1.451836930011291216e+01 6.921996849422972886e+00 1.900801538382253852e+01 6.583928613326661683e+00 1.092377283284485223e+01 1.472744781083811993e+01 2.300373030936040308e+01 6.960328707147076521e+00 1.605036303244992268e+01 1.387100268054534524e+01 1.802827490712840941e+01 2.179100405451512401e+01 1.215566227841826397e+01 2.207075815676511610e+01 1.452844264997444235e+01 1.636504813203175956e+01 2.551480822704944984e+01 1.254171339018610709e+01 5.990228152182486276e+00 1.244228671134644770e+01 1.155895198162561144e+01 1.782912745960834755e+01 2.178206833007844878e+01 2.111999908123586422e+01 1.874029583480353978e+01
1.535995468494171590e+01 1.963292101253089683e+01 2.694482412691699835e+01 1.758726369696951863e+01 1.533801725314440034e+01 0.000000000000000000e+00 2.877145709566818610e+01 1.836131023054859313e+01 2.072205931198182682e+01 1.261194731058727569e+01 2.545398736010960761e+01 1.105311716958307677e+01 2.356202980984111406e+01 2.100057274580669997e+01 9.265626507473164963e+00 8.887521101132255907e+00 2.354653658431359275e+01 2.168082355696832408e+01 1.837815049557508118e+01 1.272199991032324817e+01 2.091311544994926308e+01 2.214445960078781539e+01 7.556061021405689360e+00 1.878321675529270252e+01 1.752541767245598336e+01 2.591660718886818060e+01 2.196829783045450313e+01 1.399717043727701160e+01 1.500168566323326047e+01 1.520217830039172746e+01 2.724300441350800384e+01 1.893160589772720570e+01 9.242661614271062476e+00 1.158401516945681742e+01 2.271157015445094629e+01 7.079406149272180926e+00 1.977936265214037093e+01 1.661711075148206618e+01 1.467181727815600389e+01 2.583521797394418229e+01 2.253693211765865101e+01 1.532052629107008102e+01 2.364996817499649850e+01 1.326813488306274103e+01 5.111455021355618911e+00 5.292953483282926364e+00 1.957104487075321586e+01 1.214596458125278211e+01 2.043009957612798644e+01 2.136613733185832587e+01
2.278368554152683245e+01 1.333908020227208269e+01 2.232906775870377203e+01 1.742911007114378208e+01 1.362227938018335216e+01 2.877145709566818610e+01 0.000000000000000000e+00 1.858291525253386212e+01 2.426102901426761704e+01 2.120355580350625502e+01 2.174953089898697556e+01 2.103217322853334537e+01 1.136283835345844295e+01 1.087602587202894355e+01 2.434043804018197577e+01 2.086118440995977963e+01 1.025947727414441779e+01 8.782680278222159131e+00 1.585272560353201143e+01 2.051341940956483256e+01 2.895857829677369821e+01 2.477826324314152373e+01 2.558979645797553459e+01 1.510322021820420346e+01 1.588802104499228207e+01 7.229250290513031807e+00 6.803159265213689189e+00 1.914868704210421413e+01 1.478199289357988100e+01 2.211556690200258402e+01 1.787973217798892733e+01 1.427506043146913584e+01 1.972679877076720345e+01 2.050915869677635683e+01 2.173758619341913700e+01 2.388144663503269882e+01 1.599331979239181933e+01 1.577685169079693139e+01 2.010561955616189067e+01 5.398450080926656014e+00 1.641218912672878005e+01 1.654100530443470518e+01 1.844183161713404218e+01 1.725783829084291199e+01 2.577807750542502774e+01 2.418220000089907273e+01 1.399643226292713827e+01 2.039732658409662136e+01 2.001667861653154645e+01 1.077855316498506610e+01
1.259994466247976774e+01 2.635263708731699950e+01 2.259568899600253644e+01 1.258624920642779799e+01 2.260286256889506618e+01 1.836131023054859313e+01 1.858291525253386212e+01 0.000000000000000000e+00 2.364179699197131512e+01 2.003603299964051487e+01 1.614747418415470648e+01 2.512957048472964772e+01 1.205170531057575012e+01 1.644880207452642651e+01 9.342918692105683931e+00 1.531799264670149974e+01 8.484377907238425109e+00 2.277951476375414330e+01 2.081385677219612873e+01 1.523082920950217378e+01 2.018676972883705290e+01 1.540568334148615115e+01 2.026302199079611910e+01 2.330779009702674998e+01 7.097158034983675812e+00 1.951270176491063069e+01 1.693696313848219503e+01 2.603552882506884458e+01 2.780490421260111944e+01 1.748630886728928502e+01 1.725899404795063319e+01 1.437551320681660094e+01 2.121133763406179540e+01 8.072160672997538811e+00 2.524497841762578432e+01 1.470095755359603373e+01 8.245688125136634739e+00 2.961555528478900001e+01 7.265582405628256524e+00 1.406432333619433450e+01 1.262211047517402562e+01 1.676770588588511757e+01 2.068628963360109196e+01 1.890582314177474288e+01 1.435739715376365488e+01 1.944750829653690261e+01 4.964050791398731732e+00 1.096406195320720123e+01 1.160740792826753598e+01 1.153078851782735370e+01
1.220997848038515166e+01 3.131893048259160039e+01 1.275294528544055161e+01 2.911390935255580814e+01 1.513842814982010943e+01 2.072205931198182682e+01 2.426102901426761704e+01 2.364179699197131512e+01 0.000000000000000000e+00 2.904416485038958129e+01 2.146704033968901015e+01 2.322932504225852668e+01 1.732640192227269083e+01 3.048691715332205376e+01 1.984946674781138398e+01 1.183453821084956914e+01 2.523068107874826183e+01 2.310975746955401533e+01 8.616108198284980091e+00 2.696424909859846153e+01 7.838922190665614131e+00 1.610300250768506203e+01 2.383516365830852735e+01 3.452833500695781765e+01 1.904436726408308544e+01 2.612949690309306661e+01 1.745786974905393407e+01 3.016895947251306254e+01 2.128972793039934785e+01 6.300560850067403962e+00 1.487789011559707397e+01 3.291912934981882444e+01 1.646873074593856145e+01 1.642721256696991361e+01 5.929870386981615837e+00 2.244079238431128687e+01 2.966237694266815339e+01 2.698132579443224088e+01 2.458648182847595010e+01 2.444384169043286548e+01 1.961313455102430225e+01 3.040914825915760034e+01 1.151375705842363750e+01 9.382742476051955549e+00 1.636077539888298560e+01 1.897425666901756713e+01 2.250943563994658092e+01 2.503150446286273123e+01 1.776005764009445542e+01 2.865569487526197179e+01
2.262241522544873007e+01 1.253512318248945157e+01 3.530865537168883606e+01 1.220525781043289903e+01 2.317492021106612654e+01 1.261194731058727569e+01 2.120355580350625502e+01 2.003603299964051487e+01 2.904416485038958129e+01 0.000000000000000000e+00 3.193671051946776274e+01 1.305322238382825617e+01 2.555024189509914478e+01 1.047569383590421488e+01 1.232973703569702195e+01 1.778182597654572206e+01 1.749412872042669775e+01 2.053480525188381378e+01 2.674198174034691178e+01 8.353489512285671381e+00 2.858609323904438781e+01 2.922996690188282543e+01 6.995927817085641820e+00 7.127282218015526638e+00 2.345896737026490086e+01 1.514656597287936002e+01 2.345643834629397873e+01 7.144227060764607451e+00 1.913367296147604790e+01 2.316114333568890515e+01 3.201689916237202738e+01 1.084930968256950834e+01 1.657221752793680025e+01 1.813815059305456145e+01 3.137489333254511337e+01 6.743783269251165002e+00 1.600605599715760263e+01 1.438277042905434477e+01 1.487412303505417022e+01 1.653324369703351948e+01 2.880024238956148608e+01 5.364140898384512468e+00 3.201379941976833265e+01 2.166123469028405424e+01 1.386041729066305805e+01 1.186892781014858045e+01 2.033054309564371209e+01 9.723483462591335780e+00 2.715721714254502572e+01 1.328384111670061962e+01
1.210921941091045717e+01 3.051412329952508173e+01 1.157271441009893564e+01 2.399451338601655337e+01 2.094959966017194120e+01 2.545398736010960761e+01 2.174953089898697556e+01 1.614747418415470648e+01 2.146704033968901015e+01 3.193671051946776274e+01 0.000000000000000000e+00 3.194165003381827361e+01 1.084255151145754148e+01 2.491366463708316559e+01 1.960697348377073723e+01 2.003417927234680107e+01 1.667084221234103936e+01 2.425736780414501936e+01 1.622955121177070481e+01 2.760642566835352696e+01 1.545794728747109126e+01 7.809925756336765446e+00 2.873821794895403414e+01 3.124449897685905242e+01 9.189205517764099440e+00 2.412940755732381604e+01 1.736416775913205512e+01 3.517932736482536171e+01 2.663995624873077617e+01 1.856869021910224404e+01 7.266665347420799392e+00 2.554581190194975449e+01 2.618823866295757696e+01 1.410864477361008440e+01 1.668879676080253560e+01 2.535967874467857186e+01 2.024003656391523975e+01 3.153326340192455746e+01 2.100582505561160218e+01 1.931958266160496862e+01 5.377596008099621017e+00 2.820294922070164745e+01 1.245186245169871420e+01 2.082156838916856145e+01 2.081948815160178512e+01 2.605451131403296472e+01 1.323849492376685610e+01 2.386654702851402021e+01 5.343271519018812477e+00 2.125325560882070164e+01
2.099217403849986852e+01 1.134158489945651560e+01 2.704675681046082403e+01 2.293677621812881284e+01 1.139670143290064352e+01 1.105311716958307677e+01 2.103217322853334537e+01 2.512957048472964772e+01 2.322932504225852668e+01 1.305322238382825617e+01 3.194165003381827361e+01 0.000000000000000000e+00 2.251641774006117203e+01 2.149963200950560704e+01 1.595181425894070060e+01 1.246399586019655281e+01 2.663632162604463716e+01 1.225991593462484452e+01 1.885112872403115958e+01 1.775036542469016609e+01 2.425114961168267769e+01 2.796633351833628112e+01 6.870253694734301142e+00 1.475571970224002527e+01 2.407172995581577979e+01 1.684051743996133865e+01 1.777489894461892206e+01 8.268762795619233330e+00 6.418465614858799739e+00 1.775684317179407401e+01 2.585534470945638574e+01 2.336133817987728278e+01 6.760594296319959007e+00 1.812943908077440724e+01 2.436576894532931448e+01 1.188925957684240586e+01 2.617489112249115735e+01 5.958368028051542531e+00 2.132107579798763197e+01 2.129723482059560524e+01 2.764972671727354125e+01 1.815052140413212811e+01 2.338155268403899001e+01 1.468281589146756794e+01 1.172916066630743792e+01 6.138112275302720633e+00 2.613097640740255656e+01 1.760260578749797489e+01 2.678399611219322196e+01 2.572396951464136450e+01
1.359411763716352262e+01 2.004331316632824311e+01 1.153397745429560750e+01 1.757181345156852359e+01 1.123302897824420477e+01 2.356202980984111406e+01 1.136283835345844295e+01 1.205170531057575012e+01 1.732640192227269083e+01 2.555024189509914478e+01 1.084255151145754148e+01 2.251641774006117203e+01 0.000000000000000000e+00 1.532134062005529884e+01 1.719484809178432627e+01 1.642348555823378931e+01 8.867494889415439729e+00 1.351784202053168116e+01 8.926998117317978654e+00 2.297702647469006365e+01 2.116898035731818695e+01 1.465091644436416374e+01 2.679537210557917604e+01 2.128987928815760355e+01 6.794589411609502250e+00 1.386898495704512513e+01 6.581730375032480929e+00 2.578842170863629590e+01 1.651767938244403666e+01 1.577491634721247493e+01 6.696989816973605514e+00 1.741440271355853753e+01 1.739771593143626660e+01 1.201230321969002546e+01 1.348160711725986083e+01 2.313291833126436003e+01 1.417195746276872015e+01 2.101174747053694958e+01 1.746860538165443089e+01 9.278265157166112331e+00 5.560266907983735685e+00 2.045990048542319073e+01 9.291664355985840729e+00 1.133160971059963984e+01 1.894203822666504067e+01 2.133474286061900216e+01 7.687026339841965594e+00 2.054307699812538246e+01 9.918444738825810347e+00 1.286467498560048028e+01
2.494473810769522260e+01 1.116148575014938160e+01 2.657937820443509480e+01 1.043247653062920932e+01 1.984982879464367755e+01 2.100057274580669997e+01 1.087602587202894355e+01 1.644880207452642651e+01 3.048691715332205376e+01 1.047569383590421488e+01 2.491366463708316559e+01 2.149963200950560704e+01 1.532134062005529884e+01 0.000000000000000000e+00 1.643945453489455844e+01 2.445350104388559487e+01 8.877395696021443072e+00 1.297118453489826351e+01 2.200200280059294400e+01 1.090753978705522442e+01 3.251960082784988515e+01 2.725806548827291564e+01 1.688457106481317993e+01 6.858988022500322579e+00 1.820104064292199908e+01 6.590521976044742658e+00 1.330049956532202771e+01 1.408514323663238699e+01 1.953258097571083596e+01 2.851603824662035080e+01 2.190884149074971532e+01 6.298356932815562637e+00 2.575896616939769856e+01 2.190035026080217762e+01 2.686817274282567780e+01 1.402727852477833359e+01 1.175965847176190415e+01 1.648585417947152720e+01 1.422918997189914236e+01 6.209492058455676755e+00 1.972005739543383029e+01 5.684870444663222777e+00 2.346363631631184532e+01 2.365830963546067522e+01 2.057562071063419040e+01 2.105567645160947876e+01 1.387903198020003970e+01 1.122700317803633219e+01 2.285636861186875279e+01 4.918013556699072808e+00
1.142186273130124974e+01 2.406228444358271901e+01 2.713857475265509223e+01 9.456469650207470323e+00 1.694596965282472212e+01 9.265626507473164963e+00 2.434043804018197577e+01 9.342918692105683931e+00 1.984946674781138398e+01 1.232973703569702195e+01 1.960697348377073723e+01 1.595181425894070060e+01 1.719484809178432627e+01 1.643945453489455844e+01 0.000000000000000000e+00 8.817837925445253688e+00 1.474279510173073682e+01 2.554553695426040605e+01 1.912939322341379267e+01 8.166130492851646494e+00 1.791042027363707234e+01 1.732827629897006005e+01 1.122237389908870142e+01 1.837819080419112794e+01 1.134686930255850790e+01 2.297449821114750890e+01 2.284607668430837890e+01 1.761662704493975085e+01 1.996551848042950894e+01 1.394308108929424073e+01 2.157061018880107284e+01 1.327706818419283685e+01 1.293041446894666535e+01 5.921403806739027331e+00 2.262076523022366814e+01 6.208980447406401204e+00 1.083535235657584828e+01 2.147859087834586589e+01 5.451696307585702783e+00 1.943567676425052682e+01 1.647050535386446057e+01 1.180301088339167492e+01 2.440121090283520289e+01 1.401937761090145429e+01 5.763020810367138758e+00 1.029805595454558897e+01 1.282144810888696540e+01 5.452542134818895825e+00 1.482748010684800555e+01 1.433993489522179665e+01
8.528178178303313928e+00 2.294108888342421082e+01 1.887822892931045970e+01 1.810926616936120226e+01 8.953887773927762694e+00 8.887521101132255907e+00 2.086118440995977963e+01 1.531799264670149974e+01 1.183453821084956914e+01 1.778182597654572206e+01 2.003417927234680107e+01 1.246399586019655281e+01 1.642348555823378931e+01 2.445350104388559487e+01 8.817837925445253688e+00 0.000000000000000000e+00 2.031678467223696316e+01 1.742083523269220890e+01 1.031155529796853365e+01 1.573114251100502869e+01 1.229740070764850479e+01 1.550233765813972475e+01 1.211274818856286650e+01 2.377525993808347593e+01 1.267538883903048230e+01 2.243650633702403141e+01 1.405802514474609666e+01 1.844654400276739636e+01 1.259928798004106731e+01 6.314657199259473330e+00 1.917640921590145808e+01 2.199507624328419553e+01 6.277830928610687700e+00 7.316336488688955697e+00 1.392587221043317314e+01 1.119684519222330898e+01 1.896549469427150214e+01 1.768456598196087981e+01 1.358183864528135132e+01 2.139225600624266121e+01 1.753586075277057432e+01 1.916520106706963134e+01 1.558337297738995275e+01 5.201539685456194384e+00 4.966148455087986413e+00 7.267734870905712796e+00 1.510692832353793413e+01 1.399987564049660449e+01 1.473433605089381260e+01 2.293571133854483790e+01
1.608250149183689004e+01 1.790200351051998240e+01 2.040147234371105611e+01 8.704318562153087413e+00 1.605716153626772424e+01 2.354653658431359275e+01 1.025947727414441779e+01 8.484377907238425109e+00 2.523068107874826183e+01 1.749412872042669775e+01 1.667084221234103936e+01 2.663632162604463716e+01 8.867494889415439729e+00 8.877395696021443072e+00 1.474279510173073682e+01 2.031678467223696316e+01 0.000000000000000000e+00 1.444976432916026887e+01 1.674576672601915206e+01 1.419991885636220097e+01 2.365736421199156680e+01 1.839582887241459019e+01 2.308634443743989451e+01 1.568926224440281558e+01 9.338804027063671853e+00 1.102832385767219847e+01 9.550513010984237994e+00 2.259579889648997408e+01 2.064725868789086505e+01 2.153629118625265448e+01 1.515173613308736122e+01 9.173561374599328744e+00 2.273840933434560441e+01 1.323117462930115806e+01 2.145869155419721253e+01 1.780880443600655738e+01 5.733842518247395326e+00 2.124591788941024717e+01 1.023035408011069336e+01 5.579945428955911169e+00 1.214482047694481359e+01 1.230725667717047855e+01 1.802434474751781224e+01 1.853945430837250896e+01 2.016090963627616972e+01 2.452633597056090409e+01 5.320147586488545244e+00 1.224857296175957444e+01 1.399413199601042734e+01 4.772744904285592504e+00
2.492662984863327225e+01 8.341030064383526010e+00 2.212789208524440454e+01 2.116680374021730771e+01 8.694811189710755173e+00 2.168082355696832408e+01 8.782680278222159131e+00 2.277951476375414330e+01 2.310975746955401533e+01 2.053480525188381378e+01 2.425736780414501936e+01 1.225991593462484452e+01 1.351784202053168116e+01 1.297118453489826351e+01 2.554553695426040605e+01 1.742083523269220890e+01 1.444976432916026887e+01 0.000000000000000000e+00 1.558664340296424911e+01 2.365742167719763245e+01 2.609421379379968187e+01 2.794661465934836286e+01 1.897690971887319478e+01 1.378904065614541707e+01 1.951549354918552837e+01 6.760170577276227277e+00 6.936111645499202005e+00 1.469745610243192502e+01 6.679137893735067166e+00 1.920871497119248872e+01 1.880088326559132739e+01 1.755247827643092151e+01 1.359990866766542617e+01 2.414514389537278660e+01 2.149742673148041661e+01 2.359806350336930336e+01 2.018360684740766686e+01 8.079451792132976706e+00 2.422197735596144952e+01 9.120607402025671107e+00 1.903886986411470161e+01 1.865525363385349422e+01 1.824065594367467469e+01 1.435098636003281491e+01 2.113709790105719932e+01 1.641233056305117444e+01 1.785735759510716747e+01 2.376177525070333374e+01 2.318503003273838559e+01 1.430145504528741007e+01
1.405879483149698750e+01 2.372695502138623525e+01 8.566673631341926054e+00 2.545008528817223592e+01 8.264702251468584393e+00 1.837815049557508118e+01 1.585272560353201143e+01 2.081385677219612873e+01 8.616108198284980091e+00 2.674198174034691178e+01 1.622955121177070481e+01 1.885112872403115958e+01 8.926998117317978654e+00 2.200200280059294400e+01 1.912939322341379267e+01 1.031155529796853365e+01 1.674576672601915206e+01 1.558664340296424911e+01 0.000000000000000000e+00 2.604269780897356412e+01 1.369972074466583756e+01 2.034969575761896010e+01 2.074930986279601441e+01 2.636739655915613056e+01 1.471020343686868870e+01 1.804282025791256672e+01 9.371193103873427077e+00 2.676634561440646110e+01 1.478762963493437432e+01 7.431291749638107902e+00 9.588622230903499855e+00 2.443421499708971822e+01 1.223157281498907345e+01 1.614039777323869629e+01 5.910783328516169277e+00 2.137209660625013186e+01 2.222962542017326015e+01 2.038002185626977791e+01 2.389339394324988675e+01 1.595892733770375571e+01 1.238423658241717185e+01 2.733934896143050608e+01 5.271817679421419101e+00 5.241214394336199511e+00 1.527770375305651918e+01 1.537683341374289725e+01 1.654589670714359428e+01 2.431143093846513992e+01 1.725296038122326081e+01 2.017078052253286558e+01
1.930075477319869037e+01 2.000896107297340265e+01 3.444820200815180300e+01 7.915692179753715862e+00 2.334900074935600145e+01 1.272199991032324817e+01 2.051341940956483256e+01 1.523082920950217378e+01 2.696424909859846153e+01 8.353489512285671381e+00 2.760642566835352696e+01 1.775036542469016609e+01 2.297702647469006365e+01 1.090753978705522442e+01 8.166130492851646494e+00 1.573114251100502869e+01 1.419991885636220097e+01 2.365742167719763245e+01 2.604269780897356412e+01 0.000000000000000000e+00 2.572034168600812265e+01 2.536710081400871886e+01 1.143249967930504063e+01 1.302457138216526111e+01 1.878208822150724799e+01 1.746238969513450101e+01 2.250745977470534243e+01 1.532517240568136785e+01 2.269925976436694981e+01 2.108122758389777829e+01 2.907286811436969387e+01 8.286275464091046317e+00 1.757872090969967616e+01 1.407024885124105396e+01 2.965701472143820538e+01 5.863013455056970358e+00 1.239125357907444602e+01 2.201727831120147627e+01 9.714848065823781909e+00 1.547565935005103022e+01 2.430704066169760935e+01 6.268953934830416408e+00 3.131451548839498500e+01 2.093268219646122930e+01 1.185326217775361712e+01 1.306809496085021927e+01 1.684230652571715225e+01 4.782012638258629877e+00 2.283708317285372047e+01 1.069169112565639423e+01
7.877974991306885499e+00 3.376532316339120143e+01 1.920190169609627162e+01 2.716315472478104454e+01 1.774712909785172243e+01 2.091311544994926308e+01 2.895857829677369821e+01 2.018676972883705290e+01 7.838922190665614131e+00 2.858609323904438781e+01 1.545794728747109126e+01 2.425114961168267769e+01 2.116898035731818695e+01 3.251960082784988515e+01 1.791042027363707234e+01 1.229740070764850479e+01 2.365736421199156680e+01 2.609421379379968187e+01 1.369972074466583756e+01 2.572034168600812265e+01 0.000000000000000000e+00 8.854506180120829129e+00 2.433297365209458718e+01 3.531218490880890215e+01 1.447052721668922537e+01 3.064766368632716365e+01 2.215541903156001524e+01 3.066676946629911527e+01 2.345916746502864925e+01 7.172035604191510316e+00 1.952119081588801563e+01 3.107895712616993578e+01 1.762448726313255776e+01 1.349510056761056376e+01 1.318167632520142618e+01 2.194493630475777834e+01 2.595423939795600177e+01 2.895114491490701880e+01 2.251505733036724166e+01 2.751388495913632681e+01 1.650224887792162676e+01 2.927969090628405269e+01 1.749179707309276566e+01 1.205358598168388973e+01 1.612539923009657983e+01 1.948796033443743880e+01 1.877651052403883369e+01 2.323949476257928737e+01 1.146981285136635798e+01 2.783300504054877322e+01
7.085716478957936104e+00 3.351548395271570513e+01 1.810724324879896940e+01 2.475609583463486985e+01 2.333261447851059245e+01 2.214445960078781539e+01 2.477826324314152373e+01 1.540568334148615115e+01 1.610300250768506203e+01 2.922996690188282543e+01 7.809925756336765446e+00 2.796633351833628112e+01 1.465091644436416374e+01 2.725806548827291564e+01 1.732827629897006005e+01 1.550233765813972475e+01 1.839582887241459019e+01 2.794661465934836286e+01 2.034969575761896010e+01 2.536710081400871886e+01 8.854506180120829129e+00 0.000000000000000000e+00 2.558263891854419114e+01 3.392190829812188468e+01 9.208991877112255864e+00 2.709066099372937231e+01 2.101050301384915997e+01 3.202374833441550805e+01 2.771049930760563385e+01 1.308588966520738595e+01 1.257410719620489381e+01 2.646893536143245029e+01 2.165145648299151659e+01 1.144653333375291915e+01 2.024593003222597787e+01 2.258880996759621596e+01 2.113085270251036718e+01 3.305819153634170249e+01 1.949251659671300629e+01 2.219912720129497075e+01 9.555165258238513815e+00 2.853803081676247544e+01 1.803097411471013700e+01 1.773354955480516537e+01 1.742753264789010359e+01 2.222049187845524898e+01 1.388639510010471945e+01 2.194922080590455593e+01 4.761584626609984383e+00 2.266107173573475819e+01
1.884461979510241036e+01 1.298054048305501951e+01 2.931598349413794224e+01 1.682418270808134864e+01 1.647224274301990832e+01 7.556061021405689360e+00 2.558979645797553459e+01 2.026302199079611910e+01 2.383516365830852735e+01 6.995927817085641820e+00 2.873821794895403414e+01 6.870253694734301142e+00 2.679537210557917604e+01 1.688457106481317993e+01 1.122237389908870142e+01 1.211274818856286650e+01 2.308634443743989451e+01 1.897690971887319478e+01 2.074930986279601441e+01 1.143249967930504063e+01 2.433297365209458718e+01 2.558263891854419114e+01 0.000000000000000000e+00 1.228245600285234573e+01 2.078774082283169022e+01 1.836054616746249835e+01 2.339423959244288298e+01 6.441109415871321353e+00 1.321820127208430051e+01 1.832630761403853015e+01 2.954829576324684481e+01 1.654706075296469692e+01 1.011646435509150166e+01 1.486068891045421481e+01 2.550718216250105286e+01 5.902810499726488302e+00 2.035659283790017682e+01 1.159563444455738868e+01 1.613838890424397476e+01 2.292673688073600502e+01 2.581360585865604307e+01 1.140636788838435223e+01 2.602112754221743529e+01 1.579352352023998662e+01 9.743987078266904689e+00 5.580834003683065703e+00 2.282375026748398028e+01 1.170482990868763729e+01 2.375555712826357535e+01 1.898159218709580642e+01
2.935830221363284664e+01 7.049261508700878309e+00 3.254791687253739241e+01 1.381379148931905654e+01 2.235989231138596267e+01 1.878321675529270252e+01 1.510322021820420346e+01 2.330779009702674998e+01 3.452833500695781765e+01 7.127282218015526638e+00 3.124449897685905242e+01 1.475571970224002527e+01 2.128987928815760355e+01 6.858988022500322579e+00 1.837819080419112794e+01 2.377525993808347593e+01 1.568926224440281558e+01 1.378904065614541707e+01 2.636739655915613056e+01 1.302457138216526111e+01 3.531218490880890215e+01 3.392190829812188468e+01 1.228245600285234573e+01 0.000000000000000000e+00 2.480169029121656621e+01 8.429558937579379574e+00 1.707046525790388358e+01 7.301624251973215074e+00 1.733488265362035108e+01 2.986689031934669813e+01 2.789473804217686492e+01 1.126289568671150398e+01 2.151631399855998694e+01 2.429959461093014284e+01 3.227277552040487052e+01 1.376324564616306567e+01 1.747068912807466745e+01 1.180878998642827682e+01 1.719393138529352427e+01 1.203886335709646005e+01 2.603312949142294386e+01 6.928028038314607784e+00 2.898719438160379624e+01 2.732572213315801335e+01 2.056616427432085459e+01 1.743564423535262264e+01 2.073802000270035961e+01 1.389534010317267310e+01 2.934886633742921092e+01 1.177700157919939450e+01
6.895664496534555710e+00 2.456401086147272039e+01 1.598362265379361347e+01 1.584466472425186723e+01 1.802761838985370701e+01 1.752541767245598336e+01 1.588802104499228207e+01 7.097158034983675812e+00 1.904436726408308544e+01 2.345896737026490086e+01 9.189205517764099440e+00 2.407172995581577979e+01 6.794589411609502250e+00 1.820104064292199908e+01 1.134686930255850790e+01 1.267538883903048230e+01 9.338804027063671853e+00 1.951549354918552837e+01 1.471020343686868870e+01 1.878208822150724799e+01 1.447052721668922537e+01 9.208991877112255864e+00 2.078774082283169022e+01 2.480169029121656621e+01 0.000000000000000000e+00 1.809798437055928844e+01 1.272559337175332672e+01 2.722885023870301069e+01 2.331226879405353714e+01 1.288936541470261865e+01 1.053958160208035721e+01 1.741191051608153373e+01 1.868771646377724238e+01 5.975691082304892987e+00 1.898627913490162200e+01 1.714752977499639641e+01 1.209018790215055716e+01 2.722150904926328252e+01 1.195550890644056530e+01 1.307890919438965227e+01 5.524952440190351588e+00 2.005310055893695775e+01 1.419669109693995068e+01 1.570956768386252733e+01 1.289180683599036925e+01 1.812682999842154530e+01 4.829370254753802882e+00 1.490446773219954935e+01 4.935886949017850966e+00 1.360404689038384163e+01
2.499364886709383882e+01 6.891918677095865142e+00 2.456552383020057562e+01 1.570800861330776321e+01 1.451836930011291216e+01 2.591660718886818060e+01 7.229250290513031807e+00 1.951270176491063069e+01 2.612949690309306661e+01 1.514656597287936002e+01 2.412940755732381604e+01 1.684051743996133865e+01 1.386898495704512513e+01 6.590521976044742658e+00 2.297449821114750890e+01 2.243650633702403141e+01 1.102832385767219847e+01 6.760170577276227277e+00 1.804282025791256672e+01 1.746238969513450101e+01 3.064766368632716365e+01 2.709066099372937231e+01 1.836054616746249835e+01 8.429558937579379574e+00 1.809798437055928844e+01 0.000000000000000000e+00 8.671627154039137864e+00 1.191943675159117966e+01 1.325960598754097752e+01 2.376216486371996695e+01 2.040908730029758544e+01 1.172132371370418724e+01 1.979108381846681297e+01 2.269850043655060645e+01 2.395360358642873422e+01 2.020443516960668973e+01 1.589021940561186419e+01 1.111566420042801084e+01 1.922932505931507308e+01 5.530002307747302837e+00 1.884495042885774296e+01 1.192573864080967638e+01 2.067828768863084932e+01 1.890443625256029136e+01 2.696065601145935986e+01 2.289408477262135122e+01 1.577288824112662802e+01 1.776204685428927732e+01 2.232907636711939503e+01 8.892151669873365805e+00
1.956071332083442016e+01 1.435576191751280462e+01 1.591244178615358074e+01 1.781154044558841321e+01 6.921996849422972886e+00 2.196829783045450313e+01 6.803159265213689189e+00 1.693696313848219503e+01 1.745786974905393407e+01 2.345643834629397873e+01 1.736416775913205512e+01 1.777489894461892206e+01 6.581730375032480929e+00 1.330049956532202771e+01 2.284607668430837890e+01 1.405802514474609666e+01 9.550513010984237994e+00 6.936111645499202005e+00 9.371193103873427077e+00 2.250745977470534243e+01 2.215541903156001524e+01 2.101050301384915997e+01 2.339423959244288298e+01 1.707046525790388358e+01 1.272559337175332672e+01 8.671627154039137864e+00 0.000000000000000000e+00 2.048199998992756576e+01 1.144042151251329997e+01 1.531240763678889749e+01 1.199781345490553797e+01 1.608173345993742842e+01 1.388232555657005030e+01 1.771421577235664557e+01 1.528197643238959635e+01 2.473227278455411593e+01 1.528435552923163598e+01 1.460914790160145138e+01 1.968770229748577449e+01 7.606445800551467684e+00 1.212627768654542493e+01 1.896547899772778933e+01 1.202520564458385088e+01 1.045467902562922013e+01 1.897491824021133411e+01 1.838977509400384136e+01 1.197291234708346330e+01 2.137280462881993515e+01 1.624891838723918269e+01 1.181829898538057222e+01
2.528572921097373083e+01 6.819312988709987700e+00 3.517660494058412013e+01 1.858037716809813844e+01 1.900801538382253852e+01 1.399717043727701160e+01 1.914868704210421413e+01 2.603552882506884458e+01 3.016895947251306254e+01 7.144227060764607451e+00 3.517932736482536171e+01 8.268762795619233330e+00 2.578842170863629590e+01 1.408514323663238699e+01 1.761662704493975085e+01 1.844654400276739636e+01 2.259579889648997408e+01 1.469745610243192502e+01 2.676634561440646110e+01 1.532517240568136785e+01 3.066676946629911527e+01 3.202374833441550805e+01 6.441109415871321353e+00 7.301624251973215074e+00 2.722885023870301069e+01 1.191943675159117966e+01 2.048199998992756576e+01 0.000000000000000000e+00 1.264549287191744220e+01 2.466010342824306178e+01 3.221946013618601512e+01 1.688696293041171259e+01 1.470875366414912477e+01 2.130179832632553527e+01 3.184097797670557739e+01 1.170981590972930597e+01 2.233956481352283419e+01 7.424756028341409575e+00 2.148217514131746242e+01 1.736302363435894236e+01 3.076438718044891374e+01 1.144237314523974192e+01 3.146008108315722041e+01 2.198802969276177421e+01 1.618509649413822871e+01 1.141265263154786958e+01 2.666405191200894009e+01 1.633153556885463331e+01 3.019666654413490292e+01 1.883783280736196630e+01
2.083076314325581180e+01 1.073803130747003820e+01 2.283929483345068334e+01 2.736429809894790210e+01 6.583928613326661683e+00 1.500168566323326047e+01 1.478199289357988100e+01 2.780490421260111944e+01 2.128972793039934785e+01 1.913367296147604790e+01 2.663995624873077617e+01 6.418465614858799739e+00 1.651767938244403666e+01 1.953258097571083596e+01 1.996551848042950894e+01 1.259928798004106731e+01 2.064725868789086505e+01 6.679137893735067166e+00 1.478762963493437432e+01 2.269925976436694981e+01 2.345916746502864925e+01 2.771049930760563385e+01 1.321820127208430051e+01 1.733488265362035108e+01 2.331226879405353714e+01 1.325960598754097752e+01 1.144042151251329997e+01 1.264549287191744220e+01 0.000000000000000000e+00 1.683092907737019672e+01 2.107181930681003834e+01 2.374997263516151946e+01 7.484186379040495218e+00 1.984759232234442905e+01 2.038172860035985678e+01 1.691892560963423620e+01 2.638110120613826481e+01 5.813343434351059713e+00 2.534213642674985323e+01 1.531810176075626906e+01 2.180713946612249643e+01 2.370906042668285707e+01 1.901914510519571166e+01 1.193721408573466292e+01 1.498543711977995585e+01 9.733192669316107271e+00 2.288150501219998034e+01 2.233355820288719329e+01 2.643612412126984879e+01 2.049894940401800625e+01
6.766347616027400313e+00 2.707753141111791706e+01 1.513467822461318057e+01 2.319581554043821470e+01 1.092377283284485223e+01 1.520217830039172746e+01 2.211556690200258402e+01 1.748630886728928502e+01 6.300560850067403962e+00 2.316114333568890515e+01 1.856869021910224404e+01 1.775684317179407401e+01 1.577491634721247493e+01 2.851603824662035080e+01 1.394308108929424073e+01 6.314657199259473330e+00 2.153629118625265448e+01 1.920871497119248872e+01 7.431291749638107902e+00 2.108122758389777829e+01 7.172035604191510316e+00 1.308588966520738595e+01 1.832630761403853015e+01 2.986689031934669813e+01 1.288936541470261865e+01 2.376216486371996695e+01 1.531240763678889749e+01 2.466010342824306178e+01 1.683092907737019672e+01 0.000000000000000000e+00 1.678870665878311286e+01 2.711161794182709528e+01 1.099624887547411234e+01 1.028064608016687664e+01 9.346507519640310235e+00 1.655777086961060363e+01 2.350416371147078820e+01 2.232290652724856272e+01 1.863244891909984347e+01 2.261034353121679175e+01 1.679629432894115482e+01 2.452612674445692420e+01 1.246813266539330201e+01 5.168087159076700132e+00 1.060888171468599239e+01 1.348036354756570709e+01 1.632643483755362368e+01 1.914848294816204444e+01 1.357147737916780628e+01 2.538292935406357387e+01
1.532244258073547627e+01 2.618100363843417355e+01 6.300368972311113147e+00 2.385605469524044508e+01 1.472744781083811993e+01 2.724300441350800384e+01 1.787973217798892733e+01 1.725899404795063319e+01 1.487789011559707397e+01 3.201689916237202738e+01 7.266665347420799392e+00 2.585534470945638574e+01 6.696989816973605514e+00 2.190884149074971532e+01 2.157061018880107284e+01 1.917640921590145808e+01 1.515173613308736122e+01 1.880088326559132739e+01 9.588622230903499855e+00 2.907286811436969387e+01 1.952119081588801563e+01 1.257410719620489381e+01 2.954829576324684481e+01 2.789473804217686492e+01 1.053958160208035721e+01 2.040908730029758544e+01 1.199781345490553797e+01 3.221946013618601512e+01 2.107181930681003834e+01 1.678870665878311286e+01 0.000000000000000000e+00 2.386699071215555890e+01 2.035527658620201663e+01 1.611479997635794703e+01 1.009964653671059587e+01 2.732331544970891812e+01 2.019973256951760376e+01 2.599764139471604096e+01 2.224628879930302361e+01 1.588312391118537725e+01 5.499488776896066966e+00 2.691248848402021210e+01 5.519304318414627097e+00 1.404020029478702725e+01 2.300253774408744079e+01 2.417581931419372410e+01 1.319819092936922011e+01 2.519524762506199522e+01 9.237223827980816537e+00 1.931726298419749455e+01
2.374990593607489586e+01 1.731999420079022656e+01 2.888339413051295068e+01 6.644469938372735918e+00 2.300373030936040308e+01 1.893160589772720570e+01 1.427506043146913584e+01 1.437551320681660094e+01 3.291912934981882444e+01 1.084930968256950834e+01 2.554581190194975449e+01 2.336133817987728278e+01 1.741440271355853753e+01 6.298356932815562637e+00 1.327706818419283685e+01 2.199507624328419553e+01 9.173561374599328744e+00 1.755247827643092151e+01 2.443421499708971822e+01 8.286275464091046317e+00 3.107895712616993578e+01 2.646893536143245029e+01 1.654706075296469692e+01 1.126289568671150398e+01 1.741191051608153373e+01 1.172132371370418724e+01 1.608173345993742842e+01 1.688696293041171259e+01 2.374997263516151946e+01 2.711161794182709528e+01 2.386699071215555890e+01 0.000000000000000000e+00 2.375938877265796023e+01 1.859495519301584565e+01 2.928957528798830623e+01 1.194007449930191989e+01 9.000010994719190194e+00 2.245775001258020964e+01 1.083394609304719225e+01 9.102805933423821827e+00 2.124013223091433034e+01 5.575164913964437474e+00 2.588503886147447375e+01 2.622790257944308223e+01 1.835247418705815292e+01 1.924125015276277040e+01 1.265323062788723796e+01 8.254303463451870826e+00 2.229974806313721203e+01 4.751673628741752253e+00
