0.000000000000000000e+00 3.133603500673478948e+01 2.099448406209951656e+01 2.059403970625310620e+01 1.633082133258428215e+01 1.762703940341042141e+01 1.285849170968001864e+01 2.232604257962383087e+01 1.217704264385443658e+01 1.166160789697106459e+01 2.394152891857373788e+01 2.096045687933512269e+01 2.593579851733890251e+01 1.071631116441587039e+01 9.055851846027708874e+00 1.521866229335026865e+01 1.566214001154848390e+01 1.906488192421622330e+01 7.870016023544256001e+00 2.502792766583567641e+01 2.364647073889104689e+01 1.258317954642277314e+01 1.877112861582432402e+01 8.839683453733130136e+00 7.083578129853211003e+00 2.866879648253672030e+01 2.436801881052270957e+01 2.512850234148371342e+01 1.804562199995185523e+01 8.288286533312176019e+00 1.418500050191533823e+01 1.520572183154390622e+01 1.628344374936286343e+01 2.284112175004032608e+01 6.425749258252038132e+00 1.873163165106555184e+01 1.867119940832182579e+01 1.103741119971861018e+01 1.645078987049052799e+01 2.623726084780448531e+01 1.596026843859721289e+01 2.008854625594131704e+01 2.027809530199090915e+01 5.427672029454879699e+00 1.612105002474777748e+01 1.224115195344921503e+01 2.320904490015746191e+01 5.539116174284803407e+00 2.886021687702719518e+01 1.854476694626091415e+01 1.662129435904567032e+01 2.776436982438223566e+01 1.356185077417785401e+01 1.456479520470824340e+01 1.437067370910943076e+01 1.891836625462898880e+01 4.769211535514497058e+00 4.573595365401970980e+00 1.671880428987906697e+01 1.243208736181729890e+01 1.199316106273557381e+01 1.981036180360305821e+01 1.312267646039961555e+01 2.716678465581814805e+01 4.155260309014076725e+00 2.849073580952321194e+01 2.468587019926977533e+01 2.447638427227974489e+01 1.782362022139858482e+01 2.486733837115995982e+01 8.430272338163250723e+00 1.666012768842183078e+01 1.173603080145355548e+01 1.207289077495637564e+01 1.355607934036703810e+01 4.282988627980175877e+00 2.100889072962944937e+01 2.220714573753102172e+01 2.063216151325219627e+01 9.244864907771821905e+00 9.472436048221902993e+00 9.112415696829648581e+00 7.675619239662401228e+00 2.583420452410133095e+01 1.537360849879046576e+01 2.131891485447528112e+01 1.810303231885769293e+01 9.605596069141817850e+00 1.980857433198571727e+01 1.784562096112443186e+01 1.007672138124025984e+01 2.035494547143638044e+01 1.119984037344243788e+01 1.547003302741402564e+01 2.046555892100939644e+01 1.696978900275561841e+01 1.640742080579402895e+01 2.394318391269740687e+01 1.604778857535628589e+01 2.725808536046431385e+01
3.133603500673478948e+01 0.000000000000000000e+00 3.042027281372538638e+01 2.046658253579050779e+01 1.932214519665187069e+01 1.571095231672251202e+01 1.914189885375901312e+01 1.302222578467833181e+01 3.147632738715475043e+01 3.021940278440510497e+01 1.252298443601674194e+01 1.103917453774206159e+01 1.072074925871480211e+01 2.524756283138961876e+01 2.263038346491198638e+01 2.184023531679978802e+01 2.426505553637134582e+01 2.118193300366822740e+01 3.390061803745198432e+01 7.722142555523404894e+00 8.100211396670468744e+00 2.429299636361611547e+01 1.644882795444822676e+01 2.622978542992992956e+01 3.365897107682337719e+01 6.911659790096854827e+00 1.809034250586400105e+01 6.883521645058355176e+00 1.483734335359377354e+01 2.431391182153870645e+01 1.924234111175110229e+01 1.632499379079567348e+01 2.956637353791771261e+01 1.519526616712376743e+01 2.780786697225721937e+01 1.317620661514885327e+01 2.600619047410801343e+01 2.128815167392571084e+01 2.934568005875311769e+01 5.664448485978994974e+00 2.451839493582100005e+01 1.242097203392616933e+01 1.143628915292271131e+01 2.592897801979785655e+01 2.176087065216584904e+01 2.576972702372210833e+01 1.072835982225539198e+01 2.858481244301862745e+01 5.187954352740384856e+00 1.483651355798930815e+01 1.922233924971226671e+01 4.584292089945050108e+00 1.871161223963330400e+01 1.776769493173519265e+01 2.086249501942950957e+01 1.721051624834939275e+01 3.492834767258491979e+01 2.801126751059933540e+01 2.643268631668733093e+01 2.040191916008782869e+01 2.703460835057054368e+01 1.423427363253171762e+01 1.990725094487961400e+01 1.074996064805750251e+01 2.738386566511701403e+01 4.170286635197756553e+00 7.652356076906412952e+00 1.487978233292419006e+01 2.019433037157449462e+01 8.803713411187855442e+00 3.140960843565851235e+01 1.629876128182219119e+01 2.814099717240941345e+01 2.448122779022881446e+01 2.244987019908032977e+01 3.063701877608166413e+01 1.201025615659409951e+01 1.262926901010154168e+01 1.749621807586184730e+01 2.444028986755676058e+01 2.257060343407981762e+01 3.206267536233978177e+01 2.830443232149340105e+01 1.018972640233722338e+01 1.615566120360341174e+01 1.122362670868436751e+01 2.765801122509550680e+01 2.760233704687923506e+01 1.839116726957087167e+01 1.457893877884959366e+01 2.241222917400299153e+01 1.458175908548621891e+01 2.091286732746672783e+01 2.586423023501879470e+01 1.166201816751372533e+01 1.528479188366677377e+01 1.850527678281186184e+01 8.692132007083344547e+00 2.247746739051107667e+01 4.712010081809395956e+00
2.099448406209951656e+01 3.042027281372538638e+01 0.000000000000000000e+00 2.948262720824023120e+01 2.633948772878591527e+01 1.581876764004376668e+01 1.733858675278989736e+01 3.500146693708459367e+01 1.275103404031178655e+01 1.156409333785145321e+01 2.211427128650490559e+01 2.578689903159929386e+01 2.762927592910225982e+01 2.554403916587839163e+01 1.720829755788365034e+01 8.969079293569782507e+00 2.429608632548416480e+01 3.363491377718509767e+01 1.919021744574997612e+01 2.314302288308785194e+01 3.319160806079931092e+01 9.930483084500638213e+00 2.312905476410758254e+01 1.934958716796294809e+01 1.808702198033177666e+01 3.388090011843225824e+01 2.926938510669857507e+01 2.474669181177599597e+01 1.580663744655516822e+01 1.321597562752588395e+01 2.825158646782393745e+01 2.033907710129347990e+01 6.166248429934606534e+00 3.218237947339968485e+01 1.514706258941932049e+01 2.764709268285875154e+01 5.763642126332490179e+00 2.336476946872853588e+01 5.969299978933270800e+00 2.827592018899000337e+01 2.771518340246718637e+01 2.071004257170585205e+01 2.181250557118055866e+01 2.245999972058304550e+01 2.883926207078756931e+01 9.239594088663279692e+00 1.969191299146999086e+01 1.602153685798749549e+01 2.960309359239957772e+01 3.023107848043726165e+01 1.147649404766613834e+01 3.426885617876688173e+01 1.593020889004252538e+01 2.279352703860435270e+01 2.159022597441346036e+01 3.314874714044390913e+01 2.041997202393224953e+01 1.924517629503234772e+01 4.766849665807717074e+00 1.254094242019545291e+01 2.366936366868424457e+01 1.956266202507871554e+01 2.667370595657001076e+01 3.164543126717682497e+01 1.888846960285122734e+01 2.624998617852762806e+01 3.037364454922638046e+01 2.848431703888016386e+01 2.543018544835770811e+01 3.600084463128133194e+01 1.567653109491065067e+01 1.913866636216173944e+01 9.836781046217804914e+00 2.054596226241676149e+01 2.924892768496305351e+01 1.833238045265477112e+01 1.908957001941141840e+01 2.397628486695301930e+01 2.656096609154877086e+01 1.382563550079638048e+01 1.649961817692392074e+01 1.556468849816440603e+01 2.157622246776439567e+01 3.579195589441107472e+01 2.649934253138676254e+01 2.831552747386124835e+01 3.562216179697015761e+00 1.241170698291121610e+01 3.187618790079995890e+01 2.384552428306781735e+01 2.533606628965727481e+01 1.587742460144609424e+01 1.998378268880601283e+01 6.982834571851493699e+00 3.076513126787769536e+01 1.800161542230575407e+01 1.237698212760321148e+01 2.205323383660710590e+01 8.079002831784860561e+00 2.657877556875730107e+01
2.059403970625310620e+01 2.046658253579050779e+01 2.948262720824023120e+01 0.000000000000000000e+00 1.877895972433557503e+01 2.331215669723942341e+01 1.268913815904673470e+01 1.229697052117364819e+01 2.998893273660225134e+01 2.377206353321925292e+01 1.798534775079895809e+01 2.553076646901967450e+01 1.086983351537972808e+01 1.056009017792523608e+01 2.064235388002079929e+01 2.112873465546814700e+01 8.630804154728037858e+00 8.547953489450600628e+00 2.785326716449937123e+01 2.279998823783973805e+01 1.944843547175550924e+01 2.733449776168790635e+01 7.236065823135056974e+00 1.335867994180000018e+01 2.459456135336768057e+01 1.404012853185123433e+01 6.958679610305257945e+00 1.578105116438897326e+01 1.645973764659963834e+01 1.750444813069940153e+01 1.260197091396003621e+01 2.370749581080828250e+01 3.032874352173203647e+01 6.122607996306007827e+00 2.416281860467529086e+01 1.948440575925403095e+01 2.666813265778552733e+01 1.626903341689162374e+01 2.604367924655923616e+01 2.505344016750925462e+01 5.784475000439631032e+00 1.246560927752399550e+01 2.688658735716139603e+01 1.620602142083250641e+01 5.547745271631686848e+00 2.203711935368910702e+01 1.937327811866151350e+01 1.990820924690490656e+01 1.570663161742663050e+01 1.517023330874471654e+01 2.195802274498982598e+01 1.843709069678772394e+01 2.418593921003356684e+01 1.960936610445225270e+01 8.126582084270578932e+00 1.040113536235415559e+01 2.467273447766039141e+01 1.644755167101007842e+01 2.520694743601978516e+01 1.711912709783680242e+01 9.064565690987555158e+00 1.582340667798482237e+01 1.682268690738217032e+01 9.835693874120293501e+00 2.019466345827041565e+01 1.989421102757421878e+01 2.338208391450044488e+01 6.720248080911709998e+00 4.052441759882516870e+00 1.584660435357006136e+01 2.710263997655750501e+01 1.099693797636461845e+01 2.864058876268662956e+01 1.029454207252511821e+01 9.558914794003293025e+00 2.378798922548842398e+01 2.367308356654356771e+01 9.353925029871790642e+00 4.197847194392186232e+00 2.427553100159670052e+01 1.308121757077359959e+01 2.417823658223714034e+01 1.321579042836101792e+01 1.184084610655425962e+01 1.577431713634487132e+01 2.257576362729867014e+01 2.831995340877303846e+01 2.088882438010088549e+01 4.657166494388050637e+00 2.286180580685211439e+01 1.299966137995123461e+01 1.985968976509106199e+01 1.896411888051725114e+01 2.696786726075636409e+01 1.809033793856812267e+01 2.674860918490660566e+01 1.877015435069915839e+01 1.715257955362004694e+01 2.381406427503545586e+01 2.352144590705860594e+01
1.633082133258428215e+01 1.932214519665187069e+01 2.633948772878591527e+01 1.877895972433557503e+01 0.000000000000000000e+00 1.625878410880693181e+01 2.317477730600378294e+01 1.238713947751858768e+01 2.057478076672270717e+01 2.616578907254410069e+01 2.702812030502601104e+01 1.111503423540239055e+01 2.171389771040728078e+01 1.098879129231764296e+01 9.701202325417897399e+00 2.249043375389433308e+01 1.937300386288319842e+01 1.292895147180339599e+01 2.106463963312817000e+01 1.964358022336307030e+01 1.184455037492850238e+01 1.651624979934781479e+01 2.362932052359673918e+01 1.711137191291607351e+01 2.327286696081320372e+01 1.785792440075876186e+01 2.093124502534884357e+01 2.576035363187979854e+01 2.260598432554411374e+01 2.124047766907501966e+01 6.316728651957805418e+00 9.119576692799812534e+00 2.265327856589864197e+01 1.580007978713943650e+01 1.560772984528260920e+01 6.610501353928030177e+00 2.251790623697852922e+01 5.736716730950614185e+00 2.945633588098431588e+01 1.562270791435839179e+01 1.770882617917655821e+01 2.732535395993267002e+01 1.409603475897323932e+01 1.122421226321135279e+01 1.356247900412937746e+01 2.571237951173139180e+01 2.162920761046932583e+01 2.028050059233223834e+01 2.214257590040672241e+01 7.787986893297181190e+00 1.778243173459193471e+01 1.613412088396382060e+01 1.204962176371421734e+01 4.681391311818507539e+00 2.310528270076904889e+01 1.065938132214356493e+01 2.054434791291471285e+01 1.549661353682113862e+01 2.554093479112814435e+01 2.346484092626217688e+01 1.548617143229021131e+01 2.673867341598431935e+01 4.919537907226809281e+00 1.867498584975394138e+01 1.295861943832691310e+01 2.254799011011981236e+01 1.277101956368094093e+01 1.913717824957902636e+01 2.001205566907553290e+01 1.384684215237012772e+01 1.880655781548427541e+01 2.697641328474559685e+01 1.901031280986511973e+01 2.105303328671789131e+01 9.566001425022887972e+00 1.712229809633331001e+01 1.758842717258591648e+01 2.358605697338222740e+01 1.987165214643530931e+01 1.370569984670147790e+01 1.960222378370801266e+01 2.477278239115149461e+01 1.365607948877317135e+01 1.568441531982557713e+01 4.006527424890397704e+00 9.598141558148757468e+00 2.304866793017917104e+01 2.347496459922103895e+01 1.494430332467734246e+01 8.186349049265546185e+00 7.861334541994304814e+00 1.965688652013685811e+01 6.355705039979908655e+00 1.982471962578840774e+01 8.835309980590981382e+00 1.391740039245110339e+01 2.125313086682458064e+01 2.448666657912644595e+01 1.922355336255369096e+01 1.900454236252462081e+01
1.762703940341042141e+01 1.571095231672251202e+01 1.581876764004376668e+01 2.331215669723942341e+01 1.625878410880693181e+01 0.000000000000000000e+00 1.291170052878731411e+01 2.465049143903026874e+01 1.576537507043223307e+01 1.919800086875713419e+01 1.129813344681962306e+01 1.072451497630203932e+01 1.857638370121909333e+01 1.849741347571127292e+01 8.990400722936005451e+00 9.249028777820566205e+00 2.129311179163089562e+01 2.483857552506610133e+01 1.875725350047532558e+01 8.010309669444215075e+00 1.869658980548283722e+01 8.738849942130396897e+00 1.618546978020496141e+01 1.866199981897183946e+01 2.440726293514480005e+01 2.167910120504062732e+01 2.167599356731172122e+01 1.290274356050909610e+01 6.852419050639794840e+00 1.524087401089116156e+01 1.866497274383732830e+01 7.927979413690400712e+00 1.419858702624839708e+01 2.468727270800873086e+01 1.246643543275759214e+01 1.561802171091563984e+01 1.145483313136304737e+01 1.359241190716508463e+01 1.738846975575835785e+01 1.250436564811612783e+01 2.354167043263403869e+01 1.285894850849909510e+01 5.993737931136788433e+00 1.483884743928371996e+01 2.341455626408837531e+01 1.434100998055796516e+01 6.646454999348199166e+00 2.007979576932774535e+01 1.730191613691227914e+01 1.974058974913843301e+01 4.717342115536308889e+00 1.906503388390143172e+01 4.586254832043251461e+00 1.187084625818192407e+01 1.676109566243817994e+01 2.312265144575345843e+01 2.044151490379858416e+01 1.875778343966052120e+01 1.370393664143189838e+01 1.101414218366785391e+01 2.240968314748213785e+01 1.068975247828970687e+01 1.708709223258340515e+01 2.253756425532565544e+01 1.347177909439634291e+01 1.203883625239870447e+01 1.492842075227402354e+01 2.074513478579423520e+01 1.948537048215923662e+01 2.246390031320441238e+01 1.597289321596217526e+01 1.231521872087481739e+01 1.247039350927278711e+01 1.886716073580262787e+01 1.978250682283249517e+01 1.567933619690802161e+01 3.768387165545299844e+00 1.613988821561701670e+01 1.987608878136705570e+01 9.026019219661410631e+00 1.515161462711994567e+01 2.205662150491184192e+01 1.879649699605001700e+01 2.518644905407862566e+01 1.629996550556410995e+01 1.432786046338815034e+01 1.305650605141388887e+01 1.753370659351263328e+01 2.520381192169942253e+01 1.090596419886422197e+01 1.588685125897421813e+01 3.476864758710433101e+00 1.011707228854166551e+01 1.059323099774964305e+01 1.909037657974989344e+01 3.436452487667178257e+00 6.988915945615486791e+00 9.583844495621526960e+00 7.789912639195549993e+00 1.120317306387026335e+01
1.285849170968001864e+01 1.914189885375901312e+01 1.733858675278989736e+01 1.268913815904673470e+01 2.317477730600378294e+01 1.291170052878731411e+01 0.000000000000000000e+00 2.201765295507662756e+01 2.276583931712822917e+01 1.257086225224811926e+01 1.156141830173792684e+01 2.363621550508935343e+01 1.326968533286405538e+01 1.407071889086051542e+01 1.847902616146579646e+01 9.147278647056518608e+00 8.683776623960877572e+00 1.913006254812713536e+01 2.042512233629702578e+01 1.604988683739076549e+01 2.649477427477345159e+01 1.572484468586412731e+01 7.186148185905235408e+00 7.293364394241634407e+00 1.517861857533730863e+01 2.030252595229548973e+01 1.349496492323629759e+01 1.259197458620956489e+01 6.692324626018014477e+00 6.550311520775375485e+00 1.990901493570503789e+01 2.005058141448917297e+01 1.863214076668442232e+01 1.583266350045708215e+01 1.871380806743108849e+01 2.562213040451866775e+01 1.487797402843375849e+01 1.786781741448286098e+01 1.415265708249521381e+01 2.216827108266672397e+01 1.150428600770587373e+01 7.484864932112123448e+00 1.843702648304242686e+01 1.257365123551849351e+01 1.539866938867763047e+01 1.014609718962508467e+01 1.139691393207322179e+01 1.028728721720529293e+01 1.623329589334504774e+01 2.441740448223836779e+01 1.034836966916603984e+01 2.221820733412552684e+01 1.581062954645008389e+01 2.204572164710657844e+01 4.844209789834668101e+00 2.035547681960052557e+01 1.624341780566286531e+01 9.208542928411191042e+00 1.306290698056945843e+01 4.824624686003108565e+00 1.163948187299909165e+01 7.503666959750505683e+00 1.974265038499668634e+01 1.719706293563132249e+01 1.448361415163388521e+01 1.609204346303835109e+01 2.562585420897282162e+01 1.278147834323320176e+01 8.636696399164216942e+00 2.452902964138164421e+01 2.112247197330223614e+01 3.898421825617577330e+00 1.905819761968773918e+01 5.972364285693400277e+00 1.769726030862407029e+01 1.707374102612703837e+01 1.449046783578322817e+01 9.510399686990661294e+00 1.027288548947637636e+01 1.799399702139819013e+01 3.685118235166650269e+00 1.412537507356257116e+01 1.019428548296671266e+01 2.122183770871243169e+01 2.185019461996003187e+01 2.723956099217546978e+01 1.652979477942124475e+01 9.953796514722244027e+00 1.537475030729751246e+01 2.336964831756154126e+01 1.578482322159426587e+01 1.026313972033371336e+01 1.939891032486181643e+01 1.527126450570874283e+01 2.687342073992490299e+01 1.618873599282812137e+01 6.979995721347376225e+00 1.156307329586159760e+01 1.217706096139358429e+01 1.878643663450048962e+01
2.232604257962383087e+01 1.302222578467833181e+01 3.500146693708459367e+01 1.229697052117364819e+01 1.238713947751858768e+01 2.465049143903026874e+01 2.201765295507662756e+01 0.000000000000000000e+00 2.876530102792470345e+01 3.123274767415417941e+01 2.169585127500263511e+01 1.493187886012682952e+01 1.095439896888696296e+01 1.369284403888919144e+01 1.845381767699199571e+01 2.920537341127899467e+01 1.908354023742161587e+01 8.666619348619379437e+00 2.828369312782378842e+01 2.010471656041379518e+01 7.450405729803499355e+00 2.521781312762551508e+01 1.543652422799746660e+01 2.022621524913529711e+01 2.894521798567474491e+01 7.076859049402005830e+00 1.252856946116926373e+01 1.585272056466944157e+01 2.347685473706172843e+01 2.605255416652701683e+01 8.160124238178859457e+00 1.684683712330701510e+01 3.135484189417634937e+01 6.211467075077688804e+00 2.301603306535213633e+01 9.375128840175387168e+00 3.117988544527720052e+01 1.395296361895881887e+01 3.497500644765758437e+01 1.459408779400668976e+01 1.630692033518044326e+01 1.754545090885412151e+01 2.019378727722377320e+01 1.694734511371123631e+01 1.136781412800715252e+01 3.057376346776377218e+01 2.268238555868684614e+01 2.563360438466011715e+01 1.165927690409473172e+01 4.967277277856077866e+00 2.636693711026682863e+01 8.896893037260193537e+00 2.059292756616922304e+01 1.289729998396744293e+01 1.797342115318440747e+01 4.570055349557532232e+00 2.664387987579068806e+01 2.089450090293383511e+01 3.376541730417046949e+01 2.589213067631715148e+01 1.646603445620898754e+01 2.174707400320851036e+01 1.189628253386413803e+01 7.000053433646946210e+00 1.988288203695752898e+01 1.663529062713184103e+01 1.150084129928292853e+01 1.005525897359883558e+01 1.430754916326995030e+01 4.845508627719900652e+00 2.621486103555381320e+01 1.936164414489995877e+01 2.733293615206386562e+01 2.070387636897361361e+01 9.930609939165806921e+00 2.419521872554531328e+01 2.366082883768788747e+01 1.408825682061972273e+01 1.177940766388616289e+01 2.245831519827557798e+01 2.307764394346963499e+01 3.024223756644250471e+01 1.776017016737955245e+01 3.584134006098830927e+00 8.507754920589464476e+00 1.134709889154212981e+01 3.175023125845687844e+01 2.839488461763843574e+01 8.763651443210770609e+00 1.452058667679390780e+01 1.240217248915897308e+01 2.559558984538005433e+01 1.505726836825761339e+01 2.852628295406611159e+01 6.426218111391567511e+00 2.182233230076469610e+01 2.656014953882042917e+01 1.926824410580516656e+01 2.781850717299706943e+01 1.686489524977556798e+01
1.217704264385443658e+01 3.147632738715475043e+01 1.275103404031178655e+01 2.998893273660225134e+01 2.057478076672270717e+01 1.576537507043223307e+01 2.276583931712822917e+01 2.876530102792470345e+01 0.000000000000000000e+00 2.110266149107633638e+01 2.382657050662329468e+01 2.264791768715251408e+01 3.130230031007710778e+01 1.947349427867225202e+01 1.089438454439448556e+01 1.406384547857511436e+01 2.631733248357899768e+01 2.679564377847358614e+01 7.827526477241113945e+00 2.377568473987644992e+01 2.829895733561967930e+01 7.647018120156572785e+00 2.773024380111958109e+01 1.981230498060113732e+01 1.607263012484542841e+01 3.467775260988197772e+01 3.343202006611313237e+01 2.631495680747470800e+01 1.847956080181148764e+01 2.046532917716660194e+01 2.063295577170136497e+01 1.654064942156205475e+01 6.656329787490411043e+00 3.044789913724521924e+01 6.143118736625421406e+00 2.275144642035103359e+01 1.098308943803410287e+01 1.623387854749195824e+01 1.691893214657763167e+01 2.708451477551428255e+01 2.643238114233597358e+01 2.461497500730050803e+01 2.048141025627920442e+01 1.430995965674970449e+01 2.465026453340417589e+01 1.781362154859360913e+01 2.093815932832647064e+01 1.693688470234319610e+01 3.117135858809828974e+01 2.466166777606629523e+01 1.275103100971887748e+01 3.267344422787272862e+01 1.317672782184522262e+01 1.796742795680468774e+01 2.570067784331991945e+01 2.553011644432133664e+01 1.173569018915693896e+01 1.559682480589834519e+01 1.314936934677420055e+01 1.851744695007161567e+01 2.254285859749900922e+01 2.278708177495004250e+01 1.907341402170780498e+01 3.394233262221720793e+01 1.039693757273849783e+01 2.749623251538410074e+01 2.721540672418699458e+01 3.250116128459563924e+01 2.912149546741173722e+01 3.054444771724570984e+01 4.470191539119177548e+00 2.375525678592471834e+01 3.864054323734283258e+00 2.333403052191534854e+01 2.152761424713258975e+01 8.249048655464093827e+00 1.953376223597753381e+01 2.789591471441843495e+01 3.133921151103923108e+01 7.201582250431924237e+00 2.122054453859373879e+01 1.869331625187889401e+01 1.810470598525623132e+01 3.222469612612628254e+01 2.083024105137851478e+01 2.432523203265987277e+01 9.500187805497258609e+00 2.023599675953670740e+01 2.821988657217553964e+01 1.985522884186644177e+01 1.761475285182681105e+01 1.719790317801708923e+01 1.437792786985934335e+01 7.736478179771800079e+00 2.537463332449990006e+01 1.649364955157733803e+01 1.588816878019485479e+01 2.344899713697009602e+01 1.058877835573465198e+01 2.688143578535999723e+01
1.166160789697106459e+01 3.021940278440510497e+01 1.156409333785145321e+01 2.377206353321925292e+01 2.616578907254410069e+01 1.919800086875713419e+01 1.257086225224811926e+01 3.123274767415417941e+01 2.110266149107633638e+01 0.000000000000000000e+00 2.210341821882884261e+01 2.992251584505917350e+01 2.558345166691272965e+01 1.761657827640806318e+01 2.048093643487136362e+01 1.048631677832501197e+01 1.856239599197036938e+01 2.629728874866051669e+01 1.499448795249790045e+01 2.531871184715618028e+01 3.312433559521088000e+01 1.731149150419948413e+01 1.926355300184134478e+01 1.231047810376244556e+01 7.609629958203788291e+00 3.216428950079534133e+01 2.559358042944101896e+01 2.385880681693979000e+01 1.577904206249259289e+01 6.364292916655969634e+00 2.322436379057845457e+01 2.589127491231941747e+01 1.582185892430541685e+01 2.758350045129572692e+01 1.774820346144745997e+01 2.861314217105898905e+01 1.270017938753560927e+01 2.084269337258103860e+01 5.682853030540401917e+00 3.115312912793484301e+01 2.067607433826667673e+01 1.906408139464948448e+01 2.512135887196786399e+01 1.528691073885495655e+01 2.180015300658705968e+01 5.115648262461753859e+00 2.067403358536997260e+01 6.230006751722828362e+00 2.795732188228187454e+01 2.766832631248901819e+01 1.527562911404741008e+01 3.348503956485575372e+01 2.165132304428032484e+01 2.495665706379840998e+01 1.587966229939248919e+01 2.720064455124638769e+01 1.039699495631164616e+01 1.074736912517492016e+01 8.389002619100269342e+00 9.909540745745262669e+00 1.663025460448373138e+01 1.836875280701347890e+01 2.272812383414548876e+01 2.959960700498730546e+01 1.569870696716009029e+01 2.686372211480403394e+01 3.407999924615493370e+01 2.534467600056593994e+01 1.971962177333673338e+01 3.399089773738807452e+01 1.724622877088282280e+01 1.608076579620970747e+01 1.771380452753571078e+01 1.476955566447113455e+01 2.134961943872963275e+01 1.424239677816643201e+01 2.188221720027520689e+01 2.182605856361357866e+01 2.212133074568813385e+01 2.068716253043254483e+01 1.078905450190295312e+01 4.140421839376787538e+00 1.368225558410701836e+01 3.325014176627482243e+01 2.485147335511030775e+01 3.159115719403025935e+01 1.263917853495339294e+01 3.545305782673359385e+00 2.539332812207726064e+01 2.858366800094492532e+01 1.903574505184491983e+01 1.766008490301226175e+01 2.176052059174130449e+01 1.451090414328085210e+01 2.988901304918954338e+01 2.222652768695376224e+01 1.284878848901675852e+01 2.213598578051519183e+01 1.400402840704926533e+01 2.848335008338165864e+01
2.394152891857373788e+01 1.252298443601674194e+01 2.211427128650490559e+01 1.798534775079895809e+01 2.702812030502601104e+01 1.129813344681962306e+01 1.156141830173792684e+01 2.169585127500263511e+01 2.382657050662329468e+01 2.210341821882884261e+01 0.000000000000000000e+00 1.797682706706752143e+01 1.119978037213123123e+01 2.528918275870589838e+01 1.917481696417284809e+01 1.348241438641715462e+01 1.807448671877587998e+01 2.192125808944716425e+01 2.850965903863454542e+01 9.245439411233252969e+00 2.018070315282881566e+01 1.645201451360250999e+01 1.110174579786935212e+01 1.860531287839184245e+01 2.592375904094268080e+01 1.579987645986519595e+01 1.483006823208722835e+01 6.560720305827640431e+00 6.462256082153189141e+00 1.655063697282982105e+01 2.640434649457811389e+01 1.830121579305307122e+01 2.127579165532619498e+01 1.736907476788692861e+01 2.214016827061766080e+01 2.425738207674623936e+01 1.770018894688754330e+01 2.468037383859945777e+01 2.097059278731252974e+01 1.470084482090181410e+01 1.987972037360374244e+01 5.660619434298063801e+00 1.303843924033428969e+01 2.375190326616854719e+01 2.137782808856685790e+01 1.735031617690910721e+01 5.398912694556688763e+00 2.096033989148054388e+01 1.137190878792169890e+01 2.599021396085734992e+01 1.107553949690441542e+01 1.618695305374359705e+01 1.537764079248325899e+01 2.234672899320749906e+01 1.379517762523056490e+01 2.232612322364112245e+01 2.730387512104682557e+01 2.038679495906124828e+01 1.807486538630469752e+01 1.223299305207705068e+01 2.167324394423934208e+01 4.204473284592442184e+00 2.802239341516418492e+01 1.516096092623780756e+01 2.354157354693601789e+01 8.917005354957273866e+00 1.836270652918621948e+01 1.342221959394326802e+01 1.525643844647978042e+01 1.966764253595829715e+01 2.514799513379718121e+01 8.887115095082016580e+00 2.028129095509500246e+01 1.711995675806061001e+01 2.515327464622428977e+01 2.557546964850604709e+01 9.633633925055743674e+00 8.837569265490953896e+00 1.378750055640676919e+01 1.872116684913656925e+01 1.494613088254173761e+01 2.422183878263934886e+01 2.141274935081208497e+01 1.834524117433290868e+01 2.654185456368573881e+01 2.116042585390455955e+01 1.935200969787502956e+01 1.957795227102549163e+01 1.849361346393975936e+01 1.940457627269654139e+01 2.668475374825144542e+01 7.821268688109197953e+00 2.123332628993843940e+01 1.757364835242728063e+01 2.348576395711644338e+01 1.388473372364618896e+01 1.013018951137126855e+01 4.295482340861092041e+00 1.418688550791955905e+01 1.131901037273558153e+01
2.096045687933512269e+01 1.103917453774206159e+01 2.578689903159929386e+01 2.553076646901967450e+01 1.111503423540239055e+01 1.072451497630203932e+01 2.363621550508935343e+01 1.493187886012682952e+01 2.264791768715251408e+01 2.992251584505917350e+01 1.797682706706752143e+01 0.000000000000000000e+00 2.125822695330604262e+01 1.817847363060676358e+01 1.242094701755011954e+01 1.971186846711622920e+01 2.654533057109892269e+01 1.954307183419001603e+01 2.411532917353932604e+01 8.847027790506652778e+00 7.972074829180794353e+00 1.729365052925259150e+01 2.482264967131465028e+01 2.315149896975749044e+01 2.793392541016440944e+01 1.497159946083043458e+01 2.692613625510724518e+01 1.595339608500197137e+01 1.757693402694183149e+01 2.596538898719320088e+01 1.321234259884225359e+01 6.262087465700713729e+00 2.335471550290360909e+01 2.062182203107510858e+01 1.808330203785109092e+01 6.483167514619212035e+00 2.153242237075843235e+01 1.181904064163711965e+01 2.783257705256131231e+01 5.619175964646013988e+00 2.488115288739228603e+01 1.938152330774336818e+01 5.435960038140167150e+00 1.660869681212182769e+01 2.061050389508735137e+01 2.499691033269093765e+01 1.338951301056503773e+01 2.561958769063833685e+01 1.584940786933532308e+01 1.118623046754635730e+01 1.492935844250372313e+01 1.046618175248616645e+01 1.009973516576707375e+01 7.248682225205483221e+00 2.748561063874020860e+01 1.601783726775670402e+01 2.503821493589042646e+01 2.097925369856885780e+01 2.393236448324668331e+01 2.173865715996989678e+01 2.270502576869440503e+01 2.021835686135557353e+01 1.259148097029027014e+01 1.955146900370605678e+01 1.699966802812957667e+01 1.184023622181673296e+01 4.823899528196470499e+00 2.461129546848111715e+01 2.715505127456707513e+01 1.201506325236415051e+01 2.163001437569907992e+01 2.287174967480088839e+01 2.043996105622486326e+01 2.718448664651295132e+01 1.667765423405815284e+01 2.076736828413638847e+01 9.867521627023691622e+00 2.230156225666291547e+01 2.609352909039817803e+01 1.544633543672059162e+01 2.551573209134278031e+01 2.977979919943876297e+01 1.992132584064165712e+01 1.621221761637446335e+01 1.001278888098759623e+01 3.603345487086113685e+00 2.302463744296941428e+01 2.825822156981466904e+01 2.164341494706151181e+01 3.539764241107531184e+00 1.523925007726840875e+01 1.409270750161819308e+01 9.937983327414308121e+00 2.005312667072421107e+01 8.634148787417789350e+00 8.088883635173468534e+00 1.771343092191752433e+01 1.452831908583801201e+01 1.786750187859093231e+01 8.520609536201471101e+00
2.593579851733890251e+01 1.072074925871480211e+01 2.762927592910225982e+01 1.086983351537972808e+01 2.171389771040728078e+01 1.857638370121909333e+01 1.326968533286405538e+01 1.095439896888696296e+01 3.130230031007710778e+01 2.558345166691272965e+01 1.119978037213123123e+01 2.125822695330604262e+01 0.000000000000000000e+00 1.789405264154514441e+01 2.649389549958398860e+01 1.878316623710267308e+01 1.478713780863527560e+01 1.247576109965792668e+01 3.350242914395590077e+01 1.449544748190973209e+01 1.579185854407130485e+01 2.392774431705632310e+01 7.302260084764191639e+00 1.879162711053588453e+01 2.825592538299620315e+01 7.670435965209013496e+00 7.457758010199994736e+00 6.615197687001082905e+00 1.305464756288541928e+01 1.958686464215353240e+01 1.608690574663881634e+01 2.538577172920929925e+01 2.761267766899787190e+01 6.453229015616757103e+00 2.951022708080686741e+01 1.979211467078874165e+01 2.398086906743691671e+01 2.195268314320474090e+01 2.568266340396169056e+01 1.608444716555691656e+01 1.445245643872741681e+01 7.056371594778327427e+00 1.951180594743654595e+01 2.334636455437968650e+01 1.229569445114050907e+01 2.173002442498395936e+01 1.252287346861863782e+01 2.336459402486417503e+01 5.843388551459131719e+00 1.502109216026186544e+01 1.855126930035823918e+01 1.164556667919505095e+01 2.265589104688272570e+01 2.247492575166916851e+01 1.182152777861504056e+01 1.118974507401884466e+01 2.932072461332174385e+01 2.189416604077782580e+01 2.335359615688181378e+01 1.607982888423680379e+01 1.756585427382618292e+01 1.116530658331330272e+01 2.078418665966952616e+01 4.126839498773862580e+00 2.708810185429841155e+01 1.051923900668688105e+01 1.736279444321091248e+01 4.371659231128838918e+00 1.045919043871994347e+01 1.231080347738246239e+01 3.258410497144171103e+01 9.617309065331324902e+00 2.775702075854881556e+01 1.549958946461621423e+01 1.584850668744002178e+01 2.988039288722513831e+01 1.659432988020939703e+01 3.833031167956355123e+00 7.355679925062090341e+00 2.609122565932577942e+01 1.660421608374581837e+01 2.720268188122145148e+01 2.096513200888923834e+01 8.497091951440250313e+00 1.807375570792620323e+01 2.044160779810032480e+01 2.563268981842441008e+01 2.296638592938685974e+01 9.138914352737010915e+00 2.453959427660489112e+01 1.957620255950205745e+01 1.509951894250865578e+01 2.442486044368468256e+01 2.425180140802219242e+01 1.699452193438743564e+01 2.105553927235194678e+01 1.613794236464410758e+01 9.233514621486445861e+00 2.094543000896225848e+01 1.406140793058889749e+01
1.071631116441587039e+01 2.524756283138961876e+01 2.554403916587839163e+01 1.056009017792523608e+01 1.098879129231764296e+01 1.849741347571127292e+01 1.407071889086051542e+01 1.369284403888919144e+01 1.947349427867225202e+01 1.761657827640806318e+01 2.528918275870589838e+01 1.817847363060676358e+01 1.789405264154514441e+01 0.000000000000000000e+00 1.012691542209079465e+01 1.823078731178275902e+01 8.650947005384121979e+00 9.096714032458153909e+00 1.745968753905401982e+01 2.572783134010223449e+01 1.736476386788679349e+01 1.750833499206319743e+01 1.501856397853163116e+01 7.173812964604033837e+00 1.579273104317734067e+01 2.048789315381493736e+01 1.504995252414739859e+01 2.421361296462580981e+01 1.955046861111171097e+01 1.238435197057834003e+01 6.543199085611919763e+00 1.416939753988550343e+01 2.270905657333869954e+01 1.261111504684306084e+01 1.362403189640536105e+01 1.311229977600744512e+01 2.350999142969391542e+01 7.116359878161598651e+00 2.135883704991146459e+01 2.252397624953221822e+01 7.219447238800841937e+00 2.050239789989682393e+01 2.045105004458821085e+01 5.645931242907263226e+00 5.598358190404634449e+00 1.695759407001765240e+01 2.463919517206558396e+01 1.207119138560290494e+01 2.266150733846939502e+01 1.116345315736758081e+01 1.877451692730731381e+01 2.126668089843507659e+01 1.408397373192465452e+01 1.145851760609888714e+01 1.212580170132811830e+01 9.584066274838328070e+00 1.510024549876805366e+01 7.452522643490106624e+00 2.126835939365794204e+01 1.442328551018303884e+01 4.526552138087640564e+00 2.116354324980736124e+01 8.336851020513785571e+00 1.672603299336291371e+01 9.655876750000475184e+00 2.812142009939029208e+01 1.935296365068651170e+01 1.395369243793659209e+01 1.085656690110724476e+01 1.748602458226663714e+01 1.656385326828756988e+01 1.704768706621607777e+01 1.812515030475661959e+01 1.033975003435468842e+01 3.821216141298291902e+00 1.337121313677553225e+01 2.183812292352675044e+01 1.799190505727021971e+01 1.310324517418263390e+01 1.376009254366671009e+01 1.045312662802924564e+01 1.680714494694253247e+01 4.067326128490364567e+00 1.693491900337641454e+01 9.091901627786207030e+00 1.632921023245196679e+01 2.404075312289455368e+01 1.477871521989231596e+01 9.291073665314371510e+00 1.535391094448410421e+01 3.489571698753452633e+00 2.131511233676538453e+01 9.504183594129555601e+00 2.076271276199934235e+01 1.396786999506223559e+01 1.749191196050241714e+01 1.829972258361668835e+01 2.529083775282956381e+01 2.021563855526907005e+01 2.590581069769844902e+01
9.055851846027708874e+00 2.263038346491198638e+01 1.720829755788365034e+01 2.064235388002079929e+01 9.701202325417897399e+00 8.990400722936005451e+00 1.847902616146579646e+01 1.845381767699199571e+01 1.089438454439448556e+01 2.048093643487136362e+01 1.917481696417284809e+01 1.242094701755011954e+01 2.649389549958398860e+01 1.012691542209079465e+01 0.000000000000000000e+00 1.335924358299205750e+01 1.828229432377579045e+01 1.722053174964219835e+01 1.169785375931575899e+01 1.637824892958661493e+01 1.741914851382942686e+01 7.385059628445537427e+00 2.340331417309174000e+01 1.270221812949193918e+01 1.593285297922468935e+01 2.380417416857715907e+01 2.467896910078036399e+01 2.138192773158741389e+01 1.415263117378364655e+01 1.612128517551522933e+01 1.104692896841342709e+01 6.359111056754054303e+00 1.298615066538680018e+01 2.087278710841384211e+01 5.998822983683264276e+00 1.185706187595654448e+01 1.338671606607625719e+01 6.156471910844884654e+00 2.032514571008205451e+01 1.739065007301463339e+01 1.721508055721810493e+01 2.028804537927265983e+01 1.122224345596319850e+01 5.911632695686646066e+00 1.530368567682271141e+01 1.883445473064100639e+01 1.512682391904266233e+01 1.429443583208660229e+01 2.617672201266073984e+01 1.378808933476148368e+01 8.651241563689657355e+00 2.179363540608247618e+01 4.734391321409035847e+00 7.073043412410200403e+00 1.928026677569808101e+01 1.594408964103340232e+01 1.263594507287284330e+01 1.000659690413028713e+01 1.640974462022586522e+01 1.591716425861643103e+01 1.387760300674212033e+01 1.831465381649367075e+01 9.469048457159500387e+00 2.435630581892926472e+01 4.900591537013632149e+00 2.087138040561714192e+01 1.659755182365002568e+01 2.355983600047274251e+01 2.098348232319802520e+01 1.966463889545545385e+01 9.212538961475516430e+00 1.942832715789687725e+01 9.314518058994138983e+00 1.666017174959291935e+01 1.204427018555253959e+01 8.346421266586268928e+00 1.237225204915502985e+01 2.356898508639058676e+01 2.292067283450738913e+01 4.004497521283583161e+00 1.491273040890937374e+01 1.802111819445185148e+01 9.810102209039003540e+00 2.175109351929898338e+01 9.956662610073703235e+00 1.343913932348034557e+01 1.391747775927689545e+01 1.805370303189599923e+01 1.884912018666206279e+01 9.306111099339430481e+00 8.131408790246762663e+00 1.175259446744379588e+01 3.483543325464855567e+00 1.065256848433630132e+01 1.449482450270964051e+01 8.142329549986799364e+00 1.212194069592231394e+01 1.812127812542452432e+01 1.009236319165141182e+01 1.820223351443660675e+01
1.521866229335026865e+01 2.184023531679978802e+01 8.969079293569782507e+00 2.112873465546814700e+01 2.249043375389433308e+01 9.249028777820566205e+00 9.147278647056518608e+00 2.920537341127899467e+01 1.406384547857511436e+01 1.048631677832501197e+01 1.348241438641715462e+01 1.971186846711622920e+01 1.878316623710267308e+01 1.823078731178275902e+01 1.335924358299205750e+01 0.000000000000000000e+00 1.679426638166892261e+01 2.625424379518453222e+01 1.958594113068578224e+01 1.561978526448878135e+01 2.768394329629702355e+01 7.416261779725618730e+00 1.462809840837209485e+01 1.192893985044701921e+01 1.581327956930205225e+01 2.498053366108999640e+01 2.067012995221342209e+01 1.611483491168824145e+01 7.068852512747054284e+00 7.045672914349243143e+00 2.399807408183329827e+01 1.546259099309251717e+01 9.879352520406420979e+00 2.368140909291043883e+01 1.358203366532378631e+01 2.316219128051518439e+01 5.930394774164773786e+00 1.951571549383694304e+01 8.277405201667200174e+00 2.134434456025727656e+01 2.022733692742824374e+01 1.186393287970626176e+01 1.524276670895735464e+01 1.656334170676644746e+01 2.145859208878697899e+01 5.536646016841357820e+00 1.111187549454438894e+01 1.184937488908935954e+01 2.073152487155298118e+01 2.631499910769038308e+01 4.849896110972281349e+00 2.563699927867913075e+01 1.122263912505342454e+01 1.854241319848883407e+01 1.361393701420056068e+01 2.742484775461761259e+01 1.814622961290252690e+01 1.238074635638658094e+01 4.693399521349337356e+00 4.536390992320889382e+00 1.628566712564628816e+01 1.061428114770856901e+01 2.282465198167843212e+01 2.279932157517724889e+01 1.550462390203514396e+01 1.766994868160202969e+01 2.411974517955236053e+01 1.973927117069594317e+01 1.716734157382269643e+01 2.902725861958958120e+01 1.622427722584841803e+01 1.063771000642624820e+01 1.052448707148805340e+01 1.304414231860153173e+01 2.190566526353310195e+01 1.719526348281357642e+01 1.203744540763489290e+01 1.514487258682418513e+01 1.812233057006234560e+01 1.041501930327739878e+01 8.997798233108685650e+00 1.334493741447971438e+01 1.431423877940419231e+01 2.689158943706883065e+01 2.258326315863989109e+01 2.285083432042768692e+01 7.582215525152262714e+00 9.137549923597555690e+00 2.343755237931354074e+01 1.878165789616488368e+01 1.987388236772251915e+01 7.894603636875512365e+00 1.613472871391443064e+01 6.529358565722536589e+00 2.668487799364058688e+01 1.186491993942489565e+01 3.428961186137843509e+00 1.342137693651935670e+01 3.563620739681196081e+00 1.889169049122959976e+01
