0.000000000000000000e+00 2.289927683151133309e+01 1.555402226668382859e+01 1.513732729254247644e+01 1.373644670238162568e+01 8.147992053082081298e+00 8.253069892328452895e+00 2.065849723985081354e+01 7.934751512935299900e+00 1.774220390225994848e+01 9.462525375786857040e+00 1.708812929914360979e+01 1.485168329128239684e+01 1.265136834906388152e+01 1.831259640959293478e+01 9.971966806893703961e+00 4.829614144147706511e+00 4.863374064224833759e+00 1.924229698015933110e+01 1.089901160481670672e+01 1.960686241071512015e+01 1.119252032271923447e+01 4.128087014835753799e+00 1.221717162794523936e+01 1.985142911377123909e+01 1.582187409794176247e+01 1.144699499968111489e+01 1.414803931869714404e+01 8.430498247445591176e+00 7.190965784683691631e+00 1.742358117013657903e+01 1.388436471994622146e+01 1.228603353145473775e+01 7.686589669892589072e+00 4.962774595173604197e+00 3.112489824386670545e+00 2.027845981801165465e+01 1.042206191772798540e+01 1.175887223636845214e+01 1.514192710413483667e+01 1.817887876103144862e+01 1.235769424871802435e+01 5.355946059324632635e+00 1.319867616130306764e+01 7.193062355565307264e+00 1.508386364983853944e+01 2.638088103386764693e+00 1.062310586902031950e+01 8.095260864413116764e+00 5.798687406940678635e+00
2.289927683151133309e+01 0.000000000000000000e+00 1.571609340677816569e+01 1.525988314028971793e+01 1.176357229068745092e+01 2.021433103763945027e+01 1.937068925563284338e+01 8.100283134662314311e+00 1.497784994101287204e+01 7.782603553910172778e+00 1.389023168427909383e+01 5.841140911294188776e+00 1.148260786919103182e+01 1.087253505075628546e+01 5.263995902625972612e+00 1.484195085168748030e+01 1.820744384379159797e+01 1.897373842579373004e+01 1.210885055649957387e+01 1.581541547417162796e+01 4.245254897944047201e+00 1.917414416514693087e+01 2.038042864980037905e+01 1.711888200519100423e+01 4.027950498296372750e+00 1.139738326190647832e+01 1.291498316866070795e+01 9.311393866902815120e+00 1.722773262840448183e+01 1.674842333618754608e+01 8.135320576886257982e+00 9.064711531219920460e+00 1.465200377345531635e+01 1.778383900726098688e+01 1.803277668395706357e+01 2.154029709984556717e+01 3.254778590833361296e+00 1.352354854571357912e+01 1.208052906816592653e+01 1.359220415704374396e+01 4.818967761536497640e+00 1.180020978591599423e+01 2.014049925302478528e+01 1.314635629070717826e+01 1.604619034617333639e+01 8.766156116642331853e+00 2.047376187372357137e+01 1.238393359109545244e+01 1.604803220513634443e+01 1.760437223255352279e+01
1.555402226668382859e+01 1.571609340677816569e+01 0.000000000000000000e+00 2.182118838096186764e+01 1.175899219616250946e+01 2.029417601441309316e+01 8.144139253975868797e+00 8.199285235774661729e+00 1.415764953740834109e+01 1.989376944855255758e+01 7.140934393933395796e+00 1.004013021178081999e+01 5.366953907695098280e+00 1.624535010833788107e+01 1.524002996970714996e+01 1.264869162537003611e+01 1.072440812253613096e+01 1.573907847414939987e+01 4.664820046878269011e+00 1.839027398799496993e+01 1.147887623581180172e+01 2.117042624112631088e+01 1.159227715651934609e+01 4.120128395790715103e+00 1.826482144098577365e+01 1.981047383276513685e+01 9.497459038901659767e+00 1.533056282021857442e+01 7.521277474679621378e+00 1.074146475047697535e+01 7.629748740296442122e+00 8.305648065168551142e+00 3.964098075330325877e+00 1.713698959273132871e+01 1.266359297176235188e+01 1.775401476213422214e+01 1.317368741476592575e+01 1.688287716937397676e+01 1.342393307691474647e+01 2.754498877778850829e+00 1.669847298556030424e+01 6.968836940263757107e+00 1.836990987932172814e+01 1.901936102350821045e+01 8.804834361284203936e+00 1.784829042158002110e+01 1.351850501560629247e+01 1.569839941727416743e+01 1.567028333249008476e+01 1.158073780688389753e+01
1.513732729254247644e+01 1.525988314028971793e+01 2.182118838096186764e+01 0.000000000000000000e+00 1.168182604703323690e+01 8.238680515583736153e+00 1.911498246401707135e+01 2.051780038555101271e+01 8.005102916423300741e+00 7.636795134429088527e+00 1.487584764749488109e+01 1.598385156816153696e+01 1.681345638181182878e+01 5.652875592552005557e+00 1.071439647003454887e+01 1.082852572344466147e+01 1.363861894827509502e+01 1.030446198287317650e+01 2.106752442786917356e+01 4.262663395729639149e+00 1.704869662414945708e+01 4.199447628074620908e+00 1.745583960788829714e+01 1.999383121783485606e+01 1.181223975942152826e+01 3.879535719275833738e+00 1.269086507691206123e+01 8.359287386201758707e+00 1.604228273178365427e+01 1.133335846848438067e+01 1.794105840083535242e+01 1.462769175525318488e+01 1.805689573246955248e+01 7.528334153134728979e+00 1.074660140372377271e+01 1.311642006602733979e+01 1.334983891829088165e+01 5.147726062763007704e+00 8.485406984217780391e+00 1.924023484709546850e+01 1.048668778842188942e+01 1.504341660494625010e+01 1.038517962083401081e+01 2.802138233706237713e+00 1.346749467134883638e+01 6.498235171527374732e+00 1.306042556019230716e+01 7.139991689875429870e+00 7.137914820745840494e+00 1.074541267423933988e+01
1.373644670238162568e+01 1.176357229068745092e+01 1.175899219616250946e+01 1.168182604703323690e+01 0.000000000000000000e+00 1.603993342836375291e+01 1.371831991886637780e+01 9.836634810192634859e+00 8.313273860940194382e+00 8.582118910435328374e+00 6.882301607586769343e+00 5.952424758319728504e+00 6.408165815684062849e+00 6.110324543148348830e+00 8.282959446603644693e+00 5.012077324112860666e+00 9.816261914516225318e+00 1.300381545281923046e+01 1.047343503524673913e+01 1.161441572828027269e+01 8.768689727767398523e+00 1.530977107122514624e+01 1.319725773128966040e+01 1.238022318086731666e+01 1.023093446301643361e+01 8.317786957384917912e+00 3.664467186890433048e+00 3.571570624056068510e+00 1.031623533124577108e+01 6.573058421952697294e+00 6.603377475209835090e+00 3.504833655342646903e+00 9.224253987366990870e+00 1.323216455290094373e+01 1.070303314892222524e+01 1.525479352888236129e+01 9.142755277187777807e+00 8.824581371149452735e+00 3.819386648984189669e+00 9.171846025567020888e+00 8.149241798042163865e+00 5.778571550408011959e+00 1.527943892952363036e+01 9.106406644791748661e+00 7.890141860452483336e+00 6.140719486810599648e+00 1.162807033564712178e+01 6.302494666462141737e+00 1.089466734840131856e+01 9.094424682961600226e+00
8.147992053082081298e+00 2.021433103763945027e+01 2.029417601441309316e+01 8.238680515583736153e+00 1.603993342836375291e+01 0.000000000000000000e+00 1.501176303404951540e+01 2.531869651997928017e+01 8.002327811839991867e+00 1.260076101823788974e+01 1.412272465591531656e+01 2.093443164218164654e+01 1.951188257141085458e+01 1.000499168762955016e+01 1.566497654405466378e+01 1.281484515971140858e+01 1.007543727308548220e+01 4.672310589817143978e+00 2.390249626028779062e+01 4.435924521087919459e+00 2.200314452149920186e+01 4.109173057831970510e+00 1.193987617621365871e+01 1.734413213989649805e+01 1.676748890912556078e+01 9.246587378293419590e+00 1.604771866701810978e+01 1.326711073603480351e+01 1.348099783680060249e+01 1.174766275665084336e+01 2.208378045026504566e+01 1.854456400007467209e+01 1.694623281158317951e+01 3.494433527190703437e+00 7.641365502824208455e+00 5.195401532155954349e+00 1.830428681564061932e+01 7.269316395312952928e+00 1.228193378055174279e+01 1.980212638426329264e+01 1.544113568577163775e+01 1.701789352884648920e+01 2.792675692034973789e+00 7.104179045570393036e+00 1.180308430504423534e+01 1.145458616269988639e+01 8.123892951422462261e+00 9.861822269257530138e+00 5.813222369112303056e+00 9.411742862555287914e+00
8.253069892328452895e+00 1.937068925563284338e+01 8.144139253975868797e+00 1.911498246401707135e+01 1.371831991886637780e+01 1.501176303404951540e+01 0.000000000000000000e+00 1.422746752404384019e+01 1.111443368342230364e+01 2.150767277512206022e+01 6.981062768735173840e+00 1.355954172326510943e+01 8.032190145239285428e+00 1.634666115018529453e+01 1.875944148119143762e+01 1.213933091295847255e+01 5.591378347571048124e+00 1.040403376412586134e+01 1.241472562272090663e+01 1.518304469008011459e+01 1.516631549765891229e+01 1.749274413841846965e+01 4.127176559569541325e+00 4.039170071279582608e+00 2.188276082337648276e+01 1.975293097118992236e+01 1.049620853431180123e+01 1.650323715794979051e+01 3.657280689622202985e+00 8.760921279181319576e+00 1.136995501752768334e+01 1.114200620331527425e+01 5.039979320319666556e+00 1.317871161928636603e+01 8.699899224230028594e+00 1.060709575234133517e+01 1.674987224213316495e+01 1.422059527877513219e+01 1.447006275560064026e+01 8.288829255280230512e+00 2.028354620861144042e+01 8.674420904750986594e+00 1.222285563704847355e+01 1.712930870140886697e+01 7.042587751705754684e+00 1.886035200563975422e+01 7.090444355350919992e+00 1.392963207078517485e+01 1.228213615653534241e+01 8.369569789777724367e+00
2.065849723985081354e+01 8.100283134662314311e+00 8.199285235774661729e+00 2.051780038555101271e+01 9.836634810192634859e+00 2.531869651997928017e+01 1.422746752404384019e+01 0.000000000000000000e+00 1.775286568986937041e+01 1.367554999037314722e+01 1.126537578363293868e+01 6.422326889906776692e+00 6.220532492956381887e+00 1.559526826994394000e+01 1.018753377625970913e+01 1.445166915304204025e+01 1.596666425213106955e+01 2.076359897971557089e+01 4.300078561362748353e+00 2.105400755720944872e+01 4.175579415391370119e+00 2.443206141040824164e+01 1.724301506645248949e+01 1.076541400233776180e+01 1.143896017799966103e+01 1.665530050716776600e+01 1.090296023250536273e+01 1.340820543424871047e+01 1.336946684298900223e+01 1.450764374452701411e+01 3.339915871863802010e+00 6.870247583721617701e+00 9.271790280531755357e+00 2.214213169293413586e+01 1.767733101715504418e+01 2.277853526770038073e+01 7.333611590900908972e+00 1.828540303033559766e+01 1.327666434573990273e+01 6.399382607116060662e+00 1.044824805936607426e+01 8.521686734370145899e+00 2.339443038488787963e+01 1.840427353596846416e+01 1.380541075451280264e+01 1.402447800879317441e+01 1.855610535810761164e+01 1.574208649539131954e+01 2.033425917733050525e+01 1.658587990708668158e+01
7.934751512935299900e+00 1.497784994101287204e+01 1.415764953740834109e+01 8.005102916423300741e+00 8.313273860940194382e+00 8.002327811839991867e+00 1.111443368342230364e+01 1.775286568986937041e+01 0.000000000000000000e+00 1.050572918645956122e+01 7.453820027210388943e+00 1.386865563799645784e+01 1.263084573381987852e+01 5.232227466762987333e+00 1.037784489665764021e+01 5.037115808254786664e+00 5.638070167680335310e+00 4.781604535728025240e+00 1.703174463052225462e+01 4.295415226120911534e+00 1.668492060744413052e+01 7.824179288175512781e+00 9.474095164768151278e+00 1.199328243724009546e+01 1.222508101017490922e+01 8.638497287767631150e+00 8.450873720531916433e+00 7.056961386013612447e+00 8.041733951188893670e+00 3.761420512629317869e+00 1.451960835488656798e+01 1.117937615318863642e+01 1.051472971321130601e+01 4.949612913197409370e+00 3.114170123863036821e+00 7.032582611791154292e+00 1.306082364718175803e+01 3.106161595352830318e+00 4.667794303684923207e+00 1.301367586461599757e+01 1.024412724809615760e+01 9.945122634569445452e+00 7.003912671378753174e+00 6.014875017986563321e+00 5.462391754925526755e+00 7.745918322217447916e+00 5.598103070557586491e+00 2.827773479951258384e+00 2.584189197012545236e+00 2.744863893644579278e+00
1.774220390225994848e+01 7.782603553910172778e+00 1.989376944855255758e+01 7.636795134429088527e+00 8.582118910435328374e+00 1.260076101823788974e+01 2.150767277512206022e+01 1.367554999037314722e+01 1.050572918645956122e+01 0.000000000000000000e+00 1.467165446384245087e+01 9.924891907935734281e+00 1.499028472611939655e+01 5.279423395820931120e+00 5.091744154163107439e+00 1.054110527116393214e+01 1.608104586191841179e+01 1.288264343997872174e+01 1.666652208269232105e+01 8.202101527600413888e+00 9.857618944486072010e+00 1.155105615928630414e+01 1.991717038925652261e+01 2.034308382964838202e+01 4.264582540567718461e+00 3.781908709850579697e+00 1.140047825546534099e+01 5.010548286379264304e+00 1.810558818750144994e+01 1.314168751802163726e+01 1.256583182051196346e+01 1.208695256577798105e+01 1.701360684362266440e+01 1.030612420360062131e+01 1.329341308215019879e+01 1.591856836237376704e+01 6.720082033786633602e+00 7.412555774675340103e+00 7.769494366636759963e+00 1.772375615572831364e+01 3.227408114371675740e+00 1.366887623573964738e+01 1.326277324712107486e+01 5.534744040872165982e+00 1.557414929320336050e+01 2.786051771174992808e+00 1.560988948888294914e+01 7.727078416915493797e+00 9.684726499172279901e+00 1.318783958788265487e+01
9.462525375786857040e+00 1.389023168427909383e+01 7.140934393933395796e+00 1.487584764749488109e+01 6.882301607586769343e+00 1.412272465591531656e+01 6.981062768735173840e+00 1.126537578363293868e+01 7.453820027210388943e+00 1.467165446384245087e+01 0.000000000000000000e+00 8.079084151911365197e+00 5.401781550764243711e+00 1.045546147574415841e+01 1.327898390983769339e+01 6.333269595650714123e+00 4.770692388067113043e+00 9.567627115651609060e+00 9.792395239641178861e+00 1.136277336390164017e+01 1.021374095449723995e+01 1.497959647726514554e+01 6.507518767297447937e+00 6.306295910213233213e+00 1.632047001642355610e+01 1.402058520017140708e+01 3.659061153896506990e+00 9.667218846670179389e+00 3.537809257478133684e+00 3.737235961151241792e+00 8.030459713918707720e+00 4.889469924766348896e+00 3.181048084974668289e+00 1.094615982887017047e+01 6.481359153091101888e+00 1.158256340363642600e+01 1.126941467077941361e+01 9.741942775440582736e+00 7.634044444321030909e+00 5.692025363616678213e+00 1.423877735144927925e+01 2.907792508199864567e+00 1.219845852082394266e+01 1.248163708348879730e+01 2.609438890448858572e+00 1.205840178898630199e+01 7.360133494043672009e+00 8.965689970236143225e+00 9.479453568628921190e+00 5.389908043022741069e+00
1.708812929914360979e+01 5.841140911294188776e+00 1.004013021178081999e+01 1.598385156816153696e+01 5.952424758319728504e+00 2.093443164218164654e+01 1.355954172326510943e+01 6.422326889906776692e+00 1.386865563799645784e+01 9.924891907935734281e+00 8.079084151911365197e+00 0.000000000000000000e+00 5.671460336823306747e+00 1.159103412303548453e+01 5.269455098126987203e+00 1.056745910116912412e+01 1.239629631142386934e+01 1.719323103900836713e+01 7.683377790282147402e+00 1.653551607871381535e+01 4.265535832008628070e+00 1.989811259301875523e+01 1.456928111743265220e+01 1.131252602031094590e+01 8.352780660939400192e+00 1.211832030714037600e+01 7.103835636292974876e+00 9.523995382375794350e+00 1.141658509603674609e+01 1.093727580381981745e+01 3.378747965169329515e+00 3.253563998852191386e+00 8.840856241087596601e+00 1.850380044407965485e+01 1.410696307644786174e+01 1.920816732699319473e+01 3.205676169524554808e+00 1.424350998253225242e+01 9.392454293866986603e+00 7.822012207835183695e+00 6.743803964172291998e+00 5.989062253548270043e+00 1.982406244418069718e+01 1.386645689524936031e+01 1.023504281380561132e+01 9.499814013724961370e+00 1.498573741740042209e+01 1.185787644351839987e+01 1.645004912545758557e+01 1.301551196637949204e+01
1.485168329128239684e+01 1.148260786919103182e+01 5.366953907695098280e+00 1.681345638181182878e+01 6.408165815684062849e+00 1.951188257141085458e+01 8.032190145239285428e+00 6.220532492956381887e+00 1.263084573381987852e+01 1.499028472611939655e+01 5.401781550764243711e+00 5.671460336823306747e+00 0.000000000000000000e+00 1.116058078925981611e+01 1.087136009474963316e+01 9.415221739507256160e+00 1.015985030356265106e+01 1.495678503114715241e+01 4.403260051533132824e+00 1.639298971928243986e+01 7.276163814591949830e+00 2.025398092191522537e+01 1.122955907227507311e+01 6.001593347104915210e+00 1.399467943693467475e+01 1.463971558550182195e+01 5.581881646085114390e+00 9.979736439740133136e+00 7.294304153284679515e+00 8.925785289556831259e+00 3.479282899710023358e+00 3.273225198002691183e+00 3.202395955948566186e+00 1.633531774436571382e+01 1.187051706858664879e+01 1.697172131913197290e+01 8.861790855691353386e+00 1.375155668734524461e+01 8.729065846233492465e+00 2.763680209882958927e+00 1.239546482216963241e+01 2.728938623972232858e+00 1.758761643631948246e+01 1.410820339810161173e+01 7.998596805944400145e+00 1.253372093362063389e+01 1.274929140953920914e+01 1.118422443272133648e+01 1.486861148412445921e+01 1.077906595851827909e+01
1.265136834906388152e+01 1.087253505075628546e+01 1.624535010833788107e+01 5.652875592552005557e+00 6.110324543148348830e+00 1.000499168762955016e+01 1.634666115018529453e+01 1.559526826994394000e+01 5.232227466762987333e+00 5.279423395820931120e+00 1.045546147574415841e+01 1.159103412303548453e+01 1.116058078925981611e+01 0.000000000000000000e+00 6.321579024908497324e+00 5.534568145625316404e+00 1.087029763444332353e+01 8.152830709037822032e+00 1.541464883531716090e+01 5.595334136049032736e+00 1.266134853461602461e+01 9.256702676266902685e+00 1.470479901720045923e+01 1.612689084155007890e+01 7.430079528575573633e+00 3.907166857182924335e+00 7.118515662224535134e+00 3.776251180988535516e+00 1.327396141795188456e+01 7.993801012260791872e+00 1.236201093496113579e+01 9.048644289378962924e+00 1.279741385552437904e+01 7.420178305097471672e+00 8.148843293505517948e+00 1.091514237972011792e+01 8.962490828757442074e+00 2.874335306677483270e+00 2.976179514518336955e+00 1.366370395885939359e+01 6.099339698888466721e+00 9.467569374691867878e+00 9.673941231119554729e+00 2.997446022805959398e+00 1.060965650126687265e+01 2.563684373627320046e+00 1.048320422078573699e+01 2.579191911154654182e+00 5.471004929697547148e+00 7.977091360407566611e+00
1.831259640959293478e+01 5.263995902625972612e+00 1.524002996970714996e+01 1.071439647003454887e+01 8.282959446603644693e+00 1.566497654405466378e+01 1.875944148119143762e+01 1.018753377625970913e+01 1.037784489665764021e+01 5.091744154163107439e+00 1.327898390983769339e+01 5.269455098126987203e+00 1.087136009474963316e+01 6.321579024908497324e+00 0.000000000000000000e+00 1.024194580733225024e+01 1.589757346223405143e+01 1.442424476448540815e+01 1.288327754820847382e+01 1.126606098058682370e+01 6.736718523934346337e+00 1.462865749489177247e+01 1.973369798957215338e+01 1.651242577823727231e+01 5.602268339973396571e+00 6.848865209013387023e+00 1.110131879163365731e+01 4.711388822547577959e+00 1.661648485396307606e+01 1.295821511833727691e+01 8.578647723095656374e+00 8.453463756778520022e+00 1.404075599901392657e+01 1.323434534595267209e+01 1.343277163960182818e+01 1.698578883677946294e+01 3.011408054223136510e+00 8.974054884405266108e+00 7.480524023810683154e+00 1.302191196576151277e+01 2.984301638245088206e+00 1.118896201147459557e+01 1.559100559171647049e+01 8.597001797122372224e+00 1.527498982937167504e+01 4.230358915597972391e+00 1.587375682936835375e+01 7.783928546740220611e+00 1.149853854382802432e+01 1.300436718819829451e+01
9.971966806893703961e+00 1.484195085168748030e+01 1.264869162537003611e+01 1.082852572344466147e+01 5.012077324112860666e+00 1.281484515971140858e+01 1.213933091295847255e+01 1.445166915304204025e+01 5.037115808254786664e+00 1.054110527116393214e+01 6.333269595650714123e+00 1.056745910116912412e+01 9.415221739507256160e+00 5.534568145625316404e+00 1.024194580733225024e+01 0.000000000000000000e+00 6.703886593137069028e+00 9.229804252523102548e+00 1.381734653061320905e+01 8.388047387738984284e+00 1.338372407061679858e+01 1.231376170946380100e+01 1.074344571358223632e+01 1.221334415264754725e+01 1.218992082374503383e+01 9.366917321750079850e+00 3.970585496773743284e+00 5.545389583355485819e+00 9.039896210309750657e+00 3.405255090126568795e+00 1.121841181805923426e+01 7.878179616361304483e+00 8.812649608030211468e+00 9.847942303157010357e+00 6.874906115231585346e+00 1.148078232858623160e+01 1.292492455785636452e+01 5.859636406255360974e+00 2.782323636505883435e+00 1.055424490895645029e+01 1.010822815877076231e+01 6.743272952347573401e+00 1.162368842099054866e+01 8.073989734489604331e+00 6.076005736514057176e+00 7.859404581423937941e+00 7.846405224716680671e+00 3.688534033569231596e+00 7.569221969764908131e+00 4.173279399953022661e+00
4.829614144147706511e+00 1.820744384379159797e+01 1.072440812253613096e+01 1.363861894827509502e+01 9.816261914516225318e+00 1.007543727308548220e+01 5.591378347571048124e+00 1.596666425213106955e+01 5.638070167680335310e+00 1.608104586191841179e+01 4.770692388067113043e+00 1.239629631142386934e+01 1.015985030356265106e+01 1.087029763444332353e+01 1.589757346223405143e+01 6.703886593137069028e+00 0.000000000000000000e+00 5.417256137325773935e+00 1.455046399243959065e+01 9.595761101250909419e+00 1.491502942299537438e+01 1.203634249995756633e+01 4.073847380515699612e+00 7.439965222052586924e+00 1.777845147920538338e+01 1.427656745544796735e+01 6.843286087879762114e+00 1.154398864112382306e+01 3.622300335351878786e+00 3.363872306960922653e+00 1.273174818241684036e+01 9.192531732226484564e+00 7.538311470334035036e+00 7.751208083146881478e+00 3.109740240551229551e+00 7.114209647122481606e+00 1.558662683029192486e+01 8.744231763033162963e+00 9.154821558795134706e+00 1.045009411641509089e+01 1.576385581367257060e+01 7.665861260998274140e+00 7.824000067818768223e+00 1.165294518566689952e+01 2.567539972237242729e+00 1.338398848989777790e+01 2.835420615231238006e+00 8.453268555043205623e+00 6.695005028536868963e+00 2.893206274035756032e+00
4.863374064224833759e+00 1.897373842579373004e+01 1.573907847414939987e+01 1.030446198287317650e+01 1.300381545281923046e+01 4.672310589817143978e+00 1.040403376412586134e+01 2.076359897971557089e+01 4.781604535728025240e+00 1.288264343997872174e+01 9.567627115651609060e+00 1.719323103900836713e+01 1.495678503114715241e+01 8.152830709037822032e+00 1.442424476448540815e+01 9.229804252523102548e+00 5.417256137325773935e+00 0.000000000000000000e+00 1.934739872002409555e+01 6.069820321258236895e+00 1.971196415057987750e+01 7.095774196644482501e+00 7.915151081227086216e+00 1.274164060785099828e+01 1.552753280966607896e+01 1.097978065617390975e+01 1.149498349484819393e+01 1.174750297789264764e+01 8.897667885395005527e+00 7.209590737829481455e+00 1.752868291000133638e+01 1.398946645981097703e+01 1.239113527131948445e+01 3.141320818297305362e+00 3.086267962560508948e+00 3.063959640518110650e+00 1.706369420379488133e+01 5.668418345141004622e+00 9.358335895563961060e+00 1.524702884399959224e+01 1.420054307392589621e+01 1.246279598858277993e+01 2.638163182827327091e+00 8.356158386392843695e+00 7.247986764780535829e+00 1.037468576836001510e+01 3.460537651152980398e+00 7.197622253875351817e+00 3.318617657913017549e+00 5.109944622325136798e+00
1.924229698015933110e+01 1.210885055649957387e+01 4.664820046878269011e+00 2.106752442786917356e+01 1.047343503524673913e+01 2.390249626028779062e+01 1.241472562272090663e+01 4.300078561362748353e+00 1.703174463052225462e+01 1.666652208269232105e+01 9.792395239641178861e+00 7.683377790282147402e+00 4.403260051533132824e+00 1.541464883531716090e+01 1.288327754820847382e+01 1.381734653061320905e+01 1.455046399243959065e+01 1.934739872002409555e+01 0.000000000000000000e+00 2.076262948893062799e+01 7.871569446198530606e+00 2.451828440783049956e+01 1.562017276115201092e+01 8.639842804388164765e+00 1.479139918819928035e+01 1.878857354908185329e+01 9.904358112813840265e+00 1.404500565930280942e+01 1.168491784216161911e+01 1.332462234494658837e+01 4.305423747527306055e+00 6.974054014069840157e+00 7.403601049011572677e+00 2.072593143324262854e+01 1.626113075746358660e+01 2.136233500800892315e+01 1.010193361971714943e+01 1.801895397234019569e+01 1.299646313122844710e+01 4.126170578866472205e+00 1.344754484611313039e+01 7.132198675505365237e+00 2.197823012519642205e+01 1.836654958480443867e+01 1.238921049482133441e+01 1.661415452205734056e+01 1.713990509841614696e+01 1.545162171771629112e+01 1.925922517300140058e+01 1.516967964739521513e+01
1.089901160481670672e+01 1.581541547417162796e+01 1.839027398799496993e+01 4.262663395729639149e+00 1.161441572828027269e+01 4.435924521087919459e+00 1.518304469008011459e+01 2.105400755720944872e+01 4.295415226120911534e+00 8.202101527600413888e+00 1.136277336390164017e+01 1.653551607871381535e+01 1.639298971928243986e+01 5.595334136049032736e+00 1.126606098058682370e+01 8.388047387738984284e+00 9.595761101250909419e+00 6.069820321258236895e+00 2.076262948893062799e+01 0.000000000000000000e+00 1.760422895803136711e+01 4.074194280434281445e+00 1.322209021306894705e+01 1.611270000345890452e+01 1.236857334565772071e+01 4.991531581056822375e+00 1.175201558787199652e+01 8.862926375091383591e+00 1.216115151740769917e+01 7.786182632043517238e+00 1.782075022222665339e+01 1.448051802052872006e+01 1.453809299180825043e+01 3.362823760561187036e+00 6.512852008904438605e+00 9.062927423851517617e+00 1.390537125217278103e+01 2.857321242613218626e+00 7.871830076627458261e+00 1.683119883246627779e+01 1.104222012230379946e+01 1.370726662003200502e+01 6.316480811497403813e+00 2.695077170486936513e+00 9.635860205569919401e+00 7.055670599232041873e+00 8.826676165372969507e+00 5.445368661953867928e+00 2.904165425926506394e+00 6.864281459863386559e+00
1.960686241071512015e+01 4.245254897944047201e+00 1.147887623581180172e+01 1.704869662414945708e+01 8.768689727767398523e+00 2.200314452149920186e+01 1.516631549765891229e+01 4.175579415391370119e+00 1.668492060744413052e+01 9.857618944486072010e+00 1.021374095449723995e+01 4.265535832008628070e+00 7.276163814591949830e+00 1.266134853461602461e+01 6.736718523934346337e+00 1.338372407061679858e+01 1.491502942299537438e+01 1.971196415057987750e+01 7.871569446198530606e+00 1.760422895803136711e+01 0.000000000000000000e+00 2.096295764900666825e+01 1.630238415019248777e+01 1.288661169122510763e+01 7.263380762608289132e+00 1.318619674576621037e+01 9.851325403369662226e+00 1.109778783253731760e+01 1.304860035021527054e+01 1.345600891539131894e+01 3.898039466585206725e+00 5.807584436023256913e+00 1.044293939535069882e+01 1.957265249112071004e+01 1.662569618801935789e+01 2.172690043856469444e+01 4.113207503351885563e+00 1.531236202957331294e+01 1.220871926331466106e+01 9.354986986077376443e+00 6.697463792840694374e+00 7.698415566314607439e+00 2.192931273688451910e+01 1.493516977456690853e+01 1.275377592537710747e+01 1.055496960050206923e+01 1.750447052897191824e+01 1.417032755672996203e+01 1.783684568899608536e+01 1.553424507795098819e+01
1.119252032271923447e+01 1.917414416514693087e+01 2.117042624112631088e+01 4.199447628074620908e+00 1.530977107122514624e+01 4.109173057831970510e+00 1.749274413841846965e+01 2.443206141040824164e+01 7.824179288175512781e+00 1.155105615928630414e+01 1.497959647726514554e+01 1.989811259301875523e+01 2.025398092191522537e+01 9.256702676266902685e+00 1.462865749489177247e+01 1.231376170946380100e+01 1.203634249995756633e+01 7.095774196644482501e+00 2.451828440783049956e+01 4.074194280434281445e+00 2.096295764900666825e+01 0.000000000000000000e+00 1.483799856017082774e+01 1.869961340968237096e+01 1.572650078427874476e+01 7.793796744133051568e+00 1.565429916391895659e+01 1.227354841105897343e+01 1.469402814381531996e+01 1.158195671025876905e+01 2.154522907583398705e+01 1.821554345992505120e+01 1.780310463293302092e+01 4.328112501814639579e+00 8.928198649940664922e+00 9.015840773194991442e+00 1.726409994314809637e+01 6.594422416308199253e+00 1.154927634738075604e+01 2.065899820561311984e+01 1.440094881327910947e+01 1.771139186226341167e+01 6.321333781535389384e+00 6.350211804308732333e+00 1.259906486211685106e+01 1.041249619638459301e+01 1.041925513927769842e+01 9.233308506074402899e+00 5.787951869374554192e+00 9.741303041921456796e+00
4.128087014835753799e+00 2.038042864980037905e+01 1.159227715651934609e+01 1.745583960788829714e+01 1.319725773128966040e+01 1.193987617621365871e+01 4.127176559569541325e+00 1.724301506645248949e+01 9.474095164768151278e+00 1.991717038925652261e+01 6.507518767297447937e+00 1.456928111743265220e+01 1.122955907227507311e+01 1.470479901720045923e+01 1.973369798957215338e+01 1.074344571358223632e+01 4.073847380515699612e+00 7.915151081227086216e+00 1.562017276115201092e+01 1.322209021306894705e+01 1.630238415019248777e+01 1.483799856017082774e+01 0.000000000000000000e+00 8.104784965894751281e+00 2.161457600654348354e+01 1.811106509439366619e+01 9.952998384383382913e+00 1.538011316846194454e+01 4.365447308944402138e+00 7.436041406396461717e+00 1.400801019475355780e+01 1.131817347105235250e+01 8.406180504317259050e+00 1.084614200399303030e+01 6.710888872323308441e+00 6.904373947518251953e+00 1.775961163630070416e+01 1.257872940197887068e+01 1.299094608613325086e+01 1.151980288512751116e+01 1.959998034101068498e+01 8.735570029710693518e+00 9.147830182456210935e+00 1.548744282461261612e+01 6.097949268337623963e+00 1.721848612884348384e+01 4.781468522621130646e+00 1.228939308238131822e+01 1.032501178491468785e+01 6.846903402655805770e+00
1.221717162794523936e+01 1.711888200519100423e+01 4.120128395790715103e+00 1.999383121783485606e+01 1.238022318086731666e+01 1.734413213989649805e+01 4.039170071279582608e+00 1.076541400233776180e+01 1.199328243724009546e+01 2.034308382964838202e+01 6.306295910213233213e+00 1.131252602031094590e+01 6.001593347104915210e+00 1.612689084155007890e+01 1.651242577823727231e+01 1.221334415264754725e+01 7.439965222052586924e+00 1.274164060785099828e+01 8.639842804388164765e+00 1.611270000345890452e+01 1.288661169122510763e+01 1.869961340968237096e+01 8.104784965894751281e+00 0.000000000000000000e+00 1.963161314865415008e+01 1.969201456597734179e+01 9.347440282024281899e+00 1.533864821247609633e+01 4.094331632366674079e+00 9.414263138988181012e+00 9.074773889301651408e+00 9.132254548657360971e+00 3.405996069503765433e+00 1.459195735388749782e+01 9.959827195558107249e+00 1.450203089285605351e+01 1.450285653917899431e+01 1.509944403259292400e+01 1.330547381012695141e+01 4.542849503975083358e+00 1.803653050565727867e+01 7.275359435384180173e+00 1.522163674175843973e+01 1.800815745522665523e+01 6.962357171726194061e+00 1.772983115479222960e+01 1.022592433198035167e+01 1.480848082460296311e+01 1.326109546866589461e+01 9.248418543595516184e+00
1.985142911377123909e+01 4.027950498296372750e+00 1.826482144098577365e+01 1.181223975942152826e+01 1.023093446301643361e+01 1.676748890912556078e+01 2.188276082337648276e+01 1.143896017799966103e+01 1.222508101017490922e+01 4.264582540567718461e+00 1.632047001642355610e+01 8.352780660939400192e+00 1.399467943693467475e+01 7.430079528575573633e+00 5.602268339973396571e+00 1.218992082374503383e+01 1.777845147920538338e+01 1.552753280966607896e+01 1.479139918819928035e+01 1.236857334565772071e+01 7.263380762608289132e+00 1.572650078427874476e+01 2.161457600654348354e+01 1.963161314865415008e+01 0.000000000000000000e+00 7.950541133392571069e+00 1.304929380804644445e+01 6.659363838960366877e+00 1.973980419614811055e+01 1.483909313530859464e+01 1.073309365920501257e+01 1.157678309896356161e+01 1.716407534119896994e+01 1.433702944211192509e+01 1.526396679639945830e+01 1.816495857167456762e+01 5.664235469240658460e+00 1.007720559953903994e+01 9.428499040223471184e+00 1.611739441661755379e+01 2.734370887508290160e+00 1.431228135365963716e+01 1.669368968787573237e+01 9.699514162193267452e+00 1.722296484578446041e+01 5.314004587894156195e+00 1.764786613701228291e+01 9.424484034202453842e+00 1.260124725555743375e+01 1.488524520516961225e+01
1.582187409794176247e+01 1.139738326190647832e+01 1.981047383276513685e+01 3.879535719275833738e+00 8.317786957384917912e+00 9.246587378293419590e+00 1.975293097118992236e+01 1.665530050716776600e+01 8.638497287767631150e+00 3.781908709850579697e+00 1.402058520017140708e+01 1.211832030714037600e+01 1.463971558550182195e+01 3.907166857182924335e+00 6.848865209013387023e+00 9.366917321750079850e+00 1.427656745544796735e+01 1.097978065617390975e+01 1.878857354908185329e+01 4.991531581056822375e+00 1.318619674576621037e+01 7.793796744133051568e+00 1.811106509439366619e+01 1.969201456597734179e+01 7.950541133392571069e+00 0.000000000000000000e+00 1.070226390893573587e+01 4.807858597660141342e+00 1.668023123895652304e+01 1.165397306716709025e+01 1.492116443259475211e+01 1.181854475417060790e+01 1.636253757995163127e+01 8.293524892140132110e+00 1.141261777988160731e+01 1.399439856710425900e+01 9.487339039907629612e+00 5.532371877813897498e+00 6.659095072745726540e+00 1.722753188880095365e+01 6.624187910038653371e+00 1.303174092336581857e+01 1.125561132074352422e+01 2.626753843661276289e+00 1.410088904269316679e+01 2.636884496871919392e+00 1.372644193635014176e+01 6.375034762480008332e+00 7.803931196903675094e+00 1.138336118141221043e+01
1.144699499968111489e+01 1.291498316866070795e+01 9.497459038901659767e+00 1.269086507691206123e+01 3.664467186890433048e+00 1.604771866701810978e+01 1.049620853431180123e+01 1.090296023250536273e+01 8.450873720531916433e+00 1.140047825546534099e+01 3.659061153896506990e+00 7.103835636292974876e+00 5.581881646085114390e+00 7.118515662224535134e+00 1.110131879163365731e+01 3.970585496773743284e+00 6.843286087879762114e+00 1.149498349484819393e+01 9.904358112813840265e+00 1.175201558787199652e+01 9.851325403369662226e+00 1.565429916391895659e+01 9.952998384383382913e+00 9.347440282024281899e+00 1.304929380804644445e+01 1.070226390893573587e+01 0.000000000000000000e+00 6.396042638293071292e+00 7.088685007852563835e+00 4.854120840615167687e+00 7.668044162791134433e+00 4.119260721861802921e+00 6.002386002059248327e+00 1.275186475638570549e+01 8.430620576290083434e+00 1.351080988467013988e+01 1.029416615516102418e+01 9.129274356904423016e+00 4.289461020117517620e+00 7.234869517758427904e+00 1.096760114307216760e+01 3.030227282897163921e+00 1.412581490002052753e+01 9.888726843205821737e+00 4.282969447850066835e+00 8.778883747911548241e+00 9.344331042658728492e+00 6.489580857809571057e+00 1.089410785744914101e+01 7.133712992529182451e+00
1.414803931869714404e+01 9.311393866902815120e+00 1.533056282021857442e+01 8.359287386201758707e+00 3.571570624056068510e+00 1.326711073603480351e+01 1.650323715794979051e+01 1.340820543424871047e+01 7.056961386013612447e+00 5.010548286379264304e+00 9.667218846670179389e+00 9.523995382375794350e+00 9.979736439740133136e+00 3.776251180988535516e+00 4.711388822547577959e+00 5.545389583355485819e+00 1.154398864112382306e+01 1.174750297789264764e+01 1.404500565930280942e+01 8.862926375091383591e+00 1.109778783253731760e+01 1.227354841105897343e+01 1.538011316846194454e+01 1.533864821247609633e+01 6.659363838960366877e+00 4.807858597660141342e+00 6.396042638293071292e+00 0.000000000000000000e+00 1.310115257032918024e+01 8.546340164943158513e+00 1.017494809926590271e+01 7.076404279398713193e+00 1.200917122645040003e+01 1.077328319537449630e+01 9.576833207269272563e+00 1.399848105395578024e+01 7.394367573071693123e+00 6.470364630149381568e+00 2.838032161649316709e+00 1.274341664962308762e+01 4.577671173986094466e+00 8.663594969633768628e+00 1.310642987498224521e+01 6.182152230574135210e+00 1.056971367603109080e+01 2.605396021652343297e+00 1.152283932925640819e+01 4.831266749376263547e+00 8.998898864646367457e+00 8.650782367088066138e+00
8.430498247445591176e+00 1.722773262840448183e+01 7.521277474679621378e+00 1.604228273178365427e+01 1.031623533124577108e+01 1.348099783680060249e+01 3.657280689622202985e+00 1.336946684298900223e+01 8.041733951188893670e+00 1.810558818750144994e+01 3.537809257478133684e+00 1.141658509603674609e+01 7.294304153284679515e+00 1.327396141795188456e+01 1.661648485396307606e+01 9.039896210309750657e+00 3.622300335351878786e+00 8.897667885395005527e+00 1.168491784216161911e+01 1.216115151740769917e+01 1.304860035021527054e+01 1.469402814381531996e+01 4.365447308944402138e+00 4.094331632366674079e+00 1.973980419614811055e+01 1.668023123895652304e+01 7.088685007852563835e+00 1.310115257032918024e+01 0.000000000000000000e+00 5.645494135512240774e+00 1.007275527576315177e+01 8.377388797429844658e+00 4.335180822477528118e+00 1.053214337662789468e+01 5.865495563191429618e+00 1.071535751235640355e+01 1.460691561490480161e+01 1.114789554654172221e+01 1.106797816798003531e+01 7.577489716698352140e+00 1.767271107510829253e+01 5.514484601823947507e+00 1.143299610753075690e+01 1.405660896917546054e+01 3.385307062083551255e+00 1.549233551264530995e+01 6.438650378983179934e+00 1.085693233855176487e+01 9.273388030609700294e+00 5.296870057544315280e+00
7.190965784683691631e+00 1.674842333618754608e+01 1.074146475047697535e+01 1.133335846848438067e+01 6.573058421952697294e+00 1.174766275665084336e+01 8.760921279181319576e+00 1.450764374452701411e+01 3.761420512629317869e+00 1.314168751802163726e+01 3.737235961151241792e+00 1.093727580381981745e+01 8.925785289556831259e+00 7.993801012260791872e+00 1.295821511833727691e+01 3.405255090126568795e+00 3.363872306960922653e+00 7.209590737829481455e+00 1.332462234494658837e+01 7.786182632043517238e+00 1.345600891539131894e+01 1.158195671025876905e+01 7.436041406396461717e+00 9.414263138988181012e+00 1.483909313530859464e+01 1.165397306716709025e+01 4.854120840615167687e+00 8.546340164943158513e+00 5.645494135512240774e+00 0.000000000000000000e+00 1.127272767481278493e+01 7.733511224622428237e+00 6.777588417684174082e+00 8.357374410711960522e+00 4.157552231224285855e+00 9.229043120768034569e+00 1.412760632268787298e+01 6.206353449617529883e+00 6.157173082614472825e+00 9.301201995695954849e+00 1.282449746977579608e+01 6.250167884287414211e+00 9.836361955899606713e+00 9.028661919852137174e+00 2.676693857372688612e+00 1.045104539131878418e+01 5.082589417949191279e+00 5.513910211146431095e+00 6.081895726659992896e+00 2.529777672751585715e+00
1.742358117013657903e+01 8.135320576886257982e+00 7.629748740296442122e+00 1.794105840083535242e+01 6.603377475209835090e+00 2.208378045026504566e+01 1.136995501752768334e+01 3.339915871863802010e+00 1.451960835488656798e+01 1.256583182051196346e+01 8.030459713918707720e+00 3.378747965169329515e+00 3.479282899710023358e+00 1.236201093496113579e+01 8.578647723095656374e+00 1.121841181805923426e+01 1.273174818241684036e+01 1.752868291000133638e+01 4.305423747527306055e+00 1.782075022222665339e+01 3.898039466585206725e+00 2.154522907583398705e+01 1.400801019475355780e+01 9.074773889301651408e+00 1.073309365920501257e+01 1.492116443259475211e+01 7.668044162791134433e+00 1.017494809926590271e+01 1.007275527576315177e+01 1.127272767481278493e+01 0.000000000000000000e+00 3.636990248738822817e+00 6.645159240243541987e+00 1.890721562321988003e+01 1.444241494744082921e+01 1.954361919798616398e+01 5.922583251380724612e+00 1.505214569535280056e+01 1.004340701075709852e+01 5.528131861081600817e+00 9.349175349220544717e+00 5.286770664655922936e+00 2.015951431517366288e+01 1.535621056206747603e+01 1.057049468479857879e+01 1.274409696202043563e+01 1.532118928839338956e+01 1.250882916040851534e+01 1.710100184234769927e+01 1.335096383737245951e+01
1.388436471994622146e+01 9.064711531219920460e+00 8.305648065168551142e+00 1.462769175525318488e+01 3.504833655342646903e+00 1.854456400007467209e+01 1.114200620331527425e+01 6.870247583721617701e+00 1.117937615318863642e+01 1.208695256577798105e+01 4.889469924766348896e+00 3.253563998852191386e+00 3.273225198002691183e+00 9.048644289378962924e+00 8.453463756778520022e+00 7.878179616361304483e+00 9.192531732226484564e+00 1.398946645981097703e+01 6.974054014069840157e+00 1.448051802052872006e+01 5.807584436023256913e+00 1.821554345992505120e+01 1.131817347105235250e+01 9.132254548657360971e+00 1.157678309896356161e+01 1.181854475417060790e+01 4.119260721861802921e+00 7.076404279398713193e+00 8.377388797429844658e+00 7.733511224622428237e+00 3.636990248738822817e+00 0.000000000000000000e+00 6.462858022515111323e+00 1.536799917302953489e+01 1.090319849725047519e+01 1.600440274779579752e+01 6.443894517720237580e+00 1.172246007944385582e+01 6.713438372222739758e+00 5.805195517047707199e+00 9.977568484198519272e+00 3.170912857111230387e+00 1.662029786498331418e+01 1.203651872372886267e+01 7.031278234608226541e+00 9.645553142153248771e+00 1.178197283820303376e+01 9.168596958710582001e+00 1.376076964064976593e+01 9.811747387182109037e+00
