0.000000000000000000e+00 5.844661980666637779e-01 5.479971118757063220e-01 4.863359163000531282e-01 4.398196168423486041e-01 3.736939614910423924e-01 3.621400226418602375e-01 3.252915853125706303e-01 2.957727068545954463e-01 2.836230900288835288e-01 2.424273710671719373e-01 3.092721700512127692e-01 2.267198016934615923e-01 4.569806150047807658e-01 3.904201664851316145e-01 2.496186012636281149e-01 2.529668264898131125e-01 3.263161869658566250e-01 1.660602609238835958e-01 1.718246645599991185e-01 1.619064528189603225e-01 2.658942583947777605e-01 4.346559020016729225e-01 1.910233735673241284e-01 4.549259186119235521e-01 3.364815883175377720e-01 1.757975047582708006e-01 2.454697245362146285e-01 1.565471533944123583e-01 1.396630608369963666e-01 4.412051081820932974e-01 2.931638064533378385e-01 2.480269594952314305e-01 4.314901983648600781e-01 2.753047114501627757e-01 3.378204502454876801e-01 1.260508686992581340e-01 2.190588320304844572e-01 4.034307502295625958e-01 3.885491901498833722e-01 2.189275236721872075e-01 3.620246168992966584e-01 5.017386654424171866e-01 1.246608341527737224e-01 3.041774281726732365e-01 2.141508230313491912e-01 1.615942400123143996e-01 2.334643959596010565e-01 4.761342830270312576e-01 2.237493040354425755e-01 9.258585072940619942e-02 1.008095744365074126e-01 3.399938114835652225e-01 2.322647128795378157e-01 3.401948338098926272e-01 2.594151896479156005e-01 2.348385791095357056e-01 3.439914571556434986e-01 2.025096326729265706e-01 2.638655184016908684e-01 3.806170925008819927e-01 4.374202709091125629e-01 8.265735863227666180e-02 3.078330803082860445e-01 4.217760531917968403e-01 5.033511530173750970e-01 2.280031645033377130e-01 2.964334593766316250e-01 3.627325598318916766e-01 2.800535745023518541e-01 2.055936611836980954e-01 2.359110295836712168e-01 3.424954282202606892e-01 2.536758834954753739e-01 2.386081572210995150e-01
5.844661980666637779e-01 0.000000000000000000e+00 9.879227148441951378e-01 9.943811011371449515e-01 1.008245102736964993e+00 7.072860504902455103e-01 7.285242509174537640e-01 6.571879837188659979e-01 2.967420653533466290e-01 8.073344834777885781e-01 5.619464219462453336e-01 7.989506127947384462e-01 5.532809913970430093e-01 9.565883129220468239e-01 8.161292539793307821e-01 8.180440871582441709e-01 4.801345430581598905e-01 7.671944964334221906e-01 4.616566373865656492e-01 5.583448966620828680e-01 6.161863723753894240e-01 5.755436713015280592e-01 1.562849595173002037e-01 7.277941593457593061e-01 9.384131786715375068e-01 8.475058703011072447e-01 6.882832252812176588e-01 4.274403756022555068e-01 5.851994134744362697e-01 4.448031372296673003e-01 8.529240205726320578e-01 8.104646232970152964e-01 6.144111877708249292e-01 9.373561694401816302e-01 7.270492205388826568e-01 9.026363561391353985e-01 5.494305090627344956e-01 4.816827118430537236e-01 9.086304479262479195e-01 7.655837236657078160e-01 7.696079504839050678e-01 8.504002242900752240e-01 9.940933966063042471e-01 5.039203206157427672e-01 6.377695171718762435e-01 4.147772120664548479e-01 5.364245145967329043e-01 6.548691948948932584e-01 9.087469433896988580e-01 5.625051513314827112e-01 6.177899846376124771e-01 6.563398495707107871e-01 9.084192973781811675e-01 7.998629227959931365e-01 8.928561954325954231e-01 7.474000798319131444e-01 3.967535983945817413e-01 8.090156257625348291e-01 4.623738765057355260e-01 5.646209268914617052e-01 9.482153024173375355e-01 9.417771957821234885e-01 5.404738128019513921e-01 6.700805070195074986e-01 9.314510595867971920e-01 8.732639818420817601e-02 7.263277404712900065e-01 7.008487307818184187e-01 2.219791515655185898e-01 3.956296052304393851e-01 5.040918089611177155e-01 3.626302582370029559e-01 8.535197102038301065e-01 8.033416278440451697e-01 6.518789530197703908e-01
5.479971118757063220e-01 9.879227148441951378e-01 0.000000000000000000e+00 5.586681943951519180e-01 5.867210794330864898e-01 8.627305324219685101e-01 8.863010834773784596e-01 3.455379659364740119e-01 6.911806494908488974e-01 3.148273552972737366e-01 6.484400451307553714e-01 3.904983180135506160e-01 7.508808625289797867e-01 2.092541402189949939e-01 2.019787791030395740e-01 4.660276111154787460e-01 5.265090564996829370e-01 2.533673910472732382e-01 6.428561748520927877e-01 4.614010975533117120e-01 4.341414912622306166e-01 7.549308293257039892e-01 8.465954582090783331e-01 3.736709070762476714e-01 1.467747693611246851e-01 4.218886980869409054e-01 3.844858457802546869e-01 6.695212059515771585e-01 6.789758961262449821e-01 6.516757613379734471e-01 1.405875432867403629e-01 2.918353840317290948e-01 7.721880203307496249e-01 1.250356879292731926e-01 3.134760899028933845e-01 4.754473454709488567e-01 5.494874918288268351e-01 7.256088484545173412e-01 5.001032289897607841e-01 2.395266549845608273e-01 4.178857166869880402e-01 2.015359352631475032e-01 1.060199891285152907e-01 5.574029615327753540e-01 7.932139991035992432e-01 5.979138161170530763e-01 6.506308109432403786e-01 3.681154627078897512e-01 1.014823749292244059e-01 4.535474166287416509e-01 4.642430638133447918e-01 4.471875374391988123e-01 5.338092365985487309e-01 3.810583492441949049e-01 2.078022780658135282e-01 2.899783286078615463e-01 6.968109720845163668e-01 2.914828369346781911e-01 5.828316089948774037e-01 7.262502383912071702e-01 5.435629821355808522e-01 2.055117590369947844e-01 6.083285206955579838e-01 8.319941411438043222e-01 5.072354016068211235e-01 9.068076697949069009e-01 4.011328624214278715e-01 2.971095416483576779e-01 7.680665964174394622e-01 6.116314301375841422e-01 4.838309058830777554e-01 6.773714684457257107e-01 3.977655913806769639e-01 2.973168456543638927e-01 3.886463574220054840e-01
4.863359163000531282e-01 9.943811011371449515e-01 5.586681943951519180e-01 0.000000000000000000e+00 6.060549669517646398e-01 7.840077146841208933e-01 8.187589547033130577e-01 4.490433492667167958e-01 7.082139421926948453e-01 3.998698651713086250e-01 5.843394680266128516e-01 2.413133163179722873e-01 6.833387337549140517e-01 5.033396637060768564e-01 3.871892434079201584e-01 4.468530497179079575e-01 5.613514527478303817e-01 5.486329407753416376e-01 6.519454938270913269e-01 5.899490205184355629e-01 3.865882487437862225e-01 6.762080115878562614e-01 8.476046965525064758e-01 3.131984394125409965e-01 5.455658143352311029e-01 1.514680003698461452e-01 4.663803001703156204e-01 6.186968215881089028e-01 6.269679023634600057e-01 5.715602273357059948e-01 5.200841523621855256e-01 2.736764236266726602e-01 7.046458915566838899e-01 4.483573169119018376e-01 3.536255304098978591e-01 4.992074345804354829e-01 4.834802605076709558e-01 6.696703055624587675e-01 1.070266004783843733e-01 4.704759618549101963e-01 4.632572438225907030e-01 4.513917742519011345e-01 5.452862523533389405e-01 5.921301542360297709e-01 7.144911813657516264e-01 6.599053308434906784e-01 5.719079932053928728e-01 5.442143547759489275e-01 4.769791432836062439e-01 4.684382715617483317e-01 4.714324565389376165e-01 3.870591321966063703e-01 5.214972597103966212e-01 3.875906820422425625e-01 3.627077202801364253e-01 5.122266121069567468e-01 6.678050302665842208e-01 3.013646910141822288e-01 5.320072246314094810e-01 6.621496612870644283e-01 5.446983365689282985e-01 4.762971774243625056e-01 5.665220432241722115e-01 7.644520123697388092e-01 8.333436021750964540e-02 9.132660560878561595e-01 2.774968398415045834e-01 5.053143000971568322e-01 7.726474629023728502e-01 6.095511664608347369e-01 5.699961734481505671e-01 6.518618314696095206e-01 1.739476586516726653e-01 3.064685673184345815e-01 3.790644698734607076e-01
4.398196168423486041e-01 1.008245102736964993e+00 5.867210794330864898e-01 6.060549669517646398e-01 0.000000000000000000e+00 7.917495908486614775e-01 7.929335697703326913e-01 5.304654912412786194e-01 7.115030373836180866e-01 2.840906119467224711e-01 6.290412713615370910e-01 4.747436976029154043e-01 6.575133488219342404e-01 4.943567079299922007e-01 4.730058305409683417e-01 1.913920586765958110e-01 6.215898785639277779e-01 4.486756171881182698e-01 5.812721708923367370e-01 4.806454766587329175e-01 4.572970590648114952e-01 6.839498877523968456e-01 8.597221713332791060e-01 3.206607464838588939e-01 5.176164383976076255e-01 4.562006389692493946e-01 3.455990397819632132e-01 6.633986249230331422e-01 5.939644246691667684e-01 5.647293301686028277e-01 5.211642173562345270e-01 3.871244833233962179e-01 6.788205066237039675e-01 4.702141659222403014e-01 4.643850176849872446e-01 1.131094736034501808e-01 5.244881987466590845e-01 6.498523791589571053e-01 5.413156772564320374e-01 5.491082732514098730e-01 2.476210351591408010e-01 4.164660994525397064e-01 5.397121760051513117e-01 5.066875737830562887e-01 7.222330575302922107e-01 6.092167583412251286e-01 5.796498693699334570e-01 4.384973016627506381e-01 5.148582505844115920e-01 5.588809672347466728e-01 3.904551180993521275e-01 3.538200237321526553e-01 1.003767865094347123e-01 2.257093186153892594e-01 3.854555560226062827e-01 3.709258516453291521e-01 6.466025745189193374e-01 4.573150022375798152e-01 5.767090279663336094e-01 6.819211477593100090e-01 8.891601473217417007e-02 4.747963638343240533e-01 5.173369110624415068e-01 7.386266274367585538e-01 5.414951038435085184e-01 9.271300576876760902e-01 4.070796744345754337e-01 4.497858425889596501e-01 7.877988291634979712e-01 6.542529697957589763e-01 5.607728349775514820e-01 6.609772989152776779e-01 4.622144788719723119e-01 3.238205651357362047e-01 4.697979425801092623e-01
3.736939614910423924e-01 7.072860504902455103e-01 8.627305324219685101e-01 7.840077146841208933e-01 7.917495908486614775e-01 0.000000000000000000e+00 5.729647943307406566e-01 5.748488765862076466e-01 4.222582696338194053e-01 6.334384233957304211e-01 2.456010357786051757e-01 6.062411132272388370e-01 4.131334137379064630e-01 8.025351308532140404e-01 6.643698975540439644e-01 6.143617525701056126e-01 4.186278157013454959e-01 6.965344797887821349e-01 4.430473597943177522e-01 5.390967594771711724e-01 4.302577526541685460e-01 1.644628907756672254e-01 5.583632139618246448e-01 4.965427518504529347e-01 8.251442114348490620e-01 6.356472742502380369e-01 5.460157975811965603e-01 2.887266823623394485e-01 3.994676797793440537e-01 2.741537900954829077e-01 7.762089566613180613e-01 5.923294923860380479e-01 4.588517311841118218e-01 7.579277421442676133e-01 5.492544425190751811e-01 6.876357836123344613e-01 3.132430405931414530e-01 3.909269404637346623e-01 7.003996934055886081e-01 6.588095413571148917e-01 5.886911113678341412e-01 7.290292708578942626e-01 8.480148884456062408e-01 4.570035034446968680e-01 1.054413441601832896e-01 4.636020973958355773e-01 2.120997214787278817e-01 6.051376455293332457e-01 7.670166243611354906e-01 4.492346056587496750e-01 4.642591002991381943e-01 4.398626936459013592e-01 6.980297358721525569e-01 5.820800462463845415e-01 6.666323775893003845e-01 6.296334824708413880e-01 3.641376206836008933e-01 6.230870060413140621e-01 3.278948999828319444e-01 1.746157827435916576e-01 7.304324258677289405e-01 7.802218347335264648e-01 3.724639239520279865e-01 5.186578519971665191e-01 7.209417391244971052e-01 6.261710054409569404e-01 5.249721076793637531e-01 6.560847410501160493e-01 4.855524122554735200e-01 3.841803219718094020e-01 4.947348772211198065e-01 3.446557922532424989e-01 6.416611141529608986e-01 5.843764253420532517e-01 4.987276362431777299e-01
3.621400226418602375e-01 7.285242509174537640e-01 8.863010834773784596e-01 8.187589547033130577e-01 7.929335697703326913e-01 5.729647943307406566e-01 0.000000000000000000e+00 6.331563036694770608e-01 4.342037127779944661e-01 6.346224023174017459e-01 4.570227583666698901e-01 6.416952084544726986e-01 2.174926947476588379e-01 8.037191097748853652e-01 7.121151368888721800e-01 6.117586239054886299e-01 4.997745582916983120e-01 6.874708844891672666e-01 3.099489206720275614e-01 4.821410190777355997e-01 4.780029919889967061e-01 4.525618981112509709e-01 5.779151915875575529e-01 5.293273451689967102e-01 8.164631166569362719e-01 6.689046267207976459e-01 5.373347028032836592e-01 4.301408001049640273e-01 2.445098091003183316e-01 3.004129577026403153e-01 8.027423062271059617e-01 6.255868448565976569e-01 1.160322573155964376e-01 7.697941699665326043e-01 5.969996818539033967e-01 6.888197625340057861e-01 3.697219184195619790e-01 2.492685818655635543e-01 7.358537886328224698e-01 7.065547806919431073e-01 5.810675463140475561e-01 7.235618149443094893e-01 8.491988673672775656e-01 3.918241778805322539e-01 5.034482610123716118e-01 4.137037612181868051e-01 3.608650728520128026e-01 5.852926198097537780e-01 8.144382546287037838e-01 5.123566635813191494e-01 4.466876524874451859e-01 4.391135460381800359e-01 6.992137147938238817e-01 5.832640251680559773e-01 6.784988054115652645e-01 6.209523876929283759e-01 3.341921797367592983e-01 6.708322453761422777e-01 4.567785509765608376e-01 4.497288869584068483e-01 7.316164047894002653e-01 7.817051945258379764e-01 3.259771290425863000e-01 8.258902212738790383e-02 7.541990915950567143e-01 6.471807552828257037e-01 5.604262029065976147e-01 6.527122070652651153e-01 5.067906126826817736e-01 4.649513386393415160e-01 4.960345470442827920e-01 3.844696551391147965e-01 6.749184666235205077e-01 5.919798550971480111e-01 5.464728755780058345e-01
3.252915853125706303e-01 6.571879837188659979e-01 3.455379659364740119e-01 4.490433492667167958e-01 5.304654912412786194e-01 5.748488765862076466e-01 6.331563036694770608e-01 0.000000000000000000e+00 3.639632921154184464e-01 3.006130960627677040e-01 3.323228927943738253e-01 2.452193409422797898e-01 4.939946034434086752e-01 3.641362512785246142e-01 1.929161134601875549e-01 3.421266863014834625e-01 1.826435434568494387e-01 1.663343204267881403e-01 3.568080820705488709e-01 1.746099402846245097e-01 1.633851324936103078e-01 4.615731188612589020e-01 5.139832072757326564e-01 2.193352067024938457e-01 3.153413853163469227e-01 3.081607374226884577e-01 1.951776461409557850e-01 3.414972301921299636e-01 4.413652513296243418e-01 3.743562932506537821e-01 2.213166021063868727e-01 2.821910203131633432e-01 5.190432405228482260e-01 3.141430289210384030e-01 1.289314914290986547e-01 4.183285051174417957e-01 2.721680237415072812e-01 4.444549729651160463e-01 3.548991760737892909e-01 1.083957399468418736e-01 2.878059298726304838e-01 2.637283358218945883e-01 3.827585399369312635e-01 2.765598144133964986e-01 4.974744834910667657e-01 2.756073187563661264e-01 3.708281585661525881e-01 9.517100550923207614e-02 2.628065569106523558e-01 1.257990059257045046e-01 2.360495507394269610e-01 2.439748402605292632e-01 4.336929396192957809e-01 3.275926834490735517e-01 2.909936463948100127e-01 1.895271013868602139e-01 3.873715863751807098e-01 2.141640298194512071e-01 2.568521728957087191e-01 4.037056137152142399e-01 4.786173592015893208e-01 3.493251341386008901e-01 3.801350076216403195e-01 5.788493613359029233e-01 3.861133077163690919e-01 5.760729386695772059e-01 1.725964686188314057e-01 8.619688407095764393e-02 4.354543454840939520e-01 2.676338767197881663e-01 1.662698010246166092e-01 3.387488442823465840e-01 3.202866816422524909e-01 2.980639942547654853e-01 8.668342809147114303e-02
2.957727068545954463e-01 2.967420653533466290e-01 6.911806494908488974e-01 7.082139421926948453e-01 7.115030373836180866e-01 4.222582696338194053e-01 4.342037127779944661e-01 3.639632921154184464e-01 0.000000000000000000e+00 5.105924181244418936e-01 2.764831599383254512e-01 5.127834538502882289e-01 2.565389260436962693e-01 6.598462475687003614e-01 5.249532389518186681e-01 5.213020218048975973e-01 1.869098514547123391e-01 4.704524310800754505e-01 1.649145720332190201e-01 2.616028313087361834e-01 3.300192134309390402e-01 2.905158904451017876e-01 1.575347199363180961e-01 4.391006681336910855e-01 6.416711133181907112e-01 5.613387113566568054e-01 3.915411599278709742e-01 1.424125947458292074e-01 2.930923771652410581e-01 1.561096460175990797e-01 5.561819552192854843e-01 5.242974643525648570e-01 3.223041514616297176e-01 6.461801544126694052e-01 4.358732055113705983e-01 6.058942907857889359e-01 2.632633501182841673e-01 1.849406464897070945e-01 6.224632889817977022e-01 4.693009547183550900e-01 4.728658851305584387e-01 5.536581589367287615e-01 6.973513312529577846e-01 2.071782552623960549e-01 3.527417363154502494e-01 1.180351467131082188e-01 2.506834405326942017e-01 3.581271295415466849e-01 6.175709283621865220e-01 2.713291363039706527e-01 3.210479192842657925e-01 3.676463583586425665e-01 6.116772320248347050e-01 5.111694315839250269e-01 6.041627042205273135e-01 4.506580144785665709e-01 1.000115330412350290e-01 5.228484668180845008e-01 1.762067175612852532e-01 2.795931460350354336e-01 6.560577903866938732e-01 6.450351304287769150e-01 2.437317474486046798e-01 3.733384416661607585e-01 6.452839006423467527e-01 2.156270203040579758e-01 4.401605815268397337e-01 4.041066654284717341e-01 7.959419195441982953e-02 1.044535902029272573e-01 2.073497436077710587e-01 7.760247738057679534e-02 5.673525512593797782e-01 5.146481366319768380e-01 3.607029379922583323e-01
2.836230900288835288e-01 8.073344834777885781e-01 3.148273552972737366e-01 3.998698651713086250e-01 2.840906119467224711e-01 6.334384233957304211e-01 6.346224023174017459e-01 3.006130960627677040e-01 5.105924181244418936e-01 0.000000000000000000e+00 4.707301039086058680e-01 2.617993547638318153e-01 4.992021813690030729e-01 2.224629837941794197e-01 2.092232604360592940e-01 1.859557233080426086e-01 4.270227116494185737e-01 1.736846526967834314e-01 3.897996414477663540e-01 2.775876366898161751e-01 2.989858916118804943e-01 5.256387202994656782e-01 6.662299982172313895e-01 1.561027216766890380e-01 2.380219887645264321e-01 2.500155371887932687e-01 1.425411998130465818e-01 5.050874574701019748e-01 4.158150378436752947e-01 4.064181627156716048e-01 2.398228350136606957e-01 1.453942756260488134e-01 5.205093391707728001e-01 1.983204417864275204e-01 2.862366527906224367e-01 1.709811383432722764e-01 3.661770312937280281e-01 4.624479901719476538e-01 3.351305754759758004e-01 2.781967149709752007e-01 1.069338913236486943e-01 1.351247171099658195e-01 2.678184518693386140e-01 3.036297338141395463e-01 5.639218900773611542e-01 4.061589183723084417e-01 4.213387019170022896e-01 2.124290557571275884e-01 2.429645264485990053e-01 3.936204761518117268e-01 2.010822055307751322e-01 1.955088562792215989e-01 2.493674720445225590e-01 9.661658469016867756e-02 1.135618318867934740e-01 1.123567469356481496e-01 4.512647884348689464e-01 1.935324321326707675e-01 4.183978605134024420e-01 5.236099803063788416e-01 2.530108716465354068e-01 2.029026396985112446e-01 3.451676624129884630e-01 5.803154599838274974e-01 3.353100020630523370e-01 7.262194384284997861e-01 2.271606002403240565e-01 2.189609599308354471e-01 5.878440268492018950e-01 4.872837110393437587e-01 3.577149950086347951e-01 5.026661314623465104e-01 2.543620676602169062e-01 9.988061282542676222e-02 3.042466744635240472e-01
2.424273710671719373e-01 5.619464219462453336e-01 6.484400451307553714e-01 5.843394680266128516e-01 6.290412713615370910e-01 2.456010357786051757e-01 4.570227583666698901e-01 3.323228927943738253e-01 2.764831599383254512e-01 4.707301039086058680e-01 0.000000000000000000e+00 3.978162545247860837e-01 3.146439154559224072e-01 6.300862302658873926e-01 4.500794102628308813e-01 4.558809952970859225e-01 1.885612197870239481e-01 4.984545584801665652e-01 3.447131989407357100e-01 3.513918799357083067e-01 2.159672653629554628e-01 1.613539953539954164e-01 4.130235854178244681e-01 3.297662124978810172e-01 6.476642781107208036e-01 4.374642371905749783e-01 4.015528489150969604e-01 1.420574765085550473e-01 2.819749001659610510e-01 1.853320419929904983e-01 5.536394949007605870e-01 4.004229901864830299e-01 3.429096952200409998e-01 5.585501930085619016e-01 3.349639552278620980e-01 5.249274641252099638e-01 1.163765023679137894e-01 2.954608533121445557e-01 5.007314467480803444e-01 4.392786582508568238e-01 4.379234774855585433e-01 5.663209513707697651e-01 6.612258732306643960e-01 3.197132463968603844e-01 1.726703196894112669e-01 2.419149885613951501e-01 9.615768551465708747e-02 4.186101486695996687e-01 5.527261370699224630e-01 2.065238868686693208e-01 3.278006000776491069e-01 2.804393761475082458e-01 5.353214163850282814e-01 4.193717267592599884e-01 4.894542868399468505e-01 4.823966300432334098e-01 2.706066607571064320e-01 4.087965187501009234e-01 1.031755802856596377e-01 8.537035079460777998e-02 5.677241063806042209e-01 6.015085308778407303e-01 2.509060830289682742e-01 4.027158160330956971e-01 5.214094264762649811e-01 4.808313768969566526e-01 3.190434092272757538e-01 4.183171221243361382e-01 3.402127837114732323e-01 1.807195221150849074e-01 2.640705660701138657e-01 2.098410259428941105e-01 4.434780770932978955e-01 4.155968515049449086e-01 2.745370336526374300e-01
3.092721700512127692e-01 7.989506127947384462e-01 3.904983180135506160e-01 2.413133163179722873e-01 4.747436976029154043e-01 6.062411132272388370e-01 6.416952084544726986e-01 2.452193409422797898e-01 5.127834538502882289e-01 2.617993547638318153e-01 3.978162545247860837e-01 0.000000000000000000e+00 5.062749875060741367e-01 3.406340535036922468e-01 1.957514548722908976e-01 3.145192477805763276e-01 3.575274444233932369e-01 3.405439117266673144e-01 4.748817475782508568e-01 3.990745068836895060e-01 1.827642404193491887e-01 4.984414101309742051e-01 6.521742082100996374e-01 1.623409387670109727e-01 3.828602041328463268e-01 1.460100990035960444e-01 3.035565550150515768e-01 4.232663332457026195e-01 4.499041561146200352e-01 3.937936258788239385e-01 3.214721126465365231e-01 1.164050791377830296e-01 5.275821453078437528e-01 2.813134690418542805e-01 1.271711148275996017e-01 3.678961652315860809e-01 2.969570470058442990e-01 4.926065593136185750e-01 1.350343020244929026e-01 2.360318494524755173e-01 3.319459744737414120e-01 2.886861640495165249e-01 3.825806421509541644e-01 4.160612236585826129e-01 5.367245799088696812e-01 4.560813225190534781e-01 3.941413917485108165e-01 3.403903464515118937e-01 3.010139629886173229e-01 2.646142632373113535e-01 2.990833448786840987e-01 2.099953859477660389e-01 3.901859903615471636e-01 2.562794126933932159e-01 2.000021100777517880e-01 3.741561016994799371e-01 4.900384288097018315e-01 1.081342318404095865e-01 3.365767362890030312e-01 4.756264477852378270e-01 4.133870672200791185e-01 3.135915672219777850e-01 3.894582969753320190e-01 5.873882661208985612e-01 1.920078875822271158e-01 7.178355677454496542e-01 8.126900554787504227e-02 2.930516525332297895e-01 5.772169745599663448e-01 4.141206781184282315e-01 3.661721651237134223e-01 4.564313431272028487e-01 8.088736735397608624e-02 1.623549432305832763e-01 1.752404615490237294e-01
2.267198016934615923e-01 5.532809913970430093e-01 7.508808625289797867e-01 6.833387337549140517e-01 6.575133488219342404e-01 4.131334137379064630e-01 2.174926947476588379e-01 4.939946034434086752e-01 2.565389260436962693e-01 4.992021813690030729e-01 3.146439154559224072e-01 5.062749875060741367e-01 0.000000000000000000e+00 6.682988888264868033e-01 5.729534366628038500e-01 4.763384029570897904e-01 3.642844710915734141e-01 5.520506635407687046e-01 1.836910095389810982e-01 3.558831079446890810e-01 3.388412917629283760e-01 2.911285640510342110e-01 4.034046461437965636e-01 3.939071242205980927e-01 6.810428957085377100e-01 5.334844057723988620e-01 4.019144818548849307e-01 2.572383356411534483e-01 1.409949862959047062e-01 1.389796236424235554e-01 6.673220852787076218e-01 4.901666239081990950e-01 1.232569347868425758e-01 6.343739490181339313e-01 4.578379816278350112e-01 5.533995415856072242e-01 2.300596875935400631e-01 1.089514031312060205e-01 6.004335676844236858e-01 5.673930804658748883e-01 4.456473253656489386e-01 5.881415939959108163e-01 7.137786464188787816e-01 2.655662667474857352e-01 3.436168804195373627e-01 2.694420545799972588e-01 2.184862299412653197e-01 4.521459767692415088e-01 6.756001634698952651e-01 3.731949633552507639e-01 3.112674315390465130e-01 3.036933250897813630e-01 5.637934938454254308e-01 4.478438042196573599e-01 5.430785844631665915e-01 4.855321667445298695e-01 1.565273930024612958e-01 5.316705451500739477e-01 3.100663672916234570e-01 2.882955528981900328e-01 5.961961838410015924e-01 6.462849735774394144e-01 2.009830408256581269e-01 1.484827774628666996e-01 6.187788706466579303e-01 4.695159685485279510e-01 4.250059819581987752e-01 5.172919861168663314e-01 3.328503602888374102e-01 2.920488741755308815e-01 3.697766359112362178e-01 2.115671906753041898e-01 5.394982456751218347e-01 4.565596341487491716e-01 4.073111753519374489e-01
4.569806150047807658e-01 9.565883129220468239e-01 2.092541402189949939e-01 5.033396637060768564e-01 4.943567079299922007e-01 8.025351308532140404e-01 8.037191097748853652e-01 3.641362512785246142e-01 6.598462475687003614e-01 2.224629837941794197e-01 6.300862302658873926e-01 3.406340535036922468e-01 6.682988888264868033e-01 0.000000000000000000e+00 1.965438573983322446e-01 3.736632396123845123e-01 5.323886505587948070e-01 2.121763118147430571e-01 5.620889198288262500e-01 3.982434162599641225e-01 4.163882918493890806e-01 6.947354277569494085e-01 8.154838276614896353e-01 3.083973670492662911e-01 1.523716880174024180e-01 3.612658556600185644e-01 2.953750295264297443e-01 6.517680065387357891e-01 5.898650798724199840e-01 5.755148701731552796e-01 1.957190976705233676e-01 2.296632400794042517e-01 6.896060466282565304e-01 1.159714639335230058e-01 2.957228904900517930e-01 3.830829739678545676e-01 5.292270227469455524e-01 6.364980322006921210e-01 4.491129359683488920e-01 2.839959555864877139e-01 3.146078665264963048e-01 1.061880886319716139e-01 1.047356871825488034e-01 4.759190121951997199e-01 7.330185975348447736e-01 5.449035764357618161e-01 5.904354093744859089e-01 3.049577814145421062e-01 1.926045661508217488e-01 4.589594926383809836e-01 3.751322475595199046e-01 3.646055637367054958e-01 4.414448650954543307e-01 2.886939777411005048e-01 1.406319434259404033e-01 2.100358012457485823e-01 6.222743082032168305e-01 2.435502135091065501e-01 5.650784095820360342e-01 6.927066877638625719e-01 4.511986106324866186e-01 8.486183260749784185e-02 5.192177044417332077e-01 7.494121674413112277e-01 4.466125591798990047e-01 8.754732678727580319e-01 3.647310237462578209e-01 2.815943699421863955e-01 7.370978562934602518e-01 6.147478588323217474e-01 4.690842871450957019e-01 6.705548442870877812e-01 3.467752983592648497e-01 2.209291105556723811e-01 3.708931580091640035e-01
3.904201664851316145e-01 8.161292539793307821e-01 2.019787791030395740e-01 3.871892434079201584e-01 4.730058305409683417e-01 6.643698975540439644e-01 7.121151368888721800e-01 1.929161134601875549e-01 5.249532389518186681e-01 2.092232604360592940e-01 4.500794102628308813e-01 1.957514548722908976e-01 5.729534366628038500e-01 1.965438573983322446e-01 0.000000000000000000e+00 3.432812669892456592e-01 3.465372838339298989e-01 1.860828178908454922e-01 5.406686933664651695e-01 3.623384260914914168e-01 2.357808563943061819e-01 5.565701944577793325e-01 6.702975053466232458e-01 2.387997432051420788e-01 2.461836457612708584e-01 2.656297982530534396e-01 3.225701731418409990e-01 4.711605710836526129e-01 5.203240845490194610e-01 4.533151264700490124e-01 1.343093236178836969e-01 1.355764841978416568e-01 5.980020737422432342e-01 1.212269154608508204e-01 1.151154550349688804e-01 3.631266640008382618e-01 3.511268569609024559e-01 5.537703745190259985e-01 3.224264581901342130e-01 1.111479171169792723e-01 3.125656116025194997e-01 1.592965816642640531e-01 2.239025956829531760e-01 4.642883002202634057e-01 5.948533642356746975e-01 4.450911619295901400e-01 4.522701760753159439e-01 2.810422465212854548e-01 1.055256035165974687e-01 2.624156352400487391e-01 3.877397531261158048e-01 2.976465063356339980e-01 4.110628924723156441e-01 2.583120051179618182e-01 9.807753293462249944e-02 2.549316941654656832e-01 5.495599294009269054e-01 9.760818923528907787e-02 3.844709741269530801e-01 5.278896035232825135e-01 4.226646933505147086e-01 1.673655425582591671e-01 4.688381056510318445e-01 6.578081945552980425e-01 3.509765017729337133e-01 7.350142089300421011e-01 2.027722275535034091e-01 2.045494513716759888e-01 5.943956157445586808e-01 4.204996487488912860e-01 3.448470369710313621e-01 4.862396870570329099e-01 2.232968866358494009e-01 1.624829014374947478e-01 1.902857225540810771e-01
2.496186012636281149e-01 8.180440871582441709e-01 4.660276111154787460e-01 4.468530497179079575e-01 1.913920586765958110e-01 6.143617525701056126e-01 6.117586239054886299e-01 3.421266863014834625e-01 5.213020218048975973e-01 1.859557233080426086e-01 4.558809952970859225e-01 3.145192477805763276e-01 4.763384029570897904e-01 3.736632396123845123e-01 3.432812669892456592e-01 0.000000000000000000e+00 4.386884929417395051e-01 2.895604449909081612e-01 3.910711553136160257e-01 2.892534179821372176e-01 2.852912240970018054e-01 5.065620494738409807e-01 6.748301017556046499e-01 1.614588292500020450e-01 3.969229700799998262e-01 2.969987217353926012e-01 1.542069811053675410e-01 4.861375156152779042e-01 4.037634090904461681e-01 3.860357712652476847e-01 4.017057247604333137e-01 2.367419387265103370e-01 4.976455607588596286e-01 3.495206976046324465e-01 2.923791827171775548e-01 1.140865897390981598e-01 3.482071209382474053e-01 4.601884002143782904e-01 3.821137600225752995e-01 3.657062280139861121e-01 1.039466647924034287e-01 2.958965620986510614e-01 4.190187076875435679e-01 3.152955151064605888e-01 5.448452192517364567e-01 4.178246996646294287e-01 4.022620310913775921e-01 2.471052429861549660e-01 3.941647822668037926e-01 3.868751322669367609e-01 2.002541025206316383e-01 1.754416191495777877e-01 9.156625331781234611e-02 8.947949487385037370e-02 2.594428950877396001e-01 2.199158062262558389e-01 4.564015589401987927e-01 3.095763991849896368e-01 4.047031929985236975e-01 5.045333094807541441e-01 1.523254404972128051e-01 3.541028955167161985e-01 3.271358954837210176e-01 5.574516815719144924e-01 3.822931866096516695e-01 7.369290421089554899e-01 2.375173037659887021e-01 2.663837973515359447e-01 5.985536305296575987e-01 4.822471348279490644e-01 3.693807763009556711e-01 4.822837400119225904e-01 3.030125616381155185e-01 1.830805083916308140e-01 2.977921076122995725e-01
2.529668264898131125e-01 4.801345430581598905e-01 5.265090564996829370e-01 5.613514527478303817e-01 6.215898785639277779e-01 4.186278157013454959e-01 4.997745582916983120e-01 1.826435434568494387e-01 1.869098514547123391e-01 4.270227116494185737e-01 1.885612197870239481e-01 3.575274444233932369e-01 3.642844710915734141e-01 5.323886505587948070e-01 3.465372838339298989e-01 4.386884929417395051e-01 0.000000000000000000e+00 3.309317169724388941e-01 1.965176879413850219e-01 1.629386589219424530e-01 1.908678978630209688e-01 3.053520579763968068e-01 3.369297666150265491e-01 3.223148197002717597e-01 4.865213101132742635e-01 4.204688409038020436e-01 3.013391401015527160e-01 1.640313038376198795e-01 2.941777020610081839e-01 2.489652491629439635e-01 3.947649382662023476e-01 3.929715973888738834e-01 3.979705276719434082e-01 4.677641992947807470e-01 2.574572503934818846e-01 5.174760713276007618e-01 1.479107509310401136e-01 2.725452563302506181e-01 4.672072795549028212e-01 2.904905985217572373e-01 3.892961786555351189e-01 4.283257323675453976e-01 5.539384647338585488e-01 1.311520266098364640e-01 3.412534226062046150e-01 9.855387809566007462e-02 2.350686037113552118e-01 2.408723337086661753e-01 4.361785376899393052e-01 9.291318118608193899e-02 2.518497243069288682e-01 2.810659257290605839e-01 5.278700235874189683e-01 4.119203339616508974e-01 4.446148167685523567e-01 3.436704193663887574e-01 2.103181457144745747e-01 3.501614710514335815e-01 9.486975656450152838e-02 2.474845528303520892e-01 5.602727135829952410e-01 5.139028263921889828e-01 2.326770711563792282e-01 4.413570406350229569e-01 4.984214111974826222e-01 3.990194980088712651e-01 2.849045720999450193e-01 2.507942806166084115e-01 2.584009048233878447e-01 8.589355817657901015e-02 7.674582797811253798e-02 1.612829179278364999e-01 4.325947851233660213e-01 4.081454587073358176e-01 1.822869828743696186e-01
3.263161869658566250e-01 7.671944964334221906e-01 2.533673910472732382e-01 5.486329407753416376e-01 4.486756171881182698e-01 6.965344797887821349e-01 6.874708844891672666e-01 1.663343204267881403e-01 4.704524310800754505e-01 1.736846526967834314e-01 4.984545584801665652e-01 3.405439117266673144e-01 5.520506635407687046e-01 2.121763118147430571e-01 1.860828178908454922e-01 2.895604449909081612e-01 3.309317169724388941e-01 0.000000000000000000e+00 3.991659916470828295e-01 2.177109143483017539e-01 3.221707996231407689e-01 5.887347766925175030e-01 6.258672397983048308e-01 3.066324368801758848e-01 1.812219517308848171e-01 3.987786127928262259e-01 1.505186822075857966e-01 4.907713891937717232e-01 4.555160643146223265e-01 4.649939226843034512e-01 1.218452377130167796e-01 2.835270365057193098e-01 5.733578213425384318e-01 2.146238217007284121e-01 2.282194609688704412e-01 3.355661435846680751e-01 4.361853161251881272e-01 4.894142228208957501e-01 4.748183909003840242e-01 1.045120622741917554e-01 2.133960866295149250e-01 1.081133936234936477e-01 2.496813954990003415e-01 3.137127783277655624e-01 6.270179464704128680e-01 3.543593094257500575e-01 4.844347583100542254e-01 1.161954180302629536e-01 2.145654835095824609e-01 2.919306716114973832e-01 2.407832320017221361e-01 2.714808878348558552e-01 3.811266983087204796e-01 2.612015899315644485e-01 1.964962010308856089e-01 8.803510889020745023e-02 4.504495407001423701e-01 2.776170854374667707e-01 4.142027888845676298e-01 5.650789145349529585e-01 4.175958768879312055e-01 1.973651946748193886e-01 3.848686888839354392e-01 6.331639421555931291e-01 4.841253163127064996e-01 6.860794513841333986e-01 3.041252109463266073e-01 8.050287903833325265e-02 5.473383780066661819e-01 4.168252751490179597e-01 2.730604774619829755e-01 4.817121903489101631e-01 3.966458282916971445e-01 2.421643734569070006e-01 2.530177485182592556e-01
1.660602609238835958e-01 4.616566373865656492e-01 6.428561748520927877e-01 6.519454938270913269e-01 5.812721708923367370e-01 4.430473597943177522e-01 3.099489206720275614e-01 3.568080820705488709e-01 1.649145720332190201e-01 3.897996414477663540e-01 3.447131989407357100e-01 4.748817475782508568e-01 1.836910095389810982e-01 5.620889198288262500e-01 5.406686933664651695e-01 3.910711553136160257e-01 1.965176879413850219e-01 3.991659916470828295e-01 0.000000000000000000e+00 1.821981417859244168e-01 3.279667137428439183e-01 3.196019407670598333e-01 3.182112381583208083e-01 3.551001607613014643e-01 5.537944386890528703e-01 5.020911658445759151e-01 2.752081428853592748e-01 2.337741677452188915e-01 1.317515043513471096e-01 1.688935696988347612e-01 5.122639871614804719e-01 4.587733839803758151e-01 2.136628569227697061e-01 5.524816677310727675e-01 4.413649723740463715e-01 4.851015141091131744e-01 2.294506388146889120e-01 1.058512195626530039e-01 5.690403277566008500e-01 4.416582520101190457e-01 3.520731084538827327e-01 4.621314223388218179e-01 6.035448832692910104e-01 1.024649938217789963e-01 3.735308264759485963e-01 1.106094715019501490e-01 2.541713183850674573e-01 2.853497425179426505e-01 5.919824404269590223e-01 2.894308691274669054e-01 1.908170527929842764e-01 2.648863616304847346e-01 4.814463655335530778e-01 3.936138769563922724e-01 5.019156393730660470e-01 3.582837097250449188e-01 8.773934904553036540e-02 5.100517180795269834e-01 2.485575731992027970e-01 3.166850822075542582e-01 5.258269238954123015e-01 5.427366738971837190e-01 9.664011465698667258e-02 2.515314030153522618e-01 5.873856307188350945e-01 3.805415923372770237e-01 3.936127420303757729e-01 3.585025106629489700e-01 2.445087639876388774e-01 1.710136313697775412e-01 1.960916697524716090e-01 1.674888678863838964e-01 5.081050057472987769e-01 4.177526706894526543e-01 3.788046708157545850e-01
1.718246645599991185e-01 5.583448966620828680e-01 4.614010975533117120e-01 5.899490205184355629e-01 4.806454766587329175e-01 5.390967594771711724e-01 4.821410190777355997e-01 1.746099402846245097e-01 2.616028313087361834e-01 2.775876366898161751e-01 3.513918799357083067e-01 3.990745068836895060e-01 3.558831079446890810e-01 3.982434162599641225e-01 3.623384260914914168e-01 2.892534179821372176e-01 1.629386589219424530e-01 2.177109143483017539e-01 1.821981417859244168e-01 0.000000000000000000e+00 2.538117979204836949e-01 4.312970563809065405e-01 4.172404114015257903e-01 2.893757643909255495e-01 3.800682820094544723e-01 4.400946925359202622e-01 1.463310795192800662e-01 3.134438276960335168e-01 2.742460613593904473e-01 2.899114636122971378e-01 3.300658453755561661e-01 3.913156260556875377e-01 3.848850129610986714e-01 3.978955626499189879e-01 2.990043128537779871e-01 3.728895093511630510e-01 2.942436217575579160e-01 2.724463729597373929e-01 5.075366020667798628e-01 2.594601102241946289e-01 2.398611036959326648e-01 2.920553276279924115e-01 4.357484999442214901e-01 1.019498741287719890e-01 4.695802261588020166e-01 1.466601601757977213e-01 3.269970379984431519e-01 1.038946652191615749e-01 4.097842986410347166e-01 1.460597980637708404e-01 1.236874926088672166e-01 2.137807393993491345e-01 3.808196712999495359e-01 3.019917486014820907e-01 3.709463205267031216e-01 1.995673032144253678e-01 2.361529390183479127e-01 3.864425955825990799e-01 2.578084154864439537e-01 4.104232117522945700e-01 4.295734269050401899e-01 3.834322991200403985e-01 2.097862298119292368e-01 4.237235014210601336e-01 5.253891574101793305e-01 4.772298516127941870e-01 3.264516345602412883e-01 1.763043688770245809e-01 3.388544400334961293e-01 2.231996583118676103e-01 8.732131386559452424e-02 2.723114280271236587e-01 4.461085324386432349e-01 3.428471078379488612e-01 2.263416711164388251e-01
1.619064528189603225e-01 6.161863723753894240e-01 4.341414912622306166e-01 3.865882487437862225e-01 4.572970590648114952e-01 4.302577526541685460e-01 4.780029919889967061e-01 1.633851324936103078e-01 3.300192134309390402e-01 2.989858916118804943e-01 2.159672653629554628e-01 1.827642404193491887e-01 3.388412917629283760e-01 4.163882918493890806e-01 2.357808563943061819e-01 2.852912240970018054e-01 1.908678978630209688e-01 3.221707996231407689e-01 3.279667137428439183e-01 2.538117979204836949e-01 0.000000000000000000e+00 3.224580495579039141e-01 4.694099677907506152e-01 1.514914327655277060e-01 4.604313114421634823e-01 2.457056368997578844e-01 2.554080627312219631e-01 2.405020928263533753e-01 2.862119396491439316e-01 2.192029815701734830e-01 3.476199155015803899e-01 2.197359197902327144e-01 3.638899288423678713e-01 3.442516391400370357e-01 1.206654013593373154e-01 3.531832518284846456e-01 1.170147120610269958e-01 3.196582296191504691e-01 2.924440755508586065e-01 2.315519842619260527e-01 2.854365189504290967e-01 3.762350318488674183e-01 4.469273193621392526e-01 2.865672869717340032e-01 3.607412193357993901e-01 2.832311384410644006e-01 2.181580311754405255e-01 2.585561380028423839e-01 3.384275832013977636e-01 1.108614720730775605e-01 1.933791495078517331e-01 1.328294990072788617e-01 3.635772040883027412e-01 2.476275144625347813e-01 2.957475234703116351e-01 3.325893767416560065e-01 3.154477845010513759e-01 1.928292533871455439e-01 1.538124958696538147e-01 2.937774586234070950e-01 3.959798940838789583e-01 3.872099770093159199e-01 2.348035291632715182e-01 4.236960496554225131e-01 3.236582071934386295e-01 5.350713273261006320e-01 1.101413680959008323e-01 2.426599650809690978e-01 3.944527341406172671e-01 2.313564376990790983e-01 2.124193739594796015e-01 2.736671027078537710e-01 2.578315811193218621e-01 2.356088937318348842e-01 7.670170440213919250e-02
