0.000000000000000000e+00 6.353258129479123495e-01 6.261813715739028563e-01 5.671829458341502983e-01 3.283572257480329992e-01 3.243056664142790479e-01 2.696986657406691967e-01 2.558403414262717668e-01 2.542759113887733680e-01 4.574018182150754175e-01 4.736001242169325942e-01 1.760712077501861705e-01 1.687773559038912852e-01 3.916689053064527082e-01 1.646925835054402487e-01 1.578318906975215152e-01 5.179646629831711202e-01 1.397094031592587271e-01 5.258861157123190244e-01 3.122589142706140852e-01 2.090888395179260895e-01 5.110136295200170542e-01 2.725716968017724562e-01 1.456238354645000566e-01 4.850150657068870719e-01 3.893326635121034940e-01 3.546157312789893767e-01 1.608998174624414190e-01 4.153024884824298435e-01 2.235780401165897713e-01 1.081404561260702751e-01 3.786418770725507588e-01 5.292671322171430548e-01 1.015038753175740160e-01 5.883414870605139235e-01 9.562380228543553018e-02 9.249002647321737103e-02 5.468015516899532580e-01 3.720977901887779216e-01 4.387039152192065417e-01 3.370829995543611624e-01 2.503219142276390530e-01 1.928180715724163441e-01 1.007512198950542698e-01 5.334092284554493579e-01 3.932960595830359840e-01 1.862344033225730722e-01 9.120773405899749997e-02 4.526898697747859246e-01 4.694277229719947542e-01 7.800936722526145839e-02 2.225483140006324356e-01 5.649760125220806284e-01 5.586559644556765569e-01 2.896056643929941221e-01 4.988353423200578285e-01 8.744595062957905007e-02 1.862436854870039571e-01 4.128673435029095451e-01 2.893421236106301642e-01 4.567926498108519917e-01 1.938162119379452653e-01 5.061347004972039931e-01 1.386652069705146262e-01 3.358572419596916325e-01 5.488718211856826734e-01 7.892932320077167274e-02 2.118083276140274029e-01 3.601402329742935948e-01 2.456085787285557376e-01 5.751373748686166021e-01 2.304557408350177139e-01 1.651736355337478923e-01 5.886219934998068171e-01 2.402530015862393009e-01 4.109711754525946503e-01 4.095286164785144067e-01 3.044163321006013723e-01 2.662349122525290990e-01 1.558500678994926836e-01 5.262429856303255660e-01 3.963545529125102607e-01 2.783635577479779966e-01 4.712073523918253737e-01 7.380383245538890691e-02 3.331213409587217011e-01 1.554256418040014798e-01 4.427582963419817719e-01 1.339764736406940659e-01 1.844643617786863588e-01 4.627610615543240602e-01 5.814333053632902981e-01 5.280514145452406272e-01 5.112880109849060606e-01 2.054576257587441834e-01 3.373417039869283651e-01 1.403041421316154613e-01 3.825638417281753689e-01 4.579927237924974470e-01 1.458045761003933793e-01
6.353258129479123495e-01 0.000000000000000000e+00 4.702994883462643383e-01 4.192657674733297202e-01 9.011043339632914817e-01 3.246313748720111581e-01 7.271119458330241869e-01 6.960304851856485842e-01 5.048207432999822775e-01 3.475122309427991496e-01 1.781839530028286878e-01 4.760816001726828617e-01 5.889462538480579878e-01 3.358299826348773998e-01 7.432238371595663029e-01 5.266601713731143830e-01 4.081704668147281279e-01 5.819958623763890060e-01 3.080531049275637145e-01 3.714479796232783571e-01 4.275935595149434332e-01 3.512960768995371241e-01 4.202327349205042806e-01 6.330725606972965602e-01 3.201410742192433712e-01 2.889543902814503129e-01 4.184208820064631018e-01 6.449684027393766117e-01 2.450576802148956568e-01 8.036246240361808457e-01 5.474718180335556017e-01 2.580405219603187916e-01 1.103644419563809820e-01 5.557780430638519231e-01 4.030365182944338764e-01 6.357429765362833107e-01 6.511614646508171456e-01 4.025556254934952172e-01 3.960517366508115589e-01 3.410633798144818707e-01 3.241268138964546464e-01 4.037860875906977842e-01 5.045002927997490616e-01 5.659800538614572218e-01 3.978713598746006497e-01 2.477007547490123474e-01 4.689182457760295297e-01 5.935783575884454599e-01 2.447114192181069903e-01 2.776013496972328798e-01 6.161543979682446714e-01 4.954560250450958381e-01 4.101527204483183531e-01 3.442526487650325873e-01 4.345063961889128468e-01 3.774025581904416615e-01 6.794627202787216769e-01 5.611689962565232781e-01 3.279021689433175846e-01 3.473402754222393862e-01 1.811321568409218763e-01 6.340063556973221104e-01 3.499315614272107688e-01 4.969783600814144942e-01 3.913705645690849777e-01 3.780970764386679672e-01 5.683153322929199724e-01 6.654162491411744762e-01 2.897453085961355645e-01 3.959031826685306954e-01 6.295889745513637281e-02 4.369223573949507777e-01 5.268326660549557117e-01 4.062985781491483261e-01 4.284558325608527896e-01 3.595031913191947814e-01 2.383992100010588755e-01 4.505218007447336359e-01 8.533674551489097704e-01 5.755167109222261157e-01 3.420508510164454452e-01 2.778267172000966068e-01 3.819890438226895557e-01 2.485527294476570503e-01 6.484569574535685721e-01 3.101448495399922178e-01 5.893881613825654453e-01 3.149732510034758959e-01 6.375114520210484192e-01 7.537803947382576419e-01 1.902192818505127336e-01 3.628870248570370549e-01 1.225502007868287113e-01 2.870576039664262114e-01 7.932378288410047995e-01 4.139113924683454071e-01 5.739324664831647604e-01 3.900961359734006484e-01 3.514643663979817867e-01 5.199506122871820901e-01
6.261813715739028563e-01 4.702994883462643383e-01 0.000000000000000000e+00 4.143206446049533254e-01 9.043748410398479987e-01 3.857638149528906379e-01 6.931258662254258240e-01 7.185950034420904853e-01 4.238740455192343548e-01 2.173023959007420181e-01 3.003028795209532475e-01 5.498286938383402100e-01 5.487341990996731367e-01 3.591743582601630291e-01 7.331714001105013034e-01 5.492246896295566172e-01 3.468087869351038632e-01 5.503209981473908829e-01 2.900787309433709438e-01 3.193066731181866125e-01 4.300855738370631953e-01 1.220846485258462732e-01 4.400142063152031047e-01 6.529984182790595781e-01 3.517524875337042500e-01 2.454686822281796077e-01 3.321374843686492606e-01 6.138880411754158439e-01 3.595560454426777741e-01 8.162774947643397505e-01 5.241099008825796934e-01 3.581692979463503845e-01 3.925086619529712939e-01 5.890088725250384183e-01 3.673568776599883123e-01 5.900122669869133363e-01 6.521188124460827185e-01 4.259978425279465353e-01 2.734772804599734930e-01 2.683088677615935169e-01 4.082926775945903697e-01 4.761304535158876194e-01 4.617666380109337054e-01 6.000645677317917315e-01 3.409974797934673951e-01 3.219715691597910823e-01 5.052960881309249697e-01 6.197930423778282849e-01 3.081517557115860395e-01 1.931070190273186382e-01 5.874520451110377683e-01 4.766695508163758532e-01 7.440796716945699552e-02 3.509071243777118765e-01 3.649862815418435380e-01 3.640876843914914729e-01 6.838358050890204209e-01 4.950059542047365868e-01 2.161964337946786774e-01 3.587008114317279950e-01 3.578208826033482670e-01 6.565708739537641225e-01 1.521914160915517344e-01 4.942952593577214504e-01 3.858658577725680439e-01 4.089445066348604274e-01 5.719517418907330564e-01 6.303590656871178588e-01 4.202493799287789211e-01 4.307031511627822939e-01 4.093539367786023231e-01 4.984153446026603484e-01 5.357295313984452578e-01 3.706189375147028175e-01 3.904894815973299904e-01 2.686017845336953758e-01 2.699236242874116787e-01 3.911047684021258242e-01 8.581418394133308869e-01 5.297860013728559192e-01 3.048297637946581484e-01 3.581222108256261749e-01 4.670121194009734800e-01 2.511333853992357423e-01 6.131784092532365227e-01 3.026206685603258784e-01 5.570154081020450842e-01 3.535908526176066435e-01 6.024542685669916908e-01 7.611931147559733990e-01 3.199521266313526957e-01 3.444465761212126553e-01 3.486800750336622734e-01 3.087281740958093268e-01 7.876479810418436367e-01 3.295117302526432423e-01 5.996052349199740839e-01 3.374431751236469101e-01 1.778564023029677310e-01 5.479629498794377218e-01
5.671829458341502983e-01 4.192657674733297202e-01 4.143206446049533254e-01 0.000000000000000000e+00 7.890639595734515455e-01 3.422811967536107391e-01 6.751977286820273205e-01 6.827983750213493241e-01 3.609213737044591475e-01 2.497921236256908373e-01 2.501398110564156396e-01 3.936727651908775161e-01 5.293374212509593946e-01 1.769858645295726840e-01 6.193220383220252589e-01 5.139010937731107731e-01 1.378604406753954348e-01 4.431857851572795215e-01 1.360972070307971404e-01 3.713955306560228764e-01 4.513224766359397178e-01 3.040066051527336444e-01 2.947244615210177776e-01 6.179382352323179450e-01 1.153973289933124258e-01 2.802379915630533458e-01 2.519478148180415156e-01 5.964533386023825878e-01 2.623009588613838816e-01 6.984440267684365322e-01 5.148671117762555482e-01 3.412239925509061300e-01 3.368139733565337357e-01 4.922091936242342647e-01 9.991838181925685736e-02 5.163789936423116567e-01 5.300006255428856283e-01 9.675787710189777402e-02 3.063560972276443972e-01 1.722615017307463081e-01 2.578363267744179232e-01 3.564666771163799708e-01 4.349689118233896479e-01 4.664317259390959314e-01 8.229371203165722348e-02 2.975602339750022529e-01 4.369524528428571641e-01 5.617468632119330119e-01 1.835418493720901989e-01 2.285340712044728606e-01 5.757165400930065458e-01 3.566459478259864091e-01 3.509497082641657717e-01 7.567638522320083161e-02 3.556067659900590816e-01 7.317555397090085012e-02 5.729384752641306644e-01 4.113579361273000390e-01 2.927179680789628868e-01 3.795852157436355179e-01 3.034392996356604089e-01 6.207742455330230724e-01 2.782552068803109679e-01 5.033323596751499984e-01 2.313257038744586658e-01 6.649739461859507927e-02 5.605649821999439952e-01 6.119924850807021421e-01 3.088126808671064483e-01 4.059690054620024857e-01 3.589834824205714314e-01 3.388215310834800653e-01 4.043144039082521846e-01 6.806205311679455749e-02 4.152492823363669872e-01 2.333275248216592213e-01 2.641516888236365990e-01 2.848309014634959335e-01 7.442924776248551755e-01 4.813738160465416693e-01 1.121604469949306210e-01 1.928841051770771864e-01 3.021510162727912285e-01 1.905473809166121912e-01 5.123700268365944943e-01 3.248763702287134625e-01 5.395807055290119392e-01 1.294058606171528680e-01 5.840876879605759742e-01 6.439731720472524623e-01 2.481227435184404362e-01 9.599285677798130578e-02 2.983096206756313817e-01 1.336078488220464322e-01 6.737986192533677032e-01 3.059749017862161691e-01 5.579724689507357116e-01 1.996996727050598108e-01 2.964058199738369148e-01 4.967012009648771875e-01
3.283572257480329992e-01 9.011043339632914817e-01 9.043748410398479987e-01 7.890639595734515455e-01 0.000000000000000000e+00 5.951096833268781916e-01 5.737997133997906340e-01 5.811845190300948261e-01 4.906493307289621075e-01 6.927120396741772712e-01 7.539923062892922578e-01 4.250227337906083980e-01 4.462818270646999874e-01 6.175847337903591638e-01 1.737657343064837601e-01 4.785889757483520190e-01 7.323091027163699529e-01 3.540538428924573933e-01 7.631823131696361395e-01 6.080877670489245324e-01 5.268753177041505253e-01 7.973620231748350662e-01 4.962582562228210481e-01 4.716753964098902574e-01 7.267935489041386088e-01 7.064515520514058622e-01 5.725527029568473480e-01 4.639477742985097519e-01 6.666046742979729878e-01 1.081866928683186124e-01 4.254822451626276147e-01 6.749391564396077792e-01 8.035129337309018238e-01 3.946521743449303843e-01 8.057434476823704950e-01 3.576196836027862869e-01 2.597545578395836219e-01 7.741939296257001057e-01 6.380620342411099655e-01 6.561058758410631686e-01 5.815209612537337591e-01 5.095280879430974519e-01 4.689485817839303960e-01 3.351242801018339823e-01 7.508111890773059294e-01 7.008489680726592841e-01 4.617206228309821414e-01 4.115765782155493269e-01 6.970317254494051706e-01 7.386944862294309022e-01 3.825454217278845270e-01 4.368927537338311295e-01 8.348103601942755692e-01 8.002970999045155853e-01 5.473032008008222871e-01 7.207163560593591312e-01 2.438924278338615026e-01 4.219987138063967524e-01 7.072773550123253594e-01 6.060150540362282401e-01 7.351056579919440503e-01 5.191603895417684633e-01 7.546608097373794788e-01 4.564516851567390621e-01 5.577382556989929352e-01 7.803364841534178309e-01 3.996864082516021766e-01 5.159093752731492843e-01 6.254159216856977066e-01 5.335609517704538174e-01 8.485556882437369497e-01 4.707412589543756853e-01 3.867708750565211351e-01 8.060239541216634995e-01 5.450402302061861937e-01 6.357805160872025407e-01 7.273150946647387594e-01 5.187607718338000939e-01 6.775222246191887898e-02 4.051161845727045407e-01 7.436449462521821374e-01 6.404486916483217440e-01 5.228015194473505378e-01 7.500529268424926954e-01 3.000516938331794781e-01 6.504631299952789991e-01 4.599616963066245900e-01 6.739660937244540406e-01 4.296373406861195288e-01 1.473239392250336455e-01 7.117125875947463154e-01 8.048638329177596473e-01 7.917517713605818352e-01 7.553821497207173774e-01 1.245609996944688075e-01 5.843969495030534311e-01 4.634689447311929333e-01 6.000806009308067290e-01 7.360522774527289425e-01 4.438195810309972789e-01
3.243056664142790479e-01 3.246313748720111581e-01 3.857638149528906379e-01 3.422811967536107391e-01 5.951096833268781916e-01 0.000000000000000000e+00 4.441658154428019811e-01 3.784458083883290858e-01 2.615453658239801360e-01 2.382373769689183907e-01 1.777989922134425860e-01 1.795968722341779733e-01 3.121060708061138556e-01 1.696480661319133554e-01 4.381900908295418007e-01 2.090754945757948846e-01 3.065766858394415317e-01 3.095667260775894492e-01 2.745366237896822437e-01 1.324798182520866008e-01 1.393341197438945911e-01 2.650987180804918464e-01 1.702715138146480567e-01 3.154030510074469773e-01 2.356031597773820263e-01 1.402951327247109747e-01 2.176836010149166001e-01 3.553665953394058996e-01 1.080650366596342810e-01 4.966876829622239309e-01 2.558201840532780547e-01 1.012904357226803581e-01 2.185726941412418078e-01 2.318110022709901075e-01 3.651753727071511690e-01 3.731622124347647729e-01 3.469917199520776707e-01 3.107669267744763153e-01 1.996677439308885971e-01 2.536500506418174483e-01 8.880906299040677854e-02 9.390274289467410995e-02 2.440530449907981903e-01 2.669345006224870254e-01 3.331325031600071984e-01 1.272002473557319047e-01 1.442868709040183162e-01 2.752509521013938310e-01 1.730693323811905993e-01 2.180782310493579179e-01 3.101627590742378482e-01 2.405489506767931884e-01 3.362767312520248963e-01 2.879382307017399056e-01 1.892696234225942076e-01 2.801570149398653897e-01 3.697769509045817915e-01 3.091249741890014224e-01 1.783810694296723842e-01 6.882527243375792525e-02 1.460982117349507448e-01 3.164216789000026120e-01 2.800953063546212096e-01 1.905524379300573834e-01 1.496919043174747554e-01 3.018044973524766084e-01 2.532974587820757684e-01 3.834476405073170557e-01 6.393883019748620999e-02 7.869708768572333812e-02 2.649231730563751941e-01 1.494321106590056070e-01 2.472213187764565334e-01 3.716973308684359267e-01 1.621614929907281843e-01 2.634747392271138411e-01 1.557161175112417029e-01 2.030398882433433472e-01 5.442881986311506326e-01 3.132477886797684907e-01 3.072712793266763054e-01 1.493970915765334972e-01 1.027007257645285998e-01 2.198578604691885097e-01 3.604082705070024706e-01 8.817630222500189019e-02 3.057709311262303831e-01 2.131336930174988209e-01 3.555428433871909988e-01 4.481600278014416516e-01 1.525572435687239936e-01 3.254322228651934656e-01 2.228468028090767605e-01 2.351436247914349964e-01 4.841585723232458838e-01 1.749432310971536786e-01 2.556050609961129094e-01 1.983974778150322527e-01 2.319533296499147190e-01 1.987824463144088338e-01
2.696986657406691967e-01 7.271119458330241869e-01 6.931258662254258240e-01 6.751977286820273205e-01 5.737997133997906340e-01 4.441658154428019811e-01 0.000000000000000000e+00 4.467281637911365566e-01 3.276718081585061615e-01 5.130747307367871102e-01 5.570349926164045451e-01 4.124638134452178750e-01 1.763009877629416744e-01 5.280029907864659533e-01 4.101350711571982166e-01 3.042638771846803980e-01 5.976127783935023530e-01 3.252675284176464454e-01 6.081991746878870897e-01 3.738199859338859343e-01 3.133845236734559281e-01 5.789459194102143380e-01 4.401322332091700540e-01 3.570744428033872930e-01 6.328259515530630930e-01 4.691216732383467480e-01 4.238599406918632795e-01 1.145124517488436133e-01 5.522308521024362760e-01 4.787106079986044316e-01 2.092598524895084022e-01 4.787801100310661306e-01 6.310806411852329934e-01 3.661028546491046365e-01 6.626387763548369225e-01 2.491244068773432463e-01 3.482389692157325523e-01 6.626457239386228659e-01 4.277707027104895032e-01 5.130012045135295962e-01 5.093481166343128974e-01 4.177066810329767010e-01 2.439053559493262191e-01 3.672993444764587334e-01 6.077065177497722459e-01 4.801523413177582467e-01 3.310622500624614828e-01 3.171393517845697008e-01 6.001137252305194236e-01 5.507923370150792364e-01 1.916892985154077522e-01 3.735437011548162212e-01 6.319205071736037072e-01 6.671867345046094133e-01 3.452785769147057038e-01 6.055049096829154820e-01 3.379902743000298138e-01 3.006108121897876351e-01 4.810781236955604112e-01 3.894803565691454805e-01 5.587009324205597371e-01 3.847040343028101939e-01 5.702842359553431661e-01 2.566532925634337214e-01 4.754484252329171379e-01 6.710589586148283381e-01 2.528182591958357817e-01 6.404685949956648305e-02 4.980488245279627302e-01 3.654687277570786152e-01 6.641530483778878002e-01 4.603036757197833673e-01 3.851810471913951761e-01 6.629192827941298161e-01 3.050579776950052557e-01 4.710158282782385686e-01 4.935341993193915200e-01 4.074506616525273017e-01 5.179025284918588046e-01 2.402165346868286311e-01 6.005279935118599255e-01 5.743003382316533845e-01 4.743794355325623435e-01 5.546422207912974356e-01 2.961635053358043779e-01 4.206881187696679958e-01 1.383948843165715981e-01 5.759967727368848767e-01 1.556507353479881506e-01 4.450528562650649667e-01 5.929418688044891805e-01 6.548276269436914543e-01 6.126687448324046326e-01 6.189242888583469382e-01 4.509001134105021236e-01 3.908680126974066749e-01 3.602000790965633192e-01 4.791742598013860599e-01 5.241925385649671698e-01 3.392241945279385051e-01
2.558403414262717668e-01 6.960304851856485842e-01 7.185950034420904853e-01 6.827983750213493241e-01 5.811845190300948261e-01 3.784458083883290858e-01 4.467281637911365566e-01 0.000000000000000000e+00 4.028015810940632768e-01 5.591867180129221904e-01 5.476063934419423962e-01 3.227447769282580925e-01 3.468642062361254053e-01 5.097803019438869043e-01 4.175198767875021311e-01 1.693703138125340624e-01 6.463517302493734240e-01 3.887293871374382093e-01 6.076996916498320633e-01 4.181290328574913673e-01 2.946475720300657519e-01 5.982617859406417216e-01 4.286182427891651603e-01 1.191830056325697967e-01 5.846980031892579088e-01 4.734582005848608777e-01 4.989897136274205058e-01 3.463700537073137742e-01 4.865108450479633806e-01 4.794183815428614270e-01 2.489496993214274645e-01 4.444046637223125762e-01 5.899718044548790674e-01 2.420011152942675714e-01 7.015983388738713522e-01 3.293862779761177473e-01 3.479848026497686098e-01 6.571937918461766559e-01 4.849083187857459176e-01 5.881309774490867115e-01 4.321608394170787237e-01 3.405194038157425274e-01 3.212321448058672591e-01 3.218267558522205363e-01 6.729075475699392017e-01 4.647895632725876913e-01 2.514904970009136931e-01 1.845044635623881435e-01 5.396442974177720897e-01 5.512412989095079041e-01 2.767245784128331554e-01 4.240143827941441623e-01 6.597652623402753269e-01 6.526878021611317582e-01 4.095520299451520518e-01 6.202281541334617732e-01 3.409105739670604818e-01 3.940870975223473849e-01 5.023985696474120299e-01 3.603866010655393248e-01 5.174973220485881154e-01 6.765229816188997325e-02 6.010446473986250648e-01 2.327150749460511481e-01 4.848372939669665094e-01 6.508993407643525186e-01 1.943122880673856800e-01 3.872055231224182381e-01 4.321381776253965246e-01 3.001273025171178332e-01 6.363222833700126202e-01 3.756025320238164378e-01 3.776046993721020595e-01 7.048603987285859684e-01 3.487079892902597011e-01 5.448797809675418602e-01 4.900485529756932745e-01 4.889060200038539694e-01 5.220752536788008102e-01 3.776141514060229465e-01 6.404343471868262361e-01 4.971130610144192663e-01 3.971921583153282809e-01 5.530209283293384681e-01 3.239470342517718482e-01 4.189611246627074626e-01 3.189377065109985088e-01 5.533925144041965671e-01 3.401251533666015958e-01 4.399591379552377224e-01 5.310030519570532181e-01 6.632468813008034481e-01 5.941951094241709752e-01 6.017185898280165146e-01 4.582849190408059270e-01 4.601838059520110269e-01 1.418052164258691017e-01 5.348381369428674148e-01 5.529026706939184077e-01 2.135688199991872815e-01
2.542759113887733680e-01 5.048207432999822775e-01 4.238740455192343548e-01 3.609213737044591475e-01 4.906493307289621075e-01 2.615453658239801360e-01 3.276718081585061615e-01 4.028015810940632768e-01 0.000000000000000000e+00 2.165471441735514480e-01 3.315366437235809371e-01 1.929743218543987504e-01 1.702572789503296602e-01 2.129942389438427564e-01 3.170947689568295869e-01 2.392086110880431993e-01 2.833364234159344575e-01 1.404971398522451564e-01 3.026525103973343733e-01 1.479402349614761247e-01 1.287444882375477773e-01 3.133338168182001615e-01 1.203857743921084023e-01 3.287896650693506451e-01 3.185495965754949754e-01 2.436233243455231678e-01 1.095835857142953979e-01 2.489274180788614288e-01 3.147832965263175353e-01 4.038711133695432887e-01 1.673411912527343892e-01 2.603716243528257368e-01 4.087894386521910839e-01 2.872292072081604752e-01 3.483624213772688050e-01 1.730532834167810563e-01 2.422949541509371030e-01 3.483693689610548594e-01 1.544708081736963501e-01 1.987248495359615896e-01 2.279482715278221272e-01 2.157957500603772116e-01 8.744299129986857211e-02 2.175464210964357936e-01 2.934301627722041839e-01 2.578611387847164482e-01 2.196612649521346994e-01 2.964147009434351387e-01 3.150757534167128449e-01 2.707224971913100853e-01 2.281906195694854422e-01 8.917597818958437894e-02 3.555870083851377927e-01 3.713480903226948904e-01 8.068294661845201721e-02 2.912285547053473644e-01 2.636568523872770409e-01 7.113190868550230139e-02 2.233408172482825582e-01 1.949780069277683159e-01 3.385702328540847739e-01 3.407774516057368031e-01 2.801903263207121131e-01 1.700865061480120732e-01 1.557019664158554861e-01 3.567826036372601650e-01 2.320936083547010809e-01 2.644665645571810941e-01 3.011392016456711507e-01 1.868404778276643308e-01 4.418618458448458908e-01 1.412409781438999090e-01 1.521564692984199163e-01 3.486429278165618095e-01 9.938387283325197941e-02 1.631830583203461582e-01 2.685572041807349208e-01 8.770420283546564999e-02 4.399158326551530496e-01 1.206985215304489517e-01 2.862639199470804474e-01 2.668678226407054099e-01 1.909132998086508493e-01 2.835471812017593130e-01 1.929994565514931149e-01 1.984414039718193634e-01 1.920547850054907524e-01 2.617204177593169256e-01 2.299004593955115694e-01 3.487867333611769372e-01 3.510951910142419696e-01 3.449026885031785672e-01 3.871703959395809691e-01 3.291691400407924517e-01 3.701515503953837771e-01 9.752525382029027246e-02 2.954002719671806054e-01 1.648979048238181921e-01 2.460176432162667903e-01 2.470535263507204204e-01
4.574018182150754175e-01 3.475122309427991496e-01 2.173023959007420181e-01 2.497921236256908373e-01 6.927120396741772712e-01 2.382373769689183907e-01 5.130747307367871102e-01 5.591867180129221904e-01 2.165471441735514480e-01 0.000000000000000000e+00 1.777230080109813426e-01 3.502233989267288239e-01 3.683187631367831893e-01 1.674936730966969933e-01 5.215085987448302429e-01 3.898164042003879892e-01 1.755584756947129732e-01 3.386581967817199335e-01 1.413349644213551803e-01 1.558067218328959558e-01 2.706772884078945673e-01 1.221744403791880512e-01 2.324280094419655107e-01 4.912483377617656854e-01 2.073377588274943062e-01 1.382896709669650670e-01 1.208448073544851203e-01 4.343303406571424330e-01 2.327148198804888379e-01 6.046146933986686900e-01 3.497438517816819914e-01 2.119912951249228183e-01 2.697214045495061607e-01 4.384831108066465921e-01 2.058895050547846495e-01 3.879762484904127895e-01 4.404560110804118800e-01 2.545810629580252393e-01 9.104036044086220858e-02 9.193361236829102057e-02 2.481801588156897775e-01 3.286040155319155387e-01 2.755128944655818590e-01 3.924783708585540265e-01 1.723514539450209382e-01 1.970935588344996936e-01 3.547703264125333655e-01 4.634840044553970584e-01 1.758228673291929722e-01 7.835441651081975767e-02 4.110312216651544892e-01 2.690833539431382593e-01 1.457876673803691903e-01 2.062240133151790333e-01 1.775240603785460114e-01 1.926709048215700937e-01 4.723980975513225600e-01 2.829551909754011718e-01 7.578657222235851698e-02 2.071930326840740744e-01 2.373107099881154036e-01 4.971625885245957166e-01 6.655088021238630969e-02 3.325451788404271136e-01 1.809222049560948176e-01 2.626092613404536480e-01 4.084517906054423442e-01 4.503079301984790339e-01 2.934081543665900682e-01 2.817022033512504575e-01 2.865666793751371899e-01 2.908291477294227545e-01 3.281433345252074418e-01 2.091515649094991547e-01 2.253699822010771237e-01 6.100812807940796112e-02 1.644208484559579742e-01 1.835185715288883690e-01 6.464790380476599374e-01 3.369995865156338311e-01 1.433623911894544578e-01 2.208647003689334920e-01 2.692413015252151931e-01 1.152455521545976136e-01 4.017407017155386062e-01 1.500610747439165560e-01 3.774577075837717288e-01 1.797425342749435218e-01 4.224031330783529770e-01 5.495303133903023385e-01 1.967559888496002440e-01 1.920703203480591537e-01 2.258928176301971402e-01 1.640450630332765392e-01 5.759851796761726872e-01 1.313553632287583484e-01 4.404212793927376191e-01 1.351596409146863798e-01 5.793930093661018438e-02 3.920745337762773230e-01
4.736001242169325942e-01 1.781839530028286878e-01 3.003028795209532475e-01 2.501398110564156396e-01 7.539923062892922578e-01 1.777989922134425860e-01 5.570349926164045451e-01 5.476063934419423962e-01 3.315366437235809371e-01 1.777230080109813426e-01 0.000000000000000000e+00 3.335792428644868690e-01 4.156621542716567030e-01 1.805693657752721337e-01 5.927277177899068494e-01 3.782360796294085281e-01 2.383812438829101821e-01 4.288458461040854930e-01 1.382638819957458520e-01 1.981638800468769890e-01 2.659275438868333730e-01 1.812994680742259224e-01 2.670827186482007121e-01 4.846874158873883398e-01 1.525911564075868032e-01 1.107704372786216668e-01 2.486316590746453503e-01 4.749677874117615994e-01 1.164896987165837533e-01 6.565125963621820659e-01 3.774712027059405339e-01 1.036386197959216632e-01 1.010861529919832580e-01 4.075245365000293440e-01 2.332472953626159862e-01 4.624588769598817484e-01 4.993302144990063862e-01 2.385448156679520759e-01 2.189335367117041797e-01 1.712741568826641192e-01 1.736630604282330959e-01 2.633793418376372264e-01 3.312161932233477213e-01 4.188680261874581645e-01 2.280821369427828704e-01 8.462350941982511865e-02 3.208742394356605687e-01 4.453248510246229364e-01 8.206747445431973598e-02 1.078121267654151144e-01 4.461537826406296037e-01 3.423060087727922141e-01 2.403634975165006016e-01 1.744634258332148358e-01 2.612222966125115065e-01 2.141676679013743145e-01 5.323506926047225640e-01 3.946100787199042226e-01 1.497182159404888691e-01 1.895202898333764874e-01 6.769879043209310610e-02 4.855822639536162000e-01 1.801423384953929618e-01 3.370577770665684758e-01 2.382205482967813814e-01 2.105471586270115381e-01 4.157052083572732037e-01 4.953392959245550564e-01 1.484145811275658922e-01 2.476496761047080608e-01 1.158410854616122865e-01 2.837723411226472092e-01 3.736826497826521432e-01 2.365093552173305191e-01 2.551717329844514492e-01 1.897139683873770577e-01 6.546854891119975595e-02 2.973717844724301229e-01 7.062554274749106575e-01 4.022326113458246089e-01 1.722616280846276104e-01 1.246767009277930799e-01 2.323825022346162616e-01 7.876350651583925722e-02 4.953069411812650591e-01 1.404787832582108376e-01 4.193181650174560016e-01 1.533130763361817417e-01 4.674344988044289995e-01 6.066683670642586401e-01 5.577416735096071831e-02 1.930978019252193312e-01 5.563375221599994869e-02 1.172683810346083072e-01 6.461258011670059087e-01 2.406272928919440668e-01 4.256789599193419038e-01 2.348355191137954101e-01 1.814677575726706960e-01 3.716971057233594555e-01
1.760712077501861705e-01 4.760816001726828617e-01 5.498286938383402100e-01 3.936727651908775161e-01 4.250227337906083980e-01 1.795968722341779733e-01 4.124638134452178750e-01 3.227447769282580925e-01 1.929743218543987504e-01 3.502233989267288239e-01 3.335792428644868690e-01 0.000000000000000000e+00 2.796555402567464377e-01 2.173716875035766050e-01 2.671422369868832747e-01 1.596960885703972155e-01 3.515284714146712508e-01 1.365606479257304162e-01 3.818664208527102755e-01 2.820654148485812751e-01 1.598439481502368364e-01 4.291635969659413630e-01 1.179573201652067971e-01 2.476423192050120903e-01 3.089438579567008736e-01 3.043600116101606301e-01 2.324667934356128285e-01 3.206246782911326698e-01 2.415819405073644233e-01 3.275430238634982061e-01 2.137756335943996056e-01 2.653553146081299996e-01 3.784901999402932038e-01 9.996099596980501101e-02 4.336910576738072787e-01 2.284642513202293224e-01 1.750798644781341451e-01 3.721718625163556449e-01 3.335766805262913026e-01 2.917724344464053265e-01 1.610117918041749918e-01 8.807795049735889226e-02 2.226409557700613495e-01 8.989845368877441567e-02 3.775330272107162433e-01 2.912651262411815600e-01 8.140156338275640613e-02 1.694986655575037582e-01 2.766186620245997263e-01 3.751018410035255046e-01 2.538769644252985014e-01 1.037983436648143437e-01 4.882451149543937663e-01 3.825847567054903031e-01 2.655130214040581360e-01 3.254048952987594889e-01 2.033811201060387597e-01 1.524422753067010416e-01 3.424459483151219841e-01 2.067844325831747487e-01 3.112716993883504202e-01 2.620580859931763706e-01 4.080955644974978425e-01 1.558105208817841258e-01 1.798408454872066908e-01 3.732673144580624380e-01 2.088831872435945036e-01 3.529411727764995566e-01 2.015819630821038821e-01 1.361838345067286349e-01 4.235329544531282187e-01 6.494160939985790804e-02 7.421524062459752824e-02 4.339715641131002832e-01 2.216893832788489616e-01 2.892152708473209044e-01 3.197809963966912750e-01 1.780831666994519835e-01 3.772858549762268532e-01 2.161111654060464127e-01 3.715925562436189211e-01 2.202833451623240069e-01 1.022923499977918121e-01 3.304707657140946164e-01 1.833722235732899164e-01 2.522411811104515178e-01 2.776699598018838033e-01 2.681286071683840477e-01 3.065784718643617124e-01 2.776987945655747247e-01 2.866898538041378619e-01 4.245114630206771045e-01 3.667290375699732152e-01 3.352168032347198068e-01 3.171562286683220488e-01 2.731004920551134418e-01 1.855654860048271959e-01 2.345060240981619304e-01 3.960182085353642911e-01 1.151122900782991232e-01
1.687773559038912852e-01 5.889462538480579878e-01 5.487341990996731367e-01 5.293374212509593946e-01 4.462818270646999874e-01 3.121060708061138556e-01 1.763009877629416744e-01 3.468642062361254053e-01 1.702572789503296602e-01 3.683187631367831893e-01 4.156621542716567030e-01 2.796555402567464377e-01 0.000000000000000000e+00 3.743192009843749890e-01 2.763929150001641633e-01 1.962261480573500305e-01 4.517524709624344825e-01 1.551688256633336205e-01 4.667171414067791124e-01 2.294283188081333580e-01 1.813247790367679135e-01 4.345542522844616506e-01 2.681495262860644213e-01 2.659404605907759178e-01 4.869656441219951115e-01 3.277488348935989615e-01 2.779996332607955756e-01 1.093228056328520853e-01 4.201711074657482059e-01 3.552206981917601092e-01 1.017279341573886914e-01 3.444971349009013917e-01 4.929149492002669608e-01 2.673813596398426085e-01 5.167784689237689966e-01 9.639489261401405773e-02 2.103642335217834336e-01 5.167854165075549400e-01 2.830147351104857489e-01 3.671408970824616702e-01 3.781045291541914599e-01 2.872420858184583925e-01 9.716658909443179337e-02 2.233749686007374946e-01 4.618462103187043200e-01 3.419866493327921586e-01 2.083848409431758031e-01 2.260053695719582978e-01 4.587408868857715261e-01 4.079615094802447883e-01 1.006902005973799030e-01 2.001461539150740099e-01 4.875288400478510198e-01 5.258138961598612937e-01 2.005226093147019495e-01 4.596446022518475560e-01 2.145003644931854636e-01 1.272132649500453683e-01 3.366864565698077794e-01 2.571361591872886043e-01 4.226957434021606508e-01 2.848400767477990980e-01 4.256227803183593728e-01 1.339758834441480140e-01 3.140804229471370057e-01 5.251986511837604121e-01 1.616842769832242399e-01 1.139863485539268501e-01 3.659890798912746601e-01 2.334089831203906562e-01 5.259873563929218232e-01 2.869061284800411005e-01 2.094967825472937306e-01 5.170589753630618901e-01 1.612024950492081388e-01 3.251555208471707537e-01 3.526827147288106312e-01 2.472367960562875666e-01 3.931465093351804163e-01 6.391554692388695669e-02 4.546676860807920550e-01 4.203869190045563253e-01 3.365784501447920407e-01 4.132693824465494825e-01 1.500728880582336555e-01 2.825669145198951848e-01 5.958515477698178575e-02 4.289606483576797191e-01 6.073428404424886101e-02 3.151219132175750448e-01 4.602599577544946863e-01 5.089673195126233063e-01 4.712959064876567350e-01 4.775514505135990961e-01 3.233822270754111439e-01 2.461120450974029761e-01 2.569896801204373804e-01 3.316347416000277049e-01 3.795310829279834874e-01 2.213062462211294601e-01
3.916689053064527082e-01 3.358299826348773998e-01 3.591743582601630291e-01 1.769858645295726840e-01 6.175847337903591638e-01 1.696480661319133554e-01 5.280029907864659533e-01 5.097803019438869043e-01 2.129942389438427564e-01 1.674936730966969933e-01 1.805693657752721337e-01 2.173716875035766050e-01 3.743192009843749890e-01 0.000000000000000000e+00 4.496776588272394237e-01 3.408830206956481312e-01 1.378955757001035509e-01 2.735414056624933532e-01 1.929303393302626290e-01 2.328290793387104429e-01 2.880119835182033405e-01 2.500447193184585637e-01 1.215066592247657090e-01 4.449201621548553587e-01 1.133366549181697991e-01 2.474263919566894732e-01 1.098673503452016337e-01 4.492586007068213316e-01 1.338600362902974961e-01 5.254802238202083142e-01 3.676723738806942920e-01 2.331371491179630162e-01 2.450081493447144043e-01 3.159081159369331315e-01 2.216060350986780447e-01 3.521269935493411829e-01 3.578301759507754309e-01 1.569536710332928575e-01 2.059216816419149054e-01 9.086549049856948446e-02 9.172911935962303753e-02 1.834486040389173844e-01 2.877741739278284472e-01 2.915329479630260345e-01 1.654480046355870093e-01 2.391960838129839895e-01 2.639343797653946333e-01 3.854457855246318787e-01 1.054511974290700399e-01 1.804540225911455686e-01 4.279016786621830382e-01 1.870015683312002130e-01 2.916903252263512991e-01 1.830568413121081706e-01 2.084120280944978809e-01 1.105994608825499603e-01 4.022134717693613415e-01 2.471059360343295930e-01 2.409743774813302986e-01 2.373777883444073145e-01 2.050648019711319991e-01 4.477561724555604861e-01 2.152782549408735757e-01 3.303142865976874121e-01 6.471101177690238848e-02 1.630962255610102773e-01 3.875469091224815199e-01 4.647977471851407749e-01 1.650655954748976306e-01 2.329509323845399549e-01 2.821647040120603966e-01 1.625204533961791264e-01 2.313506009600238278e-01 2.218865415379710215e-01 2.680545444408057865e-01 1.231693758971541541e-01 2.146237660468083563e-01 1.290115725605828212e-01 5.746480981300691182e-01 3.192515148363238575e-01 1.595075336684896594e-01 6.189338948679751207e-02 1.258499385854903174e-01 1.617971274900450174e-01 3.427256473418084370e-01 2.578243683569153011e-01 3.923859676334507940e-01 5.638135993409478658e-02 4.337972469408868936e-01 4.710093690990242443e-01 1.496014644956513429e-01 2.207264203340671138e-01 2.218669406025641500e-01 1.534649430746458931e-01 5.041542397585817570e-01 1.674084504689037078e-01 3.849543958732730142e-01 5.426615333852326251e-02 2.231271061955819590e-01 3.204001232775761654e-01
1.646925835054402487e-01 7.432238371595663029e-01 7.331714001105013034e-01 6.193220383220252589e-01 1.737657343064837601e-01 4.381900908295418007e-01 4.101350711571982166e-01 4.175198767875021311e-01 3.170947689568295869e-01 5.215085987448302429e-01 5.927277177899068494e-01 2.671422369868832747e-01 2.763929150001641633e-01 4.496776588272394237e-01 0.000000000000000000e+00 3.149243335057592685e-01 5.611056617870227026e-01 1.828504019631102540e-01 5.919788722402890002e-01 4.345332052767920672e-01 3.632106754615577748e-01 6.238074614027029341e-01 3.289619328493073036e-01 3.080107541672975624e-01 5.607034799009013026e-01 5.328969902792735081e-01 4.013492620275002087e-01 3.002831320559170014e-01 5.087241774942476980e-01 1.063237068463309815e-01 2.618176029200348642e-01 5.180195639422714438e-01 6.456324369271766450e-01 2.388542649244024263e-01 6.345400067530232446e-01 1.877307715382504627e-01 1.014595486784669182e-01 6.058179808247277087e-01 4.645074724689776113e-01 4.849024349117161958e-01 4.230758977242959351e-01 3.526084954457612275e-01 2.953940200117978754e-01 1.772437832981088590e-01 5.796077481479589011e-01 5.439293755753229487e-01 3.048010303336460280e-01 2.530905689300704808e-01 5.352226338624549440e-01 5.674910453000839849e-01 2.188807794852917765e-01 2.656893128044839347e-01 6.636069192649283188e-01 6.323900249413957342e-01 3.737486390286898219e-01 5.509744348079329557e-01 8.050586395481695856e-02 2.484441520342642873e-01 5.337227932401930053e-01 4.434639595542618218e-01 5.781860654946080480e-01 3.554957472991756573e-01 5.834573688080324505e-01 2.927870429141462560e-01 3.894388807900013294e-01 6.124294091902977577e-01 2.360217660090094260e-01 3.522447330305564228e-01 4.684963291883613157e-01 3.766413592731175375e-01 6.906751914400114378e-01 3.089553766672594182e-01 2.194745516830073351e-01 6.348205131923162492e-01 3.714856684340536730e-01 4.645770751578555124e-01 5.578308701144853998e-01 3.475573309044529546e-01 1.256912125200927710e-01 2.336872272264158834e-01 5.724415053228348871e-01 4.779553149669925616e-01 3.649210226436253590e-01 5.788494859131457781e-01 1.301627817686437094e-01 4.867984877526863041e-01 2.962970540640318395e-01 5.060590187613339674e-01 2.646760436255352067e-01 5.609340530855132234e-02 5.538320907910211366e-01 6.336603919884122860e-01 6.319146920298969183e-01 5.916811351562489829e-01 5.519735414860539591e-02 4.108423877309209105e-01 3.041691091413542547e-01 4.288771600014595342e-01 5.624977156805965883e-01 2.880216716104693209e-01
1.578318906975215152e-01 5.266601713731143830e-01 5.492246896295566172e-01 5.139010937731107731e-01 4.785889757483520190e-01 2.090754945757948846e-01 3.042638771846803980e-01 1.693703138125340624e-01 2.392086110880431993e-01 3.898164042003879892e-01 3.782360796294085281e-01 1.596960885703972155e-01 1.962261480573500305e-01 3.408830206956481312e-01 3.149243335057592685e-01 0.000000000000000000e+00 4.774544490011346509e-01 2.575220136419201222e-01 4.383293778372979177e-01 2.496337911119823894e-01 1.252772582175316896e-01 4.288914721281075204e-01 2.652240130907174143e-01 1.119236850761703983e-01 4.158007219410191357e-01 3.040878867723266765e-01 3.353967436214003728e-01 2.100453061105979902e-01 3.171405312354291794e-01 3.790353643838924036e-01 1.058843937135661439e-01 2.750343499097783750e-01 4.206014906423449773e-01 1.062845095432568276e-01 5.322280250613373731e-01 2.145960738619201724e-01 2.500616839822573656e-01 4.882965105979377718e-01 3.194977142878717702e-01 4.211934285214139484e-01 2.632635581688399506e-01 1.716221225675037265e-01 1.576391747998471538e-01 1.867682231905467283e-01 5.040102663217003176e-01 2.954192494600535457e-01 8.280284488877305560e-02 9.068826123411197204e-02 3.707470161695333166e-01 3.818709850969735919e-01 1.515966205013932200e-01 2.606201530956962498e-01 4.903949485277411258e-01 4.837905209128931516e-01 2.455422718062709453e-01 4.513308728852230001e-01 2.383150306853177025e-01 2.304941275163273628e-01 3.330282558348778843e-01 1.910162872530051514e-01 3.481270082360539142e-01 1.073461843242076857e-01 4.316743335860908082e-01 6.912210494003109829e-02 3.159400127187278473e-01 4.820020595161137456e-01 7.890256749674984249e-02 2.447412365159621073e-01 2.629585036609556337e-01 1.307569887045836321e-01 4.669519695574783080e-01 2.122083023253685530e-01 2.167967383659133163e-01 5.354900849160517673e-01 1.832973847923855260e-01 3.808700228286607259e-01 3.206782391631591289e-01 3.255117903054061124e-01 4.202428424100196347e-01 2.181307100952959988e-01 4.710640333742921460e-01 3.282157797661804377e-01 2.282948770670895910e-01 3.836506145168043225e-01 2.185772756570122655e-01 2.495908108501733724e-01 1.764734199045422114e-01 3.844952331559579051e-01 2.115310581521387123e-01 3.420360192877264227e-01 3.616327381445189060e-01 4.938765674882693579e-01 4.248247956116371071e-01 4.328213085797777970e-01 3.556893757590631200e-01 2.947732014541368240e-01 6.076353206308736377e-02 3.659408556946286972e-01 3.835323568813842066e-01 6.091380115524500094e-02
