0.000000000000000000e+00 9.905022436843000655e-01 9.078748016739884852e-01 9.616232924068911503e-01 6.948287385032120289e-01 6.334320198252519907e-01 5.550747502412880507e-01 4.832672253854793376e-01 4.376874121786094585e-01 3.821945027018545660e-01 6.211214554383741593e-01 3.341322583457776996e-01 6.456905236879297849e-01 7.658098706826488300e-01 7.346961668960574343e-01 2.770851136884709409e-01 4.178471075700884163e-01 2.533879275912912510e-01 2.138726474973925151e-01 6.769678615385460452e-01 1.998860352689076636e-01 5.021198676124835059e-01 1.947836110617720828e-01 4.299261221583499659e-01 6.455679927245201455e-01
9.905022436843000655e-01 0.000000000000000000e+00 9.154683986129118489e-01 8.391486278018178702e-01 1.156184391804716327e+00 1.181355044637443008e+00 5.505460985147713204e-01 6.834729789321958293e-01 1.414635660789160587e+00 8.540025763024872152e-01 6.277926704962799587e-01 8.675162231588312567e-01 5.254839121277411484e-01 2.831739209636842114e-01 8.622815894656716829e-01 8.086804609111044595e-01 6.046561534999297383e-01 1.230336176201842102e+00 7.856002486862514456e-01 4.946626493012142300e-01 9.201520744786304551e-01 9.661456309401810216e-01 8.416768451846466936e-01 6.796144297386650379e-01 4.673135895874865886e-01
9.078748016739884852e-01 9.154683986129118489e-01 0.000000000000000000e+00 8.873648018448286878e-01 1.336200942176465123e+00 1.277951778319181164e+00 7.150431806890241715e-01 4.619199933720703477e-01 1.327037197295892090e+00 1.034700109947785718e+00 3.818439938412549473e-01 9.491113466970508838e-01 6.208402243037217660e-01 6.405142558177634449e-01 2.816597309746094457e-01 7.207942452715428994e-01 7.339876845739558009e-01 1.142737712708573827e+00 7.707017775365917478e-01 4.372922790760853107e-01 9.540255346241234280e-01 1.143492071285736378e+00 9.876049970469424899e-01 5.589624323472878187e-01 5.531849472039065407e-01
9.616232924068911503e-01 8.391486278018178702e-01 8.873648018448286878e-01 0.000000000000000000e+00 1.208909088167023915e+00 1.197778461094542779e+00 6.818528630603273299e-01 5.779863842002529450e-01 1.385756709511750895e+00 9.096122331436329311e-01 6.766604242069375053e-01 8.725723419429698424e-01 3.232446828363601532e-01 5.988019436308731347e-01 8.100389705288409958e-01 8.427336777915382937e-01 6.037754784188700263e-01 1.201457224924432632e+00 7.603656298726193530e-01 4.836501595227192807e-01 9.938411210147243269e-01 1.018870327302488610e+00 8.719233569255003813e-01 7.967846120853891989e-01 6.250811811525733841e-01
6.948287385032120289e-01 1.156184391804716327e+00 1.336200942176465123e+00 1.208909088167023915e+00 0.000000000000000000e+00 9.098407996442140488e-01 7.292158207563512740e-01 8.742809488043943311e-01 1.084072150840408755e+00 3.837427516663997618e-01 1.026557680861823307e+00 6.320348027667496149e-01 8.858295285297079769e-01 9.404113388072629087e-01 1.190855770375261580e+00 6.784121743561943862e-01 6.225202174189432558e-01 9.080498603243892797e-01 6.886883138876657151e-01 9.174424010396925455e-01 5.599976111878266494e-01 1.956381309026854198e-01 5.026784072481658150e-01 8.503657021208216316e-01 9.095538174222773664e-01
6.334320198252519907e-01 1.181355044637443008e+00 1.277951778319181164e+00 1.197778461094542779e+00 9.098407996442140488e-01 0.000000000000000000e+00 8.315773333138043455e-01 8.160317849471101503e-01 1.039879350433845273e+00 6.121469962331871351e-01 1.078035684344165190e+00 3.453825615682254990e-01 8.756853953989527373e-01 9.606579500676246663e-01 1.132606606517976733e+00 8.323314955494296452e-01 5.940029826756730857e-01 8.640010651085477944e-01 5.841536197559636934e-01 9.259607342986234668e-01 7.197627795773785531e-01 7.171319287534855258e-01 4.922958358346857799e-01 8.912881315014575812e-01 9.470400992742132873e-01
5.550747502412880507e-01 5.505460985147713204e-01 7.150431806890241715e-01 6.818528630603273299e-01 7.292158207563512740e-01 8.315773333138043455e-01 0.000000000000000000e+00 4.575424813941293412e-01 9.430891985986548098e-01 3.849244118199007247e-01 3.347549344503741309e-01 5.407621735452337042e-01 3.665393089222536704e-01 3.213747325070768213e-01 5.833112472312849128e-01 2.819430550382328038e-01 2.865053785409344966e-01 7.625610236447110113e-01 4.923761385961064052e-01 3.427109455562139528e-01 4.045273851045329550e-01 5.436351643202588235e-01 4.543337512424913682e-01 2.609536995438414553e-01 1.884228581220501741e-01
4.832672253854793376e-01 6.834729789321958293e-01 4.619199933720703477e-01 5.779863842002529450e-01 8.742809488043943311e-01 8.160317849471101503e-01 4.575424813941293412e-01 0.000000000000000000e+00 9.049446274599158846e-01 5.809318966811928275e-01 3.345981511566851196e-01 4.871913533249803141e-01 3.159045512156234969e-01 4.321393539276996432e-01 3.285228490035751459e-01 3.290060987447125385e-01 2.720676912018854532e-01 7.206451428725978436e-01 3.087817841645214001e-01 2.179411277614626830e-01 5.489265734186106194e-01 6.815720779136658081e-01 5.256850036748719202e-01 2.281450422733659888e-01 4.224940767742850767e-01
4.376874121786094585e-01 1.414635660789160587e+00 1.327037197295892090e+00 1.385756709511750895e+00 1.084072150840408755e+00 1.039879350433845273e+00 9.430891985986548098e-01 9.049446274599158846e-01 0.000000000000000000e+00 7.637301411844370502e-01 1.031061808886274189e+00 7.409946969907239556e-01 1.069823940792790085e+00 1.189943287787508908e+00 1.153211808814235573e+00 6.741724610375623428e-01 8.540548319161049839e-01 2.596142002138647764e-01 6.500803718434088330e-01 1.101101278643406012e+00 5.812370993634047300e-01 8.913632799496798986e-01 5.906810354384703921e-01 8.365576618038573775e-01 1.050617157599341711e+00
3.821945027018545660e-01 8.540025763024872152e-01 1.034700109947785718e+00 9.096122331436329311e-01 3.837427516663997618e-01 6.121469962331871351e-01 3.849244118199007247e-01 5.809318966811928275e-01 7.637301411844370502e-01 0.000000000000000000e+00 6.661196628768766281e-01 3.343409993557226456e-01 5.865326735063174368e-01 6.382295233050341299e-01 8.365070395366029921e-01 3.139058646762428184e-01 3.270201262459710989e-01 5.862972912482730115e-01 3.953392617644639895e-01 6.152605855374639887e-01 2.042201629583218214e-01 2.046574634578431084e-01 1.955309003897783560e-01 4.896578645662916229e-01 5.733472699419510654e-01
6.211214554383741593e-01 6.277926704962799587e-01 3.818439938412549473e-01 6.766604242069375053e-01 1.026557680861823307e+00 1.078035684344165190e+00 3.347549344503741309e-01 3.345981511566851196e-01 1.031061808886274189e+00 6.661196628768766281e-01 0.000000000000000000e+00 7.429633528311408996e-01 3.998822311106874361e-01 3.503166888663067913e-01 2.800577379332558348e-01 3.845928067927982807e-01 5.397483433033465339e-01 8.499070773090672271e-01 5.420043988213411046e-01 2.018331359723439800e-01 6.227281547378845650e-01 8.409770244257308569e-01 7.741795187241308218e-01 1.960388716405963017e-01 1.957760920798831128e-01
3.341322583457776996e-01 8.675162231588312567e-01 9.491113466970508838e-01 8.725723419429698424e-01 6.320348027667496149e-01 3.453825615682254990e-01 5.407621735452337042e-01 4.871913533249803141e-01 7.409946969907239556e-01 3.343409993557226456e-01 7.429633528311408996e-01 0.000000000000000000e+00 5.504792762473795786e-01 6.468191285890124709e-01 8.037661748958473407e-01 4.983853069498438426e-01 2.762961402342419270e-01 5.651164116654266989e-01 2.387710581877381943e-01 6.121219128200113824e-01 4.301930974150381393e-01 4.393259318760212584e-01 2.079736875335312374e-01 5.562157999884330684e-01 6.332012777956009808e-01
6.456905236879297849e-01 5.254839121277411484e-01 6.208402243037217660e-01 3.232446828363601532e-01 8.858295285297079769e-01 8.756853953989527373e-01 3.665393089222536704e-01 3.159045512156234969e-01 1.069823940792790085e+00 5.865326735063174368e-01 3.998822311106874361e-01 5.504792762473795786e-01 0.000000000000000000e+00 2.885546201368525132e-01 5.499389950152460127e-01 5.292174390351676028e-01 2.816824127232798181e-01 8.855244562054718216e-01 4.409854628312920299e-01 2.013684253646333411e-01 6.705964381783638961e-01 6.957907676651728934e-01 5.495323307545139091e-01 4.915365989935023827e-01 3.148338576585529291e-01
7.658098706826488300e-01 2.831739209636842114e-01 6.405142558177634449e-01 5.988019436308731347e-01 9.404113388072629087e-01 9.606579500676246663e-01 3.213747325070768213e-01 4.321393539276996432e-01 1.189943287787508908e+00 6.382295233050341299e-01 3.503166888663067913e-01 6.468191285890124709e-01 2.885546201368525132e-01 0.000000000000000000e+00 5.873274466705231678e-01 5.643284870052648339e-01 3.839590589301111745e-01 1.005643803200190867e+00 5.609078756846002101e-01 2.243719574549392082e-01 7.070633075302363846e-01 7.503725779427278253e-01 6.209797506148280188e-01 4.317044960325908676e-01 2.063480526564502315e-01
7.346961668960574343e-01 8.622815894656716829e-01 2.816597309746094457e-01 8.100389705288409958e-01 1.190855770375261580e+00 1.132606606517976733e+00 5.833112472312849128e-01 3.285228490035751459e-01 1.153211808814235573e+00 8.365070395366029921e-01 2.800577379332558348e-01 8.037661748958473407e-01 5.499389950152460127e-01 5.873274466705231678e-01 0.000000000000000000e+00 5.226011748603602847e-01 5.886425127727522577e-01 9.695590779306424434e-01 6.173758042249816169e-01 3.738143326868905714e-01 7.580926405409750268e-01 9.981468994845326126e-01 8.422598252457389467e-01 3.621179425954356712e-01 4.707777686463567868e-01
2.770851136884709409e-01 8.086804609111044595e-01 7.207942452715428994e-01 8.427336777915382937e-01 6.784121743561943862e-01 8.323314955494296452e-01 2.819430550382328038e-01 3.290060987447125385e-01 6.741724610375623428e-01 3.139058646762428184e-01 3.845928067927982807e-01 4.983853069498438426e-01 5.292174390351676028e-01 5.643284870052648339e-01 5.226011748603602847e-01 0.000000000000000000e+00 3.302393739696478647e-01 4.936442860836188218e-01 2.770462985353095431e-01 5.439975593316354052e-01 2.419957134549093059e-01 4.928315179201018248e-01 4.525314086852266215e-01 1.911978174166734101e-01 3.771493191307301318e-01
4.178471075700884163e-01 6.046561534999297383e-01 7.339876845739558009e-01 6.037754784188700263e-01 6.225202174189432558e-01 5.940029826756730857e-01 2.865053785409344966e-01 2.720676912018854532e-01 8.540548319161049839e-01 3.270201262459710989e-01 5.397483433033465339e-01 2.762961402342419270e-01 2.816824127232798181e-01 3.839590589301111745e-01 5.886425127727522577e-01 3.302393739696478647e-01 0.000000000000000000e+00 6.697553473287867210e-01 2.086842354997700821e-01 3.481404506649041775e-01 4.162895796479673116e-01 4.324814565544081724e-01 2.823369043075639184e-01 3.676863082207617039e-01 3.703412081366997399e-01
2.533879275912912510e-01 1.230336176201842102e+00 1.142737712708573827e+00 1.201457224924432632e+00 9.080498603243892797e-01 8.640010651085477944e-01 7.625610236447110113e-01 7.206451428725978436e-01 2.596142002138647764e-01 5.862972912482730115e-01 8.499070773090672271e-01 5.651164116654266989e-01 8.855244562054718216e-01 1.005643803200190867e+00 9.695590779306424434e-01 4.936442860836188218e-01 6.697553473287867210e-01 0.000000000000000000e+00 4.657808872560906255e-01 9.168017940560880819e-01 4.007089244094611535e-01 7.153409894336607566e-01 4.148027501131730244e-01 6.560294868499138010e-01 8.700889826453980236e-01
2.138726474973925151e-01 7.856002486862514456e-01 7.707017775365917478e-01 7.603656298726193530e-01 6.886883138876657151e-01 5.841536197559636934e-01 4.923761385961064052e-01 3.087817841645214001e-01 6.500803718434088330e-01 3.953392617644639895e-01 5.420043988213411046e-01 2.387710581877381943e-01 4.409854628312920299e-01 5.609078756846002101e-01 6.173758042249816169e-01 2.770462985353095431e-01 2.086842354997700821e-01 4.657808872560906255e-01 0.000000000000000000e+00 4.817442431569002870e-01 3.715257742442614752e-01 4.959794429969371921e-01 2.875283476397655913e-01 3.552568459786331068e-01 5.605998175828431629e-01
6.769678615385460452e-01 4.946626493012142300e-01 4.372922790760853107e-01 4.836501595227192807e-01 9.174424010396925455e-01 9.259607342986234668e-01 3.427109455562139528e-01 2.179411277614626830e-01 1.101101278643406012e+00 6.152605855374639887e-01 2.018331359723439800e-01 6.121219128200113824e-01 2.013684253646333411e-01 2.243719574549392082e-01 3.738143326868905714e-01 5.439975593316354052e-01 3.481404506649041775e-01 9.168017940560880819e-01 4.817442431569002870e-01 0.000000000000000000e+00 6.927353565789259315e-01 7.274036401751574621e-01 5.862825348458269303e-01 3.825473300951660049e-01 2.056489757644863470e-01
1.998860352689076636e-01 9.201520744786304551e-01 9.540255346241234280e-01 9.938411210147243269e-01 5.599976111878266494e-01 7.197627795773785531e-01 4.045273851045329550e-01 5.489265734186106194e-01 5.812370993634047300e-01 2.042201629583218214e-01 6.227281547378845650e-01 4.301930974150381393e-01 6.705964381783638961e-01 7.070633075302363846e-01 7.580926405409750268e-01 2.419957134549093059e-01 4.162895796479673116e-01 4.007089244094611535e-01 3.715257742442614752e-01 6.927353565789259315e-01 0.000000000000000000e+00 3.772182177912468681e-01 2.353408014157050698e-01 4.266892830972882078e-01 5.705698118211465220e-01
5.021198676124835059e-01 9.661456309401810216e-01 1.143492071285736378e+00 1.018870327302488610e+00 1.956381309026854198e-01 7.171319287534855258e-01 5.436351643202588235e-01 6.815720779136658081e-01 8.913632799496798986e-01 2.046574634578431084e-01 8.409770244257308569e-01 4.393259318760212584e-01 6.957907676651728934e-01 7.503725779427278253e-01 9.981468994845326126e-01 4.928315179201018248e-01 4.324814565544081724e-01 7.153409894336607566e-01 4.959794429969371921e-01 7.274036401751574621e-01 3.772182177912468681e-01 0.000000000000000000e+00 3.099695363574373475e-01 6.647850456847289591e-01 7.239731609861849160e-01
1.947836110617720828e-01 8.416768451846466936e-01 9.876049970469424899e-01 8.719233569255003813e-01 5.026784072481658150e-01 4.922958358346857799e-01 4.543337512424913682e-01 5.256850036748719202e-01 5.906810354384703921e-01 1.955309003897783560e-01 7.741795187241308218e-01 2.079736875335312374e-01 5.495323307545139091e-01 6.209797506148280188e-01 8.422598252457389467e-01 4.525314086852266215e-01 2.823369043075639184e-01 4.148027501131730244e-01 2.875283476397655913e-01 5.862825348458269303e-01 2.353408014157050698e-01 3.099695363574373475e-01 0.000000000000000000e+00 6.048447146343557401e-01 6.054380289906368118e-01
4.299261221583499659e-01 6.796144297386650379e-01 5.589624323472878187e-01 7.967846120853891989e-01 8.503657021208216316e-01 8.912881315014575812e-01 2.609536995438414553e-01 2.281450422733659888e-01 8.365576618038573775e-01 4.896578645662916229e-01 1.960388716405963017e-01 5.562157999884330684e-01 4.915365989935023827e-01 4.317044960325908676e-01 3.621179425954356712e-01 1.911978174166734101e-01 3.676863082207617039e-01 6.560294868499138010e-01 3.552568459786331068e-01 3.825473300951660049e-01 4.266892830972882078e-01 6.647850456847289591e-01 6.048447146343557401e-01 0.000000000000000000e+00 2.284142530644197866e-01
6.455679927245201455e-01 4.673135895874865886e-01 5.531849472039065407e-01 6.250811811525733841e-01 9.095538174222773664e-01 9.470400992742132873e-01 1.884228581220501741e-01 4.224940767742850767e-01 1.050617157599341711e+00 5.733472699419510654e-01 1.957760920798831128e-01 6.332012777956009808e-01 3.148338576585529291e-01 2.063480526564502315e-01 4.707777686463567868e-01 3.771493191307301318e-01 3.703412081366997399e-01 8.700889826453980236e-01 5.605998175828431629e-01 2.056489757644863470e-01 5.705698118211465220e-01 7.239731609861849160e-01 6.054380289906368118e-01 2.284142530644197866e-01 0.000000000000000000e+00
