0.000000000000000000e+00 1.433544732642483499e+00 1.355191331616226069e+00 9.172154180598057760e-01 1.056670268375766497e+00 8.708002076301425420e-01 6.871327684544644709e-01 5.369492985842488908e-01 1.018156604170352031e+00 9.149839816648300816e-01 4.610118987753344943e-01 5.960474761743762562e-01 8.242456923300007787e-01 3.489925522332294472e-01 7.100205226863556263e-01 2.782772257273188332e-01 7.891552178694035691e-01 6.107621238871214775e-01 2.320755765212675903e-01 1.216478137706623164e+00 1.130004199215502991e+00 6.636072517283984062e-01 4.754547718987733873e-01 8.785508386102895972e-01 5.142871219851889997e-01 4.649993838143937075e-01 9.699196786529361569e-01 6.828603036319559338e-01 8.097795860799631429e-01 2.407190139575244303e-01 7.557995472635037348e-01 1.826928304300811379e-01 4.376840557787567421e-01 5.199560776803926476e-01 6.099122526968556723e-01 1.570552458372380666e-01 7.206496822286635462e-01 3.632341925744879685e-01 7.961488946426393820e-01 6.726568267487141872e-01 9.271419552987559820e-01 8.496963635623191458e-01 3.708230466511376333e-01 4.759223114187390857e-01 8.622803949280147817e-01 5.841094403755570097e-01 6.492528991625808876e-01 9.342956884389354011e-01 1.320110134329795515e-01 5.909745133769623848e-01 1.315455248387113585e+00 9.077847321548342396e-01 2.542948075377974848e-01 1.244356237943933241e+00 2.722239630064003379e-01 1.010049954983980980e+00 3.597779241448939569e-01 8.428961749559422678e-01 1.125431176669435818e+00 7.416692188821182308e-01 4.535206385488878000e-01 8.170830689784436274e-01 7.846228470079723571e-01 1.726200313155163146e-01 5.518990199174118594e-01 5.805219490399839977e-01 7.888666391297837199e-01 6.184794071625465683e-01 1.661943211881314886e-01 7.116575934646043322e-01 1.074580392219974256e-01 4.914386225142253206e-01 7.775686294182312386e-01 9.348387584911230785e-01 7.691365397578912022e-01
1.433544732642483499e+00 0.000000000000000000e+00 1.318878178285256109e+00 1.457434933663873222e+00 9.015807410621463625e-01 1.495975294434350511e+00 8.836617542816476156e-01 1.004627195262767669e+00 4.513924889322788458e-01 8.855876807182518906e-01 1.092709077649112626e+00 1.161461265960973988e+00 7.942887955389430488e-01 1.224178666657030456e+00 7.336204821551388644e-01 1.526703408535397655e+00 8.044022628860574287e-01 9.865195823084420557e-01 1.207732935748394798e+00 2.283634114802763904e-01 1.092129515866434142e+00 1.279886360357709085e+00 9.626268030017612887e-01 6.411756728365689550e-01 9.565598233634899916e-01 1.150468133629281686e+00 6.449818576827379690e-01 9.707883376869990144e-01 6.973924723216406996e-01 1.348072401813463550e+00 1.302374189823906070e+00 1.447209721982698039e+00 1.127714345612621072e+00 1.057382974961821986e+00 8.298226500028751396e-01 1.513977262834881099e+00 8.659766211017567716e-01 1.089987965516627355e+00 7.969848924204214757e-01 8.208951813633722505e-01 7.827204532686480309e-01 8.293073625140658933e-01 1.066425742748118299e+00 1.044556326234305610e+00 7.269073390942790702e-01 8.496895779278574867e-01 8.902329211027812939e-01 5.145507132312080456e-01 1.329989624974793339e+00 1.094194738769816766e+00 1.311350442668626493e-01 6.270040064953003034e-01 1.236632051185697634e+00 1.212248379547610444e+00 1.224231973099311643e+00 9.707315949559591761e-01 1.089404982924314425e+00 1.381247616218014507e+00 3.263108792664516922e-01 7.750234043401234008e-01 1.148232120004470058e+00 6.183835614675841086e-01 1.413374201184013357e+00 1.427954784182047687e+00 1.156635573547261986e+00 1.035927325943851063e+00 6.794325697462328950e-01 9.502018556786191450e-01 1.320883447131748767e+00 9.047916815192305062e-01 1.539583534773827811e+00 9.754287023324630379e-01 8.682253798740549033e-01 5.599232078105091936e-01 7.673966818004853696e-01
1.355191331616226069e+00 1.318878178285256109e+00 0.000000000000000000e+00 1.485528804369651290e+00 8.932125230031144891e-01 1.467144108300979077e+00 1.078038008641758916e+00 8.927964826481730176e-01 8.773450328203420412e-01 4.513269492772953306e-01 1.071460483049816892e+00 1.189555136666751611e+00 9.735929531975889839e-01 1.209576813942648599e+00 7.622283483462740650e-01 1.441979428266452201e+00 6.992723933682857274e-01 1.192635518243466253e+00 1.136463916790642070e+00 1.098174868507430624e+00 2.272375015778435037e-01 1.251060275661178389e+00 9.088514674022679651e-01 8.398775261668934844e-01 1.001566579467785489e+00 1.075016900848758006e+00 8.056967104077392694e-01 9.996407218755022361e-01 6.247488959778909612e-01 1.259210462935404173e+00 1.330468060529684138e+00 1.362666150899193740e+00 1.136854487366153910e+00 1.199137430574932717e+00 7.452790789193705079e-01 1.456502185988898912e+00 8.472874736242119731e-01 1.005444394433122612e+00 1.007733845854516197e+00 9.337279169241365917e-01 7.754397623334721157e-01 5.556688641517382177e-01 1.054991241672755597e+00 1.007956928268756158e+00 8.396308422571555630e-01 8.621035091389720462e-01 7.678899135781338536e-01 8.258629779118304981e-01 1.259795084756041073e+00 1.122288609475594168e+00 1.200788694029886194e+00 7.319143165483779079e-01 1.226563160947827802e+00 1.239189538176146688e-01 1.135370034221252045e+00 3.501729882840136643e-01 1.031356621597657064e+00 1.409341486923792797e+00 9.984108695949093226e-01 6.285738204008368690e-01 1.186357410615223040e+00 7.162521690989120948e-01 1.384321979769342681e+00 1.375487133351056546e+00 1.127809488850730180e+00 1.045857246523557382e+00 8.485393137357504223e-01 1.061874440284746424e+00 1.236339876048244912e+00 1.030479958885959668e+00 1.461230133747570381e+00 8.886051310818020577e-01 9.299869834111137434e-01 8.470108806022166315e-01 9.617729361605968919e-01
9.172154180598057760e-01 1.457434933663873222e+00 1.485528804369651290e+00 0.000000000000000000e+00 1.241863550339589395e+00 1.105615265154556104e+00 6.852568024755787413e-01 9.111291912211878508e-01 1.042046805191741088e+00 1.046594955255396142e+00 6.826559964024374594e-01 3.436543470733223193e-01 9.981785067749675555e-01 6.821590488221818127e-01 7.507046607755477607e-01 9.897747197519608520e-01 1.004134796800832730e+00 8.093420943685298852e-01 7.032131588401493438e-01 1.240368338728012887e+00 1.258358019867765965e+00 8.959354759879420982e-01 7.074652203948157414e-01 8.785885134126498741e-01 5.021914348968655739e-01 8.475526743498651427e-01 1.076836564611207248e+00 1.022056219000307964e+00 9.262572952659293701e-01 8.128061706699122313e-01 1.758741620907097736e-01 9.557550915436174854e-01 5.114108282028110297e-01 6.460566949934927194e-01 7.742364026342227756e-01 9.689885924296081088e-01 1.029946972686619944e+00 7.985045361646943007e-01 8.561836697609879199e-01 6.551775731306059836e-01 1.125372044463287979e+00 1.018256118270385979e+00 5.634259709043871744e-01 6.859625299986209512e-01 1.060747626948262301e+00 6.234252952306786888e-01 9.066871416478126111e-01 9.581858894603247911e-01 7.905918827448479291e-01 3.632401948940567893e-01 1.339345449408503086e+00 1.005352694616101550e+00 6.754509193694766545e-01 1.374732858923351841e+00 8.016731202233309261e-01 1.138403775636244175e+00 6.820407841009964445e-01 1.220846912782175414e-01 1.149321377690825319e+00 8.973834132204385750e-01 7.313156044386681653e-01 8.715827031406500058e-01 1.018766852336090434e+00 8.816167260372889114e-01 7.766471747454939401e-01 9.069539174496534795e-01 7.889043139321441078e-01 5.769953607569744403e-01 8.409731308923860116e-01 9.688270072206590644e-01 1.008222870518254988e+00 7.971505637297771063e-01 1.076408000635292073e+00 9.571568654483328942e-01 7.499483727547866518e-01
1.056670268375766497e+00 9.015807410621463625e-01 8.932125230031144891e-01 1.241863550339589395e+00 0.000000000000000000e+00 1.235777261453600229e+00 6.969842607143398316e-01 5.388804229503691978e-01 4.502046013496174837e-01 5.030789699585216379e-01 8.379435035222760897e-01 9.458898826366893831e-01 4.551726140036229662e-01 8.782721774087162148e-01 4.982983353514617297e-01 1.117801697856162901e+00 2.781654606377282346e-01 6.897835681216940573e-01 8.442065000700124111e-01 6.781780751028412269e-01 6.678874094443555398e-01 1.019688327376959691e+00 6.568777778669582235e-01 4.662781956345115053e-01 7.499376383944985625e-01 6.874823056163643642e-01 2.954347205811571619e-01 5.300709550227963307e-01 3.335074371075794630e-01 9.350327325251149846e-01 1.086802806499622465e+00 1.058291676827856742e+00 9.012354854214903455e-01 8.256766966920223716e-01 5.071184337257921282e-01 1.156387622026422202e+00 3.890397623005237282e-01 6.934360758012788617e-01 5.594954888283455441e-01 6.423626290880590783e-01 1.473785049464431118e-01 3.690149931108168135e-01 8.193722397280919223e-01 7.776809181770245605e-01 3.186178142813773650e-01 6.184382551089103730e-01 4.093380276015615715e-01 4.499859547118784664e-01 9.613589731654447190e-01 8.786233554455324946e-01 7.843449416298170496e-01 2.769011786474523951e-01 9.505560024799718510e-01 7.866789414849413298e-01 8.111923038109628559e-01 5.454247678686067191e-01 7.697954453293514021e-01 1.165676232893730679e+00 5.759374278134962166e-01 4.044474605464323247e-01 8.085755040429029039e-01 3.908052933866528744e-01 1.154045969677611083e+00 1.051309402940767024e+00 8.964375405665114815e-01 6.327144336623036214e-01 5.023291268189452596e-01 7.738716003806631605e-01 9.314285846825135495e-01 5.276280087641879168e-01 1.162709070507111031e+00 5.762732655354303457e-01 4.341515501924460008e-01 4.156791744120944543e-01 6.008671478817013689e-01
8.708002076301425420e-01 1.495975294434350511e+00 1.467144108300979077e+00 1.105615265154556104e+00 1.235777261453600229e+00 0.000000000000000000e+00 8.508106995277494589e-01 8.113823268515715226e-01 1.080587165962218821e+00 1.027642402883806261e+00 4.266640631719097465e-01 7.859602801630231061e-01 1.133267721580588638e+00 7.679479150584518354e-01 7.702371808811846465e-01 9.884488156846035212e-01 9.667135847718025810e-01 9.964807174726132422e-01 6.419945704184181201e-01 1.278908699498490176e+00 1.241956975900255555e+00 2.233371235870717508e-01 5.964681511962762750e-01 9.512139197744801100e-01 6.419154385806711272e-01 8.330351167299377968e-01 1.123416854590204794e+00 9.921494549295039045e-01 9.162732565658496808e-01 8.233466879305331165e-01 9.463206443351407371e-01 8.978921562004541501e-01 7.003143884465646840e-01 8.419871999337925628e-01 7.368151906051928490e-01 9.673034430078364387e-01 9.540618431484414463e-01 6.688700451662145108e-01 1.016653646808852951e+00 7.808371363985878721e-01 1.114543651566163307e+00 9.907704691251640883e-01 5.644824695453670715e-01 4.591871800322231412e-01 1.081503306998082170e+00 6.473869431921618345e-01 8.513473448987022296e-01 9.978274769164706681e-01 7.721679774602122626e-01 7.516127992427731330e-01 1.377885810178980375e+00 1.009056962299764937e+00 7.114337211596152288e-01 1.356309014628686027e+00 7.196596351272629422e-01 1.122002731668733544e+00 5.332693911296126910e-01 1.028769013662675480e+00 1.187861738461302386e+00 8.743291550192578976e-01 8.598507308473516408e-01 8.915255137706842303e-01 1.193569351432446912e-01 8.812809643550033600e-01 3.393397208870890802e-01 9.362515315770164603e-01 8.610048147587961997e-01 7.536531067068842349e-01 7.779468832056427585e-01 1.066843565677408678e+00 9.768390097614862988e-01 6.961542119387679195e-01 1.038601644284598224e+00 9.983705469686584566e-01 8.858065264855826682e-01
6.871327684544644709e-01 8.836617542816476156e-01 1.078038008641758916e+00 6.852568024755787413e-01 6.969842607143398316e-01 8.508106995277494589e-01 0.000000000000000000e+00 5.460727392436315331e-01 4.675229075439987780e-01 6.415309877730562826e-01 4.376868473871549647e-01 3.956218377157756927e-01 3.417721244294169569e-01 3.479808940716067056e-01 3.201553577230514813e-01 7.178732327587674655e-01 5.795305680103349788e-01 2.338063801234786798e-01 4.973258408005433173e-01 6.665951593457866142e-01 8.512893462229370600e-01 6.347217654511082552e-01 4.079195021634972051e-01 2.511584186658140094e-01 2.088952609470781652e-01 3.784862216383133027e-01 4.399411928559243123e-01 4.363731784149982862e-01 4.835908271037835937e-01 5.285252043959591806e-01 5.291172480329597860e-01 6.978713451212092966e-01 2.936969988900366979e-01 1.741091301428724369e-01 4.366889327774455820e-01 7.230650810436428655e-01 5.161587463152516042e-01 4.943089857853041891e-01 1.921341683659783528e-01 1.481086559512135026e-01 5.753428105351289235e-01 6.188416002632324275e-01 3.484287810380780614e-01 4.162468534231432704e-01 3.966981255532530115e-01 2.705865500535515888e-01 5.736353161742393514e-01 3.805713041648485784e-01 5.597574947005978796e-01 3.233483080862294412e-01 7.655722700262763691e-01 4.550262945390933789e-01 4.349516241982991360e-01 9.696688914410126481e-01 4.533406780145303183e-01 7.298914253124618723e-01 4.533514586904532351e-01 6.102584178244712110e-01 5.713247191252053270e-01 5.073228417748801844e-01 2.749848991430171585e-01 3.617858395428473206e-01 7.672708649654425006e-01 6.295910792687413604e-01 5.114709786406604897e-01 3.813833600451753125e-01 2.409246518476270416e-01 1.133453617229097377e-01 5.739162600755080001e-01 3.268753925659576010e-01 7.707047702906120179e-01 4.841097112244250322e-01 4.344563859805906092e-01 3.530747472814453336e-01 1.162650724811622044e-01
5.369492985842488908e-01 1.004627195262767669e+00 8.927964826481730176e-01 9.111291912211878508e-01 5.388804229503691978e-01 8.113823268515715226e-01 5.460727392436315331e-01 0.000000000000000000e+00 5.795105512501330658e-01 4.486759325905827489e-01 4.263611083134046797e-01 6.151555235182882830e-01 3.554156277612274817e-01 3.393917544583470725e-01 3.512733071831324327e-01 5.883463286451545704e-01 2.811850178107778708e-01 3.122663591201527700e-01 3.306001676449439874e-01 7.875606003269066679e-01 6.701053158737048099e-01 6.001818435803778495e-01 2.214931975454119961e-01 5.149898926702315416e-01 4.271669663193227162e-01 1.969054992334232645e-01 4.388851435360995867e-01 2.019928522649969971e-01 3.519413988939132376e-01 4.027881449822277027e-01 7.560684473812211426e-01 5.338227515887664643e-01 4.926970230195585887e-01 4.077564754786091039e-01 1.870031316175169156e-01 6.199358408942254872e-01 1.837003836444145999e-01 1.756791277482340763e-01 4.908443558582657462e-01 4.648103581941544493e-01 4.093521098733587937e-01 3.756787354993731953e-01 4.144457148522506795e-01 3.553386274470418105e-01 3.253310963437658354e-01 3.274122738800541721e-01 1.412826991039551061e-01 5.116119948893420588e-01 4.416380033739267796e-01 5.478889963271312835e-01 8.865377110073965339e-01 4.481093181031929884e-01 4.141042213477749701e-01 7.832288054487873685e-01 2.821161185464961529e-01 5.518941226332991778e-01 2.951368898509489358e-01 8.349418737753298014e-01 6.965136392897197659e-01 2.676515908191722803e-01 3.082460089998881325e-01 3.957449592816471018e-01 7.285297953704750196e-01 5.190648153978798529e-01 4.765450075374920158e-01 1.646893791984561928e-01 4.784639214806097884e-01 5.266646068705057582e-01 4.069656071652140161e-01 2.842328722500844229e-01 6.429881007155928696e-01 1.152281149128037280e-01 2.474452506514238648e-01 4.897537969356612342e-01 5.382429669633178593e-01
1.018156604170352031e+00 4.513924889322788458e-01 8.773450328203420412e-01 1.042046805191741088e+00 4.502046013496174837e-01 1.080587165962218821e+00 4.675229075439987780e-01 5.795105512501330658e-01 0.000000000000000000e+00 4.581541953562989766e-01 6.773209491769804913e-01 7.460731374888417422e-01 3.548687297615248926e-01 8.080398199193820075e-01 3.182323536830070632e-01 1.111315280063265964e+00 3.530261231735291050e-01 5.554054537747502573e-01 7.923448072762629968e-01 2.333029102091007390e-01 6.505963704015198523e-01 8.644982318855777281e-01 5.472386745296292654e-01 2.250368260989207836e-01 5.411716948913579683e-01 7.110480678518632525e-01 1.962174841148767168e-01 5.313682719095808027e-01 2.554301781292558360e-01 9.326842733413319708e-01 8.869860613517747128e-01 1.031821593510566348e+00 7.123262171404889376e-01 6.386267727739753930e-01 4.144345215307429497e-01 1.098589134362749187e+00 4.265565553243383934e-01 6.745998370444951098e-01 3.658707638867300660e-01 4.055070528912402272e-01 3.313443135561192077e-01 3.837649581819029820e-01 6.510376142759860540e-01 6.291681977621733646e-01 2.874872733168609695e-01 4.343014494557254079e-01 4.651162770901465238e-01 1.306422928027667907e-01 9.146014965026617594e-01 6.788066102976846317e-01 3.351687921854326624e-01 1.756278667827721740e-01 8.212439227135660547e-01 7.713514607079919871e-01 8.088438446271799531e-01 5.291984494910448866e-01 6.740168544521822902e-01 9.658594877458828165e-01 1.262015552205939251e-01 3.498464138731131046e-01 7.171179914707780378e-01 2.029954329954527514e-01 9.979860727118815555e-01 1.012566655709915997e+00 7.412474450751297406e-01 5.965072601664326291e-01 2.640444412741012603e-01 5.340630089409703629e-01 9.054953186596172987e-01 4.653716157418122390e-01 1.124195406301695899e+00 5.600405738603310146e-01 4.288053140966366361e-01 1.205031420330917868e-01 3.512578350628366430e-01
9.149839816648300816e-01 8.855876807182518906e-01 4.513269492772953306e-01 1.046594955255396142e+00 5.030789699585216379e-01 1.027642402883806261e+00 6.415309877730562826e-01 4.486759325905827489e-01 4.581541953562989766e-01 0.000000000000000000e+00 6.319587776326432982e-01 7.506212875524965744e-01 5.632834800362721550e-01 7.654562638850583856e-01 3.232944992320193611e-01 9.978588782088620990e-01 2.795779771650044321e-01 7.517590946191199386e-01 6.962565668392457496e-01 6.685210857823908892e-01 2.332750139361985386e-01 8.115585702440050175e-01 4.686441174508717000e-01 4.065870285998890998e-01 5.626327303535308966e-01 6.308963507911680146e-01 4.155631573631458076e-01 5.605144934953959490e-01 2.065472115923371044e-01 8.150899128778139602e-01 8.915342114154293229e-01 9.224588009477977524e-01 6.973527819489805379e-01 7.602035814606776798e-01 3.050717289679741873e-01 1.016294836037502591e+00 4.143115481861220362e-01 5.652370444817261808e-01 5.744433482875118679e-01 4.947940678098819989e-01 3.853062092888791534e-01 1.495862109953997598e-01 6.154895362555820038e-01 5.684552228515830086e-01 4.494972892125626007e-01 4.231696600247175089e-01 3.262147817520000825e-01 3.925724803448260580e-01 8.195877348046449740e-01 6.833547603613395749e-01 7.674981964628806441e-01 3.303523006090563485e-01 7.870614555306539861e-01 3.400300349354627993e-01 6.912494841636619425e-01 1.294063148602779822e-01 5.911492716462607433e-01 9.704076378095378708e-01 5.774741247452038762e-01 1.868986885747031812e-01 7.422368605576329381e-01 2.819841867907517119e-01 9.448202743521695313e-01 9.313665832934657773e-01 6.883077834335568079e-01 6.041821146974235557e-01 4.100089440572889932e-01 6.229405911704913867e-01 7.961325260968487028e-01 6.071535057387824619e-01 1.021022783796173394e+00 4.444845810242117889e-01 5.018384498678979400e-01 4.137203830352123024e-01 5.275049538524368975e-01
4.610118987753344943e-01 1.092709077649112626e+00 1.071460483049816892e+00 6.826559964024374594e-01 8.379435035222760897e-01 4.266640631719097465e-01 4.376868473871549647e-01 4.263611083134046797e-01 6.773209491769804913e-01 6.319587776326432982e-01 0.000000000000000000e+00 3.630010114109044617e-01 7.510727446995476564e-01 3.484812620150030127e-01 3.669709640959464836e-01 5.723706866241546898e-01 5.712690150484022178e-01 5.831344988229455462e-01 2.322062615636101557e-01 8.756424827132514022e-01 8.462733506490931479e-01 2.218698630165612529e-01 2.196896547393852872e-01 5.479477029892418916e-01 2.287915864400767718e-01 4.302544994739450068e-01 7.201506378049662427e-01 6.037503511475353912e-01 5.205896313146869403e-01 4.142263409477013880e-01 5.233613755830220926e-01 4.881038473456459914e-01 2.773551196944459840e-01 4.286409812841247002e-01 3.413706208817924304e-01 5.478367899643878935e-01 5.718668662674001313e-01 2.666101909673245229e-01 6.035297946682584014e-01 3.739133783518436283e-01 7.190990818427628328e-01 5.953258994017637251e-01 1.433522487696377301e-01 1.397154200680989222e-01 6.993083301170412991e-01 2.441207264069237826e-01 4.630810656248539603e-01 5.945612601312326717e-01 3.595498233791670772e-01 3.308463776387551292e-01 9.746195933937412681e-01 6.112232043684402427e-01 2.919670681161665726e-01 9.606253893775239527e-01 3.121684037422814972e-01 7.263191064175710254e-01 1.312242184624558272e-01 6.058097449105566135e-01 7.845955216760646111e-01 4.788845852958575344e-01 4.500680810056431058e-01 4.936917558393597583e-01 3.397272373336311380e-01 4.618143113115549814e-01 1.177273986021901558e-01 5.374160261442419984e-01 4.577385979735580368e-01 3.405292545662897408e-01 3.681585743508347108e-01 6.680080602446343274e-01 5.670507009066784176e-01 3.226036674914239955e-01 6.564066674035572424e-01 5.951043301834203492e-01 4.788827684388385353e-01
5.960474761743762562e-01 1.161461265960973988e+00 1.189555136666751611e+00 3.436543470733223193e-01 9.458898826366893831e-01 7.859602801630231061e-01 3.956218377157756927e-01 6.151555235182882830e-01 7.460731374888417422e-01 7.506212875524965744e-01 3.630010114109044617e-01 0.000000000000000000e+00 7.085435420151648955e-01 3.650875939148762739e-01 4.547309930726478044e-01 6.715036763152105737e-01 7.081611290979331619e-01 5.113767983699170072e-01 3.820452169547194909e-01 9.443946710251127641e-01 9.623843521648663968e-01 5.811080876580468901e-01 4.003644388180385150e-01 5.833875206115572976e-01 2.069904420957726920e-01 5.342597323459056247e-01 7.816355718101141159e-01 7.173854755971056374e-01 6.302836275630296914e-01 4.946820097886298062e-01 1.800336612570448414e-01 6.345871496581878546e-01 1.959396187915545540e-01 3.464338782202415201e-01 4.782627349313231524e-01 6.507175489928579415e-01 7.339733049837200429e-01 4.773365942792646699e-01 5.679735188572895277e-01 3.618454354684557672e-01 8.293983767603884116e-01 7.222824505674861895e-01 2.437709859128541212e-01 3.725116292714928390e-01 7.725374760445643529e-01 3.274516275277791211e-01 6.107134739449127103e-01 6.622122217574252234e-01 4.723208393080977618e-01 1.296613422683413341e-01 1.043371781705602963e+00 7.093790269132017601e-01 3.573267584881943959e-01 1.078759191220452829e+00 4.838046696144974179e-01 8.424301079333442743e-01 3.623857991094634468e-01 2.673812868206497106e-01 8.533477099879254180e-01 6.014097455175386742e-01 4.221464403522591780e-01 5.756090354377504381e-01 6.991118673445576581e-01 5.633456826005385221e-01 4.631962740183657723e-01 6.022831740464519301e-01 4.937033211310513647e-01 2.893193758923726655e-01 5.198051890069564918e-01 6.758412884887783356e-01 6.899518270815049314e-01 5.011768960268773165e-01 7.845822422431140142e-01 6.613737430383157534e-01 4.566162350926365465e-01
8.242456923300007787e-01 7.942887955389430488e-01 9.735929531975889839e-01 9.981785067749675555e-01 4.551726140036229662e-01 1.133267721580588638e+00 3.417721244294169569e-01 3.554156277612274817e-01 3.548687297615248926e-01 5.632834800362721550e-01 7.510727446995476564e-01 7.085435420151648955e-01 0.000000000000000000e+00 5.118814400649844831e-01 4.102298183712672630e-01 8.506291658324498517e-01 2.837055028712676674e-01 2.392784481705461930e-01 6.482536915040332248e-01 5.837474575316292658e-01 7.482678396388301456e-01 9.190969950856638926e-01 5.376694154804104731e-01 2.162359443145250859e-01 5.243761642916203725e-01 3.610761727207242311e-01 2.477926903818767901e-01 1.949876232627619499e-01 4.101550581245442251e-01 6.608893120009174948e-01 8.420389523323486003e-01 8.071702701218921305e-01 5.599685292213345544e-01 3.746001005650881899e-01 4.281557081042171031e-01 8.687972064906052116e-01 1.857336553688207770e-01 5.174077866545622184e-01 1.496379560634386041e-01 4.031177735441614507e-01 3.293131583552217911e-01 4.281577464333387595e-01 6.639096843826203243e-01 6.745101660175543135e-01 1.373433741090947235e-01 5.080805631598883654e-01 2.952705491205342425e-01 2.989308690784957534e-01 7.193897295195479380e-01 6.362700123856183110e-01 6.773814317854441880e-01 3.471468179080406391e-01 6.266674217439829331e-01 8.670593716794157135e-01 5.544131176630038293e-01 6.258051980630809918e-01 6.366937520523779925e-01 9.231801221238600252e-01 4.702796566679164347e-01 3.873992156210983029e-01 3.919063298675500295e-01 3.163170318983231089e-01 1.050415190099492246e+00 7.687260105197705196e-01 7.954601590427781144e-01 2.453563530408380822e-01 3.071628049595895860e-01 4.288262650674519172e-01 6.818720323550128137e-01 1.153584900918210310e-01 9.259044075126918738e-01 4.424232392832955774e-01 1.193980353214817713e-01 2.343655877284331890e-01 2.981483834571665437e-01
3.489925522332294472e-01 1.224178666657030456e+00 1.209576813942648599e+00 6.821590488221818127e-01 8.782721774087162148e-01 7.679479150584518354e-01 3.479808940716067056e-01 3.393917544583470725e-01 8.080398199193820075e-01 7.654562638850583856e-01 3.484812620150030127e-01 3.650875939148762739e-01 5.118814400649844831e-01 0.000000000000000000e+00 5.562503726328388298e-01 3.702477532577574948e-01 6.138933089663642928e-01 2.730480552845369058e-01 2.456088500552167098e-01 1.007112071721169677e+00 9.868856471681805020e-01 5.613979571175100602e-01 3.827556285629097332e-01 5.940351465483286741e-01 3.177207185232368558e-01 2.024988425235723644e-01 7.498383447119074674e-01 4.291189450499041103e-01 6.687217301883888743e-01 1.808997248949492376e-01 5.214625013408622500e-01 3.547516069581337361e-01 1.742546452764690279e-01 1.799695813762171859e-01 4.773481668046182236e-01 3.794595332799882703e-01 4.967353183703916431e-01 2.304903541131327893e-01 4.533056665454055500e-01 4.291706618399990791e-01 7.487438643317056997e-01 6.924590667938488320e-01 2.238052472447549235e-01 4.043299413963934996e-01 6.383660310697427676e-01 4.227321186790060081e-01 4.739909902595416114e-01 7.210882165402315858e-01 2.216172784793628003e-01 3.633448775360259009e-01 1.106089182401660098e+00 7.752206462625967909e-01 1.267425230871102870e-01 1.100009136743262728e+00 1.265069198013517304e-01 8.686744539277747590e-01 2.961851006293322874e-01 6.082127550358116252e-01 9.118416315005885009e-01 5.844319221136478060e-01 1.213202721114124555e-01 6.822669152108867818e-01 6.813894953999477533e-01 2.824685338263385193e-01 4.510265608465833798e-01 3.085455597468783062e-01 5.612780779889172678e-01 2.969517319733444571e-01 2.307965219124321621e-01 4.202722629582820724e-01 4.323345506717499731e-01 3.409086658604886244e-01 5.319030829074341549e-01 6.959514751639598318e-01 4.567819848565453644e-01
7.100205226863556263e-01 7.336204821551388644e-01 7.622283483462740650e-01 7.507046607755477607e-01 4.982983353514617297e-01 7.702371808811846465e-01 3.201553577230514813e-01 3.512733071831324327e-01 3.182323536830070632e-01 3.232944992320193611e-01 3.669709640959464836e-01 4.547309930726478044e-01 4.102298183712672630e-01 5.562503726328388298e-01 0.000000000000000000e+00 8.138935127558138971e-01 3.161795613896800639e-01 5.449471605557820730e-01 4.839544401313357058e-01 5.165538872192781961e-01 5.350575638443890725e-01 5.541482468045436649e-01 2.423442652987485013e-01 2.072586871678308851e-01 2.560142654986318766e-01 5.196679752366318850e-01 3.683371214053945963e-01 5.210485881686819365e-01 1.933726698936329425e-01 6.352625060338800145e-01 5.956439169355808305e-01 7.336640770170015369e-01 4.168042309483210306e-01 4.476834498625866798e-01 1.642701755656155727e-01 7.920944907852488504e-01 3.995504007596178964e-01 3.771780697370433200e-01 3.617006633411831151e-01 1.734184377598771143e-01 3.818068294751604252e-01 3.006051117221956170e-01 3.483997003017622052e-01 3.188182126811391903e-01 3.701211587170153416e-01 1.335182539538325719e-01 2.871064066252927427e-01 2.363354333877480673e-01 6.064654150186654658e-01 3.874644658814907494e-01 6.155309978997680620e-01 2.610513215994252900e-01 5.199716195768341320e-01 6.514324028999751715e-01 5.114220773197279968e-01 4.151033196128671166e-01 3.636668693711483380e-01 6.745173433296891563e-01 4.255069261820909055e-01 1.890863532338432629e-01 5.633418296188812402e-01 1.306242320095789000e-01 6.876360876308473813e-01 7.060720121324157716e-01 4.308974599940955663e-01 5.159626863815888198e-01 1.407516709387224008e-01 3.038183051221072795e-01 6.080735513521653424e-01 5.255883084630882385e-01 8.160593248176994940e-01 2.751725843002915117e-01 4.870773024413936336e-01 2.412696759761033816e-01 2.185971986287818802e-01
2.782772257273188332e-01 1.526703408535397655e+00 1.441979428266452201e+00 9.897747197519608520e-01 1.117801697856162901e+00 9.884488156846035212e-01 7.178732327587674655e-01 5.883463286451545704e-01 1.111315280063265964e+00 9.978588782088620990e-01 5.723706866241546898e-01 6.715036763152105737e-01 8.506291658324498517e-01 3.702477532577574948e-01 8.138935127558138971e-01 0.000000000000000000e+00 8.502866473498001954e-01 6.303295114498399521e-01 3.542796281929722069e-01 1.309636813599537319e+00 1.216972705051170056e+00 7.812558597828594964e-01 5.725222147747665025e-01 9.596381028726534979e-01 6.076102683470225863e-01 4.948594627704773763e-01 1.027231472181254324e+00 7.200449583829655609e-01 8.967480919156303187e-01 1.923927675521020508e-01 8.290781722706412893e-01 1.754240974082898197e-01 4.994129186194718462e-01 5.437641026158950286e-01 6.968807585325228482e-01 1.568537624167953559e-01 7.720467122895692258e-01 4.408534016278852774e-01 8.171001877850834205e-01 7.659799731105477738e-01 9.882733847791526083e-01 9.248616811176525454e-01 4.743327887173503510e-01 5.911654823158689620e-01 9.136774249889204613e-01 6.899344843556057816e-01 7.103843286429775139e-01 1.033688208161971822e+00 2.371170259688858417e-01 6.762273935004856629e-01 1.408613924280027518e+00 9.947532379905013045e-01 3.158148831369926302e-01 1.331324743779600306e+00 3.066093940452006561e-01 1.097018460819647823e+00 4.741987040257585884e-01 9.158284259655907755e-01 1.218589852562349973e+00 8.168345364374517414e-01 4.696119824740299653e-01 9.149825641842159740e-01 9.022714550624333363e-01 1.179277083271390442e-01 6.695476279718730606e-01 6.091760834909888400e-01 8.885426404851362037e-01 6.624853611883285698e-01 2.186409537307412998e-01 7.403117279156091746e-01 2.737011757536345069e-01 5.690578315676225740e-01 8.205766689590621166e-01 1.039805185343287697e+00 8.270297381143025817e-01
7.891552178694035691e-01 8.044022628860574287e-01 6.992723933682857274e-01 1.004134796800832730e+00 2.781654606377282346e-01 9.667135847718025810e-01 5.795305680103349788e-01 2.811850178107778708e-01 3.530261231735291050e-01 2.795779771650044321e-01 5.712690150484022178e-01 7.081611290979331619e-01 2.837055028712676674e-01 6.138933089663642928e-01 3.161795613896800639e-01 8.502866473498001954e-01 0.000000000000000000e+00 4.933631248751803033e-01 5.720599855381700571e-01 5.809995969267528482e-01 4.751125093217861695e-01 7.508688076597639371e-01 3.787123172292302109e-01 3.563218986344464101e-01 5.201725718989673730e-01 4.421494230104956458e-01 2.021653870503026251e-01 3.086133746524417076e-01 1.937217977991091133e-01 6.675176820187519455e-01 8.490740529608660214e-01 7.907766263214933700e-01 6.491101585103182803e-01 6.411284730192956527e-01 2.298983941666098429e-01 8.888725715200592736e-01 1.580829959365489534e-01 4.259210252949158226e-01 4.125527068657907082e-01 4.856976143952828617e-01 1.487754878729065366e-01 1.444522435620711476e-01 5.672469128169197461e-01 5.075264047395795508e-01 1.828324424570819395e-01 3.960421883943905930e-01 1.399023187068228202e-01 3.440697109678295673e-01 6.938439226590815689e-01 6.408946019067760513e-01 6.864448984912686624e-01 1.773982563907569032e-01 6.830409519736088120e-01 5.927388118501124570e-01 5.436772533046000389e-01 3.526498677460368492e-01 4.916299846916231675e-01 9.279474793549742362e-01 4.787589496374080045e-01 1.342634007136145891e-01 5.632426214370341855e-01 2.795092473998018745e-01 8.838914562401660735e-01 7.837943524344038737e-01 6.276180208493157275e-01 3.916596509222419198e-01 3.962784085624954100e-01 6.096398234688716888e-01 6.639135341761503994e-01 3.312075655176739408e-01 8.951940200007479920e-01 3.087582150290672511e-01 2.307145900428281549e-01 3.119421552590735391e-01 4.949509041376525253e-01
6.107621238871214775e-01 9.865195823084420557e-01 1.192635518243466253e+00 8.093420943685298852e-01 6.897835681216940573e-01 9.964807174726132422e-01 2.338063801234786798e-01 3.122663591201527700e-01 5.554054537747502573e-01 7.517590946191199386e-01 5.831344988229455462e-01 5.113767983699170072e-01 2.392784481705461930e-01 2.730480552845369058e-01 5.449471605557820730e-01 6.303295114498399521e-01 4.933631248751803033e-01 0.000000000000000000e+00 4.493895077715471809e-01 7.742504621867315473e-01 9.684756341969666948e-01 7.803917833959723716e-01 4.852237701265451619e-01 3.742640407729038721e-01 3.596761091356119322e-01 2.011549657219361686e-01 4.767902894273705616e-01 2.302217937595060770e-01 6.081545000444980031e-01 4.386927757209887480e-01 6.530627835348398191e-01 5.927997799923245825e-01 3.402336980577430614e-01 1.726334639316274011e-01 4.992694907376697411e-01 6.429217028564337966e-01 3.783480009819671919e-01 3.531413985541785316e-01 2.117272641807424471e-01 3.729004587839441776e-01 5.611260758175808938e-01 6.378153684372515064e-01 4.659503708589389781e-01 5.619168713680070537e-01 3.766218222796408610e-01 4.725678284383063033e-01 4.255443128671200781e-01 4.836185582194159061e-01 4.885160096279038688e-01 4.474335999791805851e-01 8.696122185549431949e-01 5.748093182873321716e-01 3.878340369635354667e-01 1.086101936725292871e+00 3.409295492201246947e-01 8.460129926212172080e-01 4.722532853889356841e-01 7.343437097174223549e-01 6.634355680040410208e-01 5.648604060444167851e-01 1.617125376960276972e-01 5.010047210392430950e-01 9.122901526569422437e-01 5.436857402236419112e-01 6.571409965855242730e-01 1.475769799216965494e-01 4.316249672396649251e-01 2.560766914911461467e-01 4.683884639121336235e-01 1.644644901188612174e-01 6.957967202481952773e-01 4.018195123510973632e-01 2.765154062290809955e-01 4.349023117416585538e-01 3.299016406414312375e-01
2.320755765212675903e-01 1.207732935748394798e+00 1.136463916790642070e+00 7.032131588401493438e-01 8.442065000700124111e-01 6.419945704184181201e-01 4.973258408005433173e-01 3.306001676449439874e-01 7.923448072762629968e-01 6.962565668392457496e-01 2.322062615636101557e-01 3.820452169547194909e-01 6.482536915040332248e-01 2.456088500552167098e-01 4.839544401313357058e-01 3.542796281929722069e-01 5.720599855381700571e-01 4.493895077715471809e-01 0.000000000000000000e+00 9.906663408125340187e-01 9.112767843899184372e-01 4.348016145166740398e-01 2.511110948302096024e-01 6.576601625234897996e-01 2.941507391409438621e-01 2.895428279706969144e-01 7.574559103471819599e-01 4.855657891519601366e-01 5.910521712543789219e-01 2.044136540229547216e-01 5.417972880438471917e-01 2.595752760633404654e-01 2.428165002009951001e-01 3.820837572469543142e-01 3.911848378712713958e-01 3.282977334411988912e-01 5.128550464938999021e-01 1.549210398967099667e-01 6.611167719522895725e-01 4.525204439044691052e-01 7.146781869930017850e-01 6.309689487367350358e-01 1.502594391796820417e-01 2.471166742070147193e-01 6.544857591932512486e-01 3.580433578205373113e-01 4.367891308568265796e-01 7.084838915448464780e-01 1.301734070417941702e-01 3.708381305327171362e-01 1.089643451493024218e+00 6.890573173292500186e-01 1.292822302186891759e-01 1.025628823118349464e+00 1.264853904056531808e-01 7.913225401583964258e-01 1.309722869331695905e-01 6.288939157362856136e-01 8.996193797753466725e-01 5.229418040565341208e-01 3.100429574183032888e-01 5.923570437034456626e-01 5.558172097962480462e-01 2.466677881609805889e-01 3.230933827056874930e-01 4.028973384631952537e-01 5.679759630429840334e-01 3.983430243183010422e-01 1.396885494207614764e-01 5.340329828878155327e-01 3.381143786526117911e-01 2.789748542084709015e-01 5.780454182963677967e-01 7.090269615970339334e-01 5.490001569136456760e-01
1.216478137706623164e+00 2.283634114802763904e-01 1.098174868507430624e+00 1.240368338728012887e+00 6.781780751028412269e-01 1.278908699498490176e+00 6.665951593457866142e-01 7.875606003269066679e-01 2.333029102091007390e-01 6.685210857823908892e-01 8.756424827132514022e-01 9.443946710251127641e-01 5.837474575316292658e-01 1.007112071721169677e+00 5.165538872192781961e-01 1.309636813599537319e+00 5.809995969267528482e-01 7.742504621867315473e-01 9.906663408125340187e-01 0.000000000000000000e+00 8.714262060886081018e-01 1.062819765421848750e+00 7.455602080659002873e-01 4.241090779007086753e-01 7.394932284276289902e-01 9.399267956219675701e-01 4.277233282596998309e-01 7.602469996796850094e-01 4.762600138163444186e-01 1.131005806877602993e+00 1.085307594888045735e+00 1.230143127046837481e+00 9.106477506767598484e-01 8.403163800259607630e-01 6.127560550670141382e-01 1.296910667899020764e+00 6.554352830944427666e-01 8.729213705807661317e-01 5.847157722987110784e-01 6.038285864275113601e-01 5.593177873093428953e-01 6.081749040087692793e-01 8.493591478122570759e-01 8.274897312984443865e-01 5.163660010869650652e-01 6.326229829919964853e-01 6.731663261669202925e-01 2.992028603939624332e-01 1.112923030038933003e+00 8.771281438339555425e-01 1.290785140200490788e-01 4.036013405359957229e-01 1.019565456249837299e+00 9.921812963950802366e-01 1.007165378163450864e+00 7.500282851781333582e-01 8.723383879884532011e-01 1.164181021282153949e+00 1.219799913322745510e-01 5.579568094042626214e-01 9.326869356412472722e-01 4.013169665317239954e-01 1.196307606248152577e+00 1.210888189246187574e+00 9.395689786114007624e-01 8.253859879365369467e-01 4.623659748103725597e-01 7.331352607427581436e-01 1.103816852195888210e+00 6.942503435119166122e-01 1.322516939837967476e+00 7.583621073966020365e-01 6.576840418667410093e-01 3.493818698031956882e-01 5.503300868646247013e-01
1.130004199215502991e+00 1.092129515866434142e+00 2.272375015778435037e-01 1.258358019867765965e+00 6.678874094443555398e-01 1.241956975900255555e+00 8.512893462229370600e-01 6.701053158737048099e-01 6.505963704015198523e-01 2.332750139361985386e-01 8.462733506490931479e-01 9.623843521648663968e-01 7.482678396388301456e-01 9.868856471681805020e-01 5.350575638443890725e-01 1.216972705051170056e+00 4.751125093217861695e-01 9.684756341969666948e-01 9.112767843899184372e-01 8.714262060886081018e-01 0.000000000000000000e+00 1.025873143260454645e+00 6.836643350015443321e-01 6.131288637480712955e-01 7.743957949659006079e-01 8.523257340742900201e-01 5.803715968489797650e-01 7.762736171369511995e-01 3.980002335590686613e-01 1.036519296160935744e+00 1.103297276027799034e+00 1.137479018498470662e+00 9.112658363800486550e-01 9.719666460730476132e-01 5.200919465186468749e-01 1.231315053588175612e+00 6.239203688856603813e-01 7.802572620323989794e-01 7.809851834356941191e-01 7.065571324222515992e-01 5.501146487747128333e-01 3.315089801052386043e-01 8.294025906866502318e-01 7.827697958680325252e-01 6.143057286983963916e-01 6.349327246370870537e-01 5.497602087917150548e-01 5.991143154930083092e-01 1.034607952355317551e+00 8.951178249737092862e-01 9.740400316110627843e-01 5.065892029896185145e-01 1.000974509961721770e+00 1.254481587887382177e-01 9.126788674467838369e-01 1.234243258651912256e-01 8.061694891969333199e-01 1.182170702421907249e+00 7.716622071760871338e-01 4.104441156144181257e-01 9.636662438407548326e-01 4.895035066800896284e-01 1.159134847368619381e+00 1.152795966576588338e+00 9.026223564500065466e-01 8.277275417371386945e-01 6.213685292338654298e-01 8.347036557828613201e-01 1.011152743647521390e+00 8.063200748394603323e-01 1.236043001346846637e+00 6.656979988482349953e-01 7.058270993646144076e-01 6.202622181833944426e-01 7.350242737417747030e-01
