0.000000000000000000e+00 1.827429615014501518e+00 1.260155097392900769e+00 1.000652243627270677e+00 1.590311769694401134e+00 1.168518827756645395e+00 8.975621770392697707e-01 1.641375572868186916e+00 1.131016945604488289e+00 7.738672887544407741e-01 7.006516976529064689e-01 1.023601962595312775e+00 5.656964656966474436e-01 1.356230064195408591e+00 6.108590400667738285e-01 1.433597211871777244e+00 8.683768799770728020e-01 7.814390928861807417e-01 4.496208316450243103e-01 6.689643226908829066e-01 7.727431874006065460e-01 8.819129594704583353e-01 1.346873854165222317e+00 9.493750933994095087e-01 1.488067077785272252e+00 1.169664357995862547e+00 1.074747454861516571e+00 6.161980469818144623e-01 7.290059907997005206e-01 1.259589267790230060e+00 1.371138325357306398e+00 4.651845861609648636e-01 8.177901669115624772e-01 9.098943866828955729e-01 7.109420105640693599e-01 1.236889561622019018e+00 3.308757672998265953e-01 6.329751002197679943e-01 5.493001817615024152e-01 1.608155247462951243e+00 1.473528349467729814e+00 9.480894435751687777e-01 1.298244735246567583e+00 1.013872267353282730e+00 1.199334075084903972e+00 9.468494152114106388e-01 1.042019065558766222e+00 9.862216520878794856e-01 6.015280071473965151e-01 7.323784260234597054e-01 8.165373029803081328e-01 8.692502229114595913e-01 7.412456486574009462e-01 1.530866611422603052e+00 1.472181573524248277e+00 1.066542454221394154e+00 7.190690245042125062e-01 1.117924555933743180e+00 1.307607239128208088e+00 1.915853691010182547e-01 4.276970913022677401e-01 4.826427983240877406e-01 8.562276818766986208e-01 6.029143825174240190e-01 1.451979390251491919e+00 1.464400503135760756e+00 1.205100795567094929e+00 1.532751535309214264e+00 4.899741922387160220e-01 4.483719843736007626e-01 1.423113107370584940e+00 7.764053772902967943e-01 9.259377238524202358e-01 1.423445474845241865e+00 1.532840850978822056e+00
1.827429615014501518e+00 0.000000000000000000e+00 1.459955826890510622e+00 1.592881954811461442e+00 9.906848805627742616e-01 1.509853608984122353e+00 1.537380672954101080e+00 9.654478493281487550e-01 8.035310352972647729e-01 2.055972616413030529e+00 1.883749134759813204e+00 9.129207019904646003e-01 1.530529766561058658e+00 5.395281042280958284e-01 1.344761956855335283e+00 6.508753888893518136e-01 1.161731990542188342e+00 1.067285087705514446e+00 1.731679142709409369e+00 1.428097050608241325e+00 1.478780328031088942e+00 1.275754018973481063e+00 6.806480609835091622e-01 1.195842717019287127e+00 4.578491773604870252e-01 8.934861698479287240e-01 7.718727107184077951e-01 1.459084834948466414e+00 1.511013882401238240e+00 6.195939331340499789e-01 7.541171106187097850e-01 1.599245729902011304e+00 1.339984796574349879e+00 1.080246128393853811e+00 1.291127467491361536e+00 7.901761832789461204e-01 1.502587078244041585e+00 1.301728211190127160e+00 1.818614682066413302e+00 2.370493287895124590e-01 4.683178946153514488e-01 1.080096581511396758e+00 6.830170890595133049e-01 1.104399349266305119e+00 8.527803234535215049e-01 9.048974961853091248e-01 9.337683166348275110e-01 1.319564925588885940e+00 1.500447332110552701e+00 1.510599834586631385e+00 1.120345831012746318e+00 1.550729599873759801e+00 1.373028475258394110e+00 7.855920667882936304e-01 8.093835508999631667e-01 8.873520658210978240e-01 1.188635428905270963e+00 1.284138415865641036e+00 6.493840559725542194e-01 1.667989366844718768e+00 1.559507312071451546e+00 1.428596474311699227e+00 1.438843988852250844e+00 1.380665065041803530e+00 6.533284208621233935e-01 8.695579352965578934e-01 7.241519935728388813e-01 5.046054390739375117e-01 1.358867615955121400e+00 1.529098149103971904e+00 6.225513063257626101e-01 1.198126066129716838e+00 1.230853150573762766e+00 4.108857174398543588e-01 8.883316618760256356e-01
1.260155097392900769e+00 1.459955826890510622e+00 0.000000000000000000e+00 1.060595583133126629e+00 1.161820670871742234e+00 9.147736933165108164e-01 1.125663458370805614e+00 1.136648204559007613e+00 9.170055284110949501e-01 1.457271586117058648e+00 1.229254611500483207e+00 5.839363836822351050e-01 8.649301854687428959e-01 1.131651332791554943e+00 9.937179014494799123e-01 8.871555390740232250e-01 5.454433423858870977e-01 8.027280847872320102e-01 1.170272354458651742e+00 8.790122734574341568e-01 8.319909062711193792e-01 6.927017025266249961e-01 8.988940097453436140e-01 3.121536052664054539e-01 1.170295089833429003e+00 6.612950542518560848e-01 9.560634650844119786e-01 9.193993019429115288e-01 8.752518747730124726e-01 1.182735779194954207e+00 8.674695806577888968e-01 9.447512066426806410e-01 8.295760190222066788e-01 8.110315010077084885e-01 8.967323072833858211e-01 8.729286276413307233e-01 9.396357218205085848e-01 6.396899572289966862e-01 1.212006197789184281e+00 1.243937300543375812e+00 1.002296916304312280e+00 6.536417693753371339e-01 9.048934857349947292e-01 4.409555828679206368e-01 6.529549975053118294e-01 9.773150773368282085e-01 7.126052111731326910e-01 7.219331442420303668e-01 9.093476947219402140e-01 9.590744651797973308e-01 4.936432297939920555e-01 9.465947802107324005e-01 1.071309319155148598e+00 1.036718980329214723e+00 1.048551363880346754e+00 7.876267152507997471e-01 9.237032493063506156e-01 1.782496743765957237e-01 1.041383651003044974e+00 1.099071851511700393e+00 1.033989379686321763e+00 1.005593550161359540e+00 9.946805732132685263e-01 7.261705417824725339e-01 9.229126575443613589e-01 1.035055351759172959e+00 7.390989300264787509e-01 1.046292178107490534e+00 8.062909353581031446e-01 8.889751627985381655e-01 9.986678608284026426e-01 6.895471509666443177e-01 4.048997542572719821e-01 1.204887623034243793e+00 1.030510507794977437e+00
1.000652243627270677e+00 1.592881954811461442e+00 1.060595583133126629e+00 0.000000000000000000e+00 1.456514950847630718e+00 1.075656070014214372e+00 8.897722660378623027e-01 1.471431536206395219e+00 7.998649030578121044e-01 1.138192500598776968e+00 9.100359503878757694e-01 8.774902158211519421e-01 6.398822164055870676e-01 1.262396811790834628e+00 4.685123202143995913e-01 1.137453151301136334e+00 5.598847794869656891e-01 7.532967736431566141e-01 8.331605165245479228e-01 7.493555045648915280e-01 3.742168958227942710e-01 7.982748242013815165e-01 1.199801610381014960e+00 7.590239359199609792e-01 1.144906627292367807e+00 8.383832271939395397e-01 9.692572419650411497e-01 7.197227772928244116e-01 2.863045375846190455e-01 1.030367705941803713e+00 1.202210217861433783e+00 6.256721211243988501e-01 2.710238381195957946e-01 5.252394775640994995e-01 6.772758199879129748e-01 1.128469296295341096e+00 7.350158080122813908e-01 5.332345117858720007e-01 8.929271122709014907e-01 1.375278981764058939e+00 1.319905711824155503e+00 8.792735942400595750e-01 9.397281618579770290e-01 7.853905080599583588e-01 1.021437560433766212e+00 7.558881006442065287e-01 6.831942273790456710e-01 8.875327583812427923e-01 4.742634096988458392e-01 8.274829630670095248e-01 6.860092202658861771e-01 1.845665149859752052e-01 6.934333256840093940e-01 1.370516737250416561e+00 1.340478387988092379e+00 1.008397526278371759e+00 4.949805904025258441e-01 9.038543889996245584e-01 9.561015499853992017e-01 8.228004497768275360e-01 6.299545849059918767e-01 6.275299476829254708e-01 1.988527543849354928e-01 4.059359018014465637e-01 1.281840932735325955e+00 1.330337116410230891e+00 1.052886050260036566e+00 1.196052114301791036e+00 6.508917555380964171e-01 5.698960772802563746e-01 1.292663836855201476e+00 4.296555093738848585e-01 6.617252476719814869e-01 1.236918653228212372e+00 1.365251144998621768e+00
1.590311769694401134e+00 9.906848805627742616e-01 1.161820670871742234e+00 1.456514950847630718e+00 0.000000000000000000e+00 1.138683122187473584e+00 1.426565066754990951e+00 8.276995437675770395e-01 1.028692130530476367e+00 1.818854771092929035e+00 1.604343329181523670e+00 5.838551627227378527e-01 1.214024611658230945e+00 5.532994556730033153e-01 1.314724186341798884e+00 7.025785319848298904e-01 1.022151535354208773e+00 8.889383123951480892e-01 1.494561297389308097e+00 1.194471108734352027e+00 1.215601964967617077e+00 9.472785822326200700e-01 3.162375297778040051e-01 8.961844978610077339e-01 7.901769770845951113e-01 8.181138284673695749e-01 7.002034590380534773e-01 1.234858137219828400e+00 1.258082895626562614e+00 8.093475876256963630e-01 5.628844042382371571e-01 1.319839924323720437e+00 1.239224729539031289e+00 1.154549356429680929e+00 1.166533263711531987e+00 4.570362691718943826e-01 1.265469232923940091e+00 9.659676005688599965e-01 1.581496836746312029e+00 7.746663542156408955e-01 5.467573811485312296e-01 7.446325984566541933e-01 8.797944866091026439e-01 8.073914918303284338e-01 5.921001256188981321e-01 8.993531524326834337e-01 1.025015605751219194e+00 9.487940249771159573e-01 1.292178715575489356e+00 1.274533300456713869e+00 7.738532789131323808e-01 1.329425801064282098e+00 1.302053914658201750e+00 6.662262536775389599e-01 1.852114738849227060e-01 6.029844388338834182e-01 1.145189357452656598e+00 9.860032598468740916e-01 9.760595226927684109e-01 1.430871521524618606e+00 1.413280842404681659e+00 1.322549396295921831e+00 1.408496080969238173e+00 1.109001562636021898e+00 5.683598151436330959e-01 1.631337432559009371e-01 4.309706873494599244e-01 6.918585473112369710e-01 1.121749770635020349e+00 1.255771977896846359e+00 4.059616660148880896e-01 1.116322220410726818e+00 9.500338914561448078e-01 6.839406016258966492e-01 7.153543614020483332e-01
1.168518827756645395e+00 1.509853608984122353e+00 9.147736933165108164e-01 1.075656070014214372e+00 1.138683122187473584e+00 0.000000000000000000e+00 1.012248798068854150e+00 1.239429335192888670e+00 9.861984286605030015e-01 1.397061829155173074e+00 1.221407926079494333e+00 5.977068889435499521e-01 8.263233726182900307e-01 1.012504412140791787e+00 9.784890653265551075e-01 1.060845681205130786e+00 7.152203721696166472e-01 6.253052535321891314e-01 1.072768355451552136e+00 7.725358035257409162e-01 8.347430841341997310e-01 3.166817190870830356e-01 9.047025229965304227e-01 6.098133292416024753e-01 1.284234817183954380e+00 8.388910087457379650e-01 7.851268096000705299e-01 8.130651952820718842e-01 8.772240147931448240e-01 1.061942423787981982e+00 9.690706909735242736e-01 9.369045212216901009e-01 8.583658487056140540e-01 8.887739953333864129e-01 7.793831578010242955e-01 7.831808871086239909e-01 8.436762909861835746e-01 5.782663615289175274e-01 1.159703894808555846e+00 1.293835082636988876e+00 1.058010618559754423e+00 4.738689120658038934e-01 1.097623975193702472e+00 6.411207366866338297e-01 8.182089957889288057e-01 7.868135855152840197e-01 9.094633420124361711e-01 2.021934713053066546e-01 9.095221607720284096e-01 8.527403585189573532e-01 4.232768721862595340e-01 9.485669202308647519e-01 9.524985987040116564e-01 1.125708591358836497e+00 1.007483159237953174e+00 6.643166265607529652e-01 8.283096558755991268e-01 7.533447538319957282e-01 1.161876206919035592e+00 1.009078579586861757e+00 9.914879004669251428e-01 9.007564543581653149e-01 1.027637200135819828e+00 7.279480981609504076e-01 1.045966666279939394e+00 1.018128587085129322e+00 7.887933966420933585e-01 1.190964676931160371e+00 6.999568286972632780e-01 8.701873618461134496e-01 9.485470183138344780e-01 7.384290078466342333e-01 6.303850821307521723e-01 1.141272889395053003e+00 1.130773216595039932e+00
8.975621770392697707e-01 1.537380672954101080e+00 1.125663458370805614e+00 8.897722660378623027e-01 1.426565066754990951e+00 1.012248798068854150e+00 0.000000000000000000e+00 1.496072297365173220e+00 7.989722297806357565e-01 1.127772630561915568e+00 9.914629792106861572e-01 8.709177520651615323e-01 6.385262695893941798e-01 1.110255875225226951e+00 4.813835620888074485e-01 1.245179426102040576e+00 7.662192354745784861e-01 5.478306944377064891e-01 7.866840314582141946e-01 3.963780279390239358e-01 7.558260559195977280e-01 7.140902325182804100e-01 1.193889187209333125e+00 8.148834543773142425e-01 1.156022361961419831e+00 9.759848333742319193e-01 8.096154423268902001e-01 2.967884622692821273e-01 7.346991172064354370e-01 9.378819916398950518e-01 1.225835049854292702e+00 7.324667819175103567e-01 6.585941865341102819e-01 5.797441953663461378e-01 2.671620816503647577e-01 9.914354807194194485e-01 5.685526876681489261e-01 4.936303025342357320e-01 8.904146962152980072e-01 1.318106305402551914e+00 1.327099862318447787e+00 7.319303741123019957e-01 1.024472360534998794e+00 8.750580381695916010e-01 1.060519845901213287e+00 6.336387033272662395e-01 7.811704561970295169e-01 8.299516224000889064e-01 6.652469525328715827e-01 2.051875389058448185e-01 6.637488800240576303e-01 8.660728256864240748e-01 2.131831893635218467e-01 1.385563335919589356e+00 1.291749405126951133e+00 8.235806279211084213e-01 4.003009307285071983e-01 9.825856824528185207e-01 9.755625233043553335e-01 7.397893809936044729e-01 6.280487574796849159e-01 4.502205191525428529e-01 7.066893850860751503e-01 6.303761167094302786e-01 1.307032132881326136e+00 1.311415836179871564e+00 1.057437255554332545e+00 1.272514165209586601e+00 4.122911693378341624e-01 6.008981632528567207e-01 1.190155195533968646e+00 6.373345872358362474e-01 7.990328634829153565e-01 1.126494955514247609e+00 1.387537575475808804e+00
1.641375572868186916e+00 9.654478493281487550e-01 1.136648204559007613e+00 1.471431536206395219e+00 8.276995437675770395e-01 1.239429335192888670e+00 1.496072297365173220e+00 0.000000000000000000e+00 9.445546173362305842e-01 1.855062047730922981e+00 1.627045073114347540e+00 6.423768068120971897e-01 1.250303060560080670e+00 7.082407577516925956e-01 1.367072835063222191e+00 4.757692185604777690e-01 9.541283755610695527e-01 1.042653198987893326e+00 1.550540133351929306e+00 1.250449944696972127e+00 1.230561405727931934e+00 1.035264843202724716e+00 5.184725191501271535e-01 8.761882407631523817e-01 7.104917111936184249e-01 6.781910427859376700e-01 8.843914325120799669e-01 1.290836973182449832e+00 1.273042336386876361e+00 9.309999984133555673e-01 2.704587634450704714e-01 1.342541668256544307e+00 1.254006712454533323e+00 1.083459477433874829e+00 1.267133037242088145e+00 6.379354509847093846e-01 1.320856197295794177e+00 1.015305145250603669e+00 1.609796659403047059e+00 7.494293229810150558e-01 4.980153397599235143e-01 8.751146818293243923e-01 7.117989169760231549e-01 7.616164625811726596e-01 4.847517261859561333e-01 1.068401638461183412e+00 8.852379987663335781e-01 1.048860069738218215e+00 1.307138156335804213e+00 1.330512136419335523e+00 8.388156552042019820e-01 1.344385241824596511e+00 1.440840331100531557e+00 1.825772871085928062e-01 6.955062820793344036e-01 7.626750673232957078e-01 1.261597744186275349e+00 9.607831268017646975e-01 8.287547327852915480e-01 1.480292326986985652e+00 1.431779841300185874e+00 1.378528232258543484e+00 1.393834537131041884e+00 1.123961003396336977e+00 3.274224907968696363e-01 6.984050647845773119e-01 4.545298574251291912e-01 5.421441363675527647e-01 1.177728606597641559e+00 1.286303198515592605e+00 5.856296186731692055e-01 1.089073674664020386e+00 9.277959548755302377e-01 7.222917827191602802e-01 1.561091448718519015e-01
1.131016945604488289e+00 8.035310352972647729e-01 9.170055284110949501e-01 7.998649030578121044e-01 1.028692130530476367e+00 9.861984286605030015e-01 7.989722297806357565e-01 9.445546173362305842e-01 0.000000000000000000e+00 1.344928827908046909e+00 1.120223691204488947e+00 6.666313812646472714e-01 8.200042766332180655e-01 5.258700332162025148e-01 5.412981497668215569e-01 4.687963521532392819e-01 4.612587293060909088e-01 4.418042699758417124e-01 9.683184134680384858e-01 7.362138864122175219e-01 7.152548844757634638e-01 7.088026138433335399e-01 8.170285973123365686e-01 7.009128652287779371e-01 3.573629209766958637e-01 3.181992128809899567e-01 3.287640846152456997e-01 6.957554205229221633e-01 7.074828471039736888e-01 2.755761225224690469e-01 7.083737914469813157e-01 8.357202863466858256e-01 5.479392953771706765e-01 2.787003154785877013e-01 5.600419184284720631e-01 5.745901777149693412e-01 8.107039140480173378e-01 6.142091958552075015e-01 1.102975277493188910e+00 5.851161283950505609e-01 6.085546096891254475e-01 5.373680153624734723e-01 2.333507219047486481e-01 4.824880725256252556e-01 5.531181705463539267e-01 2.266368348001460697e-01 2.263343730757053363e-01 8.319620232828430773e-01 6.969162968132879277e-01 8.158308328593470993e-01 6.929875325486642978e-01 7.813982504294642029e-01 6.291276189803679530e-01 8.107488821446034999e-01 8.695657202176197975e-01 4.533755019149591226e-01 4.121958398664564149e-01 7.393776970688402672e-01 1.769030823196315882e-01 9.668303049111890424e-01 7.590201888243837125e-01 6.600976553301587391e-01 6.439712535671582305e-01 6.171396214864777185e-01 6.458665749928790278e-01 9.292245096575069141e-01 6.969507265341715607e-01 4.735419354289506777e-01 6.669844517590969302e-01 7.799442425025433501e-01 6.630589453378432641e-01 4.360904542877760415e-01 5.815060905981774830e-01 4.816444038850163367e-01 8.682804462190600869e-01
7.738672887544407741e-01 2.055972616413030529e+00 1.457271586117058648e+00 1.138192500598776968e+00 1.818854771092929035e+00 1.397061829155173074e+00 1.127772630561915568e+00 1.855062047730922981e+00 1.344928827908046909e+00 0.000000000000000000e+00 7.773001212502786972e-01 1.249172816103992778e+00 7.581718642263812757e-01 1.584773065593936714e+00 8.075449214039066570e-01 1.606931947718821085e+00 1.005917136948579538e+00 1.009982094284708642e+00 4.407154039675010293e-01 8.975073240894110294e-01 9.102834443721131708e-01 1.110455960868986791e+00 1.572833881661147348e+00 1.148208359186742911e+00 1.693259610599971321e+00 1.307204614967369283e+00 1.303290456260045138e+00 8.500990905734093772e-01 8.665462477712071454e-01 1.488132269188758183e+00 1.585840729385961545e+00 5.501095964225073409e-01 9.553304238830692130e-01 1.070085602594924801e+00 9.394850119625974827e-01 1.465432563020547141e+00 5.867422325702326136e-01 8.582046809005202670e-01 2.452653883278758107e-01 1.836698248861479144e+00 1.696932193807406897e+00 1.176632444973696900e+00 1.435784992218074096e+00 1.220703667743194831e+00 1.406228070692979060e+00 1.175392416609938762e+00 1.179559322530272736e+00 1.214764653486407608e+00 6.835491893401228758e-01 9.616592449890101202e-01 1.045080304378835923e+00 1.006790479882966327e+00 9.652782918573105109e-01 1.752935974942509745e+00 1.700724574922776178e+00 1.295085455619922499e+00 9.390375986334332792e-01 1.300704032443429359e+00 1.500947675016224281e+00 6.015015868671385046e-01 6.080333877582962954e-01 7.047373846645427209e-01 9.856294672988246131e-01 7.404546394889306438e-01 1.665471444259854383e+00 1.692943504534288657e+00 1.428504639906771789e+00 1.670291792280720777e+00 7.185171936372438672e-01 5.996049686085228592e-01 1.651656108769112175e+00 9.139456342618034190e-01 1.092001946874621598e+00 1.651988476243769766e+00 1.748881656523149530e+00
7.006516976529064689e-01 1.883749134759813204e+00 1.229254611500483207e+00 9.100359503878757694e-01 1.604343329181523670e+00 1.221407926079494333e+00 9.914629792106861572e-01 1.627045073114347540e+00 1.120223691204488947e+00 7.773001212502786972e-01 0.000000000000000000e+00 1.025318594155045338e+00 5.600613563936748251e-01 1.448463414242707525e+00 6.020861481178910735e-01 1.378914973102246089e+00 7.779001623320039860e-01 8.736724429334796760e-01 4.911542552693968222e-01 7.611976727381818408e-01 6.822664697555377300e-01 9.438166849265280378e-01 1.348687299274622831e+00 9.201913845701679140e-01 1.465242635983395880e+00 1.079187640350793842e+00 1.166980804908815506e+00 7.140196477540311504e-01 6.364732197988992590e-01 1.351822617837528995e+00 1.357823754769386104e+00 2.854000963523753431e-01 7.273134492664937722e-01 8.420686279783492489e-01 8.031753606113682942e-01 1.275669423666754287e+00 5.075336647358573705e-01 6.540928788935627125e-01 5.436212798886144171e-01 1.666146161712412033e+00 1.472785611420882379e+00 1.026473721611472767e+00 1.207768017601499100e+00 9.926866931266197236e-01 1.178211096076404063e+00 1.039082765258709795e+00 9.515423479136974061e-01 1.034732885752655873e+00 4.609555515514886515e-01 8.253495936377809317e-01 8.332093476372992580e-01 7.787064442945117460e-01 8.353602352200284464e-01 1.526130274158369327e+00 1.488306766321985997e+00 1.158775804268693310e+00 7.738895832390334517e-01 1.072687057826853918e+00 1.272930700399649062e+00 5.262445106816001639e-01 4.157197547793210490e-01 5.929816149958174742e-01 7.639899805181941117e-01 5.124376648723552030e-01 1.437454469643278943e+00 1.478165494744123842e+00 1.204358057520247272e+00 1.442274817664145337e+00 5.822075422860146787e-01 4.338464868158270482e-01 1.439863964226614224e+00 6.859286596452279783e-01 8.639849722580460467e-01 1.515678824892540799e+00 1.520864681906574090e+00
1.023601962595312775e+00 9.129207019904646003e-01 5.839363836822351050e-01 8.774902158211519421e-01 5.838551627227378527e-01 5.977068889435499521e-01 8.709177520651615323e-01 6.423768068120971897e-01 6.666313812646472714e-01 1.249172816103992778e+00 1.025318594155045338e+00 0.000000000000000000e+00 6.351501398494839856e-01 5.481785196777729796e-01 8.326645940411284696e-01 4.662016673253558396e-01 4.694969439828160507e-01 4.459698243840967136e-01 9.278514902902198491e-01 6.277613016352625586e-01 6.365772299411379676e-01 3.985925110453578668e-01 3.273534451598809070e-01 3.135222855226404426e-01 7.108141208941051170e-01 3.514861210868375774e-01 4.082320341958426968e-01 6.681483301207401526e-01 6.790581606000830606e-01 6.815153836858600656e-01 3.720181625927337365e-01 7.408151892972415498e-01 6.601999945125524016e-01 6.658562424172788097e-01 6.419784919420764568e-01 2.889922439590958403e-01 6.987594258248518431e-01 3.951565592496996127e-01 1.004199788213693711e+00 6.969021756433309012e-01 4.610777115660965042e-01 2.469380574467138767e-01 5.801770766108897970e-01 2.470701356863719278e-01 2.287740684201997610e-01 5.204472435786757778e-01 5.086083946748721774e-01 4.074182055483143716e-01 7.131539805490106909e-01 7.078234933576257326e-01 2.085301853899093893e-01 7.504010660378029884e-01 8.155736275426516135e-01 5.280017024152865446e-01 4.694728366136535769e-01 2.412395291405802777e-01 6.921266726487201870e-01 4.081189726573662413e-01 7.570547946512974358e-01 8.628599895420387966e-01 8.360303697406915591e-01 7.558395891968335834e-01 8.294713459427579538e-01 5.299768276095428998e-01 4.482597773363894422e-01 4.576773282853375258e-01 1.913081161603834845e-01 5.934793964494500251e-01 5.550399635359314354e-01 6.767472428703675824e-01 4.424694219402504625e-01 5.370526262790362715e-01 3.678043018955314269e-01 6.531528682630374227e-01 5.337206882142492281e-01
5.656964656966474436e-01 1.530529766561058658e+00 8.649301854687428959e-01 6.398822164055870676e-01 1.214024611658230945e+00 8.263233726182900307e-01 6.385262695893941798e-01 1.250303060560080670e+00 8.200042766332180655e-01 7.581718642263812757e-01 5.600613563936748251e-01 6.351501398494839856e-01 0.000000000000000000e+00 1.058508469323642398e+00 4.668799552900304017e-01 1.038422855860362093e+00 4.769329785237693686e-01 4.837174980144140490e-01 4.539858947559444746e-01 3.891157092041768739e-01 3.945157368678897658e-01 5.487321314653245130e-01 9.585188449690625889e-01 5.541501814752513022e-01 1.165023221412125665e+00 7.782204565425585585e-01 7.770258599897508223e-01 3.759431875646480070e-01 3.812553694527909265e-01 9.626894193367868668e-01 9.800658130492008180e-01 2.747846774334776754e-01 4.391253178737647977e-01 5.418492134070785893e-01 4.291436153131558684e-01 8.826314087745548154e-01 2.471685036729305562e-01 2.541865399461467057e-01 5.129064758985052430e-01 1.311255399009508382e+00 1.082617157115321804e+00 6.334357067192730728e-01 9.075122941840205737e-01 6.186979113418665799e-01 8.042223142916510303e-01 6.499495667579672231e-01 6.512866244962187690e-01 6.416948708604561791e-01 2.677986965602298652e-01 4.622889397501636632e-01 4.401713327450996749e-01 4.996774831641125902e-01 5.328693299103230974e-01 1.139794099114497028e+00 1.095894415488078755e+00 7.674206525947354640e-01 5.064395344531169574e-01 7.226996440095854179e-01 9.727112858283782915e-01 4.032949759993934569e-01 3.736377493977407482e-01 3.247747140720355086e-01 5.437168309650589615e-01 2.350840873603529113e-01 1.060790957344648566e+00 1.087997040438562824e+00 8.141896032146863638e-01 1.141307633855910941e+00 2.272281221164032805e-01 1.603138297669862433e-01 1.046825949334414529e+00 3.856729362277490081e-01 5.284838117367551824e-01 1.126545626391798560e+00 1.141768338670716032e+00
1.356230064195408591e+00 5.395281042280958284e-01 1.131651332791554943e+00 1.262396811790834628e+00 5.532994556730033153e-01 1.012504412140791787e+00 1.110255875225226951e+00 7.082407577516925956e-01 5.258700332162025148e-01 1.584773065593936714e+00 1.448463414242707525e+00 5.481785196777729796e-01 1.058508469323642398e+00 0.000000000000000000e+00 9.748779121792970903e-01 4.850524667462018380e-01 9.597512911517691592e-01 5.796800495574349066e-01 1.260479591890315998e+00 9.568974997891481760e-01 1.099379391562832264e+00 7.539928159420835607e-01 3.237655730469014004e-01 8.404408090228226991e-01 3.109451189683973826e-01 7.809415059531821246e-01 3.025041801948517572e-01 1.000776431720836968e+00 1.141424547664158684e+00 2.698333593890261395e-01 4.794807257939028844e-01 1.189467216949531503e+00 1.010471204110193311e+00 7.613534697316446387e-01 8.486543882683279527e-01 2.594775170638606854e-01 1.031387527424947992e+00 8.212993352974516936e-01 1.347415131247319264e+00 3.208138535609164621e-01 2.497267302732684990e-01 5.461190083984158727e-01 5.937638826145532622e-01 7.772221537501406985e-01 5.583112540039920635e-01 5.123841094490200199e-01 7.265261333855731474e-01 8.326474688180954820e-01 1.150242145117941206e+00 1.039400283767538014e+00 6.806238125577532827e-01 1.213096703779583896e+00 9.702296069677894819e-01 5.262005444408709431e-01 3.823109750815684715e-01 3.533744927081171605e-01 8.008084072603129933e-01 9.558339217666863563e-01 4.719700012774145081e-01 1.196789816025625175e+00 1.172812964359624788e+00 1.028595489717976541e+00 1.104510805278103414e+00 9.856025643647937651e-01 4.077115599719438599e-01 4.939464245319399871e-01 4.139009107988577130e-01 4.038410338084987283e-01 8.876680651360275842e-01 1.057898598284878089e+00 1.640531225242183311e-01 9.153258892540806491e-01 8.868765822531058385e-01 1.679831911794966437e-01 6.203331800324429768e-01
6.108590400667738285e-01 1.344761956855335283e+00 9.937179014494799123e-01 4.685123202143995913e-01 1.314724186341798884e+00 9.784890653265551075e-01 4.813835620888074485e-01 1.367072835063222191e+00 5.412981497668215569e-01 8.075449214039066570e-01 6.020861481178910735e-01 8.326645940411284696e-01 4.668799552900304017e-01 9.748779121792970903e-01 0.000000000000000000e+00 9.766147869465426901e-01 4.629850345212180307e-01 4.447071612720956968e-01 4.293429783192168059e-01 5.168914622452775998e-01 4.901748351122617864e-01 6.725986274445929780e-01 1.095463914669574379e+00 7.125727143103630645e-01 8.986610707435174206e-01 6.896935519284987937e-01 6.801017120532426574e-01 2.731438839464744306e-01 2.736689426638490574e-01 7.578954093861067776e-01 1.106386523600269456e+00 3.654519466253766113e-01 2.681817813931950401e-01 3.038006118625476981e-01 3.023793594335391632e-01 8.761868253167142129e-01 3.225928494189541085e-01 4.709558105612584034e-01 5.793949563467959418e-01 1.125342401173929252e+00 1.149852759455946893e+00 6.680304640659875393e-01 7.631024554642937829e-01 6.784628049422377627e-01 8.921568978115529402e-01 4.699814005877111511e-01 5.013534425069864353e-01 7.961918896577901972e-01 2.013167448796339132e-01 4.918629718067056289e-01 6.346509318997474169e-01 5.099802453469580721e-01 2.686630743585980974e-01 1.268685561631811565e+00 1.179908524713758400e+00 7.117397475079150215e-01 1.794187433268504273e-01 8.369767073159780635e-01 7.182012320864530341e-01 4.447667810528500021e-01 2.177220390575619613e-01 1.718250461603532675e-01 2.707074754931996230e-01 3.633768077099259197e-01 1.137218474676227276e+00 1.202648752831935397e+00 1.007117331619161504e+00 1.014840085195772179e+00 3.633457612385624369e-01 3.713804884028616415e-01 1.068122120420295529e+00 3.067324247206845711e-01 5.888181471922083743e-01 9.639931793331656396e-01 1.269427450737457885e+00
1.433597211871777244e+00 6.508753888893518136e-01 8.871555390740232250e-01 1.137453151301136334e+00 7.025785319848298904e-01 1.060845681205130786e+00 1.245179426102040576e+00 4.757692185604777690e-01 4.687963521532392819e-01 1.606931947718821085e+00 1.378914973102246089e+00 4.662016673253558396e-01 1.038422855860362093e+00 4.850524667462018380e-01 9.766147869465426901e-01 0.000000000000000000e+00 6.194659387117922300e-01 8.818091868962409929e-01 1.319932716060414180e+00 1.048131797774715102e+00 9.752467271068255839e-01 8.421720356521581463e-01 3.875390734194066877e-01 6.499174779761962562e-01 3.240345910159149190e-01 3.063552450267472138e-01 7.257514605810406749e-01 1.088518826260191918e+00 1.024912236374774466e+00 5.371894786750825990e-01 2.758215288362758089e-01 1.094411568244442634e+00 8.742626462270947085e-01 6.833194273131618646e-01 1.006249114749875995e+00 4.797689238556508418e-01 1.113077836299385392e+00 8.100649814498093182e-01 1.361666559390946052e+00 4.359336009513916643e-01 2.387330257666855915e-01 6.991032417096892937e-01 2.360406517930319636e-01 4.742818902460296804e-01 2.455496882063590014e-01 6.733782724793360153e-01 4.791982605170690968e-01 8.677525401803320992e-01 1.059008056323701874e+00 1.128193989497078276e+00 6.419921452960827279e-01 1.056973930237276704e+00 1.075334815301772551e+00 3.419525299913642735e-01 5.528639120546889885e-01 6.032090490150258111e-01 8.584030361878605131e-01 7.110596719752806383e-01 3.556773225441925979e-01 1.272513965990576867e+00 1.183649741288083312e+00 1.106304851651563004e+00 1.008597585186341350e+00 8.758309033842340829e-01 1.770702228396396349e-01 5.749454162242536581e-01 2.935045310742204761e-01 1.721148520035855056e-01 9.754104596753842005e-01 1.038635524400300048e+00 4.211713667586153842e-01 7.102033908308799104e-01 6.570655007115729918e-01 4.169143813423544787e-01 4.355937805282884545e-01
8.683768799770728020e-01 1.161731990542188342e+00 5.454433423858870977e-01 5.598847794869656891e-01 1.022151535354208773e+00 7.152203721696166472e-01 7.662192354745784861e-01 9.541283755610695527e-01 4.612587293060909088e-01 1.005917136948579538e+00 7.779001623320039860e-01 4.694969439828160507e-01 4.769329785237693686e-01 9.597512911517691592e-01 4.629850345212180307e-01 6.194659387117922300e-01 0.000000000000000000e+00 4.690607794848462020e-01 7.189179052901722988e-01 5.192725618512800123e-01 3.742319163365844248e-01 4.595906648541843165e-01 7.581570209533157190e-01 3.164705271623480254e-01 7.726062369050422651e-01 3.131106936850451827e-01 7.031053549516809165e-01 5.596595903367572733e-01 4.238974256045328071e-01 7.199836626178423016e-01 6.917473735581851635e-01 4.933967574742009199e-01 3.219193352240072858e-01 2.666186640267372843e-01 5.373595347718147508e-01 7.363857888914738803e-01 5.707972681726637409e-01 2.759289850033901925e-01 7.606517486207038381e-01 9.445623404895790998e-01 8.413932164998337848e-01 4.993688972006146143e-01 4.868279106986029836e-01 2.263612507545569585e-01 4.701700096059401868e-01 5.010872837406158409e-01 2.379388892326902705e-01 5.270970605366456230e-01 4.579932455534608815e-01 5.993347535736434084e-01 3.112793306542967486e-01 4.655411104227821784e-01 6.044166953110544638e-01 8.557411021296593701e-01 9.088822283628129606e-01 6.333538430760768945e-01 3.837319877206021856e-01 3.870044463140185909e-01 5.950570496052036695e-01 6.905250861266299944e-01 5.826349305178424309e-01 6.253479530820711396e-01 4.817355738263242593e-01 2.748160926139931459e-01 7.348147978791609303e-01 8.953862162416391657e-01 5.965260355072049547e-01 6.871522525160908001e-01 4.401677250131956209e-01 4.376207136300586109e-01 8.552309004156334327e-01 1.684397473439101511e-01 1.571311101423967238e-01 9.203257652520314691e-01 8.547883006953734819e-01
7.814390928861807417e-01 1.067285087705514446e+00 8.027280847872320102e-01 7.532967736431566141e-01 8.889383123951480892e-01 6.253052535321891314e-01 5.478306944377064891e-01 1.042653198987893326e+00 4.418042699758417124e-01 1.009982094284708642e+00 8.736724429334796760e-01 4.459698243840967136e-01 4.837174980144140490e-01 5.796800495574349066e-01 4.447071612720956968e-01 8.818091868962409929e-01 4.690607794848462020e-01 0.000000000000000000e+00 6.856886205810882595e-01 3.821065284799202710e-01 5.234933748240745421e-01 3.200534593855967058e-01 6.667403420357932431e-01 4.919480807937401390e-01 7.984987674416867964e-01 6.760448753416687939e-01 2.983922941451514488e-01 4.259854604116083410e-01 5.657522323263614039e-01 5.330655742846311940e-01 7.722945547685302614e-01 6.146762456403037644e-01 5.013711659625151862e-01 3.393069586920301473e-01 2.914852933727301587e-01 4.601901760119515017e-01 4.565965561157201980e-01 2.463114819673396239e-01 7.726241599380917480e-01 8.480107201539638373e-01 8.215234295379373330e-01 2.407675719718581631e-01 6.674609339513324358e-01 5.399585236939663524e-01 6.596597874439705800e-01 2.162943804002116222e-01 4.665011792050585693e-01 4.697808943412166149e-01 5.878414070386783763e-01 4.646093124583101641e-01 3.243247245016065428e-01 6.373172109207392300e-01 4.309198607888974908e-01 9.200921395050787321e-01 7.541226507671071611e-01 2.864855382211402568e-01 2.766670818276232291e-01 6.495539944086773376e-01 6.181142750344055248e-01 6.219988447163973255e-01 6.044081655964619326e-01 4.979221983336434842e-01 5.860528722573647986e-01 4.099302490269959853e-01 8.366499916071287180e-01 7.754690238932460122e-01 5.911173268721369167e-01 9.153462054047922791e-01 3.128770938268000124e-01 4.831076269756502395e-01 6.589098908265003107e-01 4.342868342386061453e-01 4.812697285218134891e-01 6.667519803661943190e-01 9.339970803900453644e-01
4.496208316450243103e-01 1.731679142709409369e+00 1.170272354458651742e+00 8.331605165245479228e-01 1.494561297389308097e+00 1.072768355451552136e+00 7.866840314582141946e-01 1.550540133351929306e+00 9.683184134680384858e-01 4.407154039675010293e-01 4.911542552693968222e-01 9.278514902902198491e-01 4.539858947559444746e-01 1.260479591890315998e+00 4.293429783192168059e-01 1.319932716060414180e+00 7.189179052901722988e-01 6.856886205810882595e-01 0.000000000000000000e+00 5.732138503857903133e-01 6.232842127137060428e-01 7.861624871653656310e-01 1.251123381860129280e+00 8.596124063278401950e-01 1.325681334444734460e+00 1.020205383308961267e+00 9.789969825564244221e-01 5.100766313683879893e-01 5.675519038323464383e-01 1.149178100069938591e+00 1.280302885841048788e+00 2.683473815562262832e-01 6.683311922246620851e-01 7.312790549436711807e-01 6.151915382589766557e-01 1.141139089316926203e+00 2.502633891736748550e-01 5.406138365666637302e-01 2.456358440752042516e-01 1.512404775157859094e+00 1.381929862369161377e+00 8.523389712700762955e-01 1.148785760559667191e+00 9.241095802817134164e-01 1.109571388013334881e+00 8.510989429063181566e-01 8.925600908718661630e-01 8.904711797827865594e-01 3.630239586794879458e-01 6.312146703363258338e-01 7.207868306752153176e-01 7.141825260020242538e-01 6.071907928318881487e-01 1.440031171906345442e+00 1.376431101219155684e+00 9.707919819163016717e-01 5.705242926252170887e-01 1.013704800785022231e+00 1.145221495787670518e+00 2.807793330721820579e-01 2.161069654969822729e-01 3.446855363238959802e-01 6.616973771248959579e-01 4.516805253877377302e-01 1.361499968868082222e+00 1.368650030830667719e+00 1.113297643392265224e+00 1.383292560622313649e+00 3.901379743089239405e-01 3.073545652685396590e-01 1.327362635065491903e+00 6.269464026033962911e-01 8.050027152162143596e-01 1.327695002540149272e+00 1.442005411462564446e+00
6.689643226908829066e-01 1.428097050608241325e+00 8.790122734574341568e-01 7.493555045648915280e-01 1.194471108734352027e+00 7.725358035257409162e-01 3.963780279390239358e-01 1.250449944696972127e+00 7.362138864122175219e-01 8.975073240894110294e-01 7.611976727381818408e-01 6.277613016352625586e-01 3.891157092041768739e-01 9.568974997891481760e-01 5.168914622452775998e-01 1.048131797774715102e+00 5.192725618512800123e-01 3.821065284799202710e-01 5.732138503857903133e-01 0.000000000000000000e+00 5.059342011660071803e-01 4.828493729750487629e-01 9.510331932051716564e-01 5.682322694639424521e-01 1.093175920267263734e+00 8.257834738268340358e-01 6.754148904552569332e-01 2.727998640126848007e-01 5.410706964878816416e-01 8.602567033839699784e-01 9.802126971860926075e-01 5.022014754450054852e-01 5.338585761198382240e-01 5.246088844662858408e-01 2.652660338802092510e-01 8.375569972157587140e-01 3.441217859204220852e-01 2.456809424051529245e-01 6.601493897427936908e-01 1.208822683056690384e+00 1.081839673714203975e+00 5.487568791689084735e-01 9.604552587807955177e-01 6.284068532562194775e-01 8.138686609878407197e-01 5.475168508051501126e-01 7.115662373148823328e-01 5.902386278569760059e-01 5.301511500199890259e-01 1.987460266898222194e-01 4.206966420202578605e-01 6.161809709328341933e-01 4.483785579117532949e-01 1.139940983251388040e+00 1.076340912564198504e+00 6.672098898151335167e-01 3.934381513183885515e-01 7.359344975394463972e-01 9.127160816101994589e-01 5.095240745210992683e-01 4.919333954011638199e-01 3.962394041671311040e-01 7.031299275500434431e-01 3.796310445754390028e-01 1.061409780213124598e+00 1.068559842175710761e+00 8.132074547373077111e-01 1.188870651140186085e+00 1.918507927750244257e-01 3.706328567803521823e-01 1.027272446410534723e+00 4.510874393831199591e-01 5.521229684599567866e-01 1.024112910438981228e+00 1.141915222807607710e+00
7.727431874006065460e-01 1.478780328031088942e+00 8.319909062711193792e-01 3.742168958227942710e-01 1.215601964967617077e+00 8.347430841341997310e-01 7.558260559195977280e-01 1.230561405727931934e+00 7.152548844757634638e-01 9.102834443721131708e-01 6.822664697555377300e-01 6.365772299411379676e-01 3.945157368678897658e-01 1.099379391562832264e+00 4.901748351122617864e-01 9.752467271068255839e-01 3.742319163365844248e-01 5.234933748240745421e-01 6.232842127137060428e-01 5.059342011660071803e-01 0.000000000000000000e+00 5.573618383213680971e-01 9.589285763831765230e-01 5.237077171837517531e-01 1.060273829254670952e+00 6.755193943553737812e-01 8.178967822289406886e-01 5.417854284501117945e-01 2.706675673535008375e-01 9.550160944898019588e-01 9.613400873829704985e-01 3.977630648977344419e-01 2.699386141685328200e-01 4.370998212496239321e-01 5.287310000304483726e-01 8.875563104153275651e-01 5.071067517856172602e-01 2.906553801709047535e-01 6.650180560442373601e-01 1.261177354983687549e+00 1.079032677826316622e+00 6.383606083600458225e-01 8.027992108727743936e-01 5.962030257402036737e-01 7.817274286899881242e-01 6.866864716115798073e-01 5.465735411849722558e-01 6.466197725012288178e-01 3.535199888901360832e-01 5.840616596681253991e-01 4.450962343858723691e-01 1.896503808368190658e-01 6.862569515759540106e-01 1.129646606771953277e+00 1.099565402108078516e+00 7.723455542355081027e-01 4.677568533668384765e-01 6.752497121376171973e-01 8.679618936709233568e-01 5.948913935501636274e-01 4.870012379413759529e-01 5.876998360558364221e-01 4.369225897108144907e-01 1.731854424656126545e-01 1.040970802256863115e+00 1.089424130530216805e+00 8.120130162621973513e-01 1.038606571668726053e+00 4.063039965745389726e-01 3.419870210535921329e-01 1.051750850975187390e+00 2.809598529165026060e-01 4.610238685447664575e-01 1.161567041776210507e+00 1.124381014520158484e+00
