0.000000000000000000e+00 5.799216433301312978e-01 4.695825008204139728e-01 4.787427190005050792e-01 3.390157841357158142e-01 3.300334111307026697e-01 3.059733934399485600e-01 3.036562943851572882e-01 3.226088991191132793e-01 2.493048688036617333e-01 2.359635900008763554e-01 3.438153894637230312e-01 1.818897321294176139e-01 1.784992892895990169e-01 3.298019946806824421e-01 1.700317016774839374e-01 4.326927415935160059e-01 3.595999186519999724e-01 1.785344015082833691e-01 2.041169329271214361e-01 1.325256891044369056e-01 4.571252622360601481e-01 2.480308308899631942e-01 3.580238717742064702e-01 1.201013362743134361e-01
5.799216433301312978e-01 0.000000000000000000e+00 4.675639912461823644e-01 4.623196551699566559e-01 8.617581611402905795e-01 3.185030810129999002e-01 6.856323475160418512e-01 6.602146774090478232e-01 2.573127442110176855e-01 5.121646779576785047e-01 5.384286970699272423e-01 2.435339197634013853e-01 4.777823167405643723e-01 6.989280069032831610e-01 2.954525046210202399e-01 4.119367011419390323e-01 1.582964668092567695e-01 3.642942776652663417e-01 5.818716174159073162e-01 5.845764345453156041e-01 5.148905483251343673e-01 1.302310326733994161e-01 3.796885458957100501e-01 3.490150545840827734e-01 5.457910135331163204e-01
4.695825008204139728e-01 4.675639912461823644e-01 0.000000000000000000e+00 4.621585251974665853e-01 8.058415423390308252e-01 4.190511279616815354e-01 5.820424469248900445e-01 5.946128294014311200e-01 2.470803262203347672e-01 4.748059289543272721e-01 4.473833405918026807e-01 2.596497600745929502e-01 5.007727923610828524e-01 6.425644269910256723e-01 3.897066142676022249e-01 2.998037117819218889e-01 4.050242424528159857e-01 1.532246993260882040e-01 4.732493029369411741e-01 5.125683427152317728e-01 5.292693974567626025e-01 3.384314483082055958e-01 3.642742705650229285e-01 3.413409400826861173e-01 5.095024104092578110e-01
4.787427190005050792e-01 4.623196551699566559e-01 4.621585251974665853e-01 0.000000000000000000e+00 8.147550819636003583e-01 3.897686768817680836e-01 6.117043412002952651e-01 5.740482066268338679e-01 2.493757860115956571e-01 4.441849916894685113e-01 4.858781966610797864e-01 4.127791581405974020e-01 5.455200249359011266e-01 6.514779666155946503e-01 2.212230563738400435e-01 3.265704742272462768e-01 3.319703699541800557e-01 3.528337244351822388e-01 4.955371514800661070e-01 4.984099637631017043e-01 4.973700135263354749e-01 3.594265392256810188e-01 4.510289906472076393e-01 1.208175851147803848e-01 5.535762520266581665e-01
3.390157841357158142e-01 8.617581611402905795e-01 8.058415423390308252e-01 8.147550819636003583e-01 0.000000000000000000e+00 5.582909943528340246e-01 6.449891775756643186e-01 6.311820666518690448e-01 6.586212620822082808e-01 5.023147889091019724e-01 5.009629658239715955e-01 6.519769752484112502e-01 3.911833165233368770e-01 1.884884252910153934e-01 6.658143576437773881e-01 5.063553465893206873e-01 7.254669590980409311e-01 6.958589601706164363e-01 5.175501856439991277e-01 5.316427051938330539e-01 3.791150633205871423e-01 7.890901586998338990e-01 4.977681406708230338e-01 6.940362347373014718e-01 4.147049209857059382e-01
3.300334111307026697e-01 3.185030810129999002e-01 4.190511279616815354e-01 3.897686768817680836e-01 5.582909943528340246e-01 0.000000000000000000e+00 4.749979558612704711e-01 4.051766697441013809e-01 2.980653983435211374e-01 2.521242500142164555e-01 3.231649978778155519e-01 1.888150210738817891e-01 1.867889329366538287e-01 3.866917421961075241e-01 1.824033010088954576e-01 2.046974554317817496e-01 1.811286930399901851e-01 2.978785880744727055e-01 3.588307661410412575e-01 3.295384268803689398e-01 2.151789725851849522e-01 2.858638561509823650e-01 1.427214361820432487e-01 2.760607424881885152e-01 2.946774750004219068e-01
3.059733934399485600e-01 6.856323475160418512e-01 5.820424469248900445e-01 6.117043412002952651e-01 6.449891775756643186e-01 4.749979558612704711e-01 0.000000000000000000e+00 4.765312962601338520e-01 4.446998308562296609e-01 4.041191490871015035e-01 2.340189002159955289e-01 4.453446422883913236e-01 3.704828916715556253e-01 4.844726827295475213e-01 4.661965956083714557e-01 2.887866370232148872e-01 5.690873425212051862e-01 4.720598647564756001e-01 1.440021596399796988e-01 3.942391245731601268e-01 4.078153999131384766e-01 5.764273287972652149e-01 3.565771296383687394e-01 4.909854939739968782e-01 2.631439062795481454e-01
3.036562943851572882e-01 6.602146774090478232e-01 5.946128294014311200e-01 5.740482066268338679e-01 6.311820666518690448e-01 4.051766697441013809e-01 4.765312962601338520e-01 0.000000000000000000e+00 4.281877715064620893e-01 2.376410565793420915e-01 3.910528693591402982e-01 4.829601615090857170e-01 3.958296734365511216e-01 4.616230263132776179e-01 4.092723729672961275e-01 2.951266336517205935e-01 5.118661750658682896e-01 4.846302472330167310e-01 3.533118352977799859e-01 1.401500132260106446e-01 2.979107870543883374e-01 5.634137821869955598e-01 3.944967349886863706e-01 4.533293594005356475e-01 4.023103525805917235e-01
3.226088991191132793e-01 2.573127442110176855e-01 2.470803262203347672e-01 2.493757860115956571e-01 6.586212620822082808e-01 2.980653983435211374e-01 4.446998308562296609e-01 4.281877715064620893e-01 0.000000000000000000e+00 3.027649659925053527e-01 3.152209162668483389e-01 1.899410618406864593e-01 3.787658346163108036e-01 4.953441467342029614e-01 1.769238750817314909e-01 1.559131938330146627e-01 1.839839028943293098e-01 1.414296719131996061e-01 3.321536861044431799e-01 3.521344657431531022e-01 3.559499878293723718e-01 1.353534359220914252e-01 2.636074329109447945e-01 1.285582008968153833e-01 3.810887179158373717e-01
2.493048688036617333e-01 5.121646779576785047e-01 4.748059289543272721e-01 4.441849916894685113e-01 5.023147889091019724e-01 2.521242500142164555e-01 4.041191490871015035e-01 2.376410565793420915e-01 3.027649659925053527e-01 0.000000000000000000e+00 2.957223368647456940e-01 3.690987007306582024e-01 2.154515046545832369e-01 3.243085384905057267e-01 2.685092906906932364e-01 1.753197332046173007e-01 3.603825280751692950e-01 3.648233467859134382e-01 2.811236041390080542e-01 1.449631393189960149e-01 1.304330999227911181e-01 4.379909766730387122e-01 2.806352742102590225e-01 3.234661444631700133e-01 3.386865280921232402e-01
2.359635900008763554e-01 5.384286970699272423e-01 4.473833405918026807e-01 4.858781966610797864e-01 5.009629658239715955e-01 3.231649978778155519e-01 2.340189002159955289e-01 3.910528693591402982e-01 3.152209162668483389e-01 2.957223368647456940e-01 0.000000000000000000e+00 2.986123272913429050e-01 1.809736872130933705e-01 3.381328115869643991e-01 3.475757915473289827e-01 1.593077224338336484e-01 4.225080777548848032e-01 3.374007584233888468e-01 1.407848731989687352e-01 3.087606976721666840e-01 3.078946241860874289e-01 4.367363131359617290e-01 2.005610167889652629e-01 3.651593494347812885e-01 1.202477502457260095e-01
3.438153894637230312e-01 2.435339197634013853e-01 2.596497600745929502e-01 4.127791581405974020e-01 6.519769752484112502e-01 1.888150210738817891e-01 4.453446422883913236e-01 4.829601615090857170e-01 1.899410618406864593e-01 3.690987007306582024e-01 2.986123272913429050e-01 0.000000000000000000e+00 2.968103833868297459e-01 4.891468210114038873e-01 2.480216266348627963e-01 1.951130493503390739e-01 1.580544834603042070e-01 1.415056928040208384e-01 3.415839121882572327e-01 4.006679898221120473e-01 4.027641507028362766e-01 1.381239858446189073e-01 1.603118615907697109e-01 2.919615730258169339e-01 3.266680756809897113e-01
1.818897321294176139e-01 4.777823167405643723e-01 5.007727923610828524e-01 5.455200249359011266e-01 3.911833165233368770e-01 1.867889329366538287e-01 3.704828916715556253e-01 3.958296734365511216e-01 3.787658346163108036e-01 2.154515046545832369e-01 1.809736872130933705e-01 2.968103833868297459e-01 0.000000000000000000e+00 2.283531622863295141e-01 3.414737849023172234e-01 2.295888599687574416e-01 3.584392110642857787e-01 3.796002524738742445e-01 2.653078447914442584e-01 2.978510144969425122e-01 1.381985904187203185e-01 4.254745463177959652e-01 1.364985217960600072e-01 4.248011777096027397e-01 1.505945280705909828e-01
1.784992892895990169e-01 6.989280069032831610e-01 6.425644269910256723e-01 6.514779666155946503e-01 1.884884252910153934e-01 3.866917421961075241e-01 4.844726827295475213e-01 4.616230263132776179e-01 4.953441467342029614e-01 3.243085384905057267e-01 3.381328115869643991e-01 4.891468210114038873e-01 2.283531622863295141e-01 0.000000000000000000e+00 4.941389337090011380e-01 3.430782312413152568e-01 5.538677069413143750e-01 5.325818448226113944e-01 3.570336907978824414e-01 3.614320680325512347e-01 2.011088129019908688e-01 6.262600044628267026e-01 3.349379864338156709e-01 5.307591193892962078e-01 2.518747667486986308e-01
3.298019946806824421e-01 2.954525046210202399e-01 3.897066142676022249e-01 2.212230563738400435e-01 6.658143576437773881e-01 1.824033010088954576e-01 4.661965956083714557e-01 4.092723729672961275e-01 1.769238750817314909e-01 2.685092906906932364e-01 3.475757915473289827e-01 2.480216266348627963e-01 3.414737849023172234e-01 4.941389337090011380e-01 0.000000000000000000e+00 1.931634056096875884e-01 1.548791838434373513e-01 2.803818135053178784e-01 3.500294058881422421e-01 3.336341301035636864e-01 3.026010859529815744e-01 2.291524674760071767e-01 3.155837278812696489e-01 1.232691230521251596e-01 4.151079955361031137e-01
1.700317016774839374e-01 4.119367011419390323e-01 2.998037117819218889e-01 3.265704742272462768e-01 5.063553465893206873e-01 2.046974554317817496e-01 2.887866370232148872e-01 2.951266336517205935e-01 1.559131938330146627e-01 1.753197332046173007e-01 1.593077224338336484e-01 1.951130493503390739e-01 2.295888599687574416e-01 3.430782312413152568e-01 1.931634056096875884e-01 0.000000000000000000e+00 2.960541525225212078e-01 1.898211296135079718e-01 1.762404922714284894e-01 2.130821469655214129e-01 2.300741973309399502e-01 2.876406917740501612e-01 1.283183004716935416e-01 2.058516270009476401e-01 2.270057777994122783e-01
4.326927415935160059e-01 1.582964668092567695e-01 4.050242424528159857e-01 3.319703699541800557e-01 7.254669590980409311e-01 1.811286930399901851e-01 5.690873425212051862e-01 5.118661750658682896e-01 1.839839028943293098e-01 3.603825280751692950e-01 4.225080777548848032e-01 1.580544834603042070e-01 3.584392110642857787e-01 5.538677069413143750e-01 1.548791838434373513e-01 2.960541525225212078e-01 0.000000000000000000e+00 2.868801751822441237e-01 4.529201528009758060e-01 4.362279322021357375e-01 3.625461472756205672e-01 1.288091636032167586e-01 2.637679265806677220e-01 2.190640729920381169e-01 4.269786650990197718e-01
3.595999186519999724e-01 3.642942776652663417e-01 1.532246993260882040e-01 3.528337244351822388e-01 6.958589601706164363e-01 2.978785880744727055e-01 4.720598647564756001e-01 4.846302472330167310e-01 1.414296719131996061e-01 3.648233467859134382e-01 3.374007584233888468e-01 1.415056928040208384e-01 3.796002524738742445e-01 5.325818448226113944e-01 2.803818135053178784e-01 1.898211296135079718e-01 2.868801751822441237e-01 0.000000000000000000e+00 3.632667207685271182e-01 4.025857605468174949e-01 4.192868152883483246e-01 2.386651446931123133e-01 2.431017306778141818e-01 2.320161393204017708e-01 3.995198282408436996e-01
1.785344015082833691e-01 5.818716174159073162e-01 4.732493029369411741e-01 4.955371514800661070e-01 5.175501856439991277e-01 3.588307661410412575e-01 1.440021596399796988e-01 3.533118352977799859e-01 3.321536861044431799e-01 2.811236041390080542e-01 1.407848731989687352e-01 3.415839121882572327e-01 2.653078447914442584e-01 3.570336907978824414e-01 3.500294058881422421e-01 1.762404922714284894e-01 4.529201528009758060e-01 3.632667207685271182e-01 0.000000000000000000e+00 2.702246639085812419e-01 2.837740475484568092e-01 4.638811840454787339e-01 2.531204856678580528e-01 3.748183042537676091e-01 1.504387352002682920e-01
2.041169329271214361e-01 5.845764345453156041e-01 5.125683427152317728e-01 4.984099637631017043e-01 5.316427051938330539e-01 3.295384268803689398e-01 3.942391245731601268e-01 1.401500132260106446e-01 3.521344657431531022e-01 1.449631393189960149e-01 3.087606976721666840e-01 4.006679898221120473e-01 2.978510144969425122e-01 3.614320680325512347e-01 3.336341301035636864e-01 2.130821469655214129e-01 4.362279322021357375e-01 4.025857605468174949e-01 2.702246639085812419e-01 0.000000000000000000e+00 1.999321281147797280e-01 4.873604764236864062e-01 3.122045633017127564e-01 3.776911165368032064e-01 3.027709911225556771e-01
1.325256891044369056e-01 5.148905483251343673e-01 5.292693974567626025e-01 4.973700135263354749e-01 3.791150633205871423e-01 2.151789725851849522e-01 4.078153999131384766e-01 2.979107870543883374e-01 3.559499878293723718e-01 1.304330999227911181e-01 3.078946241860874289e-01 4.027641507028362766e-01 1.381985904187203185e-01 2.011088129019908688e-01 3.026010859529815744e-01 2.300741973309399502e-01 3.625461472756205672e-01 4.192868152883483246e-01 2.837740475484568092e-01 1.999321281147797280e-01 0.000000000000000000e+00 4.682543359093780944e-01 2.746971122147803257e-01 3.766511663000368659e-01 2.345826259613104925e-01
4.571252622360601481e-01 1.302310326733994161e-01 3.384314483082055958e-01 3.594265392256810188e-01 7.890901586998338990e-01 2.858638561509823650e-01 5.764273287972652149e-01 5.634137821869955598e-01 1.353534359220914252e-01 4.379909766730387122e-01 4.367363131359617290e-01 1.381239858446189073e-01 4.254745463177959652e-01 6.262600044628267026e-01 2.291524674760071767e-01 2.876406917740501612e-01 1.288091636032167586e-01 2.386651446931123133e-01 4.638811840454787339e-01 4.873604764236864062e-01 4.682543359093780944e-01 0.000000000000000000e+00 2.940151316959082051e-01 2.395412849560542567e-01 4.637812591324123601e-01
2.480308308899631942e-01 3.796885458957100501e-01 3.642742705650229285e-01 4.510289906472076393e-01 4.977681406708230338e-01 1.427214361820432487e-01 3.565771296383687394e-01 3.944967349886863706e-01 2.636074329109447945e-01 2.806352742102590225e-01 2.005610167889652629e-01 1.603118615907697109e-01 1.364985217960600072e-01 3.349379864338156709e-01 3.155837278812696489e-01 1.283183004716935416e-01 2.637679265806677220e-01 2.431017306778141818e-01 2.531204856678580528e-01 3.122045633017127564e-01 2.746971122147803257e-01 2.940151316959082051e-01 0.000000000000000000e+00 3.303101434209091414e-01 1.724592411034015504e-01
3.580238717742064702e-01 3.490150545840827734e-01 3.413409400826861173e-01 1.208175851147803848e-01 6.940362347373014718e-01 2.760607424881885152e-01 4.909854939739968782e-01 4.533293594005356475e-01 1.285582008968153833e-01 3.234661444631700133e-01 3.651593494347812885e-01 2.919615730258169339e-01 4.248011777096027397e-01 5.307591193892962078e-01 1.232691230521251596e-01 2.058516270009476401e-01 2.190640729920381169e-01 2.320161393204017708e-01 3.748183042537676091e-01 3.776911165368032064e-01 3.766511663000368659e-01 2.395412849560542567e-01 3.303101434209091414e-01 0.000000000000000000e+00 4.328574048003597796e-01
1.201013362743134361e-01 5.457910135331163204e-01 5.095024104092578110e-01 5.535762520266581665e-01 4.147049209857059382e-01 2.946774750004219068e-01 2.631439062795481454e-01 4.023103525805917235e-01 3.810887179158373717e-01 3.386865280921232402e-01 1.202477502457260095e-01 3.266680756809897113e-01 1.505945280705909828e-01 2.518747667486986308e-01 4.151079955361031137e-01 2.270057777994122783e-01 4.269786650990197718e-01 3.995198282408436996e-01 1.504387352002682920e-01 3.027709911225556771e-01 2.345826259613104925e-01 4.637812591324123601e-01 1.724592411034015504e-01 4.328574048003597796e-01 0.000000000000000000e+00
