0.000000000000000000e+00 1.041494223782593931e+00 1.003864122068107267e+00 1.028897060939239605e+00 7.133856219773678786e-01 6.650551061703118272e-01 5.537025324172628604e-01 4.582993246518259345e-01 4.574515167231641977e-01 4.000460935537492047e-01 6.495795658621373869e-01 3.864591478475533082e-01 7.560395932404536667e-01 8.078646709314855068e-01 2.744954037894932752e-01 7.961818394831474688e-01 2.583741907253350178e-01 2.381170206369854769e-01 2.326045239038791179e-01 5.115076248053446184e-01 7.421046387184602189e-01 4.976648983629740619e-01 2.017003065379406879e-01 4.564883038838756235e-01 5.623333507209941073e-01 8.235801060835701293e-01 4.212734117131550216e-01 4.052018241477344240e-01 6.581506628708995166e-01 8.908177206932345049e-01 5.979700699718576429e-01 5.010459524363469752e-01 1.665147533627174548e-01 6.158636608651173461e-01 9.063051365728049813e-01 7.217980833621293613e-01 4.010622012252187951e-01 1.490490702431545300e-01 1.688780803794955876e-01 9.184389858579130594e-01 3.080030790553385245e-01 4.302764817326470426e-01 3.202671852556441268e-01 3.899749981562199430e-01 1.455003869983263198e-01 9.704594706555260686e-01 6.707229549190113493e-01 9.044951873131861220e-01 5.971695224414804715e-01 4.001638048932605884e-01
1.041494223782593931e+00 0.000000000000000000e+00 9.151268667450624950e-01 8.369139468217419164e-01 1.176330562935451685e+00 1.167869619380025092e+00 5.551495637017901386e-01 1.468152134406851772e+00 6.542333817922407757e-01 7.834812234182254587e-01 7.341041787305652155e-01 9.304263722603920428e-01 5.366371516789991691e-01 2.851085940749212289e-01 8.036128511625660886e-01 8.056724820085687799e-01 8.478069024315882940e-01 1.246367198387421160e+00 8.698610442059615533e-01 5.553892555105955919e-01 5.097610389855209423e-01 9.695140413791812906e-01 8.607955723316123020e-01 7.743823950360190222e-01 7.278391791531630961e-01 7.671413955736119394e-01 6.836776361977164873e-01 6.411863006254570063e-01 3.846432854885232233e-01 7.036763925389675212e-01 6.363225350889893939e-01 1.003860465646059907e+00 9.398134171434147088e-01 5.148753716164478078e-01 9.207856477943847651e-01 6.613329951421396125e-01 8.431726339746478116e-01 1.165440302616458368e+00 9.536732448822967667e-01 1.490023871484801310e-01 8.036818194600667820e-01 6.750786362357190651e-01 1.344256333365262845e+00 8.882665695974212294e-01 9.762061135455842864e-01 8.661421676197589292e-01 4.312379331367892088e-01 8.473637357244956370e-01 1.053988588360442735e+00 6.552013525157081020e-01
1.003864122068107267e+00 9.151268667450624950e-01 0.000000000000000000e+00 8.916183735826821444e-01 1.355848415646109695e+00 1.341756587363051034e+00 5.431760626576126461e-01 1.445882637661149994e+00 7.021986164976740108e-01 9.316242039044068113e-01 3.660355631444320856e-01 1.116723320172143596e+00 5.918570192507350836e-01 6.401886106008913835e-01 7.314656651682432953e-01 2.503633327465441538e-01 9.124539027576047401e-01 1.231739572307667840e+00 1.057143722332109403e+00 7.580273228646497996e-01 4.057131838413155500e-01 1.152953905502256404e+00 9.157233611262137751e-01 5.543515851935031380e-01 4.467985401667999845e-01 1.833005462541047181e-01 8.594110955578819766e-01 7.073640189288419311e-01 6.543524663445779987e-01 7.427654204156025619e-01 5.189203708863215914e-01 1.179424351736426901e+00 8.550750683987424772e-01 6.574486210232148853e-01 2.288848367776762927e-01 3.223351210222782925e-01 9.805545154954590226e-01 1.141141498243155139e+00 1.052188147907022309e+00 7.779251617983253819e-01 7.551390642345070514e-01 5.850313524699066736e-01 1.319368026110285363e+00 1.056287231067082555e+00 1.052436380610077160e+00 1.342639944191989232e-01 5.359844010627673461e-01 1.335959998588886199e-01 1.230225767616763388e+00 8.115823998516434878e-01
1.028897060939239605e+00 8.369139468217419164e-01 8.916183735826821444e-01 0.000000000000000000e+00 1.231402545785428071e+00 1.199378077306220813e+00 7.004050964422364745e-01 1.478223778691445167e+00 5.784991399888192998e-01 8.456141251767884670e-01 6.534255581855996642e-01 9.625420744702755105e-01 3.089369215115082001e-01 5.932738857198466276e-01 8.184118941956533000e-01 8.184387584050267783e-01 8.317272108175663980e-01 1.262070618797501709e+00 9.114051401914224915e-01 6.191552786790237572e-01 5.278042756332804730e-01 1.018448015226879555e+00 9.459784333010259338e-01 6.449136787627849365e-01 7.449324115082105457e-01 7.316593598506248020e-01 6.929558022183988086e-01 7.559845250114303195e-01 5.297081380824891772e-01 1.729074402612284234e-01 4.892490870133974767e-01 1.035368923572255628e+00 8.649445065051921677e-01 4.335070520139502337e-01 8.783577339314080357e-01 6.810209589744584679e-01 8.538112325465831987e-01 1.170541059125927985e+00 9.851208217603469874e-01 7.119426153495865828e-01 7.208939818839013025e-01 7.906816157357077213e-01 1.347547037348624466e+00 9.298106655828820566e-01 1.054929295790405730e+00 8.464179409140739629e-01 5.751696715300498308e-01 8.454951000420573015e-01 1.110566813241706363e+00 7.291350094237911694e-01
7.133856219773678786e-01 1.176330562935451685e+00 1.355848415646109695e+00 1.231402545785428071e+00 0.000000000000000000e+00 8.801135829316918402e-01 8.329804635255008138e-01 1.120995817565429986e+00 7.518894182047582975e-01 4.242242117417028280e-01 1.063015984949921666e+00 6.152715651085177706e-01 9.332944333233961220e-01 9.555361377409279378e-01 7.138693716723264471e-01 1.162031195664219529e+00 6.694147355254833620e-01 8.968974987013850209e-01 4.812368151802503546e-01 6.209413074248556486e-01 9.817490862492939119e-01 2.180147688584103682e-01 5.957854661330193036e-01 8.915106785874514772e-01 9.341280463327950034e-01 1.228495478699050514e+00 5.623628930965722805e-01 6.582058630488827333e-01 7.988804198376915355e-01 1.099512247568997791e+00 9.272733813094313771e-01 7.161044291977264331e-01 7.715643037033470542e-01 8.165929350996615765e-01 1.306542348649800900e+00 1.059991302864974116e+00 5.816850318922539564e-01 8.351297719220936999e-01 6.104768807909900508e-01 1.052925130330804926e+00 6.902376453871154061e-01 7.775462541416455764e-01 9.950454148982320612e-01 3.379575366478558274e-01 6.063736659976591836e-01 1.317969499451454585e+00 8.851779787045644943e-01 1.259558380161741376e+00 1.292751152468210041e-01 5.607647454331466941e-01
6.650551061703118272e-01 1.167869619380025092e+00 1.341756587363051034e+00 1.199378077306220813e+00 8.801135829316918402e-01 0.000000000000000000e+00 8.926739628645329327e-01 1.082316811214145025e+00 6.709404963534002508e-01 5.753382433757205927e-01 9.937270161315755468e-01 3.096801335144959699e-01 9.018003387545802108e-01 9.455092953179929927e-01 7.366532762476736274e-01 1.205150058935535062e+00 4.854739885403742128e-01 8.582184923500996154e-01 5.073545125509295595e-01 6.386437448721125065e-01 9.590873475887954358e-01 6.645238402250491783e-01 7.346872339828013354e-01 8.009329912314656630e-01 9.741062148089824069e-01 1.161472571378514340e+00 5.064883959278850822e-01 7.477111323095645412e-01 7.993749127692951761e-01 1.067487779089790534e+00 8.515714122441843115e-01 1.716552560575798358e-01 6.467056159730716347e-01 7.720112396231632035e-01 1.269011079881830817e+00 1.113791045841197702e+00 3.612020718675922337e-01 7.946195129303482707e-01 4.995625082065852096e-01 1.042898287907869648e+00 5.996599580311299249e-01 8.670515234023273843e-01 9.545351559064864100e-01 5.651313678780031102e-01 6.468681990100157986e-01 1.308351935950470279e+00 9.113501642714419981e-01 1.297084076628334914e+00 7.649693539861764924e-01 6.346023169719262613e-01
5.537025324172628604e-01 5.551495637017901386e-01 5.431760626576126461e-01 7.004050964422364745e-01 8.329804635255008138e-01 8.926739628645329327e-01 0.000000000000000000e+00 9.864212391005128255e-01 4.493857402605476725e-01 4.087562517837981524e-01 3.552327286608708001e-01 6.383933263532968194e-01 3.914681749307281078e-01 2.902863251772097586e-01 2.982604842762792141e-01 3.650367754280761101e-01 5.649679823244257992e-01 7.687905654737940964e-01 5.727481724149209308e-01 2.729622196006147861e-01 2.212067049282105957e-01 6.285655422111798840e-01 4.065204257832394918e-01 2.693887045907721323e-01 2.000995725262094682e-01 4.062739211357349611e-01 4.333131414738402576e-01 1.770577328406044426e-01 2.176976584144763582e-01 5.602490899978894712e-01 4.051350452878774711e-01 7.286648091305684138e-01 4.629725193899533742e-01 3.484378492136505079e-01 5.200855765100779182e-01 2.362131669458285010e-01 5.761849118776650736e-01 6.824796027623891703e-01 6.585081085472200835e-01 4.309612713537790407e-01 4.175634214976083891e-01 1.435050499682132552e-01 8.639570039141328817e-01 5.334192789464737849e-01 5.344034629210474563e-01 4.941913635323094689e-01 1.325871435201881054e-01 4.473363431874441964e-01 7.073578154961548403e-01 2.731481963542333746e-01
4.582993246518259345e-01 1.468152134406851772e+00 1.445882637661149994e+00 1.478223778691445167e+00 1.120995817565429986e+00 1.082316811214145025e+00 9.864212391005128255e-01 0.000000000000000000e+00 9.081322871422286003e-01 8.267040041780074899e-01 1.094923412789280848e+00 8.037208528913866168e-01 1.204841856511973175e+00 1.234522581555743015e+00 7.144169724929068099e-01 1.236300039413398943e+00 7.116584547385128579e-01 2.364836115039856412e-01 6.397590023851797980e-01 9.223835045392605458e-01 1.177789470641130931e+00 9.048193768442748253e-01 6.212722519760447426e-01 9.031811453421605407e-01 1.002451550651245915e+00 1.268923953010713035e+00 8.323498243578719702e-01 8.318597347719924873e-01 1.084808573495157802e+00 1.340144438445440178e+00 1.046397071160614978e+00 9.183076574801800618e-01 6.149417545514742622e-01 1.066544431284182082e+00 1.348584830438140481e+00 1.161749662497264746e+00 8.184226609057598800e-01 3.092502544086713767e-01 5.988040556002691694e-01 1.345096896482171234e+00 7.586838494744030381e-01 8.659613136553180324e-01 1.421284694717992458e-01 7.943556784139280680e-01 5.454227912235072306e-01 1.412001820245150085e+00 1.103441661602261537e+00 1.344613387243437819e+00 1.001550202699188263e+00 8.268217155175187072e-01
4.574515167231641977e-01 6.542333817922407757e-01 7.021986164976740108e-01 5.784991399888192998e-01 7.518894182047582975e-01 6.709404963534002508e-01 4.493857402605476725e-01 9.081322871422286003e-01 0.000000000000000000e+00 4.057040726677179077e-01 3.546503419386106137e-01 4.406115616895378007e-01 3.142324853134869089e-01 4.205476300798673961e-01 2.747933348089138805e-01 5.888554009981842308e-01 2.541066172990313898e-01 6.906250745814258574e-01 4.225992863334145921e-01 2.410198009644957673e-01 3.758786078800740449e-01 5.389348876462101146e-01 4.919478807942698206e-01 2.047460433214955411e-01 3.864761511612903044e-01 5.219146005131370947e-01 2.049907059893307237e-01 4.036989789293209396e-01 2.949742731273319318e-01 4.404197997428141997e-01 1.865899256473753098e-01 5.069313426194353989e-01 2.952509957917529015e-01 1.584121441419531762e-01 6.299344056888648291e-01 5.266391661963659709e-01 3.114607970403954207e-01 6.004495675767109741e-01 4.066216817715275766e-01 5.292620503200855531e-01 1.494484376678256732e-01 3.121509659233098199e-01 7.770403696831006402e-01 4.437988070434286114e-01 5.400736580275727894e-01 6.675014364753504292e-01 4.109003997213044879e-01 6.745488432947294166e-01 6.310536856610372558e-01 3.574941009828791483e-01
4.000460935537492047e-01 7.834812234182254587e-01 9.316242039044068113e-01 8.456141251767884670e-01 4.242242117417028280e-01 5.753382433757205927e-01 4.087562517837981524e-01 8.267040041780074899e-01 4.057040726677179077e-01 0.000000000000000000e+00 6.387917732082185607e-01 3.152075206218806769e-01 5.465010727337814567e-01 5.626867982237022670e-01 2.896451599306236746e-01 7.378069839225165349e-01 3.274512060146900772e-01 6.049190681585766560e-01 2.376595395614417849e-01 2.280919679076300610e-01 5.898111865363493411e-01 2.213297015978495375e-01 2.193474421027678256e-01 4.708539414124925937e-01 5.099038345910923420e-01 8.058278453131773045e-01 2.007133666783871284e-01 2.339816513071801274e-01 4.027613213547386328e-01 7.135403135937499197e-01 5.691468722594913432e-01 4.113290896417557962e-01 3.815864523415011811e-01 4.349611008357288089e-01 8.823181369080977943e-01 6.357670911232710109e-01 2.623360310096269354e-01 5.239921723876137527e-01 3.307001259146346572e-01 6.600757908135789220e-01 3.482741158763222877e-01 3.533220423999429149e-01 7.079487881845784036e-01 1.391160358780511863e-01 3.049767153488697757e-01 8.937452877097518122e-01 4.718417091035811417e-01 8.353341684200387141e-01 2.986015637123565769e-01 1.474284758321628974e-01
6.495795658621373869e-01 7.341041787305652155e-01 3.660355631444320856e-01 6.534255581855996642e-01 1.063015984949921666e+00 9.937270161315755468e-01 3.552327286608708001e-01 1.094923412789280848e+00 3.546503419386106137e-01 6.387917732082185607e-01 0.000000000000000000e+00 7.720470367145815249e-01 3.550660133031451338e-01 4.591659225863941041e-01 3.832144523902648037e-01 2.495551977761732154e-01 5.582232806006650616e-01 8.830055841561555985e-01 7.550145716162178777e-01 5.633728559380428713e-01 2.296871801770074550e-01 8.601214748060682647e-01 6.016342060380746037e-01 2.001209630365633485e-01 1.780337470543784661e-01 1.883722067181035909e-01 5.449617854768981084e-01 4.644323426866738269e-01 4.596979994179708484e-01 5.045640533353783486e-01 2.030626902173005011e-01 8.313947805049515249e-01 5.008444462418026877e-01 3.797870857424307522e-01 2.792544531379217987e-01 2.288747920630346266e-01 6.325249442639837572e-01 7.876408381982701323e-01 6.979575257500828522e-01 5.969024737838278805e-01 4.009084420775674840e-01 3.052033238086444555e-01 9.650834699043154830e-01 7.634548003708941932e-01 7.277369388676505624e-01 3.352515712900595579e-01 3.608487221240279652e-01 3.497514672828086479e-01 9.373933369205752486e-01 5.750443352688262566e-01
3.864591478475533082e-01 9.304263722603920428e-01 1.116723320172143596e+00 9.625420744702755105e-01 6.152715651085177706e-01 3.096801335144959699e-01 6.383933263532968194e-01 8.037208528913866168e-01 4.406115616895378007e-01 3.152075206218806769e-01 7.720470367145815249e-01 0.000000000000000000e+00 6.649643359186347968e-01 7.080660481983604981e-01 5.125890169781005534e-01 9.812361992756843954e-01 2.410844391712763379e-01 5.796225340273413185e-01 2.357554960856677317e-01 3.843631083608762822e-01 7.216441004691626082e-01 3.996818224018756638e-01 4.727315335073654645e-01 5.792530118144715301e-01 7.500419555394089999e-01 9.397925919615200963e-01 2.696523930919397793e-01 4.934304957983284279e-01 5.619316656496625706e-01 8.306517762538452310e-01 6.212424775803218058e-01 1.680407833083313873e-01 4.023160666039741207e-01 5.351752367872182337e-01 1.047331100464835796e+00 8.746064932991252094e-01 1.517265711408180007e-01 5.160235546075897517e-01 2.209665498838265796e-01 8.054550407882367091e-01 3.779799786141353479e-01 6.127708868910911599e-01 6.759391975837278910e-01 3.002893500548293182e-01 3.711982861427462477e-01 1.071522887503535193e+00 6.574761340210276694e-01 1.059640829508701865e+00 5.001273361630029779e-01 3.803216804606901480e-01
7.560395932404536667e-01 5.366371516789991691e-01 5.918570192507350836e-01 3.089369215115082001e-01 9.332944333233961220e-01 9.018003387545802108e-01 3.914681749307281078e-01 1.204841856511973175e+00 3.142324853134869089e-01 5.465010727337814567e-01 3.550660133031451338e-01 6.649643359186347968e-01 0.000000000000000000e+00 2.929970905771037692e-01 5.405791006400928467e-01 5.186774040730800506e-01 5.546448523171600975e-01 9.892131510987152154e-01 6.132970277293906536e-01 3.200422262360166359e-01 2.248121170895387988e-01 7.203399027648479391e-01 6.468653808580187015e-01 3.556424527867906304e-01 4.469117625100811897e-01 4.318980055186778522e-01 4.006053291470274003e-01 4.557077298686875722e-01 2.294313429397464021e-01 1.732453665769509987e-01 1.930301242323246014e-01 7.377911850206151367e-01 5.915625843257198424e-01 1.580521793523523844e-01 5.785963795994611969e-01 3.795158153419409541e-01 5.649134173796679370e-01 8.971591369464558818e-01 6.952475011400766070e-01 4.116658202068439465e-01 4.497893007061998238e-01 4.995407836732809193e-01 1.074165115169152473e+00 6.317025531208504407e-01 7.558162433473987196e-01 5.466565865821269021e-01 2.662327500185416307e-01 5.457337457101103517e-01 8.124587007796750804e-01 4.300219569807841591e-01
8.078646709314855068e-01 2.851085940749212289e-01 6.401886106008913835e-01 5.932738857198466276e-01 9.555361377409279378e-01 9.455092953179929927e-01 2.902863251772097586e-01 1.234522581555743015e+00 4.205476300798673961e-01 5.626867982237022670e-01 4.591659225863941041e-01 7.080660481983604981e-01 2.929970905771037692e-01 0.000000000000000000e+00 5.608623254266780211e-01 5.307342258643980015e-01 6.216082738220474191e-01 1.012737645536312847e+00 6.475007201439297866e-01 3.345948303160724557e-01 2.348227828413501084e-01 7.487196161846580988e-01 6.296267733353712037e-01 5.332540795951005164e-01 4.528823126669802579e-01 4.922031394294413276e-01 4.574790075881754459e-01 4.038031305829487549e-01 1.734706518855957946e-01 4.600363314370722878e-01 3.750252123934474380e-01 7.815001415840283627e-01 7.096051231072193488e-01 2.784437933792702768e-01 6.458473916502138756e-01 3.863947389979687230e-01 6.208123099126159339e-01 9.318107497653497218e-01 7.313129208202647780e-01 1.471251500282245717e-01 5.699960677476931803e-01 4.258055599246962641e-01 1.115767365562313929e+00 6.659062455353894627e-01 7.495739322082332068e-01 5.912039114755880398e-01 1.576991816570215421e-01 5.724254795803248586e-01 8.331941631659194325e-01 4.295813254253418867e-01
2.744954037894932752e-01 8.036128511625660886e-01 7.314656651682432953e-01 8.184118941956533000e-01 7.138693716723264471e-01 7.366532762476736274e-01 2.982604842762792141e-01 7.144169724929068099e-01 2.747933348089138805e-01 2.896451599306236746e-01 3.832144523902648037e-01 5.125890169781005534e-01 5.405791006400928467e-01 5.608623254266780211e-01 0.000000000000000000e+00 5.218830669204927997e-01 2.903414510744559696e-01 5.002739071394243231e-01 4.414739845815572328e-01 3.483857897725332053e-01 4.698893880888422303e-01 5.109748615284732676e-01 2.310359963816818185e-01 1.988702053525579216e-01 2.880345781583393827e-01 5.572149926116973795e-01 3.301414444917730728e-01 1.742641932936915272e-01 4.313071240897355385e-01 6.803325539496479779e-01 3.660021048426179702e-01 5.751504813205914335e-01 1.732510294082735824e-01 4.240052724558938113e-01 6.353877725635758145e-01 4.473326900043582133e-01 3.762806450796236657e-01 4.096758330749116217e-01 4.124326696919701218e-01 6.805576132378853282e-01 1.495549640653566770e-01 1.584527053112859130e-01 5.882116929603264932e-01 4.072503478401626742e-01 3.451157408858598896e-01 6.975848477522432756e-01 4.166070175840186351e-01 6.301964147505313418e-01 5.882467236429804736e-01 2.358357258876035700e-01
7.961818394831474688e-01 8.056724820085687799e-01 2.503633327465441538e-01 8.184387584050267783e-01 1.162031195664219529e+00 1.205150058935535062e+00 3.650367754280761101e-01 1.236300039413398943e+00 5.888554009981842308e-01 7.378069839225165349e-01 2.495551977761732154e-01 9.812361992756843954e-01 5.186774040730800506e-01 5.307342258643980015e-01 5.218830669204927997e-01 0.000000000000000000e+00 7.589886333720398115e-01 1.022156974059916790e+00 9.017989045536389803e-01 6.379989950286909517e-01 2.985694913649997728e-01 9.591366855203660169e-01 7.219061411443233878e-01 4.042170677040695104e-01 2.376528194895670409e-01 1.774998807838968073e-01 7.629013672199005391e-01 5.219696396452349063e-01 5.307110881184811113e-01 6.695858052379471959e-01 4.512717252782131871e-01 1.042817823308910485e+00 6.796193334330847824e-01 5.776988180168364240e-01 1.553507153068658109e-01 1.560113749379558323e-01 8.439479870679429396e-01 9.315588999954045324e-01 8.974666812428248042e-01 6.684707770618320000e-01 6.054901009044053595e-01 3.886044605098219473e-01 1.110094759880819293e+00 8.624700110851921675e-01 8.572674385265834918e-01 2.438007339484186131e-01 4.076623434767481235e-01 1.304319107202201178e-01 1.036408547634873223e+00 6.261880205680364631e-01
2.583741907253350178e-01 8.478069024315882940e-01 9.124539027576047401e-01 8.317272108175663980e-01 6.694147355254833620e-01 4.854739885403742128e-01 5.649679823244257992e-01 7.116584547385128579e-01 2.541066172990313898e-01 3.274512060146900772e-01 5.582232806006650616e-01 2.410844391712763379e-01 5.546448523171600975e-01 6.216082738220474191e-01 2.903414510744559696e-01 7.589886333720398115e-01 0.000000000000000000e+00 4.873741471284287474e-01 2.610190502880228025e-01 3.544325447941601426e-01 6.262686686646881107e-01 4.564602049669350681e-01 4.003990590172002983e-01 3.585878717234337043e-01 5.277943896357644160e-01 7.321698867730679350e-01 1.877538298871610223e-01 4.646056443681474968e-01 4.793121958208585442e-01 6.938302552630341014e-01 4.334246767666429245e-01 3.246475710097116996e-01 1.612316274326977550e-01 3.990787249376319679e-01 8.267626721239396126e-01 6.938090683949853510e-01 1.612171635433045924e-01 4.052941977111147454e-01 1.557097134014591711e-01 7.228355709594328493e-01 1.660037731161844998e-01 4.242158592453095789e-01 5.743540553932205972e-01 3.613241243641535649e-01 3.057715839372475153e-01 8.790492513450238743e-01 5.912874473230054218e-01 8.702749376028928729e-01 5.485790029817620983e-01 3.707036180628539568e-01
2.381170206369854769e-01 1.246367198387421160e+00 1.231739572307667840e+00 1.262070618797501709e+00 8.968974987013850209e-01 8.582184923500996154e-01 7.687905654737940964e-01 2.364836115039856412e-01 6.906250745814258574e-01 6.049190681585766560e-01 8.830055841561555985e-01 5.796225340273413185e-01 9.892131510987152154e-01 1.012737645536312847e+00 5.002739071394243231e-01 1.022156974059916790e+00 4.873741471284287474e-01 0.000000000000000000e+00 4.156606835211346107e-01 6.982851856752152475e-01 9.607346898989266304e-01 6.807210579802295269e-01 3.978512478184820234e-01 6.906578875176349053e-01 7.883084852977636503e-01 1.057006124377588341e+00 6.082515054938266719e-01 6.100747987525618754e-01 8.630236374757268569e-01 1.123991278551496498e+00 8.311436278301193026e-01 6.942093386161347635e-01 3.996883112209789202e-01 8.478086106227765706e-01 1.135178904329466443e+00 9.476065971437825919e-01 5.943243420417145817e-01 1.567042769171973493e-01 3.745197479901848925e-01 1.122509208530557245e+00 5.411766369136000732e-01 6.489065329131130655e-01 1.431834759577917948e-01 5.702573595498828807e-01 3.215264861374060867e-01 1.197858754891667488e+00 8.858109879755426963e-01 1.130470321889955443e+00 7.774518838351430761e-01 6.050367794980880953e-01
2.326045239038791179e-01 8.698610442059615533e-01 1.057143722332109403e+00 9.114051401914224915e-01 4.812368151802503546e-01 5.073545125509295595e-01 5.727481724149209308e-01 6.397590023851797980e-01 4.225992863334145921e-01 2.376595395614417849e-01 7.550145716162178777e-01 2.357554960856677317e-01 6.132970277293906536e-01 6.475007201439297866e-01 4.414739845815572328e-01 9.017989045536389803e-01 2.610190502880228025e-01 4.156606835211346107e-01 0.000000000000000000e+00 3.206656898784644438e-01 6.620645026291287483e-01 2.650603744590949162e-01 2.369760374216977605e-01 5.622205467161078829e-01 6.738957552222148983e-01 9.088108950788852392e-01 2.330727612252282976e-01 3.979735719383026837e-01 4.983848932760841510e-01 7.795148419749922120e-01 5.979832494380877828e-01 3.433453588169644299e-01 3.863097375447934190e-01 4.893788806845165706e-01 1.030298635366472038e+00 7.997590117543932342e-01 2.269811836761427837e-01 3.541247836284002748e-01 1.486631906686809168e-01 7.448897127338061086e-01 3.609475135157718118e-01 5.173139630310654713e-01 5.140404266045385251e-01 1.586826522929392635e-01 1.617829475300593955e-01 1.011943289663501666e+00 5.937787155386158311e-01 9.993260890511611594e-01 3.650891371854178002e-01 3.122064512632674038e-01
5.115076248053446184e-01 5.553892555105955919e-01 7.580273228646497996e-01 6.191552786790237572e-01 6.209413074248556486e-01 6.386437448721125065e-01 2.729622196006147861e-01 9.223835045392605458e-01 2.410198009644957673e-01 2.280919679076300610e-01 5.633728559380428713e-01 3.843631083608762822e-01 3.200422262360166359e-01 3.345948303160724557e-01 3.483857897725332053e-01 6.379989950286909517e-01 3.544325447941601426e-01 6.982851856752152475e-01 3.206656898784644438e-01 0.000000000000000000e+00 3.629481031616688669e-01 4.141247858685855321e-01 3.459105604268557510e-01 4.457658442859913639e-01 4.533394568373190769e-01 6.096944956114251912e-01 1.762664879310205934e-01 1.756678803643362541e-01 1.779391124128362200e-01 4.870814670959849324e-01 3.913571423073534672e-01 4.746345911381475990e-01 4.517378072904883468e-01 2.313678413567110126e-01 7.621901859090297604e-01 5.091753865464432316e-01 3.221546938852446473e-01 6.351453360616284849e-01 4.044778905547997128e-01 4.319838229059490553e-01 3.291675129887065565e-01 3.250377706807049405e-01 7.950609790377666242e-01 3.378633370029623939e-01 4.548614229162358247e-01 7.128268901960416182e-01 2.759224736895145580e-01 7.009448322012084009e-01 4.985993328498470323e-01 1.290671365496212364e-01
7.421046387184602189e-01 5.097610389855209423e-01 4.057131838413155500e-01 5.278042756332804730e-01 9.817490862492939119e-01 9.590873475887954358e-01 2.212067049282105957e-01 1.177789470641130931e+00 3.758786078800740449e-01 5.898111865363493411e-01 2.296871801770074550e-01 7.216441004691626082e-01 2.248121170895387988e-01 2.348227828413501084e-01 4.698893880888422303e-01 2.985694913649997728e-01 6.262686686646881107e-01 9.607346898989266304e-01 6.620645026291287483e-01 3.629481031616688669e-01 0.000000000000000000e+00 7.687945556907458400e-01 6.253053947647949640e-01 3.058592401196193467e-01 2.502431184521985985e-01 2.573803565880911082e-01 4.643318758549008218e-01 3.956786037643075238e-01 2.491509217944168630e-01 3.809831341946868233e-01 1.945652124909744152e-01 7.950781938548304728e-01 6.014306601536003605e-01 2.791293266518370952e-01 4.110246088088640448e-01 1.547036982524022386e-01 6.286399640875415251e-01 8.738478343030076090e-01 7.458767033054637396e-01 3.725593340387838293e-01 4.867687627518008098e-01 3.137201710698120372e-01 1.053795816057938373e+00 6.804700280205883134e-01 7.531884319026030949e-01 3.567751609348027708e-01 1.351790269386672627e-01 3.379967290395396451e-01 8.603185514785666177e-01 4.595922602100855348e-01
4.976648983629740619e-01 9.695140413791812906e-01 1.152953905502256404e+00 1.018448015226879555e+00 2.180147688584103682e-01 6.645238402250491783e-01 6.285655422111798840e-01 9.048193768442748253e-01 5.389348876462101146e-01 2.213297015978495375e-01 8.601214748060682647e-01 3.996818224018756638e-01 7.203399027648479391e-01 7.487196161846580988e-01 5.109748615284732676e-01 9.591366855203660169e-01 4.564602049669350681e-01 6.807210579802295269e-01 2.650603744590949162e-01 4.141247858685855321e-01 7.687945556907458400e-01 0.000000000000000000e+00 3.939233847884266448e-01 6.785561480289034053e-01 7.312335361889419350e-01 1.015540948140501998e+00 3.494083625380238201e-01 4.553113529050296093e-01 5.920638982814216966e-01 8.865577170104494975e-01 7.143188507508833052e-01 5.005146864910841042e-01 5.586097731447989823e-01 6.036384045411137267e-01 1.103647838505947831e+00 8.570967927211206039e-01 3.687305013337057180e-01 6.191851580874953020e-01 3.948871380843478884e-01 8.461086087745343098e-01 4.772831148285672787e-01 5.746517439977923969e-01 7.791008010636332193e-01 1.445012749390954809e-01 3.956297583614270530e-01 1.115074989307601516e+00 6.784211653412711707e-01 1.056663870017888529e+00 1.309720951863923288e-01 3.554173458569467314e-01
2.017003065379406879e-01 8.607955723316123020e-01 9.157233611262137751e-01 9.459784333010259338e-01 5.957854661330193036e-01 7.346872339828013354e-01 4.065204257832394918e-01 6.212722519760447426e-01 4.919478807942698206e-01 2.193474421027678256e-01 6.016342060380746037e-01 4.727315335073654645e-01 6.468653808580187015e-01 6.296267733353712037e-01 2.310359963816818185e-01 7.219061411443233878e-01 4.003990590172002983e-01 3.978512478184820234e-01 2.369760374216977605e-01 3.459105604268557510e-01 6.253053947647949640e-01 3.939233847884266448e-01 0.000000000000000000e+00 4.233521511877583188e-01 4.886271207743243528e-01 7.756347462595073461e-01 3.488739452569000199e-01 2.317458253066213558e-01 4.774520114199179988e-01 8.139046217179870535e-01 5.894627469221522809e-01 5.706780802488364834e-01 2.452896888297100009e-01 5.581909959787130227e-01 8.538075262113856700e-01 6.315903859623285266e-01 4.181981829959333652e-01 3.231355541359182126e-01 3.152989115233390538e-01 7.377403344069316526e-01 3.511240255357948037e-01 3.352420120871134057e-01 5.070988155063695935e-01 2.610925417295547057e-01 1.390319652898158176e-01 8.818425437102135334e-01 5.120900363684545153e-01 8.194333256418454559e-01 4.701628181036733301e-01 2.194651534422792094e-01
4.564883038838756235e-01 7.743823950360190222e-01 5.543515851935031380e-01 6.449136787627849365e-01 8.915106785874514772e-01 8.009329912314656630e-01 2.693887045907721323e-01 9.031811453421605407e-01 2.047460433214955411e-01 4.708539414124925937e-01 2.001209630365633485e-01 5.792530118144715301e-01 3.556424527867906304e-01 5.332540795951005164e-01 1.988702053525579216e-01 4.042170677040695104e-01 3.585878717234337043e-01 6.906578875176349053e-01 5.622205467161078829e-01 4.457658442859913639e-01 3.058592401196193467e-01 6.785561480289034053e-01 4.233521511877583188e-01 0.000000000000000000e+00 1.883793458785405217e-01 3.740675692089661664e-01 3.813603726983339492e-01 3.049969558509519341e-01 4.240535304229350322e-01 5.013972091113844121e-01 1.706271075608969123e-01 6.386007556048415301e-01 3.012090373645713304e-01 2.660194469826113184e-01 4.681748004005060748e-01 3.544596256276557611e-01 4.397309193638735958e-01 5.954984257766430256e-01 4.983221168728516060e-01 6.494110635638636886e-01 2.012730332003360711e-01 1.457679369729227847e-01 7.725044039993396172e-01 5.834200674261217356e-01 5.390156637692816721e-01 5.209469337809221612e-01 4.019758481109602100e-01 5.232737869334133096e-01 7.694555051248492816e-01 4.071065034731001786e-01
5.623333507209941073e-01 7.278391791531630961e-01 4.467985401667999845e-01 7.449324115082105457e-01 9.341280463327950034e-01 9.741062148089824069e-01 2.000995725262094682e-01 1.002451550651245915e+00 3.864761511612903044e-01 5.099038345910923420e-01 1.780337470543784661e-01 7.500419555394089999e-01 4.469117625100811897e-01 4.528823126669802579e-01 2.880345781583393827e-01 2.376528194895670409e-01 5.277943896357644160e-01 7.883084852977636503e-01 6.738957552222148983e-01 4.533394568373190769e-01 2.502431184521985985e-01 7.312335361889419350e-01 4.886271207743243528e-01 1.883793458785405217e-01 0.000000000000000000e+00 3.261896494811721281e-01 5.675943830530816303e-01 3.158108110691785209e-01 4.066147861288330057e-01 5.961303473410443088e-01 2.680275962678037582e-01 8.126034198818997689e-01 4.457708446709314209e-01 4.348459245466420597e-01 3.791717615315707279e-01 1.717378173953579279e-01 6.137335836409321121e-01 6.977104112332508379e-01 6.636181924806713317e-01 5.910873225455637314e-01 3.803898288089470059e-01 1.565817921911494548e-01 8.762462711186658204e-01 6.345668617537679745e-01 6.210252138249150455e-01 4.141070918777466359e-01 3.006120456245042205e-01 3.428161922733984901e-01 8.085053983034490299e-01 4.321938377591886260e-01
8.235801060835701293e-01 7.671413955736119394e-01 1.833005462541047181e-01 7.316593598506248020e-01 1.228495478699050514e+00 1.161472571378514340e+00 4.062739211357349611e-01 1.268923953010713035e+00 5.219146005131370947e-01 8.058278453131773045e-01 1.883722067181035909e-01 9.397925919615200963e-01 4.318980055186778522e-01 4.922031394294413276e-01 5.572149926116973795e-01 1.774998807838968073e-01 7.321698867730679350e-01 1.057006124377588341e+00 9.088108950788852392e-01 6.096944956114251912e-01 2.573803565880911082e-01 1.015540948140501998e+00 7.756347462595073461e-01 3.740675692089661664e-01 3.261896494811721281e-01 0.000000000000000000e+00 7.110782683046571462e-01 5.768552004239190234e-01 5.060196390913532793e-01 5.828064066835451085e-01 3.429971482040464204e-01 9.991403357518897632e-01 6.747910524142055610e-01 4.886777608885463642e-01 1.579473461916245935e-01 1.874424554601101245e-01 8.002704995109219954e-01 9.616413784197029857e-01 8.719041319224856146e-01 6.299396906268751595e-01 5.748550482499702463e-01 4.632330926573321461e-01 1.139084010125748225e+00 9.272164204703446932e-01 9.017374790890831937e-01 1.636739740167601209e-01 3.918670217564451663e-01 1.912235136552724035e-01 1.104429409025533770e+00 6.794221174899680582e-01
4.212734117131550216e-01 6.836776361977164873e-01 8.594110955578819766e-01 6.929558022183988086e-01 5.623628930965722805e-01 5.064883959278850822e-01 4.333131414738402576e-01 8.323498243578719702e-01 2.049907059893307237e-01 2.007133666783871284e-01 5.449617854768981084e-01 2.696523930919397793e-01 4.006053291470274003e-01 4.574790075881754459e-01 3.301414444917730728e-01 7.629013672199005391e-01 1.877538298871610223e-01 6.082515054938266719e-01 2.330727612252282976e-01 1.762664879310205934e-01 4.643318758549008218e-01 3.494083625380238201e-01 3.488739452569000199e-01 3.813603726983339492e-01 5.675943830530816303e-01 7.110782683046571462e-01 0.000000000000000000e+00 3.144158130597418110e-01 3.151829295869866820e-01 5.610655040019685291e-01 3.684335055811044368e-01 3.424792421939199527e-01 2.858972017996230797e-01 2.663800192874200556e-01 8.202458492271523793e-01 6.190355741073031437e-01 1.708336487134331227e-01 5.451116558802396872e-01 3.060285121318504498e-01 5.587063047255609316e-01 1.900472238422559745e-01 4.558733244800297624e-01 7.050272988563778265e-01 2.542722819352422614e-01 3.809107450480558876e-01 8.142106628892735731e-01 4.271581810891334485e-01 8.023286048944402449e-01 4.415271605528508503e-01 1.925375611997144354e-01
4.052018241477344240e-01 6.411863006254570063e-01 7.073640189288419311e-01 7.559845250114303195e-01 6.582058630488827333e-01 7.477111323095645412e-01 1.770577328406044426e-01 8.318597347719924873e-01 4.036989789293209396e-01 2.339816513071801274e-01 4.644323426866738269e-01 4.934304957983284279e-01 4.557077298686875722e-01 4.038031305829487549e-01 1.742641932936915272e-01 5.219696396452349063e-01 4.646056443681474968e-01 6.100747987525618754e-01 3.979735719383026837e-01 1.756678803643362541e-01 3.956786037643075238e-01 4.553113529050296093e-01 2.317458253066213558e-01 3.049969558509519341e-01 3.158108110691785209e-01 5.768552004239190234e-01 3.144158130597418110e-01 0.000000000000000000e+00 2.632700711542099170e-01 6.227469707286558132e-01 4.673148517700528859e-01 5.837019785755996892e-01 3.365572901057929389e-01 3.827868048604958773e-01 6.759211511164382458e-01 4.067944462340128409e-01 4.312220813226965155e-01 5.291479029815990831e-01 5.014840035222924985e-01 5.181310627007764680e-01 3.238191573590481487e-01 1.592290188780291216e-01 7.131045187785635120e-01 3.586446784698558710e-01 3.596288624444293758e-01 6.647726428204937532e-01 2.803442110618331595e-01 6.110739834444738339e-01 5.325832150195367598e-01 1.366880761061225746e-01
6.581506628708995166e-01 3.846432854885232233e-01 6.543524663445779987e-01 5.297081380824891772e-01 7.988804198376915355e-01 7.993749127692951761e-01 2.176976584144763582e-01 1.084808573495157802e+00 2.949742731273319318e-01 4.027613213547386328e-01 4.596979994179708484e-01 5.619316656496625706e-01 2.294313429397464021e-01 1.734706518855957946e-01 4.313071240897355385e-01 5.307110881184811113e-01 4.793121958208585442e-01 8.630236374757268569e-01 4.983848932760841510e-01 1.779391124128362200e-01 2.491509217944168630e-01 5.920638982814216966e-01 4.774520114199179988e-01 4.240535304229350322e-01 4.066147861288330057e-01 5.060196390913532793e-01 3.151829295869866820e-01 2.632700711542099170e-01 0.000000000000000000e+00 3.964705837997147264e-01 3.559189598239985153e-01 6.353657590353303242e-01 5.735154221000433594e-01 1.645465070033637067e-01 6.585153293889577375e-01 3.786382991385242591e-01 4.746779273639182839e-01 7.820967417047640646e-01 5.821970939524193644e-01 2.615880475638425740e-01 4.379369035137783972e-01 3.041102273209123630e-01 9.660533575017284935e-01 5.155825404005821566e-01 5.928625526338900942e-01 6.055320504286547667e-01 1.320538348912891347e-01 5.867536185333914744e-01 6.765384452626832523e-01 2.718577916040139097e-01
8.908177206932345049e-01 7.036763925389675212e-01 7.427654204156025619e-01 1.729074402612284234e-01 1.099512247568997791e+00 1.067487779089790534e+00 5.602490899978894712e-01 1.340144438445440178e+00 4.404197997428141997e-01 7.135403135937499197e-01 5.045640533353783486e-01 8.306517762538452310e-01 1.732453665769509987e-01 4.600363314370722878e-01 6.803325539496479779e-01 6.695858052379471959e-01 6.938302552630341014e-01 1.123991278551496498e+00 7.795148419749922120e-01 4.870814670959849324e-01 3.809831341946868233e-01 8.865577170104494975e-01 8.139046217179870535e-01 5.013972091113844121e-01 5.961303473410443088e-01 5.828064066835451085e-01 5.610655040019685291e-01 6.227469707286558132e-01 3.964705837997147264e-01 0.000000000000000000e+00 3.417856812818513279e-01 9.034786253558254598e-01 7.268651662591868456e-01 3.021177334448204022e-01 7.295047807643283422e-01 5.321680058073785524e-01 7.214577786966818174e-01 1.032461718879922552e+00 8.470414815143416654e-01 5.787050610668121875e-01 5.828146416378958694e-01 6.471651460843071968e-01 1.209467697102619255e+00 7.979203673664519991e-01 9.228554842073671827e-01 6.975649877469942695e-01 4.358030836776179417e-01 6.966421468749776080e-01 9.786765150252765277e-01 5.970611978407524001e-01
5.979700699718576429e-01 6.363225350889893939e-01 5.189203708863215914e-01 4.892490870133974767e-01 9.272733813094313771e-01 8.515714122441843115e-01 4.051350452878774711e-01 1.046397071160614978e+00 1.865899256473753098e-01 5.691468722594913432e-01 2.030626902173005011e-01 6.212424775803218058e-01 1.930301242323246014e-01 3.750252123934474380e-01 3.660021048426179702e-01 4.512717252782131871e-01 4.334246767666429245e-01 8.311436278301193026e-01 5.979832494380877828e-01 3.913571423073534672e-01 1.945652124909744152e-01 7.143188507508833052e-01 5.894627469221522809e-01 1.706271075608969123e-01 2.680275962678037582e-01 3.429971482040464204e-01 3.684335055811044368e-01 4.673148517700528859e-01 3.559189598239985153e-01 3.417856812818513279e-01 0.000000000000000000e+00 6.875622585102195705e-01 4.314553166091403269e-01 2.011049348238732326e-01 4.697076033457489586e-01 3.453257708072664522e-01 4.920917129311795923e-01 7.387143515950972406e-01 5.859397412391391669e-01 5.076568148058874241e-01 2.966754750485575132e-01 3.080858328920236811e-01 9.157203298177938322e-01 6.191827701481016355e-01 6.964795831609849053e-01 4.809115108279753414e-01 3.015596141351852832e-01 4.879589176473545509e-01 8.064376487657103354e-01 5.078314423257368482e-01
5.010459524363469752e-01 1.003860465646059907e+00 1.179424351736426901e+00 1.035368923572255628e+00 7.161044291977264331e-01 1.716552560575798358e-01 7.286648091305684138e-01 9.183076574801800618e-01 5.069313426194353989e-01 4.113290896417557962e-01 8.313947805049515249e-01 1.680407833083313873e-01 7.377911850206151367e-01 7.815001415840283627e-01 5.751504813205914335e-01 1.042817823308910485e+00 3.246475710097116996e-01 6.942093386161347635e-01 3.433453588169644299e-01 4.746345911381475990e-01 7.950781938548304728e-01 5.005146864910841042e-01 5.706780802488364834e-01 6.386007556048415301e-01 8.126034198818997689e-01 9.991403357518897632e-01 3.424792421939199527e-01 5.837019785755996892e-01 6.353657590353303242e-01 9.034786253558254598e-01 6.875622585102195705e-01 0.000000000000000000e+00 4.858791984424094546e-01 6.080020858891983515e-01 1.106678844255206018e+00 9.497818921072326281e-01 1.988698362409677678e-01 6.306103591963833077e-01 3.355533544726200246e-01 8.788891341739045737e-01 4.373277224045053480e-01 7.030423696683625323e-01 7.905260021725214470e-01 4.011222141440378697e-01 4.828590452760509466e-01 1.144956980889203724e+00 7.473410105374770351e-01 1.133074922894370395e+00 6.009602002522116404e-01 4.705931632379614094e-01
