0.000000000000000000e+00 1.825916603919623737e+00 1.179657156080434088e+00 1.515485795151574999e+00 9.891130686071131217e-01 1.153344862099822787e+00 9.073033500609324342e-01 1.160842641907545048e+00 1.580612643420866492e+00 7.739140593980470273e-01 7.005482171217343179e-01 9.523953001952025765e-01 5.691527113140719685e-01 1.356491127393657292e+00 6.193198661076029232e-01 1.394860610076127605e+00 8.524846231549582098e-01 4.585042705741694813e-01 7.515807234765591316e-01 7.738974578340079846e-01 6.791917068702553184e-01 1.266509679867814375e+00 1.071910661325093717e+00 8.561049913563474334e-01 1.463125081906105684e+00
1.825916603919623737e+00 0.000000000000000000e+00 1.416829487926590359e+00 1.000215489038202454e+00 1.655609184563913372e+00 1.467653306909609823e+00 1.607398323000461149e+00 8.501172514487352894e-01 9.417399417648354421e-01 2.050455122191838342e+00 1.826556450603643134e+00 8.904802083379096400e-01 1.431189608729483309e+00 5.312103943884600721e-01 1.429832517583363050e+00 6.110906830106489496e-01 1.113648745927338535e+00 1.744865257818398740e+00 1.101427772528174032e+00 1.444259512601165474e+00 1.451221358150900365e+00 6.929311465935412695e-01 8.332640031565263783e-01 1.197378310416234326e+00 5.524918661013208387e-01
1.179657156080434088e+00 1.416829487926590359e+00 0.000000000000000000e+00 1.122730159378097836e+00 9.998026867180976884e-01 9.048627990055019277e-01 1.049075626487947943e+00 9.016618740274341404e-01 1.124704432332864545e+00 1.383640850644424436e+00 1.155852408350824811e+00 5.722833821581759794e-01 7.819129192321790933e-01 1.102996165154842556e+00 9.373847501065244447e-01 9.046265292214817899e-01 5.545975123937334494e-01 1.086678015232640515e+00 7.087250729298441021e-01 7.636594581333185916e-01 8.137425314513045960e-01 8.241531656118357141e-01 8.576930402861179248e-01 6.043070841539341931e-01 1.155981492829988300e+00
1.515485795151574999e+00 1.000215489038202454e+00 1.122730159378097836e+00 0.000000000000000000e+00 1.379271176183636038e+00 1.120060740214124495e+00 1.370769572968956851e+00 9.804609155626596850e-01 8.280857834517753036e-01 1.740675389318650623e+00 1.516799808684410777e+00 5.667104010202865805e-01 1.121432966810250731e+00 5.521015340831579854e-01 1.260303508088570279e+00 7.292009282489166910e-01 9.805206942990960517e-01 1.432378836523204191e+00 8.713486861082782031e-01 1.136972306013421141e+00 1.137318523814510263e+00 5.163366214809720356e-01 5.783385755446514009e-01 8.637119742027349334e-01 8.474896989007504322e-01
9.891130686071131217e-01 1.655609184563913372e+00 9.998026867180976884e-01 1.379271176183636038e+00 0.000000000000000000e+00 1.059852215379915030e+00 8.958571912673459758e-01 8.661095763993025276e-01 1.424040806232686363e+00 1.126729013576261762e+00 8.985851940691235162e-01 8.186592685780874623e-01 6.210576854562246396e-01 1.315172510196886746e+00 4.708961996253746563e-01 1.104066758113180224e+00 5.549799045911819606e-01 8.188186036055850048e-01 7.277506037611309875e-01 3.693923257873734101e-01 7.565549875203674279e-01 1.118613058468975296e+00 1.031315988074588352e+00 7.561233337773516361e-01 1.171492471759923548e+00
1.153344862099822787e+00 1.467653306909609823e+00 9.048627990055019277e-01 1.120060740214124495e+00 1.059852215379915030e+00 0.000000000000000000e+00 9.974880793307984161e-01 9.489674725596607407e-01 1.237817476458654475e+00 1.381886472537553257e+00 1.191921873145016519e+00 5.781567240341561886e-01 7.965550312708565839e-01 1.029577437781978189e+00 9.260131627356681383e-01 1.080504295572800810e+00 7.148818423933073207e-01 1.066402739625720297e+00 5.885363695023867470e-01 8.175103420842608770e-01 7.698895401659793247e-01 9.188885230284119521e-01 7.356978544325144531e-01 3.104182535060807657e-01 1.230257134878386616e+00
9.073033500609324342e-01 1.607398323000461149e+00 1.049075626487947943e+00 1.370769572968956851e+00 8.958571912673459758e-01 9.974880793307984161e-01 0.000000000000000000e+00 8.556194568067422290e-01 1.441306011033652412e+00 1.136703782847890976e+00 1.000291023585502703e+00 8.080945334697033910e-01 6.461360039419385970e-01 1.134962618428801751e+00 4.706039655066684979e-01 1.260880884237829180e+00 7.317714770277936598e-01 8.079573966019438780e-01 5.304923002042428726e-01 7.508478123551228789e-01 3.643063441033729810e-01 1.127203047480600295e+00 8.529063140023973588e-01 7.002482085873227291e-01 1.158050709683908330e+00
1.160842641907545048e+00 8.501172514487352894e-01 9.016618740274341404e-01 9.804609155626596850e-01 8.661095763993025276e-01 9.489674725596607407e-01 8.556194568067422290e-01 0.000000000000000000e+00 9.773867926172387088e-01 1.389384252345275295e+00 1.164010445111712588e+00 6.417905103294345714e-01 8.538123860782035335e-01 5.446806152974801307e-01 5.955037664037137191e-01 4.647539545404708039e-01 4.387050302143947755e-01 1.037816365571776478e+00 4.376291303879116801e-01 7.633241363333229668e-01 7.738446023395743056e-01 7.399910531199724861e-01 4.052191951097020017e-01 7.068900316848176768e-01 3.137542286191636332e-01
1.580612643420866492e+00 9.417399417648354421e-01 1.124704432332864545e+00 8.280857834517753036e-01 1.424040806232686363e+00 1.237817476458654475e+00 1.441306011033652412e+00 9.773867926172387088e-01 0.000000000000000000e+00 1.801425757638689396e+00 1.573637315345089993e+00 6.620050902269114523e-01 1.185865142191280031e+00 6.741509252871067392e-01 1.367776526926132385e+00 5.201938581113791926e-01 9.381278871602179992e-01 1.499561297319641717e+00 1.056185263712705380e+00 1.181741936062470577e+00 1.206346123884683985e+00 3.247971593718376182e-01 7.911230696685545016e-01 9.593916917571212455e-01 7.901152827955446600e-01
7.739140593980470273e-01 2.050455122191838342e+00 1.383640850644424436e+00 1.740675389318650623e+00 1.126729013576261762e+00 1.381886472537553257e+00 1.136703782847890976e+00 1.389384252345275295e+00 1.801425757638689396e+00 0.000000000000000000e+00 7.772364065026009516e-01 1.177584894362277090e+00 7.533219119045944101e-01 1.585032737831387317e+00 8.276216885918923349e-01 1.543984266496872815e+00 9.918251755388547419e-01 4.372333231542592236e-01 9.801223339142890456e-01 9.115134028031569580e-01 9.077333173079851214e-01 1.490604780849403621e+00 1.300452271762823742e+00 1.084646601794077236e+00 1.691666692343835265e+00
7.005482171217343179e-01 1.826556450603643134e+00 1.155852408350824811e+00 1.516799808684410777e+00 8.985851940691235162e-01 1.191921873145016519e+00 1.000291023585502703e+00 1.164010445111712588e+00 1.573637315345089993e+00 7.772364065026009516e-01 0.000000000000000000e+00 9.539047974905542349e-01 5.520769444134842052e-01 1.448619978568998601e+00 6.231673856615935758e-01 1.316195824203273412e+00 7.640367332452554505e-01 4.807503165862289651e-01 8.437095746519006623e-01 6.837249605095576666e-01 7.713205580455968491e-01 1.266706109261208857e+00 1.161717498365415047e+00 8.881929915424529032e-01 1.473202370203561262e+00
9.523953001952025765e-01 8.904802083379096400e-01 5.722833821581759794e-01 5.667104010202865805e-01 8.186592685780874623e-01 5.781567240341561886e-01 8.080945334697033910e-01 6.417905103294345714e-01 6.620050902269114523e-01 1.177584894362277090e+00 9.539047974905542349e-01 0.000000000000000000e+00 5.585379556163940773e-01 5.458952663070014699e-01 7.506281161660650625e-01 5.048798252153199329e-01 4.521957268074902059e-01 8.685382542590993626e-01 4.251947079347647707e-01 5.763603984078723430e-01 5.734779415504061006e-01 3.424121904681814987e-01 3.134850603244413447e-01 3.091756177153825447e-01 7.771843843842098920e-01
5.691527113140719685e-01 1.431189608729483309e+00 7.819129192321790933e-01 1.121432966810250731e+00 6.210576854562246396e-01 7.965550312708565839e-01 6.461360039419385970e-01 8.538123860782035335e-01 1.185865142191280031e+00 7.533219119045944101e-01 5.520769444134842052e-01 5.585379556163940773e-01 0.000000000000000000e+00 1.053599438674621913e+00 4.781696072713735313e-01 9.949516763693893040e-01 4.525756894482197423e-01 4.628568307313830066e-01 4.503440590476013861e-01 3.880653189539802761e-01 3.998040228285824060e-01 8.717621786382280247e-01 7.663506564912550001e-01 4.928261496682926346e-01 1.162703792068509268e+00
1.356491127393657292e+00 5.312103943884600721e-01 1.102996165154842556e+00 5.521015340831579854e-01 1.315172510196886746e+00 1.029577437781978189e+00 1.134962618428801751e+00 5.446806152974801307e-01 6.741509252871067392e-01 1.585032737831387317e+00 1.448619978568998601e+00 5.458952663070014699e-01 1.053599438674621913e+00 0.000000000000000000e+00 9.927224985638678501e-01 4.688266168389074728e-01 9.441692752816126522e-01 1.269549004919554802e+00 6.100172542548168986e-01 1.076222896962300668e+00 9.712605782263589171e-01 4.063104663450367027e-01 3.116479013025234002e-01 7.987962895825776455e-01 3.041539305514625591e-01
6.193198661076029232e-01 1.429832517583363050e+00 9.373847501065244447e-01 1.260303508088570279e+00 4.708961996253746563e-01 9.260131627356681383e-01 4.706039655066684979e-01 5.955037664037137191e-01 1.367776526926132385e+00 8.276216885918923349e-01 6.231673856615935758e-01 7.506281161660650625e-01 4.781696072713735313e-01 9.927224985638678501e-01 0.000000000000000000e+00 9.732091568081633337e-01 4.478434147712879176e-01 4.423125991680628144e-01 4.090999738787692852e-01 4.895874201301647632e-01 4.896678312209751804e-01 1.062348779162421986e+00 7.106661941374630143e-01 6.372115721635687180e-01 8.979696258284961541e-01
1.394860610076127605e+00 6.110906830106489496e-01 9.046265292214817899e-01 7.292009282489166910e-01 1.104066758113180224e+00 1.080504295572800810e+00 1.260880884237829180e+00 4.647539545404708039e-01 5.201938581113791926e-01 1.543984266496872815e+00 1.316195824203273412e+00 5.048798252153199329e-01 9.949516763693893040e-01 4.688266168389074728e-01 9.732091568081633337e-01 0.000000000000000000e+00 5.529919133616788551e-01 1.247021431085089782e+00 8.799190287386347009e-01 9.169274908129605439e-01 1.025547789201185722e+00 3.308937666272324107e-01 6.559251023496690536e-01 7.844790605919721438e-01 3.054185191157276491e-01
8.524846231549582098e-01 1.113648745927338535e+00 5.545975123937334494e-01 9.805206942990960517e-01 5.549799045911819606e-01 7.148818423933073207e-01 7.317714770277936598e-01 4.387050302143947755e-01 9.381278871602179992e-01 9.918251755388547419e-01 7.640367332452554505e-01 4.521957268074902059e-01 4.525756894482197423e-01 9.441692752816126522e-01 4.478434147712879176e-01 5.529919133616788551e-01 0.000000000000000000e+00 6.948623401270714872e-01 4.184728694007001093e-01 3.647683998549423601e-01 4.962867536765437348e-01 6.479653689002190520e-01 7.022799254759555243e-01 4.111529607907433714e-01 7.510882152114580768e-01
4.585042705741694813e-01 1.744865257818398740e+00 1.086678015232640515e+00 1.432378836523204191e+00 8.188186036055850048e-01 1.066402739625720297e+00 8.079573966019438780e-01 1.037816365571776478e+00 1.499561297319641717e+00 4.372333231542592236e-01 4.807503165862289651e-01 8.685382542590993626e-01 4.628568307313830066e-01 1.269549004919554802e+00 4.423125991680628144e-01 1.247021431085089782e+00 6.948623401270714872e-01 0.000000000000000000e+00 6.646386010024564195e-01 6.145505673913734812e-01 5.922495843961521622e-01 1.185458333766589822e+00 9.849685388509903383e-01 7.691628688822444992e-01 1.340282224996558469e+00
7.515807234765591316e-01 1.101427772528174032e+00 7.087250729298441021e-01 8.713486861082782031e-01 7.277506037611309875e-01 5.885363695023867470e-01 5.304923002042428726e-01 4.376291303879116801e-01 1.056185263712705380e+00 9.801223339142890456e-01 8.437095746519006623e-01 4.251947079347647707e-01 4.503440590476013861e-01 6.100172542548168986e-01 4.090999738787692852e-01 8.799190287386347009e-01 4.184728694007001093e-01 6.646386010024564195e-01 0.000000000000000000e+00 4.848523783787063723e-01 3.663501743092604790e-01 7.358288580524976474e-01 3.272164813769172231e-01 3.192565586368898978e-01 7.395913712762027803e-01
7.738974578340079846e-01 1.444259512601165474e+00 7.636594581333185916e-01 1.136972306013421141e+00 3.693923257873734101e-01 8.175103420842608770e-01 7.508478123551228789e-01 7.633241363333229668e-01 1.181741936062470577e+00 9.115134028031569580e-01 6.837249605095576666e-01 5.763603984078723430e-01 3.880653189539802761e-01 1.076222896962300668e+00 4.895874201301647632e-01 9.169274908129605439e-01 3.647683998549423601e-01 6.145505673913734812e-01 4.848523783787063723e-01 0.000000000000000000e+00 5.123867170103230118e-01 8.763141882987603992e-01 7.889741147789339770e-01 5.137814604816969277e-01 1.072516061425171197e+00
6.791917068702553184e-01 1.451221358150900365e+00 8.137425314513045960e-01 1.137318523814510263e+00 7.565549875203674279e-01 7.698895401659793247e-01 3.643063441033729810e-01 7.738446023395743056e-01 1.206346123884683985e+00 9.077333173079851214e-01 7.713205580455968491e-01 5.734779415504061006e-01 3.998040228285824060e-01 9.712605782263589171e-01 4.896678312209751804e-01 1.025547789201185722e+00 4.962867536765437348e-01 5.922495843961521622e-01 3.663501743092604790e-01 5.123867170103230118e-01 0.000000000000000000e+00 8.922431603316318682e-01 6.866801121577947864e-01 4.726496694225036377e-01 1.076127042338134832e+00
1.266509679867814375e+00 6.929311465935412695e-01 8.241531656118357141e-01 5.163366214809720356e-01 1.118613058468975296e+00 9.188885230284119521e-01 1.127203047480600295e+00 7.399910531199724861e-01 3.247971593718376182e-01 1.490604780849403621e+00 1.266706109261208857e+00 3.424121904681814987e-01 8.717621786382280247e-01 4.063104663450367027e-01 1.062348779162421986e+00 3.308937666272324107e-01 6.479653689002190520e-01 1.185458333766589822e+00 7.358288580524976474e-01 8.763141882987603992e-01 8.922431603316318682e-01 0.000000000000000000e+00 4.670810280445487628e-01 6.434851590869361537e-01 5.711194314987225740e-01
1.071910661325093717e+00 8.332640031565263783e-01 8.576930402861179248e-01 5.783385755446514009e-01 1.031315988074588352e+00 7.356978544325144531e-01 8.529063140023973588e-01 4.052191951097020017e-01 7.911230696685545016e-01 1.300452271762823742e+00 1.161717498365415047e+00 3.134850603244413447e-01 7.663506564912550001e-01 3.116479013025234002e-01 7.106661941374630143e-01 6.559251023496690536e-01 7.022799254759555243e-01 9.849685388509903383e-01 3.272164813769172231e-01 7.889741147789339770e-01 6.866801121577947864e-01 4.670810280445487628e-01 0.000000000000000000e+00 5.150999638941303749e-01 5.258807648422103576e-01
8.561049913563474334e-01 1.197378310416234326e+00 6.043070841539341931e-01 8.637119742027349334e-01 7.561233337773516361e-01 3.104182535060807657e-01 7.002482085873227291e-01 7.068900316848176768e-01 9.593916917571212455e-01 1.084646601794077236e+00 8.881929915424529032e-01 3.091756177153825447e-01 4.928261496682926346e-01 7.987962895825776455e-01 6.372115721635687180e-01 7.844790605919721438e-01 4.111529607907433714e-01 7.691628688822444992e-01 3.192565586368898978e-01 5.137814604816969277e-01 4.726496694225036377e-01 6.434851590869361537e-01 5.150999638941303749e-01 0.000000000000000000e+00 1.008852272573108833e+00
1.463125081906105684e+00 5.524918661013208387e-01 1.155981492829988300e+00 8.474896989007504322e-01 1.171492471759923548e+00 1.230257134878386616e+00 1.158050709683908330e+00 3.137542286191636332e-01 7.901152827955446600e-01 1.691666692343835265e+00 1.473202370203561262e+00 7.771843843842098920e-01 1.162703792068509268e+00 3.041539305514625591e-01 8.979696258284961541e-01 3.054185191157276491e-01 7.510882152114580768e-01 1.340282224996558469e+00 7.395913712762027803e-01 1.072516061425171197e+00 1.076127042338134832e+00 5.711194314987225740e-01 5.258807648422103576e-01 1.008852272573108833e+00 0.000000000000000000e+00
