0.000000000000000000e+00 1.033301745757134515e+00 9.662645529563316238e-01 1.002775281284487230e+00 6.842574668418444084e-01 6.735842409561214605e-01 6.025885853269629111e-01 4.729419998989307650e-01 4.577958496665319177e-01 4.011228687145267924e-01 6.325304143448580163e-01 3.560034279069507757e-01 3.095498620033813597e-01 7.264259111466945251e-01 7.372388996161111097e-01 8.058745335924896169e-01 4.896476417425307259e-01 2.415136779893298224e-01 2.428262844092674844e-01 4.894787212397438969e-01 2.322840017343429930e-01 6.995418421285322097e-01 4.853834381904223449e-01 6.921771555445330737e-01 2.057741325014160738e-01
1.033301745757134515e+00 0.000000000000000000e+00 1.013265948986903808e+00 8.338889602403458667e-01 1.203631213927934374e+00 1.231216089154618221e+00 5.540071397432184686e-01 6.513936853162998197e-01 1.458028515586363483e+00 8.323548479234504915e-01 7.904864238899141915e-01 9.472013267989498608e-01 7.482183380601586942e-01 5.435840678182831676e-01 2.960628461410231838e-01 9.450812189469539604e-01 5.725183601217427309e-01 1.235972404152793080e+00 8.657796397820798351e-01 6.807255734420961657e-01 8.198137312012111488e-01 7.311171115003138876e-01 1.025357558389067059e+00 5.923179075553413053e-01 9.460191507300413916e-01
9.662645529563316238e-01 1.013265948986903808e+00 0.000000000000000000e+00 1.005958444724405210e+00 1.389410716677028867e+00 1.377239123179013980e+00 5.525994140984957781e-01 7.983574290534607432e-01 1.415127772487104085e+00 9.958102492266300843e-01 3.496798610477092062e-01 1.060889143764454978e+00 6.657704146760297093e-01 6.925527770931804161e-01 7.614553018585278332e-01 2.444250041758986303e-01 7.774240461255821355e-01 1.191280982236001096e+00 8.181676050374002696e-01 5.712013429946010135e-01 8.714392050994133054e-01 3.081580950469964275e-01 1.216427996544809265e+00 4.756444503816475433e-01 1.070419631489126333e+00
1.002775281284487230e+00 8.338889602403458667e-01 1.005958444724405210e+00 0.000000000000000000e+00 1.220040014773071446e+00 1.190493122285368521e+00 6.630959653546463217e-01 5.568460799126276894e-01 1.452599360313883592e+00 8.579637355318746605e-01 7.236805768502764247e-01 8.960222985379846516e-01 7.942882056188932394e-01 3.138312171587039900e-01 5.694883041472686980e-01 9.759138718683133540e-01 6.330513540920585935e-01 1.235118932343655107e+00 7.659096910812318582e-01 5.646480846703537670e-01 8.941180976996112584e-01 7.661446384876894333e-01 1.037576318215513771e+00 5.303139943427577219e-01 9.602094134982994689e-01
6.842574668418444084e-01 1.203631213927934374e+00 1.389410716677028867e+00 1.220040014773071446e+00 0.000000000000000000e+00 9.160573539949504740e-01 9.070186106500197631e-01 7.360966188350392958e-01 1.083210689288240935e+00 3.972972603219101506e-01 1.091548216133080951e+00 6.372941867540979910e-01 7.578176033634645981e-01 9.524062869012015486e-01 9.114758115879046940e-01 1.242321857226936332e+00 6.490630373644882267e-01 8.641437264136663243e-01 7.224154933873365714e-01 9.307757312482725087e-01 6.066761132549300939e-01 1.107542015544323633e+00 2.097273055133156150e-01 1.052112431814688831e+00 4.977322445056959199e-01
6.735842409561214605e-01 1.231216089154618221e+00 1.377239123179013980e+00 1.190493122285368521e+00 9.160573539949504740e-01 0.000000000000000000e+00 9.825887482894405389e-01 6.548353035969127767e-01 1.083312970819142018e+00 6.114830317661755776e-01 1.037548625057025609e+00 3.448667003721357927e-01 8.186977747844838005e-01 9.256608292511145919e-01 9.427659866180295722e-01 1.251574248015533408e+00 7.190591010201301536e-01 8.652478254477460329e-01 6.077851235667637297e-01 8.234683401294295990e-01 7.515333258113610082e-01 1.155462712029131644e+00 7.304312462369108028e-01 1.034034927320261366e+00 5.815657425401601355e-01
6.025885853269629111e-01 5.540071397432184686e-01 5.525994140984957781e-01 6.630959653546463217e-01 9.070186106500197631e-01 9.825887482894405389e-01 0.000000000000000000e+00 4.760975345473756337e-01 1.041523489912399958e+00 5.188745436185806525e-01 3.562528100348254512e-01 7.103118842165058178e-01 3.009557749031414042e-01 3.583830340967687489e-01 2.793428834236941771e-01 4.323103293681010428e-01 2.635296472693104963e-01 8.194673784788298887e-01 5.016529261426729835e-01 3.672051740888367388e-01 4.371713684602065442e-01 2.529395169472091198e-01 7.332259113502432868e-01 2.185681754035022628e-01 6.191162087873582909e-01
4.729419998989307650e-01 6.513936853162998197e-01 7.983574290534607432e-01 5.568460799126276894e-01 7.360966188350392958e-01 6.548353035969127767e-01 4.760975345473756337e-01 0.000000000000000000e+00 9.168053847223152086e-01 3.875384020382410810e-01 4.523069124643042116e-01 3.429063863085886066e-01 3.033059691647836953e-01 2.974835326171209049e-01 3.652291397626304947e-01 6.973545244297524315e-01 2.416274653502675507e-01 6.993249567520858356e-01 2.301157154896632806e-01 2.271560860588590636e-01 4.714423179784929530e-01 6.192069541192499749e-01 5.536329222774820646e-01 3.833763099743182634e-01 4.555494150582549140e-01
4.577958496665319177e-01 1.458028515586363483e+00 1.415127772487104085e+00 1.452599360313883592e+00 1.083210689288240935e+00 1.083312970819142018e+00 1.041523489912399958e+00 9.168053847223152086e-01 0.000000000000000000e+00 7.980023971263723315e-01 1.085168432428262664e+00 7.661772134558164637e-01 7.534420202985093740e-01 1.178928481705271869e+00 1.161965669445340188e+00 1.256232002446934892e+00 9.143744115717595822e-01 2.414497731612255116e-01 6.866896692326518448e-01 9.427645325722167069e-01 6.479544729632841227e-01 1.148405061659304005e+00 8.839852681377933230e-01 1.149312290399828740e+00 6.005247684707510913e-01
4.011228687145267924e-01 8.323548479234504915e-01 9.958102492266300843e-01 8.579637355318746605e-01 3.972972603219101506e-01 6.114830317661755776e-01 5.188745436185806525e-01 3.875384020382410810e-01 7.980023971263723315e-01 0.000000000000000000e+00 6.979477486826822785e-01 3.357702144535272271e-01 3.642171359130658148e-01 5.851741547154408751e-01 5.401994455834209230e-01 8.487213897765377713e-01 2.640668769342873756e-01 5.785000507533375469e-01 3.805721317035711815e-01 5.889323695645074519e-01 2.268051427593992253e-01 7.139415480939246272e-01 2.247512594472567959e-01 6.808360658102047269e-01 2.070639522767044050e-01
6.325304143448580163e-01 7.904864238899141915e-01 3.496798610477092062e-01 7.236805768502764247e-01 1.091548216133080951e+00 1.037548625057025609e+00 3.562528100348254512e-01 4.523069124643042116e-01 1.085168432428262664e+00 6.979477486826822785e-01 0.000000000000000000e+00 7.211986456424664960e-01 3.522567317841788226e-01 4.098493596915727122e-01 5.386757767615383274e-01 2.766727721549327446e-01 5.448140395238941780e-01 8.613216421771597853e-01 4.784771069154108991e-01 2.251508264054451203e-01 5.588621261468723622e-01 2.112634074589276045e-01 9.185654960008612369e-01 2.074883465276708694e-01 7.670505512741188081e-01
3.560034279069507757e-01 9.472013267989498608e-01 1.060889143764454978e+00 8.960222985379846516e-01 6.372941867540979910e-01 3.448667003721357927e-01 7.103118842165058178e-01 3.429063863085886066e-01 7.661772134558164637e-01 3.357702144535272271e-01 7.211986456424664960e-01 0.000000000000000000e+00 4.979484667838830481e-01 6.317587230990551195e-01 6.587512242623614345e-01 9.308249400149327668e-01 4.467822369471955435e-01 5.481120680844208115e-01 2.787218747709685474e-01 5.071183607148705974e-01 4.806858879141928664e-01 8.347134040285307810e-01 4.515536392788284670e-01 7.236075216908691710e-01 2.825825401403391224e-01
3.095498620033813597e-01 7.482183380601586942e-01 6.657704146760297093e-01 7.942882056188932394e-01 7.578176033634645981e-01 8.186977747844838005e-01 3.009557749031414042e-01 3.033059691647836953e-01 7.534420202985093740e-01 3.642171359130658148e-01 3.522567317841788226e-01 4.979484667838830481e-01 0.000000000000000000e+00 5.137484782857960619e-01 4.572649038004815703e-01 5.101438618401932246e-01 2.481934407916344121e-01 5.295952300474063845e-01 2.339420095890911433e-01 2.497171772033748571e-01 2.184000044863393386e-01 3.971150070604440030e-01 5.848348832312446621e-01 4.284185618369829029e-01 4.265884296135855069e-01
7.264259111466945251e-01 5.435840678182831676e-01 6.925527770931804161e-01 3.138312171587039900e-01 9.524062869012015486e-01 9.256608292511145919e-01 3.583830340967687489e-01 2.974835326171209049e-01 1.178928481705271869e+00 5.851741547154408751e-01 4.098493596915727122e-01 6.317587230990551195e-01 5.137484782857960619e-01 0.000000000000000000e+00 2.801354057271813747e-01 6.625082042370884494e-01 3.599772659754572612e-01 9.614480537350424960e-01 4.926799428127163760e-01 2.784757817687657511e-01 6.210440095830098706e-01 4.527389708564648063e-01 7.699425903436446506e-01 2.169083267115330393e-01 6.940432448673319321e-01
7.372388996161111097e-01 2.960628461410231838e-01 7.614553018585278332e-01 5.694883041472686980e-01 9.114758115879046940e-01 9.427659866180295722e-01 2.793428834236941771e-01 3.652291397626304947e-01 1.161965669445340188e+00 5.401994455834209230e-01 5.386757767615383274e-01 6.587512242623614345e-01 4.572649038004815703e-01 2.801354057271813747e-01 0.000000000000000000e+00 6.868045426244367979e-01 2.774193957857350457e-01 9.399095580117701187e-01 5.947681688171362335e-01 4.113157522277185452e-01 5.237508850601876320e-01 4.772529323972154458e-01 7.333173854094511279e-01 3.349363187725882818e-01 6.509201863940342614e-01
8.058745335924896169e-01 9.450812189469539604e-01 2.444250041758986303e-01 9.759138718683133540e-01 1.242321857226936332e+00 1.251574248015533408e+00 4.323103293681010428e-01 6.973545244297524315e-01 1.256232002446934892e+00 8.487213897765377713e-01 2.766727721549327446e-01 9.308249400149327668e-01 5.101438618401932246e-01 6.625082042370884494e-01 6.868045426244367979e-01 0.000000000000000000e+00 6.478657260059824674e-01 1.032385212195831681e+00 6.824335294578240951e-01 4.800699353770968014e-01 7.232193702682921943e-01 2.139641074466404336e-01 1.069339137094716508e+00 4.586743411944793625e-01 9.233307720390339091e-01
4.896476417425307259e-01 5.725183601217427309e-01 7.774240461255821355e-01 6.330513540920585935e-01 6.490630373644882267e-01 7.190591010201301536e-01 2.635296472693104963e-01 2.416274653502675507e-01 9.143744115717595822e-01 2.640668769342873756e-01 5.448140395238941780e-01 4.467822369471955435e-01 2.481934407916344121e-01 3.599772659754572612e-01 2.774193957857350457e-01 6.478657260059824674e-01 0.000000000000000000e+00 6.923183001381895130e-01 4.247345520233990479e-01 4.418850930158630952e-01 2.722703606766281870e-01 4.848667487801263110e-01 4.736128743758002968e-01 4.379123855203368998e-01 3.777347107604530629e-01
2.415136779893298224e-01 1.235972404152793080e+00 1.191280982236001096e+00 1.235118932343655107e+00 8.641437264136663243e-01 8.652478254477460329e-01 8.194673784788298887e-01 6.993249567520858356e-01 2.414497731612255116e-01 5.785000507533375469e-01 8.613216421771597853e-01 5.481120680844208115e-01 5.295952300474063845e-01 9.614480537350424960e-01 9.399095580117701187e-01 1.032385212195831681e+00 6.923183001381895130e-01 0.000000000000000000e+00 4.692092412624227493e-01 7.264823608950142786e-01 4.258983615297139425e-01 9.245582714082011266e-01 6.644829217647584274e-01 9.259858784734517068e-01 3.791277991008795145e-01
2.428262844092674844e-01 8.657796397820798351e-01 8.181676050374002696e-01 7.659096910812318582e-01 7.224154933873365714e-01 6.077851235667637297e-01 5.016529261426729835e-01 2.301157154896632806e-01 6.866896692326518448e-01 3.805721317035711815e-01 4.784771069154108991e-01 2.787218747709685474e-01 2.339420095890911433e-01 4.926799428127163760e-01 5.947681688171362335e-01 6.824335294578240951e-01 4.247345520233990479e-01 4.692092412624227493e-01 0.000000000000000000e+00 2.837374655267831947e-01 3.302187941691450135e-01 5.811397029153084759e-01 5.399517968297794512e-01 5.153317429865488242e-01 3.940470858314144564e-01
4.894787212397438969e-01 6.807255734420961657e-01 5.712013429946010135e-01 5.646480846703537670e-01 9.307757312482725087e-01 8.234683401294295990e-01 3.672051740888367388e-01 2.271560860588590636e-01 9.427645325722167069e-01 5.889323695645074519e-01 2.251508264054451203e-01 5.071183607148705974e-01 2.497171772033748571e-01 2.784757817687657511e-01 4.113157522277185452e-01 4.800699353770968014e-01 4.418850930158630952e-01 7.264823608950142786e-01 2.837374655267831947e-01 0.000000000000000000e+00 4.496949363291452562e-01 4.037172202690121336e-01 7.483120346907154996e-01 2.315942774597655740e-01 6.375216825599007153e-01
2.322840017343429930e-01 8.198137312012111488e-01 8.714392050994133054e-01 8.941180976996112584e-01 6.066761132549300939e-01 7.515333258113610082e-01 4.371713684602065442e-01 4.714423179784929530e-01 6.479544729632841227e-01 2.268051427593992253e-01 5.588621261468723622e-01 4.806858879141928664e-01 2.184000044863393386e-01 6.210440095830098706e-01 5.237508850601876320e-01 7.232193702682921943e-01 2.722703606766281870e-01 4.258983615297139425e-01 3.302187941691450135e-01 4.496949363291452562e-01 0.000000000000000000e+00 5.895705039667078484e-01 4.347529927525385918e-01 6.343090925982608486e-01 2.171215508369766511e-01
6.995418421285322097e-01 7.311171115003138876e-01 3.081580950469964275e-01 7.661446384876894333e-01 1.107542015544323633e+00 1.155462712029131644e+00 2.529395169472091198e-01 6.192069541192499749e-01 1.148405061659304005e+00 7.139415480939246272e-01 2.112634074589276045e-01 8.347134040285307810e-01 3.971150070604440030e-01 4.527389708564648063e-01 4.772529323972154458e-01 2.139641074466404336e-01 4.848667487801263110e-01 9.245582714082011266e-01 5.811397029153084759e-01 4.037172202690121336e-01 5.895705039667078484e-01 0.000000000000000000e+00 9.345592954121034746e-01 2.510681863380588852e-01 7.885509303564204320e-01
4.853834381904223449e-01 1.025357558389067059e+00 1.216427996544809265e+00 1.037576318215513771e+00 2.097273055133156150e-01 7.304312462369108028e-01 7.332259113502432868e-01 5.536329222774820646e-01 8.839852681377933230e-01 2.247512594472567959e-01 9.185654960008612369e-01 4.515536392788284670e-01 5.848348832312446621e-01 7.699425903436446506e-01 7.333173854094511279e-01 1.069339137094716508e+00 4.736128743758002968e-01 6.644829217647584274e-01 5.399517968297794512e-01 7.483120346907154996e-01 4.347529927525385918e-01 9.345592954121034746e-01 0.000000000000000000e+00 8.717609960088144039e-01 2.953220747319177386e-01
6.921771555445330737e-01 5.923179075553413053e-01 4.756444503816475433e-01 5.303139943427577219e-01 1.052112431814688831e+00 1.034034927320261366e+00 2.185681754035022628e-01 3.833763099743182634e-01 1.149312290399828740e+00 6.808360658102047269e-01 2.074883465276708694e-01 7.236075216908691710e-01 4.284185618369829029e-01 2.169083267115330393e-01 3.349363187725882818e-01 4.586743411944793625e-01 4.379123855203368998e-01 9.259858784734517068e-01 5.153317429865488242e-01 2.315942774597655740e-01 6.343090925982608486e-01 2.510681863380588852e-01 8.717609960088144039e-01 0.000000000000000000e+00 8.020790882275136147e-01
2.057741325014160738e-01 9.460191507300413916e-01 1.070419631489126333e+00 9.602094134982994689e-01 4.977322445056959199e-01 5.815657425401601355e-01 6.191162087873582909e-01 4.555494150582549140e-01 6.005247684707510913e-01 2.070639522767044050e-01 7.670505512741188081e-01 2.825825401403391224e-01 4.265884296135855069e-01 6.940432448673319321e-01 6.509201863940342614e-01 9.233307720390339091e-01 3.777347107604530629e-01 3.791277991008795145e-01 3.940470858314144564e-01 6.375216825599007153e-01 2.171215508369766511e-01 7.885509303564204320e-01 2.953220747319177386e-01 8.020790882275136147e-01 0.000000000000000000e+00
