0.000000000000000000e+00 1.738708331355896419e+00 1.209785479641006356e+00 1.530983830095105080e+00 9.980930203327801342e-01 1.164507334654245607e+00 8.860496657737843007e-01 1.196936774564772099e+00 1.518783948799223404e+00 7.771926425129874749e-01 7.003596479739514491e-01 1.003164094825808705e+00 5.679583101873761919e-01 1.472384769319452280e+00 8.926216263509242355e-01 6.282642067229479155e-01 4.877033296802358864e-01 1.220291378219525713e+00 6.611551643579287596e-01 7.697453789027814963e-01 1.184272245359158982e+00 8.287194828600765728e-01 8.012800621829696546e-01 1.309602400459375593e+00 1.308850577750005240e+00 9.188870448460189078e-01 1.416425341565240359e+00 7.281310017908548815e-01 1.493903590918174817e+00 6.348798581780918937e-01 1.000183635871392474e+00 3.148350128417783944e-01 8.161358556414545218e-01 7.035344413288430188e-01 5.368170453027277800e-01 1.427430827134796409e+00 1.116857685255540078e+00 5.330564558568973155e-01 6.515906726942959359e-01 1.054060208090460193e+00 1.291822759447711189e+00 1.038228307687168783e+00 1.012774867914683741e+00 9.972849354270698630e-01 1.076067463972934846e+00 8.499199292123831295e-01 4.938623025754368401e-01 1.312434030078648783e+00 7.649113938484009001e-01 1.412448723943328543e+00
1.738708331355896419e+00 0.000000000000000000e+00 1.415845502758626084e+00 1.014817348433181721e+00 1.629536815227360824e+00 1.416001437281298347e+00 1.480676140312457978e+00 8.760271429831133494e-01 9.275121186741979162e-01 1.969800445571391778e+00 1.830290017339156750e+00 8.752209685821380480e-01 1.441624287768741741e+00 5.229380659067524029e-01 1.271618518767429595e+00 1.292084505422435026e+00 1.680186370987266198e+00 5.502532085596323341e-01 1.341538545399757032e+00 1.459053665730921212e+00 8.999413742462489818e-01 9.407542941524040803e-01 1.152090002294425819e+00 6.259111524986568087e-01 7.336127105162187911e-01 1.064263499581768579e+00 5.979965052242459667e-01 1.512996023707016802e+00 2.783318743891902147e-01 1.400076703194625738e+00 1.116616242264489633e+00 1.433447546385454574e+00 1.377330370312842556e+00 1.229854353961945757e+00 1.534812350329437303e+00 7.020722409114650286e-01 1.070231514923401850e+00 1.728642192734511029e+00 1.222530737233076925e+00 7.763248345890035873e-01 7.838661470286417687e-01 7.130551109024960699e-01 1.278566982679384179e+00 1.199036219936281400e+00 7.642965025881065522e-01 1.151975746370728748e+00 1.620537571590708215e+00 7.173571912836812503e-01 9.954499042650101215e-01 4.649245471208506286e-01
1.209785479641006356e+00 1.415845502758626084e+00 0.000000000000000000e+00 1.084928879724125661e+00 1.026465442402469508e+00 9.134467660197536087e-01 1.057514027143692914e+00 8.727885724972680448e-01 1.150764206817248780e+00 1.428788737172256074e+00 1.204122746637566133e+00 6.836277532087127184e-01 8.152561285247661438e-01 1.036403341632653241e+00 5.123535228808450137e-01 9.770111696737147078e-01 1.107039982756798935e+00 1.092621253182117114e+00 8.223630921202664812e-01 7.903664973613544475e-01 6.695947886554055595e-01 8.752397627530122959e-01 6.015065835739813460e-01 9.401748204776182449e-01 8.634098547290858239e-01 3.542434152706234740e-01 1.140519575093455140e+00 8.443088553374502592e-01 1.168572649921239659e+00 8.755852635901730796e-01 7.433692971508707448e-01 9.089561067810015826e-01 8.066717432663779164e-01 8.421573440067768868e-01 9.026747283291622903e-01 9.127715253029901055e-01 6.022842201209416269e-01 1.196439610202626902e+00 5.673345745519167149e-01 9.870492701443511763e-01 9.216153979170592647e-01 8.763113177455605918e-01 2.388961841322001789e-01 7.048723698020933348e-01 6.515490001705198653e-01 8.280747470040987768e-01 1.003862597946500568e+00 8.342780661563709010e-01 7.120339490238105640e-01 1.229016400738139891e+00
1.530983830095105080e+00 1.014817348433181721e+00 1.084928879724125661e+00 0.000000000000000000e+00 1.394951388348105503e+00 1.120141491035898884e+00 1.371322132890607781e+00 8.946035492430466363e-01 8.077307352375470151e-01 1.762075944310601994e+00 1.548015109049992954e+00 6.453876280608042970e-01 1.151779141501829917e+00 5.486748144582628273e-01 9.419089839587482249e-01 1.289821305278535224e+00 1.456741221581857815e+00 8.662661581366694064e-01 1.139130030463927801e+00 1.154551858557231192e+00 5.209928572654142220e-01 9.990096316181920066e-01 8.600856635947168316e-01 5.691288418438585905e-01 2.889255297862377003e-01 7.333468765472678230e-01 7.849537385697198388e-01 1.208494216533327226e+00 7.674382356634378288e-01 1.192352201933834621e+00 9.953728908966126276e-01 1.225723045124663901e+00 1.175464224467159147e+00 1.155886213302850907e+00 1.254546803456315640e+00 6.283931495529694322e-01 7.642584152731999314e-01 1.520917691473720135e+00 9.203958998678265502e-01 9.766790363519325391e-01 5.909957283030459196e-01 7.647171328442582405e-01 9.526538636126584692e-01 9.035753512601882864e-01 4.571142974437290007e-01 1.188432933685502402e+00 1.346216364567055512e+00 4.018913479887439300e-01 8.737375779214732185e-01 7.926253505884386374e-01
9.980930203327801342e-01 1.629536815227360824e+00 1.026465442402469508e+00 1.394951388348105503e+00 0.000000000000000000e+00 1.073373047804192071e+00 9.243159834674329334e-01 8.775213092977393048e-01 1.395134639588063497e+00 1.133275402340392146e+00 9.076992898065029403e-01 9.078277101839175023e-01 6.247242225207955135e-01 1.340686571406507044e+00 6.076072448013122296e-01 4.769465019618120416e-01 8.044768015554010221e-01 1.082367573083202750e+00 7.300592311719323879e-01 3.928753993145256418e-01 1.013298326232507263e+00 6.887825210749565219e-01 7.118164096587598078e-01 1.185953091248215685e+00 1.172818136003005884e+00 7.473493768826485750e-01 1.147744153738070594e+00 2.832716471304693728e-01 1.384732074789639444e+00 7.397921756033819518e-01 6.306582562026757932e-01 7.508826334835689842e-01 2.713075781579906698e-01 6.946197827572716532e-01 5.557162370451163014e-01 1.118735455857327254e+00 7.976319818146275775e-01 9.095004182965512607e-01 4.769311557937174761e-01 8.765204064961582553e-01 1.168173450236552391e+00 9.806685857841866971e-01 8.087804186611007307e-01 8.865201439063336020e-01 9.414290343189556376e-01 4.927232505511088823e-01 7.080588154800055989e-01 1.170885379922615988e+00 7.333083265284778829e-01 1.236566007812639034e+00
1.164507334654245607e+00 1.416001437281298347e+00 9.134467660197536087e-01 1.120141491035898884e+00 1.073373047804192071e+00 0.000000000000000000e+00 1.000939364125238873e+00 1.063774309027578413e+00 1.095610487783244880e+00 1.395599448869743187e+00 1.220789964900856672e+00 5.949577968281937190e-01 8.211764726671225700e-01 1.059099777153543309e+00 6.933782451008213554e-01 9.261703990890579608e-01 1.105985374285616718e+00 9.815449549201110679e-01 7.718405549682049172e-01 8.329648205083183266e-01 7.940773558371729823e-01 7.549389760332133603e-01 3.677299615704108238e-01 8.763986719407367287e-01 8.980082386907992653e-01 5.914310302229387473e-01 1.218476597717166543e+00 8.869071784844143602e-01 1.168728584443911034e+00 8.258757064929754810e-01 9.358135774256480799e-01 8.592465496838047612e-01 8.544005192430897955e-01 7.800289773150983486e-01 9.273216593071793579e-01 1.020725706983209191e+00 7.981746768384953006e-01 1.154441196032860883e+00 5.964418920104743727e-01 8.707899665076468398e-01 8.701698302568317001e-01 7.600520141088563664e-01 7.459539838935252964e-01 2.184451590635357321e-01 6.659414372718363007e-01 8.598892458508167191e-01 1.018991220417920118e+00 9.023080033775506825e-01 5.554544004587524952e-01 1.152655157036604594e+00
8.860496657737843007e-01 1.480676140312457978e+00 1.057514027143692914e+00 1.371322132890607781e+00 9.243159834674329334e-01 1.000939364125238873e+00 0.000000000000000000e+00 9.098592988803678727e-01 1.356263903953174754e+00 1.118115341933981099e+00 9.786049137017450716e-01 7.798611184073457325e-01 6.249327410775744607e-01 1.312723072114955203e+00 7.552826964944961974e-01 4.823545156666838030e-01 8.211538883493296748e-01 9.566883597466704359e-01 3.832598038974791010e-01 7.263697985773236443e-01 1.027110447491643486e+00 5.634585982181671282e-01 6.351761995705470509e-01 1.101914018754795999e+00 1.149188880545507940e+00 7.638424314209532051e-01 1.134110538250604261e+00 7.573542546652277663e-01 1.235871399874736376e+00 2.770825626693212973e-01 7.524512992325641525e-01 5.761100927475316658e-01 6.891676009524323465e-01 2.525990220549262366e-01 6.758127495724534084e-01 1.189107418308159581e+00 9.738599585764750044e-01 8.769570890970996846e-01 5.214413894763673119e-01 7.809010586524265385e-01 1.132161062243214555e+00 7.945140740305508542e-01 8.605034154173699656e-01 8.365672129199424045e-01 9.164057667684377684e-01 5.383463750181547436e-01 7.688524679532970918e-01 1.152772332874152150e+00 5.486509040425260331e-01 1.152267335129327996e+00
1.196936774564772099e+00 8.760271429831133494e-01 8.727885724972680448e-01 8.946035492430466363e-01 8.775213092977393048e-01 1.063774309027578413e+00 9.098592988803678727e-01 0.000000000000000000e+00 1.063797094274833821e+00 1.415713713333427881e+00 1.190757275164107787e+00 5.631523341052079301e-01 8.770626532598603253e-01 5.225492594158575033e-01 4.834243022708673565e-01 6.218576120040413269e-01 1.069785998777754932e+00 4.489042543859433354e-01 7.997669886086343771e-01 7.717253548754707815e-01 3.969753728687130945e-01 3.713314435589163409e-01 7.233391716139885297e-01 7.457915055232026136e-01 7.171991190496624924e-01 5.498288893327709648e-01 2.936591885834139437e-01 7.987564939614865134e-01 6.228447659149790594e-01 8.057473259237465379e-01 2.806025257160249531e-01 8.916759895943312531e-01 6.253148643832213693e-01 6.676899668924246578e-01 8.396628090210335182e-01 2.843723091785173573e-01 2.875339879222770234e-01 1.186870635943387819e+00 6.375741023082329706e-01 2.362036831942113946e-01 8.691253801181735295e-01 4.594956685060881396e-01 7.128375407985035883e-01 8.481441009756236493e-01 6.173126312951298100e-01 4.178260308675709744e-01 9.904971264730413338e-01 5.069117456492027163e-01 5.262110175613627927e-01 4.731772625848725267e-01
1.518783948799223404e+00 9.275121186741979162e-01 1.150764206817248780e+00 8.077307352375470151e-01 1.395134639588063497e+00 1.095610487783244880e+00 1.356263903953174754e+00 1.063797094274833821e+00 0.000000000000000000e+00 1.749876063014720984e+00 1.544073620539683667e+00 5.775535193840496406e-01 1.144607013325227296e+00 6.168437594545850278e-01 9.801304475162431196e-01 1.211002747291498149e+00 1.452799733071548971e+00 6.757318857131049405e-01 1.126930149168046347e+00 1.154726412292190751e+00 7.038857316433589917e-01 9.024198907335643227e-01 8.435518007769999826e-01 3.321634847161935578e-01 5.478056432411161358e-01 7.991822036403913865e-01 8.590936865344951379e-01 1.208668770268286119e+00 6.820797273428161889e-01 1.180152320637952945e+00 1.149637843875868315e+00 1.213523163828782225e+00 1.176162111026961110e+00 1.115905837369609355e+00 1.250605314946006796e+00 8.246592187723734702e-01 9.335574636430016282e-01 1.508717810177838681e+00 9.182034837943454653e-01 8.295051664803950731e-01 2.306674710795163508e-01 6.092755663177126246e-01 9.971530814511725405e-01 8.771653287197094251e-01 5.097081325728413104e-01 1.098555588406733730e+00 1.342274876056746669e+00 6.153902805153490529e-01 8.158062203614572239e-01 7.269269270104350422e-01
7.771926425129874749e-01 1.969800445571391778e+00 1.428788737172256074e+00 1.762075944310601994e+00 1.133275402340392146e+00 1.395599448869743187e+00 1.118115341933981099e+00 1.415713713333427881e+00 1.749876063014720984e+00 0.000000000000000000e+00 7.746135370022992905e-01 1.234256209041305619e+00 7.472421456905863346e-01 1.703476883534948527e+00 1.058681639009293241e+00 8.340246125216312922e-01 4.389264590913263819e-01 1.451383492435023959e+00 8.922472785734261169e-01 9.049277609103931752e-01 1.405040566607555830e+00 1.059811597075574152e+00 1.032372176398466790e+00 1.540694514674872950e+00 1.539942691965501487e+00 1.137890302377268403e+00 1.647517455780736162e+00 8.633133837984667824e-01 1.724995705133673285e+00 8.702869285909733410e-01 1.135366017879004152e+00 5.717632929248830376e-01 9.513182376490664227e-01 9.346265555443403761e-01 6.068227389888751766e-01 1.585202833364376174e+00 1.258338126120401190e+00 2.448642422104206906e-01 8.620948090312272605e-01 1.285152322305957773e+00 1.522914873663208768e+00 1.269320421902666141e+00 1.214294249141530058e+00 1.228377049642567442e+00 1.307159578188431759e+00 1.030354931878032065e+00 5.700842671489402269e-01 1.543526144294145697e+00 9.960035080638987015e-01 1.643540838158825901e+00
7.003596479739514491e-01 1.830290017339156750e+00 1.204122746637566133e+00 1.548015109049992954e+00 9.076992898065029403e-01 1.220789964900856672e+00 9.786049137017450716e-01 1.190757275164107787e+00 1.544073620539683667e+00 7.746135370022992905e-01 0.000000000000000000e+00 1.056766691135537339e+00 5.499817473932736567e-01 1.489997860716986144e+00 8.337252008399733683e-01 6.317980804805214401e-01 4.533054582664965415e-01 1.311873064202786265e+00 7.527368503411888678e-01 6.799713227410733030e-01 1.183909097668158106e+00 9.203011688433366810e-01 8.592333267554244092e-01 1.334892072199836077e+00 1.325881856704893114e+00 9.167588334378714565e-01 1.469509056620176946e+00 6.363914024783309253e-01 1.585485276901435148e+00 7.307765003587356478e-01 9.104095797096842801e-01 4.994018097706026671e-01 7.263617994797463284e-01 7.951161273121031270e-01 3.918534466067484789e-01 1.360246395195057634e+00 1.033381687951080874e+00 5.649637633669103431e-01 6.409633400918283153e-01 1.145641894073720302e+00 1.317112431188171451e+00 1.129809993670429114e+00 9.893378109722105185e-01 1.035459124857953439e+00 1.090900811606263288e+00 8.158809743357939848e-01 2.224155646721889812e-01 1.327267377711977225e+00 8.564930798316610083e-01 1.504030409926588430e+00
1.003164094825808705e+00 8.752209685821380480e-01 6.836277532087127184e-01 6.453876280608042970e-01 9.078277101839175023e-01 5.949577968281937190e-01 7.798611184073457325e-01 5.631523341052079301e-01 5.775535193840496406e-01 1.234256209041305619e+00 1.056766691135537339e+00 0.000000000000000000e+00 6.573000839210811908e-01 5.692371587896428720e-01 5.024737215913381849e-01 6.531619696767779759e-01 9.446421344571800383e-01 4.237388370744950006e-01 6.059943088696703173e-01 6.674194828880439800e-01 3.874102259554654815e-01 3.536220035573870990e-01 3.541031924965413191e-01 3.362269704879599641e-01 4.185731591228887827e-01 3.410450776809912932e-01 6.903484501585800404e-01 7.213618408641397917e-01 6.320960619007468528e-01 6.645324666645382461e-01 6.147487840091602207e-01 6.979033098553674153e-01 6.888551816228152269e-01 5.395030518237804440e-01 7.632983855418600250e-01 5.763851707751523890e-01 5.009043913594718456e-01 9.930979562044237596e-01 4.308965543901998596e-01 3.516886613186197552e-01 3.577027629645952445e-01 2.259745696923392555e-01 5.260142749422921371e-01 3.770495696670466690e-01 2.152956928979429807e-01 5.434471010928582091e-01 8.549679466526008964e-01 4.423099082157107564e-01 2.382527009774078053e-01 5.910808663649225192e-01
5.679583101873761919e-01 1.441624287768741741e+00 8.152561285247661438e-01 1.151779141501829917e+00 6.247242225207955135e-01 8.211764726671225700e-01 6.249327410775744607e-01 8.770626532598603253e-01 1.144607013325227296e+00 7.472421456905863346e-01 5.499817473932736567e-01 6.573000839210811908e-01 0.000000000000000000e+00 1.093180080726177339e+00 4.957529187478110777e-01 4.824907919696297953e-01 4.424187319478184999e-01 9.241382646648605981e-01 3.817517369750992318e-01 3.788008179648627016e-01 7.911760920977922718e-01 5.325663693054112358e-01 4.596198345216902514e-01 9.354254649853793735e-01 9.296458891567298544e-01 5.243576937297776963e-01 1.120272228010575244e+00 3.703784751442758538e-01 1.196819547331019917e+00 3.957034209275557268e-01 5.967149578054365966e-01 2.692016727173466295e-01 4.243706368857266265e-01 4.223622877563839584e-01 2.595433424773747055e-01 1.034352828745377595e+00 7.177133147106466993e-01 5.220979396133222927e-01 2.537498589383554992e-01 7.579070945357951894e-01 9.176458239737156353e-01 7.411442641000142162e-01 6.182455167984430844e-01 6.359925176434970684e-01 6.955426020524702047e-01 5.145586755061865025e-01 3.467793449417268525e-01 9.319091681581849196e-01 4.678273502612466661e-01 1.115735725355578190e+00
1.472384769319452280e+00 5.229380659067524029e-01 1.036403341632653241e+00 5.486748144582628273e-01 1.340686571406507044e+00 1.059099777153543309e+00 1.312723072114955203e+00 5.225492594158575033e-01 6.168437594545850278e-01 1.703476883534948527e+00 1.489997860716986144e+00 5.692371587896428720e-01 1.093180080726177339e+00 0.000000000000000000e+00 7.981666204107156215e-01 1.120536129491809696e+00 1.398723973248851449e+00 4.331907059917082803e-01 1.080530969688275444e+00 1.100278344110634299e+00 3.770033083394969120e-01 8.267757579999547302e-01 8.007625464580784280e-01 3.333278646151958124e-01 3.082018204939035999e-01 6.869035633501492377e-01 2.892050072375272896e-01 1.154220702086729888e+00 2.729148913562385870e-01 1.133753141158181821e+00 7.520321091782394829e-01 1.167123984349011323e+00 1.089599721447020109e+00 1.097287152527198106e+00 1.196529555123309274e+00 2.436906953376677953e-01 5.557424834262300051e-01 1.462318630698067778e+00 8.637554156127900118e-01 6.423021943374292997e-01 4.604324475967157548e-01 5.852763341860733881e-01 8.984656127480848964e-01 8.425336373778333776e-01 4.041034373981920447e-01 9.215268588935706662e-01 1.288199116234049146e+00 2.053934615359821469e-01 7.975871086503121266e-01 2.516325660857179347e-01
8.926216263509242355e-01 1.271618518767429595e+00 5.123535228808450137e-01 9.419089839587482249e-01 6.076072448013122296e-01 6.933782451008213554e-01 7.552826964944961974e-01 4.834243022708673565e-01 9.801304475162431196e-01 1.058681639009293241e+00 8.337252008399733683e-01 5.024737215913381849e-01 4.957529187478110777e-01 7.981666204107156215e-01 0.000000000000000000e+00 5.144240430880010484e-01 7.366424369592049493e-01 8.512159303188033821e-01 5.194080204359083908e-01 4.154607605676218229e-01 4.432331740976233614e-01 5.402666006402291332e-01 3.485160809669966553e-01 7.805991026556361456e-01 7.307384414858929533e-01 2.906225182294396858e-01 7.725937314314254012e-01 4.739113095398563291e-01 1.024345665930044502e+00 5.726301919058147671e-01 2.714895524315519837e-01 5.919166808855438333e-01 3.686850833123653803e-01 5.399872108969583362e-01 5.322771825315687488e-01 5.999668702367525475e-01 2.500667034504323039e-01 8.349066549654523550e-01 2.431015855016636085e-01 6.086909882229810664e-01 7.513750721445001668e-01 6.951572861281859472e-01 2.903789849446992144e-01 5.006795157881539504e-01 5.094552367565743367e-01 3.396322577456830638e-01 6.334650521489069153e-01 6.446156416377357701e-01 4.405449856200962522e-01 9.203182782637334691e-01
6.282642067229479155e-01 1.292084505422435026e+00 9.770111696737147078e-01 1.289821305278535224e+00 4.769465019618120416e-01 9.261703990890579608e-01 4.823545156666838030e-01 6.218576120040413269e-01 1.211002747291498149e+00 8.340246125216312922e-01 6.317980804805214401e-01 6.531619696767779759e-01 4.824907919696297953e-01 1.120536129491809696e+00 5.144240430880010484e-01 0.000000000000000000e+00 4.479283867737137159e-01 7.449152632782773953e-01 4.681683234982313424e-01 4.896324993727266817e-01 8.959691210935266659e-01 3.513302112700310009e-01 5.642590086089585011e-01 9.423760940449391610e-01 1.063006836340619099e+00 6.993201821833130438e-01 8.527305604181170118e-01 2.824527679277596959e-01 1.047279764984713424e+00 2.715429672121135729e-01 4.389243869540525034e-01 3.494930628755260060e-01 2.759804541130728150e-01 2.866124342611013898e-01 2.468357402106864940e-01 9.020805996898455525e-01 6.570395145534743131e-01 5.950826724711389959e-01 4.317831987207993993e-01 5.528124413549431182e-01 9.974458955866358778e-01 6.352237901919766117e-01 7.511959953601272666e-01 7.683505045013254708e-01 8.506140025278965400e-01 2.287146736619547760e-01 4.441286363732188658e-01 1.082118877339463436e+00 4.300541293638959761e-01 9.391036637476820603e-01
4.877033296802358864e-01 1.680186370987266198e+00 1.107039982756798935e+00 1.456741221581857815e+00 8.044768015554010221e-01 1.105985374285616718e+00 8.211538883493296748e-01 1.069785998777754932e+00 1.452799733071548971e+00 4.389264590913263819e-01 4.533054582664965415e-01 9.446421344571800383e-01 4.424187319478184999e-01 1.398723973248851449e+00 7.366424369592049493e-01 4.479283867737137159e-01 0.000000000000000000e+00 1.161769417850897046e+00 6.026332039893000925e-01 5.828885588603047729e-01 1.090998025129140236e+00 7.701975224914474616e-01 7.427581018143408764e-01 1.243618184731700715e+00 1.234607969236758196e+00 8.236233324872185291e-01 1.300658947191830173e+00 5.324546038457108610e-01 1.435381630549545484e+00 5.650137029779874753e-01 8.133268158289154171e-01 2.717980791338253654e-01 6.292790355989779094e-01 6.450124809602141296e-01 2.513722337947764673e-01 1.263163631314289104e+00 9.362989240703123439e-01 2.396655316864158280e-01 5.496894526236931755e-01 9.937827161771212170e-01 1.225838543720036755e+00 9.797063473185396720e-01 8.922550470914422105e-01 9.387629750584418620e-01 9.996269241381275927e-01 6.654194700380329230e-01 2.523002117931628652e-01 1.235993490243842308e+00 7.063894334797720109e-01 1.353926763574699432e+00
1.220291378219525713e+00 5.502532085596323341e-01 1.092621253182117114e+00 8.662661581366694064e-01 1.082367573083202750e+00 9.815449549201110679e-01 9.566883597466704359e-01 4.489042543859433354e-01 6.757318857131049405e-01 1.451383492435023959e+00 1.311873064202786265e+00 4.237388370744950006e-01 9.241382646648605981e-01 4.331907059917082803e-01 8.512159303188033821e-01 7.449152632782773953e-01 1.161769417850897046e+00 0.000000000000000000e+00 8.231215922633874360e-01 9.651475844177965779e-01 7.363250117189901189e-01 3.935850520082465054e-01 6.551541665271343184e-01 3.442210781226041072e-01 5.890007493055614551e-01 7.546248957650728562e-01 2.843502444300659571e-01 9.680477208210924722e-01 3.054484681219112319e-01 8.816597500582554758e-01 5.908241989849265519e-01 9.150305932490845340e-01 8.301611281686845922e-01 7.045097057842486521e-01 9.876431081852796723e-01 5.260436408540337672e-01 7.049824359284979636e-01 1.210225239598140989e+00 7.359608820154053266e-01 2.434188098636678455e-01 5.324062175628389015e-01 2.235689863939538946e-01 9.350077749156965323e-01 7.648771490061002654e-01 5.170356527833529503e-01 6.048065042265713398e-01 1.102120618454338841e+00 6.083625766939744217e-01 4.978962178818797102e-01 2.038570450481257401e-01
6.611551643579287596e-01 1.341538545399757032e+00 8.223630921202664812e-01 1.139130030463927801e+00 7.300592311719323879e-01 7.718405549682049172e-01 3.832598038974791010e-01 7.997669886086343771e-01 1.126930149168046347e+00 8.922472785734261169e-01 7.527368503411888678e-01 6.059943088696703173e-01 3.817517369750992318e-01 1.080530969688275444e+00 5.194080204359083908e-01 4.681683234982313424e-01 6.026332039893000925e-01 8.231215922633874360e-01 0.000000000000000000e+00 4.865830569335539146e-01 7.936493659742024365e-01 4.315496969039382402e-01 4.080991438679948402e-01 9.177486008281986463e-01 9.169967781188278488e-01 5.288300587436567390e-01 1.019255555609101860e+00 5.298631793951404934e-01 1.096733804962036096e+00 2.842083025476826452e-01 6.426585090708343273e-01 3.558943793874877470e-01 5.142836930589645972e-01 2.583563287446817847e-01 5.245149814273804001e-01 1.035577027503619796e+00 7.436440793405240113e-01 6.510890257365442579e-01 2.845107629044305031e-01 6.568904221343223604e-01 8.999689598165346860e-01 6.410585217310299511e-01 6.253524803939431997e-01 6.054311357958933604e-01 6.842136643417578989e-01 4.567979952217328110e-01 5.429844045927416651e-01 9.205802304474725029e-01 3.677416078922626230e-01 1.015278937987190711e+00
7.697453789027814963e-01 1.459053665730921212e+00 7.903664973613544475e-01 1.154551858557231192e+00 3.928753993145256418e-01 8.329648205083183266e-01 7.263697985773236443e-01 7.717253548754707815e-01 1.154726412292190751e+00 9.049277609103931752e-01 6.799713227410733030e-01 6.674194828880439800e-01 3.788008179648627016e-01 1.100278344110634299e+00 4.154607605676218229e-01 4.896324993727266817e-01 5.828885588603047729e-01 9.651475844177965779e-01 4.865830569335539146e-01 0.000000000000000000e+00 7.743245397336957492e-01 5.840903733415211407e-01 4.714081823628860080e-01 9.455448639523427179e-01 9.324186062121320173e-01 5.069498470917743749e-01 1.053147914773047145e+00 2.814840530168759014e-01 1.211780812893535009e+00 5.340415950298842418e-01 4.913776594210469417e-01 5.192654890721772887e-01 2.676012755237145435e-01 5.123274163995286123e-01 3.785233044326689611e-01 9.419819549227059774e-01 6.151172476787296617e-01 6.811527768665528448e-01 2.365229284978440649e-01 7.872396073226901603e-01 9.277652229406782025e-01 7.717930161115658105e-01 5.750672670409884280e-01 6.461119166104598577e-01 7.010208070230820043e-01 4.088163210056423580e-01 4.797111740500069055e-01 9.304858501317418984e-01 4.929000992326044717e-01 1.143538945334311663e+00
1.184272245359158982e+00 8.999413742462489818e-01 6.695947886554055595e-01 5.209928572654142220e-01 1.013298326232507263e+00 7.940773558371729823e-01 1.027110447491643486e+00 3.969753728687130945e-01 7.038857316433589917e-01 1.405040566607555830e+00 1.183909097668158106e+00 3.874102259554654815e-01 7.911760920977922718e-01 3.770033083394969120e-01 4.432331740976233614e-01 8.959691210935266659e-01 1.090998025129140236e+00 7.363250117189901189e-01 7.936493659742024365e-01 7.743245397336957492e-01 0.000000000000000000e+00 7.254155605763673575e-01 5.310416327616279686e-01 4.727222609555454813e-01 3.468236335891177746e-01 3.200950103729010010e-01 4.811195418002983670e-01 8.282668977097915608e-01 6.499181996957351659e-01 8.468715374441088128e-01 4.775246822953242987e-01 8.802423806349377600e-01 7.691111852442992225e-01 8.116745279038873884e-01 8.866327707015035919e-01 2.448393305366745876e-01 2.432655580077855983e-01 1.170926375920778861e+00 5.438108323988506410e-01 6.167305130467409802e-01 4.785581552811274397e-01 5.474970277805289998e-01 5.316570597708371038e-01 5.775112160614626067e-01 2.231331717539032922e-01 6.764201103690284933e-01 9.821103531852215518e-01 2.212268840390829994e-01 5.722558510623574346e-01 5.891465351838165443e-01
8.287194828600765728e-01 9.407542941524040803e-01 8.752397627530122959e-01 9.990096316181920066e-01 6.887825210749565219e-01 7.549389760332133603e-01 5.634585982181671282e-01 3.713314435589163409e-01 9.024198907335643227e-01 1.059811597075574152e+00 9.203011688433366810e-01 3.536220035573870990e-01 5.325663693054112358e-01 8.267757579999547302e-01 5.402666006402291332e-01 3.513302112700310009e-01 7.701975224914474616e-01 3.935850520082465054e-01 4.315496969039382402e-01 5.840903733415211407e-01 7.254155605763673575e-01 0.000000000000000000e+00 3.980970120549027214e-01 6.220462265938095925e-01 7.721951626802761037e-01 5.809849334366570250e-01 5.897190153539606516e-01 5.744626688128462444e-01 6.959495537146827004e-01 4.887720820926624299e-01 2.791663423032568758e-01 5.234586978896352827e-01 4.365760761604383644e-01 3.112799442557452889e-01 5.940580561770333334e-01 6.502466883693727162e-01 5.125046273213152981e-01 8.186533442386917381e-01 3.556157757519322060e-01 2.273538818791813187e-01 6.898791496215939123e-01 3.167374126258943323e-01 6.782291510266895695e-01 5.751205808592079194e-01 5.689176964553301907e-01 2.112214522183248344e-01 7.105487230948892563e-01 7.959319117730979665e-01 2.011462339041665270e-01 5.974420970563721900e-01
8.012800621829696546e-01 1.152090002294425819e+00 6.015065835739813460e-01 8.600856635947168316e-01 7.118164096587598078e-01 3.677299615704108238e-01 6.351761995705470509e-01 7.233391716139885297e-01 8.435518007769999826e-01 1.032372176398466790e+00 8.592333267554244092e-01 3.541031924965413191e-01 4.596198345216902514e-01 8.007625464580784280e-01 3.485160809669966553e-01 5.642590086089585011e-01 7.427581018143408764e-01 6.551541665271343184e-01 4.080991438679948402e-01 4.714081823628860080e-01 5.310416327616279686e-01 3.980970120549027214e-01 0.000000000000000000e+00 6.326671585322645175e-01 6.379524112496177679e-01 2.867700123311603955e-01 9.076125630974031244e-01 5.253505403389820971e-01 9.075245944254398678e-01 4.626484340216993063e-01 5.851250128029445996e-01 4.960192772125284755e-01 4.928438810976573659e-01 4.152257543090985825e-01 5.657650211617478719e-01 7.599693390548573069e-01 4.959431255717902109e-01 7.912139235615847088e-01 2.348852538650420263e-01 5.414356419190045067e-01 6.177815051946841107e-01 4.407132212328539467e-01 4.127028903220584799e-01 2.322966475146093779e-01 4.053053748737765472e-01 4.993140459893706251e-01 6.574345822724886323e-01 6.416719409794907625e-01 2.008403747518838767e-01 8.281782181132885112e-01
1.309602400459375593e+00 6.259111524986568087e-01 9.401748204776182449e-01 5.691288418438585905e-01 1.185953091248215685e+00 8.763986719407367287e-01 1.101914018754795999e+00 7.457915055232026136e-01 3.321634847161935578e-01 1.540694514674872950e+00 1.334892072199836077e+00 3.362269704879599641e-01 9.354254649853793735e-01 3.333278646151958124e-01 7.805991026556361456e-01 9.423760940449391610e-01 1.243618184731700715e+00 3.442210781226041072e-01 9.177486008281986463e-01 9.455448639523427179e-01 4.727222609555454813e-01 6.220462265938095925e-01 6.326671585322645175e-01 0.000000000000000000e+00 3.008071691774201750e-01 5.885928173007608510e-01 5.578616408283546546e-01 9.994872219284385295e-01 3.808357680952466628e-01 9.709707722981051337e-01 8.459589127453971402e-01 1.004341615488934192e+00 9.669805626871137427e-01 8.522602541774769724e-01 1.041423766606158541e+00 5.670015150906461132e-01 7.059408929972345037e-01 1.299536261837990869e+00 7.090219354544982089e-01 5.095878223289911357e-01 2.240031850142189251e-01 3.082358543575278720e-01 7.983889909798217444e-01 6.579535128772012742e-01 2.886258203070984907e-01 8.239791374617901898e-01 1.133093327716898635e+00 3.662916043929485554e-01 5.732513095489164545e-01 3.989658938715366365e-01
1.308850577750005240e+00 7.336127105162187911e-01 8.634098547290858239e-01 2.889255297862377003e-01 1.172818136003005884e+00 8.980082386907992653e-01 1.149188880545507940e+00 7.171991190496624924e-01 5.478056432411161358e-01 1.539942691965501487e+00 1.325881856704893114e+00 4.185731591228887827e-01 9.296458891567298544e-01 3.082018204939035999e-01 7.307384414858929533e-01 1.063006836340619099e+00 1.234607969236758196e+00 5.890007493055614551e-01 9.169967781188278488e-01 9.324186062121320173e-01 3.468236335891177746e-01 7.721951626802761037e-01 6.379524112496177679e-01 3.008071691774201750e-01 0.000000000000000000e+00 5.118278515522280969e-01 5.782472688031223829e-01 9.863609641882278289e-01 4.862335977464750103e-01 9.702189495887343362e-01 8.235164201217454183e-01 1.003589792779563616e+00 9.533309721220595279e-01 9.337529609577511769e-01 1.032413551111215799e+00 4.380130190129524204e-01 5.896721768619499482e-01 1.298784439128620516e+00 6.982626475227271534e-01 7.482921706747994728e-01 3.562326728984870350e-01 5.363302671671255073e-01 7.311348386176187431e-01 6.814420989150888897e-01 2.349810450986298538e-01 9.616184647475866099e-01 1.124083112221956116e+00 2.164248692442623245e-01 6.469231089835576487e-01 5.366458382847689723e-01
9.188870448460189078e-01 1.064263499581768579e+00 3.542434152706234740e-01 7.333468765472678230e-01 7.473493768826485750e-01 5.914310302229387473e-01 7.638424314209532051e-01 5.498288893327709648e-01 7.991822036403913865e-01 1.137890302377268403e+00 9.167588334378714565e-01 3.410450776809912932e-01 5.243576937297776963e-01 6.869035633501492377e-01 2.906225182294396858e-01 6.993201821833130438e-01 8.236233324872185291e-01 7.546248957650728562e-01 5.288300587436567390e-01 5.069498470917743749e-01 3.200950103729010010e-01 5.809849334366570250e-01 2.867700123311603955e-01 5.885928173007608510e-01 5.118278515522280969e-01 0.000000000000000000e+00 7.910197968109505817e-01 5.608922050678701865e-01 8.169906467443820430e-01 5.820522302135633375e-01 4.641112563105328492e-01 6.154230734043925066e-01 5.278525882947505687e-01 5.484857482840367338e-01 6.192580780595822176e-01 5.632717470204857690e-01 2.705813491472578436e-01 9.055411754076387876e-01 2.764361397569286005e-01 6.502251652299715357e-01 5.700333947402018708e-01 5.388489012241545195e-01 2.208861576734941212e-01 3.828566340052788619e-01 2.999669969936623604e-01 5.503837595136966687e-01 7.149600889549354577e-01 4.847782878738657875e-01 4.035530646819537326e-01 8.774343975612823865e-01
1.416425341565240359e+00 5.979965052242459667e-01 1.140519575093455140e+00 7.849537385697198388e-01 1.147744153738070594e+00 1.218476597717166543e+00 1.134110538250604261e+00 2.936591885834139437e-01 8.590936865344951379e-01 1.647517455780736162e+00 1.469509056620176946e+00 6.903484501585800404e-01 1.120272228010575244e+00 2.892050072375272896e-01 7.725937314314254012e-01 8.527305604181170118e-01 1.300658947191830173e+00 2.843502444300659571e-01 1.019255555609101860e+00 1.053147914773047145e+00 4.811195418002983670e-01 5.897190153539606516e-01 9.076125630974031244e-01 5.578616408283546546e-01 5.782472688031223829e-01 7.910197968109505817e-01 0.000000000000000000e+00 1.042171070160203827e+00 3.448141281561120097e-01 1.032103336800795912e+00 5.658099677126919858e-01 1.111164556594798736e+00 8.955377088235527694e-01 8.907805027302586609e-01 1.077655610013428467e+00 2.513057030731244978e-01 5.791117999458285093e-01 1.406359202943855413e+00 9.227815443049001143e-01 3.669005763803908637e-01 7.109139249355562740e-01 4.857268843664253599e-01 1.002581846208886240e+00 1.001910457941457055e+00 5.525351604453311305e-01 6.559567845276206288e-01 1.271919686370617031e+00 3.859479796534588392e-01 7.365009285911094938e-01 1.942426832016590776e-01
7.281310017908548815e-01 1.512996023707016802e+00 8.443088553374502592e-01 1.208494216533327226e+00 2.832716471304693728e-01 8.869071784844143602e-01 7.573542546652277663e-01 7.987564939614865134e-01 1.208668770268286119e+00 8.633133837984667824e-01 6.363914024783309253e-01 7.213618408641397917e-01 3.703784751442758538e-01 1.154220702086729888e+00 4.739113095398563291e-01 2.824527679277596959e-01 5.324546038457108610e-01 9.680477208210924722e-01 5.298631793951404934e-01 2.814840530168759014e-01 8.282668977097915608e-01 5.744626688128462444e-01 5.253505403389820971e-01 9.994872219284385295e-01 9.863609641882278289e-01 5.608922050678701865e-01 1.042171070160203827e+00 0.000000000000000000e+00 1.265723170869630820e+00 5.539957351398731022e-01 5.505956884095670745e-01 4.810188847366530518e-01 3.212604429402883821e-01 5.505014202966179715e-01 2.862239192275566890e-01 1.000432503894940650e+00 6.735677966509642234e-01 6.395383997546262300e-01 2.904652864739399876e-01 7.701370448993037909e-01 9.817075809167742362e-01 8.248038920125483342e-01 6.295239196720939789e-01 7.000542745865557803e-01 7.549631649991780380e-01 3.885429878758211442e-01 4.380967969380804017e-01 9.844282081078379321e-01 5.468424572087001723e-01 1.130992924234772268e+00
1.493903590918174817e+00 2.783318743891902147e-01 1.168572649921239659e+00 7.674382356634378288e-01 1.384732074789639444e+00 1.168728584443911034e+00 1.235871399874736376e+00 6.228447659149790594e-01 6.820797273428161889e-01 1.724995705133673285e+00 1.585485276901435148e+00 6.320960619007468528e-01 1.196819547331019917e+00 2.729148913562385870e-01 1.024345665930044502e+00 1.047279764984713424e+00 1.435381630549545484e+00 3.054484681219112319e-01 1.096733804962036096e+00 1.211780812893535009e+00 6.499181996957351659e-01 6.959495537146827004e-01 9.075245944254398678e-01 3.808357680952466628e-01 4.862335977464750103e-01 8.169906467443820430e-01 3.448141281561120097e-01 1.265723170869630820e+00 0.000000000000000000e+00 1.155271962756904136e+00 8.689973720538689550e-01 1.188642805947732972e+00 1.132525629875120732e+00 9.850496135242250428e-01 1.290007609891716367e+00 4.488898638433312938e-01 8.185525840596769021e-01 1.483837452296790094e+00 9.752578843956906107e-01 5.315200941512826516e-01 5.372535204096644534e-01 4.687675740776133249e-01 1.031294129841996865e+00 9.517633670988946415e-01 5.170236497507194606e-01 9.071710059330073683e-01 1.375732831152987501e+00 4.688637549627819312e-01 7.508844963960249475e-01 2.040430933009901859e-01
6.348798581780918937e-01 1.400076703194625738e+00 8.755852635901730796e-01 1.192352201933834621e+00 7.397921756033819518e-01 8.258757064929754810e-01 2.770825626693212973e-01 8.057473259237465379e-01 1.180152320637952945e+00 8.702869285909733410e-01 7.307765003587356478e-01 6.645324666645382461e-01 3.957034209275557268e-01 1.133753141158181821e+00 5.726301919058147671e-01 2.715429672121135729e-01 5.650137029779874753e-01 8.816597500582554758e-01 2.842083025476826452e-01 5.340415950298842418e-01 8.468715374441088128e-01 4.887720820926624299e-01 4.626484340216993063e-01 9.709707722981051337e-01 9.702189495887343362e-01 5.820522302135633375e-01 1.032103336800795912e+00 5.539957351398731022e-01 1.155271962756904136e+00 0.000000000000000000e+00 6.391799279017220670e-01 3.238782156485894292e-01 5.348998617863512939e-01 3.271782145959558075e-01 4.237409662457957138e-01 1.085715055960838393e+00 7.968662508104304987e-01 6.267335714987196660e-01 3.372499762845849181e-01 6.916464351675759570e-01 9.531911312864412844e-01 6.995966795258982129e-01 6.785746518638495761e-01 6.586533072657998478e-01 7.374358358116646084e-01 4.280198681135315986e-01 5.210240546102882231e-01 9.738024019173792123e-01 4.262797656871304963e-01 1.073817095782058750e+00
1.000183635871392474e+00 1.116616242264489633e+00 7.433692971508707448e-01 9.953728908966126276e-01 6.306582562026757932e-01 9.358135774256480799e-01 7.524512992325641525e-01 2.806025257160249531e-01 1.149637843875868315e+00 1.135366017879004152e+00 9.104095797096842801e-01 6.147487840091602207e-01 5.967149578054365966e-01 7.520321091782394829e-01 2.714895524315519837e-01 4.389243869540525034e-01 8.133268158289154171e-01 5.908241989849265519e-01 6.426585090708343273e-01 4.913776594210469417e-01 4.775246822953242987e-01 2.791663423032568758e-01 5.851250128029445996e-01 8.459589127453971402e-01 8.235164201217454183e-01 4.641112563105328492e-01 5.658099677126919858e-01 5.505956884095670745e-01 8.689973720538689550e-01 6.391799279017220670e-01 0.000000000000000000e+00 7.031345631937282459e-01 3.686795891189642571e-01 5.123083357437498986e-01 6.089615614012791056e-01 5.083623182550959241e-01 2.434940739007796229e-01 9.115910338351638220e-01 3.581477461664036022e-01 3.534678115631535444e-01 9.329512295408237676e-01 5.441063409461104339e-01 5.570663728238949286e-01 7.473539942792606361e-01 6.542341252269161522e-01 2.145292421122296234e-01 7.101494310186174941e-01 6.882810572876503219e-01 4.757218032276552266e-01 6.914420157164397063e-01
3.148350128417783944e-01 1.433447546385454574e+00 9.089561067810015826e-01 1.225723045124663901e+00 7.508826334835689842e-01 8.592465496838047612e-01 5.761100927475316658e-01 8.916759895943312531e-01 1.213523163828782225e+00 5.717632929248830376e-01 4.994018097706026671e-01 6.979033098553674153e-01 2.692016727173466295e-01 1.167123984349011323e+00 5.919166808855438333e-01 3.494930628755260060e-01 2.717980791338253654e-01 9.150305932490845340e-01 3.558943793874877470e-01 5.192654890721772887e-01 8.802423806349377600e-01 5.234586978896352827e-01 4.960192772125284755e-01 1.004341615488934192e+00 1.003589792779563616e+00 6.154230734043925066e-01 1.111164556594798736e+00 4.810188847366530518e-01 1.188642805947732972e+00 3.238782156485894292e-01 7.031345631937282459e-01 0.000000000000000000e+00 5.622425274711011500e-01 3.982736563584017286e-01 2.647245435021155502e-01 1.122170042164355452e+00 8.161527397901591208e-01 3.268990507144624580e-01 3.508857272289153117e-01 7.487994231200192363e-01 9.865619744772705646e-01 7.329675227167270490e-01 7.119454950546789673e-01 6.920241504566292390e-01 7.708066790024937776e-01 5.512808310129591050e-01 2.929044643720880581e-01 1.007173245108208492e+00 4.596506088779596100e-01 1.107187938972887808e+00
