0.000000000000000000e+00 6.019170779106766123e-01 4.961484697710532576e-01 5.483088303868985935e-01 3.363960882360332305e-01 3.218396066065149497e-01 3.097083234197051116e-01 2.496568243359884032e-01 2.945961377428260586e-01 4.301429203526748735e-01 2.007757105067806136e-01 1.851079363222303265e-01 1.794053012100817746e-01 2.196998792197819572e-01 4.334598859023652828e-01 2.080544487438723555e-01 3.823195320956231380e-01 5.565360044789653404e-01 1.814611419534838122e-01 1.302055187412343440e-01 1.451514330457104041e-01 3.338906238095837864e-01 5.500008418629416251e-01 4.146538917112128075e-01 4.371687848089557682e-01 5.000301302431326977e-01 1.119218471315164692e-01 4.184789264461833413e-01 3.338244374168990447e-01 1.133782597117014845e-01 2.391501283401885614e-01 2.313364742770204208e-01 1.033608778987046145e-01 2.355389565188369949e-01 3.335192862592851748e-01 9.510058036227074518e-02 1.066611657602424962e-01 5.823927806641365779e-01 1.127777279316057590e-01 3.796062207540746858e-01 5.124825440598925752e-01 4.893324919531223394e-01 4.317259231781839235e-01 1.754931275608455632e-01 3.719997424370488637e-01 2.798838659834448905e-01 5.214780587343395002e-01 2.611938946642843873e-01 4.009385330469152353e-01 8.770686111890237113e-02 5.631216806011279941e-01 2.542680161687704277e-01 1.502503300405943487e-01 5.002897697489535611e-01 1.719376845919767527e-01 2.094228487514488424e-01 2.378453968216460435e-01 2.407490447942023659e-01 4.589144832133513208e-01 3.888032954679199182e-01 1.914925167456777710e-01 2.788522991355575353e-01 2.077570452824815117e-01 1.660803294131313890e-01 1.766940649190032464e-01 3.768584435187456450e-01 3.921793536629554211e-01 1.152996086487529381e-01 1.780156253045699077e-01 1.506640968060981578e-01 6.675097900171862719e-02 2.792338028164329522e-01 4.769277509724221820e-01 3.169128869749783250e-01 6.085339047746327057e-02
6.019170779106766123e-01 0.000000000000000000e+00 4.521468734856672889e-01 4.005338151103779998e-01 8.281808003476256452e-01 3.252087392667835641e-01 6.766420454312983557e-01 7.232746616164862363e-01 3.217359180758445070e-01 2.051336696201113696e-01 4.986555555451485100e-01 5.033901592626340848e-01 6.666430346174501143e-01 3.972058817800473984e-01 1.724764186503929264e-01 4.002048824807576954e-01 3.217695366367024912e-01 1.318238624054642316e-01 5.846263751678658638e-01 6.247969426161275042e-01 4.911105334389642141e-01 3.052964415483401250e-01 1.215568059363421743e-01 2.259917992820026644e-01 3.096645067836444332e-01 1.117705537153825535e-01 5.054037907088955173e-01 2.184083343988209580e-01 2.777255946349376781e-01 4.918359879991663353e-01 7.364842974037488776e-01 3.877467285670072594e-01 5.794298827792075945e-01 4.135516819965824875e-01 2.710201397310887939e-01 5.527705498059464206e-01 6.142488079952954649e-01 9.057907776738581551e-02 5.511634764347513871e-01 2.339843665187938127e-01 1.013713660965404745e-01 1.389238107866385408e-01 3.890895217076196788e-01 6.516093779495021332e-01 3.223806149960407597e-01 3.567882179100892448e-01 8.106433389144100665e-02 3.473260100366096226e-01 2.307087499106649786e-01 5.634028817800876832e-01 7.226612572786279831e-02 3.483985583566761024e-01 4.717246824124403659e-01 3.346803756143563735e-01 4.360356549502168999e-01 5.460447777230331701e-01 3.943198851268115979e-01 6.094309586124473377e-01 1.569885032643821843e-01 2.663813850578550801e-01 4.470793988431385202e-01 3.525188047003444680e-01 4.251575369311446084e-01 5.645865775258676056e-01 4.254724917377943894e-01 2.531398784400602509e-01 2.179371028119193032e-01 5.717106287193406411e-01 4.686254381821906567e-01 4.704247393818253298e-01 5.508000974882947265e-01 7.705122975591223167e-01 1.414176425282858141e-01 3.073043036832373565e-01 6.056239188107821469e-01
4.961484697710532576e-01 4.521468734856672889e-01 0.000000000000000000e+00 4.494842729456768882e-01 8.179667027124546408e-01 4.023740459016620363e-01 5.761698891895765673e-01 6.368558612677460706e-01 2.361820402689766285e-01 3.025611337045412408e-01 4.181111665005734501e-01 4.524258989075413129e-01 6.609759156865030461e-01 4.230703265754154896e-01 3.489863123143094326e-01 3.144011188444465477e-01 1.331029499446954034e-01 4.613909707852688058e-01 4.841542189261440754e-01 5.525922342523933439e-01 5.338213526963238031e-01 3.030508130109389464e-01 4.405591258205889260e-01 2.365229466273405523e-01 3.511354500174486137e-01 3.569105903556509252e-01 3.968293041421280254e-01 4.062424623749761321e-01 3.249394934398108226e-01 4.526614129937929776e-01 7.242499352350316721e-01 3.316555073744036908e-01 5.089961904273317961e-01 4.558577541991565840e-01 2.252765137407995721e-01 5.401024987038608449e-01 5.933468576236720082e-01 4.356374591924347395e-01 4.600813145817444494e-01 2.861249097284005449e-01 3.695358930292664823e-01 3.769437539966329354e-01 7.869302390945789871e-02 5.629268232895593416e-01 1.737640392845074544e-01 4.335679957018115371e-01 4.297601596658444101e-01 3.282023306122834883e-01 3.738771881510828954e-01 5.686456475909791308e-01 4.432905387589322621e-01 2.492309984468359663e-01 3.851189390657093203e-01 3.921563986624171938e-01 3.280623046101073803e-01 4.455726214813113262e-01 3.904679430170647780e-01 5.089588023707256603e-01 2.962963937513466983e-01 3.225451102621561539e-01 3.833334818980004277e-01 2.909565834952205776e-01 4.812183805604131615e-01 4.893100824469219789e-01 3.967393602096252470e-01 3.600572391106437453e-01 2.378648073735939728e-01 4.642018024072544491e-01 4.650156514744879788e-01 4.681687253457608722e-01 5.161705975872499241e-01 7.608044172928545290e-01 4.076805576396610453e-01 1.792355827960748771e-01 5.029133647785438699e-01
5.483088303868985935e-01 4.005338151103779998e-01 4.494842729456768882e-01 0.000000000000000000e+00 8.617315827977046760e-01 3.628619890769130829e-01 6.532370932598496882e-01 6.648841162477667766e-01 3.433169557158240459e-01 1.996293733179230201e-01 5.008956754418866231e-01 4.553099571667046930e-01 6.900398582015316862e-01 5.266990695177879989e-01 3.578219831980878896e-01 3.402543816430261270e-01 3.205093864247377522e-01 3.772780607709243506e-01 5.612214229964171963e-01 5.816620296454503292e-01 5.364865235050619852e-01 2.386085509984553765e-01 4.228252806590751534e-01 3.035945691634152621e-01 1.123797113127641134e-01 3.037262807451912572e-01 4.579169611071753354e-01 2.954956969554011215e-01 4.310347005733847769e-01 5.428524817133966174e-01 7.700350798538280195e-01 4.313305786224408411e-01 5.661656528805949495e-01 4.288655603940604299e-01 2.297992796435489593e-01 5.403765242787766931e-01 6.510771952801360785e-01 3.798171829813485334e-01 4.921186387195866652e-01 3.724078072449964472e-01 3.494338160952780159e-01 2.928308439822885356e-01 3.920880334789060284e-01 5.932188325807830065e-01 3.488670521869062791e-01 4.459441959101125841e-01 3.945584152700060132e-01 4.521441039085025704e-01 3.656209362674942565e-01 5.902853754852097623e-01 3.639180154171406945e-01 3.125975610649187053e-01 4.104977012150738958e-01 7.158405559087567538e-02 4.065082062396385143e-01 5.226398255515845026e-01 3.729405710730238632e-01 5.860260064409987812e-01 2.724544748182515796e-01 1.856563916419076976e-01 4.667038770082011512e-01 2.748005380560872291e-01 5.070434020788084917e-01 5.093703262046802571e-01 4.890351894250869469e-01 2.707887174709440736e-01 2.474520144494389839e-01 5.252894593723016481e-01 4.600547368987010777e-01 5.695468039717107578e-01 6.063616663068535084e-01 8.037016404588120944e-01 3.358639325190695968e-01 2.917644406005062141e-01 5.509908929985389836e-01
3.363960882360332305e-01 8.281808003476256452e-01 8.179667027124546408e-01 8.617315827977046760e-01 0.000000000000000000e+00 5.382537171383349195e-01 6.461044116557382866e-01 5.558635486454343022e-01 5.871979177525985527e-01 7.447196849658822559e-01 4.781054433548260763e-01 4.411230915899621574e-01 1.812996488857909760e-01 4.366869520473415922e-01 6.711654365514334586e-01 5.416275649146954363e-01 7.140234545154723333e-01 7.702671417584653346e-01 5.178572301895170149e-01 4.264015811209231344e-01 3.435310675806358405e-01 6.240774261871603334e-01 7.883937734252481899e-01 6.869401164142702187e-01 7.505915372197619062e-01 7.904364300057027393e-01 4.457729002252695527e-01 6.440525224499306089e-01 5.613243112020284142e-01 3.653052897186615522e-01 1.034216151900582276e-01 4.863111953380507835e-01 4.246365803589008947e-01 4.558983841953366256e-01 6.670924024301081445e-01 3.478550294891468719e-01 2.404426029570731760e-01 8.430296475781527965e-01 4.241284955331657280e-01 6.253879990018297308e-01 7.607594262804009411e-01 7.174483938396009064e-01 7.424884021211293206e-01 4.816998518702912957e-01 6.558186261572285236e-01 4.782635005183704657e-01 7.480507734066007552e-01 5.028310981262075208e-01 6.035381737344117647e-01 2.714462073124948027e-01 7.829483454408566745e-01 5.881190692625236638e-01 4.838234462114173184e-01 8.120282785280695803e-01 5.057887376857298500e-01 5.394156316707772181e-01 4.936734602720673215e-01 5.750893186563531545e-01 7.342027376500325220e-01 6.974257998715552853e-01 4.464672378067080505e-01 5.923150522074844826e-01 4.061119273699054788e-01 4.566590664562166779e-01 4.294954829635923566e-01 6.309001798282255491e-01 7.238832760828046720e-01 4.516956968847861686e-01 4.077452480914924293e-01 3.637582665510826208e-01 3.084765409144851755e-01 6.270373275610972852e-02 6.990687398357938731e-01 6.461376796946701750e-01 3.627911930140840790e-01
3.218396066065149497e-01 3.252087392667835641e-01 4.023740459016620363e-01 3.628619890769130829e-01 5.382537171383349195e-01 0.000000000000000000e+00 4.526696956443678199e-01 4.169205076212382788e-01 2.405430828356197870e-01 2.068737301948686547e-01 3.080795536582581207e-01 1.892105255037896394e-01 3.729829473580728028e-01 1.764005708729237953e-01 1.900027764577022771e-01 1.376981134569404408e-01 2.785067023252789098e-01 2.493875988100304752e-01 3.606540253809353280e-01 3.106173088572829477e-01 2.018371222751369765e-01 1.269980558863682829e-01 3.002059975762390032e-01 2.815549618836583612e-01 2.508748399106546789e-01 2.661999172232310529e-01 2.443498938439003232e-01 1.109192255268295207e-01 1.176525628170868032e-01 2.842674455733722461e-01 4.465572141944579299e-01 2.371029465006498638e-01 3.509497017199874613e-01 9.937204823773800044e-02 2.019012201091342218e-01 2.390410000506309196e-01 3.394181086682050985e-01 3.164318208891326312e-01 2.493367798084360210e-01 1.992989155582406413e-01 2.905677288062398222e-01 1.908505671505807688e-01 3.385880068424513833e-01 3.454353067618106121e-01 2.742104175680190603e-01 9.194031152529730244e-02 2.455256379558272972e-01 1.706985613807347479e-01 9.661471762894321968e-02 2.676819896483070838e-01 2.573374636389765269e-01 1.678310818009279559e-01 1.745107357671567272e-01 3.118228432876229972e-01 2.103383932444356230e-01 3.220724279361026343e-01 8.590332094877806135e-02 3.854586088255169685e-01 2.623954633813195825e-01 1.859489198520236364e-01 2.826917850217598449e-01 1.287767509634361596e-01 1.567449034339441216e-01 2.544069188040867235e-01 2.318554493946710648e-01 1.056204768852341824e-01 2.700403848422377462e-01 3.117223921090266914e-01 1.544458044233461835e-01 2.299807794464363842e-01 3.032094630640320698e-01 4.802237747994421158e-01 1.841048931302516622e-01 2.237749706392457572e-01 2.918943690554667292e-01
3.097083234197051116e-01 6.766420454312983557e-01 5.761698891895765673e-01 6.532370932598496882e-01 6.461044116557382866e-01 4.526696956443678199e-01 0.000000000000000000e+00 4.915072783722020389e-01 3.632648436319308449e-01 5.223242365265333698e-01 2.104357393434256041e-01 3.559872656933601442e-01 4.835674877944847738e-01 3.871532740392213956e-01 5.239477750969478986e-01 3.219045858602724297e-01 4.648200812143038485e-01 6.579361699522183748e-01 1.302902606017341813e-01 3.842671596673118972e-01 4.111431834420296028e-01 4.519152029382948466e-01 6.319960850225586624e-01 4.833225976003177049e-01 5.431711392582588838e-01 5.915119974051286089e-01 2.292019739603603223e-01 5.383888560617231533e-01 4.455714785062962480e-01 3.096157654410279236e-01 5.488584517598935619e-01 3.141577845486103748e-01 2.257733476331168776e-01 4.081622921900662226e-01 4.275225448769335856e-01 3.834991672288083908e-01 4.163694891799475939e-01 6.640768711769932109e-01 3.150490559355358378e-01 4.496046194314069488e-01 5.811512499489972505e-01 6.014976298648990749e-01 5.117473425967072886e-01 4.173435815970590879e-01 4.419404824901040363e-01 4.595396971701670719e-01 6.169131235540280533e-01 3.737766993122556003e-01 5.136712570691371882e-01 3.874036563198816618e-01 6.717770389791748453e-01 3.438925388139845718e-01 2.869242519447627315e-01 6.000029031317827277e-01 2.481075845794691037e-01 1.465808496155510954e-01 3.684917848695192233e-01 7.424269576750501531e-02 5.432234596338724186e-01 4.956766338699408747e-01 2.798941161130232280e-01 3.927024362519576095e-01 4.117976948075143806e-01 3.755953198188734521e-01 3.276516760083539870e-01 4.948830226474567606e-01 4.746799027816361871e-01 1.951067694050787338e-01 3.867427174335076323e-01 3.582688824010389350e-01 3.397959537438055566e-01 5.889421262361380638e-01 5.786128772878171844e-01 3.969343063935015237e-01 3.288834153780701985e-01
2.496568243359884032e-01 7.232746616164862363e-01 6.368558612677460706e-01 6.648841162477667766e-01 5.558635486454343022e-01 4.169205076212382788e-01 4.915072783722020389e-01 0.000000000000000000e+00 4.505804687984105716e-01 5.524203607053546072e-01 3.782686173587168077e-01 2.347167478265032026e-01 3.812676912454969202e-01 4.448425342316603692e-01 6.022034140078138531e-01 3.312996399296568861e-01 5.229203323211456533e-01 6.552790009233296908e-01 3.670075851602801476e-01 1.375817905187741996e-01 3.248510561486953052e-01 4.403211086012864262e-01 7.102236734485735115e-01 5.621090298956706865e-01 5.537440706698241177e-01 6.270722309516727488e-01 2.707285190515535955e-01 5.127274944068824780e-01 5.288816166576990607e-01 3.593152629575092072e-01 4.648189969496784868e-01 4.028905044205262631e-01 3.348043178561888600e-01 3.512849406175467259e-01 4.593411596070639535e-01 2.411451585470799075e-01 3.336683796333910768e-01 7.079484139054085245e-01 1.776235331188138478e-01 5.369202445978866756e-01 6.668890080922003083e-01 5.874900391225182927e-01 5.724333146748769030e-01 7.776149197015808090e-02 5.219055632727168659e-01 4.188683668353843648e-01 6.514170400691265961e-01 4.625094191841714886e-01 5.079864114260926877e-01 2.850692925810605072e-01 6.609562224690692656e-01 3.948688163942929985e-01 2.560947837581960540e-01 6.173829987833949762e-01 3.279220156475612380e-01 3.756745934646646412e-01 3.320939647823451524e-01 4.242961915533510209e-01 5.886481739802159607e-01 5.053785813287882123e-01 3.784561685548624710e-01 3.900843316084355306e-01 3.870416278263377197e-01 1.688083679241350610e-01 4.197512721637061683e-01 4.798566899343663095e-01 5.297869397746688414e-01 3.129824136988383354e-01 2.922907231872511891e-01 3.821761229495042600e-01 3.031369479798478039e-01 4.966103610624038045e-01 5.899962952435509056e-01 4.576202784716711380e-01 1.963361457969963753e-01
2.945961377428260586e-01 3.217359180758445070e-01 2.361820402689766285e-01 3.433169557158240459e-01 5.871979177525985527e-01 2.405430828356197870e-01 3.632648436319308449e-01 4.505804687984105716e-01 0.000000000000000000e+00 2.083193677218747875e-01 1.965751875281822048e-01 2.729437256719355887e-01 4.302071307266472355e-01 2.036951441558105258e-01 1.742503276530641687e-01 1.383673761628158305e-01 1.361653442748420872e-01 3.123793291746110312e-01 2.712491733684982975e-01 3.520512487784378530e-01 3.125957865536611036e-01 1.615406543072415713e-01 2.770899576671044806e-01 1.270950399586153468e-01 2.415038140117435894e-01 2.535473266134777304e-01 1.928030066327346970e-01 2.438967171196990413e-01 1.232910682548077341e-01 2.218926280339369450e-01 4.934811502751758061e-01 1.096074981187126207e-01 2.795805832288538739e-01 2.797436182245912062e-01 1.135176760722751560e-01 3.608019523458361744e-01 3.625780726638162532e-01 3.091707438215393622e-01 2.729569356795966684e-01 9.469849207595293361e-02 2.262451225935433186e-01 2.874927610602407424e-01 1.648684606423096166e-01 3.766514308202237871e-01 7.867563885817320524e-02 2.253569979874509022e-01 2.634269307373341973e-01 1.088271481926785939e-01 1.749460395270553692e-01 3.491664546412612813e-01 3.343580051151029409e-01 7.669451631578298734e-02 2.034830487060698689e-01 2.878835561268968113e-01 1.226584531508493198e-01 2.326675759236655483e-01 2.158667488074906271e-01 2.960537568130798824e-01 1.889288370569085496e-01 1.940093086234256914e-01 1.471514416290237992e-01 1.325151962293221741e-01 2.616366055069034857e-01 3.076741920872825831e-01 1.680753357456272745e-01 2.185470804069463147e-01 1.590424603665704373e-01 2.583334269199731303e-01 2.889015154999227120e-01 2.485869502922511964e-01 2.854018126273938916e-01 5.300356323329983299e-01 2.332710901089002364e-01 7.116346741896709127e-02 3.013610327503166153e-01
4.301429203526748735e-01 2.051336696201113696e-01 3.025611337045412408e-01 1.996293733179230201e-01 7.447196849658822559e-01 2.068737301948686547e-01 5.223242365265333698e-01 5.524203607053546072e-01 2.083193677218747875e-01 0.000000000000000000e+00 3.658980874479374479e-01 3.457913781177026635e-01 5.760158487343838285e-01 3.556646945798382364e-01 1.748958388462844848e-01 2.245723408352571782e-01 1.711042666820703773e-01 1.783245587496730122e-01 4.303085662631008779e-01 4.705891838559287943e-01 4.083030901026841741e-01 1.270490041423861238e-01 2.354020863120224460e-01 1.206684248116118574e-01 1.118430852049877022e-01 1.156571106001274135e-01 3.348785357962422715e-01 1.121284895555915706e-01 2.492199296202335379e-01 4.078548937194474422e-01 6.530231820220052663e-01 2.963329906284916659e-01 4.452423662550109018e-01 2.888213007705454083e-01 9.662363409338968478e-02 4.271229153944865464e-01 5.329112852459122474e-01 1.844170374910819310e-01 3.790974340789123875e-01 1.894816628931930702e-01 1.620106217482252808e-01 9.387734196103714179e-02 2.457987833718025816e-01 4.807550770383703931e-01 1.926492943309199846e-01 2.838818228179894043e-01 1.956049132487546471e-01 3.086627822777638364e-01 1.865057897881183535e-01 4.741479574758542537e-01 1.649645133958893561e-01 1.784316977125487702e-01 2.963255769471582202e-01 1.315355735715057761e-01 2.755953495063220848e-01 3.917269688182680731e-01 2.561327828274004292e-01 4.551131497076824628e-01 8.719016690784937851e-02 6.956459029426019514e-02 3.317062890142519760e-01 1.653073935236185343e-01 3.563831029821915020e-01 3.982974804151588333e-01 3.540376014311377717e-01 1.169352736289692440e-01 7.396183833149634623e-02 4.022510340613686952e-01 3.438950569561536330e-01 4.187995984203279898e-01 4.713640783129043887e-01 6.866897426269893412e-01 1.369104304978180919e-01 1.499414066685887115e-01 4.334364251998128470e-01
2.007757105067806136e-01 4.986555555451485100e-01 4.181111665005734501e-01 5.008956754418866231e-01 4.781054433548260763e-01 3.080795536582581207e-01 2.104357393434256041e-01 3.782686173587168077e-01 1.965751875281822048e-01 3.658980874479374479e-01 0.000000000000000000e+00 2.244111020720209737e-01 3.211146563288747036e-01 1.767175346957957638e-01 3.359595379341794863e-01 1.762240837304840935e-01 3.067613585253007313e-01 4.699479327894499625e-01 1.308833189901923710e-01 2.797393973387440891e-01 2.163251679811260264e-01 3.071133001456886613e-01 4.499301470916450829e-01 3.101391863971087459e-01 3.947386078153238831e-01 4.322913305129657546e-01 1.113143444913641672e-01 3.937987140756133986e-01 2.575832413435279467e-01 1.160994207898559116e-01 3.843886758774033297e-01 1.261695473858422123e-01 1.055724538647618699e-01 2.635721502039565234e-01 2.710963957983377193e-01 2.884901009061422994e-01 2.534855982660437768e-01 4.860903812908434207e-01 2.006450842399029044e-01 2.675386815004935359e-01 4.031647600628474049e-01 4.418665598735977973e-01 3.536886199077041715e-01 3.043395793805300231e-01 2.752508263863553961e-01 2.573503521805061700e-01 4.289248863912598075e-01 1.857884621494873545e-01 3.256830199063689424e-01 2.418081929453667900e-01 4.897452268760473792e-01 1.905518535227538890e-01 1.525580657615620561e-01 4.454622758529593884e-01 9.829635557727629813e-02 7.082339627805524229e-02 2.239016428834096351e-01 1.361930435759206304e-01 3.706515532091537724e-01 3.472441024270059295e-01 6.945837676959759621e-02 2.470219341221692733e-01 2.013619554640887488e-01 2.521048913110376377e-01 1.172159366649283968e-01 3.502928806613470059e-01 3.166211800926330699e-01 1.120490618899199903e-01 2.523765312503070124e-01 1.547363890421970534e-01 1.760596598570939864e-01 4.209431579352258534e-01 3.906246401250486611e-01 2.388755837044984620e-01 2.290491813106228514e-01
1.851079363222303265e-01 5.033901592626340848e-01 4.524258989075413129e-01 4.553099571667046930e-01 4.411230915899621574e-01 1.892105255037896394e-01 3.559872656933601442e-01 2.347167478265032026e-01 2.729437256719355887e-01 3.457913781177026635e-01 2.244111020720209737e-01 0.000000000000000000e+00 2.677174189429430973e-01 2.168004825723618134e-01 3.744934318903653248e-01 1.380247800630946542e-01 3.354417888997567876e-01 4.275690188058809404e-01 2.414374844675619691e-01 1.307791536678846178e-01 1.380135822962959280e-01 2.243242056104707838e-01 4.825136913311247611e-01 3.674057837610410493e-01 3.441699115887618121e-01 4.265673780282209226e-01 1.293912549704852311e-01 2.864804279241419671e-01 2.952854938017855924e-01 2.477342668326190378e-01 3.494265886460852788e-01 2.296285062751744210e-01 2.231994338869160155e-01 1.176888177616331743e-01 2.588363066836120718e-01 1.016135175793340673e-01 2.396888496477740105e-01 4.904748760156016352e-01 8.878033825443840121e-02 3.601668291564589786e-01 4.663841551687484821e-01 3.654865090610309175e-01 3.880033523146719787e-01 1.694567769195598761e-01 3.374756009125121636e-01 1.906921995888878618e-01 4.237070579516780122e-01 2.892474210388195077e-01 2.802764293086439928e-01 1.696768842774672992e-01 4.347091559863289212e-01 2.080416106658234676e-01 7.185303631045893147e-02 4.078088397023326706e-01 1.511686002061336520e-01 2.281800205469564080e-01 1.100904347208577910e-01 2.887761788745092373e-01 3.881433210567639125e-01 2.955343067273013546e-01 2.134736071456461437e-01 1.805101725273733915e-01 1.650591388048711916e-01 6.831910775737219665e-02 2.506866837190681041e-01 2.578531598728790453e-01 3.304243648405008060e-01 1.874123130061201292e-01 6.712683102435758331e-02 1.915558810693298308e-01 2.165831737310816851e-01 3.830600887598499260e-01 3.622863131261022662e-01 2.731903161114664358e-01 1.254088290912792336e-01
1.794053012100817746e-01 6.666430346174501143e-01 6.609759156865030461e-01 6.900398582015316862e-01 1.812996488857909760e-01 3.729829473580728028e-01 4.835674877944847738e-01 3.812676912454969202e-01 4.302071307266472355e-01 5.760158487343838285e-01 3.211146563288747036e-01 2.677174189429430973e-01 0.000000000000000000e+00 2.787032779882389621e-01 5.109175117605511129e-01 3.756941729546490749e-01 5.510151085799853687e-01 6.049963719782029958e-01 3.580460046012657882e-01 2.518057237209859744e-01 1.782602978003738625e-01 4.523857015909869550e-01 6.314029863992967062e-01 5.299493293883189571e-01 5.788998126235883612e-01 6.275269741319889905e-01 2.806174236158789359e-01 4.787817526696684922e-01 4.027945973094447241e-01 2.083145026927101240e-01 1.036388298117219553e-01 3.293204083120993553e-01 2.676457933329494665e-01 2.906276144150745644e-01 4.989494617675498955e-01 1.732591720892097120e-01 9.225623577573124900e-02 6.777588777978910128e-01 2.495326381332285681e-01 4.683972119758783581e-01 6.037686392544494574e-01 5.521776240593386786e-01 5.854976150951780589e-01 3.071039944703541913e-01 4.988278391312770399e-01 3.129927307381084045e-01 5.866293795557676605e-01 3.458403111002560926e-01 4.394554413037846108e-01 1.060252109741403048e-01 6.176775756605947798e-01 4.229635926531328249e-01 3.178900542513711236e-01 6.403365539318962574e-01 3.406332610763392332e-01 3.808082449347903742e-01 3.219817356758941096e-01 4.163564009756338669e-01 5.772119506240811493e-01 5.257340752753819624e-01 2.894764507807567333e-01 4.206233276113112152e-01 2.414854976863055613e-01 2.820632090562794625e-01 2.725046959376409283e-01 4.634474328717367864e-01 5.608749301473177074e-01 2.924854526022259704e-01 2.360535234953192452e-01 2.067674795251312203e-01 1.514857538885337751e-01 1.187566247036776906e-01 5.343097403952841162e-01 4.856084634593408333e-01 1.881953356141469191e-01
2.196998792197819572e-01 3.972058817800473984e-01 4.230703265754154896e-01 5.266990695177879989e-01 4.366869520473415922e-01 1.764005708729237953e-01 3.871532740392213956e-01 4.448425342316603692e-01 2.036951441558105258e-01 3.556646945798382364e-01 1.767175346957957638e-01 2.168004825723618134e-01 2.787032779882389621e-01 0.000000000000000000e+00 2.344784845040917276e-01 2.317249223568339511e-01 3.215246772227809968e-01 3.515753296022149921e-01 2.964357866335498026e-01 3.131936449668900613e-01 1.292542391893889420e-01 2.908351363272432266e-01 3.533215145668806012e-01 2.770995911996588235e-01 4.147119203515295394e-01 3.618210378623635259e-01 2.179896198977862298e-01 2.467341888003529715e-01 1.246373591546866000e-01 1.097319769479418172e-01 3.429701845699187901e-01 1.032743295750966350e-01 2.105136262603323205e-01 1.065632991317952694e-01 3.029574677206122169e-01 2.170836921916470819e-01 2.170805092517028023e-01 4.150505033928154064e-01 2.986499279704295517e-01 2.004254836220401570e-01 3.321248821648193905e-01 3.176392269443506500e-01 3.475920259840901694e-01 3.751410465281057038e-01 2.575979274436042132e-01 8.489902120449600853e-02 3.165173838575892629e-01 9.486799596313197358e-02 1.863997035035392935e-01 1.845378797143277516e-01 3.710876628466704963e-01 2.397450211382636254e-01 2.285053640766556704e-01 4.659674496998968962e-01 1.567125301547589999e-01 2.449912035615421924e-01 1.763281702081060109e-01 3.129105782717164219e-01 3.055873455066936417e-01 3.435839264170460483e-01 1.292367274776084762e-01 2.867742015017387125e-01 6.712596364409864624e-02 2.845335330397042450e-01 6.603252734604951601e-02 2.591615791641391220e-01 3.263186801555132965e-01 2.684716417435789593e-01 1.525518110444092357e-01 7.321885760177804237e-02 1.558933296375190625e-01 3.795246666277414249e-01 2.719670760956717781e-01 2.583837077311839647e-01 2.590588347542859271e-01
4.334598859023652828e-01 1.724764186503929264e-01 3.489863123143094326e-01 3.578219831980878896e-01 6.711654365514334586e-01 1.900027764577022771e-01 5.239477750969478986e-01 6.022034140078138531e-01 1.742503276530641687e-01 1.748958388462844848e-01 3.359595379341794863e-01 3.744934318903653248e-01 5.109175117605511129e-01 2.344784845040917276e-01 0.000000000000000000e+00 3.097639775997105271e-01 2.278621561127099349e-01 1.417960170352419724e-01 4.319321048335154067e-01 4.959002152438587441e-01 3.394441039554777495e-01 2.468063167241808242e-01 1.206876681036859605e-01 1.214394262233002286e-01 2.662145883143863245e-01 1.392643336679323940e-01 3.534859380977517507e-01 1.233306953392167560e-01 1.098411253494051137e-01 3.231293172447340378e-01 5.774486690740106010e-01 2.250507109560383467e-01 4.107232120247754081e-01 2.780887650692152602e-01 2.116289246412515479e-01 4.101824910507456678e-01 4.510180040661626033e-01 1.834905735765334778e-01 4.346196861950117341e-01 8.481381561070391872e-02 1.005649523485375174e-01 1.192895341606937804e-01 2.801012877610413176e-01 5.307182131483862975e-01 1.922940704320025840e-01 2.054416051006038857e-01 9.307408178259794773e-02 1.786193392821771864e-01 9.421700258172119313e-02 4.117364522966015516e-01 1.637746929757338266e-01 2.509448439688471422e-01 3.597936421537323293e-01 2.969693245892125466e-01 2.882498966173782096e-01 3.933505073886826020e-01 2.711862273353535246e-01 4.567366882780969917e-01 8.789009394505714612e-02 2.259667516690025690e-01 2.843833812321695520e-01 2.702008365857768157e-01 2.734911074476581994e-01 4.396898251906623534e-01 2.567658209833619254e-01 1.808392006866515744e-01 1.440646345603741052e-01 4.190163583849901285e-01 3.320192487487370614e-01 3.076973421058697422e-01 3.820934267338623735e-01 6.140031511318330137e-01 6.268777796953110826e-02 2.077045728485079901e-01 4.630358600555813942e-01
2.080544487438723555e-01 4.002048824807576954e-01 3.144011188444465477e-01 3.402543816430261270e-01 5.416275649146954363e-01 1.376981134569404408e-01 3.219045858602724297e-01 3.312996399296568861e-01 1.383673761628158305e-01 2.245723408352571782e-01 1.762240837304840935e-01 1.380247800630946542e-01 3.756941729546490749e-01 2.317249223568339511e-01 3.097639775997105271e-01 0.000000000000000000e+00 1.999997845533585117e-01 3.651923157499901151e-01 2.298889155968398545e-01 2.470360129143040484e-01 2.270463192364022553e-01 1.308892164152044846e-01 4.089646269180977622e-01 2.340790308983080603e-01 2.291143360650832461e-01 2.969158140942776414e-01 1.177592260721159190e-01 2.188575525350599515e-01 2.379359389628545318e-01 2.314430680185785572e-01 4.443816050188506561e-01 1.302987536151135328e-01 2.260079178455355609e-01 1.414566353547099253e-01 1.291847427496688183e-01 2.257013798594144638e-01 3.108228136371096739e-01 3.794882503517281735e-01 1.545250932436552371e-01 2.302121420225993198e-01 3.366913469199933062e-01 2.878257675551702532e-01 2.499785722515773523e-01 2.573706019514699905e-01 1.994508208494174262e-01 1.864356402052603223e-01 3.695211023000757322e-01 1.662770800892055534e-01 2.287640172617947387e-01 2.794957742902126063e-01 3.616149562031759634e-01 7.194826862650585686e-02 7.591333349949812292e-02 2.923872384726349249e-01 7.792772815320778146e-02 1.913073181520071886e-01 7.749937264467479658e-02 2.546934990414214672e-01 2.584505128080088476e-01 1.807488467240474517e-01 1.502811199305319756e-01 7.079785039168520755e-02 2.173329345748852282e-01 1.791003588633228172e-01 1.874941965039539915e-01 1.753517191207935311e-01 1.990593442423074788e-01 1.851317243372423149e-01 1.506145326300414589e-01 2.600147124075306571e-01 2.748054277455909689e-01 4.844652794950951580e-01 3.076640559909536443e-01 1.351655360483717538e-01 2.107365113555127178e-01
3.823195320956231380e-01 3.217695366367024912e-01 1.331029499446954034e-01 3.205093864247377522e-01 7.140234545154723333e-01 2.785067023252789098e-01 4.648200812143038485e-01 5.229203323211456533e-01 1.361653442748420872e-01 1.711042666820703773e-01 3.067613585253007313e-01 3.354417888997567876e-01 5.510151085799853687e-01 3.215246772227809968e-01 2.278621561127099349e-01 1.999997845533585117e-01 0.000000000000000000e+00 3.289417521484847562e-01 3.728044109508713566e-01 4.386567053057927046e-01 4.220016092872250768e-01 1.791834694345558754e-01 3.126141682823475598e-01 1.149365004970123172e-01 2.226461320776600972e-01 2.244613717188669033e-01 2.830355313356762714e-01 2.737932437381920825e-01 2.211499278866830009e-01 3.487181647968107812e-01 6.189246252935314274e-01 2.319707653860472174e-01 3.952024176208799311e-01 3.355833480121777068e-01 9.688840583072794166e-02 4.209284669234679699e-01 4.853658339117904452e-01 3.038283943021893307e-01 3.461457856351441431e-01 1.655858131778589482e-01 2.405274238775815532e-01 2.444945353598489135e-01 7.901714646025895239e-02 4.489912943429588688e-01 7.705627076982322909e-02 3.314818278775293336e-01 3.086360034642448014e-01 2.285175886239269594e-01 2.627112788126566012e-01 4.548167099155490112e-01 3.108413201221483235e-01 1.280515159268526548e-01 2.711834101191089585e-01 2.631815121414778913e-01 2.167124966348347170e-01 3.342228135060386629e-01 2.666005994406816515e-01 3.976089943954529415e-01 1.659190569023817341e-01 1.941570023520844124e-01 2.725695600916152594e-01 1.670892399188375343e-01 3.815336385720566881e-01 3.753745535003216727e-01 2.949008725085011107e-01 2.361898955342606743e-01 1.054155887368100064e-01 3.504080296008026951e-01 3.455698226808642248e-01 3.684839833574043433e-01 4.122273493902677277e-01 6.568611690958722216e-01 2.865564014380614366e-01 6.871455027817147121e-02 3.890844271031135837e-01
5.565360044789653404e-01 1.318238624054642316e-01 4.613909707852688058e-01 3.772780607709243506e-01 7.702671417584653346e-01 2.493875988100304752e-01 6.579361699522183748e-01 6.552790009233296908e-01 3.123793291746110312e-01 1.783245587496730122e-01 4.699479327894499625e-01 4.275690188058809404e-01 6.049963719782029958e-01 3.515753296022149921e-01 1.417960170352419724e-01 3.651923157499901151e-01 3.289417521484847562e-01 0.000000000000000000e+00 5.659204996887856609e-01 5.489758021593742487e-01 4.300577265989583009e-01 2.615864070650195106e-01 1.506984423670512108e-01 2.460279243004570571e-01 2.884637951869991612e-01 1.497693338077092096e-01 4.764038174761859312e-01 1.475573347733886709e-01 2.320950424571051884e-01 4.462054358213339289e-01 6.785706388145881229e-01 3.590391058113086564e-01 5.337993306013754102e-01 3.377305415398293431e-01 2.602442442203914408e-01 4.805371494498007490e-01 5.666556493141134965e-01 1.559576849100329510e-01 4.876952731105273497e-01 2.259652517144259132e-01 1.713515934677506125e-01 8.444721678863587044e-02 4.038809046277199721e-01 5.837938000639018021e-01 3.329704640312147745e-01 2.977369850671696683e-01 7.490919955582582557e-02 3.016954578587771052e-01 1.792176593390341355e-01 5.005677649202524560e-01 7.315143390561615333e-02 3.420523078395504846e-01 4.128692290692480005e-01 3.080071592914806478e-01 4.222382914726486303e-01 5.273389022439531892e-01 3.242618142508694734e-01 5.907250831333672458e-01 1.871410986684263755e-01 2.323810530834276022e-01 4.183717760874398617e-01 3.110729688250357672e-01 3.702382652313716549e-01 4.927654121061781911e-01 3.798419395599619830e-01 1.993913196967360690e-01 2.235261634116748053e-01 5.437763157413120219e-01 3.928042977254375123e-01 4.235718160657597209e-01 5.051695453104624312e-01 7.122371994195724199e-01 8.587618212838143972e-02 3.124316983691826088e-01 5.303595663838104324e-01
1.814611419534838122e-01 5.846263751678658638e-01 4.841542189261440754e-01 5.612214229964171963e-01 5.178572301895170149e-01 3.606540253809353280e-01 1.302902606017341813e-01 3.670075851602801476e-01 2.712491733684982975e-01 4.303085662631008779e-01 1.308833189901923710e-01 2.414374844675619691e-01 3.580460046012657882e-01 2.964357866335498026e-01 4.319321048335154067e-01 2.298889155968398545e-01 3.728044109508713566e-01 5.659204996887856609e-01 0.000000000000000000e+00 2.597674664553901724e-01 3.137283836191821496e-01 3.598995326748623547e-01 5.399804147591258374e-01 3.913069273368852130e-01 4.511554689948263364e-01 4.994963271416961170e-01 1.213976697265681942e-01 4.463731857982906615e-01 3.535558082428637561e-01 2.019839413859346455e-01 4.206112702936722902e-01 2.221421142851779107e-01 1.074043510859976347e-01 3.147470120039290720e-01 3.355068746135010938e-01 2.589234906999249297e-01 2.881223077137262667e-01 5.720612009135606080e-01 1.905493627236140852e-01 3.575889491679744014e-01 4.891355796855648697e-01 5.094819596014666940e-01 4.197316723332746857e-01 2.928438883851373076e-01 3.499248122266715444e-01 3.675240269067345800e-01 5.248974532905955614e-01 2.817610290488231084e-01 4.216555868057048073e-01 2.621361611015606274e-01 5.797613687157423534e-01 2.518768685505519134e-01 1.946770165334767433e-01 5.079872328683503468e-01 1.560919143160365286e-01 7.347965837693543056e-02 2.764761146060867869e-01 7.044232237828093601e-02 4.512077893704399267e-01 4.036609636065083828e-01 1.970653582913424184e-01 3.006867659885251176e-01 3.228178992430212335e-01 2.527653864871104994e-01 2.386718804438609509e-01 4.028673523840242687e-01 3.826642325182036952e-01 6.915331801568207204e-02 2.855181885503690342e-01 2.655330511337309352e-01 2.214269571966863970e-01 4.606949447699168476e-01 4.865972070243845815e-01 3.049186361300690873e-01 2.043837221661484738e-01
1.302055187412343440e-01 6.247969426161275042e-01 5.525922342523933439e-01 5.816620296454503292e-01 4.264015811209231344e-01 3.106173088572829477e-01 3.842671596673118972e-01 1.375817905187741996e-01 3.520512487784378530e-01 4.705891838559287943e-01 2.797393973387440891e-01 1.307791536678846178e-01 2.518057237209859744e-01 3.131936449668900613e-01 4.959002152438587441e-01 2.470360129143040484e-01 4.386567053057927046e-01 5.489758021593742487e-01 2.597674664553901724e-01 0.000000000000000000e+00 1.887399578123369059e-01 3.539247279514376454e-01 6.039204746846179583e-01 4.721090027468246575e-01 4.705219840675073928e-01 5.439518270085816898e-01 1.697451119572118694e-01 4.078872112776352199e-01 4.039322552986355785e-01 2.386049145240608793e-01 3.353570294251675410e-01 3.043612844005535445e-01 2.222801891243723904e-01 2.339519307798527681e-01 3.762207556639728390e-01 1.046011482753029381e-01 2.089963086356193545e-01 6.143184958818962427e-01 9.360183250763436102e-02 4.383910245779139569e-01 5.699376550955042031e-01 4.887372421433442415e-01 4.881696876595239543e-01 7.860344581853577484e-02 4.294548534726604916e-01 2.934366337913641432e-01 5.451138413051713760e-01 3.639801991641987700e-01 4.016832126621374122e-01 1.556073250565495614e-01 5.561159393398218409e-01 3.106051893789402718e-01 1.758402259006647261e-01 5.341609121810784178e-01 2.293927956275884916e-01 2.746911863703228596e-01 2.350114365826598828e-01 3.170560728484610458e-01 5.054865257223130071e-01 4.221564947264715428e-01 2.799269485348898634e-01 3.068622450061189721e-01 2.511758054507505777e-01 7.850991587914091241e-02 3.047361063772916490e-01 3.827741617346810399e-01 4.455233127593157816e-01 2.057422949939483048e-01 1.763596540655986145e-01 2.476249561561493506e-01 1.784648769820761094e-01 3.671483935378928587e-01 4.836930964795956855e-01 3.733566514563182448e-01 7.166407479922470847e-02
1.451514330457104041e-01 4.911105334389642141e-01 5.338213526963238031e-01 5.364865235050619852e-01 3.435310675806358405e-01 2.018371222751369765e-01 4.111431834420296028e-01 3.248510561486953052e-01 3.125957865536611036e-01 4.083030901026841741e-01 2.163251679811260264e-01 1.380135822962959280e-01 1.782602978003738625e-01 1.292542391893889420e-01 3.394441039554777495e-01 2.270463192364022553e-01 4.220016092872250768e-01 4.300577265989583009e-01 3.137283836191821496e-01 1.887399578123369059e-01 0.000000000000000000e+00 2.988323668945174205e-01 4.588340880062949378e-01 3.985477488444738592e-01 4.253464779271189933e-01 4.554129588916440707e-01 2.390349878858352151e-01 3.066677374293234060e-01 2.389614599783519422e-01 1.117444422332475179e-01 2.518345646367590729e-01 2.117090641391133621e-01 2.125260915456380073e-01 1.194817893321387658e-01 3.453961270710802500e-01 9.263000503709394040e-02 1.431657392088565017e-01 5.056448625575455935e-01 2.013957392848103323e-01 3.205331658549777085e-01 4.400090563040152114e-01 3.800636088189937034e-01 4.583430521049985940e-01 2.506873593735524652e-01 3.716732761410978525e-01 1.347324329377345142e-01 4.111692944830990792e-01 2.115042467989884101e-01 2.639229401252985441e-01 7.383169074242321162e-02 4.448040556396361533e-01 2.946014310532917291e-01 1.784967616070284036e-01 4.867832192354266674e-01 2.448135038810413389e-01 2.805066619550145579e-01 1.684284009794244363e-01 3.369004876745245181e-01 4.210391916023070169e-01 3.721807405789124834e-01 1.724601121037171447e-01 2.670699929148416252e-01 6.772131559084404451e-02 1.860482321919968984e-01 1.461642418971869362e-01 2.995751111084499763e-01 4.169841852279690952e-01 2.519372316450594340e-01 7.867829611828346115e-02 6.565262735056301424e-02 1.031550718014005441e-01 2.855011252417432033e-01 3.560494425949101149e-01 3.622118552847740092e-01 1.348753404755257679e-01
