0.000000000000000000e+00 5.799216433301312978e-01 4.695825008204139728e-01 4.787427190005050792e-01 3.390157841357158142e-01 3.300334111307026697e-01 3.059733934399485600e-01 3.036562943851572882e-01 3.226088991191132793e-01 2.493048688036617333e-01 2.359635900008763554e-01 3.438153894637230312e-01 1.818897321294176139e-01 1.784992892895990169e-01 3.298019946806824421e-01 1.700317016774839374e-01 4.326927415935160059e-01 3.595999186519999724e-01 1.785344015082833691e-01 2.041169329271214361e-01 1.325256891044369056e-01 4.571252622360601481e-01 2.480308308899631942e-01 3.580238717742064702e-01 1.201013362743134361e-01 2.242284803524550452e-01 5.302919488002170167e-01 5.340649605273414258e-01 1.096993861656907210e-01 3.980424635465871219e-01 2.715423811796832121e-01 2.009536145650248629e-01 1.032327388068365742e-01 2.375038257498326699e-01 1.409358713071076352e-01 2.433938704528127439e-01 3.836654148655808672e-01 3.716190294327967880e-01 3.930685717259840839e-01 2.929764908273553847e-01 1.691191769357536512e-01 2.463025884352095518e-01 5.195996068265046341e-01 2.625681108411265230e-01 1.046014161123549474e-01 1.027053286466043380e-01 1.153734657753613529e-01 3.035857263401196549e-01 4.098001642311434600e-01 2.035073034698130501e-01 2.501338150471777433e-01 2.225848909430170053e-01 2.167062382383343200e-01 5.048681617581768366e-01 3.300202966262894000e-01 3.665810396230376744e-01 1.718607350097677844e-01 3.535908438335356729e-01 4.303685073531056116e-01 2.352567378734772563e-01 2.994931738204521521e-01 4.168934510396807291e-01 2.219270169289309647e-01 7.456570105825177652e-02 5.115896638803008045e-01 1.454188894208841010e-01 2.076405877143498169e-01 3.027400470773354280e-01 5.014381797245218708e-01 3.249711112450602846e-01 4.918379582135434802e-01 8.693820510401759072e-02 1.947226584701751972e-01 3.606900704329322749e-01 4.400756531356845858e-01 1.801987247299894623e-01 1.910187477900659458e-01 3.811713952873114208e-01 2.076821562248832853e-01 2.813080442308767415e-01 1.420920343919757356e-01 5.576892108531751324e-01 1.764472472742705245e-01 4.630078977003212470e-01 3.574012264641162617e-01 1.876047150337026848e-01 2.972645106753981081e-01 1.781486035032167625e-01 3.820089499890738094e-01 5.879526840817812794e-02 2.774607731663951693e-01 5.470138425896486911e-01 1.476876539127824073e-01 1.127037907536030253e-01 2.301808846149582255e-01 4.161729686396936634e-01 2.654818974341796034e-01 5.634862803257585651e-02 7.195739459344438482e-02 2.268179627284686861e-01
5.799216433301312978e-01 0.000000000000000000e+00 4.675639912461823644e-01 4.623196551699566559e-01 8.617581611402905795e-01 3.185030810129999002e-01 6.856323475160418512e-01 6.602146774090478232e-01 2.573127442110176855e-01 5.121646779576785047e-01 5.384286970699272423e-01 2.435339197634013853e-01 4.777823167405643723e-01 6.989280069032831610e-01 2.954525046210202399e-01 4.119367011419390323e-01 1.582964668092567695e-01 3.642942776652663417e-01 5.818716174159073162e-01 5.845764345453156041e-01 5.148905483251343673e-01 1.302310326733994161e-01 3.796885458957100501e-01 3.490150545840827734e-01 5.457910135331163204e-01 3.964574822447196611e-01 1.120182973083488076e-01 1.100630203316235040e-01 4.889893380862609384e-01 2.326758933396786688e-01 3.514541816024572274e-01 4.517227880200185286e-01 5.888960661787344675e-01 7.638239208582854323e-01 5.796781828415409343e-01 3.562990517421591452e-01 2.247412151030832583e-01 2.633154672446120781e-01 3.730670468116088490e-01 2.990809266993498250e-01 4.903382501376993829e-01 3.378005062561634797e-01 1.096757339777253287e-01 4.051029180944681896e-01 5.635262830858498440e-01 6.436345524908571036e-01 5.171960674838821381e-01 3.010589166010406714e-01 1.784158941197871717e-01 5.130908933079100231e-01 6.334550960199234471e-01 5.752698407934957459e-01 4.689608956504490722e-01 8.487029166078841058e-02 3.366208379507524273e-01 2.200596423514495636e-01 5.833163098840568050e-01 3.544627323934116392e-01 3.996255123436883716e-01 5.921961154966131069e-01 3.501742321692139503e-01 1.905265053103085138e-01 3.650872106732067079e-01 5.886428420666462991e-01 7.935768342946486475e-02 5.222521395147107226e-01 5.676510334294954108e-01 3.160972298627274246e-01 9.208643554039852575e-02 2.867852127363798020e-01 9.512291939380435046e-02 5.142660321290466463e-01 4.303215787139921256e-01 2.331886593693757448e-01 1.601092131546816011e-01 4.528537650480924381e-01 4.570890693983805653e-01 3.272709701493598522e-01 4.750169602834749538e-01 8.040504212354515623e-01 5.225515360101699036e-01 6.203670147881863023e-02 5.110059189978145566e-01 1.233781936912417554e-01 3.241371711740186901e-01 4.035494091397230365e-01 3.516397036097939077e-01 5.219312109843495806e-01 1.989718598589961807e-01 5.785172690481023006e-01 3.651060707183310106e-01 5.844143799893928432e-02 4.838474469188411842e-01 4.672178525765278700e-01 7.516143224209800300e-01 4.163962913204890537e-01 3.144397458959513059e-01 5.966210922848540488e-01 5.438610379708745945e-01 5.427139187433636103e-01
4.695825008204139728e-01 4.675639912461823644e-01 0.000000000000000000e+00 4.621585251974665853e-01 8.058415423390308252e-01 4.190511279616815354e-01 5.820424469248900445e-01 5.946128294014311200e-01 2.470803262203347672e-01 4.748059289543272721e-01 4.473833405918026807e-01 2.596497600745929502e-01 5.007727923610828524e-01 6.425644269910256723e-01 3.897066142676022249e-01 2.998037117819218889e-01 4.050242424528159857e-01 1.532246993260882040e-01 4.732493029369411741e-01 5.125683427152317728e-01 5.292693974567626025e-01 3.384314483082055958e-01 3.642742705650229285e-01 3.413409400826861173e-01 5.095024104092578110e-01 4.268575414259446199e-01 4.413290743599018739e-01 4.372577313872861304e-01 4.146740057044202565e-01 3.440445531754273700e-01 2.312135376039092804e-01 3.972599958395386377e-01 5.599205421322089871e-01 7.038220583310047518e-01 5.041337336877164121e-01 2.901568469498057024e-01 3.389414971667521481e-01 2.117602855678663576e-01 9.485595752017424165e-02 3.841662493516687094e-01 3.867483495465474652e-01 2.850331615620626535e-01 4.658196267925704404e-01 4.932041272757684558e-01 4.549039686068837574e-01 5.652888035278718082e-01 4.933134583758171932e-01 3.159438006378330610e-01 3.256901050455418001e-01 4.521870972320409798e-01 5.298651954287717514e-01 4.730095555362439641e-01 4.530007716109222815e-01 4.471010614963323859e-01 2.163192990690332440e-01 4.068793393723470486e-01 5.037920113965539404e-01 3.480428314364267806e-01 4.127614929148674672e-01 5.264609578905250498e-01 4.081514369308320567e-01 2.789080998820241963e-01 3.628053023490752649e-01 4.852795502045968989e-01 3.988280311131379707e-01 5.555991612858550699e-01 5.160919975024601536e-01 1.797075395309059576e-01 4.011953750722633827e-01 2.976040926450417290e-01 4.036352688935531674e-01 4.056437176500803932e-01 4.313008853108741825e-01 3.974666535974069603e-01 3.583090369862238500e-01 4.058053073650286779e-01 4.923872492890666863e-01 3.583979584833844600e-01 3.923648902728340548e-01 7.482116232316275983e-01 4.505434441800859058e-01 4.550996176533398385e-01 5.092474479479371929e-01 3.628333222980900108e-01 1.510002380943865630e-01 3.342206809382921029e-01 3.203725807383510649e-01 4.610653050136315767e-01 2.973531434175765709e-01 5.283777692285922534e-01 4.604189178303209062e-01 4.454753293635420608e-01 4.571506260686823420e-01 3.571253886223325624e-01 6.878192142762866723e-01 5.931705479785144564e-02 2.422900977933984401e-01 4.892235130937164778e-01 4.395489547986227707e-01 4.449889423787070641e-01
4.787427190005050792e-01 4.623196551699566559e-01 4.621585251974665853e-01 0.000000000000000000e+00 8.147550819636003583e-01 3.897686768817680836e-01 6.117043412002952651e-01 5.740482066268338679e-01 2.493757860115956571e-01 4.441849916894685113e-01 4.858781966610797864e-01 4.127791581405974020e-01 5.455200249359011266e-01 6.514779666155946503e-01 2.212230563738400435e-01 3.265704742272462768e-01 3.319703699541800557e-01 3.528337244351822388e-01 4.955371514800661070e-01 4.984099637631017043e-01 4.973700135263354749e-01 3.594265392256810188e-01 4.510289906472076393e-01 1.208175851147803848e-01 5.535762520266581665e-01 3.888373738466123775e-01 3.984738256371293530e-01 4.708440654965529992e-01 4.028228673040471497e-01 2.380315269447176030e-01 3.197584875560673945e-01 4.413338374569394373e-01 5.688340817567778540e-01 7.127355979555740628e-01 4.935117120593270901e-01 2.474797405432745401e-01 3.609382346169943689e-01 3.197584849929565043e-01 3.801849530364312391e-01 3.017761999036212561e-01 4.200630138721190843e-01 3.614306962373384224e-01 4.103419360931000459e-01 4.630028691884379155e-01 4.760176354423529821e-01 5.742023431524405641e-01 5.373872999932176597e-01 4.394311156084459435e-01 3.994936976855519850e-01 4.281988058174804879e-01 5.595270897041770830e-01 5.063242198618151946e-01 4.211013876804953204e-01 3.868787077956174492e-01 3.697487441058995294e-01 2.557400212930381334e-01 5.260798599396787623e-01 1.863407453218219045e-01 7.366281727706150417e-02 5.060296447143993737e-01 4.564373324556627032e-01 3.304653138844029781e-01 3.168030103602150205e-01 4.930517154129921975e-01 4.320356414124920108e-01 5.236997773554277202e-01 4.950764041729383003e-01 2.824509856665605168e-01 3.852840185499488146e-01 1.901884935537107579e-01 4.017509492839783647e-01 4.254177678784948347e-01 4.854764006344460814e-01 2.989638923410223303e-01 3.115722294666173342e-01 3.763454988848029537e-01 4.604878653586397808e-01 1.497529547489940271e-01 4.346604578478616698e-01 7.571251628561970204e-01 4.363850652279560594e-01 4.315429765080709412e-01 4.773480640175100653e-01 4.234355266513405991e-01 3.431881398234942204e-01 3.856564142150618046e-01 1.953272498966132087e-01 5.033608725886590252e-01 2.794652981695425198e-01 5.375379874086829712e-01 3.899521694562840812e-01 4.688792686311655245e-01 5.012244676860831971e-01 3.670126224433999385e-01 6.967327539008558723e-01 4.090648459420932470e-01 2.387475977753217293e-01 5.002960116141880187e-01 4.473211200070181248e-01 4.783036067042783501e-01
3.390157841357158142e-01 8.617581611402905795e-01 8.058415423390308252e-01 8.147550819636003583e-01 0.000000000000000000e+00 5.582909943528340246e-01 6.449891775756643186e-01 6.311820666518690448e-01 6.586212620822082808e-01 5.023147889091019724e-01 5.009629658239715955e-01 6.519769752484112502e-01 3.911833165233368770e-01 1.884884252910153934e-01 6.658143576437773881e-01 5.063553465893206873e-01 7.254669590980409311e-01 6.958589601706164363e-01 5.175501856439991277e-01 5.316427051938330539e-01 3.791150633205871423e-01 7.890901586998338990e-01 4.977681406708230338e-01 6.940362347373014718e-01 4.147049209857059382e-01 4.836619171027260466e-01 8.394772712360357714e-01 8.254877155027753322e-01 4.457117491287859168e-01 7.340548265096820124e-01 6.081929796266323240e-01 4.506909243458847025e-01 2.854964535786239099e-01 1.020194840080261012e-01 4.502003928175370429e-01 5.794062334159076899e-01 6.428309271404184511e-01 7.078780709514134184e-01 7.293276132446004922e-01 5.878005151338622225e-01 5.057697753827027354e-01 5.707863894019865603e-01 8.093485641378475037e-01 4.686313659333152803e-01 4.377058869208576009e-01 2.405527388111592668e-01 3.546503192791054526e-01 5.632777562111632719e-01 6.936542898750609476e-01 5.375920132990840150e-01 5.891495991828936685e-01 5.464981233220346235e-01 4.526831102175081223e-01 8.097267661750867651e-01 6.520997827884243980e-01 6.794068477436885356e-01 4.787955186621877801e-01 6.896032067966306744e-01 7.663808703162007241e-01 5.627825101401890961e-01 5.206612679183900694e-01 7.324617942156255168e-01 5.568751475939093254e-01 3.934026241644745236e-01 8.183958428572708499e-01 3.528015806510192420e-01 4.984098815313058872e-01 6.389990885959522249e-01 8.330678380276463901e-01 6.609834742081550640e-01 7.674987420202898925e-01 4.245482501902279604e-01 4.314365824262986204e-01 6.417954150769394905e-01 7.683580621218074613e-01 5.162110876930845471e-01 4.167993101038052761e-01 7.171837582504061448e-01 4.865330933393377522e-01 6.268946825780051524e-02 4.696178066586875199e-01 8.723394282678398337e-01 4.371819591317429032e-01 7.609556403144882575e-01 6.936602679827327256e-01 5.167377191191663277e-01 6.332768736384932762e-01 4.411883931505043432e-01 7.180213129521686444e-01 3.092956062714252163e-01 5.087823087838545533e-01 8.400365282367797670e-01 4.077289864326501534e-01 4.487161537166980407e-01 1.335763886781947130e-01 7.524320101583101827e-01 6.014942603972746049e-01 3.736761024838411438e-01 3.950443631712278747e-01 5.499710229852041721e-01
3.300334111307026697e-01 3.185030810129999002e-01 4.190511279616815354e-01 3.897686768817680836e-01 5.582909943528340246e-01 0.000000000000000000e+00 4.749979558612704711e-01 4.051766697441013809e-01 2.980653983435211374e-01 2.521242500142164555e-01 3.231649978778155519e-01 1.888150210738817891e-01 1.867889329366538287e-01 3.866917421961075241e-01 1.824033010088954576e-01 2.046974554317817496e-01 1.811286930399901851e-01 2.978785880744727055e-01 3.588307661410412575e-01 3.295384268803689398e-01 2.151789725851849522e-01 2.858638561509823650e-01 1.427214361820432487e-01 2.760607424881885152e-01 2.946774750004219068e-01 1.233859201776668912e-01 2.956430590260928915e-01 2.906697736353965889e-01 2.339513304213142464e-01 2.363255376044195721e-01 2.354512711167926764e-01 2.428976416840961938e-01 2.771156080633914165e-01 4.614935412459117980e-01 2.984902586907534627e-01 1.927435017992754629e-01 9.971398966795157193e-02 2.779164738863372786e-01 3.338348928512525626e-01 1.055471170726598185e-01 2.882600471542062226e-01 1.940349569955561182e-01 2.607541829643459375e-01 9.142300245857559737e-02 3.371742263798406802e-01 3.516014309697323426e-01 2.603293729286544345e-01 1.153866011983003675e-01 1.808242377746782925e-01 2.580528856429633588e-01 4.228207043651522890e-01 3.711426032554828724e-01 1.954121356724545788e-01 2.653885001170360747e-01 2.264846435587379025e-01 1.659924010529120475e-01 3.457198442576200348e-01 2.363352207204904576e-01 3.185167587725956651e-01 3.371581078316666646e-01 7.620966488356369084e-02 2.604234784661388913e-01 1.367200496556469358e-01 2.889312663266969117e-01 3.028532166444908857e-01 2.085722238788180194e-01 2.851839988339371912e-01 2.896293674594087597e-01 2.977436330462010505e-01 2.629257739032506702e-01 2.259813778674473472e-01 2.841639091710768672e-01 1.792080401812977675e-01 1.030948893234235331e-01 2.333990404932666241e-01 1.936273076026382434e-01 1.524640426906183344e-01 2.438472771215085821e-01 2.661918139475527023e-01 5.000412311271947852e-01 2.675135283452232393e-01 3.285052160578968428e-01 2.239560764343741794e-01 2.440240658772039328e-01 2.735977637640651383e-01 1.947242628038007850e-01 2.024858324427558642e-01 2.894136370513897272e-01 2.754541684640247068e-01 3.047240415256447510e-01 6.893905437922508150e-02 2.967814481094890877e-01 2.327339083861467983e-01 2.263422091656010771e-01 4.440902430125017175e-01 3.631219575138292521e-01 2.555282547453638919e-01 3.455075537521596352e-01 2.888230303059280968e-01 3.385866812053506814e-01
3.059733934399485600e-01 6.856323475160418512e-01 5.820424469248900445e-01 6.117043412002952651e-01 6.449891775756643186e-01 4.749979558612704711e-01 0.000000000000000000e+00 4.765312962601338520e-01 4.446998308562296609e-01 4.041191490871015035e-01 2.340189002159955289e-01 4.453446422883913236e-01 3.704828916715556253e-01 4.844726827295475213e-01 4.661965956083714557e-01 2.887866370232148872e-01 5.690873425212051862e-01 4.720598647564756001e-01 1.440021596399796988e-01 3.942391245731601268e-01 4.078153999131384766e-01 5.764273287972652149e-01 3.565771296383687394e-01 4.909854939739968782e-01 2.631439062795481454e-01 3.726238048488826338e-01 6.573717301981977235e-01 6.355942133520100512e-01 2.819986187452108162e-01 5.285314975426732564e-01 3.806134800638248938e-01 2.992226299159576053e-01 4.039551542382254223e-01 5.434772191897813132e-01 3.582321382492557049e-01 3.791091324817598140e-01 4.851574723442379500e-01 4.840789755372725822e-01 5.055285178304598226e-01 4.320984846388670197e-01 1.952940973783421630e-01 3.478318412598779275e-01 6.420540479662119049e-01 4.532576894741716100e-01 2.177956808361332930e-01 4.086787220865529813e-01 3.195907126647781205e-01 4.048108930351644874e-01 5.113294170558116969e-01 3.629014126388070416e-01 8.127026712821483478e-02 1.400162877925320848e-01 3.916947260944523834e-01 6.412627626858659058e-01 4.315495494509576924e-01 5.029756405507268546e-01 1.940544404720012939e-01 4.865524660333260809e-01 5.633301295528959640e-01 4.081317397484537368e-01 4.299457624254644506e-01 5.184227038643490770e-01 3.648703317452919315e-01 3.320910738880994417e-01 6.131189167049695410e-01 4.018717898882438466e-01 3.977627793603883966e-01 4.151999931818110001e-01 6.227075310976153411e-01 4.554601452411464746e-01 5.933672110382118836e-01 2.251837580346669754e-01 3.397774220362399511e-01 5.004875532626404944e-01 5.685059379709245242e-01 3.350130050134290105e-01 4.310812037725966217e-01 5.141330174871014957e-01 2.666367782804191511e-01 5.872814376708253015e-01 3.322142260380144818e-01 6.784909056881982536e-01 4.226306975454124371e-01 5.645371505249898725e-01 4.698611725685920559e-01 2.888298817287475728e-01 4.314647933398913504e-01 2.253086392658411874e-01 5.071652045252535990e-01 3.506935446500322739e-01 4.224253178969630818e-01 6.485430954143175386e-01 2.844922337297319803e-01 2.506373101302026285e-01 5.314616086237873294e-01 5.286329147441692911e-01 3.917718525375393779e-01 2.833476812889220708e-01 2.863604784821253135e-01 1.805995053948305229e-01
3.036562943851572882e-01 6.602146774090478232e-01 5.946128294014311200e-01 5.740482066268338679e-01 6.311820666518690448e-01 4.051766697441013809e-01 4.765312962601338520e-01 0.000000000000000000e+00 4.281877715064620893e-01 2.376410565793420915e-01 3.910528693591402982e-01 4.829601615090857170e-01 3.958296734365511216e-01 4.616230263132776179e-01 4.092723729672961275e-01 2.951266336517205935e-01 5.118661750658682896e-01 4.846302472330167310e-01 3.533118352977799859e-01 1.401500132260106446e-01 2.979107870543883374e-01 5.634137821869955598e-01 3.944967349886863706e-01 4.533293594005356475e-01 4.023103525805917235e-01 2.993717389658537287e-01 6.095789570653161737e-01 6.415910366707309187e-01 2.078097580196326399e-01 4.933479511729161326e-01 4.009221957040198236e-01 3.588721530087686795e-01 3.768686522369129044e-01 5.291625826438430824e-01 2.206666907385606002e-01 3.348869680711425434e-01 4.727833483341167264e-01 4.911796002456862986e-01 5.180989003070008980e-01 3.681197494407541515e-01 3.088790822826826266e-01 3.854473604805721543e-01 5.987730402988565848e-01 3.889293979022757086e-01 3.296185229113641757e-01 3.906293278407099168e-01 4.180660778410726364e-01 4.427304983854824516e-01 5.472651695932659877e-01 1.568554200509573726e-01 4.243540447640153923e-01 3.827645642904516365e-01 2.894351425794705057e-01 5.840415952305292313e-01 4.658311268445128328e-01 4.458680478881370535e-01 3.805236245149583585e-01 4.464736445732787051e-01 5.256739949794345668e-01 7.361975655637273408e-02 4.381978071152832221e-01 5.321831837617059247e-01 2.970702755423295649e-01 2.682704127423170548e-01 6.356317838918735807e-01 3.473742867005704116e-01 1.721101132525245658e-01 4.277703756583522976e-01 6.016360819332670085e-01 4.202765988713892953e-01 5.724979204581559511e-01 2.764676052258044359e-01 4.032167049809678439e-01 4.358333290463309861e-01 5.348192622662556461e-01 2.424657160125492372e-01 3.107975138592894426e-01 4.764768829136403205e-01 3.468269282702458045e-01 5.735521475444660400e-01 1.645314420488827312e-01 6.426481079362578175e-01 2.332691639706644116e-01 6.021526697456839328e-01 4.824315550451331314e-01 3.267494870790651484e-01 3.897828095395541870e-01 4.155273430110433819e-01 4.844687751985432000e-01 3.572354590281500708e-01 3.526040317797938251e-01 6.432979907001975528e-01 4.189647720326047931e-01 2.426420660330871615e-01 5.110722258052070588e-01 5.412032972207104775e-01 3.737239948746432505e-01 3.385576443388540469e-01 2.361377034806411979e-01 3.770409749575902580e-01
3.226088991191132793e-01 2.573127442110176855e-01 2.470803262203347672e-01 2.493757860115956571e-01 6.586212620822082808e-01 2.980653983435211374e-01 4.446998308562296609e-01 4.281877715064620893e-01 0.000000000000000000e+00 3.027649659925053527e-01 3.152209162668483389e-01 1.899410618406864593e-01 3.787658346163108036e-01 4.953441467342029614e-01 1.769238750817314909e-01 1.559131938330146627e-01 1.839839028943293098e-01 1.414296719131996061e-01 3.321536861044431799e-01 3.521344657431531022e-01 3.559499878293723718e-01 1.353534359220914252e-01 2.636074329109447945e-01 1.285582008968153833e-01 3.810887179158373717e-01 2.535381317985545557e-01 2.126718993419680070e-01 2.708471146207189761e-01 2.542401287323418635e-01 1.094968535368252421e-01 1.288331343317624667e-01 2.688463033461184204e-01 4.127002618753862206e-01 5.566017780741822074e-01 3.472362140393785990e-01 1.137070158608815412e-01 2.647049010534311408e-01 9.692038869304551996e-02 1.651067540592993654e-01 2.074712300208441385e-01 2.494057334778874979e-01 1.740091385010754388e-01 2.562765108744740061e-01 3.430957907349765357e-01 3.138083517743857631e-01 4.180685232710490973e-01 3.648997658823968648e-01 2.515987265886337476e-01 1.835946529467044064e-01 2.850259607410290386e-01 3.925225793601113122e-01 3.356669394675838580e-01 2.796813619835321618e-01 2.135520538267786650e-01 1.647600349226468197e-01 1.723316397337449346e-01 3.626963945640558906e-01 1.353940486031718904e-01 1.999787537289967609e-01 3.601692095940273175e-01 3.369760656980405611e-01 1.039954122552437799e-01 1.863554712601510066e-01 3.377629149441851442e-01 2.075714376269696404e-01 3.822797516584646726e-01 3.524800727502825359e-01 7.104693314457800890e-02 1.788292806054085915e-01 8.482135345917099500e-02 2.463293937450963811e-01 2.645481008175825099e-01 3.053155757622477706e-01 2.315464964344809140e-01 1.247600293166701568e-01 2.349254731878396840e-01 3.190678396616766221e-01 1.456152192975136983e-01 2.625171559324974146e-01 6.009913429748049429e-01 2.901095672080074017e-01 2.350803117340619641e-01 3.359280383205469622e-01 1.989713228658182287e-01 1.281099408463623468e-01 2.058069884448719689e-01 1.105285234821783702e-01 3.312175706732948810e-01 6.367770587488144618e-02 3.814041675272913934e-01 2.845939536238943357e-01 2.636796017271857417e-01 3.287369335752622357e-01 2.099051083655102401e-01 5.405989340194640169e-01 1.939866469649613456e-01 5.712700168493369673e-02 3.433608963891739418e-01 2.920323195382110160e-01 3.076463263100468470e-01
2.493048688036617333e-01 5.121646779576785047e-01 4.748059289543272721e-01 4.441849916894685113e-01 5.023147889091019724e-01 2.521242500142164555e-01 4.041191490871015035e-01 2.376410565793420915e-01 3.027649659925053527e-01 0.000000000000000000e+00 2.957223368647456940e-01 3.690987007306582024e-01 2.154515046545832369e-01 3.243085384905057267e-01 2.685092906906932364e-01 1.753197332046173007e-01 3.603825280751692950e-01 3.648233467859134382e-01 2.811236041390080542e-01 1.449631393189960149e-01 1.304330999227911181e-01 4.379909766730387122e-01 2.806352742102590225e-01 3.234661444631700133e-01 3.386865280921232402e-01 1.346253271851436117e-01 4.649464246677606494e-01 4.892983421917052600e-01 1.416273933335661095e-01 3.560835064091871227e-01 2.811152952569164198e-01 2.525238736582178234e-01 2.256526147501014545e-01 4.055173358021798014e-01 1.272451277872822528e-01 2.014814493912251980e-01 3.204906538550913453e-01 3.657567947317295620e-01 3.982919998598974942e-01 2.191336564602107961e-01 2.269789307421951619e-01 2.715858997021448062e-01 4.505904809724097237e-01 2.119503381705292178e-01 2.574302917525922996e-01 2.850532420788812193e-01 2.699330754553939671e-01 3.288690376070550481e-01 3.949724751142406065e-01 8.078563652838463560e-02 3.519418975909832104e-01 3.103524171174193436e-01 7.754127428083741613e-02 4.359915957791596908e-01 3.460242263974094845e-01 3.013811597757511396e-01 3.083353933561863713e-01 3.086560664079738281e-01 3.958107800420691547e-01 1.698233942119496687e-01 2.744204418313556104e-01 4.067603782477491325e-01 1.535575235418392415e-01 1.783528748405073805e-01 5.042785634147441964e-01 1.765404114724952733e-01 7.090055668750323836e-02 3.063920383292594862e-01 4.571491938208813166e-01 2.923590147470673251e-01 4.202052259791305699e-01 2.042793740670325320e-01 2.784218099302105953e-01 2.835406345673055495e-01 3.903323741538699543e-01 6.913422061732615864e-02 1.304193450773216134e-01 3.382786899920991464e-01 2.455699771267235432e-01 4.440650256834627885e-01 1.364491100098773335e-01 4.978085816995646562e-01 7.647132862448860480e-02 4.523934013342832960e-01 3.626246545980298386e-01 2.128880263006378837e-01 2.587009113074127398e-01 3.142703918675209818e-01 3.590459696845865190e-01 2.702030534798483541e-01 1.888266664958662966e-01 4.910052962211722827e-01 2.980242241530295377e-01 1.543825183474148155e-01 3.817070393069000311e-01 4.213963967736070182e-01 2.518427030777122266e-01 2.749338198503856745e-01 2.013699332110244211e-01 2.874041584495699575e-01
2.359635900008763554e-01 5.384286970699272423e-01 4.473833405918026807e-01 4.858781966610797864e-01 5.009629658239715955e-01 3.231649978778155519e-01 2.340189002159955289e-01 3.910528693591402982e-01 3.152209162668483389e-01 2.957223368647456940e-01 0.000000000000000000e+00 2.986123272913429050e-01 1.809736872130933705e-01 3.381328115869643991e-01 3.475757915473289827e-01 1.593077224338336484e-01 4.225080777548848032e-01 3.374007584233888468e-01 1.407848731989687352e-01 3.087606976721666840e-01 3.078946241860874289e-01 4.367363131359617290e-01 2.005610167889652629e-01 3.651593494347812885e-01 1.202477502457260095e-01 2.541151004843434924e-01 5.278928156088162904e-01 4.888618983549613550e-01 2.098036528378964538e-01 3.990525829532919899e-01 2.438107353456562265e-01 1.031931664447292285e-01 2.448285222786514559e-01 4.001471238466940417e-01 2.943658529788087952e-01 2.577029628366062641e-01 3.312068785456943054e-01 3.494198692041858290e-01 3.708694114973728473e-01 3.134776805778244912e-01 9.375878197484471821e-02 2.010995262628294533e-01 4.889108291865381650e-01 2.633591119103498301e-01 1.614493064330303485e-01 2.780549627833169279e-01 1.542130837882488281e-01 2.508602992366210094e-01 3.620835152010989377e-01 2.728005527061322377e-01 1.807954773984019048e-01 9.400261242346345802e-02 2.749359412704288630e-01 5.067678848319306928e-01 2.848172344539092737e-01 3.843548364896841596e-01 9.301282713860863083e-02 3.607263214941103802e-01 4.375039850136804853e-01 3.226533128474602385e-01 2.538121944828681253e-01 3.716903888673004919e-01 2.462495276842492642e-01 2.682247886176524765e-01 4.663866017079206228e-01 2.358495071427497147e-01 3.122843524593951203e-01 2.805408868487243024e-01 4.932286165082337970e-01 3.259812306517652636e-01 4.438133096478706352e-01 1.725497320986706107e-01 1.493685386552346950e-01 3.818667492015978548e-01 4.390270233815430911e-01 2.265881162474195354e-01 2.660058467903550494e-01 3.867750964901079391e-01 6.352855503356867606e-02 4.432552259191326893e-01 2.467357991370210391e-01 5.490119910988170426e-01 3.311826176074436634e-01 4.178048355279411208e-01 3.352020662355052472e-01 1.355445839804314823e-01 3.073031645257791600e-01 5.977457267346746039e-02 3.776862899358723880e-01 2.083530628166537779e-01 3.038045138359205533e-01 5.018107804172687869e-01 1.069099730373879453e-01 1.539347787464619977e-01 3.908191271046611570e-01 3.939738084110824268e-01 2.622929379481582779e-01 1.840004584874636029e-01 2.224941932116783483e-01 5.633024837245102778e-02
3.438153894637230312e-01 2.435339197634013853e-01 2.596497600745929502e-01 4.127791581405974020e-01 6.519769752484112502e-01 1.888150210738817891e-01 4.453446422883913236e-01 4.829601615090857170e-01 1.899410618406864593e-01 3.690987007306582024e-01 2.986123272913429050e-01 0.000000000000000000e+00 2.968103833868297459e-01 4.891468210114038873e-01 2.480216266348627963e-01 1.951130493503390739e-01 1.580544834603042070e-01 1.415056928040208384e-01 3.415839121882572327e-01 4.006679898221120473e-01 4.027641507028362766e-01 1.381239858446189073e-01 1.603118615907697109e-01 2.919615730258169339e-01 3.266680756809897113e-01 3.059404104553281600e-01 2.626702346017541490e-01 1.982270696854215586e-01 3.017109449878416783e-01 2.108023902091056556e-01 1.111109641409701310e-01 2.213551655280650843e-01 3.937431545622006035e-01 5.511611332711335853e-01 3.862731451287540474e-01 2.148532279298248637e-01 1.044709624159346345e-01 9.792749274568664231e-02 1.688866510673937005e-01 2.154779867485699663e-01 2.500505449100492994e-01 9.751280102851341003e-02 2.221201324930481835e-01 2.662583827712325379e-01 3.232385778581998159e-01 4.303787145856763918e-01 2.994245545381335472e-01 9.989927250786991009e-02 8.343168902334151260e-02 3.462783850170432220e-01 3.931673907922731415e-01 3.349821355658457733e-01 3.475845390111406696e-01 2.423142905373501244e-01 9.308691818735102819e-02 2.047235974883430398e-01 3.529486873921033330e-01 2.986634643795574862e-01 3.633821258579983393e-01 4.145606049974055463e-01 1.870501534909138341e-01 8.977692755994584606e-02 2.712913997805293520e-01 3.601320807675977287e-01 1.678856250441586317e-01 3.687727696404132227e-01 4.041916446093403725e-01 1.334733018300009733e-01 2.002427428645842111e-01 2.297528704836246383e-01 1.623545775871802488e-01 2.739783269013966183e-01 2.273384763366208816e-01 1.564231101667130086e-01 1.860365255514130622e-01 3.000659485583305197e-01 3.400492208082696033e-01 3.052003625325606651e-01 2.408914802006776879e-01 5.942692353435722330e-01 3.386430912869663468e-01 2.507226646134377290e-01 4.038312153481555256e-01 1.238026605962253834e-01 1.086495219802063594e-01 1.703158807685463128e-01 2.628578200988562763e-01 2.915635884923961085e-01 1.512222517743432304e-01 3.607457561023536541e-01 2.528910051083532173e-01 2.064446676616771836e-01 2.632617222309989735e-01 2.436726632413928617e-01 5.418331365291005897e-01 2.037205896267403615e-01 1.886567377778016752e-01 3.575581223450325363e-01 3.144014853616235450e-01 3.024262135157135267e-01
1.818897321294176139e-01 4.777823167405643723e-01 5.007727923610828524e-01 5.455200249359011266e-01 3.911833165233368770e-01 1.867889329366538287e-01 3.704828916715556253e-01 3.958296734365511216e-01 3.787658346163108036e-01 2.154515046545832369e-01 1.809736872130933705e-01 2.968103833868297459e-01 0.000000000000000000e+00 2.283531622863295141e-01 3.414737849023172234e-01 2.295888599687574416e-01 3.584392110642857787e-01 3.796002524738742445e-01 2.653078447914442584e-01 2.978510144969425122e-01 1.381985904187203185e-01 4.254745463177959652e-01 1.364985217960600072e-01 4.248011777096027397e-01 1.505945280705909828e-01 1.658958557405901812e-01 4.729535770503884295e-01 4.456253396173202597e-01 2.680116492236024328e-01 4.084772779113517438e-01 2.990817300995431971e-01 1.169105378383927113e-01 1.199781917429843664e-01 2.935992644087094261e-01 2.363057637223106022e-01 3.028164826376580909e-01 2.534872672785655756e-01 3.669592602975200735e-01 4.155565572506539351e-01 2.519751496312753747e-01 2.362119609735918169e-01 2.290665101407173276e-01 4.250431999446228071e-01 9.536593047807823131e-02 2.251833941090497782e-01 1.792478048750421327e-01 8.794875652090304585e-02 2.013130808350734324e-01 3.234518497122931269e-01 2.778037861445132317e-01 3.100649285380863152e-01 2.510162516677805766e-01 1.513003464314151836e-01 4.426990181413316128e-01 3.059723079177886773e-01 3.446716269354729856e-01 2.016368973277890830e-01 3.891881998426497957e-01 4.775872426660174863e-01 3.388603283555696732e-01 1.296836168788793875e-01 3.772952023540441235e-01 2.391090862317736543e-01 2.008815293973629790e-01 4.500395304717493272e-01 7.325284475605871315e-02 2.237884318654496107e-01 3.403370733666524761e-01 4.764228589287620164e-01 3.936940479935002180e-01 3.849898723335559159e-01 2.622117537678363419e-01 7.345025885406306076e-02 2.817741152059844989e-01 4.120782663758275621e-01 2.047563545233533344e-01 8.503215957726163732e-02 4.029177610149303201e-01 1.527527068318456915e-01 3.334755766184978598e-01 2.821402253957299711e-01 5.058157340821923809e-01 1.625605094658866268e-01 3.907532001517203812e-01 3.553194281634665108e-01 1.829056496149872313e-01 3.553388115649152579e-01 1.453306901215588587e-01 4.387405265684415911e-01 1.263560462502530679e-01 1.675190786123918474e-01 4.560606838370535598e-01 9.054259772142470020e-02 2.358318303658894777e-01 2.810394778040261610e-01 4.448436219132306246e-01 3.325740754830821544e-01 1.835764440836444855e-01 2.404222466735551067e-01 2.290091907008940109e-01
1.784992892895990169e-01 6.989280069032831610e-01 6.425644269910256723e-01 6.514779666155946503e-01 1.884884252910153934e-01 3.866917421961075241e-01 4.844726827295475213e-01 4.616230263132776179e-01 4.953441467342029614e-01 3.243085384905057267e-01 3.381328115869643991e-01 4.891468210114038873e-01 2.283531622863295141e-01 0.000000000000000000e+00 4.941389337090011380e-01 3.430782312413152568e-01 5.538677069413143750e-01 5.325818448226113944e-01 3.570336907978824414e-01 3.614320680325512347e-01 2.011088129019908688e-01 6.262600044628267026e-01 3.349379864338156709e-01 5.307591193892962078e-01 2.518747667486986308e-01 3.099709138364343253e-01 6.657862679697440500e-01 6.626575612657679137e-01 2.824346337807804308e-01 5.629273842784070503e-01 4.449158642786268381e-01 2.878607701088773396e-01 1.138972014218972706e-01 1.057293011303376967e-01 2.686177888870605046e-01 4.161291180679024260e-01 4.780730645162765136e-01 5.446009556034083765e-01 5.660504978965955614e-01 4.141095118675706122e-01 3.424926600346973604e-01 4.079562351649792529e-01 6.398791757966232341e-01 2.983515499145350525e-01 2.771893920747408036e-01 9.011867894313187188e-02 1.918201650420980620e-01 4.004476019741557424e-01 5.308241356380535292e-01 3.695391155394707750e-01 4.286331043367767601e-01 3.836679690850272606e-01 2.780559877016119952e-01 6.368314390811430359e-01 4.892696285514172572e-01 5.057158444773970363e-01 3.159653644251804172e-01 5.263260914486252995e-01 6.031037549681953491e-01 3.932234698015975027e-01 3.578311136813828730e-01 5.696316399786183204e-01 3.831841443276177706e-01 2.118200202339979576e-01 6.555656886202636535e-01 1.812023284942926027e-01 3.204036311127095860e-01 4.757219732479469054e-01 6.593768347613546688e-01 4.977063588601499111e-01 6.046685877832824740e-01 2.619845547610478165e-01 2.686064281892912020e-01 4.701961629202129345e-01 5.946670588555158510e-01 3.440400001950595921e-01 2.452000579470786090e-01 5.539066429024008809e-01 3.237029391023303893e-01 1.257989570332148921e-01 2.994071694974055342e-01 6.986484250015481123e-01 2.591757087131466020e-01 5.981254860774808391e-01 5.303831526347276837e-01 3.539075648821590203e-01 4.699997582904877347e-01 2.783582389134969248e-01 5.547441976041634915e-01 1.487791114253084468e-01 3.371830566271280527e-01 6.772063739997722376e-01 2.448988321956428460e-01 2.854390383686927213e-01 5.752053873273042794e-02 5.891548948103051409e-01 4.382171450492692855e-01 2.131596076377245130e-01 2.263176581847171076e-01 3.871408687481967537e-01
3.298019946806824421e-01 2.954525046210202399e-01 3.897066142676022249e-01 2.212230563738400435e-01 6.658143576437773881e-01 1.824033010088954576e-01 4.661965956083714557e-01 4.092723729672961275e-01 1.769238750817314909e-01 2.685092906906932364e-01 3.475757915473289827e-01 2.480216266348627963e-01 3.414737849023172234e-01 4.941389337090011380e-01 0.000000000000000000e+00 1.931634056096875884e-01 1.548791838434373513e-01 2.803818135053178784e-01 3.500294058881422421e-01 3.336341301035636864e-01 3.026010859529815744e-01 2.291524674760071767e-01 3.155837278812696489e-01 1.232691230521251596e-01 4.151079955361031137e-01 1.841680198725667572e-01 2.391037714467500741e-01 2.929460888554406561e-01 2.380470336445089929e-01 1.153078201583614681e-01 2.073969078505490948e-01 3.040240820050722492e-01 3.911677628162922304e-01 5.637948736357513146e-01 3.287358783997890721e-01 1.029860790625182765e-01 1.535728587441217430e-01 2.405497031859930579e-01 3.077330421065668231e-01 9.441082403074871343e-02 2.810170202999938138e-01 2.441092410097557008e-01 2.365906733211265989e-01 2.556374933155653451e-01 3.283728661269416649e-01 4.252616188326182045e-01 4.000775445413507492e-01 2.320657397355733731e-01 2.076894649480657828e-01 2.621485888661581054e-01 4.140193441122532736e-01 3.672782262896901462e-01 2.362413316095187676e-01 2.192794224425014538e-01 2.723058389910422150e-01 7.539286226957073178e-02 3.792779677305356811e-01 7.377513392655639379e-02 1.486967187132416102e-01 3.412538110548614112e-01 2.490719565827901327e-01 2.304471615216164004e-01 1.162118656489377899e-01 3.416457733277747932e-01 2.928420632462868656e-01 3.289308497820739308e-01 3.255644043852141123e-01 2.099990747366962396e-01 2.311608963147008811e-01 1.080352440849404322e-01 2.238529726428660216e-01 2.764770435586720310e-01 3.481666451825789488e-01 9.159851646814977377e-02 1.643440766476895742e-01 2.031767771880080564e-01 2.640375845498810214e-01 7.191975012708962112e-02 2.973507023959945372e-01 6.081844385363742722e-01 2.716092315684179859e-01 2.721729223176916346e-01 2.932341946641663366e-01 2.589728528404965369e-01 2.707362288936298045e-01 2.527461822113439838e-01 7.526570934328762064e-02 3.660511171367920591e-01 1.695369873617154632e-01 3.885972630888606116e-01 1.825867935834114830e-01 2.931619649112982007e-01 3.639147122342161200e-01 2.180718981235771348e-01 5.477920295810332352e-01 3.366129350122288311e-01 1.566026838317133574e-01 3.513552872943654370e-01 2.929187335291227878e-01 3.392576131321531907e-01
1.700317016774839374e-01 4.119367011419390323e-01 2.998037117819218889e-01 3.265704742272462768e-01 5.063553465893206873e-01 2.046974554317817496e-01 2.887866370232148872e-01 2.951266336517205935e-01 1.559131938330146627e-01 1.753197332046173007e-01 1.593077224338336484e-01 1.951130493503390739e-01 2.295888599687574416e-01 3.430782312413152568e-01 1.931634056096875884e-01 0.000000000000000000e+00 2.960541525225212078e-01 1.898211296135079718e-01 1.762404922714284894e-01 2.130821469655214129e-01 2.300741973309399502e-01 2.876406917740501612e-01 1.283183004716935416e-01 2.058516270009476401e-01 2.270057777994122783e-01 1.293876373196931051e-01 3.685850931749826143e-01 3.853626204139575795e-01 1.151878099547101464e-01 2.397448605194584248e-01 1.061130780845109811e-01 1.147633632296932299e-01 2.604343463824985716e-01 4.043358625812946139e-01 2.046475379380061910e-01 1.010051062707026936e-01 2.349630747521968821e-01 2.018402403943049261e-01 2.232897826874920555e-01 1.602056364214101691e-01 9.349253964487283519e-02 9.760024832182563614e-02 3.829610177555097805e-01 2.189452962561150573e-01 1.578951579413710726e-01 2.658026077781614482e-01 2.108168257659717715e-01 1.559999270375575231e-01 2.610978241177595027e-01 1.527009014823307864e-01 2.366093855270967605e-01 1.797537456345691675e-01 1.538055714850997679e-01 3.682295726871820385e-01 1.710220092250040180e-01 2.299424505520429318e-01 2.067832007310412001e-01 2.014185990602767873e-01 2.781962625798468092e-01 2.269747621408148563e-01 2.016869332587893915e-01 2.528735613452034459e-01 9.297748352783494208e-02 1.857933544548867055e-01 3.598586934789284597e-01 2.564039611600322788e-01 2.166058017527497936e-01 1.329612580388434273e-01 3.339208940744001763e-01 1.666735082179316152e-01 3.431356181001595784e-01 1.086349069845678472e-01 1.589059264071999711e-01 2.274543632639565716e-01 2.797193009477094705e-01 1.063191116153185678e-01 1.931920491632442283e-01 2.274673740562743463e-01 1.080899836206155040e-01 4.487254274819175714e-01 1.510572484303757124e-01 3.897042686649834220e-01 2.100522478221145961e-01 3.143055575869373452e-01 1.876224374256242888e-01 6.057105256207241661e-02 1.492166294523481485e-01 1.767903983614129426e-01 2.183785675020387673e-01 2.288269700856620237e-01 1.676520322913009897e-01 3.983115024762649004e-01 1.746539934588370868e-01 5.763919287262259106e-02 3.883330185265764234e-01 2.463941796012016627e-01 1.029852155143245879e-01 1.903436995731971060e-01 1.400627590489126051e-01 1.517331324770322121e-01
