0.000000000000000000e+00 1.497059034805704680e+00 1.461655829387646266e+00 9.540935077917538365e-01 1.229935493544687342e+00 8.972911700924479650e-01 6.660046502523354617e-01 6.554204423345441066e-01 1.074926769681140870e+00 1.061322113049434357e+00 5.858612396656134313e-01 3.625333803441387337e-01 5.643018259099182865e-01 7.384698804130978012e-01 8.849285536335345093e-01 9.380734960609962148e-01 2.759539846473382241e-01 3.172169672872887647e-01 6.626171170876846706e-01 1.285527515345112670e+00 8.997383251650448166e-01 1.249511978455852379e+00 4.708329015605439705e-01 5.652786075659943510e-01 2.089428735024699280e-01 4.567741651040122530e-01 1.025612126925210532e+00 7.788991021099371803e-01 5.147031689648381425e-01 8.484333917412951731e-01 7.211101452246138077e-01 5.841866578053853676e-01 7.399436626115768467e-01 1.818151215264716958e-01 2.172732854986959838e-01 1.045111538589181599e+00 8.183777524702534611e-01 5.607252545962725376e-01 1.528520702178468305e-01 7.277072444184107258e-01 1.082598175847161004e+00 7.264026044733487009e-01 4.475088892966317955e-01 9.542840877189253668e-01 8.610400805473970021e-01 1.159538721898707436e+00 2.950104640563044334e-01 7.231293798685162200e-01 7.922008807349397719e-01 3.125648382370059819e-01 1.406449213413792698e+00 4.454048699066467387e-01 5.933812228109249798e-01 6.401708931541594261e-01 9.740079069061382544e-01 4.903777101452734266e-01 1.023922102885075791e+00 5.433490756795169574e-01 8.802723960806960735e-01 9.443638749105836006e-01 4.430574245268961708e-01 9.348747800682006837e-01 1.357720625452179863e+00 1.714584083488729094e-01 1.162468366019035138e+00 1.006318667676369349e+00 8.129801513381120781e-01 2.012537857002048569e-01 5.378087622451734884e-01 1.203915348508373118e-01 6.283617467779927246e-01 7.766458974759361533e-01 9.306033924837975313e-01 6.419708675213292581e-01 5.864432359323185073e-01
1.497059034805704680e+00 0.000000000000000000e+00 1.299509494217625960e+00 1.457283218644182643e+00 9.059213803080485850e-01 1.559456688093214138e+00 9.684460895211405296e-01 9.034013658660581259e-01 4.584498032381320032e-01 9.050496772033163051e-01 1.100885613215207615e+00 1.246587613983030085e+00 1.250514239095617208e+00 1.022472360359142129e+00 7.499853053908990264e-01 7.455765788392871851e-01 1.545741222537574400e+00 1.201853493751137369e+00 8.473504590394090874e-01 2.383036800309020209e-01 8.709572449888783874e-01 1.087365643285833405e+00 1.038227202425120677e+00 1.114298316993973303e+00 1.375467469895855555e+00 1.156315502567820008e+00 7.482814067600240815e-01 1.273832145818335038e+00 1.017925013181468774e+00 6.486256430644103954e-01 1.389812632341824949e+00 1.067684446912876339e+00 9.887416167762400621e-01 1.360372041134824572e+00 1.542138571650882417e+00 6.036004291824702550e-01 8.214581130086008320e-01 1.115909311893468203e+00 1.562729068480609884e+00 8.174395759079641222e-01 7.564273834724013490e-01 7.904314480163529000e-01 1.092617567738254802e+00 8.062510951241911306e-01 8.878146398811752604e-01 3.375369607501037539e-01 1.216191558916687177e+00 9.185045553857124068e-01 8.077176270253968449e-01 1.263320200878654376e+00 1.317190335441764115e-01 1.101764869684423109e+00 9.267308361135374595e-01 1.129106871637467480e+00 5.252087175697295329e-01 1.211814531182093368e+00 8.519808120114553684e-01 9.711326977345685618e-01 1.387178115763678887e+00 6.767025327070667062e-01 1.143433158567161989e+00 6.252138887081893914e-01 1.195574290282160890e+00 1.467101378746375140e+00 1.000322030849015720e+00 7.555698626590939826e-01 9.353882994762909853e-01 1.304500132498381371e+00 1.104288698771279442e+00 1.463460431905322601e+00 9.105865266344829179e-01 7.375878674433470339e-01 8.314125772881815202e-01 9.920053028197254319e-01 1.228012473380047265e+00
1.461655829387646266e+00 1.299509494217625960e+00 0.000000000000000000e+00 1.459191033978159080e+00 9.359884036306187483e-01 1.469573908829114428e+00 8.159989873493682655e-01 1.017607714145683628e+00 8.704148401967533033e-01 4.242997381330467777e-01 1.117049314033359497e+00 1.129609273023782556e+00 1.160631459831517720e+00 8.438177752595061865e-01 7.050808046616072744e-01 8.185328059078688101e-01 1.470496487322965784e+00 1.175019454618132064e+00 9.049037217223960816e-01 1.082085525679911564e+00 6.446625070755305220e-01 2.206828004207236349e-01 1.121346485135744420e+00 1.038688761360397672e+00 1.346309492124220242e+00 1.024198455913192252e+00 6.202004456145823186e-01 1.275739961152312585e+00 9.752091591867886322e-01 7.598252143766245359e-01 1.299929853077725239e+00 8.885274624301717772e-01 9.730031697199709173e-01 1.280611870842816025e+00 1.502664128017654699e+00 7.646804158559299402e-01 6.655108202144458529e-01 1.026026532629368493e+00 1.482796202988566625e+00 7.724423377744338293e-01 7.936489128771697654e-01 8.887786582394592294e-01 1.128645982084303778e+00 5.194090629634013911e-01 8.477395381901040583e-01 9.619891813106284939e-01 1.257324099066347012e+00 7.393475709030072895e-01 9.260964163574363361e-01 1.153796900774273437e+00 1.208899672825714422e+00 1.183508695983219061e+00 1.013607032631131499e+00 1.131014686971443917e+00 7.790040848273309670e-01 1.032657546699388584e+00 5.451184514967543082e-01 1.011774580288541614e+00 1.389085931097655324e+00 6.314001720814876872e-01 1.058901910214390618e+00 8.257444799670069502e-01 1.197111162446040655e-01 1.379338759918169455e+00 3.341102522979654266e-01 7.160942440143412968e-01 7.345340785704179698e-01 1.309873171509665424e+00 9.256578696217361291e-01 1.448753443345106806e+00 8.838384651635597944e-01 7.929286705304035010e-01 7.528422009732128606e-01 1.058764074813814737e+00 1.137168884970269023e+00
9.540935077917538365e-01 1.457283218644182643e+00 1.459191033978159080e+00 0.000000000000000000e+00 1.255694152884523351e+00 1.095026904830479264e+00 7.199088967222467828e-01 8.087131900740137658e-01 1.040708892292190768e+00 1.069958076077999198e+00 3.763283408691011078e-01 8.270458621578288261e-01 7.654638268538552781e-01 1.053906470395332695e+00 8.403673343089353986e-01 9.963201386007339844e-01 1.015809446099984248e+00 6.377857887626253719e-01 6.172765145290469713e-01 1.244989000412212610e+00 9.946881811909681348e-01 1.247047183046366303e+00 6.304542632701183313e-01 8.705597186737511484e-01 8.582298829729425593e-01 7.518846972848988175e-01 1.008490214974718358e+00 2.016916904944565103e-01 5.353151396114232963e-01 8.249700756528227652e-01 9.256172855611155548e-01 8.738163327776070632e-01 9.651111464349094726e-01 7.986962416831208111e-01 1.024372695700150659e+00 1.001869803370409429e+00 8.292739388307442949e-01 6.887406983386562542e-01 1.001053269028905124e+00 6.867486962037258058e-01 1.107111408313971479e+00 7.584749546424763844e-01 5.273161980906566626e-01 9.570299278475701277e-01 1.033163732125816470e+00 1.119762905737184733e+00 7.058262670129304972e-01 8.707942568901386737e-01 8.878529842461705401e-01 7.211193216012738993e-01 1.366673397252270439e+00 7.322730632634903980e-01 6.775453306029867173e-01 3.411269662515623580e-01 9.342320907446161060e-01 9.057650147738300905e-01 1.042711226956674286e+00 5.163568974623740093e-01 1.213184360540165152e-01 8.952612874097064521e-01 6.454129818520729645e-01 9.400141304430272848e-01 1.355255830042694010e+00 9.109236913957158288e-01 1.160003570609548840e+00 1.079180504683565189e+00 1.015647878911824176e+00 7.596165079142179755e-01 7.686509948657466174e-01 9.297376677862545513e-01 5.849836880511668502e-01 7.196953512008364973e-01 1.088756492276292676e+00 8.568497245293899001e-01 7.888742784565977439e-01
1.229935493544687342e+00 9.059213803080485850e-01 9.359884036306187483e-01 1.255694152884523351e+00 0.000000000000000000e+00 1.306733063767365977e+00 6.598206774438477584e-01 5.763519381200139513e-01 4.580687700897319581e-01 5.161360865352695448e-01 8.992965474555477678e-01 8.948687150144222224e-01 9.977906147697686023e-01 5.230983080344451253e-01 4.965022766081423344e-01 2.933256344724525233e-01 1.244623291795687869e+00 9.779174059053801216e-01 6.483524433286271815e-01 6.821057294767478574e-01 3.716396506859072635e-01 7.180459881180596415e-01 7.696796203737555908e-01 7.169887036647853984e-01 1.089977787454396996e+00 8.590249602899990844e-01 3.157879580160366517e-01 1.072243080058675746e+00 8.023593010920307966e-01 4.538046507471344415e-01 1.137089008015976788e+00 6.646510634776457982e-01 5.445653040496684083e-01 1.064891076983412344e+00 1.254143246704717773e+00 3.115663210994351062e-01 5.046282665123451583e-01 8.631856875676197083e-01 1.263222824173727998e+00 5.893552256384582133e-01 1.496258466833716438e-01 5.174641520143403728e-01 8.724033275966946999e-01 4.693676241478292321e-01 4.089401569457262742e-01 5.856302653294895855e-01 9.363958391052461527e-01 5.469331876485126198e-01 4.395714997196183971e-01 9.590222342272958223e-01 8.161252811277627250e-01 7.899758414662767514e-01 6.504757384449619817e-01 9.275178058778081880e-01 4.567808291786417119e-01 7.711904783022694998e-01 4.279915890583503857e-01 7.629588677123084750e-01 1.185589050004019596e+00 3.769335184519199133e-01 8.960610651526416115e-01 3.576025170012203103e-01 8.298465617784335224e-01 1.159765381103330828e+00 6.221285910222547066e-01 2.579592451382437535e-01 4.337260471717720445e-01 1.042271129805010021e+00 7.466527870677805989e-01 1.185210480892430640e+00 6.911562112569176186e-01 5.359988016836872982e-01 3.279155160038189631e-01 6.075530908352683168e-01 9.752888490541989919e-01
8.972911700924479650e-01 1.559456688093214138e+00 1.469573908829114428e+00 1.095026904830479264e+00 1.306733063767365977e+00 0.000000000000000000e+00 6.621690937469733029e-01 9.980447908828511405e-01 1.142849075176056717e+00 1.076421348453385329e+00 7.356899656930830922e-01 6.939778068856661264e-01 3.506516182022167971e-01 9.177189766450848385e-01 8.944734195231717200e-01 1.135861685865257265e+00 9.254240918150646866e-01 6.178715301216934908e-01 7.702454228888577781e-01 1.345622630173880507e+00 9.639179728115147006e-01 1.257430057897321873e+00 7.876516135063703627e-01 8.567648089395311084e-01 8.256002863933432634e-01 5.330379455572601399e-01 1.028510198395107711e+00 9.125142164783418552e-01 5.742274106137972289e-01 9.455405524508933013e-01 1.835160100094127278e-01 7.374758742776281739e-01 1.025464656519254447e+00 7.181579665281030422e-01 9.688246858593847488e-01 1.093584667560870249e+00 8.084924686168289965e-01 4.494078032913953469e-01 9.252738213827373936e-01 7.420171121852514595e-01 1.162546371023243763e+00 9.280613701045917763e-01 6.765083133851131914e-01 9.664832947868782220e-01 1.069752651064282079e+00 1.221936375186216672e+00 7.354534354589171707e-01 7.978330060721776640e-01 1.068805916420552560e+00 5.876443343126763752e-01 1.468846866701301712e+00 8.283137564011725518e-01 8.668769314118242031e-01 7.680912254560517960e-01 1.036939348047645648e+00 7.365545041256384984e-01 1.043126874922869929e+00 7.066842922985132613e-01 1.020852457055512419e+00 9.404174714435832305e-01 4.569504133109769106e-01 1.065804346207595676e+00 1.365638704893648914e+00 8.297664266054424198e-01 1.170386445460504188e+00 1.083505482007796505e+00 9.426866280938628329e-01 7.502776794862723309e-01 6.291477223644409422e-01 8.940302194094936761e-01 6.545974484512605551e-01 8.350872865453715654e-01 1.041614444071681245e+00 9.790578231137789800e-01 3.378362569757608069e-01
6.660046502523354617e-01 9.684460895211405296e-01 8.159989873493682655e-01 7.199088967222467828e-01 6.598206774438477584e-01 6.621690937469733029e-01 0.000000000000000000e+00 5.670714699191246044e-01 5.447224055418496969e-01 4.185652993471550287e-01 3.784781349456574628e-01 3.629441919032413977e-01 3.559520321244835084e-01 3.339975736730854128e-01 2.954162199191422422e-01 5.162814612574253559e-01 6.893787935840522962e-01 3.878315909593881283e-01 3.131177660180968214e-01 7.546120316018061214e-01 3.097781967075174947e-01 6.038551364175751557e-01 4.378399678521471272e-01 4.067732512171718384e-01 5.691291480129971880e-01 2.092304851483231531e-01 3.796395207119414583e-01 5.364578238963989554e-01 1.982308089972564802e-01 3.818994070173117317e-01 4.888612179844981087e-01 1.931865919336859250e-01 4.942706183521314856e-01 4.868714466879905389e-01 7.215464342787417662e-01 4.697141039634097348e-01 1.551924109315026279e-01 2.146722255622254272e-01 6.939873015426250014e-01 1.814416511542993049e-01 5.173251776534101287e-01 4.364207392343939507e-01 3.797400141213214675e-01 3.086272456806477549e-01 4.320535435863775420e-01 6.309257766141419532e-01 4.925913121092762026e-01 1.508853601678919187e-01 5.588208566843733127e-01 3.554453166572778544e-01 8.778362681292275482e-01 4.818304804048707535e-01 4.548170413463348827e-01 3.917325497155313974e-01 4.464541582741184955e-01 2.973928858631536554e-01 3.852708258166394617e-01 3.157717181175740406e-01 6.498037938417423609e-01 3.097861170483495741e-01 2.632768778031491785e-01 4.864835922943059332e-01 7.120637834139026401e-01 5.945394212152094182e-01 5.168115239807578032e-01 4.317425448137126032e-01 2.957389821895771154e-01 5.226853078509215988e-01 1.396003565264233026e-01 6.722847517578850463e-01 1.792549157732276077e-01 2.978268736550301332e-01 3.946667981673954162e-01 5.008345094028774369e-01 3.243328367712122740e-01
6.554204423345441066e-01 9.034013658660581259e-01 1.017607714145683628e+00 8.087131900740137658e-01 5.763519381200139513e-01 9.980447908828511405e-01 5.670714699191246044e-01 0.000000000000000000e+00 4.639663851534926442e-01 6.283747562455226365e-01 4.414703354007690761e-01 3.584466476448702199e-01 6.684817129062262664e-01 3.475504439134081691e-01 4.546141741641817058e-01 2.830263036475615390e-01 6.682713536756734740e-01 4.223780207554188038e-01 2.565214038485056358e-01 6.902160414036773162e-01 4.355518257049302289e-01 8.054638632138902965e-01 2.232576077020754224e-01 2.138902272266529903e-01 5.136258493343830445e-01 5.517764303101320156e-01 4.833892520659303638e-01 6.254665572857496247e-01 4.287316505115570942e-01 2.669268229667437486e-01 8.286351716134869871e-01 4.160450074338029047e-01 1.809076216194018261e-01 4.986528014130265363e-01 6.777913085847034891e-01 4.287123031650292293e-01 5.221177220860201418e-01 5.695595239009682009e-01 6.926159688777731027e-01 3.861994602639703400e-01 4.300251542915332625e-01 1.483913340065233788e-01 3.597569697540335398e-01 5.243493150522480217e-01 2.401906652867640546e-01 5.658810529590596605e-01 3.604099782782396733e-01 5.186885914667924702e-01 1.367804384003955542e-01 5.033553454138898209e-01 8.127915444741453666e-01 2.136239033462628001e-01 1.311678594710268819e-01 4.900073152396181020e-01 3.781926482963282599e-01 3.351293834542892758e-01 5.719394203282108791e-01 2.923562926116393679e-01 7.394938770423393759e-01 3.961368717780297533e-01 5.484308679044438417e-01 3.148183925513605153e-01 9.136725102102180029e-01 5.891585258073760434e-01 7.184202507770728330e-01 4.217303570599341134e-01 3.765052266835645089e-01 4.688488927300457632e-01 4.927555341002869960e-01 6.092246200654239940e-01 3.922125738335437983e-01 2.869851995858871407e-01 3.305552436374548653e-01 1.116980097728301480e-01 6.816626853875474845e-01
1.074926769681140870e+00 4.584498032381320032e-01 8.704148401967533033e-01 1.040708892292190768e+00 4.580687700897319581e-01 1.142849075176056717e+00 5.447224055418496969e-01 4.639663851534926442e-01 0.000000000000000000e+00 4.609617334814979372e-01 6.828141386691031212e-01 8.081340480838292706e-01 8.339066261784593426e-01 5.651515868088461403e-01 3.310606532554276615e-01 2.886933761865781989e-01 1.107287656638374251e+00 7.852791673991443844e-01 4.291938384198977774e-01 2.361066640827347296e-01 4.231046347705622601e-01 6.582709892649597494e-01 6.160949373005554230e-01 6.655189962545495774e-01 9.502933636698079889e-01 7.396752655652142350e-01 3.011514435824372837e-01 8.572578194663429407e-01 6.023283055531697405e-01 2.264933779398455582e-01 9.732050194246675279e-01 6.385897928920027944e-01 5.326761123643227736e-01 9.421588779264653546e-01 1.116176404164025859e+00 1.557478189641539612e-01 3.923634589877272871e-01 6.993016989763104485e-01 1.134663771494239803e+00 4.008319629908057569e-01 3.085747732540848332e-01 3.519778821171515859e-01 6.744609471187437144e-01 3.771564411033174746e-01 4.293757567059485192e-01 1.393462779612976987e-01 7.923788140805536617e-01 4.894099013648388063e-01 3.589383062859725637e-01 8.467458745266621678e-01 3.728014145548675384e-01 6.633113037852218508e-01 4.952733970134591823e-01 7.125325452854750496e-01 1.249777027300663507e-01 7.827198771612198236e-01 4.048508488338681821e-01 5.529760771150579179e-01 9.706037894116861242e-01 2.476078786861934944e-01 7.278364509388629555e-01 1.667750055329627890e-01 7.664796362612873448e-01 1.028647812847174547e+00 5.647634716092607698e-01 3.077172524407776888e-01 4.875356892579744694e-01 8.823678673738168943e-01 6.757202000835675904e-01 1.041193455867737594e+00 4.949898190061834957e-01 3.210135410913540488e-01 3.835599670698648933e-01 5.432259820803010397e-01 8.114048604628897321e-01
1.061322113049434357e+00 9.050496772033163051e-01 4.242997381330467777e-01 1.069958076077999198e+00 5.161360865352695448e-01 1.076421348453385329e+00 4.185652993471550287e-01 6.283747562455226365e-01 4.609617334814979372e-01 0.000000000000000000e+00 7.278163561331989495e-01 7.262703354293383873e-01 7.674788994557875110e-01 4.259422627171285947e-01 3.158478467614463936e-01 4.007110769376015513e-01 1.067157549728521282e+00 7.841691208832686222e-01 5.156707638222349788e-01 6.812340263720160216e-01 2.246395391931590990e-01 2.157327267573380947e-01 7.321135272355833168e-01 6.237862482586468138e-01 9.429705545297764058e-01 6.267647679109791259e-01 2.003481285192327266e-01 8.865070032521507049e-01 5.859762012866275294e-01 3.705922564764633220e-01 9.042635781813410656e-01 4.795514702838750143e-01 5.551276571775929369e-01 8.795069915229626334e-01 1.099325190423210641e+00 3.509909466508543963e-01 2.684422421975092843e-01 6.289700588995041919e-01 1.079935876749482881e+00 3.832093798742731150e-01 3.737965957818203400e-01 4.995457003392982376e-01 7.394130241841423423e-01 1.396066988431689526e-01 4.277165703077325243e-01 5.704892668784342646e-01 8.489115965185637380e-01 3.417755404312010636e-01 5.368634584572751223e-01 7.562248703024671004e-01 8.117945304953163577e-01 7.686061828814682029e-01 6.243740747309703965e-01 7.417817290712834799e-01 3.875041703951368488e-01 6.192685210398847229e-01 1.232388975097095107e-01 6.225416223883810662e-01 9.998529731974945545e-01 2.397622313657718773e-01 6.673634501891368975e-01 4.358850580535012509e-01 3.174207026726640901e-01 9.764784336790858221e-01 1.191262641518272269e-01 2.929375324479194798e-01 3.166585660280404890e-01 9.190228377748020927e-01 5.280858391499299032e-01 1.045414505750662748e+00 4.946055072633990801e-01 4.036957126302425092e-01 3.328192330908415486e-01 6.387411069314430367e-01 7.397351969680554529e-01
5.858612396656134313e-01 1.100885613215207615e+00 1.117049314033359497e+00 3.763283408691011078e-01 8.992965474555477678e-01 7.356899656930830922e-01 3.784781349456574628e-01 4.414703354007690761e-01 6.828141386691031212e-01 7.278163561331989495e-01 0.000000000000000000e+00 4.515135360011782728e-01 4.061268877164585511e-01 7.008414616261077201e-01 4.982256143641355384e-01 6.330098399056324210e-01 6.491855647781682448e-01 2.692818792869469124e-01 2.564567814494812525e-01 8.885913949832370262e-01 6.525464612461684411e-01 9.049054631015666095e-01 2.555135516573677212e-01 4.956190070610006493e-01 4.886810323643945297e-01 3.899493554175518240e-01 6.629335001333865884e-01 1.996111072881888437e-01 1.962084718282836038e-01 4.641503425732567134e-01 5.662803464237189388e-01 5.347096649944672597e-01 5.949425036706590397e-01 4.320723603613048636e-01 6.548238450916024078e-01 6.454721979414336230e-01 4.871322188859443791e-01 3.313665010291006463e-01 6.344293877070890098e-01 3.446069762589260010e-01 7.507138028849956735e-01 3.951646559473749321e-01 1.551353000428659645e-01 6.148882079027702119e-01 6.659208774525720020e-01 7.633653003082091493e-01 3.359701242327000625e-01 5.293634951135494093e-01 5.206101295729258505e-01 3.554660162813211288e-01 1.010275791823294966e+00 3.559447223943891792e-01 3.103024759297421942e-01 1.267771762276040104e-01 5.778344853156398564e-01 5.302326886171796483e-01 7.005695070118740375e-01 1.491140427891296527e-01 3.056286136891729344e-01 5.418807414289540381e-01 2.860760427146760154e-01 5.767038317479256104e-01 1.013114110097894427e+00 5.442998100738999367e-01 8.178618506647491460e-01 7.227828992545893838e-01 6.742171171352343562e-01 3.903096058784201738e-01 4.295443270826064808e-01 5.604307657504566942e-01 2.428419681063673508e-01 3.632977457718605252e-01 7.234920525056838247e-01 4.866810817651396892e-01 4.315000811470420250e-01
3.625333803441387337e-01 1.246587613983030085e+00 1.129609273023782556e+00 8.270458621578288261e-01 8.948687150144222224e-01 6.939778068856661264e-01 3.629441919032413977e-01 3.584466476448702199e-01 8.081340480838292706e-01 7.262703354293383873e-01 4.515135360011782728e-01 0.000000000000000000e+00 3.618373052323738959e-01 3.759365000689591230e-01 6.469594961570576119e-01 6.280070931908164900e-01 3.594582925602186618e-01 2.708554312597742375e-01 4.443958243778205475e-01 1.033402289520649608e+00 5.626051062473820252e-01 9.174654220919890024e-01 2.279530609644722372e-01 2.059684401466332915e-01 2.199413660355459821e-01 2.022402506404919476e-01 6.935655705613469335e-01 6.503803545582250711e-01 3.677115847585829544e-01 6.018612536727978579e-01 5.177967820178318581e-01 2.478030493593985917e-01 3.942574052847004906e-01 1.807182588176669824e-01 3.791343263568603406e-01 7.856669963726796713e-01 4.986150131185141388e-01 3.432735296728594010e-01 3.773655955191410616e-01 5.230412744987369411e-01 7.544477790810647511e-01 4.592358853258645679e-01 3.011784643904337755e-01 6.222375313550618792e-01 5.066131737296047932e-01 9.090673010760322859e-01 1.374114035621199492e-01 3.902617021207750447e-01 4.952270860452657741e-01 1.483572811908998867e-01 1.155977792591117437e+00 1.448227442986073921e-01 3.237560606236711269e-01 5.174312163232361872e-01 7.213788964133006631e-01 1.278443298011346652e-01 6.888703252649798214e-01 3.444778545877192344e-01 7.547505087629470255e-01 6.414881297625996126e-01 2.532295783353774032e-01 6.646283415615297230e-01 1.025674069088316820e+00 2.739081524487435582e-01 8.304218096551715389e-01 6.605367021752818202e-01 4.611426678426503445e-01 2.299605816050980245e-01 2.267957696391013911e-01 3.223853172564322134e-01 4.675854616205438186e-01 5.571819997064986207e-01 5.787659089883357977e-01 3.160486302493592525e-01 3.820299319736673027e-01
5.643018259099182865e-01 1.250514239095617208e+00 1.160631459831517720e+00 7.654638268538552781e-01 9.977906147697686023e-01 3.506516182022167971e-01 3.559520321244835084e-01 6.684817129062262664e-01 8.339066261784593426e-01 7.674788994557875110e-01 4.061268877164585511e-01 3.618373052323738959e-01 0.000000000000000000e+00 5.925884301211011840e-01 5.855309705255742347e-01 8.238275678150119852e-01 5.924347476325350081e-01 2.842827706139111621e-01 4.447589074919260921e-01 1.036680181176283577e+00 6.577009111890250725e-01 9.484876088997240551e-01 4.550920886766183782e-01 5.246243072862387669e-01 4.926109422108136404e-01 2.044416075345660833e-01 7.195677493975103367e-01 5.829511385017169811e-01 2.450263067471053491e-01 6.356894584405451409e-01 1.851887814451723957e-01 4.123453277536443529e-01 6.949021894139503219e-01 3.851686223455735858e-01 6.358353416768550703e-01 7.846422185632729862e-01 4.995500196192313447e-01 1.577479165335722577e-01 5.922844772002080482e-01 4.330746631876538077e-01 8.536039220256460558e-01 5.984982921279670132e-01 3.461699698780587586e-01 6.575408457892802927e-01 7.446221045402985350e-01 9.129939261886196311e-01 4.018646759511352307e-01 4.889013988917171316e-01 7.392428384439276856e-01 2.546549901301468632e-01 1.159904417703705004e+00 4.947249968933904452e-01 5.373138534351992179e-01 4.385281474794273104e-01 7.279968990500476078e-01 4.044140024723462679e-01 7.341844259252718885e-01 3.771212143218886093e-01 6.912893790788877668e-01 6.314750224459858563e-01 1.256196032062401879e-01 7.559532521972472940e-01 1.056696255896052206e+00 4.967770824229127413e-01 8.614439964629065916e-01 7.772884203853067664e-01 6.337550209134024115e-01 4.166889199784903908e-01 3.098801465668514221e-01 5.604414599017115695e-01 3.447463544409122838e-01 5.252361925350230720e-01 7.326828368912208234e-01 6.469173214604868605e-01 1.056661301039050482e-01
7.384698804130978012e-01 1.022472360359142129e+00 8.438177752595061865e-01 1.053906470395332695e+00 5.230983080344451253e-01 9.177189766450848385e-01 3.339975736730854128e-01 3.475504439134081691e-01 5.651515868088461403e-01 4.259422627171285947e-01 7.008414616261077201e-01 3.759365000689591230e-01 5.925884301211011840e-01 0.000000000000000000e+00 4.415313351791510521e-01 2.775997814359653093e-01 7.346912725375459585e-01 5.811507108640751040e-01 5.867330563418354794e-01 7.986567095278415129e-01 2.240065059898755095e-01 6.337731311118763866e-01 4.453279099687401654e-01 2.127090778722021402e-01 5.920489671838409240e-01 3.898176350038480842e-01 4.072155288746115431e-01 8.704553975694844237e-01 5.187442955336405426e-01 4.347091945022162340e-01 7.430481816450420496e-01 1.802431023674568866e-01 1.797384844772753343e-01 5.566547588866260776e-01 7.512419275051553935e-01 4.240587953317485614e-01 3.014814931057117064e-01 4.957370682496434755e-01 7.533020955881000180e-01 4.581647091652484294e-01 3.826773721010877094e-01 4.294942266307775758e-01 5.798664522009638889e-01 3.313820436845799078e-01 1.520336744191971845e-01 7.002072923468325438e-01 4.804649360515316769e-01 1.831122135051935218e-01 2.837667897164739550e-01 4.670362817751630424e-01 9.337871153096363175e-01 3.645730168215653988e-01 4.512454821119367687e-01 7.257301233886169767e-01 5.201071022197230054e-01 2.480921702678244023e-01 3.622465371380576560e-01 5.589488347901101495e-01 9.824710843769153268e-01 3.775617189240165761e-01 5.014559879197205694e-01 3.984689519453056272e-01 7.392292075268415141e-01 6.498446525177027366e-01 5.436873122028983429e-01 2.951225882265197664e-01 1.225285333223943285e-01 5.869305605003433124e-01 2.942176683430237638e-01 6.944929184047271553e-01 5.132524894463129650e-01 5.335492184983700037e-01 2.036018920335204707e-01 2.358524341405780489e-01 5.829481992286448255e-01
8.849285536335345093e-01 7.499853053908990264e-01 7.050808046616072744e-01 8.403673343089353986e-01 4.965022766081423344e-01 8.944734195231717200e-01 2.954162199191422422e-01 4.546141741641817058e-01 3.310606532554276615e-01 3.158478467614463936e-01 4.982256143641355384e-01 6.469594961570576119e-01 5.855309705255742347e-01 4.415313351791510521e-01 0.000000000000000000e+00 3.582131226968929272e-01 9.318642332131450434e-01 5.700356801000401319e-01 2.695188599482640224e-01 5.361512474715655063e-01 2.697102621615689033e-01 4.929369537298141646e-01 4.859616233616121939e-01 6.332176046098295652e-01 8.089217046479540985e-01 4.854600472294059998e-01 2.380958652980121881e-01 6.569162614830874602e-01 3.702253846686962002e-01 2.030467320056061065e-01 7.248293637717821980e-01 4.364049195251261115e-01 5.562518940772086529e-01 7.218785095824060694e-01 9.718735963545497292e-01 2.726198050306731235e-01 1.720284100433722152e-01 4.509260433234253407e-01 9.281883513441064881e-01 1.572213092151235891e-01 3.510295901547110797e-01 3.062228401576584380e-01 4.977388860122993752e-01 2.067187038530409748e-01 4.578813473727666450e-01 4.124649924839010606e-01 6.513961991176671074e-01 3.066181516568044496e-01 3.703950106427567612e-01 6.138503506628965045e-01 6.593754839989866001e-01 5.942523818642853062e-01 4.112876643506168661e-01 5.121909873022201243e-01 2.279933741438774641e-01 5.736916968374926595e-01 2.884203675995932192e-01 3.808674842165378771e-01 7.702622314284310878e-01 1.205788362110071649e-01 4.814167201571170063e-01 2.700430742523274863e-01 6.011456007261417600e-01 8.362065680035224435e-01 4.058933412929967011e-01 3.120861211228743715e-01 3.383261009756985960e-01 7.048893969915737134e-01 4.236156607802395446e-01 8.677835217709152227e-01 2.686174366042494155e-01 1.778617252677895111e-01 3.733697415785305340e-01 5.546826864370855148e-01 5.630292048100045132e-01
9.380734960609962148e-01 7.455765788392871851e-01 8.185328059078688101e-01 9.963201386007339844e-01 2.933256344724525233e-01 1.135861685865257265e+00 5.162814612574253559e-01 2.830263036475615390e-01 2.886933761865781989e-01 4.007110769376015513e-01 6.330098399056324210e-01 6.280070931908164900e-01 8.238275678150119852e-01 2.775997814359653093e-01 3.582131226968929272e-01 0.000000000000000000e+00 9.512976573232351241e-01 6.860554084216891058e-01 3.790686603230860041e-01 5.217609280079867906e-01 2.279325709521032306e-01 6.026209785203919811e-01 4.778176228900644640e-01 4.342831559190947210e-01 7.966521529819446945e-01 6.604534368350103435e-01 2.003629484183688247e-01 8.128690657748857129e-01 5.788012610679068581e-01 1.903211334143643796e-01 9.662176301138681866e-01 4.542018304236806747e-01 2.664460276013194129e-01 7.816791050605883528e-01 9.608176122322652501e-01 1.585474000889441071e-01 3.837965437518635614e-01 6.923143096655111073e-01 9.756422725253346417e-01 4.044391285131242464e-01 1.469988506439716403e-01 2.401303155238339038e-01 5.907631606114382983e-01 3.485359013873476908e-01 1.436826395344768525e-01 4.252629832358599260e-01 6.434362819258013788e-01 3.653961010895335204e-01 1.462458652471659848e-01 7.436250199813509987e-01 6.568913337897810401e-01 4.966502069938243391e-01 3.586137409612708549e-01 6.761309612592039109e-01 2.661031322925583309e-01 5.162965358515615444e-01 3.170282236540872267e-01 4.936750847067672421e-01 9.288007408214606908e-01 2.499926147650385067e-01 7.053480907065319272e-01 1.274060356424277785e-01 7.144215521807656399e-01 8.721848294549373604e-01 5.067035814245870462e-01 1.471834057171996502e-01 2.323136269856725389e-01 7.504091323213188947e-01 5.543155885223187695e-01 8.922509237129854220e-01 4.812642374139973755e-01 3.007743993198863652e-01 1.234831204149500067e-01 3.150307532575536418e-01 8.044174711520903909e-01
2.759539846473382241e-01 1.545741222537574400e+00 1.470496487322965784e+00 1.015809446099984248e+00 1.244623291795687869e+00 9.254240918150646866e-01 6.893787935840522962e-01 6.682713536756734740e-01 1.107287656638374251e+00 1.067157549728521282e+00 6.491855647781682448e-01 3.594582925602186618e-01 5.924347476325350081e-01 7.346912725375459585e-01 9.318642332131450434e-01 9.512976573232351241e-01 0.000000000000000000e+00 3.923776478695429892e-01 7.231076281084878321e-01 1.332555898075194145e+00 9.055737618441317416e-01 1.258352636391171897e+00 5.075776044367403816e-01 5.548662959457156818e-01 2.047601218890817698e-01 4.816271421041788403e-01 1.034452784860529828e+00 8.406150404181675917e-01 5.616388485444487877e-01 8.971791637974503297e-01 7.492430669472305294e-01 5.900220944844721815e-01 7.364057044933524088e-01 2.204417096709199719e-01 1.652833358439651790e-01 1.087449458201799279e+00 8.358252803612602477e-01 5.941529780386435311e-01 1.626379162960231994e-01 7.746429239980213710e-01 1.098296507967206681e+00 7.572233381825221876e-01 5.166251612694514606e-01 9.631247456542448848e-01 8.601156548474681030e-01 1.208220909630577156e+00 3.323657727422476005e-01 7.311489164199580504e-01 8.050517920760690282e-01 3.377797575023882004e-01 1.455131401145662418e+00 4.546474503294106184e-01 6.217435134803286356e-01 7.018868314623898375e-01 1.020532504967845755e+00 4.865991022697215840e-01 1.029757539564162716e+00 6.038395867003201190e-01 9.419883343889264848e-01 9.823753440617825072e-01 4.761109234577386440e-01 9.637819501160745927e-01 1.366561283387499381e+00 1.162987632715235808e-01 1.171309023954354656e+00 1.012154104355456274e+00 8.167184499809945208e-01 3.183059016463853363e-01 5.532303713199120399e-01 2.150806587774944378e-01 6.777230854117568537e-01 8.371364084967393149e-01 9.343416911266799740e-01 6.485330663012555119e-01 6.145761576549353400e-01
3.172169672872887647e-01 1.201853493751137369e+00 1.175019454618132064e+00 6.377857887626253719e-01 9.779174059053801216e-01 6.178715301216934908e-01 3.878315909593881283e-01 4.223780207554188038e-01 7.852791673991443844e-01 7.841691208832686222e-01 2.692818792869469124e-01 2.708554312597742375e-01 2.842827706139111621e-01 5.811507108640751040e-01 5.700356801000401319e-01 6.860554084216891058e-01 3.923776478695429892e-01 0.000000000000000000e+00 3.730045493218859254e-01 9.895592755191666701e-01 6.809449350530246692e-01 9.628756036863386214e-01 2.082377855316247528e-01 3.828394659830645086e-01 2.601365251366448694e-01 2.240180017333183449e-01 7.335786905377114087e-01 4.623299511449603383e-01 1.998102954313437651e-01 5.697419270224470811e-01 4.459253465716794262e-01 4.059167744426802615e-01 5.381301481223353944e-01 1.757161842383771488e-01 4.028146839059628115e-01 7.464400784773637110e-01 5.157268786857592824e-01 2.761046852593008749e-01 3.748137049109143137e-01 4.128143708849164595e-01 8.305800882078536729e-01 4.633985995951217518e-01 1.403591770975143038e-01 6.728583484875421128e-01 6.510480773892257655e-01 8.643331808441392372e-01 1.409194427346522061e-01 5.276209782296719109e-01 5.524914461230150398e-01 1.468517840910018857e-01 1.111243672359224277e+00 2.354128667484753634e-01 3.330848043562635863e-01 3.251608140475891751e-01 6.788023658515698333e-01 3.492258461363008104e-01 7.508746473527529997e-01 2.540371789575230910e-01 5.641668860871108526e-01 6.326279829143861555e-01 1.616004965159955342e-01 6.718707751899735126e-01 1.071084250682666550e+00 2.846841272777249632e-01 8.758319912495211579e-01 8.031068507072312013e-01 6.368417907485541818e-01 1.359232306874273433e-01 3.304217319428811583e-01 2.997487471814022642e-01 3.133516676714224736e-01 4.642656263077905021e-01 7.483290028741790278e-01 4.319788643631577996e-01 3.160895164693248161e-01
6.626171170876846706e-01 8.473504590394090874e-01 9.049037217223960816e-01 6.172765145290469713e-01 6.483524433286271815e-01 7.702454228888577781e-01 3.131177660180968214e-01 2.565214038485056358e-01 4.291938384198977774e-01 5.156707638222349788e-01 2.564567814494812525e-01 4.443958243778205475e-01 4.447589074919260921e-01 5.867330563418354794e-01 2.695188599482640224e-01 3.790686603230860041e-01 7.231076281084878321e-01 3.730045493218859254e-01 0.000000000000000000e+00 6.358189395788154119e-01 4.520487043243821002e-01 6.927598707906026387e-01 2.164427634133482548e-01 4.249338423176919344e-01 5.482673608965273893e-01 4.117168731377331969e-01 4.136645347497780456e-01 4.338254417031993659e-01 1.997326007448209095e-01 2.105300423240513696e-01 6.006013671374680341e-01 4.880031666585697425e-01 4.288216024722398823e-01 5.315230967055739608e-01 7.149384626515546959e-01 3.937210116533971238e-01 3.060672077117215784e-01 3.266980466891110102e-01 7.338801240513579405e-01 1.493839916521848554e-01 4.999549882497075215e-01 1.583570081338319113e-01 2.452671086988458815e-01 4.076147748356204192e-01 4.430517026615528042e-01 5.098301461324106221e-01 3.907418553662401761e-01 4.275112225138372746e-01 3.029662666253615244e-01 4.357351977172122526e-01 7.567406376474959950e-01 3.319607279743120865e-01 1.560095378217676021e-01 2.970873371875172309e-01 3.242993311398411627e-01 5.204367796144040437e-01 4.829452151671177473e-01 1.237822386951602516e-01 5.497571167497737887e-01 2.926117760453448846e-01 3.262794303834460341e-01 3.227626521653794156e-01 8.009685177869303452e-01 6.437505464181690895e-01 6.057162583537850642e-01 4.728929113502792769e-01 5.091700569450925418e-01 4.683202879826270371e-01 4.048299269323616389e-01 6.314559879234932227e-01 1.367452551423560259e-01 1.140287803882515383e-01 4.762863042095877297e-01 3.682194136213357560e-01 4.388012081756902383e-01
1.285527515345112670e+00 2.383036800309020209e-01 1.082085525679911564e+00 1.244989000412212610e+00 6.821057294767478574e-01 1.345622630173880507e+00 7.546120316018061214e-01 6.902160414036773162e-01 2.361066640827347296e-01 6.812340263720160216e-01 8.885913949832370262e-01 1.033402289520649608e+00 1.036680181176283577e+00 7.986567095278415129e-01 5.361512474715655063e-01 5.217609280079867906e-01 1.332555898075194145e+00 9.895592755191666701e-01 6.358189395788154119e-01 0.000000000000000000e+00 6.471415941575782149e-01 8.699416747481176770e-01 8.266956829645271121e-01 8.935467049103640313e-01 1.163935950435262212e+00 9.424814446484864883e-01 5.244657559287243531e-01 1.061537927586365226e+00 8.040909552621350320e-01 4.370941236038172195e-01 1.175978574422491318e+00 8.502604783751608331e-01 7.669019506641682193e-01 1.148077822902855427e+00 1.330607052190289075e+00 3.797847783511700825e-01 6.040341444708853258e-01 9.020752539741344611e-01 1.350434850248639629e+00 6.036055179886299360e-01 5.326117326411009545e-01 5.772461235539718682e-01 8.810860482776615710e-01 5.888271265864751802e-01 6.646274925720776494e-01 1.387387007478508849e-01 1.004660039456094056e+00 7.010805868479967895e-01 5.869660149417870176e-01 1.049490218623341242e+00 1.392963436426365997e-01 8.885795452220424107e-01 7.151993166529437840e-01 9.168126534054973353e-01 3.164704076913330000e-01 9.943905626443778623e-01 6.281651611801549739e-01 7.596011782739756635e-01 1.174883897531708854e+00 4.592785641693514220e-01 9.295991006478280250e-01 4.024974828265771576e-01 9.781503217444453835e-01 1.253916054283994885e+00 7.828980623113002135e-01 5.317542118277938101e-01 7.115726486449902577e-01 1.092968613037788250e+00 8.873908855667254070e-01 1.251928912444729258e+00 6.967524687151487317e-01 5.252936492113764455e-01 6.075969264568809036e-01 7.712536907361157157e-01 1.014178415460713634e+00
8.997383251650448166e-01 8.709572449888783874e-01 6.446625070755305220e-01 9.946881811909681348e-01 3.716396506859072635e-01 9.639179728115147006e-01 3.097781967075174947e-01 4.355518257049302289e-01 4.231046347705622601e-01 2.246395391931590990e-01 6.525464612461684411e-01 5.626051062473820252e-01 6.577009111890250725e-01 2.240065059898755095e-01 2.697102621615689033e-01 2.279325709521032306e-01 9.055737618441317416e-01 6.809449350530246692e-01 4.520487043243821002e-01 6.471415941575782149e-01 0.000000000000000000e+00 4.350030234079049762e-01 6.459421158591703849e-01 4.367155838620775943e-01 7.813867666453868654e-01 4.976182749620720047e-01 2.132940892753875661e-01 8.112371083651204184e-01 4.910752700662201486e-01 3.335718635305998103e-01 7.906100970490395063e-01 3.179676823994855850e-01 3.444203488284977577e-01 7.179232036385730931e-01 9.377414025388211005e-01 2.802177146820221676e-01 1.709359373212741839e-01 5.164211046267668248e-01 9.183520888650933411e-01 3.079394849872423290e-01 2.328698491560599326e-01 4.425650633475446405e-01 6.667881168522364899e-01 1.560881559637352367e-01 2.104307166444226440e-01 5.357358304646037128e-01 6.767256741917749840e-01 1.855265023205855957e-01 3.235610126369050654e-01 6.028917744650406085e-01 7.811611458085931936e-01 5.885795228114409916e-01 5.486107912995019653e-01 6.665118341842525274e-01 3.527507339813063525e-01 4.443529084080676261e-01 1.442092427641714081e-01 5.512152677783734855e-01 9.245830783104636019e-01 2.051468212354632115e-01 5.607001190122756773e-01 3.334254004842467922e-01 5.387034226137200621e-01 8.148946457946962818e-01 3.423845886789286808e-01 1.225593818590763051e-01 1.147228093007873762e-01 7.824301580962521596e-01 3.852461017398535192e-01 8.838307178662730967e-01 4.183173349697796861e-01 3.611343208098166113e-01 1.122835257137284326e-01 4.214552532681331565e-01 6.260817158357538936e-01
