0.000000000000000000e+00 3.114154277719459785e+01 2.100935315622281863e+01 2.040400070531718413e+01 1.643222437538054237e+01 1.513571186604150043e+01 1.549244353524650641e+01 1.218911097660744680e+01 2.153370533894811700e+01 1.210584171497149342e+01 1.145763008744573952e+01 2.278166854572299371e+01 2.651249219381042366e+01 2.164497935847262866e+01 1.443450685032960479e+01 8.931614990856498792e+00 1.944050696289714253e+01 2.404555348064620546e+01 1.189237156594136202e+01 7.868875552704500009e+00 1.364994476231060538e+01 2.393092858724597960e+01 7.276607357290989953e+00 7.082650813909650900e+00 2.803640757941288086e+01 2.207366964626665506e+01 2.095284888917609933e+01 1.515901300844975275e+01 6.532892769305060909e+00 6.437466295220117374e+00 2.123641268973997143e+01 2.609286922972692579e+01 1.135011033097686273e+01 2.546187736899567611e+01 1.454965538113149748e+01 1.586799541867166141e+01 1.578562926623277285e+01 1.820539075458430744e+01 1.688778120025061469e+01 2.809974311985334339e+01 1.657535058373859371e+01 1.920932809227267057e+01 1.660033813869691954e+01 1.846873622245652768e+01 1.921542016045636458e+01 2.018064749690530846e+01 2.623846315470838420e+01 1.729831681695418766e+01 1.273051513730199424e+01 1.088104301973330301e+01
3.114154277719459785e+01 0.000000000000000000e+00 3.028794052599881326e+01 2.037989249999565899e+01 1.635164345042907996e+01 1.796495971978158579e+01 2.039581214276127241e+01 3.135957728393272603e+01 1.171875805823131955e+01 3.049170762624193287e+01 2.715028162929309019e+01 1.235256306964108397e+01 1.070808166128689010e+01 1.054120975993545173e+01 2.117064397574049650e+01 2.272593010775526778e+01 2.072530016536287789e+01 8.168171215140974439e+00 2.215397512760568688e+01 3.379641746739911667e+01 2.455394277496272792e+01 1.698162307570543206e+01 2.475545065434463154e+01 3.348847539280620111e+01 7.006652421076172921e+00 1.402512841749626382e+01 1.191947842036952032e+01 1.701961406195081850e+01 2.666537345071974485e+01 2.770126407592649187e+01 1.305133917627241580e+01 6.282010038786379980e+00 2.376821201494322722e+01 6.187064129937281720e+00 2.701052533307620251e+01 1.575599062452293353e+01 2.164101552510379634e+01 1.468917621992365241e+01 2.926126751610627963e+01 5.410712813186634662e+00 2.316517531136758734e+01 2.640496131328011487e+01 1.910924505188352285e+01 1.327898856625532709e+01 1.625649811938354716e+01 1.170359738656677884e+01 5.187195366226609927e+00 1.747560278201282458e+01 1.902814329480139932e+01 2.165317197286762863e+01
2.100935315622281863e+01 3.028794052599881326e+01 0.000000000000000000e+00 3.415795570675148696e+01 1.628076895374901412e+01 1.923189522053837308e+01 2.639521823193351224e+01 1.275037909384512247e+01 3.273899705060561161e+01 1.155849596535421675e+01 2.319363524833383394e+01 2.101589893623037142e+01 2.825525784487050274e+01 2.659254320622606116e+01 9.902102613030493217e+00 1.845731536190004007e+01 2.729517759603298188e+01 2.319458145870871846e+01 2.745675318977947654e+01 1.919248302241243209e+01 8.704865976126779259e+00 2.828156795603970153e+01 1.424630695907628208e+01 1.809496237742145297e+01 3.403550858177764127e+01 3.404225839574528578e+01 2.193257195470413734e+01 2.255022223674918536e+01 2.232590611290347127e+01 1.514565014779530294e+01 1.727054681590252017e+01 2.425241550926400080e+01 1.964099455211278311e+01 3.217320182799879547e+01 6.870726095803431299e+00 2.713161614447185244e+01 2.843040311119857932e+01 1.783162022716131290e+01 5.433578434469144014e+00 2.887240685122383610e+01 2.477866081394239828e+01 5.313692433336394849e+00 1.145640345469259458e+01 2.122727976110448367e+01 2.395429639262638233e+01 2.879065451704126843e+01 2.788890632301563954e+01 3.162253316637151812e+01 1.442063405173577451e+01 2.373458146099493149e+01
2.040400070531718413e+01 2.037989249999565899e+01 3.415795570675148696e+01 0.000000000000000000e+00 2.429835606367332090e+01 1.545015811968843167e+01 1.447784048643807076e+01 2.791920621056226892e+01 1.198615698047899336e+01 2.755578115339623579e+01 1.167381654525849655e+01 2.065305101251235342e+01 1.070097560668527592e+01 2.004835684814591090e+01 2.464976504330947904e+01 1.711791670536893761e+01 8.648263002086912010e+00 2.623988061031938557e+01 8.621931972388676257e+00 2.681920528749960653e+01 2.685289495928617853e+01 9.494484115356309317e+00 2.029129584701760436e+01 2.575891051536217091e+01 1.364754372908172186e+01 6.974401341166256429e+00 1.428163860039316546e+01 1.600128305509214144e+01 1.478203851150370873e+01 2.217083916469935190e+01 2.368242470333372651e+01 2.043168548984534638e+01 1.626140151889730134e+01 1.861530568919598494e+01 2.836337152441440423e+01 1.049875180675202557e+01 5.985525474955943004e+00 1.938694564288663713e+01 3.155895797782908829e+01 1.594197318405762687e+01 1.276173405505883274e+01 3.180998862503469837e+01 2.658198358657761773e+01 2.185554320320311561e+01 1.086650087236779960e+01 1.530571493064428346e+01 2.376628646551074908e+01 5.642172220978647346e+00 2.013227521116360208e+01 1.312348781070649828e+01
1.643222437538054237e+01 1.635164345042907996e+01 1.628076895374901412e+01 2.429835606367332090e+01 0.000000000000000000e+00 1.523205806690517505e+01 1.473010667276328256e+01 1.514154093866425299e+01 1.982037744654476796e+01 2.091915079961277613e+01 2.141177353750194357e+01 1.217316320842340005e+01 2.119596977342621003e+01 1.065668965872902518e+01 1.065531831215425385e+01 8.514570173149305532e+00 2.288916078102220908e+01 8.329201066874752257e+00 1.619821827819475857e+01 1.773906287304712137e+01 8.757925611391128129e+00 2.235439890375458560e+01 1.763216714093409010e+01 2.330632838887809299e+01 2.297465331772835384e+01 2.471080833000640808e+01 1.553587236346790768e+01 9.162161780877092099e+00 1.572624009701018721e+01 1.150880074667008479e+01 6.134363402057491754e+00 1.239137298164532197e+01 1.940643924224968586e+01 1.600392516732261683e+01 1.600452201485553516e+01 1.514624765266760420e+01 2.153260779770376843e+01 1.161077943501705079e+01 1.413972856046109250e+01 1.838952044189473156e+01 2.243867714151575399e+01 1.253771147626808258e+01 5.302013027497562092e+00 5.269778151754305640e+00 1.869563438381024056e+01 1.436010936312407615e+01 1.200668668247600657e+01 1.974167908738803590e+01 1.254785024257536818e+01 1.227147114867511313e+01
1.513571186604150043e+01 1.796495971978158579e+01 1.923189522053837308e+01 1.545015811968843167e+01 1.523205806690517505e+01 0.000000000000000000e+00 2.432444629263010327e+01 2.407036854978689888e+01 2.252805054233550308e+01 1.554038925573871488e+01 1.139327484326368989e+01 1.099476660583493270e+01 1.137678032776892145e+01 2.493172916584752130e+01 9.671946111732111717e+00 2.007628078436191643e+01 8.214046392685052211e+00 1.707501176325207837e+01 1.751562374601953920e+01 2.270396905438329682e+01 1.638004441174579640e+01 1.015256192141418623e+01 9.106173683266511887e+00 1.745792844557747969e+01 1.814921422083636671e+01 1.530677175709478277e+01 6.644755199026725734e+00 2.367003893345893673e+01 1.315375017419237125e+01 2.094546687084962855e+01 1.108990232114161323e+01 1.269838134545303276e+01 5.998691663430651744e+00 2.389988006132270826e+01 1.402473957341434740e+01 2.321370425801405446e+01 1.246015109733452597e+01 6.246304069142908588e+00 1.976674934886227675e+01 1.393347251334012959e+01 7.417475410047595474e+00 1.686803985050281440e+01 1.164003481204573021e+01 2.035658271424407673e+01 5.505869510489049823e+00 2.783504442970579618e+01 2.066907263007532336e+01 1.849712472014730125e+01 4.967596715910237215e+00 1.981808919453165174e+01
1.549244353524650641e+01 2.039581214276127241e+01 2.639521823193351224e+01 1.447784048643807076e+01 1.473010667276328256e+01 2.432444629263010327e+01 0.000000000000000000e+00 2.043247803161638387e+01 1.172934073753495099e+01 2.561660465786465934e+01 1.572214080122214064e+01 2.663890124336222343e+01 2.162132484818620881e+01 1.191450241619005190e+01 2.316643119522195349e+01 8.696665544720142194e+00 1.858776011064657396e+01 1.894058068711810350e+01 7.945072191926397132e+00 2.092243569710275608e+01 1.769122221596166611e+01 2.154399263317178281e+01 1.925096698922853022e+01 2.231210920606980608e+01 1.844310316494042112e+01 1.475049044483498228e+01 2.620523307726494266e+01 6.428661695721502589e+00 1.118083987692950743e+01 1.546667104237547008e+01 2.078058133674683106e+01 2.499072674882465250e+01 1.972493640503596524e+01 1.446783170683816344e+01 2.702738076522680899e+01 5.768344011546274075e+00 1.328398657360235724e+01 2.592921349491619765e+01 2.294390251250189294e+01 2.364859493243409005e+01 1.879054689637143127e+01 2.310405724485753609e+01 1.785463459446176060e+01 1.228292184383246699e+01 2.267724036976101232e+01 9.186601834747806450e+00 1.688674745901500174e+01 9.781361202216602990e+00 2.230723533791672963e+01 4.867119707843245990e+00
1.218911097660744680e+01 3.135957728393272603e+01 1.275037909384512247e+01 2.791920621056226892e+01 1.514154093866425299e+01 2.407036854978689888e+01 2.043247803161638387e+01 0.000000000000000000e+00 2.727121765279164478e+01 2.144947409187914289e+01 2.201300501967282841e+01 2.288175380367908218e+01 3.214533695876314567e+01 2.344824486571095790e+01 1.530797433134969410e+01 1.176901058232986408e+01 2.926227739237317849e+01 2.341053814004699163e+01 1.976615097400931731e+01 7.831438682956225250e+00 7.819041127630597998e+00 3.232623065577691790e+01 1.946571833389843675e+01 1.608003352028749688e+01 3.411284992648226222e+01 2.899281951728867668e+01 2.584704832788408879e+01 1.807590382417851416e+01 1.634776684790750778e+01 6.142406193571427586e+00 1.844660624752719613e+01 2.561065926173134244e+01 2.264751384552827318e+01 2.872627926777902374e+01 1.575517820229055843e+01 2.154728296877230065e+01 2.429396356754368114e+01 2.158261118703938308e+01 7.399631536498315398e+00 3.046713486795314907e+01 2.728149783965514885e+01 1.151344323399177050e+01 1.273568101791387974e+01 1.896412841450117526e+01 2.855681952808480872e+01 2.401415021359200708e+01 2.708061177256339391e+01 2.399569772645795140e+01 1.996091368569648949e+01 1.629263403344626937e+01
2.153370533894811700e+01 1.171875805823131955e+01 3.273899705060561161e+01 1.198615698047899336e+01 1.982037744654476796e+01 2.252805054233550308e+01 1.172934073753495099e+01 2.727121765279164478e+01 0.000000000000000000e+00 3.111791684097402921e+01 1.811597641075786669e+01 2.260222694177871006e+01 1.326218195086966567e+01 1.041885917252241711e+01 2.944357811074837272e+01 1.553540516589540310e+01 1.638827002312860159e+01 1.700529434658508521e+01 1.088225891243988741e+01 2.740731590218684843e+01 2.419426069346533481e+01 1.634260841724132973e+01 2.455066911873325353e+01 2.816471444053314244e+01 7.079700239765333691e+00 7.221278785240719422e+00 1.923005748063421194e+01 1.089906767319850900e+01 1.658841822977181479e+01 2.210887743025190133e+01 2.373606084753351197e+01 1.759264428421043291e+01 2.389844960344045433e+01 6.629148708716988025e+00 3.235489979025038565e+01 6.129959975804177397e+00 1.312389919329601007e+01 2.437360916921629084e+01 2.951103543595279177e+01 1.191925419489914617e+01 1.991364389937879054e+01 2.944783606352963545e+01 2.410907096530555904e+01 1.548821344780700571e+01 1.785296711569096928e+01 5.775094229309514660e+00 1.182462933620610990e+01 6.458821490299852641e+00 2.718609824003386777e+01 1.298879777976774186e+01
1.210584171497149342e+01 3.049170762624193287e+01 1.155849596535421675e+01 2.755578115339623579e+01 2.091915079961277613e+01 1.554038925573871488e+01 2.561660465786465934e+01 2.144947409187914289e+01 3.111791684097402921e+01 0.000000000000000000e+00 1.659631336015146275e+01 2.138193113908014809e+01 2.667654445311331912e+01 3.118145870229079009e+01 1.046829398686637091e+01 2.042957951354647861e+01 2.219329218762655742e+01 2.607611220014851838e+01 2.109186713138963398e+01 1.544487344774012882e+01 1.649813979152999011e+01 2.553730049052608564e+01 7.523957075708116449e+00 7.809909158414058972e+00 3.272920208665079400e+01 3.006692468316518330e+01 2.057884484578190865e+01 2.620106181019730229e+01 1.464751859303159343e+01 1.820389198979277623e+01 1.920849880613920746e+01 2.491095782499866829e+01 1.434046510564465393e+01 3.547747372898074047e+01 5.802734625673187097e+00 2.574201141221825750e+01 2.183308122301621523e+01 1.711401194882230570e+01 1.569370814969344963e+01 2.762473085041912668e+01 1.949891047026240187e+01 1.243560454385018765e+01 1.570516869533640225e+01 2.600757280981468966e+01 2.039084534805868287e+01 3.049768114385533124e+01 3.102758929024030010e+01 2.654400047453312084e+01 1.149009149624554560e+01 2.110010380127442176e+01
1.145763008744573952e+01 2.715028162929309019e+01 2.319363524833383394e+01 1.167381654525849655e+01 2.141177353750194357e+01 1.139327484326368989e+01 1.572214080122214064e+01 2.201300501967282841e+01 1.811597641075786669e+01 1.659631336015146275e+01 0.000000000000000000e+00 2.117360598701835528e+01 1.716180451946183894e+01 2.305038670055146710e+01 1.449056875104739284e+01 1.289720336435263803e+01 8.290059718319627180e+00 2.714784142013582979e+01 7.979226279922567500e+00 1.872285352684502158e+01 2.172307770385203440e+01 1.504544044963650329e+01 9.326975388599938910e+00 1.547842781761033137e+01 2.065573979515252390e+01 1.486976823360814848e+01 1.660864470902525980e+01 1.742645849317252171e+01 6.217246754084670535e+00 1.599366647671903152e+01 2.063101958986077733e+01 2.351187004623239929e+01 5.974536189680477172e+00 2.442933272944908296e+01 1.739905106599676188e+01 1.421381312749669412e+01 5.848728265040201713e+00 1.658326997358455657e+01 2.533692470932976804e+01 2.242312992373415526e+01 5.374997019064564618e+00 2.134977658165614400e+01 1.893850075484316164e+01 2.260659146963084964e+01 1.158749644863116224e+01 1.950132944711799610e+01 2.788444997855361862e+01 1.192591031575319072e+01 1.142113933875859288e+01 1.167150773402080333e+01
2.278166854572299371e+01 1.235256306964108397e+01 2.101589893623037142e+01 2.065305101251235342e+01 1.217316320842340005e+01 1.099476660583493270e+01 2.663890124336222343e+01 2.288175380367908218e+01 2.260222694177871006e+01 2.138193113908014809e+01 2.117360598701835528e+01 0.000000000000000000e+00 1.217733714445777338e+01 1.797665052830445376e+01 1.183489310859096477e+01 1.902243813852285825e+01 1.677237907110388448e+01 1.008333544973364049e+01 2.634512874816908123e+01 2.757036987313940557e+01 1.531584178367109850e+01 1.379804441182401042e+01 1.602037135004443869e+01 2.472273016758835595e+01 1.610501932615960641e+01 1.892222383860043777e+01 6.517239734499473691e+00 2.021023954764071462e+01 2.105164654757115272e+01 2.119217955350745441e+01 6.183904270276348925e+00 6.424108138530731260e+00 1.573301450950546254e+01 1.793106237250955814e+01 1.766297825952070255e+01 2.638242551952886927e+01 2.106282836821533522e+01 5.591788507185429857e+00 2.000350988820267517e+01 1.068297274687955500e+01 1.778983474439728951e+01 1.713291972351167303e+01 1.014607278576520066e+01 1.435597939952975111e+01 1.174814775200120920e+01 2.293187625598875101e+01 1.383735171865820845e+01 2.336891856601200601e+01 1.023151602171620134e+01 2.421052266522943697e+01
2.651249219381042366e+01 1.070808166128689010e+01 2.825525784487050274e+01 1.070097560668527592e+01 2.119596977342621003e+01 1.137678032776892145e+01 2.162132484818620881e+01 3.214533695876314567e+01 1.326218195086966567e+01 2.667654445311331912e+01 1.716180451946183894e+01 1.217733714445777338e+01 0.000000000000000000e+00 2.032597776384389121e+01 1.851839713967034484e+01 2.491577962230671872e+01 1.065152503767678915e+01 1.600942606923697298e+01 1.646029035921133143e+01 3.371824271527585637e+01 2.447941008000935881e+01 7.319262492773725981e+00 2.048295401103543867e+01 2.883470877334640647e+01 7.053651281275018725e+00 6.883840705069817822e+00 6.525500926548682301e+00 2.255889694247432331e+01 2.121987611729518619e+01 2.988556994043526771e+01 1.520671083527915712e+01 9.963845700868501964e+00 1.607391530959174730e+01 1.465734141871764251e+01 2.408304581355216811e+01 1.663706536199425656e+01 1.165253841527253797e+01 1.203507930637523593e+01 2.801544166180428519e+01 5.366575905206342867e+00 1.452403296196569649e+01 2.514485149711328305e+01 1.940965594084926948e+01 2.267049518421708143e+01 7.750667575863104730e+00 1.866553027111774909e+01 1.572535983552198680e+01 1.198429050175874622e+01 1.529271675143099429e+01 2.092087537677610953e+01
2.164497935847262866e+01 1.054120975993545173e+01 2.659254320622606116e+01 2.004835684814591090e+01 1.065668965872902518e+01 2.493172916584752130e+01 1.191450241619005190e+01 2.344824486571095790e+01 1.041885917252241711e+01 3.118145870229079009e+01 2.305038670055146710e+01 1.797665052830445376e+01 2.032597776384389121e+01 0.000000000000000000e+00 2.090568149670246711e+01 1.291125327201434381e+01 2.577199359749926444e+01 8.226227240947523001e+00 1.520674263449282826e+01 2.488213196715706843e+01 1.885281211075447061e+01 2.666153052368705545e+01 2.639813078206265828e+01 2.861659719733122387e+01 1.385976967361119172e+01 1.754020089168641761e+01 2.003852505708307064e+01 6.485966350022871474e+00 1.832572881108053764e+01 1.887925055020980736e+01 1.463879577244204100e+01 1.337456591149543428e+01 2.687996909767876375e+01 5.855590264300580827e+00 2.646088599671799102e+01 9.730241892983979568e+00 2.031416735453343136e+01 2.056294174903008098e+01 2.438594216126061553e+01 1.557567961898427455e+01 2.602442222749872869e+01 2.287001304784748967e+01 1.575837700936002683e+01 5.545333847510899083e+00 2.524024984823503104e+01 5.195225142869166035e+00 5.514959962786059933e+00 1.457320738066824362e+01 2.263420074053795972e+01 1.240399656522906291e+01
1.443450685032960479e+01 2.117064397574049650e+01 9.902102613030493217e+00 2.464976504330947904e+01 1.065531831215425385e+01 9.671946111732111717e+00 2.316643119522195349e+01 1.530797433134969410e+01 2.944357811074837272e+01 1.046829398686637091e+01 1.449056875104739284e+01 1.183489310859096477e+01 1.851839713967034484e+01 2.090568149670246711e+01 0.000000000000000000e+00 1.522852832518847954e+01 1.773522848722672052e+01 1.569064403721446510e+01 2.023810417949167473e+01 2.058575847614500987e+01 7.803872278752404412e+00 1.854470725083954719e+01 7.294893519238263124e+00 1.534586095471982503e+01 2.429864787657748337e+01 2.448230928693902797e+01 1.219571124950397412e+01 1.861193366106742531e+01 1.392121003902066434e+01 1.444107063195211538e+01 8.823030643205150625e+00 1.512906734010990029e+01 1.084211202536384988e+01 2.562523877700607855e+01 6.125639334869666719e+00 2.383619720461459934e+01 1.975322518210247935e+01 8.164242987657612360e+00 1.084635595828238408e+01 1.913554614602367465e+01 1.587385031452886608e+01 7.658894451201487819e+00 5.441336207877880859e+00 1.574374032235617094e+01 1.433210161363862056e+01 2.463685678628927178e+01 2.067589394130498448e+01 2.561805415972722244e+01 4.933731706525149363e+00 2.050579442428336918e+01
8.931614990856498792e+00 2.272593010775526778e+01 1.845731536190004007e+01 1.711791670536893761e+01 8.514570173149305532e+00 2.007628078436191643e+01 8.696665544720142194e+00 1.176901058232986408e+01 1.553540516589540310e+01 2.042957951354647861e+01 1.289720336435263803e+01 1.902243813852285825e+01 2.491577962230671872e+01 1.291125327201434381e+01 1.522852832518847954e+01 0.000000000000000000e+00 1.868591237656125870e+01 1.594153329516664996e+01 9.017778919890385936e+00 1.222577015238261033e+01 9.753319345928190387e+00 2.372539863525113191e+01 1.458952649116285727e+01 1.584521322094903439e+01 2.237703743958601166e+01 1.818068068731316345e+01 2.232788005885731053e+01 6.425286921991472333e+00 7.303094080435894142e+00 6.770005497655326998e+00 1.335948163420784951e+01 2.038463120603949719e+01 1.553387835329641398e+01 1.766886516942044594e+01 2.020471515460555167e+01 9.811470481876062522e+00 1.371759855173174891e+01 1.806344291801260127e+01 1.463050888667295624e+01 2.620928257209897438e+01 1.740591638104315919e+01 1.516615437482405859e+01 9.916731724428284878e+00 9.834414811235154374e+00 2.290382855163705855e+01 1.229324158456632254e+01 1.753873474152865342e+01 1.318355889648243107e+01 1.747512351955063892e+01 5.328109949773423892e+00
1.944050696289714253e+01 2.072530016536287789e+01 2.729517759603298188e+01 8.648263002086912010e+00 2.288916078102220908e+01 8.214046392685052211e+00 1.858776011064657396e+01 2.926227739237317849e+01 1.638827002312860159e+01 2.219329218762655742e+01 8.290059718319627180e+00 1.677237907110388448e+01 1.065152503767678915e+01 2.577199359749926444e+01 1.773522848722672052e+01 1.868591237656125870e+01 0.000000000000000000e+00 2.273416805794983730e+01 1.083271643698612152e+01 2.670573040229643524e+01 2.444332678724040875e+01 7.352389333965846596e+00 1.496077546938900760e+01 2.251456145631426153e+01 1.458256129225655684e+01 9.166991237887879507e+00 1.050815663835214764e+01 2.113461900628259471e+01 1.362735037959402362e+01 2.343896768462626312e+01 1.813925856765116507e+01 1.739902716236442259e+01 8.375515135428802438e+00 2.199471698898721073e+01 2.184756845140106662e+01 1.622238855610537911e+01 5.750846273488437355e+00 1.296884158881817051e+01 2.783003172435688555e+01 1.566203601633641362e+01 5.535236036570902129e+00 2.493132222599742320e+01 1.970331718754033190e+01 2.698887915439355467e+01 5.225971257009714321e+00 2.116039222490947225e+01 2.533438021550920993e+01 1.159234317543566561e+01 1.300199358327947508e+01 1.554215919972990001e+01
2.404555348064620546e+01 8.168171215140974439e+00 2.319458145870871846e+01 2.623988061031938557e+01 8.329201066874752257e+00 1.707501176325207837e+01 1.894058068711810350e+01 2.341053814004699163e+01 1.700529434658508521e+01 2.607611220014851838e+01 2.714784142013582979e+01 1.008333544973364049e+01 1.600942606923697298e+01 8.226227240947523001e+00 1.569064403721446510e+01 1.594153329516664996e+01 2.273416805794983730e+01 0.000000000000000000e+00 2.235134132075535973e+01 2.580818736108571798e+01 1.690725758276000690e+01 1.962964067261247436e+01 2.134346094817503925e+01 2.986479499388813608e+01 1.499208221107462613e+01 2.194880324710731401e+01 1.238461003869490185e+01 1.275637412322790354e+01 2.315320321902753520e+01 1.967882169237216061e+01 6.867613394009312699e+00 6.050146061706551670e+00 2.209528561935170643e+01 1.037614563786809896e+01 2.178916496727915586e+01 1.738619923857191196e+01 2.693019867241075715e+01 1.247596095645264036e+01 2.179372119271386055e+01 1.146044086282507912e+01 2.375283472722922440e+01 1.931160224599002007e+01 1.176453480994208611e+01 6.935828577907057202e+00 1.768369591903382343e+01 1.311183729702877976e+01 5.246304457537567245e+00 2.239093207583509226e+01 1.584300228024102175e+01 1.912047845349326991e+01
1.189237156594136202e+01 2.215397512760568688e+01 2.745675318977947654e+01 8.621931972388676257e+00 1.619821827819475857e+01 1.751562374601953920e+01 7.945072191926397132e+00 1.976615097400931731e+01 1.088225891243988741e+01 2.109186713138963398e+01 7.979226279922567500e+00 2.634512874816908123e+01 1.646029035921133143e+01 1.520674263449282826e+01 2.023810417949167473e+01 9.017778919890385936e+00 1.083271643698612152e+01 2.235134132075535973e+01 0.000000000000000000e+00 1.830606799845470789e+01 1.875275717380761620e+01 1.520471438676497833e+01 1.444799680512195827e+01 1.842494954213064773e+01 1.675910118877593646e+01 1.018129808032529127e+01 1.982788901366960843e+01 1.051133018950987363e+01 6.701945405767945729e+00 1.401778392814638785e+01 2.205994103319997635e+01 2.627696516290111362e+01 1.370471363677726195e+01 1.661320759620064180e+01 2.228818556515680882e+01 6.440609181236023772e+00 5.650265150158271688e+00 2.241647608137711956e+01 2.345882019235052596e+01 2.130220447847557708e+01 1.086047104021783660e+01 2.416559220270348973e+01 1.891616955230771069e+01 1.636559033762084070e+01 1.510522900418033565e+01 1.165768538105935370e+01 2.004080591249497090e+01 5.480721805434022542e+00 1.745343335995000800e+01 5.023350025227948379e+00
7.868875552704500009e+00 3.379641746739911667e+01 1.919248302241243209e+01 2.681920528749960653e+01 1.773906287304712137e+01 2.270396905438329682e+01 2.092243569710275608e+01 7.831438682956225250e+00 2.740731590218684843e+01 1.544487344774012882e+01 1.872285352684502158e+01 2.757036987313940557e+01 3.371824271527585637e+01 2.488213196715706843e+01 2.058575847614500987e+01 1.222577015238261033e+01 2.670573040229643524e+01 2.580818736108571798e+01 1.830606799845470789e+01 0.000000000000000000e+00 1.298485554336711623e+01 3.154940848629743400e+01 1.482176523022584647e+01 8.840587247725547826e+00 3.395041651131563754e+01 2.838894693482022547e+01 2.852110607751788862e+01 1.865105707437408000e+01 1.354658783505130693e+01 6.658640866741301068e+00 2.218814079803829031e+01 2.934972953980033239e+01 1.896859023002831179e+01 2.973852158336408991e+01 1.826100687486832186e+01 2.158395922584714199e+01 2.233971469730061798e+01 2.577364794292610384e+01 1.442214824023740327e+01 3.496616366210091797e+01 2.398413520760041351e+01 1.748276067482924390e+01 1.742429708737421024e+01 2.112087445077370162e+01 2.678367734879816098e+01 2.451901173694893643e+01 2.903574573444484486e+01 2.339182514398949664e+01 2.029877232564379597e+01 1.645413874281030076e+01
1.364994476231060538e+01 2.455394277496272792e+01 8.704865976126779259e+00 2.685289495928617853e+01 8.757925611391128129e+00 1.638004441174579640e+01 1.769122221596166611e+01 7.819041127630597998e+00 2.419426069346533481e+01 1.649813979152999011e+01 2.172307770385203440e+01 1.531584178367109850e+01 2.447941008000935881e+01 1.885281211075447061e+01 7.803872278752404412e+00 9.753319345928190387e+00 2.444332678724040875e+01 1.690725758276000690e+01 1.875275717380761620e+01 1.298485554336711623e+01 0.000000000000000000e+00 2.463590651773581897e+01 1.457718193470687318e+01 1.980246245549061967e+01 2.865068352515030625e+01 2.791565894123040437e+01 1.815672418984298986e+01 1.443261978809410273e+01 1.586255079901202159e+01 7.244228093250841383e+00 1.153654906486643306e+01 1.851841775822792258e+01 1.860268597128885659e+01 2.454223201895729289e+01 1.080384390194139854e+01 1.855947277453755362e+01 2.345257680564898806e+01 1.389228704899828415e+01 5.682735047689515540e+00 2.317615157311848151e+01 2.354449799364685703e+01 5.559383329962062525e+00 5.505984384638746398e+00 1.354190926206182688e+01 2.086649539004370979e+01 2.044560310653302082e+01 2.076461229386714180e+01 2.291853715039966133e+01 1.229840139482242023e+01 1.503058544502307825e+01
2.393092858724597960e+01 1.698162307570543206e+01 2.828156795603970153e+01 9.494484115356309317e+00 2.235439890375458560e+01 1.015256192141418623e+01 2.154399263317178281e+01 3.232623065577691790e+01 1.634260841724132973e+01 2.553730049052608564e+01 1.504544044963650329e+01 1.379804441182401042e+01 7.319262492773725981e+00 2.666153052368705545e+01 1.854470725083954719e+01 2.372539863525113191e+01 7.352389333965846596e+00 1.962964067261247436e+01 1.520471438676497833e+01 3.154940848629743400e+01 2.463590651773581897e+01 0.000000000000000000e+00 1.854835391934500066e+01 2.663788729763425778e+01 1.372489660111701859e+01 9.121329632000620080e+00 7.330749643837427776e+00 2.302083372000919326e+01 1.967286988922071345e+01 2.852146179554632965e+01 1.682741810264539950e+01 1.407423845871157120e+01 1.287423297847294812e+01 2.150262830858190455e+01 2.351751193470201429e+01 1.735526442922092372e+01 1.019240615232920533e+01 1.237370178137869203e+01 2.816114925555613979e+01 1.168985071458977565e+01 1.093001706163463993e+01 2.529055909086513765e+01 1.989589691803575278e+01 2.476478493785805313e+01 5.247046018848638305e+00 2.164960230461164059e+01 2.167964640774794205e+01 1.236075680024263335e+01 1.454301947799175743e+01 2.012321295036338142e+01
7.276607357290989953e+00 2.475545065434463154e+01 1.424630695907628208e+01 2.029129584701760436e+01 1.763216714093409010e+01 9.106173683266511887e+00 1.925096698922853022e+01 1.946571833389843675e+01 2.455066911873325353e+01 7.523957075708116449e+00 9.326975388599938910e+00 1.602037135004443869e+01 2.048295401103543867e+01 2.639813078206265828e+01 7.294893519238263124e+00 1.458952649116285727e+01 1.496077546938900760e+01 2.134346094817503925e+01 1.444799680512195827e+01 1.482176523022584647e+01 1.457718193470687318e+01 1.854835391934500066e+01 0.000000000000000000e+00 8.784190330323642826e+00 2.684179830614748852e+01 2.291375374941092957e+01 1.469144106527861382e+01 1.998261153922772948e+01 8.080270870790803528e+00 1.364188683357676979e+01 1.454971162020195052e+01 1.943057825469260891e+01 6.973415967695564710e+00 2.910668983143504107e+01 8.077284372881889496e+00 1.934566661077928629e+01 1.456374325146469140e+01 1.146197757591072630e+01 1.688012556367873884e+01 2.173732706991583896e+01 1.222537356529164931e+01 1.248596794556739553e+01 1.252598831930879975e+01 2.275669178827298822e+01 1.340189877687759434e+01 2.412689724630963184e+01 2.652678257868793565e+01 1.987916573441587076e+01 5.788855328328237349e+00 1.473674099132139936e+01
7.082650813909650900e+00 3.348847539280620111e+01 1.809496237742145297e+01 2.575891051536217091e+01 2.330632838887809299e+01 1.745792844557747969e+01 2.231210920606980608e+01 1.608003352028749688e+01 2.816471444053314244e+01 7.809909158414058972e+00 1.547842781761033137e+01 2.472273016758835595e+01 2.883470877334640647e+01 2.861659719733122387e+01 1.534586095471982503e+01 1.584521322094903439e+01 2.251456145631426153e+01 2.986479499388813608e+01 1.842494954213064773e+01 8.840587247725547826e+00 1.980246245549061967e+01 2.663788729763425778e+01 8.784190330323642826e+00 0.000000000000000000e+00 3.465536375292631988e+01 2.855425437722546889e+01 2.325031785927477657e+01 2.213063084730835683e+01 1.194422188240638860e+01 1.255823436223978185e+01 2.302887451516388495e+01 2.816360299315418558e+01 1.416829689960641403e+01 3.225732845640876434e+01 1.132766227047178731e+01 2.259667784637699484e+01 2.017020760587049466e+01 2.018919531179671267e+01 2.132349338285023066e+01 3.036982185700620462e+01 1.939353715236815745e+01 1.801574898469975494e+01 2.058273566318985814e+01 2.534894440796220039e+01 2.164126668462032299e+01 2.712087094012635191e+01 3.311867134021404269e+01 2.390567134756467738e+01 1.449455311808234192e+01 1.772466379582559526e+01
2.803640757941288086e+01 7.006652421076172921e+00 3.403550858177764127e+01 1.364754372908172186e+01 2.297465331772835384e+01 1.814921422083636671e+01 1.844310316494042112e+01 3.411284992648226222e+01 7.079700239765333691e+00 3.272920208665079400e+01 2.065573979515252390e+01 1.610501932615960641e+01 7.053651281275018725e+00 1.385976967361119172e+01 2.429864787657748337e+01 2.237703743958601166e+01 1.458256129225655684e+01 1.499208221107462613e+01 1.675910118877593646e+01 3.395041651131563754e+01 2.865068352515030625e+01 1.372489660111701859e+01 2.684179830614748852e+01 3.465536375292631988e+01 0.000000000000000000e+00 7.018475996420093566e+00 1.215035724086887292e+01 1.771412635508162126e+01 2.300491481014297790e+01 2.865197803938068688e+01 1.857054887009496724e+01 1.147579476005596888e+01 2.190380001000224297e+01 8.109201382847087913e+00 3.003239844710094530e+01 1.285023225175431349e+01 1.514647369096321938e+01 1.766218692408187962e+01 3.333835162968188115e+01 5.696066700229954094e+00 1.939734279721306365e+01 3.046776146499088256e+01 2.322380877983885838e+01 1.893954277071211578e+01 1.468201966863670194e+01 1.182561694092592042e+01 1.096796663525234905e+01 1.137884906442696398e+01 2.130116936751099033e+01 1.953189838889653629e+01
2.207366964626665506e+01 1.402512841749626382e+01 3.404225839574528578e+01 6.974401341166256429e+00 2.471080833000640808e+01 1.530677175709478277e+01 1.475049044483498228e+01 2.899281951728867668e+01 7.221278785240719422e+00 3.006692468316518330e+01 1.486976823360814848e+01 1.892222383860043777e+01 6.883840705069817822e+00 1.754020089168641761e+01 2.448230928693902797e+01 1.818068068731316345e+01 9.166991237887879507e+00 2.194880324710731401e+01 1.018129808032529127e+01 2.838894693482022547e+01 2.791565894123040437e+01 9.121329632000620080e+00 2.291375374941092957e+01 2.855425437722546889e+01 7.018475996420093566e+00 0.000000000000000000e+00 1.283293269813999871e+01 1.572444367972970625e+01 1.671418171385872142e+01 2.324445247142575965e+01 2.195159752942182152e+01 1.684768640593831179e+01 1.667717081819973401e+01 1.321380546024545488e+01 2.900894158294882175e+01 9.802612099249639499e+00 9.143008572921505817e+00 1.825018493375290873e+01 3.262172195977329636e+01 1.134095218281696305e+01 1.411474983276216300e+01 3.129518669589485214e+01 2.588973567909085816e+01 2.157870382784067331e+01 1.063168833045025607e+01 1.255875996679987772e+01 1.773339139895677619e+01 5.138958155302374209e+00 1.996481945479314746e+01 1.417879935062341978e+01
2.095284888917609933e+01 1.191947842036952032e+01 2.193257195470413734e+01 1.428163860039316546e+01 1.553587236346790768e+01 6.644755199026725734e+00 2.620523307726494266e+01 2.584704832788408879e+01 1.923005748063421194e+01 2.057884484578190865e+01 1.660864470902525980e+01 6.517239734499473691e+00 6.525500926548682301e+00 2.003852505708307064e+01 1.219571124950397412e+01 2.232788005885731053e+01 1.050815663835214764e+01 1.238461003869490185e+01 1.982788901366960843e+01 2.852110607751788862e+01 1.815672418984298986e+01 7.330749643837427776e+00 1.469144106527861382e+01 2.325031785927477657e+01 1.215035724086887292e+01 1.283293269813999871e+01 0.000000000000000000e+00 2.333824040864448790e+01 1.909913385551708132e+01 2.446282135788518275e+01 9.546613425320858326e+00 7.147879578032521053e+00 1.237774196755282929e+01 1.794826975395511326e+01 1.788204120623207416e+01 2.199201378287110487e+01 1.454558863371586241e+01 5.712393416208864316e+00 2.169275577163791979e+01 7.335503483117129520e+00 1.215359783749180522e+01 1.882216560694691765e+01 1.341671459014292367e+01 1.748398026053352794e+01 5.368813313546975330e+00 2.348144443189701391e+01 1.540230789868099848e+01 1.699750615389281805e+01 9.150812126642122735e+00 2.472053451313021810e+01
1.515901300844975275e+01 1.701961406195081850e+01 2.255022223674918536e+01 1.600128305509214144e+01 9.162161780877092099e+00 2.367003893345893673e+01 6.428661695721502589e+00 1.807590382417851416e+01 1.089906767319850900e+01 2.620106181019730229e+01 1.742645849317252171e+01 2.021023954764071462e+01 2.255889694247432331e+01 6.485966350022871474e+00 1.861193366106742531e+01 6.425286921991472333e+00 2.113461900628259471e+01 1.275637412322790354e+01 1.051133018950987363e+01 1.865105707437408000e+01 1.443261978809410273e+01 2.302083372000919326e+01 1.998261153922772948e+01 2.213063084730835683e+01 1.771412635508162126e+01 1.572444367972970625e+01 2.333824040864448790e+01 0.000000000000000000e+00 1.209715598066556019e+01 1.315836162249438601e+01 1.506085270153180034e+01 1.873613660672958048e+01 2.054852706220248848e+01 1.125675917442472240e+01 2.372653964323517073e+01 6.172185971888154654e+00 1.564607452795579334e+01 2.057385697445312900e+01 2.009960151623548796e+01 2.205408392099964487e+01 2.087907985718787529e+01 1.907402679467804063e+01 1.321000329210706248e+01 5.854260148110963513e+00 2.438279216644867375e+01 6.255004586463376981e+00 1.191759014474024525e+01 1.113332386216142389e+01 2.073901189611115115e+01 6.371990856659398794e+00
6.532892769305060909e+00 2.666537345071974485e+01 2.232590611290347127e+01 1.478203851150370873e+01 1.572624009701018721e+01 1.315375017419237125e+01 1.118083987692950743e+01 1.634776684790750778e+01 1.658841822977181479e+01 1.464751859303159343e+01 6.217246754084670535e+00 2.105164654757115272e+01 2.121987611729518619e+01 1.832572881108053764e+01 1.392121003902066434e+01 7.303094080435894142e+00 1.362735037959402362e+01 2.315320321902753520e+01 6.701945405767945729e+00 1.354658783505130693e+01 1.586255079901202159e+01 1.967286988922071345e+01 8.080270870790803528e+00 1.194422188240638860e+01 2.300491481014297790e+01 1.671418171385872142e+01 1.909913385551708132e+01 1.209715598066556019e+01 0.000000000000000000e+00 1.033843083582541134e+01 2.034641947058118561e+01 2.434736319027600970e+01 8.554240286598236764e+00 2.104170894804560277e+01 1.588450154230793743e+01 1.129685106752684653e+01 9.572403044923287752e+00 1.647536875643247356e+01 2.039703495128911115e+01 2.628255255047305639e+01 1.136964173889948526e+01 2.053575015370920198e+01 1.602596317751211785e+01 1.701900734953077432e+01 1.664060836175059066e+01 1.606191636292018998e+01 2.384068877386659580e+01 1.218266721120197182e+01 1.113653921947899761e+01 6.664339020339284048e+00
6.437466295220117374e+00 2.770126407592649187e+01 1.514565014779530294e+01 2.217083916469935190e+01 1.150880074667008479e+01 2.094546687084962855e+01 1.546667104237547008e+01 6.142406193571427586e+00 2.210887743025190133e+01 1.820389198979277623e+01 1.599366647671903152e+01 2.119217955350745441e+01 2.988556994043526771e+01 1.887925055020980736e+01 1.444107063195211538e+01 6.770005497655326998e+00 2.343896768462626312e+01 1.967882169237216061e+01 1.401778392814638785e+01 6.658640866741301068e+00 7.244228093250841383e+00 2.852146179554632965e+01 1.364188683357676979e+01 1.255823436223978185e+01 2.865197803938068688e+01 2.324445247142575965e+01 2.446282135788518275e+01 1.315836162249438601e+01 1.033843083582541134e+01 0.000000000000000000e+00 1.577644569182065837e+01 2.305571343816442820e+01 1.662817530257446919e+01 2.383872410491443361e+01 1.767766276851090623e+01 1.622352450938246449e+01 1.850704192246003998e+01 2.019838421704046993e+01 1.045031490503049376e+01 2.855272868712970435e+01 2.126215929670134841e+01 1.280361142321290302e+01 1.104610676774225553e+01 1.508516465134921347e+01 2.450405302225983917e+01 1.906324708222164332e+01 2.300003593502036381e+01 1.824733068059502372e+01 1.860449856286460246e+01 1.107481577128255168e+01
2.123641268973997143e+01 1.305133917627241580e+01 1.727054681590252017e+01 2.368242470333372651e+01 6.134363402057491754e+00 1.108990232114161323e+01 2.078058133674683106e+01 1.844660624752719613e+01 2.373606084753351197e+01 1.920849880613920746e+01 2.063101958986077733e+01 6.183904270276348925e+00 1.520671083527915712e+01 1.463879577244204100e+01 8.823030643205150625e+00 1.335948163420784951e+01 1.813925856765116507e+01 6.867613394009312699e+00 2.205994103319997635e+01 2.218814079803829031e+01 1.153654906486643306e+01 1.682741810264539950e+01 1.454971162020195052e+01 2.302887451516388495e+01 1.857054887009496724e+01 2.195159752942182152e+01 9.546613425320858326e+00 1.506085270153180034e+01 2.034641947058118561e+01 1.577644569182065837e+01 0.000000000000000000e+00 7.343313102695190331e+00 1.568836109420408853e+01 1.710691213881651862e+01 1.494866997807481823e+01 2.115998194130980536e+01 2.252101052928291480e+01 6.551891745940921830e+00 1.624387380600998654e+01 1.290914925484455011e+01 1.826126242554743229e+01 1.338756760318382177e+01 6.091851341787226204e+00 9.990684675478309629e+00 1.388535424026733089e+01 1.934175020675376544e+01 1.197707095848598868e+01 2.579215375137158972e+01 9.209880251102191551e+00 1.828491755851950629e+01
2.609286922972692579e+01 6.282010038786379980e+00 2.425241550926400080e+01 2.043168548984534638e+01 1.239137298164532197e+01 1.269838134545303276e+01 2.499072674882465250e+01 2.561065926173134244e+01 1.759264428421043291e+01 2.491095782499866829e+01 2.351187004623239929e+01 6.424108138530731260e+00 9.963845700868501964e+00 1.337456591149543428e+01 1.512906734010990029e+01 2.038463120603949719e+01 1.739902716236442259e+01 6.050146061706551670e+00 2.627696516290111362e+01 2.934972953980033239e+01 1.851841775822792258e+01 1.407423845871157120e+01 1.943057825469260891e+01 2.816360299315418558e+01 1.147579476005596888e+01 1.684768640593831179e+01 7.147879578032521053e+00 1.873613660672958048e+01 2.434736319027600970e+01 2.305571343816442820e+01 7.343313102695190331e+00 0.000000000000000000e+00 1.850163364061466709e+01 1.168014663498145111e+01 2.098094647922511768e+01 2.189777329383141691e+01 2.137575135971545848e+01 9.343182653928773007e+00 2.322574249937148139e+01 6.079009084115668315e+00 1.905682317469892695e+01 2.036943629654531307e+01 1.307372003514871750e+01 1.288187645861861874e+01 1.234960436918449211e+01 1.659481459560826266e+01 8.509758688231313428e+00 2.194813620262724640e+01 1.370327089514937668e+01 2.466284413032044043e+01
