0.000000000000000000e+00 5.607839129536943412e-01 4.866368635923297159e-01 4.270493026143163395e-01 4.000383862299592974e-01 3.924579606088341999e-01 3.595180640462082300e-01 3.079418147854885990e-01 2.846344829265270437e-01 2.584022979627028649e-01 2.404656899313140639e-01 2.312758016316696363e-01 2.553313049001348367e-01 2.213893755544840136e-01 4.005136519739798118e-01 3.501609107700510704e-01 1.816470013229163349e-01 1.652214411786563641e-01 4.061646679051127418e-01 1.574108398631346439e-01 2.116636669793442449e-01 2.496247000754926171e-01 2.248383390059918718e-01 2.907807291735834410e-01 4.494869163669681922e-01 2.129162989687602425e-01 2.628402718090057655e-01 1.348046238859589852e-01 3.313957713674260397e-01 1.770031515033487768e-01 1.613481466448020429e-01 4.144586524726241450e-01 1.263293516614136802e-01 1.214236793574377665e-01 2.785694570409364412e-01 2.532235258669351396e-01 3.889800988490697553e-01 2.836444098317694174e-01 3.680290202645468689e-01 1.159852158294667201e-01 2.820058049086335283e-01 3.747666424546001185e-01 1.032044706071931356e-01 3.273690205612774795e-01 3.966929633082885709e-01 1.289169207889946933e-01 2.142943845988992957e-01 3.113828357214825648e-01 1.248369154773851103e-01 2.472559487856124949e-01
5.607839129536943412e-01 0.000000000000000000e+00 9.897643309116411769e-01 9.739001286910712318e-01 9.468892123067141897e-01 6.790151386098020048e-01 6.568035155848133133e-01 8.002287085300223701e-01 3.071635202450224145e-01 8.052531240394574796e-01 5.620591129985332834e-01 7.469382860121753787e-01 5.091744185677251622e-01 5.192567086677730703e-01 9.272382850791562880e-01 8.516134081677987355e-01 6.315602872387657829e-01 6.733384620563761525e-01 1.604413591896462765e-01 4.596483872849554952e-01 7.574998220452493491e-01 7.964755261522472596e-01 4.497562845930235254e-01 8.139757905902849089e-01 9.749560751445278672e-01 7.143687963665077412e-01 5.546719312704788685e-01 5.219227034150120126e-01 8.782465974441807655e-01 4.582829299981825977e-01 4.065549257642914749e-01 9.588852380604939718e-01 6.731801777381684060e-01 5.529572509483215992e-01 5.651266350419041906e-01 7.710037493226018501e-01 8.948351357132391382e-01 8.304952359085240321e-01 9.148798463413017057e-01 5.019210494035668546e-01 7.805288806910085642e-01 8.954149043747623438e-01 6.041378292354993018e-01 8.676305220658598882e-01 9.435437893850434632e-01 6.608745533819189166e-01 5.092963837123926085e-01 6.086682872600877037e-01 5.429007674000780881e-01 7.941067748623672484e-01
4.866368635923297159e-01 9.897643309116411769e-01 0.000000000000000000e+00 5.102667159147846743e-01 5.437505781689779827e-01 8.602745690604024498e-01 8.366190091872992562e-01 3.186502373680081823e-01 7.079477611960653949e-01 2.628999956292631945e-01 5.731367527483531843e-01 4.043638139546865129e-01 7.343238418737878526e-01 6.702018631090528311e-01 1.983026435094215612e-01 1.785852307068144795e-01 4.072940894521847599e-01 4.196443835494063634e-01 8.371306696736137143e-01 5.824920864735221304e-01 3.805065530522178108e-01 4.009024114523586646e-01 6.296436293487164271e-01 2.313912726804500664e-01 1.436205221293457013e-01 2.753955345451334913e-01 7.399412169500967362e-01 6.150024503614136551e-01 3.805244852252535059e-01 5.570739276113975125e-01 6.384490917858930414e-01 1.233912325676291555e-01 3.603075119309160357e-01 5.552348482715908640e-01 7.587672835163910001e-01 3.622523607763667997e-01 1.183800600330502661e-01 2.120440088891260011e-01 4.604983908934645598e-01 5.930861609705575521e-01 2.820928642677933973e-01 2.271068070544783879e-01 3.856265016761419862e-01 4.667996909733104771e-01 9.701171542983300089e-02 3.989788012224882996e-01 6.649779270505843387e-01 7.884837808625734246e-01 4.633970591488363877e-01 3.734251693749742751e-01
4.270493026143163395e-01 9.739001286910712318e-01 5.102667159147846743e-01 0.000000000000000000e+00 5.831503143236478337e-01 8.130682261062757155e-01 7.718481041872383708e-01 4.683906036845517096e-01 6.920835589754951167e-01 2.540620335266821073e-01 5.677560269566779283e-01 4.497872415256080059e-01 6.747362808957746427e-01 6.063140332389304055e-01 4.442117991811996291e-01 4.729318311845927547e-01 5.093485112868385567e-01 4.271979365053368838e-01 8.212664674530434361e-01 5.666278842529516302e-01 2.770592960777386038e-01 4.327366281691810146e-01 5.787001361184593851e-01 3.260735019667325152e-01 4.924315492100716507e-01 4.434126088036980384e-01 6.751703119500359618e-01 5.554148893834003342e-01 1.319289270457756347e-01 5.736054689786862504e-01 5.780230892234179407e-01 4.237848907045434488e-01 3.301972737136033009e-01 4.995388145061920304e-01 6.991797225383779013e-01 4.265791093982465032e-01 4.556017878068699956e-01 3.627456257676049400e-01 1.082355831167654270e-01 5.283152559704965556e-01 5.390627197249358016e-01 4.261221527053162261e-01 4.057820716900800706e-01 5.105153291959205752e-01 4.238724727769524470e-01 3.206046800186940771e-01 6.327988094181646872e-01 7.237128758625127611e-01 5.068971480666910612e-01 2.010147265080170498e-01
4.000383862299592974e-01 9.468892123067141897e-01 5.437505781689779827e-01 5.831503143236478337e-01 0.000000000000000000e+00 7.860573097219187844e-01 7.500205318249290043e-01 4.770924801022035089e-01 6.650726425911381856e-01 3.735141186251539902e-01 5.661367286425921241e-01 2.675446626084480028e-01 6.477253645114176006e-01 5.979059753408787481e-01 4.669836162556766923e-01 4.424268207155981902e-01 4.515779405735213525e-01 4.801221004622097110e-01 7.942555510686865050e-01 5.396169678685948101e-01 4.135259294732814839e-01 1.527348344988006534e-01 5.846951968716896930e-01 4.869164138744262460e-01 5.150707865997810053e-01 3.224663027255442183e-01 6.533427395877265953e-01 5.284039729990435141e-01 4.799879801346058072e-01 5.377506965695695307e-01 5.518506144235226785e-01 4.909894776872046895e-01 2.737090345685456727e-01 4.979402791438323206e-01 6.721688061540209702e-01 5.027514602484806083e-01 4.476061640874556824e-01 3.501143741134662979e-01 5.241300319738781965e-01 5.064876836081873002e-01 4.290326519332820498e-01 5.257752774034197829e-01 3.603573053657169734e-01 9.819580542994199579e-02 4.726769810982381359e-01 3.722847928038403031e-01 6.057878930338079781e-01 7.018853035002033947e-01 4.505079541886632399e-01 4.216566940254843909e-01
3.924579606088341999e-01 6.790151386098020048e-01 8.602745690604024498e-01 8.130682261062757155e-01 7.860573097219187844e-01 0.000000000000000000e+00 5.720765947397927764e-01 6.799045503319975925e-01 4.021219150576903489e-01 6.444212214546621853e-01 5.320975452375086290e-01 6.174485241609365405e-01 2.186963059534814402e-01 4.414239889534961603e-01 7.865325754659389101e-01 7.221236463165602304e-01 5.407195223021274977e-01 5.263802587014629886e-01 5.254784838119874735e-01 2.881336580604469400e-01 5.976825904713035653e-01 6.356436235674519653e-01 4.414805452207871128e-01 6.573543846574250171e-01 8.355058398589274571e-01 5.848790345152689030e-01 4.738348832974813019e-01 2.603790189058600713e-01 7.174146948593854711e-01 4.079056561356405597e-01 2.951553561468052145e-01 8.004775759645834654e-01 5.123482751533728896e-01 4.451060481898316823e-01 1.170953452502270786e-01 6.143823433897417363e-01 7.653453738620006330e-01 6.696633333237288488e-01 7.540479437565063003e-01 3.782021942079810684e-01 6.539685404551424108e-01 7.387934984419025630e-01 4.746480673842604081e-01 7.133879440532367999e-01 7.827118868002480578e-01 5.042531474490588028e-01 1.983869288939316411e-01 5.239413664150671668e-01 4.420858477327288538e-01 6.332748722775717320e-01
3.595180640462082300e-01 6.568035155848133133e-01 8.366190091872992562e-01 7.718481041872383708e-01 7.500205318249290043e-01 5.720765947397927764e-01 0.000000000000000000e+00 6.338641765572941011e-01 3.758150577396113801e-01 6.032010995356247296e-01 4.933324455149152299e-01 5.907938656778779496e-01 4.153836421328511164e-01 2.180845750197898392e-01 7.504957975689492411e-01 7.096789748162594114e-01 5.411650653691244539e-01 4.764884613583554307e-01 5.021842705362316028e-01 4.030648593831941962e-01 5.518890707001773421e-01 5.996068456704620742e-01 3.378874190362762264e-01 6.083650392452131239e-01 7.994690619619376770e-01 5.724343630149685280e-01 1.401863565805282485e-01 3.620873522564933555e-01 6.761945729403480154e-01 4.549377543454921069e-01 2.808111114650103657e-01 7.532744867154221868e-01 4.763114972563831095e-01 3.370390118969824322e-01 4.581880911718949623e-01 5.653929979775299541e-01 7.389622444440392401e-01 6.336265554267389577e-01 7.128278218374688446e-01 2.459421709109068099e-01 6.415238689548418138e-01 6.898041530296907808e-01 4.627225346534012962e-01 6.773511661562471309e-01 7.466751089032582778e-01 4.552638020368467986e-01 4.211103287031175979e-01 9.379543547230755063e-02 4.653621856654703293e-01 5.890996721198338282e-01
3.079418147854885990e-01 8.002287085300223701e-01 3.186502373680081823e-01 4.683906036845517096e-01 4.770924801022035089e-01 6.799045503319975925e-01 6.338641765572941011e-01 0.000000000000000000e+00 5.095001592621277720e-01 2.932703268780462724e-01 2.759881331019110595e-01 2.677027966050448682e-01 5.438200462152552594e-01 4.643097277406835754e-01 3.100425878303209593e-01 1.835262530569873873e-01 1.740347209043430210e-01 2.035140676421086092e-01 6.475950472919947964e-01 4.021220677451170511e-01 2.044721399002740747e-01 3.395504395085434668e-01 4.235791159255184457e-01 1.691775825034995406e-01 3.582623378591929808e-01 1.877848218860393714e-01 5.371863843200916921e-01 4.252001852466306686e-01 3.388519270815495421e-01 3.481487661237698261e-01 4.400391615934739487e-01 1.986240547627292630e-01 2.755411079179069245e-01 3.491703348483929381e-01 5.689650184016081802e-01 1.151455638479813165e-01 2.901554598876504576e-01 2.711128159021145567e-01 4.133162182742561863e-01 3.903313283405525635e-01 1.047169680667837111e-01 1.037470965432925329e-01 2.052564829477369623e-01 3.847600654779306240e-01 2.816818985320898583e-01 2.018978787521321649e-01 4.846079083221794259e-01 5.857289482325684915e-01 2.626577305015128649e-01 2.830812568047004762e-01
2.846344829265270437e-01 3.071635202450224145e-01 7.079477611960653949e-01 6.920835589754951167e-01 6.650726425911381856e-01 4.021219150576903489e-01 3.758150577396113801e-01 5.095001592621277720e-01 0.000000000000000000e+00 5.234365543238815865e-01 2.646169580967429047e-01 4.651217162965994301e-01 2.322811950156136174e-01 2.375798780199637472e-01 6.454217153635805060e-01 5.697968384522228424e-01 3.408317379708710737e-01 3.781200612116602522e-01 1.609136409066045381e-01 1.794383681846991041e-01 4.766979233405229111e-01 5.146589564366713665e-01 1.532841494363733348e-01 5.378263605631180555e-01 6.931395054289520852e-01 4.325522266509319036e-01 2.736834734252772683e-01 2.450294798629005510e-01 5.964300277286047614e-01 1.675543807302878885e-01 1.304054957371242884e-01 6.794929088338028667e-01 3.913636080225924574e-01 2.666740984260665970e-01 2.882334114897925348e-01 4.715313320452967916e-01 6.130185659976634671e-01 5.486786661929482500e-01 6.330632766257258126e-01 2.257716193763995849e-01 4.898003314231139660e-01 6.100299390816859013e-01 3.223212595199234642e-01 5.858139523502839952e-01 6.617272196694674591e-01 3.847251233547517857e-01 2.300416537645542658e-01 3.276798294148857704e-01 2.521722181321835454e-01 5.122902051467912443e-01
2.584022979627028649e-01 8.052531240394574796e-01 2.628999956292631945e-01 2.540620335266821073e-01 3.735141186251539902e-01 6.444212214546621853e-01 6.032010995356247296e-01 2.932703268780462724e-01 5.234365543238815865e-01 0.000000000000000000e+00 3.991090223050646202e-01 2.359479604252197882e-01 5.060892762441611126e-01 4.376670285873169863e-01 1.955856083836616521e-01 2.188697976579106197e-01 3.407015066352251376e-01 2.585509318537234091e-01 6.526194628014299060e-01 3.979808796013383221e-01 1.529568308006229727e-01 2.306659519085347554e-01 4.100531314668459659e-01 1.509532251602269393e-01 2.438053584125335627e-01 2.113952715500878043e-01 5.065233072984224316e-01 3.867678847317869151e-01 1.345261906589322876e-01 4.049584643270729423e-01 4.093760845718045216e-01 1.838048684854383941e-01 1.397706642750333739e-01 3.308918098545785003e-01 5.305327178867642601e-01 2.614104900653450025e-01 2.015397542801878050e-01 1.086835922409228189e-01 1.989828391235877458e-01 3.596682513188832475e-01 2.873728153914114625e-01 2.062607343480421518e-01 2.371350670384666515e-01 2.966760480955323298e-01 1.752462819794143867e-01 1.519576753670805747e-01 4.641518047665512681e-01 5.550658712108987869e-01 3.382501434150777531e-01 1.119096176050975999e-01
2.404656899313140639e-01 5.620591129985332834e-01 5.731367527483531843e-01 5.677560269566779283e-01 5.661367286425921241e-01 5.320975452375086290e-01 4.933324455149152299e-01 2.759881331019110595e-01 2.646169580967429047e-01 3.991090223050646202e-01 0.000000000000000000e+00 3.531120779646347296e-01 3.970345256146885493e-01 2.752478704951255017e-01 5.235166507727370133e-01 4.167174470999799318e-01 1.755234072675911361e-01 1.697845731812084036e-01 4.133225833721325682e-01 2.475278607373794793e-01 3.278991224217261968e-01 4.358148706281166351e-01 1.700752385151682033e-01 3.580376840501647284e-01 5.712344408381087035e-01 3.106471620600887440e-01 3.931443983961530608e-01 3.306796786879062644e-01 4.721024957097876840e-01 1.298002931013435279e-01 2.977291304983476494e-01 4.745361646762408792e-01 3.218059715677175081e-01 1.702798721298351969e-01 4.371693606189464010e-01 2.108843919719863569e-01 4.911135014068201410e-01 4.529110177155781791e-01 5.087357446069085132e-01 2.827994083386247692e-01 3.289166437335392934e-01 3.775179521468735588e-01 2.167438508305400691e-01 4.738043140183192392e-01 5.128463609465856443e-01 2.471513469379839623e-01 3.422104899074511764e-01 4.367842162178734444e-01 1.156287744539289952e-01 3.809872170209709363e-01
2.312758016316696363e-01 7.469382860121753787e-01 4.043638139546865129e-01 4.497872415256080059e-01 2.675446626084480028e-01 6.174485241609365405e-01 5.907938656778779496e-01 2.677027966050448682e-01 4.651217162965994301e-01 2.359479604252197882e-01 3.531120779646347296e-01 0.000000000000000000e+00 4.865199959388367135e-01 4.497270783533849903e-01 3.275968520413852225e-01 2.841776062266284653e-01 2.385532898955640690e-01 3.319432034747162308e-01 5.943046247741479160e-01 3.396660415740561101e-01 2.653470324857879481e-01 1.551724207754514584e-01 4.365162998841961017e-01 3.493502556744920717e-01 3.756840223854895355e-01 1.375863814253690254e-01 4.941160734406755961e-01 3.659933149246609174e-01 3.466249073365660904e-01 3.247260458916123582e-01 3.926239482764717348e-01 3.522970895866492924e-01 1.255301375810522202e-01 3.497613821563387848e-01 5.097581480796383735e-01 3.498997071495077993e-01 3.082193998731642126e-01 2.107276098991749114e-01 3.907669591758384797e-01 3.472610174611364675e-01 2.244501665086501008e-01 3.645326018438042603e-01 1.473326546877596621e-01 1.710243709426084446e-01 3.332902168839468326e-01 2.241058958163468229e-01 4.202886017163238730e-01 5.426586373531521179e-01 2.374833035107057344e-01 2.882936212274447296e-01
2.553313049001348367e-01 5.091744185677251622e-01 7.343238418737878526e-01 6.747362808957746427e-01 6.477253645114176006e-01 2.186963059534814402e-01 4.153836421328511164e-01 5.438200462152552594e-01 2.322811950156136174e-01 5.060892762441611126e-01 3.970345256146885493e-01 4.865199959388367135e-01 0.000000000000000000e+00 2.808411634745318630e-01 6.482006302554379484e-01 5.962634833972448867e-01 4.095928885495615512e-01 3.873467829472123647e-01 3.556377637699107419e-01 1.622734951411320403e-01 4.593506452608024371e-01 4.973116783569508370e-01 2.808977197418228156e-01 5.183209089031742822e-01 6.971738946484264954e-01 4.590188715959539478e-01 3.132520578185170046e-01 1.340420487013166129e-01 5.790827496488842874e-01 2.681228634479043693e-01 1.345725306678408617e-01 6.621456307540822817e-01 3.740163299428718724e-01 2.923200270952489022e-01 1.233467106531418306e-01 4.753488676354911124e-01 6.366670771305279475e-01 5.313313881132276650e-01 6.157159985460050056e-01 2.230797281773791996e-01 5.281083775358274002e-01 5.997600226876518281e-01 3.487879044649455085e-01 5.750559988427358382e-01 6.443799415897468741e-01 3.652196716948082345e-01 9.877516656069676437e-02 3.672484138081256178e-01 3.109592139801630184e-01 4.949429270670706038e-01
2.213893755544840136e-01 5.192567086677730703e-01 6.702018631090528311e-01 6.063140332389304055e-01 5.979059753408787481e-01 4.414239889534961603e-01 2.180845750197898392e-01 4.643097277406835754e-01 2.375798780199637472e-01 4.376670285873169863e-01 2.752478704951255017e-01 4.497270783533849903e-01 2.808411634745318630e-01 0.000000000000000000e+00 5.983812410848986518e-01 5.715502863245350840e-01 4.030363768774002931e-01 2.692658044825407271e-01 3.646374636191918039e-01 2.685223807248749428e-01 3.823346218835669275e-01 4.474922891864118180e-01 1.493473361012852274e-01 4.388105904286025982e-01 6.473545054778871988e-01 4.343056745232442561e-01 1.368610679642695838e-01 2.306205331452901020e-01 5.106605019920400501e-01 2.993147555346399868e-01 1.462686328066909736e-01 5.837200378988114391e-01 3.241969407723327978e-01 1.218488958421640872e-01 3.275354853855984016e-01 3.849608311475600786e-01 5.868476879599887619e-01 4.815119989426884795e-01 5.472937508891609903e-01 1.118625141434081566e-01 5.033951804631175975e-01 5.202497042130800331e-01 3.245938461616771353e-01 5.252366096721967637e-01 5.945605524192079105e-01 2.857093532202363284e-01 2.865678500447984001e-01 1.615363457227479704e-01 3.338953665542670479e-01 4.195452233032233025e-01
4.005136519739798118e-01 9.272382850791562880e-01 1.983026435094215612e-01 4.442117991811996291e-01 4.669836162556766923e-01 7.865325754659389101e-01 7.504957975689492411e-01 3.100425878303209593e-01 6.454217153635805060e-01 1.955856083836616521e-01 5.235166507727370133e-01 3.275968520413852225e-01 6.482006302554379484e-01 5.983812410848986518e-01 0.000000000000000000e+00 1.749074703007287568e-01 3.657097045540833036e-01 3.750228136303299653e-01 7.746046238411288254e-01 5.199660406410369085e-01 3.273943924021101015e-01 3.241354495390573742e-01 5.850220594296399179e-01 1.867697027613737515e-01 1.443056120222690197e-01 2.128694887126484359e-01 6.538180053317468321e-01 5.288792387430637509e-01 3.144794164113305368e-01 5.004938470475095436e-01 5.523258801675429153e-01 1.629076895646493495e-01 2.741843003125660205e-01 4.984155448878527239e-01 6.726440718980410960e-01 3.303226582728303606e-01 1.115813575693697934e-01 1.174322340126693204e-01 3.931840036478628786e-01 5.069629493522076480e-01 2.521510899252294435e-01 2.195039287142512563e-01 3.231004558436568752e-01 3.900327290600091867e-01 1.012909280795885741e-01 3.461588398913557074e-01 6.024518812180994498e-01 7.023605692442235204e-01 4.078878763188081291e-01 3.061107821293727604e-01
3.501609107700510704e-01 8.516134081677987355e-01 1.785852307068144795e-01 4.729318311845927547e-01 4.424268207155981902e-01 7.221236463165602304e-01 7.096789748162594114e-01 1.835262530569873873e-01 5.697968384522228424e-01 2.188697976579106197e-01 4.167174470999799318e-01 2.841776062266284653e-01 5.962634833972448867e-01 5.715502863245350840e-01 1.749074703007287568e-01 0.000000000000000000e+00 2.411940398323887680e-01 3.857207512097451940e-01 6.989797469297711618e-01 4.443411637296794670e-01 3.594261214174410690e-01 2.995786539989789277e-01 5.668289630562080017e-01 2.153220564910691692e-01 2.226252603661001694e-01 1.521469834067863680e-01 6.130011825790570024e-01 4.835853222753772607e-01 3.465111454266615598e-01 4.108882179443656413e-01 5.115090574148530855e-01 1.251555379249590372e-01 2.668828353304364964e-01 4.715845901274888785e-01 6.271954616979977803e-01 2.850740356502769468e-01 1.175524826443540422e-01 1.159686622221320629e-01 4.178526367814983100e-01 4.661461265995178183e-01 1.050778112734913339e-01 1.367431303298912715e-01 2.474755789322994337e-01 3.634822680991122157e-01 2.045814999393183731e-01 3.651118591176551464e-01 5.268270043067418973e-01 6.615437464915336907e-01 3.177387184976181445e-01 3.307794152630082474e-01
1.816470013229163349e-01 6.315602872387657829e-01 4.072940894521847599e-01 5.093485112868385567e-01 4.515779405735213525e-01 5.407195223021274977e-01 5.411650653691244539e-01 1.740347209043430210e-01 3.408317379708710737e-01 3.407015066352251376e-01 1.755234072675911361e-01 2.385532898955640690e-01 4.095928885495615512e-01 4.030363768774002931e-01 3.657097045540833036e-01 2.411940398323887680e-01 0.000000000000000000e+00 2.053368608541626672e-01 4.789266260007382092e-01 2.561498378019982924e-01 3.033578416845233439e-01 3.212560825590459745e-01 3.277075823621934392e-01 3.399905916908756986e-01 4.134274946194547717e-01 1.958807923523468164e-01 4.444872731319222114e-01 3.150714128282425253e-01 4.136949800399482013e-01 1.741771022250428735e-01 3.429951479677184056e-01 3.521520543949756554e-01 2.086285603339358696e-01 3.030706806803541986e-01 4.457913376835653252e-01 1.861800204525963509e-01 3.276882219143081865e-01 2.978734326730300697e-01 4.503282289370690306e-01 2.976322171523831384e-01 1.592831889752395480e-01 2.745645007239010393e-01 1.035664395967584306e-01 3.592455259492486341e-01 3.905765689335724544e-01 2.486759038849647996e-01 3.508324669720699895e-01 4.930298370443987888e-01 9.863367456939851896e-02 3.295551574581346288e-01
1.652214411786563641e-01 6.733384620563761525e-01 4.196443835494063634e-01 4.271979365053368838e-01 4.801221004622097110e-01 5.263802587014629886e-01 4.764884613583554307e-01 2.035140676421086092e-01 3.781200612116602522e-01 2.585509318537234091e-01 1.697845731812084036e-01 3.319432034747162308e-01 3.873467829472123647e-01 2.692658044825407271e-01 3.750228136303299653e-01 3.857207512097451940e-01 2.053368608541626672e-01 0.000000000000000000e+00 5.174156166824058767e-01 3.221871642515910517e-01 1.652257939963916733e-01 3.297084143077429474e-01 2.256473938935275592e-01 1.882531108689562971e-01 4.232425636592020424e-01 3.570350217885390198e-01 3.798106691211531327e-01 2.687269219785877183e-01 3.162925461630812229e-01 2.871216610702754801e-01 2.826634463945353337e-01 3.311492245940283463e-01 2.064130658936640383e-01 1.515391629061815515e-01 4.124917551335651189e-01 1.156950266650193515e-01 4.015206124775997920e-01 3.303585771793603465e-01 3.681776541555673576e-01 2.329556131416139764e-01 3.043215454530381336e-01 2.605190990036190257e-01 2.473231934269719545e-01 4.074527347935278376e-01 3.485599751595357954e-01 1.078373076583694357e-01 3.691866868690198977e-01 4.283532330336297655e-01 2.850010077126782781e-01 2.383947892894602572e-01
4.061646679051127418e-01 1.604413591896462765e-01 8.371306696736137143e-01 8.212664674530434361e-01 7.942555510686865050e-01 5.254784838119874735e-01 5.021842705362316028e-01 6.475950472919947964e-01 1.609136409066045381e-01 6.526194628014299060e-01 4.133225833721325682e-01 5.943046247741479160e-01 3.556377637699107419e-01 3.646374636191918039e-01 7.746046238411288254e-01 6.989797469297711618e-01 4.789266260007382092e-01 5.174156166824058767e-01 0.000000000000000000e+00 3.061117324871410750e-01 6.028805769966680828e-01 6.438418649142196859e-01 2.938334392190529165e-01 6.593565455417037535e-01 8.223224139065004046e-01 5.617351351284802785e-01 4.000526862218976021e-01 3.683860486171977033e-01 7.256129362061530808e-01 3.056492687601549685e-01 2.519356807157100420e-01 8.042659930119125944e-01 5.205465165001408323e-01 3.982703208787763405e-01 4.115899802440896593e-01 6.163845042740205837e-01 7.422014744752117865e-01 6.778615746704965694e-01 7.622461851032741320e-01 3.473018043549853662e-01 6.278952194529809905e-01 7.407956593261810774e-01 4.515041679974717836e-01 7.149968608278322035e-01 7.909101281470157785e-01 5.062553083333375392e-01 3.557597289145784103e-01 4.540490422115062152e-01 3.902671061620506254e-01 6.400911784163244578e-01
1.574108398631346439e-01 4.596483872849554952e-01 5.824920864735221304e-01 5.666278842529516302e-01 5.396169678685948101e-01 2.881336580604469400e-01 4.030648593831941962e-01 4.021220677451170511e-01 1.794383681846991041e-01 3.979808796013383221e-01 2.475278607373794793e-01 3.396660415740561101e-01 1.622734951411320403e-01 2.685223807248749428e-01 5.199660406410369085e-01 4.443411637296794670e-01 2.561498378019982924e-01 3.221871642515910517e-01 3.061117324871410750e-01 0.000000000000000000e+00 3.512422486179796466e-01 3.892032817141280465e-01 2.153642785237070145e-01 4.303593108122188426e-01 5.676838307064084876e-01 3.070965519283886391e-01 3.009332750688600844e-01 1.416708239772672129e-01 4.709743530060613859e-01 1.258721066964228474e-01 1.311868943329786985e-01 5.540372341112593801e-01 2.659079333000490819e-01 2.542528168523424115e-01 1.932054734418847675e-01 4.075428628261104080e-01 4.875628912751200361e-01 4.232229914704047635e-01 5.076076019031822151e-01 2.253467739600891195e-01 3.761860578682619249e-01 5.025948026496616095e-01 1.968655847973800610e-01 4.603582776277406197e-01 5.362715449469238616e-01 2.684955024276300950e-01 9.468262917007168322e-02 3.549296310584685310e-01 1.575161632325997596e-01 3.868345304242478688e-01
2.116636669793442449e-01 7.574998220452493491e-01 3.805065530522178108e-01 2.770592960777386038e-01 4.135259294732814839e-01 5.976825904713035653e-01 5.518890707001773421e-01 2.044721399002740747e-01 4.766979233405229111e-01 1.529568308006229727e-01 3.278991224217261968e-01 2.653470324857879481e-01 4.593506452608024371e-01 3.823346218835669275e-01 3.273943924021101015e-01 3.594261214174410690e-01 3.033578416845233439e-01 1.652257939963916733e-01 6.028805769966680828e-01 3.512422486179796466e-01 0.000000000000000000e+00 2.631122433188147203e-01 3.506600168829285824e-01 1.491152803717676611e-01 3.756141424309821786e-01 3.057532159805294580e-01 4.552112784629750442e-01 3.400292537484282951e-01 1.703979043595714171e-01 3.635702749321680916e-01 3.580640557363572452e-01 2.940247278419765298e-01 1.398168949047357834e-01 2.755594031508284969e-01 4.837940869034056401e-01 1.641548702858527664e-01 3.420960780397183654e-01 2.492399160004532821e-01 2.382587852615886959e-01 3.083562224834359156e-01 3.091891079670577858e-01 2.439044988447811868e-01 1.997914020877648578e-01 3.408565638045995549e-01 3.070550659978629193e-01 9.662526866333055742e-02 4.174131737831926481e-01 5.037538423754517325e-01 3.009064784643759594e-01 9.334046935948099588e-02
2.496247000754926171e-01 7.964755261522472596e-01 4.009024114523586646e-01 4.327366281691810146e-01 1.527348344988006534e-01 6.356436235674519653e-01 5.996068456704620742e-01 3.395504395085434668e-01 5.146589564366713665e-01 2.306659519085347554e-01 4.358148706281166351e-01 1.551724207754514584e-01 4.973116783569508370e-01 4.474922891864118180e-01 3.241354495390573742e-01 2.995786539989789277e-01 3.212560825590459745e-01 3.297084143077429474e-01 6.438418649142196859e-01 3.892032817141280465e-01 2.631122433188147203e-01 0.000000000000000000e+00 4.342815107172228739e-01 3.440682471578070389e-01 3.722226198831615762e-01 1.842503770780684613e-01 5.029290534332597762e-01 3.779902868445766950e-01 3.295742939801391547e-01 3.961808664398626112e-01 4.014369282690559149e-01 3.481413109705855380e-01 1.232953484140789507e-01 3.475265929893655015e-01 5.217551199995541511e-01 3.523377740940138447e-01 3.047579973708363643e-01 2.072662073968470631e-01 3.737163458194115995e-01 3.560739974537206476e-01 2.914906113396220078e-01 3.829271106868006314e-01 2.283574691512563759e-01 9.892655777334589950e-02 3.298288143816189844e-01 2.218711066493735395e-01 4.553742068793409370e-01 5.514716173457364645e-01 3.201860961741876954e-01 2.712430078710178494e-01
2.248383390059918718e-01 4.497562845930235254e-01 6.296436293487164271e-01 5.787001361184593851e-01 5.846951968716896930e-01 4.414805452207871128e-01 3.378874190362762264e-01 4.235791159255184457e-01 1.532841494363733348e-01 4.100531314668459659e-01 1.700752385151682033e-01 4.365162998841961017e-01 2.808977197418228156e-01 1.493473361012852274e-01 5.850220594296399179e-01 5.668289630562080017e-01 3.277075823621934392e-01 2.256473938935275592e-01 2.938334392190529165e-01 2.153642785237070145e-01 3.506600168829285824e-01 4.342815107172228739e-01 0.000000000000000000e+00 3.982523566682662497e-01 6.332418094585118284e-01 4.377546379747520588e-01 2.357558347219419481e-01 2.713983248844244467e-01 4.830466048715690297e-01 1.585616214129754453e-01 1.463251890739819261e-01 5.431618041384751461e-01 3.109861623031439093e-01 1.199900459206317549e-01 3.275920416528893542e-01 3.311104911134785667e-01 5.736369094907998178e-01 4.683012204734995909e-01 5.196798537686898589e-01 2.032752795955819480e-01 4.849181121990587817e-01 4.795332647853689512e-01 3.280428096131849380e-01 5.120258312030078196e-01 5.585592209588458035e-01 2.580954560997653080e-01 2.866244063120891861e-01 2.897521907115505058e-01 2.522384898755366534e-01 3.919313261827522821e-01
2.907807291735834410e-01 8.139757905902849089e-01 2.313912726804500664e-01 3.260735019667325152e-01 4.869164138744262460e-01 6.573543846574250171e-01 6.083650392452131239e-01 1.691775825034995406e-01 5.378263605631180555e-01 1.509532251602269393e-01 3.580376840501647284e-01 3.493502556744920717e-01 5.183209089031742822e-01 4.388105904286025982e-01 1.867697027613737515e-01 2.153220564910691692e-01 3.399905916908756986e-01 1.882531108689562971e-01 6.593565455417037535e-01 4.303593108122188426e-01 1.491152803717676611e-01 3.440682471578070389e-01 3.982523566682662497e-01 0.000000000000000000e+00 2.349894527902456620e-01 2.640610852668973108e-01 5.116872470080108259e-01 3.997010479345497469e-01 1.965348253637301257e-01 4.426873371264072876e-01 4.145400242813929714e-01 1.449094474702088686e-01 2.360479106686181605e-01 3.238435755911407976e-01 5.434658810895272030e-01 1.657897550720786595e-01 2.132675016086434949e-01 1.421054663104040772e-01 2.980432997366904146e-01 3.648321910284716418e-01 2.329462526235683562e-01 1.098042251949218895e-01 2.868735267356457563e-01 4.100783433448046411e-01 1.603068642905795815e-01 1.675875285420381777e-01 4.965302359774317331e-01 5.602298109204875143e-01 3.871857323065828749e-01 1.960088248277245537e-01
4.494869163669681922e-01 9.749560751445278672e-01 1.436205221293457013e-01 4.924315492100716507e-01 5.150707865997810053e-01 8.355058398589274571e-01 7.994690619619376770e-01 3.582623378591929808e-01 6.931395054289520852e-01 2.438053584125335627e-01 5.712344408381087035e-01 3.756840223854895355e-01 6.971738946484264954e-01 6.473545054778871988e-01 1.443056120222690197e-01 2.226252603661001694e-01 4.134274946194547717e-01 4.232425636592020424e-01 8.223224139065004046e-01 5.676838307064084876e-01 3.756141424309821786e-01 3.722226198831615762e-01 6.332418094585118284e-01 2.349894527902456620e-01 0.000000000000000000e+00 2.605872787780198485e-01 7.027912697247353790e-01 5.778525031360521869e-01 3.626991664402025584e-01 5.482116371128811227e-01 6.012991445605315732e-01 2.089881994881635507e-01 3.231575647055545120e-01 5.473888092808412154e-01 7.216173362910296429e-01 3.785424083017024377e-01 1.404019647886526334e-01 1.664054984056576592e-01 4.414037536767349557e-01 5.559362137451960839e-01 2.998688799906009117e-01 2.677236787431231391e-01 3.708182459090282879e-01 4.381198994041133332e-01 1.058058131461720036e-01 3.943785899202277290e-01 6.501696712834710290e-01 7.513338336372120674e-01 4.556056663841795973e-01 3.543305321582447820e-01
2.129162989687602425e-01 7.143687963665077412e-01 2.753955345451334913e-01 4.434126088036980384e-01 3.224663027255442183e-01 5.848790345152689030e-01 5.724343630149685280e-01 1.877848218860393714e-01 4.325522266509319036e-01 2.113952715500878043e-01 3.106471620600887440e-01 1.375863814253690254e-01 4.590188715959539478e-01 4.343056745232442561e-01 2.128694887126484359e-01 1.521469834067863680e-01 1.958807923523468164e-01 3.570350217885390198e-01 5.617351351284802785e-01 3.070965519283886391e-01 3.057532159805294580e-01 1.842503770780684613e-01 4.377546379747520588e-01 2.640610852668973108e-01 2.605872787780198485e-01 0.000000000000000000e+00 4.757565707777661745e-01 3.463407104740864328e-01 3.402502746146561230e-01 2.876243583348612187e-01 3.742644456135623132e-01 2.545637989261843592e-01 1.746145994268789303e-01 3.343399783261980507e-01 4.899508498967066750e-01 2.719396211500620386e-01 1.804663393467313137e-01 1.422638556554894074e-01 3.843923264539285123e-01 3.289015147982270459e-01 1.131162593168806851e-01 2.588445440280739418e-01 1.102309671310085226e-01 2.323389766654414823e-01 2.349669919160318199e-01 2.510712781809709138e-01 3.895823925054510140e-01 5.242991346902426963e-01 1.950183876061596933e-01 2.819189885055347067e-01
2.628402718090057655e-01 5.546719312704788685e-01 7.399412169500967362e-01 6.751703119500359618e-01 6.533427395877265953e-01 4.738348832974813019e-01 1.401863565805282485e-01 5.371863843200916921e-01 2.736834734252772683e-01 5.065233072984224316e-01 3.931443983961530608e-01 4.941160734406755961e-01 3.132520578185170046e-01 1.368610679642695838e-01 6.538180053317468321e-01 6.130011825790570024e-01 4.444872731319222114e-01 3.798106691211531327e-01 4.000526862218976021e-01 3.009332750688600844e-01 4.552112784629750442e-01 5.029290534332597762e-01 2.357558347219419481e-01 5.116872470080108259e-01 7.027912697247353790e-01 4.757565707777661745e-01 0.000000000000000000e+00 2.654095600192909465e-01 5.795167807031454954e-01 3.528061700311580506e-01 1.786795271506760596e-01 6.565966944782196668e-01 3.796337050191808116e-01 2.537175043972956789e-01 3.599463797295835987e-01 4.687152057403276006e-01 6.422844522068368311e-01 5.369487631895365487e-01 6.161500296002662136e-01 1.492643786737043177e-01 5.448460767176395159e-01 5.931263607924883718e-01 3.660447424161989427e-01 5.806733739190447219e-01 6.499973166660558688e-01 3.585860097996445006e-01 3.189787443887834861e-01 9.497359108976613506e-02 3.686843934282680313e-01 4.924218798826314747e-01
1.348046238859589852e-01 5.219227034150120126e-01 6.150024503614136551e-01 5.554148893834003342e-01 5.284039729990435141e-01 2.603790189058600713e-01 3.620873522564933555e-01 4.252001852466306686e-01 2.450294798629005510e-01 3.867678847317869151e-01 3.306796786879062644e-01 3.659933149246609174e-01 1.340420487013166129e-01 2.306205331452901020e-01 5.288792387430637509e-01 4.835853222753772607e-01 3.150714128282425253e-01 2.687269219785877183e-01 3.683860486171977033e-01 1.416708239772672129e-01 3.400292537484282951e-01 3.779902868445766950e-01 2.713983248844244467e-01 3.997010479345497469e-01 5.778525031360521869e-01 3.463407104740864328e-01 2.654095600192909465e-01 0.000000000000000000e+00 4.597613581365099789e-01 2.443850052815226825e-01 1.250731358104425484e-01 5.428242392417079731e-01 2.546949384304976749e-01 1.874527114669564676e-01 1.464905153379622849e-01 3.567290066668664661e-01 5.173456856181536390e-01 4.120099966008533565e-01 4.963946070336308081e-01 1.362981022405421738e-01 4.154302164139596631e-01 4.811401617190271818e-01 2.366288821125193675e-01 4.557346073303615297e-01 5.250585500773724545e-01 2.465998107261834771e-01 1.004597648904322071e-01 3.139521239317676904e-01 2.350350682440773553e-01 3.756215355546965173e-01
3.313957713674260397e-01 8.782465974441807655e-01 3.805244852252535059e-01 1.319289270457756347e-01 4.799879801346058072e-01 7.174146948593854711e-01 6.761945729403480154e-01 3.388519270815495421e-01 5.964300277286047614e-01 1.345261906589322876e-01 4.721024957097876840e-01 3.466249073365660904e-01 5.790827496488842874e-01 5.106605019920400501e-01 3.144794164113305368e-01 3.465111454266615598e-01 4.136949800399482013e-01 3.162925461630812229e-01 7.256129362061530808e-01 4.709743530060613859e-01 1.703979043595714171e-01 3.295742939801391547e-01 4.830466048715690297e-01 1.965348253637301257e-01 3.626991664402025584e-01 3.402502746146561230e-01 5.795167807031454954e-01 4.597613581365099789e-01 0.000000000000000000e+00 4.779519377317958950e-01 4.823695579765275854e-01 2.940426600150122805e-01 2.270349395245613855e-01 4.038852832593016196e-01 6.035261912914874349e-01 3.152216224525423161e-01 3.291811020489386896e-01 2.363249400096737174e-01 1.101344793150978302e-01 4.326617247236063113e-01 4.150141631601623193e-01 2.959640793588064756e-01 3.101285404431897708e-01 4.073529950068786598e-01 2.941400900070832991e-01 2.249511487718037495e-01 5.371452781712743318e-01 6.280593446156220727e-01 4.112436168198008168e-01 1.075669819787680448e-01
1.770031515033487768e-01 4.582829299981825977e-01 5.570739276113975125e-01 5.736054689786862504e-01 5.377506965695695307e-01 4.079056561356405597e-01 4.549377543454921069e-01 3.481487661237698261e-01 1.675543807302878885e-01 4.049584643270729423e-01 1.298002931013435279e-01 3.247260458916123582e-01 2.681228634479043693e-01 2.993147555346399868e-01 5.004938470475095436e-01 4.108882179443656413e-01 1.741771022250428735e-01 2.871216610702754801e-01 3.056492687601549685e-01 1.258721066964228474e-01 3.635702749321680916e-01 3.961808664398626112e-01 1.585616214129754453e-01 4.426873371264072876e-01 5.482116371128811227e-01 2.876243583348612187e-01 3.528061700311580506e-01 2.443850052815226825e-01 4.779519377317958950e-01 0.000000000000000000e+00 2.034636101850136047e-01 5.229593935897765000e-01 2.728855180257837021e-01 2.068248367936227072e-01 3.129774715170783872e-01 3.406846850733298848e-01 4.680906976815925602e-01 4.298882139903505983e-01 5.145851866289167242e-01 2.765194669952125706e-01 3.289773670872164213e-01 4.486785459433278445e-01 1.796912942510083544e-01 4.454182819452968678e-01 5.225913502508928721e-01 2.808235287418185400e-01 2.199385202911107728e-01 4.068025260207666083e-01 9.367686846256119415e-02 3.938121151499824890e-01
1.613481466448020429e-01 4.065549257642914749e-01 6.384490917858930414e-01 5.780230892234179407e-01 5.518506144235226785e-01 2.951553561468052145e-01 2.808111114650103657e-01 4.400391615934739487e-01 1.304054957371242884e-01 4.093760845718045216e-01 2.977291304983476494e-01 3.926239482764717348e-01 1.345725306678408617e-01 1.462686328066909736e-01 5.523258801675429153e-01 5.115090574148530855e-01 3.429951479677184056e-01 2.826634463945353337e-01 2.519356807157100420e-01 1.311868943329786985e-01 3.580640557363572452e-01 4.014369282690559149e-01 1.463251890739819261e-01 4.145400242813929714e-01 6.012991445605315732e-01 3.742644456135623132e-01 1.786795271506760596e-01 1.250731358104425484e-01 4.823695579765275854e-01 2.034636101850136047e-01 0.000000000000000000e+00 5.594494717516018678e-01 2.781415798549770058e-01 1.867042950731555018e-01 1.812668525789074281e-01 3.715679830137098016e-01 5.407923270426330253e-01 4.354566380253326874e-01 5.190028068736484146e-01 1.076196940088076787e-01 4.433539515534354880e-01 4.959791380658704063e-01 2.645526172519952479e-01 4.791812487548408606e-01 5.485051915018518409e-01 2.614387870730267571e-01 1.405719103307342399e-01 2.326758831402847005e-01 2.527935734129147516e-01 3.952746571560136757e-01
4.144586524726241450e-01 9.588852380604939718e-01 1.233912325676291555e-01 4.237848907045434488e-01 4.909894776872046895e-01 8.004775759645834654e-01 7.532744867154221868e-01 1.986240547627292630e-01 6.794929088338028667e-01 1.838048684854383941e-01 4.745361646762408792e-01 3.522970895866492924e-01 6.621456307540822817e-01 5.837200378988114391e-01 1.629076895646493495e-01 1.251555379249590372e-01 3.521520543949756554e-01 3.311492245940283463e-01 8.042659930119125944e-01 5.540372341112593801e-01 2.940247278419765298e-01 3.481413109705855380e-01 5.431618041384751461e-01 1.449094474702088686e-01 2.089881994881635507e-01 2.545637989261843592e-01 6.565966944782196668e-01 5.428242392417079731e-01 2.940426600150122805e-01 5.229593935897765000e-01 5.594494717516018678e-01 0.000000000000000000e+00 2.881293008112103537e-01 4.687530230613496385e-01 6.865890723966853182e-01 2.650286507816038140e-01 1.928081323828084448e-01 1.424302480585161734e-01 3.814032637496396205e-01 5.097416384986803717e-01 1.973930159969486120e-01 1.083739293278251636e-01 3.628869746776431926e-01 4.141514071575829736e-01 1.218941564594402255e-01 3.124969760122470186e-01 6.202081592764722151e-01 7.051392583906963551e-01 4.331501142429619589e-01 2.943300422311495024e-01
