0.000000000000000000e+00 5.191955409975682612e-01 4.294009452286619011e-01 4.154433525537025718e-01 3.404838510512384619e-01 3.325073089156952988e-01 2.673731869223696656e-01 3.158786320122065616e-01 2.086571922723209349e-01 3.296441585181381639e-01 1.924091619354761917e-01 2.018131201588871937e-01 4.227448630340896463e-01 1.657629353510877146e-01 4.484927974631263137e-01 1.551277359506996467e-01 1.513821083334362383e-01 2.886514902166344432e-01 1.317720538077276904e-01 3.400366773583290425e-01 2.591605633286177546e-01 3.328087792575743498e-01 1.102392160850264730e-01 4.135514181871155492e-01 4.130241156829435045e-01 2.911947027045566627e-01 2.263057273938008374e-01 2.307498694678567774e-01 1.111484629619214903e-01 2.423700795431179278e-01 1.009636385902181327e-01 9.869075839652753646e-02 3.544002952628628189e-01 1.764880034118370966e-01 9.329806068537628561e-02 1.166966209982564368e-01 4.596687920186579568e-01 1.729178233989816793e-01 2.740922229404098021e-01 3.731600112556561211e-01 2.589580308911310635e-01 4.468364975086723256e-01 8.412520551559113380e-02 3.945141570232167938e-01 4.860782777930787724e-01 3.434982592639497789e-01 4.847354614911659754e-01 4.802626842408773689e-01 1.911388903617105006e-01 3.365427587633075257e-01
5.191955409975682612e-01 0.000000000000000000e+00 4.283128118195118628e-01 4.236232201172696055e-01 3.393020890648064114e-01 8.491105801350379290e-01 6.939505918762201020e-01 2.499686636725772237e-01 6.752126625013673555e-01 2.266250641875363070e-01 4.311306970011328232e-01 4.309253798233605992e-01 1.662002707829426940e-01 6.805640582356174972e-01 1.604277484690976863e-01 4.113340655247557653e-01 5.484848295298696552e-01 3.231863073446569201e-01 5.280379926463839579e-01 3.096364714453418987e-01 3.051491706307550844e-01 3.361944541919452689e-01 5.375081035247881722e-01 1.114088229770159311e-01 1.100035210352423021e-01 2.281214879513829286e-01 4.091175141518983427e-01 7.445591593827557420e-01 4.504943552425429432e-01 3.418722245930109205e-01 5.015760633942262237e-01 5.216225411983088645e-01 2.195584008125708864e-01 6.182314658475969171e-01 6.025399328609908345e-01 6.044999634018393131e-01 9.357182087064191967e-02 3.467932545850312409e-01 4.237962417335011667e-01 2.290378538191411018e-01 3.329715993617357594e-01 8.916337130095387808e-02 4.596464440674106755e-01 2.616997030403562796e-01 8.328993685259922231e-02 3.361960267932310731e-01 8.020020191941999721e-02 7.931903650974302111e-02 4.960160111983527575e-01 1.865801482743278117e-01
4.294009452286619011e-01 4.283128118195118628e-01 0.000000000000000000e+00 4.354813666551604623e-01 3.517985053293688491e-01 7.593159843661315689e-01 6.026230455898701210e-01 3.586169876143948110e-01 5.856718918592745959e-01 2.064381622226355573e-01 3.269534174293908246e-01 4.158321645044300574e-01 3.657156391150109820e-01 5.907694624667113592e-01 3.603436786834870453e-01 3.425250142418913568e-01 4.535634690884219888e-01 3.093522332824549248e-01 4.350610433666328158e-01 3.996181602371539077e-01 2.170466750470982364e-01 1.115314730131645865e-01 4.540829681642140070e-01 3.686216928709976082e-01 3.188453219392679006e-01 2.490680435480718269e-01 3.559196735699368674e-01 6.547645636138492709e-01 3.591668089561927957e-01 3.212851380558374159e-01 4.382055740599282156e-01 4.214491224288205995e-01 2.922022227752755219e-01 5.269039195612467141e-01 5.105157387320528040e-01 5.149591927597464425e-01 3.806775949203841658e-01 2.570462783808299401e-01 4.090422001354533932e-01 4.086068297882695655e-01 2.819398571220695371e-01 3.933029879068112855e-01 3.718634152007286309e-01 3.470843428896042138e-01 4.361005037504747661e-01 3.499838913503449667e-01 3.942653257629924468e-01 3.817875175371568397e-01 4.304134189659689080e-01 3.131911469953878591e-01
4.154433525537025718e-01 4.236232201172696055e-01 4.354813666551604623e-01 0.000000000000000000e+00 3.943255630794830768e-01 7.467400890299790150e-01 6.066104006238852708e-01 2.340577207183645592e-01 5.705248069534792910e-01 3.186362982722131254e-01 3.558177749640856757e-01 3.728268366724556415e-01 3.377549016221927380e-01 5.781935671305586943e-01 3.711913240897567468e-01 3.044577490718545221e-01 4.670938953600100585e-01 1.347659697171969539e-01 4.711216438905816428e-01 3.283572150220053776e-01 2.933404787039436412e-01 3.400039209584674871e-01 4.306317870718868734e-01 3.139030138158156458e-01 3.397296595308688105e-01 2.233843558488974868e-01 3.919899272329927520e-01 6.421886682776968280e-01 3.651297931883910053e-01 2.754154217916701120e-01 3.992082974734784684e-01 4.503696328650295677e-01 3.897357151795253771e-01 5.248238630501349533e-01 5.001694417559320316e-01 4.998121078539511375e-01 3.827845173903682285e-01 2.542195845906792262e-01 4.253194134522987890e-01 3.183038682794483987e-01 3.191399337544079673e-01 3.513926513381764316e-01 3.543476251704174018e-01 3.842763636650698422e-01 3.873818289037445073e-01 8.789009531093414096e-02 4.093916603447759206e-01 3.799393385845067916e-01 4.350187364406397084e-01 2.372571314097320361e-01
3.404838510512384619e-01 3.393020890648064114e-01 3.517985053293688491e-01 3.943255630794830768e-01 0.000000000000000000e+00 5.858860303030402061e-01 4.990242201346456463e-01 2.405979203050470083e-01 5.126112752872579170e-01 2.091691080845754502e-01 1.986195449173306926e-01 1.914808364884951208e-01 3.290350657579470539e-01 4.068613845090934267e-01 1.874028702743826547e-01 2.767692729426216025e-01 3.585482014023639308e-01 2.675337007424149482e-01 2.303087797440493134e-01 1.250172205259501290e-01 1.456959252443596198e-01 2.506421767861761185e-01 3.849676098360588217e-01 2.935314769869568075e-01 2.378882171167838455e-01 2.488457905833912076e-01 1.141781236574376385e-01 4.892469289209819272e-01 2.744358564105372489e-01 2.007612733536039973e-01 2.962910557168292325e-01 2.677254521227057094e-01 1.223637106288121001e-01 4.079647097222246499e-01 3.215430498546800742e-01 4.418985761877296525e-01 3.191888874329114056e-01 1.877213727951592692e-01 1.006468332949982392e-01 1.745067269383482056e-01 9.662748081815111800e-02 3.690124513129351413e-01 2.988027986287117854e-01 9.409252662474625051e-02 3.752069576433386677e-01 3.212257301969390078e-01 3.158260581798609801e-01 2.652797785238446560e-01 1.757343538801300065e-01 3.069938985114067376e-01
3.325073089156952988e-01 8.491105801350379290e-01 7.593159843661315689e-01 7.467400890299790150e-01 5.858860303030402061e-01 0.000000000000000000e+00 5.666082237835001756e-01 6.271865332901908063e-01 5.228156392976445188e-01 6.595591976556078873e-01 4.609091199975196007e-01 4.581097050077020949e-01 7.538643121642032430e-01 1.805550912043058231e-01 7.605727768801270328e-01 4.787960773766274936e-01 4.467824536304934036e-01 6.199482266929108309e-01 3.663982691580365825e-01 6.011337568465897618e-01 5.890756024660874779e-01 6.627238183950440176e-01 4.181697638988636778e-01 7.448481546633920480e-01 7.429391548204133944e-01 6.211240424019239814e-01 4.782445689449714710e-01 1.060403952636981700e-01 4.274475184359358138e-01 5.259312894899781377e-01 3.706456575376740337e-01 3.807804104415261626e-01 6.681554033182204311e-01 4.757230402729675234e-01 2.643429804483600765e-01 4.305205738449776054e-01 7.895981317160248869e-01 5.028328625364514304e-01 5.167873068401001024e-01 6.767701189829370412e-01 5.434441913033561944e-01 7.779559466387859779e-01 4.166325144312864048e-01 6.764246971737181147e-01 8.173750142693551046e-01 6.747949957402260557e-01 8.146505006286355322e-01 8.102089329499975179e-01 4.332566737998484463e-01 6.678394952395839690e-01
2.673731869223696656e-01 6.939505918762201020e-01 6.026230455898701210e-01 6.066104006238852708e-01 4.990242201346456463e-01 5.666082237835001756e-01 0.000000000000000000e+00 5.091162531947572845e-01 4.635953351583314563e-01 5.042330637337810728e-01 3.146960187066770165e-01 4.623782616018614622e-01 6.061300934341360414e-01 3.884486653752816099e-01 6.151996779803772242e-01 3.633592279431825944e-01 1.562909595721569400e-01 4.798185382868173643e-01 3.225258121431875402e-01 5.375695822863070239e-01 4.282471698338212174e-01 5.060308796187825697e-01 3.547817591125739800e-01 6.029528994772075379e-01 5.877791665615955674e-01 4.720221512860603430e-01 3.848460964772079662e-01 4.729795239476319857e-01 2.434562366336772143e-01 4.378085795236379973e-01 3.645153496835782381e-01 2.312987680119399925e-01 5.211071757801135629e-01 9.534711095085551813e-02 3.104245400006550026e-01 3.772326754654071190e-01 6.363479185977772845e-01 3.572294385921004900e-01 4.690500191477524061e-01 5.676351006477181604e-01 4.181691846399974710e-01 6.331869080421687057e-01 3.158588400869713486e-01 5.612210375404674823e-01 6.754797590831707055e-01 5.346653073341325335e-01 6.594905123698179272e-01 6.574082248890663616e-01 4.009724660882501013e-01 5.277098068334904468e-01
3.158786320122065616e-01 2.499686636725772237e-01 3.586169876143948110e-01 2.340577207183645592e-01 2.405979203050470083e-01 6.271865332901908063e-01 5.091162531947572845e-01 0.000000000000000000e+00 4.639564310517974577e-01 2.064188321106351642e-01 2.640271065240484827e-01 2.035242568089196680e-01 1.821378408902100954e-01 4.604421597255832221e-01 1.651460865232735609e-01 1.852204791578318521e-01 3.753032269199728099e-01 1.402474272604333216e-01 3.312180806383046017e-01 1.251767682586209518e-01 2.045095009066272840e-01 2.631395419177018913e-01 3.148622688118742907e-01 1.401632136790261218e-01 1.920175784587553058e-01 1.335224667035007362e-01 3.013434134535208364e-01 5.265875318330024424e-01 2.733391247483537567e-01 1.018038648899080717e-01 2.627485266101757255e-01 3.585789644249923747e-01 2.120963684634587232e-01 4.273297156210068004e-01 3.849574388371062028e-01 3.990401821890333656e-01 2.350724363182547794e-01 1.624289161506419776e-01 2.403239334687339579e-01 9.155727688133460940e-02 2.303089559570915268e-01 1.820170237016599524e-01 2.515760296787404870e-01 1.648295947399891770e-01 2.137272724590520978e-01 1.513560624072999017e-01 2.616795792726623882e-01 1.987489279200451708e-01 2.726395760532930868e-01 7.983804271330952051e-02
2.086571922723209349e-01 6.752126625013673555e-01 5.856718918592745959e-01 5.705248069534792910e-01 5.126112752872579170e-01 5.228156392976445188e-01 4.635953351583314563e-01 4.639564310517974577e-01 0.000000000000000000e+00 4.859151051487511919e-01 3.602928371001353214e-01 3.716116595882630880e-01 5.778263174338662544e-01 3.560712657330369346e-01 6.043319911610052220e-01 2.787359518939655501e-01 3.481037044100123157e-01 4.437329446164114954e-01 3.097425344246457768e-01 4.833858012501590085e-01 4.154315099592307825e-01 4.890797258881873222e-01 1.490941622399230837e-01 5.686328725868923240e-01 5.692950623135563104e-01 4.470911745499847600e-01 4.311731230698633843e-01 4.210581998498059697e-01 2.799089273649180698e-01 3.822464578623177567e-01 2.600365353567302695e-01 3.021758554991888501e-01 5.106712418934756803e-01 3.755241216935775728e-01 2.849392821529577735e-01 9.250467328591389926e-02 6.155652638640857210e-01 3.290759191891858282e-01 4.440102004357072141e-01 5.205293332638154524e-01 4.209691023354072414e-01 6.019179519084489893e-01 2.185920504389263774e-01 5.507851036538294887e-01 6.411597321928554916e-01 4.985797136637267202e-01 6.410064081217787813e-01 6.353441386406540881e-01 3.632992165711659838e-01 4.916242131630846335e-01
3.296441585181381639e-01 2.266250641875363070e-01 2.064381622226355573e-01 3.186362982722131254e-01 2.091691080845754502e-01 6.595591976556078873e-01 5.042330637337810728e-01 2.064188321106351642e-01 4.859151051487511919e-01 0.000000000000000000e+00 2.329831851019627253e-01 3.092143352016500368e-01 1.689888561886590812e-01 4.910126757561875110e-01 1.689183490016558653e-01 2.388009159753424759e-01 3.551734872323329406e-01 1.925071648995076434e-01 3.410908110392047998e-01 2.699973718216401863e-01 1.244859596604498964e-01 1.147804051361677874e-01 3.517227442161231510e-01 1.765773805504084748e-01 1.171575743072922615e-01 1.122182074464588980e-01 2.539077239668238728e-01 5.550077769033258113e-01 2.607768271001038030e-01 2.118029203208645350e-01 3.335514643769664223e-01 3.274788901013924169e-01 1.079080467643760699e-01 4.285139377051577769e-01 4.129885503815609593e-01 4.152024060492227608e-01 1.759713284606652939e-01 1.572418721056012270e-01 2.887738325284774366e-01 2.269006782524692623e-01 1.733579649909144371e-01 2.002434677164028343e-01 2.719087229133559935e-01 1.879651955352550918e-01 2.431218359500988968e-01 2.331388229673976298e-01 1.925775781310167245e-01 1.805627254587011676e-01 3.364431866385408920e-01 1.270237751222219325e-01
1.924091619354761917e-01 4.311306970011328232e-01 3.269534174293908246e-01 3.558177749640856757e-01 1.986195449173306926e-01 4.609091199975196007e-01 3.146960187066770165e-01 2.640271065240484827e-01 3.602928371001353214e-01 2.329831851019627253e-01 0.000000000000000000e+00 2.235261586914327747e-01 3.482512361241960619e-01 2.803540287932138608e-01 3.209769498400727450e-01 1.691392685131827278e-01 1.607334654507076577e-01 2.290259126270176304e-01 1.346235071387266446e-01 2.934510471539324983e-01 1.454141656954473782e-01 2.303612514583032178e-01 2.422121543820278111e-01 3.473216512585134974e-01 3.217468391334196709e-01 2.141432939761201970e-01 1.065006254673713793e-01 3.662699998664827317e-01 1.038550482750830312e-01 2.035338267909703180e-01 2.458777254875323948e-01 9.835936343010796834e-02 2.268844476398091670e-01 2.304398227701794366e-01 1.985661208001809619e-01 2.862698753490151016e-01 3.751358920893052562e-01 1.015981903734065189e-01 1.891966517984044749e-01 3.225459539770094142e-01 1.072892111524551273e-01 3.753080507322285597e-01 1.551357339058984930e-01 2.600834452404384711e-01 4.181055665758921513e-01 2.838726816743328829e-01 3.966706174947306485e-01 3.725409173330093693e-01 1.574336449956235950e-01 2.734411934986972770e-01
2.018131201588871937e-01 4.309253798233605992e-01 4.158321645044300574e-01 3.728268366724556415e-01 1.914808364884951208e-01 4.581097050077020949e-01 4.623782616018614622e-01 2.035242568089196680e-01 3.716116595882630880e-01 3.092143352016500368e-01 2.235261586914327747e-01 0.000000000000000000e+00 3.775794180586513615e-01 2.913653314430944552e-01 3.055330913820576977e-01 1.558508328421525646e-01 3.396927601761713933e-01 2.397498935897965089e-01 1.398524494586739775e-01 1.450251411641906574e-01 2.524829716585790251e-01 3.192399985333425061e-01 2.445570146439856596e-01 3.210268375634414695e-01 3.797144966984333792e-01 2.555489216177632694e-01 1.199578708799848570e-01 3.575107035505137310e-01 2.603591034371391388e-01 1.072045843954371191e-01 1.138751511256991394e-01 2.477269596966790721e-01 3.023474581473321043e-01 3.713187511894404658e-01 2.158806105546173526e-01 2.817540979379672961e-01 4.227693545579327972e-01 1.664391711439872912e-01 9.089409845303167423e-02 2.288673128076511021e-01 2.076543001506410135e-01 3.751633473648151029e-01 2.312006855701117525e-01 2.237415908670958298e-01 3.980623204234828849e-01 3.008817433827027377e-01 4.493764975123404892e-01 3.730648982267862901e-01 8.080987506077677573e-02 2.833622995222292440e-01
4.227448630340896463e-01 1.662002707829426940e-01 3.657156391150109820e-01 3.377549016221927380e-01 3.290350657579470539e-01 7.538643121642032430e-01 6.061300934341360414e-01 1.821378408902100954e-01 5.778263174338662544e-01 1.689888561886590812e-01 3.482512361241960619e-01 3.775794180586513615e-01 0.000000000000000000e+00 5.853177902647830333e-01 2.084647873998979883e-01 3.141517648978704447e-01 4.617749656113663836e-01 2.295682747051460137e-01 4.600781361983833917e-01 2.762076538785652180e-01 2.657408459955872826e-01 2.758579425141693409e-01 4.403258028979028516e-01 1.100750325765928461e-01 1.114520723145896175e-01 1.341079421480758649e-01 3.809367664016874988e-01 6.493128914119210560e-01 3.626738568004587715e-01 2.800678815945339961e-01 4.089023132994945020e-01 4.428030940251400094e-01 2.123041417570558087e-01 5.304109674055128565e-01 5.072936648901565926e-01 5.071136183343383230e-01 1.036705139992385311e-01 2.535181532497836066e-01 4.143790947184655682e-01 2.133716567764667726e-01 3.077681034063919352e-01 8.769975168468792381e-02 3.616491356508043653e-01 2.892988873679386286e-01 1.543922169542207012e-01 2.503277082981542057e-01 1.615528169193441443e-01 1.915325429009407665e-01 4.447127522666554644e-01 1.022997981769005749e-01
1.657629353510877146e-01 6.805640582356174972e-01 5.907694624667113592e-01 5.781935671305586943e-01 4.068613845090934267e-01 1.805550912043058231e-01 3.884486653752816099e-01 4.604421597255832221e-01 3.560712657330369346e-01 4.910126757561875110e-01 2.803540287932138608e-01 2.913653314430944552e-01 5.853177902647830333e-01 0.000000000000000000e+00 5.816928143141779639e-01 3.120517038120198539e-01 2.686228952222750599e-01 4.514017047934903992e-01 1.882549134024625037e-01 4.343893832819820111e-01 4.095942568065605305e-01 4.941772964956236414e-01 2.514253903342559826e-01 5.763016327639716163e-01 5.743926329209929627e-01 4.525775205025037717e-01 2.982746396401340094e-01 1.065330706219127510e-01 2.492879600277172758e-01 3.591869159253705535e-01 2.039012839730664217e-01 2.026208520333076801e-01 4.876003121139144691e-01 2.975634818647491242e-01 9.622668058008425340e-02 2.637762002803700767e-01 6.210516098166048993e-01 3.342863406370309987e-01 3.482221038122387258e-01 5.100257454183295680e-01 3.628891000990503435e-01 6.094094247393658792e-01 2.498881408666788484e-01 4.974000513797713352e-01 6.488284923699346729e-01 5.062484738408057350e-01 6.461039787292151004e-01 6.332676226589216695e-01 2.635679262574501247e-01 4.992929733401637038e-01
4.484927974631263137e-01 1.604277484690976863e-01 3.603436786834870453e-01 3.711913240897567468e-01 1.874028702743826547e-01 7.605727768801270328e-01 6.151996779803772242e-01 1.651460865232735609e-01 6.043319911610052220e-01 1.689183490016558653e-01 3.209769498400727450e-01 3.055330913820576977e-01 2.084647873998979883e-01 5.816928143141779639e-01 0.000000000000000000e+00 3.255960392670398940e-01 4.599100512089293602e-01 2.719520714348188095e-01 4.150117045882628641e-01 1.677844094387393181e-01 1.945401308986264843e-01 2.635851525514795735e-01 4.552378289210823326e-01 1.153896588086818636e-01 1.096229734565988545e-01 1.994202991600027008e-01 2.934619567915069949e-01 6.599737754229387798e-01 3.717434413466998988e-01 2.378646940288437761e-01 3.963240495099384364e-01 4.108491308697197475e-01 9.672241193650206459e-02 5.394805519517538173e-01 4.993858883646080660e-01 5.340510449942110771e-01 1.991415853069234410e-01 2.786591386960065031e-01 2.638290727461469753e-01 8.906710676842566343e-02 2.221981890331466980e-01 1.970593492226213050e-01 3.909552674351932100e-01 1.012719545712585933e-01 1.926441463045780178e-01 2.837641307657182699e-01 1.742074857219590989e-01 8.110871195935466516e-02 3.492128435339177384e-01 1.452958070240155941e-01
1.551277359506996467e-01 4.113340655247557653e-01 3.425250142418913568e-01 3.044577490718545221e-01 2.767692729426216025e-01 4.787960773766274936e-01 3.633592279431825944e-01 1.852204791578318521e-01 2.787359518939655501e-01 2.388009159753424759e-01 1.691392685131827278e-01 1.558508328421525646e-01 3.141517648978704447e-01 3.120517038120198539e-01 3.255960392670398940e-01 0.000000000000000000e+00 2.391750854345849886e-01 1.773760998811834133e-01 2.060691228781089401e-01 2.101395044204533435e-01 1.777564836874568899e-01 2.459328482708038888e-01 1.296417896540424386e-01 3.025658147052674996e-01 3.113454090978322042e-01 1.871798340171621777e-01 2.318145904115279654e-01 3.781970759194391851e-01 1.283303868144060333e-01 1.056353223526415586e-01 1.106873013133952283e-01 2.231556395958299854e-01 2.736145366432052861e-01 2.815726903694319994e-01 2.365669829235427790e-01 2.200409106634841627e-01 3.544002669573316777e-01 8.904790014746233329e-02 2.403402289391541602e-01 2.417933813698500689e-01 1.907417880366587548e-01 3.366163221869125644e-01 8.823795437577211520e-02 2.796747184321640711e-01 3.750926743112307227e-01 2.325126557821017015e-01 3.810074099117393698e-01 3.692770807590293747e-01 1.989398519680276867e-01 2.255571552814595870e-01
1.513821083334362383e-01 5.484848295298696552e-01 4.535634690884219888e-01 4.670938953600100585e-01 3.585482014023639308e-01 4.467824536304934036e-01 1.562909595721569400e-01 3.753032269199728099e-01 3.481037044100123157e-01 3.551734872323329406e-01 1.607334654507076577e-01 3.396927601761713933e-01 4.617749656113663836e-01 2.686228952222750599e-01 4.599100512089293602e-01 2.391750854345849886e-01 0.000000000000000000e+00 3.403020330229419854e-01 1.998403107174975268e-01 4.047271675498568255e-01 2.761851941651632947e-01 3.569713031173345485e-01 2.391796915733699902e-01 4.585977716544378802e-01 4.423134042152450096e-01 3.276670234632905188e-01 2.551481294303005742e-01 3.531651393876658052e-01 1.135571568868046499e-01 3.126847802491250494e-01 2.485242710946449218e-01 1.054243229129553511e-01 3.658175490086658099e-01 9.568181535365191670e-02 1.905987698476484526e-01 2.617410447170878673e-01 4.908821562514266712e-01 2.128743107693308323e-01 3.393520521008450697e-01 4.338220743729337969e-01 2.619207205842127295e-01 4.888317802193990480e-01 1.916746975783737705e-01 4.059314107690197293e-01 5.311246312604013253e-01 3.951488020702572657e-01 5.140247500234674805e-01 5.114740187018661510e-01 2.782869646625601434e-01 3.847173138946215487e-01
2.886514902166344432e-01 3.231863073446569201e-01 3.093522332824549248e-01 1.347659697171969539e-01 2.675337007424149482e-01 6.199482266929108309e-01 4.798185382868173643e-01 1.402474272604333216e-01 4.437329446164114954e-01 1.925071648995076434e-01 2.290259126270176304e-01 2.397498935897965089e-01 2.295682747051460137e-01 4.514017047934903992e-01 2.719520714348188095e-01 1.773760998811834133e-01 3.403020330229419854e-01 0.000000000000000000e+00 3.443297815535134587e-01 1.935912453048083681e-01 1.665486163668755404e-01 2.138747875857620329e-01 3.035766438781367094e-01 2.142897597792078335e-01 2.276721646513888697e-01 1.090509019049578365e-01 2.651980648959245124e-01 5.153968059406286439e-01 2.383379308513229322e-01 1.418359173442014232e-01 2.699110909454360274e-01 3.235777705279614946e-01 2.629438528424571930e-01 3.980320007130668247e-01 3.733775794188639585e-01 3.730202455168831754e-01 2.707270225108883155e-01 1.274277222536111531e-01 2.922424703696396286e-01 2.150317372132486970e-01 1.923480714173397832e-01 2.499649995129498703e-01 2.275557628333492732e-01 2.582963295488153732e-01 2.869449161311317664e-01 8.103140116033977214e-02 2.973341654652960631e-01 2.803260845478990348e-01 3.019417933579805480e-01 1.366061590703291639e-01
1.317720538077276904e-01 5.280379926463839579e-01 4.350610433666328158e-01 4.711216438905816428e-01 2.303087797440493134e-01 3.663982691580365825e-01 3.225258121431875402e-01 3.312180806383046017e-01 3.097425344246457768e-01 3.410908110392047998e-01 1.346235071387266446e-01 1.398524494586739775e-01 4.600781361983833917e-01 1.882549134024625037e-01 4.150117045882628641e-01 2.060691228781089401e-01 1.998403107174975268e-01 3.443297815535134587e-01 0.000000000000000000e+00 2.837950019503015509e-01 2.523516534481077822e-01 3.384688773955453200e-01 2.043815769848245090e-01 4.523784940226628914e-01 4.180344716111417114e-01 3.259701940503075268e-01 1.259010207789746649e-01 2.697591677759783590e-01 1.983308948505152769e-01 2.299628368380919330e-01 1.150445671832322214e-01 1.078745102380050946e-01 3.209192023879993694e-01 2.314663017307665716e-01 1.020552887096765615e-01 2.198849727743500126e-01 4.856365845353906030e-01 2.204059539347765218e-01 1.608273889384294331e-01 3.657189019831841859e-01 2.011776002133801866e-01 4.871349508064160005e-01 2.137998536406686134e-01 3.159334469273213375e-01 5.294139768827044179e-01 3.980314641471446313e-01 4.976958502893827907e-01 4.685011926836439300e-01 7.844665394506267209e-02 3.862140915772602767e-01
3.400366773583290425e-01 3.096364714453418987e-01 3.996181602371539077e-01 3.283572150220053776e-01 1.250172205259501290e-01 6.011337568465897618e-01 5.375695822863070239e-01 1.251767682586209518e-01 4.833858012501590085e-01 2.699973718216401863e-01 2.934510471539324983e-01 1.450251411641906574e-01 2.762076538785652180e-01 4.343893832819820111e-01 1.677844094387393181e-01 2.101395044204533435e-01 4.047271675498568255e-01 1.935912453048083681e-01 2.837950019503015509e-01 0.000000000000000000e+00 2.193582530158425803e-01 3.030259942660663564e-01 3.342916390102359525e-01 2.014699716336680879e-01 2.715389603251824324e-01 2.295842722031232186e-01 2.334293122293138456e-01 5.005347553894012869e-01 3.022996087701244061e-01 1.075547055515428257e-01 2.467280369191952039e-01 3.822734862144553936e-01 1.650921310421518129e-01 4.557830447125566509e-01 3.589046623935049918e-01 4.154556939736410159e-01 3.380139175827512887e-01 1.918528567805260210e-01 1.445222350786430354e-01 8.771356647517025706e-02 2.105913820702362549e-01 2.700601582010625501e-01 2.779998270477973543e-01 8.648626376191549670e-02 2.838943262770341480e-01 2.476081824817865096e-01 3.401944810881861181e-01 2.416219347351772628e-01 2.168878908177565568e-01 1.964452044818583154e-01
2.591605633286177546e-01 3.051491706307550844e-01 2.170466750470982364e-01 2.933404787039436412e-01 1.456959252443596198e-01 5.890756024660874779e-01 4.282471698338212174e-01 2.045095009066272840e-01 4.154315099592307825e-01 1.244859596604498964e-01 1.454141656954473782e-01 2.524829716585790251e-01 2.657408459955872826e-01 4.095942568065605305e-01 1.945401308986264843e-01 1.777564836874568899e-01 2.761851941651632947e-01 1.665486163668755404e-01 2.523516534481077822e-01 2.193582530158425803e-01 0.000000000000000000e+00 1.170551104033611400e-01 2.877878445080315761e-01 2.668097444140622998e-01 1.951456495955127546e-01 1.374488687746374949e-01 1.732102836514118616e-01 4.845241817138053464e-01 1.847909332001438087e-01 1.579359452099864114e-01 2.735903721205221739e-01 2.387397325102955381e-01 1.004476286983628786e-01 3.525280438051978105e-01 3.278063488135276593e-01 3.447188108597024070e-01 2.701282169503570474e-01 8.913263593482617653e-02 2.249005719466252440e-01 2.168522357113569499e-01 9.779822893324141564e-02 2.930749713082504426e-01 2.016230333006845399e-01 1.409817628045949844e-01 3.358724871519140343e-01 2.202406458213995999e-01 2.730505557936015459e-01 2.461040983915631919e-01 2.477040290474439299e-01 2.013909373066728459e-01
3.328087792575743498e-01 3.361944541919452689e-01 1.115314730131645865e-01 3.400039209584674871e-01 2.506421767861761185e-01 6.627238183950440176e-01 5.060308796187825697e-01 2.631395419177018913e-01 4.890797258881873222e-01 1.147804051361677874e-01 2.303612514583032178e-01 3.192399985333425061e-01 2.758579425141693409e-01 4.941772964956236414e-01 2.635851525514795735e-01 2.459328482708038888e-01 3.569713031173345485e-01 2.138747875857620329e-01 3.384688773955453200e-01 3.030259942660663564e-01 1.170551104033611400e-01 0.000000000000000000e+00 3.574908021931265667e-01 2.777041210835681229e-01 2.267269643117012512e-01 1.573097663232023991e-01 2.593275075988493161e-01 5.581723976427617195e-01 2.625746429851052999e-01 2.246929720847497813e-01 3.416134080888406643e-01 3.248569564577330482e-01 1.885402885791009064e-01 4.303117535901594404e-01 4.139235727609652526e-01 4.183670267886589467e-01 2.890040011309143453e-01 1.604541124097423332e-01 3.124500341643658419e-01 3.049448955920949778e-01 1.853476911509819580e-01 3.031920678268324454e-01 2.752712492296410796e-01 2.459280143464114554e-01 3.459895836704960370e-01 2.545064456536519915e-01 3.021469681354257975e-01 2.893756955344556347e-01 3.338212529948813567e-01 2.222735752079583460e-01
1.102392160850264730e-01 5.375081035247881722e-01 4.540829681642140070e-01 4.306317870718868734e-01 3.849676098360588217e-01 4.181697638988636778e-01 3.547817591125739800e-01 3.148622688118742907e-01 1.490941622399230837e-01 3.517227442161231510e-01 2.422121543820278111e-01 2.445570146439856596e-01 4.403258028979028516e-01 2.514253903342559826e-01 4.552378289210823326e-01 1.296417896540424386e-01 2.391796915733699902e-01 3.035766438781367094e-01 2.043815769848245090e-01 3.342916390102359525e-01 2.877878445080315761e-01 3.574908021931265667e-01 0.000000000000000000e+00 4.287398527052998509e-01 4.343973129728374571e-01 3.104656935730452094e-01 3.293383470239396593e-01 3.164123244510250177e-01 1.624579253503415921e-01 2.331522956223945620e-01 1.332163813384798778e-01 1.980753599001207343e-01 3.830275764422765850e-01 2.675058610046976426e-01 1.802934067541768215e-01 9.311894493488698243e-02 4.789397828871465035e-01 2.006058540697849835e-01 3.289206990198456082e-01 3.714351710238924520e-01 2.972430685212127388e-01 4.627903601869449712e-01 8.997209451256339696e-02 4.093165080862064542e-01 5.012667123112630740e-01 3.586866937821340806e-01 5.055469258415542511e-01 4.954511187590616705e-01 2.577446230934099525e-01 3.517311932814919384e-01
4.135514181871155492e-01 1.114088229770159311e-01 3.686216928709976082e-01 3.139030138158156458e-01 2.935314769869568075e-01 7.448481546633920480e-01 6.029528994772075379e-01 1.401632136790261218e-01 5.686328725868923240e-01 1.765773805504084748e-01 3.473216512585134974e-01 3.210268375634414695e-01 1.100750325765928461e-01 5.763016327639716163e-01 1.153896588086818636e-01 3.025658147052674996e-01 4.585977716544378802e-01 2.142897597792078335e-01 4.523784940226628914e-01 2.014699716336680879e-01 2.668097444140622998e-01 2.777041210835681229e-01 4.287398527052998509e-01 0.000000000000000000e+00 1.449873479989411407e-01 1.342862950229794239e-01 3.809288220194096963e-01 6.402967339111097500e-01 3.594966628435302125e-01 2.320667745994598741e-01 3.916775211343070939e-01 4.418735091594573894e-01 2.101499387670887342e-01 5.229319286835479863e-01 4.982775073893450091e-01 4.979201734873642260e-01 1.687854507180491515e-01 2.481116619893131425e-01 3.366306378025774038e-01 1.308930358946709394e-01 3.077601590241140217e-01 8.577414040053668587e-02 3.524556908038303793e-01 2.001403780605047478e-01 8.283365466060549354e-02 2.264758204917771967e-01 1.814245193921543986e-01 8.835663410066699197e-02 3.937999894376513210e-01 7.768360070887869728e-02
4.130241156829435045e-01 1.100035210352423021e-01 3.188453219392679006e-01 3.397296595308688105e-01 2.378882171167838455e-01 7.429391548204133944e-01 5.877791665615955674e-01 1.920175784587553058e-01 5.692950623135563104e-01 1.171575743072922615e-01 3.217468391334196709e-01 3.797144966984333792e-01 1.114520723145896175e-01 5.743926329209929627e-01 1.096229734565988545e-01 3.113454090978322042e-01 4.423134042152450096e-01 2.276721646513888697e-01 4.180344716111417114e-01 2.715389603251824324e-01 1.951456495955127546e-01 2.267269643117012512e-01 4.343973129728374571e-01 1.449873479989411407e-01 0.000000000000000000e+00 1.247844297585417594e-01 2.991139931166560961e-01 6.383877340681312074e-01 3.443229299279182420e-01 2.823030818176478496e-01 4.060959574994562615e-01 4.116190201630666179e-01 1.156824312733480270e-01 5.120600405329722715e-01 4.963685075463662999e-01 4.985823632140281569e-01 9.242563548119085703e-02 2.406218292704065953e-01 3.339801016783096044e-01 1.964384969146783511e-01 2.229680783264934851e-01 1.620549996971980267e-01 3.552886800781613341e-01 1.917633352038062566e-01 1.818209142761876562e-01 2.539935260589971100e-01 8.067833252746479944e-02 8.013973937477383847e-02 3.860124901631104000e-01 1.121795357454458131e-01
2.911947027045566627e-01 2.281214879513829286e-01 2.490680435480718269e-01 2.233843558488974868e-01 2.488457905833912076e-01 6.211240424019239814e-01 4.720221512860603430e-01 1.335224667035007362e-01 4.470911745499847600e-01 1.122182074464588980e-01 2.141432939761201970e-01 2.555489216177632694e-01 1.341079421480758649e-01 4.525775205025037717e-01 1.994202991600027008e-01 1.871798340171621777e-01 3.276670234632905188e-01 1.090509019049578365e-01 3.259701940503075268e-01 2.295842722031232186e-01 1.374488687746374949e-01 1.573097663232023991e-01 3.104656935730452094e-01 1.342862950229794239e-01 1.247844297585417594e-01 0.000000000000000000e+00 2.468288242536116062e-01 5.165726216496419054e-01 2.285659146523829066e-01 1.581375067369777399e-01 2.819303824187861518e-01 3.086951518770641445e-01 2.000177968692552488e-01 3.963030252574370471e-01 3.745533951278772755e-01 3.763784754504563845e-01 1.684740893141012663e-01 1.194102111017077694e-01 3.007625042716998709e-01 2.112198304794362380e-01 1.736601612583160148e-01 1.613510540132897242e-01 2.315249561160278025e-01 2.718012598539721880e-01 2.041485698569533713e-01 1.376482223770257307e-01 1.950812322685088751e-01 1.963885410579119806e-01 3.177408213859472808e-01 7.784210643577003930e-02
2.263057273938008374e-01 4.091175141518983427e-01 3.559196735699368674e-01 3.919899272329927520e-01 1.141781236574376385e-01 4.782445689449714710e-01 3.848460964772079662e-01 3.013434134535208364e-01 4.311731230698633843e-01 2.539077239668238728e-01 1.065006254673713793e-01 1.199578708799848570e-01 3.809367664016874988e-01 2.982746396401340094e-01 2.934619567915069949e-01 2.318145904115279654e-01 2.551481294303005742e-01 2.651980648959245124e-01 1.259010207789746649e-01 2.334293122293138456e-01 1.732102836514118616e-01 2.593275075988493161e-01 3.293383470239396593e-01 3.809288220194096963e-01 2.991139931166560961e-01 2.468288242536116062e-01 0.000000000000000000e+00 3.816054675629132475e-01 2.062750476175985448e-01 2.271624552754219206e-01 2.175586504545500843e-01 1.535473284652680293e-01 1.999858053132137214e-01 2.937865860647870253e-01 2.139015884966113945e-01 3.388780576171965264e-01 3.765473386436833381e-01 1.427666902640655766e-01 8.890707715067083794e-02 2.886848505957858579e-01 8.769642927065614268e-02 4.079935810097200521e-01 2.438763163130152622e-01 2.047167905281156441e-01 4.507910968533835883e-01 3.188900943504485719e-01 3.794696774869277811e-01 3.484909407606784915e-01 8.689849704645434547e-02 3.070727217805643838e-01
2.307498694678567774e-01 7.445591593827557420e-01 6.547645636138492709e-01 6.421886682776968280e-01 4.892469289209819272e-01 1.060403952636981700e-01 4.729795239476319857e-01 5.265875318330024424e-01 4.210581998498059697e-01 5.550077769033258113e-01 3.662699998664827317e-01 3.575107035505137310e-01 6.493128914119210560e-01 1.065330706219127510e-01 6.599737754229387798e-01 3.781970759194391851e-01 3.531651393876658052e-01 5.153968059406286439e-01 2.697591677759783590e-01 5.005347553894012869e-01 4.845241817138053464e-01 5.581723976427617195e-01 3.164123244510250177e-01 6.402967339111097500e-01 6.383877340681312074e-01 5.165726216496419054e-01 3.816054675629132475e-01 0.000000000000000000e+00 3.250058590794683289e-01 4.253322880327897737e-01 2.700466560804856697e-01 2.871732864872676982e-01 5.729972652306464242e-01 3.820943404370995000e-01 1.677038790663018253e-01 3.287631343971391118e-01 6.850467109637429219e-01 3.982814417841692434e-01 4.161883053829117940e-01 5.761711175257487882e-01 4.488050711723193253e-01 6.734045258865037908e-01 3.148750749834478002e-01 5.776899552021114159e-01 7.128235935170728066e-01 5.702435749879438687e-01 7.100990798763533451e-01 7.070079999648714031e-01 3.326576723426601379e-01 5.632880744873015599e-01
1.111484629619214903e-01 4.504943552425429432e-01 3.591668089561927957e-01 3.651297931883910053e-01 2.744358564105372489e-01 4.274475184359358138e-01 2.434562366336772143e-01 2.733391247483537567e-01 2.799089273649180698e-01 2.607768271001038030e-01 1.038550482750830312e-01 2.603591034371391388e-01 3.626738568004587715e-01 2.492879600277172758e-01 3.717434413466998988e-01 1.283303868144060333e-01 1.135571568868046499e-01 2.383379308513229322e-01 1.983308948505152769e-01 3.022996087701244061e-01 1.847909332001438087e-01 2.625746429851052999e-01 1.624579253503415921e-01 3.594966628435302125e-01 3.443229299279182420e-01 2.285659146523829066e-01 2.062750476175985448e-01 3.250058590794683289e-01 0.000000000000000000e+00 2.027797383948614918e-01 2.102328760068385149e-01 1.167966757393970462e-01 2.776509391464362930e-01 1.677371106050540295e-01 1.712638346530906686e-01 2.055911336223431585e-01 3.928916819640999036e-01 1.137732019584232201e-01 2.875236608205197775e-01 3.318579722013146882e-01 1.797393825653984256e-01 3.897306714084913803e-01 8.854359286566448883e-02 3.177648009067902124e-01 4.320235224494934356e-01 2.931846998986381014e-01 4.160342757361407129e-01 4.139519882553890917e-01 2.603253889024854661e-01 2.856162050837138811e-01
2.423700795431179278e-01 3.418722245930109205e-01 3.212851380558374159e-01 2.754154217916701120e-01 2.007612733536039973e-01 5.259312894899781377e-01 4.378085795236379973e-01 1.018038648899080717e-01 3.822464578623177567e-01 2.118029203208645350e-01 2.035338267909703180e-01 1.072045843954371191e-01 2.800678815945339961e-01 3.591869159253705535e-01 2.378646940288437761e-01 1.056353223526415586e-01 3.126847802491250494e-01 1.418359173442014232e-01 2.299628368380919330e-01 1.075547055515428257e-01 1.579359452099864114e-01 2.246929720847497813e-01 2.331522956223945620e-01 2.320667745994598741e-01 2.823030818176478496e-01 1.581375067369777399e-01 2.271624552754219206e-01 4.253322880327897737e-01 2.027797383948614918e-01 0.000000000000000000e+00 1.616825621197895135e-01 2.976049911762854716e-01 2.543255400951226486e-01 3.560220419498874578e-01 2.837021950368934231e-01 3.179877749974352463e-01 3.253579396771472676e-01 1.019356364175638130e-01 1.546654145677904546e-01 1.540620361316539233e-01 1.774378812581446085e-01 2.796011464083491549e-01 1.780674772096518532e-01 1.885980607662100239e-01 3.056308333794858223e-01 2.034703285019172914e-01 3.519650826315549597e-01 2.875008500987142335e-01 1.713843322530802793e-01 1.816419076032175783e-01
1.009636385902181327e-01 5.015760633942262237e-01 4.382055740599282156e-01 3.992082974734784684e-01 2.962910557168292325e-01 3.706456575376740337e-01 3.645153496835782381e-01 2.627485266101757255e-01 2.600365353567302695e-01 3.335514643769664223e-01 2.458777254875323948e-01 1.138751511256991394e-01 4.089023132994945020e-01 2.039012839730664217e-01 3.963240495099384364e-01 1.106873013133952283e-01 2.485242710946449218e-01 2.699110909454360274e-01 1.150445671832322214e-01 2.467280369191952039e-01 2.735903721205221739e-01 3.416134080888406643e-01 1.332163813384798778e-01 3.916775211343070939e-01 4.060959574994562615e-01 2.819303824187861518e-01 2.175586504545500843e-01 2.700466560804856697e-01 2.102328760068385149e-01 1.616825621197895135e-01 0.000000000000000000e+00 1.880885668957256174e-01 3.694484250762705702e-01 2.736301661730457524e-01 1.284165630845893469e-01 1.722086873419804154e-01 4.491508153589556795e-01 1.848817885805276173e-01 1.957043176813657304e-01 3.125213916127486113e-01 2.865756764697239833e-01 4.313668705885365107e-01 1.465898139954989188e-01 3.296387083590398004e-01 4.659834285563595468e-01 3.272632041837256756e-01 4.757579583133633716e-01 4.459602055798089215e-01 1.309500809306810010e-01 3.203077036830834223e-01
9.869075839652753646e-02 5.216225411983088645e-01 4.214491224288205995e-01 4.503696328650295677e-01 2.677254521227057094e-01 3.807804104415261626e-01 2.312987680119399925e-01 3.585789644249923747e-01 3.021758554991888501e-01 3.274788901013924169e-01 9.835936343010796834e-02 2.477269596966790721e-01 4.428030940251400094e-01 2.026208520333076801e-01 4.108491308697197475e-01 2.231556395958299854e-01 1.054243229129553511e-01 3.235777705279614946e-01 1.078745102380050946e-01 3.822734862144553936e-01 2.387397325102955381e-01 3.248569564577330482e-01 1.980753599001207343e-01 4.418735091594573894e-01 4.116190201630666179e-01 3.086951518770641445e-01 1.535473284652680293e-01 2.871732864872676982e-01 1.167966757393970462e-01 2.976049911762854716e-01 1.880885668957256174e-01 0.000000000000000000e+00 3.167566286694560862e-01 1.402392575995189961e-01 1.238199893269382873e-01 2.151334661760511691e-01 4.696877499902491482e-01 1.961500482743503970e-01 2.377512511358123859e-01 4.170978118779533061e-01 1.951668574828382130e-01 4.698599086331724517e-01 1.635156068487516323e-01 3.441482682317539843e-01 5.126574244768361543e-01 3.784245395752767749e-01 4.895239263611556035e-01 4.624130983626564273e-01 1.739732342178503532e-01 3.679930513996410579e-01
