0.000000000000000000e+00 1.043982376272592605e+00 9.015244598605119952e-01 9.917692932229739133e-01 6.994812895495239324e-01 6.406671817869130647e-01 5.323065154273255439e-01 4.643086946953767224e-01 4.971960631755465432e-01 3.666662642254582827e-01 6.466573906793453563e-01 4.086655114282111700e-01 6.940291900923396540e-01 2.875999056375621588e-01 7.929594926268208610e-01 4.479196003235710322e-01 2.430070422222339044e-01 9.554869722533738674e-01 2.324848276933902946e-01 6.516009805399424204e-01 2.256178786251525903e-01 4.395847747496530178e-01 3.895879063714705604e-01 4.783248749552839740e-01 7.703181900676316918e-01 1.908362798773446944e-01 7.357929775176870191e-01 8.390788798471021659e-01 5.348156762810754028e-01 6.285400339191251629e-01 5.136723335307080696e-01 2.379442416152890982e-01 3.132814651419589258e-01 6.318137699541638286e-01 3.398060259494778412e-01 5.665370877512235781e-01 7.776142757819088924e-01 8.991028374375129584e-01 1.756618857150852864e-01 6.437633355664560408e-01 3.877332219517668488e-01 1.453902074707014436e-01 1.539338953216582428e-01 3.076523931433902126e-01 9.739323309832149667e-01 3.532154146484725588e-01 3.840683696504890721e-01 6.972064568241111981e-01 3.918934368263807810e-01 5.114674119785811435e-01 1.269558462638503693e-01 6.059383249005036998e-01 8.622048551882791623e-01 4.522376172353606560e-01 6.016440348041106612e-01 2.983612059540508010e-01 7.264903108035659640e-01 8.462261148512988385e-01 1.198231614768034969e-01 5.253614946982280154e-01 3.958677726112299067e-01 3.545409393806385201e-01 7.148348297246381877e-01 3.514093988762667653e-01 7.023329564433875571e-01 3.338595669762912665e-01 7.354125786268538301e-01 1.190930225905740547e-01 1.131225297768096577e-01 4.206015136992433678e-01 6.198210661834089308e-01 8.824550700641200507e-01 7.519232957879365964e-01 2.802208247994670831e-01 6.929434336883041334e-01 3.202004286145466172e-01 3.261208812863483075e-01 2.350935726547334903e-01 6.077559079483092486e-01 5.411117424787369456e-01 5.643050958377786586e-01 9.555851714488414195e-02 6.032640633449037892e-01 9.420067270277467097e-02 3.717000418855936350e-01 2.754531527318256345e-01 7.373749880387315825e-01 2.075024457759433727e-01 3.809147356925921546e-01 2.357732019250506073e-01 9.194402647446777710e-01 4.703516531640066778e-01 8.075332102887009533e-01 8.585949907950385374e-01 9.764176179248876819e-01 4.805856465374688247e-01 6.233602950373499096e-01 2.115220129716436914e-01 6.576445255234979470e-01 6.875850794501637830e-01
1.043982376272592605e+00 0.000000000000000000e+00 9.040165841358497323e-01 8.331276598410453094e-01 1.183732780447175559e+00 1.233411017295561685e+00 5.345988719553897983e-01 1.470567886538847846e+00 7.402156991659031293e-01 8.575734598058297742e-01 5.651766357709281374e-01 8.880993273018283896e-01 5.818005606566721832e-01 7.604274091947077485e-01 2.831076664372634277e-01 6.595756831378445373e-01 1.264664244120649483e+00 8.677966672363724987e-01 8.951009489040896439e-01 7.806382049537066159e-01 8.818774048362629792e-01 1.054531051453018176e+00 7.047099920132807727e-01 5.962181387251633824e-01 6.887824265414430602e-01 9.662642918401582737e-01 4.979760385604347639e-01 6.969716511848852436e-01 1.024911809257085027e+00 4.306495497181169196e-01 7.130083027465218271e-01 8.629532125948511379e-01 1.322506871865712030e+00 4.869331798051146909e-01 7.853309427847874336e-01 6.227438503605644549e-01 7.944863632409980836e-01 1.504226192039257448e-01 8.683204905575070409e-01 6.260771857942897256e-01 6.691981872121615105e-01 1.152672492117382763e+00 9.056266761971720758e-01 9.600326282445406090e-01 8.894950159517840405e-01 7.904507223947873085e-01 7.296423035006944779e-01 3.511299575296121245e-01 7.135714572555931223e-01 5.738345840363876516e-01 9.822719549085090485e-01 7.324188220013527761e-01 7.979603708965514741e-01 6.687705445503351331e-01 5.268061239103325466e-01 8.380229992889642876e-01 8.064687957935788853e-01 7.995597895473527394e-01 9.830461874041502846e-01 1.119000927320928485e+00 6.595889947205972881e-01 1.374879874178837946e+00 6.712301430327536345e-01 8.119955025048901653e-01 4.570895968078910188e-01 7.736357164851241919e-01 5.813192101471287287e-01 9.670646362954499198e-01 1.135569579961720255e+00 9.456074515156021043e-01 6.956599483624400504e-01 8.682371946424506381e-01 5.965880114683664859e-01 7.672857741999626890e-01 4.839678024723602645e-01 8.873531303954532712e-01 7.834752417740176167e-01 8.834740866188310893e-01 1.093978863982790983e+00 5.071090882682725010e-01 5.385642530431751229e-01 1.036537311377365711e+00 6.678118391421566935e-01 9.553660564462300719e-01 9.625543152790938528e-01 9.119263867355940079e-01 4.112357149395161615e-01 9.076712205470733874e-01 1.392862376006078096e+00 1.246660921917037479e+00 7.639710163301774992e-01 7.729307035373745860e-01 8.583689081820170541e-01 7.668018830986869094e-01 8.933472383917651083e-02 6.025574542261910027e-01 4.370263067080457642e-01 9.334075732810174220e-01 5.795826246444283347e-01 6.833169996849796091e-01
9.015244598605119952e-01 9.040165841358497323e-01 0.000000000000000000e+00 9.042274751443127867e-01 1.310782590370007883e+00 1.312645826991007736e+00 6.926585773669233781e-01 1.359921467548106166e+00 4.401477105420565916e-01 9.220891278853958761e-01 3.706955501786091678e-01 9.989383158207010283e-01 6.144996153966459929e-01 6.655021194937918994e-01 6.255636194847432607e-01 6.773399736822095507e-01 1.143337461312228243e+00 2.385782190687009974e-01 9.432549452456662209e-01 2.540017088260906331e-01 7.651656416319053688e-01 1.141341293975859594e+00 8.816126322907276158e-01 5.293300867368886387e-01 2.252337736204775842e-01 9.615004153186214042e-01 4.586121135260892712e-01 7.840982970740849600e-01 1.154838605711681954e+00 5.523527697109701373e-01 4.109832072117718949e-01 1.021823612294945782e+00 1.211860452874969463e+00 6.267617684503233866e-01 5.952204949891566343e-01 5.251259581394605025e-01 1.527793479978615254e-01 7.608474416790999006e-01 8.239615398477602159e-01 3.693388058385103645e-01 7.511786266162676640e-01 1.042026073126641084e+00 7.475905645388536414e-01 1.033229337301946771e+00 1.424505259626553944e-01 8.816979925730696888e-01 5.250846063354770443e-01 6.078124338175791008e-01 8.009195098876765728e-01 7.416410140780826943e-01 1.012666408637386439e+00 3.062542525004054439e-01 1.240522755553600948e-01 5.587064920126786349e-01 4.812415897542976495e-01 8.552947400001745804e-01 1.764690201577379935e-01 1.187727430268012002e-01 8.217705851199078593e-01 1.197797012808090367e+00 6.438962830639389789e-01 1.256065399241149683e+00 2.592496083815545860e-01 9.579016848145803786e-01 4.474337144097441654e-01 6.904090362910406675e-01 3.329734763308138112e-01 9.288644574534200560e-01 1.004653160915398136e+00 1.088158781829855926e+00 3.174944099187685942e-01 1.073626303562945083e-01 6.884299644966341836e-01 7.846856968085774708e-01 5.651584371818995089e-01 9.798250848098553067e-01 9.145069925569099256e-01 6.864804723538665554e-01 1.220005486396376293e+00 5.927611463291473370e-01 6.158072932396044807e-01 9.485997743382386105e-01 4.395344855872596601e-01 8.360436893095904987e-01 1.045454059966533400e+00 9.477378023839533316e-01 5.269344135349538494e-01 8.503262518790816182e-01 1.282215957015335528e+00 1.136014502926294911e+00 8.396657491499049941e-01 4.330937268968708120e-01 9.909038354619599531e-02 1.945920773427768924e-01 8.261709952323176287e-01 7.737519034014423980e-01 6.368251310498597162e-01 1.020305194592835862e+00 4.684940452005209033e-01 2.723522259380439792e-01
9.917692932229739133e-01 8.331276598410453094e-01 9.042274751443127867e-01 0.000000000000000000e+00 1.185428282361887797e+00 1.183141319350819565e+00 5.763590536611121751e-01 1.441696973751008359e+00 6.109912112314741517e-01 7.959027826610288736e-01 6.468284891945275117e-01 8.922613688118902209e-01 3.100487482083691959e-01 8.319945599750372400e-01 5.724341906371077648e-01 5.509666838430676838e-01 1.226455195246429097e+00 8.711150064999670928e-01 9.152152443720587005e-01 7.910441137592165717e-01 7.714985930021202032e-01 1.004349205509225573e+00 6.903291039248067307e-01 6.701423150817487073e-01 6.802412162447624144e-01 8.818946044531973394e-01 4.653843505670866576e-01 1.750454981184565162e-01 1.023914950413284064e+00 5.826993932500441620e-01 7.761963429968986583e-01 8.390025968891866581e-01 1.290861030464827586e+00 4.241243965047794551e-01 6.732962238292899970e-01 4.640570346042013905e-01 8.258688424645556081e-01 6.891863657450423286e-01 9.141943812651646128e-01 5.558410753400495619e-01 7.143071112051720961e-01 1.122969772793569909e+00 8.715343949652613054e-01 9.189231394448214019e-01 8.954275875979278432e-01 8.050272792106727415e-01 7.111561703108161270e-01 4.943599189350126322e-01 6.503238294767255123e-01 5.491107502557391884e-01 9.525311664148516932e-01 6.807756520581315085e-01 8.079472351703497202e-01 5.567358255948374746e-01 6.510952623600023692e-01 7.638477071297575804e-01 7.792979940015233309e-01 8.000539551984062747e-01 8.719461317461704164e-01 1.068731229376186365e+00 7.252142910318579716e-01 1.337989092404833880e+00 7.142562206719174078e-01 8.104106131631628740e-01 5.578128571808832481e-01 6.632569046509814159e-01 5.819588107707920344e-01 9.986299833492581213e-01 1.100156374449817953e+00 9.325366694306447268e-01 7.666588955661215454e-01 8.900665613135096965e-01 2.402652830072742607e-01 8.144584723943111282e-01 3.605208520261518612e-01 8.807648663206008033e-01 7.466945926280000867e-01 7.714393676633338748e-01 1.096517447293838599e+00 5.751935163963224351e-01 4.278834829574323928e-01 9.410596563775933676e-01 5.388663866382966683e-01 9.619832008223735409e-01 9.122846173343517329e-01 8.439299313715815654e-01 4.721191186790217875e-01 8.139640846818912978e-01 1.358494301015460648e+00 1.213352767247919406e+00 9.065528060456633230e-02 6.950050490403290038e-01 8.450140871601456993e-01 7.701202223622813925e-01 7.571257160654346619e-01 6.171340110420764358e-01 4.821212050938061822e-01 8.943476292158356600e-01 4.555983975880556480e-01 6.444163740842459021e-01
6.994812895495239324e-01 1.183732780447175559e+00 1.310782590370007883e+00 1.185428282361887797e+00 0.000000000000000000e+00 9.017782705071666349e-01 6.685095579005556621e-01 1.098220616740151145e+00 9.507553248076079377e-01 5.850407101202169668e-01 9.860997295410804941e-01 3.220780295843209684e-01 9.165634212653652746e-01 6.667465307756322845e-01 9.412042935337698868e-01 7.365892019344599806e-01 8.853630222104368341e-01 1.326474995767496834e+00 5.293752452149262933e-01 1.070133890178974534e+00 7.140611178566435013e-01 7.169659303411386464e-01 4.980716172552995813e-01 7.873535169781559206e-01 1.144843670936005697e+00 6.333800221877042835e-01 9.217406613683125638e-01 1.040757114472660394e+00 1.696084316390536750e-01 8.384356173269441603e-01 9.051708502650571697e-01 4.634925618553914495e-01 9.479831019069612230e-01 7.613038858571085088e-01 8.173022751663772123e-01 8.969497289474632762e-01 1.161712721184693820e+00 1.039791486351173244e+00 6.347746762568658996e-01 1.054444546830235696e+00 5.816160700945064432e-01 7.798099298689963321e-01 7.585428235904861927e-01 6.131716864174993065e-01 1.347401852454789495e+00 4.535206160331679559e-01 8.088459847571127792e-01 8.328741332783337059e-01 5.957119718279336729e-01 6.363175321061488310e-01 5.759637838061896220e-01 1.035532231712414930e+00 1.233140536056298586e+00 8.392733003859138563e-01 8.770828506618119080e-01 6.342778450685627734e-01 1.153605777295500179e+00 1.259821714398405401e+00 8.020314414405692593e-01 7.878215498547317397e-01 6.738953065407771170e-01 9.968969193688411723e-01 1.073759077181258181e+00 3.850253711861329475e-01 9.480780489978469783e-01 7.125679604818206947e-01 1.035974192124004878e+00 6.279298598205977910e-01 7.626179794220302455e-01 2.796295884303396928e-01 9.932881804512394552e-01 1.266000653043628299e+00 9.451629993546137865e-01 5.648077790527866737e-01 8.686449472455523013e-01 4.075782363134243802e-01 4.910429155234610210e-01 7.932004915676580392e-01 9.988197009313530550e-02 7.475453966527020322e-01 8.074000349388580355e-01 6.728514819882951414e-01 9.803398425238276648e-01 7.193612627219674316e-01 6.305560153260932887e-01 6.354626255430636528e-01 8.564528338286698794e-01 7.074616387894142600e-01 1.016870667617709501e+00 8.711153075768790499e-01 1.114493683937595181e+00 8.996719944367422839e-01 1.233714319445078367e+00 1.225697476882603665e+00 1.112768074073854141e+00 5.879067310640915256e-01 7.509644470009907424e-01 5.559306029906515567e-01 9.686653305595527286e-01 1.123830470700390993e+00
6.406671817869130647e-01 1.233411017295561685e+00 1.312645826991007736e+00 1.183141319350819565e+00 9.017782705071666349e-01 0.000000000000000000e+00 7.408330029540053374e-01 1.051267955117327846e+00 8.838000669519022745e-01 3.905832359951929567e-01 1.084174658551671611e+00 6.237094874237584241e-01 9.028644643195452568e-01 7.798958481732554127e-01 9.868426623662832631e-01 6.662855754667821317e-01 8.364255445297479330e-01 1.343582909606411357e+00 6.373282316058640484e-01 1.090106711081509250e+00 6.037686628314542503e-01 2.143940210599600826e-01 5.500484931996573179e-01 9.005028343757790488e-01 1.143171644048679880e+00 4.766955836391304491e-01 9.418403771874066521e-01 1.032466652649594474e+00 7.369146698461664924e-01 9.144608772947777631e-01 9.785656689012846021e-01 4.758851523163701858e-01 9.006885277217552277e-01 7.719539680981807317e-01 7.265810506062702068e-01 8.548857479251086300e-01 1.241709007873581738e+00 1.089469723199559370e+00 7.767800465067195015e-01 1.001133686030856618e+00 6.889449562741459809e-01 7.326309558959722690e-01 7.538408184113503108e-01 3.351293836437668761e-01 1.362028268336252568e+00 6.328161282950476307e-01 8.560454843258901159e-01 8.859066675022075898e-01 5.399784475021669472e-01 6.595764332591744772e-01 5.791647174661113118e-01 1.009800631450219699e+00 1.291308215923535174e+00 7.552876456613121237e-01 9.662769896478182741e-01 4.808501627242579568e-01 1.139830074561023254e+00 1.248545317372218966e+00 6.478699284584431561e-01 1.165988758573843348e-01 7.870446239384002451e-01 9.479594416881521601e-01 1.176600667549966506e+00 5.342742282367048956e-01 9.937164178303603546e-01 6.258900584277210521e-01 1.065826429876755022e+00 6.667016625594819335e-01 7.129170592821235664e-01 6.255191336716429129e-01 1.084714401553985574e+00 1.338038173155526200e+00 9.428760363435458869e-01 6.825249851657053668e-01 8.702281474801225603e-01 5.534951592479593341e-01 4.533529240847648523e-01 7.016641058910091377e-01 8.162859533770030485e-01 8.367395356387085092e-01 7.736622848503712513e-01 5.610354848395058269e-01 9.215574888290081201e-01 7.270778503776399448e-01 2.712222551810731241e-01 4.178546946232296611e-01 9.020912026611831447e-01 5.484115740179654752e-01 9.684646502987790395e-01 8.233231165312375754e-01 1.112206720926526948e+00 9.074843010244073582e-01 1.225233164827686849e+00 1.244899665365965191e+00 1.158536699089864230e+00 6.519450538929746353e-01 8.137407118987225463e-01 4.291451688152691513e-01 9.295577483088407478e-01 1.075674463970358596e+00
5.323065154273255439e-01 5.345988719553897983e-01 6.926585773669233781e-01 5.763590536611121751e-01 6.685095579005556621e-01 7.408330029540053374e-01 0.000000000000000000e+00 9.588920256935806741e-01 4.463835749718734203e-01 3.823069599006465036e-01 3.433416555976665507e-01 3.635041453799149336e-01 3.162894511357193794e-01 2.854358387251451634e-01 3.010767499279009551e-01 2.646664409952730890e-01 7.529883832753827555e-01 6.924379697616583895e-01 3.704760551674867730e-01 5.044269792128230900e-01 4.588788825561065376e-01 5.607607343787663901e-01 1.990339496223781091e-01 1.996036672208087726e-01 5.086610192370413230e-01 5.072255366430608037e-01 2.879937897537473424e-01 4.364774103703566999e-01 5.096885867104646861e-01 1.736278743407725089e-01 3.509535508538310644e-01 3.576157205009639628e-01 8.108310110204446364e-01 1.661188711942249707e-01 4.000308592966926868e-01 3.403224001416645383e-01 5.577819415639583278e-01 3.898981846948179064e-01 3.566446297122404241e-01 4.320410660323817376e-01 1.445732934755587229e-01 6.409966312721159243e-01 4.251800835312202764e-01 4.602472146157780553e-01 7.133648264489509394e-01 2.648997899180045024e-01 3.137713271901059198e-01 1.878229525069084471e-01 2.755179729275804013e-01 1.253867878307546313e-01 4.781502540079996533e-01 5.172411111351984392e-01 6.130360546675610589e-01 3.380127656355486621e-01 2.322532355741140364e-01 3.790956097680255876e-01 6.110368189466478528e-01 6.236390626994408048e-01 5.275451757889367821e-01 6.264229129793718043e-01 1.739141454791752195e-01 8.632040133335706633e-01 4.438408216292953345e-01 3.013668557870367581e-01 2.825636886465442976e-01 3.633020516676783163e-01 3.997915404250401150e-01 4.466729335888758867e-01 6.238937191164531937e-01 4.349788047977488636e-01 3.905789353698699840e-01 6.504221865291885951e-01 3.360937706538379421e-01 2.555468927851092253e-01 2.485635316015364915e-01 3.618021979186702985e-01 2.915605346475712012e-01 4.124259569965854633e-01 5.787556414361706425e-01 9.989743103777606881e-02 2.481788435292641148e-01 5.472125454608761652e-01 4.283463613484206345e-01 4.504222252083066591e-01 4.699763009375369505e-01 4.437913494612571452e-01 2.173188467905776133e-01 4.522794034888770742e-01 8.811865151608108127e-01 7.349850610717701960e-01 5.054244552368193366e-01 3.928123234925540719e-01 6.559648948165895943e-01 5.916604508767649984e-01 4.670341136076850974e-01 8.888794906103075766e-02 1.089327381972600151e-01 4.292858723805080823e-01 3.466275209935606449e-01 4.939096794152590952e-01
4.643086946953767224e-01 1.470567886538847846e+00 1.359921467548106166e+00 1.441696973751008359e+00 1.098220616740151145e+00 1.051267955117327846e+00 9.588920256935806741e-01 0.000000000000000000e+00 9.539710020511571464e-01 7.751863024906383570e-01 1.090987488521264481e+00 8.046922910175988708e-01 1.145843956493626026e+00 7.243688050784506949e-01 1.221456116678683479e+00 8.925001024473064870e-01 2.392538498887069043e-01 1.417296777596503077e+00 6.329548473203081560e-01 1.108819877406378662e+00 6.701983807488878231e-01 8.501855480800677434e-01 7.925708504962868384e-01 9.155821512649811034e-01 1.233580194150770915e+00 6.162686062893925065e-01 1.188916576096404665e+00 1.289006560375137278e+00 9.335550034717026158e-01 1.062573844035998194e+00 9.690527518899183512e-01 6.393448057451059929e-01 1.591858924740071068e-01 1.038024088454233551e+00 7.959633777757474382e-01 1.019660686329940891e+00 1.232994694141119618e+00 1.325688347703768200e+00 6.022473959813401390e-01 1.100538274442067088e+00 8.143187322180218679e-01 3.220380508087882787e-01 6.130997544446539216e-01 7.187134532945174126e-01 1.435742136326344287e+00 7.674745274528589345e-01 8.394487880096992427e-01 1.123791967090366439e+00 8.364739389501159028e-01 9.144503561033978656e-01 5.229826258532381811e-01 1.067748130243632465e+00 1.316541875463678402e+00 9.053612158140784683e-01 1.042988485136951526e+00 7.391865597001151533e-01 1.185821675826717936e+00 1.305557479874450699e+00 5.759805133030730939e-01 9.359622680286425744e-01 8.224532828774848703e-01 1.184512004795192225e-01 1.169171850000037205e+00 7.543923430010829323e-01 1.139101855884276482e+00 7.784400691000264993e-01 1.199432078913328592e+00 5.266302882977276223e-01 3.756793427489636961e-01 8.193408408898705808e-01 1.074581135301833079e+00 1.337835488423330776e+00 1.201850976315971709e+00 7.068063350657221022e-01 1.142871114216338801e+00 7.152964925392838458e-01 7.291038254111646966e-01 6.912758735732976723e-01 1.004186378850074002e+00 9.676972527449920758e-01 1.014232776365813438e+00 5.271175272027192049e-01 1.060039002220514393e+00 5.344830048662366773e-01 7.823008152160082496e-01 7.091037947684504239e-01 1.156965125505406755e+00 6.520829478996786888e-01 9.163434842472721609e-02 2.382199805998066466e-01 1.369367945272712550e+00 9.318878929679597078e-01 1.265930217976295680e+00 1.320404796138167747e+00 1.403003128191143034e+00 8.952752901782454753e-01 1.049945805303605040e+00 6.221227863020581950e-01 1.113801877349768210e+00 1.151604579736638323e+00
4.971960631755465432e-01 7.402156991659031293e-01 4.401477105420565916e-01 6.109912112314741517e-01 9.507553248076079377e-01 8.838000669519022745e-01 4.463835749718734203e-01 9.539710020511571464e-01 0.000000000000000000e+00 4.932433678462899707e-01 3.345297930550714116e-01 6.389110502583003059e-01 3.058822313134004212e-01 2.958770529245903780e-01 4.859285447121908241e-01 2.512822155266837276e-01 7.336718932193317944e-01 4.755445900285046879e-01 5.789799547139965474e-01 2.295038780578326776e-01 3.366218219734164463e-01 7.124955339367543550e-01 4.995162994999652883e-01 2.695124725035341617e-01 2.854624521479724453e-01 5.305114777204514853e-01 2.798203116749722330e-01 4.671554180890892249e-01 7.948113401492823415e-01 4.271665448174240542e-01 1.714115825045650632e-01 5.929778522558403209e-01 8.029437724977392943e-01 2.973537900095584163e-01 1.666766753306677118e-01 1.549423589538075907e-01 3.827140961154547050e-01 5.962744050699003706e-01 4.431414869687746450e-01 1.465672723909096087e-01 4.216366081147737144e-01 6.350525148264816178e-01 3.534942348010527979e-01 6.034835495454419219e-01 4.939899487583458426e-01 5.216707270106694105e-01 1.503378462317705722e-01 3.956041504125683561e-01 3.720737498485706674e-01 3.831401135570734473e-01 6.119937279053029311e-01 1.354547104257677881e-01 4.306180657698322478e-01 1.298607319735727295e-01 3.418762996833343282e-01 4.242561154786475552e-01 2.637520284601631015e-01 3.771322543045629305e-01 3.977165149841987435e-01 7.689512527689845722e-01 3.273718733608786402e-01 8.452057903777363546e-01 3.453941320408509541e-01 5.927680524777791948e-01 3.272866459231145719e-01 2.593704117695135314e-01 2.468004305846406288e-01 5.369179522802480786e-01 6.022901584477474701e-01 7.021624440207018258e-01 2.431877610840477710e-01 4.727948727701802301e-01 3.824721901402687863e-01 4.215324200502235108e-01 3.045361910227076807e-01 6.197978192474548065e-01 4.856612325178040201e-01 2.626951284778591966e-01 8.599782208339762368e-01 3.635393548162682009e-01 2.089968358688156502e-01 5.248144304622310852e-01 1.060680001693572183e-01 4.435903675483639508e-01 6.166082999274278276e-01 5.166991778624262510e-01 3.720430236556208081e-01 4.217824322205926957e-01 8.705770430483723565e-01 7.254355092808308925e-01 5.482000260459094498e-01 9.575172005629223326e-02 3.513778472089973404e-01 3.786526085701691913e-01 6.642137553902923708e-01 4.762576309648088868e-01 3.807520800282808704e-01 5.892665700713092258e-01 1.910658259322638441e-01 2.076361443924521211e-01
3.666662642254582827e-01 8.575734598058297742e-01 9.220891278853958761e-01 7.959027826610288736e-01 5.850407101202169668e-01 3.905832359951929567e-01 3.823069599006465036e-01 7.751863024906383570e-01 4.932433678462899707e-01 0.000000000000000000e+00 7.202664368833272546e-01 3.122525502299923206e-01 5.156259276297538996e-01 4.247441519342214922e-01 6.110051048765509085e-01 2.757023394715890641e-01 5.605181983336631202e-01 9.530262105007989426e-01 3.421979007030278019e-01 6.995500119758966129e-01 2.303157560045924757e-01 2.203084031078181848e-01 1.915224501462984841e-01 5.453511381367452948e-01 7.526149449430674654e-01 1.886538731379338030e-01 5.570924971742917675e-01 6.452281159598031168e-01 4.201771094592169353e-01 5.559348342414190958e-01 5.886530614626522828e-01 1.779844794992386237e-01 6.246068750950664050e-01 3.874687738611592991e-01 3.366684431676378320e-01 4.643025119299157843e-01 8.517964004349494189e-01 7.136321657098272375e-01 4.216283502676856920e-01 6.105769869252440918e-01 3.337932600351120049e-01 4.565493032692833353e-01 3.860981971965785631e-01 1.391655697956935001e-01 9.714715692306400419e-01 2.796695831995849590e-01 4.661328768872577966e-01 5.100691100124752353e-01 1.505934297198432137e-01 2.837388757694420116e-01 2.845964519931009629e-01 6.192439323446076171e-01 9.007515168179229814e-01 3.647309465556996533e-01 6.077509465944593847e-01 1.206053162668515033e-01 7.492733754554108394e-01 8.579886182666065508e-01 3.148130024752668343e-01 2.760217661178030468e-01 4.318929276993663247e-01 6.720520954920676804e-01 7.921154733129452952e-01 2.158395698782062666e-01 6.172772618873926254e-01 2.353333593221085818e-01 6.813412356397334779e-01 3.889619295759461082e-01 4.370097130860386425e-01 3.140621964778766984e-01 6.948017941153529220e-01 9.474814740499136745e-01 5.556374996537544186e-01 3.273732889266715018e-01 4.854802674670077312e-01 2.420382220541933971e-01 1.027794435819595065e-01 3.117514984523765964e-01 4.996396330969251620e-01 4.782134925853496754e-01 3.842772670680477121e-01 2.830623906122461952e-01 5.309742528338150525e-01 4.493381173941043416e-01 1.241119438234744993e-01 9.581868465887581621e-02 5.223544055126458918e-01 2.054469775067022663e-01 6.925573041026944487e-01 5.473596405236569318e-01 7.249681842367360352e-01 5.175716935857752610e-01 8.346764657220744343e-01 8.543429662603526653e-01 7.826991416001320978e-01 2.934190108396157459e-01 4.513984278412335183e-01 1.639499522889061311e-01 5.401727305265170420e-01 6.851177648647465146e-01
6.466573906793453563e-01 5.651766357709281374e-01 3.706955501786091678e-01 6.468284891945275117e-01 9.860997295410804941e-01 1.084174658551671611e+00 3.433416555976665507e-01 1.090987488521264481e+00 3.345297930550714116e-01 7.202664368833272546e-01 0.000000000000000000e+00 6.768778061964411119e-01 3.605748754910896303e-01 3.666186834428136199e-01 2.869450894851427458e-01 4.938288933052502605e-01 8.850838461030665627e-01 3.582053569877454713e-01 6.211944356214063045e-01 2.223975944071658606e-01 5.514246037477935625e-01 9.041023899764327743e-01 5.423756052200446875e-01 2.013685637675923512e-01 1.897426828319069281e-01 7.469495662681795434e-01 1.865437278504818441e-01 5.139858136406163513e-01 8.285960771796361257e-01 1.880504917208533910e-01 1.659346856392532321e-01 6.977534664313924662e-01 9.429264738481284436e-01 3.327976630221679555e-01 4.017440488238286922e-01 3.187128736896034376e-01 2.509763876265518889e-01 4.220074933141785278e-01 5.226874519412374465e-01 1.961244014459791740e-01 4.167674572055589111e-01 7.730920940997997315e-01 4.941538052669612879e-01 8.035888702134444950e-01 3.791322136750380767e-01 5.596374829488098834e-01 2.719620521125920010e-01 2.735076553415121681e-01 5.751240486938665741e-01 4.460033639790690341e-01 7.196572072553607535e-01 2.812172166955327346e-01 2.826524632723314001e-01 4.292066372304979005e-01 1.259421881875027738e-01 6.586551229979140665e-01 3.062575466373907984e-01 2.937237068584638289e-01 5.831369792110314698e-01 9.697645685770381885e-01 3.159347600946424972e-01 9.952994761612545815e-01 1.129895324862128236e-01 6.271954630312546186e-01 1.121759153732275333e-01 5.177983563966598313e-01 1.238750778756923521e-01 6.375199329499193768e-01 7.486795759055868693e-01 7.578300638177593029e-01 1.366795340413923254e-01 3.306380104205254855e-01 4.136021739240975381e-01 4.626251871843178320e-01 2.945119998302250242e-01 6.577645751855953904e-01 6.349021902452376409e-01 4.490831902462530945e-01 8.960802524067151831e-01 2.544192047022764691e-01 3.768369990294590521e-01 7.050268552142988643e-01 2.791169639468668029e-01 5.585191717221055230e-01 8.133179565352033347e-01 7.499221870270036394e-01 2.103787120731117066e-01 6.414942439945928720e-01 1.013281977988494731e+00 8.670805238994537811e-01 5.802726974422894868e-01 2.387780729987792061e-01 3.523548920769017379e-01 2.574278381028520801e-01 4.874289333062860607e-01 4.322296046586973084e-01 2.983257309496332166e-01 7.713818870353899015e-01 2.348884664511765030e-01 2.095860799041305012e-01
4.086655114282111700e-01 8.880993273018283896e-01 9.989383158207010283e-01 8.922613688118902209e-01 3.220780295843209684e-01 6.237094874237584241e-01 3.635041453799149336e-01 8.046922910175988708e-01 6.389110502583003059e-01 3.122525502299923206e-01 6.768778061964411119e-01 0.000000000000000000e+00 6.233965077153674761e-01 3.538476369599450333e-01 6.455708403884227176e-01 4.485213363480919369e-01 5.922894669973630677e-01 1.014630721218189757e+00 2.266239527583967794e-01 7.582896156296674572e-01 4.279827343070189971e-01 4.388971472577306021e-01 2.024381641099520790e-01 4.755092424288487329e-01 8.492102177906584171e-01 3.452893845893895142e-01 6.261072082229649505e-01 7.475902009226627065e-01 1.698134524801271639e-01 5.306899876601194332e-01 5.933265757157498710e-01 1.754019242570766801e-01 6.544547761844090594e-01 4.681369723071108768e-01 5.312238916167525415e-01 6.049553233664239915e-01 8.498684466353867428e-01 7.441580332058258529e-01 3.143064844349120479e-01 7.624501412491966335e-01 2.697717955451991445e-01 4.862816041464441685e-01 4.389738305602471358e-01 3.344937530723065544e-01 1.035557577905482640e+00 1.330524242112140765e-01 4.970017102078055915e-01 5.372406801329862036e-01 3.076441062415656846e-01 3.431506185561511990e-01 2.817096651643606897e-01 7.236879571631078534e-01 9.212962615069912875e-01 5.512054347995458681e-01 5.689561636489667285e-01 3.481994615189382691e-01 8.417615027461931021e-01 9.592256555936258255e-01 5.129604548407754594e-01 5.097527667713235289e-01 3.620510319914699293e-01 7.038233641557674058e-01 7.619148026319511047e-01 1.108401839895054586e-01 6.445662475849802675e-01 4.264895769321963015e-01 7.403407389786574866e-01 3.251785673640683605e-01 4.705363585071024035e-01 1.064880713884938102e-01 6.814439059019321565e-01 9.541563784943210003e-01 6.519960858046159879e-01 2.452387860225477001e-01 5.730114941002049100e-01 1.048269438568949080e-01 2.131994864143618718e-01 4.783352468894965792e-01 2.299204833455637254e-01 4.394187096398570191e-01 5.154056293578189729e-01 3.847608443899804831e-01 6.922719769374596765e-01 4.024392743541310158e-01 3.524872322426851889e-01 3.567846921978709007e-01 5.608193806833223771e-01 4.213832552397897557e-01 7.237971124046357341e-01 5.776140669352585189e-01 8.213267703875973824e-01 5.878277198874349851e-01 9.218700448957710680e-01 9.138532023332963661e-01 8.171346209285067497e-01 2.859440494055884296e-01 4.553309938556433512e-01 2.739802074561932255e-01 6.732245633365027127e-01 8.119861961510839166e-01
6.940291900923396540e-01 5.818005606566721832e-01 6.144996153966459929e-01 3.100487482083691959e-01 9.165634212653652746e-01 9.028644643195452568e-01 3.162894511357193794e-01 1.145843956493626026e+00 3.058822313134004212e-01 5.156259276297538996e-01 3.605748754910896303e-01 6.233965077153674761e-01 0.000000000000000000e+00 5.423092121180506098e-01 3.196267006707455560e-01 2.651712834322622614e-01 9.298874330867841209e-01 5.813871467523004100e-01 6.551456418466660159e-01 4.935323798272271412e-01 4.758216163810472521e-01 7.256698180280277688e-01 4.214642428282838194e-01 4.230392032445761674e-01 3.905133564970956206e-01 5.960992040423922500e-01 1.886922077848399160e-01 1.759521014217201862e-01 7.550500893167614302e-01 3.328684028910986470e-01 4.710873630788248723e-01 5.683405771250926719e-01 9.950080132074450301e-01 1.562691946223331851e-01 3.717949553772024185e-01 1.540082863958323334e-01 5.361409827168890363e-01 4.378592665606698131e-01 6.541247787397717062e-01 2.583293414080599648e-01 4.542375086797793005e-01 8.271167555361874646e-01 5.700331265131732827e-01 6.429034999627748492e-01 6.056997278502613824e-01 5.434549783931104106e-01 4.089046603016069925e-01 2.455595824914830194e-01 3.659889028942348577e-01 2.802458891592162771e-01 6.778886185316824742e-01 3.808134716274553799e-01 5.182193754226829263e-01 2.552345571427498960e-01 3.950359918079412447e-01 4.790165247721341890e-01 4.886033125878298522e-01 5.103260954507397029e-01 5.742060286155362681e-01 7.884543743449117237e-01 4.781111791946854317e-01 1.041421330245188903e+00 4.248824845972650754e-01 5.415457520666400182e-01 2.900117250759355891e-01 3.675799280299086313e-01 2.922309510231252405e-01 7.385603808238655477e-01 8.023330286279506396e-01 6.636718083341222041e-01 4.775402614333407181e-01 6.003387015658432357e-01 1.126040239709233670e-01 5.543888698689183325e-01 1.020715368519966165e-01 6.119000052240780585e-01 4.720520447448305901e-01 4.699380992112459632e-01 8.276525861973156317e-01 3.280904045591497842e-01 1.371917156391983250e-01 6.505009702769602997e-01 2.370470935904910870e-01 6.604819323702860734e-01 6.320077623030768699e-01 5.590987490139582849e-01 2.171318592432348038e-01 5.270601278601056983e-01 1.062641283758078092e+00 9.174997499905369613e-01 2.466940359381757653e-01 3.898960691222554953e-01 5.552862274124790165e-01 4.803923626146147097e-01 5.057986168810618688e-01 3.570644085166837511e-01 2.350180932566334480e-01 6.197050813326658858e-01 1.558418312259435279e-01 3.523879885715048288e-01
2.875999056375621588e-01 7.604274091947077485e-01 6.655021194937918994e-01 8.319945599750372400e-01 6.667465307756322845e-01 7.798958481732554127e-01 2.854358387251451634e-01 7.243688050784506949e-01 2.958770529245903780e-01 4.247441519342214922e-01 3.666186834428136199e-01 3.538476369599450333e-01 5.423092121180506098e-01 0.000000000000000000e+00 5.053595869892586467e-01 3.333684956181514614e-01 5.184651626602528873e-01 7.040720121038760437e-01 2.862399539952920069e-01 4.152556182959574738e-01 2.540939642392329167e-01 5.998235795980164653e-01 2.538669158104209234e-01 1.912133461865301864e-01 5.464860237365358753e-01 4.319909534708024079e-01 5.196889185518426268e-01 6.921129166842820979e-01 5.108025461173066883e-01 3.409401282815628931e-01 2.578245514150776518e-01 3.883619518015128391e-01 5.763077904053147682e-01 4.426706578444539741e-01 1.777095863298182588e-01 3.996573180068358488e-01 5.217664936662784747e-01 6.143755514792659245e-01 1.584594203539683166e-01 4.391341401420664758e-01 1.466935408758972825e-01 4.064734106569861671e-01 1.458196286706075206e-01 4.993100598350282415e-01 7.183181354788147344e-01 2.342434740284128347e-01 1.539677128740952472e-01 4.228134373652037148e-01 3.519267339516929383e-01 3.517805721964200605e-01 3.653713609222761227e-01 3.806539598293977589e-01 5.966137094910788363e-01 2.927634392280429321e-01 3.186196800585007760e-01 3.706925163287778657e-01 4.987275054124827856e-01 6.184633094602156600e-01 2.481847209283239986e-01 6.654857581986218795e-01 1.175192787127049832e-01 6.286807927184409062e-01 4.492436840274376397e-01 3.138656252202047248e-01 4.147330508058253429e-01 2.410200206696910263e-01 4.868084353715399493e-01 2.709012495071057569e-01 3.854677263129802633e-01 4.441227222354805493e-01 3.567613538860196498e-01 6.274112675803878991e-01 5.917292769677631181e-01 1.256553671256331328e-01 5.009320670116075291e-01 3.323705662651983972e-01 3.306233798668213320e-01 1.390213277464249497e-01 5.759694268020003616e-01 2.568010435787148049e-01 4.221647386320259709e-01 3.557328708697757857e-01 4.019450530939476240e-01 1.950372670499073147e-01 5.090391461567871367e-01 4.564140386166560259e-01 4.550065830414118939e-01 3.398357308582578007e-01 6.466632945456810555e-01 5.004618404566402168e-01 7.610599615507444016e-01 2.447937225537246408e-01 5.788360475620605294e-01 6.032944932189826526e-01 6.922212244522175650e-01 2.586630547886846210e-01 3.498733548812311689e-01 4.628164501257316932e-01 4.795376197442154931e-01 4.689521988173737665e-01
7.929594926268208610e-01 2.831076664372634277e-01 6.255636194847432607e-01 5.724341906371077648e-01 9.412042935337698868e-01 9.868426623662832631e-01 3.010767499279009551e-01 1.221456116678683479e+00 4.859285447121908241e-01 6.110051048765509085e-01 2.869450894851427458e-01 6.455708403884227176e-01 3.196267006707455560e-01 5.053595869892586467e-01 0.000000000000000000e+00 4.052885286841324541e-01 1.015552474260485338e+00 5.893437025852661382e-01 6.592959323814661099e-01 5.021852403026005884e-01 6.275902503825508960e-01 8.079626965237395320e-01 4.591133622140615711e-01 3.383053645060705716e-01 4.103294618903370328e-01 7.183038298650810116e-01 2.159846610178801918e-01 4.368817553608620452e-01 7.823833223436790218e-01 1.687255876993199732e-01 4.368057649449639812e-01 6.163848576655727163e-01 1.073395102005547219e+00 2.326460253514026633e-01 5.310437883310754614e-01 3.639633538957740000e-01 5.160333985898920561e-01 1.525728889897676188e-01 6.192087206973428959e-01 3.476242211431835316e-01 4.333931706895379765e-01 9.035607222572185071e-01 6.505588539917227520e-01 7.134642733152616323e-01 6.110420513006781240e-01 5.497295098543567571e-01 4.701203836227585420e-01 1.278311507385707924e-01 4.670031023263142012e-01 3.272662291071087304e-01 7.357035999792301828e-01 4.539658573502465821e-01 5.195074062454454467e-01 4.144833900966229390e-01 2.506035861087747008e-01 5.914546443596858660e-01 5.280158311424728579e-01 5.211068248962467120e-01 7.287590329504384234e-01 8.724325723916497299e-01 4.045211725151481863e-01 1.125768104318673135e+00 3.927771783816474405e-01 5.694670155914841603e-01 1.786366321567849080e-01 5.193485620314122198e-01 3.028662454960227013e-01 7.179528664352856637e-01 8.864578101015557765e-01 7.030789646021963213e-01 4.172069837113338564e-01 5.897842299913448327e-01 3.364981156443432875e-01 5.259509342180044289e-01 2.217939424864334430e-01 6.466319178550226088e-01 5.369068868447387510e-01 6.291869321651190061e-01 8.514503770693848672e-01 2.551571427895947819e-01 2.842770985894630398e-01 7.885768494022878938e-01 3.888642818111211485e-01 7.003968540391658504e-01 7.159859603498148761e-01 6.653580318063153642e-01 1.292219493359493543e-01 6.597107585719959033e-01 1.143750606145913506e+00 9.975491520568726678e-01 5.036541238686315092e-01 4.967281657358168512e-01 5.799159435309111377e-01 4.883489184475804934e-01 2.006073757475741182e-01 3.618362416857603403e-01 2.052210338809713208e-01 6.868392183517384453e-01 3.047391467605884974e-01 4.048640350338735816e-01
4.479196003235710322e-01 6.595756831378445373e-01 6.773399736822095507e-01 5.509666838430676838e-01 7.365892019344599806e-01 6.662855754667821317e-01 2.646664409952730890e-01 8.925001024473064870e-01 2.512822155266837276e-01 2.757023394715890641e-01 4.938288933052502605e-01 4.485213363480919369e-01 2.651712834322622614e-01 3.333684956181514614e-01 4.052885286841324541e-01 0.000000000000000000e+00 6.772583239427274471e-01 6.983308063358703022e-01 5.126276285267064026e-01 4.807860935845164607e-01 2.223017216984184141e-01 4.949545055620533374e-01 2.607505299946047961e-01 4.217806227031390409e-01 4.974356415458349168e-01 3.311574943964761264e-01 3.315353096777543529e-01 3.978569848949590204e-01 5.750758699858562473e-01 3.832970519465618842e-01 4.108766425030022651e-01 3.691642891184052089e-01 7.416641591611254913e-01 1.864838895497270832e-01 1.556589092883331749e-01 1.886001724583266370e-01 6.327808306605137156e-01 5.156343890418420006e-01 4.699126041402855170e-01 3.446723261771285629e-01 3.446258838365801047e-01 5.737729014898681479e-01 3.411453490012115175e-01 3.879010882691720785e-01 7.252528124957490219e-01 3.844895313530607428e-01 2.883564579276078343e-01 3.149641343845101527e-01 1.408772301065262522e-01 1.442677914224994584e-01 4.724382296949711790e-01 3.772827800250012631e-01 6.455722134206908214e-01 1.214214835531110120e-01 4.856869880668210349e-01 2.214846344306495296e-01 5.074663108718000526e-01 6.132394640634201144e-01 3.304034610880628997e-01 5.517241055893921109e-01 3.926104629159882231e-01 7.887922211011321183e-01 5.546426707217958496e-01 3.615715327357349462e-01 4.041767253776178959e-01 1.140600333472797656e-01 4.219911371476562367e-01 5.323335936212442165e-01 5.516099346713413398e-01 4.783488808832668804e-01 4.944699766107314987e-01 7.228616073152388521e-01 3.107014008357933399e-01 4.210902830108407269e-01 2.517215387361605439e-01 4.127947725081846930e-01 2.618476693803689637e-01 2.451646601116695690e-01 6.476783668664106708e-01 3.644364878315879408e-01 1.328662178862318743e-01 3.900929725345261279e-01 2.564334041768651096e-01 4.328137514632202643e-01 3.990672715527268100e-01 3.040043361033252234e-01 3.090642454160584252e-01 2.629974008388238360e-01 8.092974297117588867e-01 6.641558959442172005e-01 4.782183697925342925e-01 3.277621775431892592e-01 5.961051551043252683e-01 5.991636628631203942e-01 5.835737393622341118e-01 2.373853088302349534e-01 2.713641765290715213e-01 3.864950890233112557e-01 2.681363402497075055e-01 4.344939855646913207e-01
