0.000000000000000000e+00 1.092847838956951145e+00 1.014598834349793144e+00 8.950614613535460284e-01 6.895441340985392076e-01 6.390792245140293204e-01 5.675084677255580745e-01 5.231859111555987596e-01 4.428219291006418867e-01 3.888123941262253136e-01 3.465882207162526152e-01 7.986550268343984849e-01 7.061110298365419480e-01 9.247174932540336290e-01 2.792649546004803418e-01 6.384850593746713709e-01 2.432204513841805249e-01 4.989227342983343361e-01 7.497812015106316563e-01 4.175888052370193004e-01 3.939799331566695706e-01 4.216458733702866946e-01 4.934969150701931095e-01 2.036330616473971400e-01 2.089714832208452167e-01
1.092847838956951145e+00 0.000000000000000000e+00 9.145482307638301833e-01 8.449529273755125303e-01 1.288112600525600948e+00 1.382505823645378662e+00 5.759525209755458341e-01 7.631503394111625038e-01 1.532370542899103460e+00 9.783113610376491520e-01 9.416354529260806405e-01 3.174816043666742194e-01 6.637222226504344569e-01 8.116805815400059965e-01 9.545416067936719484e-01 5.946930827429868227e-01 1.323023741095643135e+00 7.351144077740987548e-01 7.392965083764052592e-01 1.181065552548529185e+00 7.189967791769653616e-01 7.842536726549595993e-01 1.101291293909969271e+00 8.918591846217698293e-01 9.927920191103216663e-01
1.014598834349793144e+00 9.145482307638301833e-01 0.000000000000000000e+00 8.508249758368654492e-01 1.198212536605950174e+00 1.242302898256938848e+00 5.534502694783313137e-01 6.266413148128546773e-01 1.426811570921414196e+00 8.329898099378065801e-01 8.952522230578661144e-01 6.285769665161204944e-01 3.087061905681238727e-01 8.007955787067220221e-01 7.376808072345990563e-01 6.392896631259885609e-01 1.233513463390323306e+00 5.327288558823898290e-01 7.004161585397354894e-01 1.046736007019814174e+00 7.824191963600747313e-01 6.974286142751286999e-01 1.011391229990319163e+00 9.101252351310775701e-01 8.795216895114192912e-01
8.950614613535460284e-01 8.449529273755125303e-01 8.508249758368654492e-01 0.000000000000000000e+00 1.223736081486320515e+00 1.387181992034003608e+00 6.509942554418881588e-01 4.566807275413780065e-01 1.326404281661030193e+00 9.653809963173191067e-01 8.417563220249627554e-01 5.315733270217469775e-01 5.555438412661296566e-01 2.943836312980953052e-01 6.944704877896699102e-01 2.868063261165546551e-01 1.121701105115588737e+00 6.845780774065240992e-01 2.313573072958301502e-01 1.196433155060953268e+00 5.155773712797292463e-01 8.190476429773203559e-01 1.045448132315071055e+00 7.412816442574031717e-01 1.008919982706392604e+00
6.895441340985392076e-01 1.288112600525600948e+00 1.198212536605950174e+00 1.223736081486320515e+00 0.000000000000000000e+00 9.497610859111427217e-01 7.121600795500542258e-01 9.181827658946691839e-01 1.098991693103538170e+00 6.044851729792217743e-01 3.863577767334494539e-01 1.029315235729373779e+00 9.445556479359515922e-01 1.248709270330720100e+00 7.706894095580227866e-01 9.671596795074449693e-01 9.065689622045768337e-01 7.378614701999919312e-01 1.134449681598506787e+00 7.408900773336142276e-01 7.081587102065906025e-01 5.101003387642135678e-01 2.008724194833994559e-01 5.858902263844355529e-01 5.014433740165264997e-01
6.390792245140293204e-01 1.382505823645378662e+00 1.242302898256938848e+00 1.387181992034003608e+00 9.497610859111427217e-01 0.000000000000000000e+00 8.305274475558410696e-01 9.546127488614097878e-01 1.034642444330734268e+00 4.226849640427109422e-01 6.902490163659499300e-01 1.110823129470881909e+00 9.613896423022207927e-01 1.345594532305866009e+00 7.016425205171943347e-01 1.143162409406622171e+00 8.423787384098009312e-01 7.278403358978873250e-01 1.190326193292580159e+00 2.309049711422195839e-01 9.055343108852164091e-01 6.203330629682866082e-01 7.583890405770206122e-01 8.006884512897625150e-01 5.008858608803616885e-01
5.675084677255580745e-01 5.759525209755458341e-01 5.534502694783313137e-01 6.509942554418881588e-01 7.121600795500542258e-01 8.305274475558410696e-01 0.000000000000000000e+00 4.630066870978488680e-01 1.006032770763536810e+00 4.332205751973909891e-01 3.769395111803545140e-01 3.195102632215214289e-01 3.104965736925999198e-01 6.076512920011192254e-01 4.599638375210576835e-01 3.726282936721184158e-01 8.005676318779545442e-01 2.394758577979344549e-01 5.282836659234688703e-01 6.290871764589915927e-01 2.301679870466641353e-01 2.140527234895898967e-01 5.253387729344236590e-01 3.658324129651232548e-01 4.267271136390313191e-01
5.231859111555987596e-01 7.631503394111625038e-01 6.266413148128546773e-01 4.566807275413780065e-01 9.181827658946691839e-01 9.546127488614097878e-01 4.630066870978488680e-01 0.000000000000000000e+00 9.488637367738897987e-01 5.328117531447245092e-01 5.362030064333118684e-01 4.486568376320947404e-01 3.245561200764529586e-01 4.422408514225169562e-01 2.789062288075854767e-01 2.741396967154042241e-01 7.460301843965347901e-01 2.640084720270787222e-01 2.360447873022080145e-01 7.687927690890029586e-01 2.429420603593440142e-01 5.122160039867913461e-01 7.398948167234201678e-01 4.115523722760927039e-01 6.537460029356922941e-01
4.428219291006418867e-01 1.532370542899103460e+00 1.426811570921414196e+00 1.326404281661030193e+00 1.098991693103538170e+00 1.034642444330734268e+00 1.006032770763536810e+00 9.488637367738897987e-01 0.000000000000000000e+00 7.842982300385294980e-01 7.851125237542312396e-01 1.237775876553744769e+00 1.122263406387941531e+00 1.359316811274982939e+00 6.953330092458188672e-01 1.073084377395621125e+00 2.423906844796111515e-01 9.085270981388808842e-01 1.175459027128922473e+00 8.131520250537245253e-01 8.313364767788524734e-01 8.239378156167438405e-01 9.066343896896483789e-01 6.440820207162916144e-01 6.112634254673022793e-01
3.888123941262253136e-01 9.783113610376491520e-01 8.329898099378065801e-01 9.653809963173191067e-01 6.044851729792217743e-01 4.226849640427109422e-01 4.332205751973909891e-01 5.328117531447245092e-01 7.842982300385294980e-01 0.000000000000000000e+00 3.472165517721832462e-01 7.017429179317957733e-01 5.405750210915218901e-01 9.358352042551643102e-01 2.802785893163423636e-01 7.213614136899373364e-01 5.923148306476366809e-01 3.070257146871885334e-01 7.684712815021299548e-01 2.363087645384580604e-01 5.109449120743739803e-01 2.254021805391907274e-01 4.131131276450993317e-01 4.177863001418591349e-01 1.992266947730124971e-01
3.465882207162526152e-01 9.416354529260806405e-01 8.952522230578661144e-01 8.417563220249627554e-01 3.863577767334494539e-01 6.902490163659499300e-01 3.769395111803545140e-01 5.362030064333118684e-01 7.851125237542312396e-01 3.472165517721832462e-01 0.000000000000000000e+00 6.728876281952257399e-01 6.415953343878680881e-01 8.667295108693623407e-01 3.887096500966654711e-01 5.851799200460878758e-01 5.898086721004333066e-01 4.650242712185703731e-01 7.524699221371494717e-01 4.765540418919423371e-01 3.261789507452333980e-01 2.168167392588577769e-01 2.126367020154180665e-01 1.995324496509860157e-01 2.218244244768954876e-01
7.986550268343984849e-01 3.174816043666742194e-01 6.285769665161204944e-01 5.315733270217469775e-01 1.029315235729373779e+00 1.110823129470881909e+00 3.195102632215214289e-01 4.486568376320947404e-01 1.237775876553744769e+00 7.017429179317957733e-01 6.728876281952257399e-01 0.000000000000000000e+00 3.659619727103750608e-01 4.983009811862404437e-01 6.457669426216875452e-01 2.813134823892213809e-01 1.028429074750284000e+00 4.549804333376476495e-01 4.248030065973374403e-01 9.119375355256437166e-01 4.129639673353560081e-01 5.192148969651602108e-01 8.424939291137433228e-01 6.082324594581718369e-01 7.236640020874360868e-01
7.061110298365419480e-01 6.637222226504344569e-01 3.087061905681238727e-01 5.555438412661296566e-01 9.445556479359515922e-01 9.613896423022207927e-01 3.104965736925999198e-01 3.245561200764529586e-01 1.122263406387941531e+00 5.405750210915218901e-01 6.415953343878680881e-01 3.659619727103750608e-01 0.000000000000000000e+00 5.055144441359862295e-01 4.291930027213478605e-01 3.440085285552528238e-01 9.250256588770721100e-01 2.384364282892603160e-01 4.047469374488659732e-01 7.706195299289753109e-01 4.842822832199573657e-01 4.437717256051307846e-01 7.574655748277512313e-01 6.369089384189797753e-01 6.066183737702073309e-01
9.247174932540336290e-01 8.116805815400059965e-01 8.007955787067220221e-01 2.943836312980953052e-01 1.248709270330720100e+00 1.345594532305866009e+00 6.076512920011192254e-01 4.422408514225169562e-01 1.359316811274982939e+00 9.358352042551643102e-01 8.667295108693623407e-01 4.983009811862404437e-01 5.055144441359862295e-01 0.000000000000000000e+00 7.050283203187825976e-01 2.879198157007568093e-01 1.151357137016076004e+00 6.331287231318343256e-01 2.557753776234499843e-01 1.147358507589732568e+00 5.451479983806852836e-01 7.699729955060995445e-01 1.070421321159470640e+00 7.708522713583595420e-01 9.637169865846830774e-01
2.792649546004803418e-01 9.545416067936719484e-01 7.376808072345990563e-01 6.944704877896699102e-01 7.706894095580227866e-01 7.016425205171943347e-01 4.599638375210576835e-01 2.789062288075854767e-01 6.953330092458188672e-01 2.802785893163423636e-01 3.887096500966654711e-01 6.457669426216875452e-01 4.291930027213478605e-01 7.050283203187825976e-01 0.000000000000000000e+00 4.504509051622882509e-01 4.980952617349493905e-01 2.380768491870912662e-01 5.149510161097934358e-01 5.162596052606208685e-01 2.357972238607106974e-01 3.088589896457069606e-01 5.924014603867735484e-01 2.439112861558650758e-01 4.099713693254948832e-01
6.384850593746713709e-01 5.946930827429868227e-01 6.392896631259885609e-01 2.868063261165546551e-01 9.671596795074449693e-01 1.143162409406622171e+00 3.726282936721184158e-01 2.741396967154042241e-01 1.073084377395621125e+00 7.213614136899373364e-01 5.851799200460878758e-01 2.813134823892213809e-01 3.440085285552528238e-01 2.879198157007568093e-01 4.504509051622882509e-01 0.000000000000000000e+00 8.651247031367138574e-01 4.874785275391600448e-01 2.324571429277101364e-01 9.573424296342155637e-01 2.590009693008542557e-01 5.711536656795813682e-01 7.888717303361959532e-01 4.847052422785283476e-01 7.523435807275178355e-01
2.432204513841805249e-01 1.323023741095643135e+00 1.233513463390323306e+00 1.121701105115588737e+00 9.065689622045768337e-01 8.423787384098009312e-01 8.005676318779545442e-01 7.460301843965347901e-01 2.423906844796111515e-01 5.923148306476366809e-01 5.898086721004333066e-01 1.028429074750284000e+00 9.250256588770721100e-01 1.151357137016076004e+00 4.980952617349493905e-01 8.651247031367138574e-01 0.000000000000000000e+00 7.157638093962074288e-01 9.726254747515675758e-01 6.208883191327907447e-01 6.219896749753922593e-01 6.315150847177820603e-01 7.142116587906865988e-01 4.347352189128314559e-01 4.188406945683406657e-01
4.989227342983343361e-01 7.351144077740987548e-01 5.327288558823898290e-01 6.845780774065240992e-01 7.378614701999919312e-01 7.278403358978873250e-01 2.394758577979344549e-01 2.640084720270787222e-01 9.085270981388808842e-01 3.070257146871885334e-01 4.650242712185703731e-01 4.549804333376476495e-01 2.384364282892603160e-01 6.331287231318343256e-01 2.380768491870912662e-01 4.874785275391600448e-01 7.157638093962074288e-01 0.000000000000000000e+00 4.806758723901397024e-01 5.370702235246419542e-01 3.404768255253536324e-01 2.482075319597126517e-01 5.464894248658697107e-01 4.599109375400305399e-01 3.956422238083256437e-01
7.497812015106316563e-01 7.392965083764052592e-01 7.004161585397354894e-01 2.313573072958301502e-01 1.134449681598506787e+00 1.190326193292580159e+00 5.282836659234688703e-01 2.360447873022080145e-01 1.175459027128922473e+00 7.684712815021299548e-01 7.524699221371494717e-01 4.248030065973374403e-01 4.047469374488659732e-01 2.557753776234499843e-01 5.149510161097934358e-01 2.324571429277101364e-01 9.726254747515675758e-01 4.806758723901397024e-01 0.000000000000000000e+00 9.995870400903068553e-01 4.405924698400001116e-01 6.906053694284494116e-01 9.561617324272576601e-01 6.278192879799299186e-01 8.754755700941996288e-01
4.175888052370193004e-01 1.181065552548529185e+00 1.046736007019814174e+00 1.196433155060953268e+00 7.408900773336142276e-01 2.309049711422195839e-01 6.290871764589915927e-01 7.687927690890029586e-01 8.131520250537245253e-01 2.363087645384580604e-01 4.765540418919423371e-01 9.119375355256437166e-01 7.706195299289753109e-01 1.147358507589732568e+00 5.162596052606208685e-01 9.573424296342155637e-01 6.208883191327907447e-01 5.370702235246419542e-01 9.995870400903068553e-01 0.000000000000000000e+00 7.003784976326105083e-01 4.187707984068500533e-01 5.486356996067647263e-01 5.955326380371567252e-01 2.813590776069199717e-01
3.939799331566695706e-01 7.189967791769653616e-01 7.824191963600747313e-01 5.155773712797292463e-01 7.081587102065906025e-01 9.055343108852164091e-01 2.301679870466641353e-01 2.429420603593440142e-01 8.313364767788524734e-01 5.109449120743739803e-01 3.261789507452333980e-01 4.129639673353560081e-01 4.842822832199573657e-01 5.451479983806852836e-01 2.357972238607106974e-01 2.590009693008542557e-01 6.219896749753922593e-01 3.404768255253536324e-01 4.405924698400001116e-01 7.003784976326105083e-01 0.000000000000000000e+00 3.405455130505459227e-01 5.298707610353416975e-01 2.257042729776740919e-01 4.933426114266632467e-01
4.216458733702866946e-01 7.842536726549595993e-01 6.974286142751286999e-01 8.190476429773203559e-01 5.101003387642135678e-01 6.203330629682866082e-01 2.140527234895898967e-01 5.122160039867913461e-01 8.239378156167438405e-01 2.254021805391907274e-01 2.168167392588577769e-01 5.192148969651602108e-01 4.437717256051307846e-01 7.699729955060995445e-01 3.088589896457069606e-01 5.711536656795813682e-01 6.315150847177820603e-01 2.482075319597126517e-01 6.906053694284494116e-01 4.187707984068500533e-01 3.405455130505459227e-01 0.000000000000000000e+00 3.232790321485828899e-01 2.503017666070271319e-01 2.126743901494414501e-01
4.934969150701931095e-01 1.101291293909969271e+00 1.011391229990319163e+00 1.045448132315071055e+00 2.008724194833994559e-01 7.583890405770206122e-01 5.253387729344236590e-01 7.398948167234201678e-01 9.066343896896483789e-01 4.131131276450993317e-01 2.126367020154180665e-01 8.424939291137433228e-01 7.574655748277512313e-01 1.070421321159470640e+00 5.924014603867735484e-01 7.888717303361959532e-01 7.142116587906865988e-01 5.464894248658697107e-01 9.561617324272576601e-01 5.486356996067647263e-01 5.298707610353416975e-01 3.232790321485828899e-01 0.000000000000000000e+00 4.113934203108728371e-01 3.090860706026362092e-01
2.036330616473971400e-01 8.918591846217698293e-01 9.101252351310775701e-01 7.412816442574031717e-01 5.858902263844355529e-01 8.006884512897625150e-01 3.658324129651232548e-01 4.115523722760927039e-01 6.440820207162916144e-01 4.177863001418591349e-01 1.995324496509860157e-01 6.082324594581718369e-01 6.369089384189797753e-01 7.708522713583595420e-01 2.439112861558650758e-01 4.847052422785283476e-01 4.347352189128314559e-01 4.599109375400305399e-01 6.278192879799299186e-01 5.955326380371567252e-01 2.257042729776740919e-01 2.503017666070271319e-01 4.113934203108728371e-01 0.000000000000000000e+00 3.452191295725055564e-01
2.089714832208452167e-01 9.927920191103216663e-01 8.795216895114192912e-01 1.008919982706392604e+00 5.014433740165264997e-01 5.008858608803616885e-01 4.267271136390313191e-01 6.537460029356922941e-01 6.112634254673022793e-01 1.992266947730124971e-01 2.218244244768954876e-01 7.236640020874360868e-01 6.066183737702073309e-01 9.637169865846830774e-01 4.099713693254948832e-01 7.523435807275178355e-01 4.188406945683406657e-01 3.956422238083256437e-01 8.754755700941996288e-01 2.813590776069199717e-01 4.933426114266632467e-01 2.126743901494414501e-01 3.090860706026362092e-01 3.452191295725055564e-01 0.000000000000000000e+00
