0.000000000000000000e+00 3.133603500673478948e+01 2.099448406209951656e+01 2.059403970625310620e+01 1.633082133258428215e+01 1.762703940341042141e+01 1.285849170968001864e+01 2.232604257962383087e+01 1.217704264385443658e+01 1.166160789697106459e+01 2.394152891857373788e+01 2.096045687933512269e+01 2.593579851733890251e+01 1.071631116441587039e+01 9.055851846027708874e+00 1.521866229335026865e+01 1.566214001154848390e+01 1.906488192421622330e+01 7.870016023544256001e+00 2.502792766583567641e+01 2.364647073889104689e+01 1.258317954642277314e+01 1.877112861582432402e+01 8.839683453733130136e+00 7.083578129853211003e+00 2.866879648253672030e+01 2.436801881052270957e+01 2.512850234148371342e+01 1.804562199995185523e+01 8.288286533312176019e+00 1.418500050191533823e+01 1.520572183154390622e+01 1.628344374936286343e+01 2.284112175004032608e+01 6.425749258252038132e+00 1.873163165106555184e+01 1.867119940832182579e+01 1.103741119971861018e+01 1.645078987049052799e+01 2.623726084780448531e+01 1.596026843859721289e+01 2.008854625594131704e+01 2.027809530199090915e+01 5.427672029454879699e+00 1.612105002474777748e+01 1.224115195344921503e+01 2.320904490015746191e+01 5.539116174284803407e+00 2.886021687702719518e+01 1.854476694626091415e+01
3.133603500673478948e+01 0.000000000000000000e+00 3.042027281372538638e+01 2.046658253579050779e+01 1.932214519665187069e+01 1.571095231672251202e+01 1.914189885375901312e+01 1.302222578467833181e+01 3.147632738715475043e+01 3.021940278440510497e+01 1.252298443601674194e+01 1.103917453774206159e+01 1.072074925871480211e+01 2.524756283138961876e+01 2.263038346491198638e+01 2.184023531679978802e+01 2.426505553637134582e+01 2.118193300366822740e+01 3.390061803745198432e+01 7.722142555523404894e+00 8.100211396670468744e+00 2.429299636361611547e+01 1.644882795444822676e+01 2.622978542992992956e+01 3.365897107682337719e+01 6.911659790096854827e+00 1.809034250586400105e+01 6.883521645058355176e+00 1.483734335359377354e+01 2.431391182153870645e+01 1.924234111175110229e+01 1.632499379079567348e+01 2.956637353791771261e+01 1.519526616712376743e+01 2.780786697225721937e+01 1.317620661514885327e+01 2.600619047410801343e+01 2.128815167392571084e+01 2.934568005875311769e+01 5.664448485978994974e+00 2.451839493582100005e+01 1.242097203392616933e+01 1.143628915292271131e+01 2.592897801979785655e+01 2.176087065216584904e+01 2.576972702372210833e+01 1.072835982225539198e+01 2.858481244301862745e+01 5.187954352740384856e+00 1.483651355798930815e+01
2.099448406209951656e+01 3.042027281372538638e+01 0.000000000000000000e+00 2.948262720824023120e+01 2.633948772878591527e+01 1.581876764004376668e+01 1.733858675278989736e+01 3.500146693708459367e+01 1.275103404031178655e+01 1.156409333785145321e+01 2.211427128650490559e+01 2.578689903159929386e+01 2.762927592910225982e+01 2.554403916587839163e+01 1.720829755788365034e+01 8.969079293569782507e+00 2.429608632548416480e+01 3.363491377718509767e+01 1.919021744574997612e+01 2.314302288308785194e+01 3.319160806079931092e+01 9.930483084500638213e+00 2.312905476410758254e+01 1.934958716796294809e+01 1.808702198033177666e+01 3.388090011843225824e+01 2.926938510669857507e+01 2.474669181177599597e+01 1.580663744655516822e+01 1.321597562752588395e+01 2.825158646782393745e+01 2.033907710129347990e+01 6.166248429934606534e+00 3.218237947339968485e+01 1.514706258941932049e+01 2.764709268285875154e+01 5.763642126332490179e+00 2.336476946872853588e+01 5.969299978933270800e+00 2.827592018899000337e+01 2.771518340246718637e+01 2.071004257170585205e+01 2.181250557118055866e+01 2.245999972058304550e+01 2.883926207078756931e+01 9.239594088663279692e+00 1.969191299146999086e+01 1.602153685798749549e+01 2.960309359239957772e+01 3.023107848043726165e+01
2.059403970625310620e+01 2.046658253579050779e+01 2.948262720824023120e+01 0.000000000000000000e+00 1.877895972433557503e+01 2.331215669723942341e+01 1.268913815904673470e+01 1.229697052117364819e+01 2.998893273660225134e+01 2.377206353321925292e+01 1.798534775079895809e+01 2.553076646901967450e+01 1.086983351537972808e+01 1.056009017792523608e+01 2.064235388002079929e+01 2.112873465546814700e+01 8.630804154728037858e+00 8.547953489450600628e+00 2.785326716449937123e+01 2.279998823783973805e+01 1.944843547175550924e+01 2.733449776168790635e+01 7.236065823135056974e+00 1.335867994180000018e+01 2.459456135336768057e+01 1.404012853185123433e+01 6.958679610305257945e+00 1.578105116438897326e+01 1.645973764659963834e+01 1.750444813069940153e+01 1.260197091396003621e+01 2.370749581080828250e+01 3.032874352173203647e+01 6.122607996306007827e+00 2.416281860467529086e+01 1.948440575925403095e+01 2.666813265778552733e+01 1.626903341689162374e+01 2.604367924655923616e+01 2.505344016750925462e+01 5.784475000439631032e+00 1.246560927752399550e+01 2.688658735716139603e+01 1.620602142083250641e+01 5.547745271631686848e+00 2.203711935368910702e+01 1.937327811866151350e+01 1.990820924690490656e+01 1.570663161742663050e+01 1.517023330874471654e+01
1.633082133258428215e+01 1.932214519665187069e+01 2.633948772878591527e+01 1.877895972433557503e+01 0.000000000000000000e+00 1.625878410880693181e+01 2.317477730600378294e+01 1.238713947751858768e+01 2.057478076672270717e+01 2.616578907254410069e+01 2.702812030502601104e+01 1.111503423540239055e+01 2.171389771040728078e+01 1.098879129231764296e+01 9.701202325417897399e+00 2.249043375389433308e+01 1.937300386288319842e+01 1.292895147180339599e+01 2.106463963312817000e+01 1.964358022336307030e+01 1.184455037492850238e+01 1.651624979934781479e+01 2.362932052359673918e+01 1.711137191291607351e+01 2.327286696081320372e+01 1.785792440075876186e+01 2.093124502534884357e+01 2.576035363187979854e+01 2.260598432554411374e+01 2.124047766907501966e+01 6.316728651957805418e+00 9.119576692799812534e+00 2.265327856589864197e+01 1.580007978713943650e+01 1.560772984528260920e+01 6.610501353928030177e+00 2.251790623697852922e+01 5.736716730950614185e+00 2.945633588098431588e+01 1.562270791435839179e+01 1.770882617917655821e+01 2.732535395993267002e+01 1.409603475897323932e+01 1.122421226321135279e+01 1.356247900412937746e+01 2.571237951173139180e+01 2.162920761046932583e+01 2.028050059233223834e+01 2.214257590040672241e+01 7.787986893297181190e+00
1.762703940341042141e+01 1.571095231672251202e+01 1.581876764004376668e+01 2.331215669723942341e+01 1.625878410880693181e+01 0.000000000000000000e+00 1.291170052878731411e+01 2.465049143903026874e+01 1.576537507043223307e+01 1.919800086875713419e+01 1.129813344681962306e+01 1.072451497630203932e+01 1.857638370121909333e+01 1.849741347571127292e+01 8.990400722936005451e+00 9.249028777820566205e+00 2.129311179163089562e+01 2.483857552506610133e+01 1.875725350047532558e+01 8.010309669444215075e+00 1.869658980548283722e+01 8.738849942130396897e+00 1.618546978020496141e+01 1.866199981897183946e+01 2.440726293514480005e+01 2.167910120504062732e+01 2.167599356731172122e+01 1.290274356050909610e+01 6.852419050639794840e+00 1.524087401089116156e+01 1.866497274383732830e+01 7.927979413690400712e+00 1.419858702624839708e+01 2.468727270800873086e+01 1.246643543275759214e+01 1.561802171091563984e+01 1.145483313136304737e+01 1.359241190716508463e+01 1.738846975575835785e+01 1.250436564811612783e+01 2.354167043263403869e+01 1.285894850849909510e+01 5.993737931136788433e+00 1.483884743928371996e+01 2.341455626408837531e+01 1.434100998055796516e+01 6.646454999348199166e+00 2.007979576932774535e+01 1.730191613691227914e+01 1.974058974913843301e+01
1.285849170968001864e+01 1.914189885375901312e+01 1.733858675278989736e+01 1.268913815904673470e+01 2.317477730600378294e+01 1.291170052878731411e+01 0.000000000000000000e+00 2.201765295507662756e+01 2.276583931712822917e+01 1.257086225224811926e+01 1.156141830173792684e+01 2.363621550508935343e+01 1.326968533286405538e+01 1.407071889086051542e+01 1.847902616146579646e+01 9.147278647056518608e+00 8.683776623960877572e+00 1.913006254812713536e+01 2.042512233629702578e+01 1.604988683739076549e+01 2.649477427477345159e+01 1.572484468586412731e+01 7.186148185905235408e+00 7.293364394241634407e+00 1.517861857533730863e+01 2.030252595229548973e+01 1.349496492323629759e+01 1.259197458620956489e+01 6.692324626018014477e+00 6.550311520775375485e+00 1.990901493570503789e+01 2.005058141448917297e+01 1.863214076668442232e+01 1.583266350045708215e+01 1.871380806743108849e+01 2.562213040451866775e+01 1.487797402843375849e+01 1.786781741448286098e+01 1.415265708249521381e+01 2.216827108266672397e+01 1.150428600770587373e+01 7.484864932112123448e+00 1.843702648304242686e+01 1.257365123551849351e+01 1.539866938867763047e+01 1.014609718962508467e+01 1.139691393207322179e+01 1.028728721720529293e+01 1.623329589334504774e+01 2.441740448223836779e+01
2.232604257962383087e+01 1.302222578467833181e+01 3.500146693708459367e+01 1.229697052117364819e+01 1.238713947751858768e+01 2.465049143903026874e+01 2.201765295507662756e+01 0.000000000000000000e+00 2.876530102792470345e+01 3.123274767415417941e+01 2.169585127500263511e+01 1.493187886012682952e+01 1.095439896888696296e+01 1.369284403888919144e+01 1.845381767699199571e+01 2.920537341127899467e+01 1.908354023742161587e+01 8.666619348619379437e+00 2.828369312782378842e+01 2.010471656041379518e+01 7.450405729803499355e+00 2.521781312762551508e+01 1.543652422799746660e+01 2.022621524913529711e+01 2.894521798567474491e+01 7.076859049402005830e+00 1.252856946116926373e+01 1.585272056466944157e+01 2.347685473706172843e+01 2.605255416652701683e+01 8.160124238178859457e+00 1.684683712330701510e+01 3.135484189417634937e+01 6.211467075077688804e+00 2.301603306535213633e+01 9.375128840175387168e+00 3.117988544527720052e+01 1.395296361895881887e+01 3.497500644765758437e+01 1.459408779400668976e+01 1.630692033518044326e+01 1.754545090885412151e+01 2.019378727722377320e+01 1.694734511371123631e+01 1.136781412800715252e+01 3.057376346776377218e+01 2.268238555868684614e+01 2.563360438466011715e+01 1.165927690409473172e+01 4.967277277856077866e+00
1.217704264385443658e+01 3.147632738715475043e+01 1.275103404031178655e+01 2.998893273660225134e+01 2.057478076672270717e+01 1.576537507043223307e+01 2.276583931712822917e+01 2.876530102792470345e+01 0.000000000000000000e+00 2.110266149107633638e+01 2.382657050662329468e+01 2.264791768715251408e+01 3.130230031007710778e+01 1.947349427867225202e+01 1.089438454439448556e+01 1.406384547857511436e+01 2.631733248357899768e+01 2.679564377847358614e+01 7.827526477241113945e+00 2.377568473987644992e+01 2.829895733561967930e+01 7.647018120156572785e+00 2.773024380111958109e+01 1.981230498060113732e+01 1.607263012484542841e+01 3.467775260988197772e+01 3.343202006611313237e+01 2.631495680747470800e+01 1.847956080181148764e+01 2.046532917716660194e+01 2.063295577170136497e+01 1.654064942156205475e+01 6.656329787490411043e+00 3.044789913724521924e+01 6.143118736625421406e+00 2.275144642035103359e+01 1.098308943803410287e+01 1.623387854749195824e+01 1.691893214657763167e+01 2.708451477551428255e+01 2.643238114233597358e+01 2.461497500730050803e+01 2.048141025627920442e+01 1.430995965674970449e+01 2.465026453340417589e+01 1.781362154859360913e+01 2.093815932832647064e+01 1.693688470234319610e+01 3.117135858809828974e+01 2.466166777606629523e+01
1.166160789697106459e+01 3.021940278440510497e+01 1.156409333785145321e+01 2.377206353321925292e+01 2.616578907254410069e+01 1.919800086875713419e+01 1.257086225224811926e+01 3.123274767415417941e+01 2.110266149107633638e+01 0.000000000000000000e+00 2.210341821882884261e+01 2.992251584505917350e+01 2.558345166691272965e+01 1.761657827640806318e+01 2.048093643487136362e+01 1.048631677832501197e+01 1.856239599197036938e+01 2.629728874866051669e+01 1.499448795249790045e+01 2.531871184715618028e+01 3.312433559521088000e+01 1.731149150419948413e+01 1.926355300184134478e+01 1.231047810376244556e+01 7.609629958203788291e+00 3.216428950079534133e+01 2.559358042944101896e+01 2.385880681693979000e+01 1.577904206249259289e+01 6.364292916655969634e+00 2.322436379057845457e+01 2.589127491231941747e+01 1.582185892430541685e+01 2.758350045129572692e+01 1.774820346144745997e+01 2.861314217105898905e+01 1.270017938753560927e+01 2.084269337258103860e+01 5.682853030540401917e+00 3.115312912793484301e+01 2.067607433826667673e+01 1.906408139464948448e+01 2.512135887196786399e+01 1.528691073885495655e+01 2.180015300658705968e+01 5.115648262461753859e+00 2.067403358536997260e+01 6.230006751722828362e+00 2.795732188228187454e+01 2.766832631248901819e+01
2.394152891857373788e+01 1.252298443601674194e+01 2.211427128650490559e+01 1.798534775079895809e+01 2.702812030502601104e+01 1.129813344681962306e+01 1.156141830173792684e+01 2.169585127500263511e+01 2.382657050662329468e+01 2.210341821882884261e+01 0.000000000000000000e+00 1.797682706706752143e+01 1.119978037213123123e+01 2.528918275870589838e+01 1.917481696417284809e+01 1.348241438641715462e+01 1.807448671877587998e+01 2.192125808944716425e+01 2.850965903863454542e+01 9.245439411233252969e+00 2.018070315282881566e+01 1.645201451360250999e+01 1.110174579786935212e+01 1.860531287839184245e+01 2.592375904094268080e+01 1.579987645986519595e+01 1.483006823208722835e+01 6.560720305827640431e+00 6.462256082153189141e+00 1.655063697282982105e+01 2.640434649457811389e+01 1.830121579305307122e+01 2.127579165532619498e+01 1.736907476788692861e+01 2.214016827061766080e+01 2.425738207674623936e+01 1.770018894688754330e+01 2.468037383859945777e+01 2.097059278731252974e+01 1.470084482090181410e+01 1.987972037360374244e+01 5.660619434298063801e+00 1.303843924033428969e+01 2.375190326616854719e+01 2.137782808856685790e+01 1.735031617690910721e+01 5.398912694556688763e+00 2.096033989148054388e+01 1.137190878792169890e+01 2.599021396085734992e+01
2.096045687933512269e+01 1.103917453774206159e+01 2.578689903159929386e+01 2.553076646901967450e+01 1.111503423540239055e+01 1.072451497630203932e+01 2.363621550508935343e+01 1.493187886012682952e+01 2.264791768715251408e+01 2.992251584505917350e+01 1.797682706706752143e+01 0.000000000000000000e+00 2.125822695330604262e+01 1.817847363060676358e+01 1.242094701755011954e+01 1.971186846711622920e+01 2.654533057109892269e+01 1.954307183419001603e+01 2.411532917353932604e+01 8.847027790506652778e+00 7.972074829180794353e+00 1.729365052925259150e+01 2.482264967131465028e+01 2.315149896975749044e+01 2.793392541016440944e+01 1.497159946083043458e+01 2.692613625510724518e+01 1.595339608500197137e+01 1.757693402694183149e+01 2.596538898719320088e+01 1.321234259884225359e+01 6.262087465700713729e+00 2.335471550290360909e+01 2.062182203107510858e+01 1.808330203785109092e+01 6.483167514619212035e+00 2.153242237075843235e+01 1.181904064163711965e+01 2.783257705256131231e+01 5.619175964646013988e+00 2.488115288739228603e+01 1.938152330774336818e+01 5.435960038140167150e+00 1.660869681212182769e+01 2.061050389508735137e+01 2.499691033269093765e+01 1.338951301056503773e+01 2.561958769063833685e+01 1.584940786933532308e+01 1.118623046754635730e+01
2.593579851733890251e+01 1.072074925871480211e+01 2.762927592910225982e+01 1.086983351537972808e+01 2.171389771040728078e+01 1.857638370121909333e+01 1.326968533286405538e+01 1.095439896888696296e+01 3.130230031007710778e+01 2.558345166691272965e+01 1.119978037213123123e+01 2.125822695330604262e+01 0.000000000000000000e+00 1.789405264154514441e+01 2.649389549958398860e+01 1.878316623710267308e+01 1.478713780863527560e+01 1.247576109965792668e+01 3.350242914395590077e+01 1.449544748190973209e+01 1.579185854407130485e+01 2.392774431705632310e+01 7.302260084764191639e+00 1.879162711053588453e+01 2.825592538299620315e+01 7.670435965209013496e+00 7.457758010199994736e+00 6.615197687001082905e+00 1.305464756288541928e+01 1.958686464215353240e+01 1.608690574663881634e+01 2.538577172920929925e+01 2.761267766899787190e+01 6.453229015616757103e+00 2.951022708080686741e+01 1.979211467078874165e+01 2.398086906743691671e+01 2.195268314320474090e+01 2.568266340396169056e+01 1.608444716555691656e+01 1.445245643872741681e+01 7.056371594778327427e+00 1.951180594743654595e+01 2.334636455437968650e+01 1.229569445114050907e+01 2.173002442498395936e+01 1.252287346861863782e+01 2.336459402486417503e+01 5.843388551459131719e+00 1.502109216026186544e+01
1.071631116441587039e+01 2.524756283138961876e+01 2.554403916587839163e+01 1.056009017792523608e+01 1.098879129231764296e+01 1.849741347571127292e+01 1.407071889086051542e+01 1.369284403888919144e+01 1.947349427867225202e+01 1.761657827640806318e+01 2.528918275870589838e+01 1.817847363060676358e+01 1.789405264154514441e+01 0.000000000000000000e+00 1.012691542209079465e+01 1.823078731178275902e+01 8.650947005384121979e+00 9.096714032458153909e+00 1.745968753905401982e+01 2.572783134010223449e+01 1.736476386788679349e+01 1.750833499206319743e+01 1.501856397853163116e+01 7.173812964604033837e+00 1.579273104317734067e+01 2.048789315381493736e+01 1.504995252414739859e+01 2.421361296462580981e+01 1.955046861111171097e+01 1.238435197057834003e+01 6.543199085611919763e+00 1.416939753988550343e+01 2.270905657333869954e+01 1.261111504684306084e+01 1.362403189640536105e+01 1.311229977600744512e+01 2.350999142969391542e+01 7.116359878161598651e+00 2.135883704991146459e+01 2.252397624953221822e+01 7.219447238800841937e+00 2.050239789989682393e+01 2.045105004458821085e+01 5.645931242907263226e+00 5.598358190404634449e+00 1.695759407001765240e+01 2.463919517206558396e+01 1.207119138560290494e+01 2.266150733846939502e+01 1.116345315736758081e+01
9.055851846027708874e+00 2.263038346491198638e+01 1.720829755788365034e+01 2.064235388002079929e+01 9.701202325417897399e+00 8.990400722936005451e+00 1.847902616146579646e+01 1.845381767699199571e+01 1.089438454439448556e+01 2.048093643487136362e+01 1.917481696417284809e+01 1.242094701755011954e+01 2.649389549958398860e+01 1.012691542209079465e+01 0.000000000000000000e+00 1.335924358299205750e+01 1.828229432377579045e+01 1.722053174964219835e+01 1.169785375931575899e+01 1.637824892958661493e+01 1.741914851382942686e+01 7.385059628445537427e+00 2.340331417309174000e+01 1.270221812949193918e+01 1.593285297922468935e+01 2.380417416857715907e+01 2.467896910078036399e+01 2.138192773158741389e+01 1.415263117378364655e+01 1.612128517551522933e+01 1.104692896841342709e+01 6.359111056754054303e+00 1.298615066538680018e+01 2.087278710841384211e+01 5.998822983683264276e+00 1.185706187595654448e+01 1.338671606607625719e+01 6.156471910844884654e+00 2.032514571008205451e+01 1.739065007301463339e+01 1.721508055721810493e+01 2.028804537927265983e+01 1.122224345596319850e+01 5.911632695686646066e+00 1.530368567682271141e+01 1.883445473064100639e+01 1.512682391904266233e+01 1.429443583208660229e+01 2.617672201266073984e+01 1.378808933476148368e+01
1.521866229335026865e+01 2.184023531679978802e+01 8.969079293569782507e+00 2.112873465546814700e+01 2.249043375389433308e+01 9.249028777820566205e+00 9.147278647056518608e+00 2.920537341127899467e+01 1.406384547857511436e+01 1.048631677832501197e+01 1.348241438641715462e+01 1.971186846711622920e+01 1.878316623710267308e+01 1.823078731178275902e+01 1.335924358299205750e+01 0.000000000000000000e+00 1.679426638166892261e+01 2.625424379518453222e+01 1.958594113068578224e+01 1.561978526448878135e+01 2.768394329629702355e+01 7.416261779725618730e+00 1.462809840837209485e+01 1.192893985044701921e+01 1.581327956930205225e+01 2.498053366108999640e+01 2.067012995221342209e+01 1.611483491168824145e+01 7.068852512747054284e+00 7.045672914349243143e+00 2.399807408183329827e+01 1.546259099309251717e+01 9.879352520406420979e+00 2.368140909291043883e+01 1.358203366532378631e+01 2.316219128051518439e+01 5.930394774164773786e+00 1.951571549383694304e+01 8.277405201667200174e+00 2.134434456025727656e+01 2.022733692742824374e+01 1.186393287970626176e+01 1.524276670895735464e+01 1.656334170676644746e+01 2.145859208878697899e+01 5.536646016841357820e+00 1.111187549454438894e+01 1.184937488908935954e+01 2.073152487155298118e+01 2.631499910769038308e+01
1.566214001154848390e+01 2.426505553637134582e+01 2.429608632548416480e+01 8.630804154728037858e+00 1.937300386288319842e+01 2.129311179163089562e+01 8.683776623960877572e+00 1.908354023742161587e+01 2.631733248357899768e+01 1.856239599197036938e+01 1.807448671877587998e+01 2.654533057109892269e+01 1.478713780863527560e+01 8.650947005384121979e+00 1.828229432377579045e+01 1.679426638166892261e+01 0.000000000000000000e+00 1.337891642958047633e+01 2.292136746979474182e+01 2.319481085365719153e+01 2.458828407664822535e+01 2.391093384127215060e+01 8.017872988056490513e+00 7.230609325753671435e+00 1.880554957756508827e+01 2.072580765782270973e+01 1.212459822791984543e+01 1.792580862441127110e+01 1.473985986624758660e+01 1.219810307531440685e+01 1.390076839368551198e+01 2.280365733549002627e+01 2.663362447593245719e+01 1.289855078280206691e+01 2.029512659206369563e+01 2.121342192613406397e+01 2.269498151006482800e+01 1.556067758187935546e+01 2.085713836380316621e+01 2.844824261525367604e+01 5.560726828637226227e+00 1.275496707168751698e+01 2.666331934390198199e+01 1.244471838161985744e+01 7.974744055244013197e+00 1.685057847093303351e+01 1.918181817985863447e+01 1.413434714248138846e+01 1.977761011757335297e+01 1.824409435100105625e+01
1.906488192421622330e+01 2.118193300366822740e+01 3.363491377718509767e+01 8.547953489450600628e+00 1.292895147180339599e+01 2.483857552506610133e+01 1.913006254812713536e+01 8.666619348619379437e+00 2.679564377847358614e+01 2.629728874866051669e+01 2.192125808944716425e+01 1.954307183419001603e+01 1.247576109965792668e+01 9.096714032458153909e+00 1.722053174964219835e+01 2.625424379518453222e+01 1.337891642958047633e+01 0.000000000000000000e+00 2.546472610331164432e+01 2.659954348212319886e+01 1.498471587930620075e+01 2.460195131961460646e+01 1.273522102116164767e+01 1.476059183549088161e+01 2.461149483922596204e+01 1.448908831663904628e+01 1.016390563112584289e+01 1.891773345684206475e+01 2.208505312855023917e+01 2.067604597413619416e+01 6.756556063353542640e+00 1.830173689864202302e+01 2.987237191968840122e+01 6.496360654133375157e+00 2.104637581590101902e+01 1.341254775384732589e+01 3.060360775724532090e+01 1.204014666867511885e+01 2.988749840274121539e+01 2.220772568233008926e+01 1.065244824042266991e+01 1.689743835303110941e+01 2.304035758974423942e+01 1.392157940873406652e+01 5.404172374336467577e+00 2.548625542284739964e+01 2.328584244391404923e+01 2.081491208586859187e+01 1.708986093157580299e+01 9.056819529600483420e+00
7.870016023544256001e+00 3.390061803745198432e+01 1.919021744574997612e+01 2.785326716449937123e+01 2.106463963312817000e+01 1.875725350047532558e+01 2.042512233629702578e+01 2.828369312782378842e+01 7.827526477241113945e+00 1.499448795249790045e+01 2.850965903863454542e+01 2.411532917353932604e+01 3.350242914395590077e+01 1.745968753905401982e+01 1.169785375931575899e+01 1.958594113068578224e+01 2.292136746979474182e+01 2.546472610331164432e+01 0.000000000000000000e+00 2.641508022367872144e+01 2.878881620202514213e+01 1.224537542757754593e+01 2.633775924244132938e+01 1.636091646002453004e+01 8.837306035781859137e+00 3.454893385969221953e+01 3.198293628270699784e+01 3.080995449308080936e+01 2.346886045776133756e+01 1.583003246771902006e+01 2.012356888964493251e+01 1.800556401053650646e+01 1.377660994723471610e+01 2.924096592913574355e+01 6.653775108392471438e+00 2.325569716255274599e+01 1.694766887402564493e+01 1.643349777250639931e+01 1.978366992601736385e+01 2.903710302679708377e+01 2.321949589684346549e+01 2.765517688255831885e+01 2.276165313602991702e+01 1.190022905032768286e+01 2.269540211609337632e+01 1.737305409322552308e+01 2.467597930946874385e+01 1.114137351676005849e+01 3.566635627370439465e+01 2.439494881204525001e+01
2.502792766583567641e+01 7.722142555523404894e+00 2.314302288308785194e+01 2.279998823783973805e+01 1.964358022336307030e+01 8.010309669444215075e+00 1.604988683739076549e+01 2.010471656041379518e+01 2.377568473987644992e+01 2.531871184715618028e+01 9.245439411233252969e+00 8.847027790506652778e+00 1.449544748190973209e+01 2.572783134010223449e+01 1.637824892958661493e+01 1.561978526448878135e+01 2.319481085365719153e+01 2.659954348212319886e+01 2.641508022367872144e+01 0.000000000000000000e+00 1.421191190451357933e+01 1.674009003460488643e+01 1.609126201548038892e+01 2.266187307647496851e+01 2.944654388692039859e+01 1.416561653258359854e+01 1.960113866969153307e+01 7.880249794908647409e+00 9.938373484429957827e+00 2.008691681373558069e+01 2.174096714614320902e+01 1.230495377396931822e+01 2.219878656387332683e+01 2.085534157182242865e+01 2.023951948550440250e+01 1.525375476176109402e+01 1.872894054347048964e+01 2.000837840242969179e+01 2.369002149193557472e+01 6.626600608485979649e+00 2.494582534800441209e+01 1.065013565190909972e+01 5.751370391431946949e+00 2.222669564593432767e+01 2.619246857560763786e+01 2.049950057792137770e+01 4.944597728908408207e+00 2.477035198574076347e+01 1.068857580203112434e+01 1.971107211587243668e+01
2.364647073889104689e+01 8.100211396670468744e+00 3.319160806079931092e+01 1.944843547175550924e+01 1.184455037492850238e+01 1.869658980548283722e+01 2.649477427477345159e+01 7.450405729803499355e+00 2.829895733561967930e+01 3.312433559521088000e+01 2.018070315282881566e+01 7.972074829180794353e+00 1.579185854407130485e+01 1.736476386788679349e+01 1.741914851382942686e+01 2.768394329629702355e+01 2.458828407664822535e+01 1.498471587930620075e+01 2.878881620202514213e+01 1.421191190451357933e+01 0.000000000000000000e+00 2.391235468144876464e+01 2.255173070937285829e+01 2.403903887973775610e+01 3.039264543293084486e+01 8.172473020994205584e+00 1.964377594254465720e+01 1.405891231827093613e+01 2.252568069928500805e+01 2.818875722313185150e+01 1.128285582646575236e+01 1.295170358726139170e+01 3.021216867859381239e+01 1.332667355645308405e+01 2.333190641417958844e+01 5.929535161721557479e+00 2.918099451565287339e+01 1.384148606716926366e+01 3.580465188174210311e+01 7.691261141049645644e+00 2.235805514531601546e+01 1.959636270713874495e+01 1.296915416254816655e+01 1.823941375195412107e+01 1.695118589534716946e+01 3.266447537768210196e+01 1.876089394266845289e+01 2.726303283231311880e+01 1.126480723901415537e+01 6.758316691514627550e+00
1.258317954642277314e+01 2.429299636361611547e+01 9.930483084500638213e+00 2.733449776168790635e+01 1.651624979934781479e+01 8.738849942130396897e+00 1.572484468586412731e+01 2.521781312762551508e+01 7.647018120156572785e+00 1.731149150419948413e+01 1.645201451360250999e+01 1.729365052925259150e+01 2.392774431705632310e+01 1.750833499206319743e+01 7.385059628445537427e+00 7.416261779725618730e+00 2.391093384127215060e+01 2.460195131961460646e+01 1.224537542757754593e+01 1.674009003460488643e+01 2.391235468144876464e+01 0.000000000000000000e+00 2.066189893203739558e+01 1.842852870640041729e+01 1.887490726983356737e+01 2.838117056430712282e+01 2.636367519703093265e+01 1.894040081445391266e+01 1.141121593272929857e+01 1.426232305513422816e+01 1.842834853838583342e+01 1.174147259799099530e+01 6.409557992934627357e+00 2.825420667838624311e+01 6.325570245141440395e+00 1.826006247643218927e+01 6.189332515694983883e+00 1.354153153929042297e+01 1.312776215970077942e+01 2.036010773284450082e+01 2.459650012719051304e+01 1.754663013821830475e+01 1.367158420241728933e+01 1.263676179114494147e+01 2.268510524679511775e+01 1.248246539922262954e+01 1.358176199022969577e+01 1.805594621630493180e+01 2.379680259507749440e+01 2.054802363151127409e+01
1.877112861582432402e+01 1.644882795444822676e+01 2.312905476410758254e+01 7.236065823135056974e+00 2.362932052359673918e+01 1.618546978020496141e+01 7.186148185905235408e+00 1.543652422799746660e+01 2.773024380111958109e+01 1.926355300184134478e+01 1.110174579786935212e+01 2.482264967131465028e+01 7.302260084764191639e+00 1.501856397853163116e+01 2.340331417309174000e+01 1.462809840837209485e+01 8.017872988056490513e+00 1.273522102116164767e+01 2.633775924244132938e+01 1.609126201548038892e+01 2.255173070937285829e+01 2.066189893203739558e+01 0.000000000000000000e+00 1.155923966374854928e+01 2.110564697763116015e+01 1.474332620164965668e+01 6.582106493774908529e+00 9.970427573411035027e+00 9.437786685429882638e+00 1.299593759932149517e+01 1.768449332182613531e+01 2.408920637250631103e+01 2.365614469208151860e+01 9.296478016737950156e+00 2.420801720871236640e+01 2.369852128565060667e+01 2.002433609052057051e+01 2.096518918182867353e+01 2.036671702298136211e+01 2.101995794812940588e+01 8.957409256759534699e+00 5.533627668689087287e+00 2.008911143345276784e+01 1.792655963658035034e+01 1.098461728944931082e+01 1.641407804400362025e+01 1.256332178866304972e+01 1.622213572195317610e+01 1.200866116323371102e+01 1.864281489844693596e+01
8.839683453733130136e+00 2.622978542992992956e+01 1.934958716796294809e+01 1.335867994180000018e+01 1.711137191291607351e+01 1.866199981897183946e+01 7.293364394241634407e+00 2.022621524913529711e+01 1.981230498060113732e+01 1.231047810376244556e+01 1.860531287839184245e+01 2.315149896975749044e+01 1.879162711053588453e+01 7.173812964604033837e+00 1.270221812949193918e+01 1.192893985044701921e+01 7.230609325753671435e+00 1.476059183549088161e+01 1.636091646002453004e+01 2.266187307647496851e+01 2.403903887973775610e+01 1.842852870640041729e+01 1.155923966374854928e+01 0.000000000000000000e+00 1.182028835468207539e+01 2.483322221452797507e+01 1.691196622827400375e+01 1.973534771432099433e+01 1.288495130140391609e+01 6.390719364914031253e+00 1.368486063193651781e+01 1.817165927800822800e+01 2.176829794471056090e+01 1.671022010518944967e+01 1.379009908908583881e+01 1.955872501143096898e+01 1.782965497884292461e+01 1.180869587232365703e+01 1.566649252798341330e+01 2.847320249953968485e+01 8.487523552842453967e+00 1.462823806022355377e+01 2.392446158545514123e+01 6.790585433805292226e+00 9.831889667985056036e+00 1.126524954808960111e+01 1.797367786235779974e+01 7.234293933579562186e+00 2.337666902145648251e+01 1.822027384583732612e+01
7.083578129853211003e+00 3.365897107682337719e+01 1.808702198033177666e+01 2.459456135336768057e+01 2.327286696081320372e+01 2.440726293514480005e+01 1.517861857533730863e+01 2.894521798567474491e+01 1.607263012484542841e+01 7.609629958203788291e+00 2.592375904094268080e+01 2.793392541016440944e+01 2.825592538299620315e+01 1.579273104317734067e+01 1.593285297922468935e+01 1.581327956930205225e+01 1.880554957756508827e+01 2.461149483922596204e+01 8.837306035781859137e+00 2.944654388692039859e+01 3.039264543293084486e+01 1.887490726983356737e+01 2.110564697763116015e+01 1.182028835468207539e+01 0.000000000000000000e+00 3.526439616410240063e+01 2.716362509628024213e+01 2.726017727949270864e+01 1.964915573505324886e+01 9.384233307967583926e+00 2.080898359773628314e+01 2.209113331653240664e+01 2.081075906146870125e+01 2.753754300673244515e+01 1.254933702469211809e+01 2.567367727929447341e+01 1.864544504830303495e+01 1.790759048771093020e+01 1.285322688623063492e+01 3.312267233279298040e+01 2.001089349859445221e+01 2.235965177292032635e+01 2.715509643518789673e+01 1.215323168097672202e+01 2.060505414833791349e+01 1.044261105343879592e+01 2.475613196425754481e+01 5.100315143630835379e+00 3.113132239400620804e+01 2.518043444692991173e+01
2.866879648253672030e+01 6.911659790096854827e+00 3.388090011843225824e+01 1.404012853185123433e+01 1.785792440075876186e+01 2.167910120504062732e+01 2.030252595229548973e+01 7.076859049402005830e+00 3.467775260988197772e+01 3.216428950079534133e+01 1.579987645986519595e+01 1.497159946083043458e+01 7.670435965209013496e+00 2.048789315381493736e+01 2.380417416857715907e+01 2.498053366108999640e+01 2.072580765782270973e+01 1.448908831663904628e+01 3.454893385969221953e+01 1.416561653258359854e+01 8.172473020994205584e+00 2.838117056430712282e+01 1.474332620164965668e+01 2.483322221452797507e+01 3.526439616410240063e+01 0.000000000000000000e+00 1.385937616115525017e+01 9.440769749853211934e+00 1.850427408219313463e+01 2.616770247603615829e+01 1.448379598062138029e+01 2.053975370823495439e+01 3.331780965536615469e+01 8.419448715267483507e+00 2.924559604219455977e+01 1.328452895015732516e+01 2.974220694692748879e+01 2.012588198712506582e+01 3.207038231983575116e+01 1.109559579204857549e+01 1.856293824122437286e+01 1.319617458769451446e+01 1.771118504014448902e+01 2.327101685615375359e+01 1.527887956516761747e+01 2.812318064470686707e+01 1.587452569854747075e+01 3.025782486921308845e+01 4.835231454261649908e+00 1.033365367328768336e+01
2.436801881052270957e+01 1.809034250586400105e+01 2.926938510669857507e+01 6.958679610305257945e+00 2.093124502534884357e+01 2.167599356731172122e+01 1.349496492323629759e+01 1.252856946116926373e+01 3.343202006611313237e+01 2.559358042944101896e+01 1.483006823208722835e+01 2.692613625510724518e+01 7.457758010199994736e+00 1.504995252414739859e+01 2.467896910078036399e+01 2.067012995221342209e+01 1.212459822791984543e+01 1.016390563112584289e+01 3.198293628270699784e+01 1.960113866969153307e+01 1.964377594254465720e+01 2.636367519703093265e+01 6.582106493774908529e+00 1.691196622827400375e+01 2.716362509628024213e+01 1.385937616115525017e+01 0.000000000000000000e+00 1.241557944569953698e+01 1.495245926430162697e+01 1.932596502692116758e+01 1.498641782357824326e+01 2.625600607777881379e+01 2.949964138410862446e+01 6.390403944669754033e+00 2.823502989740237012e+01 2.083685083153309492e+01 2.586783278254767637e+01 2.011146627087602567e+01 2.658621521344407412e+01 2.326142657169894079e+01 1.081964998236499831e+01 9.519301854088194403e+00 2.372335446011957316e+01 2.050226443698193535e+01 9.451594333742763254e+00 2.263357623446634292e+01 1.621004522161967998e+01 2.241542125872685887e+01 1.326754993493139168e+01 1.578114444432942953e+01
2.512850234148371342e+01 6.883521645058355176e+00 2.474669181177599597e+01 1.578105116438897326e+01 2.576035363187979854e+01 1.290274356050909610e+01 1.259197458620956489e+01 1.585272056466944157e+01 2.631495680747470800e+01 2.385880681693979000e+01 6.560720305827640431e+00 1.595339608500197137e+01 6.615197687001082905e+00 2.421361296462580981e+01 2.138192773158741389e+01 1.611483491168824145e+01 1.792580862441127110e+01 1.891773345684206475e+01 3.080995449308080936e+01 7.880249794908647409e+00 1.405891231827093613e+01 1.894040081445391266e+01 9.970427573411035027e+00 1.973534771432099433e+01 2.726017727949270864e+01 9.440769749853211934e+00 1.241557944569953698e+01 0.000000000000000000e+00 9.094676607424272419e+00 1.791893798247008007e+01 2.252751577240194081e+01 1.910432004603574185e+01 2.390796008596127820e+01 1.303533605686855701e+01 2.439825931281029270e+01 1.996955637481855561e+01 2.033260947215861947e+01 2.648128557647529391e+01 2.350111519858472775e+01 1.112222919083585637e+01 1.857741574561401166e+01 5.537450388867810602e+00 1.309206989264818688e+01 2.492590576799033641e+01 1.861525477422117447e+01 1.962825248831141067e+01 6.844353895951669209e+00 2.215986213586187148e+01 4.856401780623583520e+00 1.947470695355922388e+01
1.804562199995185523e+01 1.483734335359377354e+01 1.580663744655516822e+01 1.645973764659963834e+01 2.260598432554411374e+01 6.852419050639794840e+00 6.692324626018014477e+00 2.347685473706172843e+01 1.847956080181148764e+01 1.577904206249259289e+01 6.462256082153189141e+00 1.757693402694183149e+01 1.305464756288541928e+01 1.955046861111171097e+01 1.415263117378364655e+01 7.068852512747054284e+00 1.473985986624758660e+01 2.208505312855023917e+01 2.346886045776133756e+01 9.938373484429957827e+00 2.252568069928500805e+01 1.141121593272929857e+01 9.437786685429882638e+00 1.288495130140391609e+01 1.964915573505324886e+01 1.850427408219313463e+01 1.495245926430162697e+01 9.094676607424272419e+00 0.000000000000000000e+00 1.027268990460534326e+01 2.471851862923773879e+01 1.465141968707642306e+01 1.497968859348347337e+01 1.796373840499865082e+01 1.709936968974444937e+01 2.237679368875226515e+01 1.139255510693780948e+01 1.980398875607292553e+01 1.451837110904047456e+01 1.624131947436256240e+01 1.688789184825373368e+01 6.135414205489009731e+00 1.217358375387680880e+01 1.801318911857436689e+01 1.947806956277009860e+01 1.096533567767510320e+01 5.247961561767104932e+00 1.486569932377739889e+01 1.395107838804785416e+01 2.627285142057461798e+01
8.288286533312176019e+00 2.431391182153870645e+01 1.321597562752588395e+01 1.750444813069940153e+01 2.124047766907501966e+01 1.524087401089116156e+01 6.550311520775375485e+00 2.605255416652701683e+01 2.046532917716660194e+01 6.364292916655969634e+00 1.655063697282982105e+01 2.596538898719320088e+01 1.958686464215353240e+01 1.238435197057834003e+01 1.612128517551522933e+01 7.045672914349243143e+00 1.219810307531440685e+01 2.067604597413619416e+01 1.583003246771902006e+01 2.008691681373558069e+01 2.818875722313185150e+01 1.426232305513422816e+01 1.299593759932149517e+01 6.390719364914031253e+00 9.384233307967583926e+00 2.616770247603615829e+01 1.932596502692116758e+01 1.791893798247008007e+01 1.027268990460534326e+01 0.000000000000000000e+00 1.804905241646327951e+01 2.165454333106025331e+01 1.614746746697623436e+01 2.131588504877588619e+01 1.464342883628636649e+01 2.368783076758990447e+01 1.219850972073458450e+01 1.593257459517592167e+01 9.399354767835117030e+00 2.625696689815406160e+01 1.475631559941826332e+01 1.307140488959506186e+01 2.088708098495379772e+01 1.050343715146971846e+01 1.588039426773865515e+01 4.998111787941301287e+00 1.539650489107272868e+01 4.903674408141960761e+00 2.196073485752268084e+01 2.255744196299661297e+01
1.418500050191533823e+01 1.924234111175110229e+01 2.825158646782393745e+01 1.260197091396003621e+01 6.316728651957805418e+00 1.866497274383732830e+01 1.990901493570503789e+01 8.160124238178859457e+00 2.063295577170136497e+01 2.322436379057845457e+01 2.640434649457811389e+01 1.321234259884225359e+01 1.608690574663881634e+01 6.543199085611919763e+00 1.104692896841342709e+01 2.399807408183329827e+01 1.390076839368551198e+01 6.756556063353542640e+00 2.012356888964493251e+01 2.174096714614320902e+01 1.128285582646575236e+01 1.842834853838583342e+01 1.768449332182613531e+01 1.368486063193651781e+01 2.080898359773628314e+01 1.448379598062138029e+01 1.498641782357824326e+01 2.252751577240194081e+01 2.471851862923773879e+01 1.804905241646327951e+01 0.000000000000000000e+00 1.170512788547711303e+01 2.369876913845963173e+01 9.986438477845521078e+00 1.488368780912879963e+01 7.457279666861092338e+00 2.443000497601655141e+01 5.865777396565917456e+00 2.697150469759385061e+01 1.711516643430717366e+01 1.223659070997887177e+01 2.138052675816207326e+01 1.644374857657932409e+01 8.787220875532376851e+00 7.480095309826973349e+00 2.257026171770003842e+01 2.410388671975004016e+01 1.755160850296670461e+01 1.928296255122283043e+01 4.735101832002913014e+00
1.520572183154390622e+01 1.632499379079567348e+01 2.033907710129347990e+01 2.370749581080828250e+01 9.119576692799812534e+00 7.927979413690400712e+00 2.005058141448917297e+01 1.684683712330701510e+01 1.654064942156205475e+01 2.589127491231941747e+01 1.830121579305307122e+01 6.262087465700713729e+00 2.538577172920929925e+01 1.416939753988550343e+01 6.359111056754054303e+00 1.546259099309251717e+01 2.280365733549002627e+01 1.830173689864202302e+01 1.800556401053650646e+01 1.230495377396931822e+01 1.295170358726139170e+01 1.174147259799099530e+01 2.408920637250631103e+01 1.817165927800822800e+01 2.209113331653240664e+01 2.053975370823495439e+01 2.625600607777881379e+01 1.910432004603574185e+01 1.465141968707642306e+01 2.165454333106025331e+01 1.170512788547711303e+01 0.000000000000000000e+00 1.781110783843603684e+01 2.109719415675471055e+01 1.197353687484828022e+01 7.749979793789089300e+00 1.622929092839148524e+01 7.753772814502234212e+00 2.338646548793914448e+01 1.103153901626057909e+01 2.121121259466357500e+01 2.017305741161224475e+01 6.690234430047619973e+00 1.138107384420293400e+01 1.831706301129035452e+01 2.093780214074146429e+01 1.321486761144952027e+01 1.998329018945812052e+01 2.134188163829313822e+01 1.193693543341517405e+01
