0.000000000000000000e+00 1.045034413073564261e+00 9.569073979995786905e-01 1.030285038545671661e+00 6.935064372965433765e-01 6.332554358496798042e-01 5.589079220530883685e-01 4.673795636776127971e-01 5.015606784419696096e-01 3.813075751867414653e-01 3.387302022258725787e-01 7.003439258982969706e-01 7.561783700991192569e-01 2.849295908561915169e-01 7.456346319332632921e-01 4.279645689689531851e-01 8.046523559317853014e-01 2.412135870070871158e-01 6.228283071253991610e-01 2.138522960823188990e-01 3.629568346053214656e-01 4.953958265508943692e-01 4.995335410648391594e-01 6.939919213652120389e-01 2.075092602761224869e-01
1.045034413073564261e+00 0.000000000000000000e+00 8.847712371461241565e-01 8.654296605411964105e-01 1.232997961876364013e+00 1.258563187119962068e+00 5.526951476399890595e-01 1.499129753486441397e+00 7.920151883376146396e-01 9.338541813842071715e-01 9.536604098530274687e-01 4.701180157401371185e-01 8.132340026893439822e-01 7.653036297488845507e-01 5.944133947695762199e-01 7.333668536899782264e-01 2.403820571417790430e-01 1.274684977560404331e+00 6.286489297423447642e-01 9.563147075884644854e-01 7.671737770950711743e-01 5.630070731806989803e-01 1.047724843120647398e+00 6.683886507632111895e-01 8.759489087643353988e-01
9.569073979995786905e-01 8.847712371461241565e-01 0.000000000000000000e+00 9.254987873961018074e-01 1.296073695985914709e+00 1.373682391129542379e+00 6.996219298319523716e-01 1.410523833768933422e+00 4.646410742892143064e-01 9.461430772698825598e-01 1.057173105415104786e+00 4.164111349831757791e-01 2.900876092321343913e-01 6.999238551047021195e-01 6.376279579107755335e-01 6.830365860963736324e-01 6.567749896037381463e-01 1.196413189188900716e+00 4.811310405725668926e-01 7.822202021661752713e-01 9.064783317229303528e-01 5.666636691489254085e-01 1.122941693143790109e+00 2.802636300919727486e-01 9.026283282668891017e-01
1.030285038545671661e+00 8.654296605411964105e-01 9.254987873961018074e-01 0.000000000000000000e+00 1.169481030083624473e+00 1.242267813351457084e+00 5.458611374462124521e-01 1.457957322807775125e+00 7.064393926104650667e-01 8.496709175122276747e-01 9.475994606197069015e-01 5.838273247341303485e-01 8.760664270474953774e-01 8.298067291291479908e-01 2.955266775744799235e-01 6.023204695767183647e-01 6.283233673300842037e-01 1.239013131477878060e+00 5.165428598291856854e-01 8.263921423632828445e-01 7.372229342748383152e-01 6.442272311298031795e-01 9.926481997662714996e-01 6.721033218107995699e-01 9.068819053360283045e-01
6.935064372965433765e-01 1.232997961876364013e+00 1.296073695985914709e+00 1.169481030083624473e+00 0.000000000000000000e+00 8.986041798213904030e-01 7.003215386200087877e-01 1.096824006437477683e+00 8.586244828975643228e-01 3.767609187899290113e-01 6.287173582161156293e-01 9.936555565554975322e-01 1.143998609611927231e+00 7.689174001192575769e-01 8.930357420752261799e-01 6.312420416354403985e-01 9.945296537569596751e-01 8.736850513677308916e-01 8.758772743994769350e-01 6.317261020446076625e-01 5.024604028984447357e-01 8.769829257903491992e-01 2.052398896295744568e-01 1.030145722381563989e+00 6.893022779269718514e-01
6.332554358496798042e-01 1.258563187119962068e+00 1.373682391129542379e+00 1.242267813351457084e+00 8.986041798213904030e-01 0.000000000000000000e+00 7.085407545863560141e-01 1.048168876282280504e+00 9.783580423615507726e-01 6.036977625430237637e-01 3.323948349108473144e-01 1.005086325271296044e+00 1.195264999711603382e+00 6.967862192759587403e-01 9.748711943304042560e-01 7.829779672476140373e-01 1.019441207964717711e+00 8.243553292927316978e-01 9.848757284532079215e-01 7.967734474325014471e-01 5.050448790766189910e-01 8.125405945695134413e-01 7.078836478252419351e-01 1.171575447967199368e+00 5.498896655014555712e-01
5.589079220530883685e-01 5.526951476399890595e-01 6.996219298319523716e-01 5.458611374462124521e-01 7.003215386200087877e-01 7.085407545863560141e-01 0.000000000000000000e+00 9.742665699849318850e-01 4.704407391937621141e-01 4.044084973860901377e-01 4.059372332322292443e-01 3.229156666443759871e-01 6.270614704589629884e-01 3.085119330271740568e-01 2.830748382149383957e-01 2.745425850897351139e-01 3.140309213424550272e-01 7.504530229953830789e-01 3.360972781080534544e-01 4.729803178559748300e-01 2.144786294550821981e-01 2.127642978537390150e-01 5.150484198642929501e-01 4.630356387129431761e-01 3.626483287406963574e-01
4.673795636776127971e-01 1.499129753486441397e+00 1.410523833768933422e+00 1.457957322807775125e+00 1.096824006437477683e+00 1.048168876282280504e+00 9.742665699849318850e-01 0.000000000000000000e+00 9.522437658638790436e-01 7.816416515111688224e-01 7.542689593868556752e-01 1.161442015027416508e+00 1.209877501732225191e+00 7.454316422534305042e-01 1.173306916195367311e+00 8.556368532310573150e-01 1.258747696344662659e+00 2.385210816131595468e-01 1.060710945579286912e+00 6.454392461187129504e-01 7.701627299591066178e-01 9.542296979324086381e-01 9.028511102057735771e-01 1.144595860164583367e+00 6.532500859587490050e-01
5.015606784419696096e-01 7.920151883376146396e-01 4.646410742892143064e-01 7.064393926104650667e-01 8.586244828975643228e-01 9.783580423615507726e-01 4.704407391937621141e-01 9.522437658638790436e-01 0.000000000000000000e+00 5.086938641815320628e-01 6.557225118841616407e-01 3.321730395544620351e-01 2.865117943015068058e-01 2.902158756845497622e-01 4.184672982938366093e-01 2.911587614014773950e-01 5.638951921388920541e-01 7.389529198100662777e-01 2.149334965391715979e-01 3.382959724433257653e-01 5.260497297095740876e-01 2.615856113212103318e-01 6.854924800554397235e-01 1.987131006848638359e-01 4.828789985712435562e-01
3.813075751867414653e-01 9.338541813842071715e-01 9.461430772698825598e-01 8.496709175122276747e-01 3.767609187899290113e-01 6.036977625430237637e-01 4.044084973860901377e-01 7.816416515111688224e-01 5.086938641815320628e-01 0.000000000000000000e+00 3.338109409377487125e-01 6.823874338950874918e-01 7.940679908958951927e-01 4.410060499687259994e-01 5.674962602688903290e-01 2.825254904770617692e-01 6.967478881730949647e-01 5.587301353603204568e-01 5.274166767547282531e-01 2.698980440469030406e-01 2.218965248182974970e-01 5.902240155273459354e-01 2.082795373900965807e-01 6.802151036655319505e-01 3.989163007257090499e-01
3.387302022258725787e-01 9.536604098530274687e-01 1.057173105415104786e+00 9.475994606197069015e-01 6.287173582161156293e-01 3.323948349108473144e-01 4.059372332322292443e-01 7.542689593868556752e-01 6.557225118841616407e-01 3.338109409377487125e-01 0.000000000000000000e+00 6.888070926355256418e-01 8.752850627710093701e-01 3.741506887985697749e-01 6.802028415986538512e-01 5.007406036613689659e-01 7.145384306977832223e-01 5.304554123973065360e-01 7.026383648669627391e-01 5.145360838462563757e-01 2.135866664106396418e-01 4.960313088550754590e-01 4.379968262199669393e-01 8.511392235460851774e-01 2.174948305906082013e-01
7.003439258982969706e-01 4.701180157401371185e-01 4.164111349831757791e-01 5.838273247341303485e-01 9.936555565554975322e-01 1.005086325271296044e+00 3.229156666443759871e-01 1.161442015027416508e+00 3.321730395544620351e-01 6.823874338950874918e-01 6.888070926355256418e-01 0.000000000000000000e+00 3.443437560953312992e-01 4.171771784155915985e-01 3.015151421982022462e-01 4.612599821603624028e-01 2.421217681977514691e-01 9.360698563304561404e-01 2.223911691158763082e-01 5.821732369632142134e-01 5.242679656280128109e-01 2.124240870513655899e-01 8.083824377997816946e-01 2.000285486002629787e-01 5.745895792184193551e-01
7.561783700991192569e-01 8.132340026893439822e-01 2.900876092321343913e-01 8.760664270474953774e-01 1.143998609611927231e+00 1.195264999711603382e+00 6.270614704589629884e-01 1.209877501732225191e+00 2.865117943015068058e-01 7.940679908958951927e-01 8.752850627710093701e-01 3.443437560953312992e-01 0.000000000000000000e+00 5.161479598209975928e-01 5.881955975621688815e-01 5.656168714268743347e-01 5.852377551469583050e-01 9.965866556784123143e-01 4.081794679888663957e-01 6.141814206738179793e-01 7.684303038490243321e-01 4.229943162354147801e-01 9.708666067698025204e-01 2.085376873677487752e-01 7.188524329831847970e-01
2.849295908561915169e-01 7.653036297488845507e-01 6.999238551047021195e-01 8.298067291291479908e-01 7.689174001192575769e-01 6.967862192759587403e-01 3.085119330271740568e-01 7.454316422534305042e-01 2.902158756845497622e-01 4.410060499687259994e-01 3.741506887985697749e-01 4.171771784155915985e-01 5.161479598209975928e-01 0.000000000000000000e+00 5.670204298978738233e-01 3.146974519932541070e-01 5.258735391597182396e-01 5.200594835564694707e-01 4.495430142074720026e-01 2.163688628399669245e-01 2.743474205240816199e-01 2.104662356947028523e-01 5.781968681231089979e-01 4.856325873464733545e-01 2.124781421897801170e-01
7.456346319332632921e-01 5.944133947695762199e-01 6.376279579107755335e-01 2.955266775744799235e-01 8.930357420752261799e-01 9.748711943304042560e-01 2.830748382149383957e-01 1.173306916195367311e+00 4.184672982938366093e-01 5.674962602688903290e-01 6.802028415986538512e-01 3.015151421982022462e-01 5.881955975621688815e-01 5.670204298978738233e-01 0.000000000000000000e+00 3.176700629643101625e-01 3.573071015584638466e-01 9.543627248654701356e-01 2.212334970618916041e-01 5.413050963855454700e-01 4.698263152537852649e-01 3.814409318985290120e-01 7.162029117578729842e-01 3.842324923254729629e-01 6.394852863149750322e-01
4.279645689689531851e-01 7.333668536899782264e-01 6.830365860963736324e-01 6.023204695767183647e-01 6.312420416354403985e-01 7.829779672476140373e-01 2.745425850897351139e-01 8.556368532310573150e-01 2.911587614014773950e-01 2.825254904770617692e-01 5.007406036613689659e-01 4.612599821603624028e-01 5.656168714268743347e-01 3.146974519932541070e-01 3.176700629643101625e-01 0.000000000000000000e+00 4.962605604788661307e-01 6.366926619011598065e-01 2.448911862776664561e-01 2.240716727865641467e-01 2.986672884474502188e-01 4.195653924077643593e-01 4.581100387933157991e-01 4.171086124920231897e-01 4.963579571771274956e-01
8.046523559317853014e-01 2.403820571417790430e-01 6.567749896037381463e-01 6.283233673300842037e-01 9.945296537569596751e-01 1.019441207964717711e+00 3.140309213424550272e-01 1.258747696344662659e+00 5.638951921388920541e-01 6.967478881730949647e-01 7.145384306977832223e-01 2.421217681977514691e-01 5.852377551469583050e-01 5.258735391597182396e-01 3.573071015584638466e-01 4.962605604788661307e-01 0.000000000000000000e+00 1.034302920418625593e+00 3.945161986595830950e-01 7.192084143773522786e-01 5.285095507975372531e-01 3.241103231502672211e-01 8.092565350012438374e-01 4.403924032208254569e-01 6.364268808864751437e-01
2.412135870070871158e-01 1.274684977560404331e+00 1.196413189188900716e+00 1.239013131477878060e+00 8.736850513677308916e-01 8.243553292927316978e-01 7.504530229953830789e-01 2.385210816131595468e-01 7.389529198100662777e-01 5.587301353603204568e-01 5.304554123973065360e-01 9.360698563304561404e-01 9.965866556784123143e-01 5.200594835564694707e-01 9.543627248654701356e-01 6.366926619011598065e-01 1.034302920418625593e+00 0.000000000000000000e+00 8.417667542493897370e-01 4.264950547888155530e-01 5.463491829695574786e-01 7.297849220063712394e-01 6.797121551360265634e-01 9.304852155845503292e-01 4.288053100327117173e-01
6.228283071253991610e-01 6.286489297423447642e-01 4.811310405725668926e-01 5.165428598291856854e-01 8.758772743994769350e-01 9.848757284532079215e-01 3.360972781080534544e-01 1.060710945579286912e+00 2.149334965391715979e-01 5.274166767547282531e-01 7.026383648669627391e-01 2.223911691158763082e-01 4.081794679888663957e-01 4.495430142074720026e-01 2.212334970618916041e-01 2.448911862776664561e-01 3.945161986595830950e-01 8.417667542493897370e-01 0.000000000000000000e+00 4.174906932009345151e-01 4.927366211026619203e-01 4.299470480091464597e-01 7.007474766435289881e-01 2.190275456523163577e-01 6.422061370941659630e-01
2.138522960823188990e-01 9.563147075884644854e-01 7.822202021661752713e-01 8.263921423632828445e-01 6.317261020446076625e-01 7.967734474325014471e-01 4.729803178559748300e-01 6.454392461187129504e-01 3.382959724433257653e-01 2.698980440469030406e-01 5.145360838462563757e-01 5.821732369632142134e-01 6.141814206738179793e-01 2.163688628399669245e-01 5.413050963855454700e-01 2.240716727865641467e-01 7.192084143773522786e-01 4.264950547888155530e-01 4.174906932009345151e-01 0.000000000000000000e+00 3.124627686323376285e-01 4.045872911707979469e-01 4.586117050690112773e-01 5.162922285618246621e-01 3.106010294108425551e-01
3.629568346053214656e-01 7.671737770950711743e-01 9.064783317229303528e-01 7.372229342748383152e-01 5.024604028984447357e-01 5.050448790766189910e-01 2.144786294550821981e-01 7.701627299591066178e-01 5.260497297095740876e-01 2.218965248182974970e-01 2.135866664106396418e-01 5.242679656280128109e-01 7.684303038490243321e-01 2.743474205240816199e-01 4.698263152537852649e-01 2.986672884474502188e-01 5.285095507975372531e-01 5.463491829695574786e-01 4.927366211026619203e-01 3.124627686323376285e-01 0.000000000000000000e+00 3.745225228919047411e-01 3.171872841427287315e-01 6.698920406039211572e-01 1.976906687296772769e-01
4.953958265508943692e-01 5.630070731806989803e-01 5.666636691489254085e-01 6.442272311298031795e-01 8.769829257903491992e-01 8.125405945695134413e-01 2.127642978537390150e-01 9.542296979324086381e-01 2.615856113212103318e-01 5.902240155273459354e-01 4.960313088550754590e-01 2.124240870513655899e-01 4.229943162354147801e-01 2.104662356947028523e-01 3.814409318985290120e-01 4.195653924077643593e-01 3.241103231502672211e-01 7.297849220063712394e-01 4.299470480091464597e-01 4.045872911707979469e-01 3.745225228919047411e-01 0.000000000000000000e+00 6.898894607324601580e-01 3.779708143453257563e-01 3.621654921670538485e-01
4.995335410648391594e-01 1.047724843120647398e+00 1.122941693143790109e+00 9.926481997662714996e-01 2.052398896295744568e-01 7.078836478252419351e-01 5.150484198642929501e-01 9.028511102057735771e-01 6.854924800554397235e-01 2.082795373900965807e-01 4.379968262199669393e-01 8.083824377997816946e-01 9.708666067698025204e-01 5.781968681231089979e-01 7.162029117578729842e-01 4.581100387933157991e-01 8.092565350012438374e-01 6.797121551360265634e-01 7.007474766435289881e-01 4.586117050690112773e-01 3.171872841427287315e-01 6.898894607324601580e-01 0.000000000000000000e+00 8.570137195394390561e-01 4.985817459308231614e-01
6.939919213652120389e-01 6.683886507632111895e-01 2.802636300919727486e-01 6.721033218107995699e-01 1.030145722381563989e+00 1.171575447967199368e+00 4.630356387129431761e-01 1.144595860164583367e+00 1.987131006848638359e-01 6.802151036655319505e-01 8.511392235460851774e-01 2.000285486002629787e-01 2.085376873677487752e-01 4.856325873464733545e-01 3.842324923254729629e-01 4.171086124920231897e-01 4.403924032208254569e-01 9.304852155845503292e-01 2.190275456523163577e-01 5.162922285618246621e-01 6.698920406039211572e-01 3.779708143453257563e-01 8.570137195394390561e-01 0.000000000000000000e+00 6.782957102331672594e-01
2.075092602761224869e-01 8.759489087643353988e-01 9.026283282668891017e-01 9.068819053360283045e-01 6.893022779269718514e-01 5.498896655014555712e-01 3.626483287406963574e-01 6.532500859587490050e-01 4.828789985712435562e-01 3.989163007257090499e-01 2.174948305906082013e-01 5.745895792184193551e-01 7.188524329831847970e-01 2.124781421897801170e-01 6.394852863149750322e-01 4.963579571771274956e-01 6.364268808864751437e-01 4.288053100327117173e-01 6.422061370941659630e-01 3.106010294108425551e-01 1.976906687296772769e-01 3.621654921670538485e-01 4.985817459308231614e-01 6.782957102331672594e-01 0.000000000000000000e+00
