0.000000000000000000e+00 1.019508916458897740e+00 8.909960874138734832e-01 1.017669278872235017e+00 6.669109952741086866e-01 6.602974919039267254e-01 5.448844680186286649e-01 4.656267077488069894e-01 4.270169809935224214e-01 3.717885171580377346e-01 6.405274382308839831e-01 3.499438682357720043e-01 6.867398536548603438e-01 6.670992790389006499e-01 2.893097530212165869e-01 7.399025692133314180e-01 3.898326091094534429e-01 2.408076229318364958e-01 4.667801864785526833e-01 6.481876094266968424e-01 4.719607054400500878e-01 1.984708744066329689e-01 2.014173150164538517e-01 1.971349165836376038e-01 4.821213401657810649e-01 3.827809586356851757e-01 8.671511378713114837e-01 1.921835388445869985e-01 5.211966925016959795e-01 5.684856730632819044e-01 6.850216303750128466e-01 7.960577779452622238e-01 7.132174037556036073e-01 2.611355241161095186e-01 5.377767701988137583e-01 7.801577653375237897e-01 3.326288180124640226e-01 8.803409624073024187e-01 4.236941901038689395e-01 3.505114337194022434e-01 1.489925120579256301e-01 5.609095677869065932e-01 5.999517405566675565e-01 7.533989447695468300e-01 2.334352429325516065e-01 1.324938277210535587e-01 8.481454784720618978e-01 3.725499792439815883e-01 3.099963914986307856e-01 3.670407252535545783e-01
1.019508916458897740e+00 0.000000000000000000e+00 8.902955011130931906e-01 8.605187888249506978e-01 1.228147000843234471e+00 1.304383153474592882e+00 6.396750928953208737e-01 6.351432743612452914e-01 1.443114291079174771e+00 8.864527982699544895e-01 6.035949589889852973e-01 9.968579858620389977e-01 3.340647230248071642e-01 8.281717454455431726e-01 8.733269893492459079e-01 6.159768863656966964e-01 6.540544263655106993e-01 1.256904933017488846e+00 1.059908901232385237e+00 6.404470432929227908e-01 6.877176368252406746e-01 8.260202051025754555e-01 9.959720136446904570e-01 9.637453451749566913e-01 1.156493075938066939e+00 7.628750921824113407e-01 1.860855451857812426e-01 8.898589446487467081e-01 7.480611166797124234e-01 5.124535149394490174e-01 4.631441911165082859e-01 8.640240489417340131e-01 4.668164267707723414e-01 1.277232834201761813e+00 4.887618529088034736e-01 8.057730602071545567e-01 7.520583811430308074e-01 7.142759290971050223e-01 7.339700069332928400e-01 8.597770242294727749e-01 9.555008071770033640e-01 7.518832257272026753e-01 5.905327256033015004e-01 7.622260221654721946e-01 1.027912445454624457e+00 1.146934257170075577e+00 8.368315736280627082e-01 6.569728895507735977e-01 8.846443007405155878e-01 1.021235277072960912e+00
8.909960874138734832e-01 8.902955011130931906e-01 0.000000000000000000e+00 9.436076921965910191e-01 1.277453241667427575e+00 1.357786705957226614e+00 7.720138652915141675e-01 4.583785703186162852e-01 1.314829268753683111e+00 9.159905659090664676e-01 4.403126263294778742e-01 1.020990841749002120e+00 6.037591971990067252e-01 3.000463941579296634e-01 7.093876932736137286e-01 7.053341850529969426e-01 7.159840438945997976e-01 1.116696212311934833e+00 1.115045680681308937e+00 2.657793922608955306e-01 5.529893337502900241e-01 7.078804828107062574e-01 9.090378292737673060e-01 1.018756116171534831e+00 1.218878333961348925e+00 8.876758064193582820e-01 7.272639498319068974e-01 8.665977615829038028e-01 3.943210762675707359e-01 6.982688178631681897e-01 4.317619585574817842e-01 2.328892175403006748e-01 5.694100959048851163e-01 1.148947811876270375e+00 5.648569021528903056e-01 1.526835592269587816e-01 5.622903137058919976e-01 8.001191857875391555e-01 6.857732953207696935e-01 8.434182408501269546e-01 7.920310408433799410e-01 3.553743659555166357e-01 5.962039252549424795e-01 1.456393270628415781e-01 1.032868150189702572e+00 1.015261618358070494e+00 1.315391361923341773e-01 5.957072636644211716e-01 9.767991075545466861e-01 1.090269808397942519e+00
1.017669278872235017e+00 8.605187888249506978e-01 9.436076921965910191e-01 0.000000000000000000e+00 1.208111484477315090e+00 1.238034134431710731e+00 5.612600389013396862e-01 7.597444264529208402e-01 1.426448633852229309e+00 8.849935524298472300e-01 5.261719774034372410e-01 9.200386561330933244e-01 5.674318147516030919e-01 8.476646749638575562e-01 7.461808160265004375e-01 2.808940548868343323e-01 7.051487364729867036e-01 1.229501851889365227e+00 1.034052043796553244e+00 7.280023171580062291e-01 5.567521669092493353e-01 8.868326845633501820e-01 8.755646871374987983e-01 9.223826860226952418e-01 1.096182664595843681e+00 7.212135381450357485e-01 7.036296160173219905e-01 9.233287857474929972e-01 6.917140523353172421e-01 5.291851431780534298e-01 5.756471300122150137e-01 9.323469669647659330e-01 4.040606691766645553e-01 1.260567176974816350e+00 6.107375746782764958e-01 8.446325127681022504e-01 7.253545708823885274e-01 1.487396607852508323e-01 6.071424130988180012e-01 7.549967588538358809e-01 8.710854174146572815e-01 8.508429003719883976e-01 4.258760988667640301e-01 8.201788456060081778e-01 9.529513215808944615e-01 1.138950253704633431e+00 8.913348944542226482e-01 7.361512346480255653e-01 8.316341581448951636e-01 9.616214394727151671e-01
6.669109952741086866e-01 1.228147000843234471e+00 1.277453241667427575e+00 1.208111484477315090e+00 0.000000000000000000e+00 8.925499735430048043e-01 6.716680004702928475e-01 8.327017501354352369e-01 1.054548047610675887e+00 3.659793355520535862e-01 1.019954276531137349e+00 6.311187397612666450e-01 9.011458376054374275e-01 1.100043946980734155e+00 7.405645956196750257e-01 9.451450908506697779e-01 6.010107475828853074e-01 8.661150862369542125e-01 2.151083436782950109e-01 1.030982271536164285e+00 8.877251357054579683e-01 6.659842982285582025e-01 6.991396011052942727e-01 4.768122357437585834e-01 7.314395756836552520e-01 4.965887176326968522e-01 1.075789222255648436e+00 5.385679215815500909e-01 9.590891070008477071e-01 7.209659825278208478e-01 9.792769387436608408e-01 1.192950726156980279e+00 8.645836561640392048e-01 8.886665907332628178e-01 8.048306993265278431e-01 1.214642449860990903e+00 7.819086381519688711e-01 1.061868624749469303e+00 7.608307916414620564e-01 5.954263454079425921e-01 7.994003865490078020e-01 9.668672032836340691e-01 8.743018623354047447e-01 1.139856099023101255e+00 5.745920715917688382e-01 7.792885757690604098e-01 1.234602632725615878e+00 7.016396324832535614e-01 4.847758605788838326e-01 5.977325885864104293e-01
6.602974919039267254e-01 1.304383153474592882e+00 1.357786705957226614e+00 1.238034134431710731e+00 8.925499735430048043e-01 0.000000000000000000e+00 6.784176102281959109e-01 9.554361251853161763e-01 1.036251500226186062e+00 6.308949617676991029e-01 9.985196977756906067e-01 3.616350870332186163e-01 9.854317360119749791e-01 1.133321355792084040e+00 6.630232139580375383e-01 9.590107284835754919e-01 7.152339297150794861e-01 8.450591060701743151e-01 7.021228906062445541e-01 1.144801250013196992e+00 8.244281869081696579e-01 7.938680286422613586e-01 5.570028519782401766e-01 5.055284758204470208e-01 1.941725792020324304e-01 5.513293936531153960e-01 1.148514529072814483e+00 6.871079901552318292e-01 9.634656296896562111e-01 8.035839733866835255e-01 1.057386322867894579e+00 1.288191527097062528e+00 9.009752317994778048e-01 8.703700433487732147e-01 9.275650743764088935e-01 1.228166022653902179e+00 8.303268537975886376e-01 1.095440051436864737e+00 6.964835061529888183e-01 5.146141235638928002e-01 6.990676072947964448e-01 1.053043316938707452e+00 8.679325163359855599e-01 1.245498259959556542e+00 4.480556806953148175e-01 7.632282234097325091e-01 1.306762027993710884e+00 8.243740075331343897e-01 4.233885091627609398e-01 2.988849213498000479e-01
5.448844680186286649e-01 6.396750928953208737e-01 7.720138652915141675e-01 5.612600389013396862e-01 6.716680004702928475e-01 6.784176102281959109e-01 0.000000000000000000e+00 4.578036752678080190e-01 9.256554949727199277e-01 3.737795796453198260e-01 3.649389718213310041e-01 3.622301963996176211e-01 3.280178245888428212e-01 6.059188011700534782e-01 2.839771868343903272e-01 2.844720543744920782e-01 2.468800049413064079e-01 7.367891065501179781e-01 4.917551168209642887e-01 5.473014594654980192e-01 2.530602683809275444e-01 4.442547557420847837e-01 3.767106543724285661e-01 3.655605468655912516e-01 5.356191994364815079e-01 1.859059774095942474e-01 4.829328847374709799e-01 4.323111856972346456e-01 4.156444753362286693e-01 1.785854899794964146e-01 3.799221557567532548e-01 7.656275174773139458e-01 2.225576215712816719e-01 7.597740380953069694e-01 3.290128769713075441e-01 6.660262896144997224e-01 3.612208306662422763e-01 4.180158530571689290e-01 1.427388646011975015e-01 2.405156649572111338e-01 4.152732621271014168e-01 5.673099346239948160e-01 2.116819759642182275e-01 6.548344724019635743e-01 4.099745786698972272e-01 6.505824607422175943e-01 7.209891873279983265e-01 3.432375767532202526e-01 2.703741192435552554e-01 4.003614005713753143e-01
4.656267077488069894e-01 6.351432743612452914e-01 4.583785703186162852e-01 7.597444264529208402e-01 8.327017501354352369e-01 9.554361251853161763e-01 4.578036752678080190e-01 0.000000000000000000e+00 8.898044801717543972e-01 4.712390743770743518e-01 3.546169473689381180e-01 6.430635253964164244e-01 3.270709363678544479e-01 3.059155755397350851e-01 3.235246159324368653e-01 5.152025239936669498e-01 2.653711978249779779e-01 6.956418676529504408e-01 6.702941891493171545e-01 2.058396732860219014e-01 2.785386709722361132e-01 2.682493015357029220e-01 4.996528466782066968e-01 5.740046246395429375e-01 8.029587073669005592e-01 4.429243148873663882e-01 4.769610717386162380e-01 4.218462700509116314e-01 2.077036485112000452e-01 2.976407900143079877e-01 2.235305633691201943e-01 3.774622656880413096e-01 3.938356689780946884e-01 7.239230232943415499e-01 1.699069271520778079e-01 3.925101308188083671e-01 1.526662718837676624e-01 6.135015667250749427e-01 3.680145018720975547e-01 4.654909244975413696e-01 3.712899952323584496e-01 1.704393299060423528e-01 4.031310844984362651e-01 3.207814276742900206e-01 6.372205906649406337e-01 5.898922386930045558e-01 4.155279613768049218e-01 1.373286933458047476e-01 5.320476160225549034e-01 6.686385923550004495e-01
4.270169809935224214e-01 1.443114291079174771e+00 1.314829268753683111e+00 1.426448633852229309e+00 1.054548047610675887e+00 1.036251500226186062e+00 9.256554949727199277e-01 8.898044801717543972e-01 0.000000000000000000e+00 7.730878713653711598e-01 1.054806321413016557e+00 7.251098324233700154e-01 1.110345228275138041e+00 1.086132858673044765e+00 6.929731209756746502e-01 1.148681924193326154e+00 8.119979457142175727e-01 2.427588161981815151e-01 8.544172388151195507e-01 1.072365381849644139e+00 8.807400604200450456e-01 6.221009576695886167e-01 5.873730960642863375e-01 5.812159192633765681e-01 8.580753484880402349e-01 7.635519855897765495e-01 1.290756512491588737e+00 6.104609916174805750e-01 9.395830271839926695e-01 9.920910476835593794e-01 1.109017289655284122e+00 1.218017096867936688e+00 1.121025190573916808e+00 1.672648354760135903e-01 9.613821448190911223e-01 1.199008128912508964e+00 7.525389550477913359e-01 1.289120317387297376e+00 8.237510553312440420e-01 7.364672147672346458e-01 5.553632164375726932e-01 9.828688867095813908e-01 1.008731095536662403e+00 1.177232126109356791e+00 6.048361667283301824e-01 3.384210153528111609e-01 1.271978659811871859e+00 7.961553538642589523e-01 6.884127662048548091e-01 7.429947335758135818e-01
3.717885171580377346e-01 8.864527982699544895e-01 9.159905659090664676e-01 8.849935524298472300e-01 3.659793355520535862e-01 6.308949617676991029e-01 3.737795796453198260e-01 4.712390743770743518e-01 7.730878713653711598e-01 0.000000000000000000e+00 7.062666044716096048e-01 3.566810139016208248e-01 5.580871997660546979e-01 7.377325955077272956e-01 4.528135796882005182e-01 6.220271588032022514e-01 2.431721343387607259e-01 5.846549099916497072e-01 2.068344524024065267e-01 6.695195957778035112e-01 5.885074567362956754e-01 3.000049626765045052e-01 4.259697516031912268e-01 2.036423862416556207e-01 4.697845639083492175e-01 1.952131820183014566e-01 7.340950196823681217e-01 2.046515826202856270e-01 5.967777555278410695e-01 3.881419270848044389e-01 6.200570128394790048e-01 8.314880503986195048e-01 5.355708427841037178e-01 6.072064144879583125e-01 4.449067030658456212e-01 8.523310983879839320e-01 4.195972866789623446e-01 7.387506927020015546e-01 4.673915758534891718e-01 3.086921442331664878e-01 4.494162259286550998e-01 6.045558518106275425e-01 5.646600146048310620e-01 7.783934232647402585e-01 3.014222220896658477e-01 4.978283995237558490e-01 8.731399569672549932e-01 3.417156362225711730e-01 2.114514291122717715e-01 3.360775768111042838e-01
6.405274382308839831e-01 6.035949589889852973e-01 4.403126263294778742e-01 5.261719774034372410e-01 1.019954276531137349e+00 9.985196977756906067e-01 3.649389718213310041e-01 3.546169473689381180e-01 1.054806321413016557e+00 7.062666044716096048e-01 0.000000000000000000e+00 6.701003238945966167e-01 3.354066575880851886e-01 3.291647652961773862e-01 4.011545787239316208e-01 2.805944340483727539e-01 5.206833667971713098e-01 8.574283818576278193e-01 8.400413928818082354e-01 2.281294305579760484e-01 2.012701291641524337e-01 4.816573957408984419e-01 5.874722707077372208e-01 7.138468229264351983e-01 8.590636534733616658e-01 5.341922534704381942e-01 4.438317704065294911e-01 6.604350222883527133e-01 1.836200217901733101e-01 3.402803298100003371e-01 1.778986086965491098e-01 4.324740803647355580e-01 1.706957616875059702e-01 8.889248645356035983e-01 3.414718746510790326e-01 3.343250506524634291e-01 3.139030460251739929e-01 3.836146325566032189e-01 3.124489804132351001e-01 4.948373788704893972e-01 5.037573466994019755e-01 3.246709229685509901e-01 1.558912989254646331e-01 3.203059590059780248e-01 6.935290119404325937e-01 7.636844819308906684e-01 3.892808754106876212e-01 4.362658289859172589e-01 6.088290911617640910e-01 7.255052244674792261e-01
3.499438682357720043e-01 9.968579858620389977e-01 1.020990841749002120e+00 9.200386561330933244e-01 6.311187397612666450e-01 3.616350870332186163e-01 3.622301963996176211e-01 6.430635253964164244e-01 7.251098324233700154e-01 3.566810139016208248e-01 6.701003238945966167e-01 0.000000000000000000e+00 6.779065683994200953e-01 7.965254915838594352e-01 3.245017975739609706e-01 6.410152501849569751e-01 4.198514893812886339e-01 5.334268125709084041e-01 4.433220356984832744e-01 8.080053858049723869e-01 4.919072971380986647e-01 4.838911263750819702e-01 1.973696983755959811e-01 2.230465424643745531e-01 2.098358592543618784e-01 2.517570374741914807e-01 8.409893614602605982e-01 4.046260567991594725e-01 6.266697654814313845e-01 5.019746828022224605e-01 7.417720018189765119e-01 9.513956628888377010e-01 5.844066306754573947e-01 5.592283755459571681e-01 6.321826340426183188e-01 8.913701584456776850e-01 4.935309895893639220e-01 7.774445731382466640e-01 3.639626163829178251e-01 1.815972803543367542e-01 3.374848918093221184e-01 7.162474527304824035e-01 5.408735017294105107e-01 9.087023957513319372e-01 1.324961888670253829e-01 4.520865556069168512e-01 9.699661637854860574e-01 5.289915671993437041e-01 1.463428791823827291e-01 1.264110270037590578e-01
6.867398536548603438e-01 3.340647230248071642e-01 6.037591971990067252e-01 5.674318147516030919e-01 9.011458376054374275e-01 9.854317360119749791e-01 3.280178245888428212e-01 3.270709363678544479e-01 1.110345228275138041e+00 5.580871997660546979e-01 3.354066575880851886e-01 6.779065683994200953e-01 0.000000000000000000e+00 5.416354415314568183e-01 5.788917192432455616e-01 3.228899122923490350e-01 3.230851992358638736e-01 9.241358702134515601e-01 7.354807398143636821e-01 3.532225457731178464e-01 3.932823667192403283e-01 4.932511422985380589e-01 6.843147453382123491e-01 6.393335634808697820e-01 8.375416584754484806e-01 4.439236747197926047e-01 1.823258659820105598e-01 5.570898818447093115e-01 4.674983022865638604e-01 1.880253535214278238e-01 1.766078872024223201e-01 5.759726529362781955e-01 1.800809120085348769e-01 9.444637713977247495e-01 1.620137928336805311e-01 5.192367562930683134e-01 4.243145861334984836e-01 4.211889550237571944e-01 4.395347368272923827e-01 5.481197559229948890e-01 6.277570121674709291e-01 4.547257512149428527e-01 2.960974554973011541e-01 4.756897182513858402e-01 7.050846405036268472e-01 8.141651943660382917e-01 5.502952697139763538e-01 3.265748290471181536e-01 5.656928832778967964e-01 7.022838596103422315e-01
6.670992790389006499e-01 8.281717454455431726e-01 3.000463941579296634e-01 8.476646749638575562e-01 1.100043946980734155e+00 1.133321355792084040e+00 6.059188011700534782e-01 3.059155755397350851e-01 1.086132858673044765e+00 7.377325955077272956e-01 3.291647652961773862e-01 7.965254915838594352e-01 5.416354415314568183e-01 0.000000000000000000e+00 4.831186753351789376e-01 6.086600062813445344e-01 5.579984754652252965e-01 8.879998022312968198e-01 9.376363859946155177e-01 2.042835378193430251e-01 3.705528338960286661e-01 5.022248107421610763e-01 6.738873919798733514e-01 8.404981457701955483e-01 9.944129837962064622e-01 7.127628155629346374e-01 6.651401941643566573e-01 6.713172323789643459e-01 1.934355127302422594e-01 6.009044244114247757e-01 3.650275543290345537e-01 1.753512547082839712e-01 4.841350735447869091e-01 9.202514017956318071e-01 4.731705615491947903e-01 1.527546619197268363e-01 3.344704610264365163e-01 7.041801417572883803e-01 4.968792710259561929e-01 6.189528906849843803e-01 5.601797291172464499e-01 1.403984052136529048e-01 4.592734661987954436e-01 1.860390095266272747e-01 8.084028000245599976e-01 7.902563227389073353e-01 2.681459236125147139e-01 4.295277654391683742e-01 7.550971419322719536e-01 8.658044582327999450e-01
2.893097530212165869e-01 8.733269893492459079e-01 7.093876932736137286e-01 7.461808160265004375e-01 7.405645956196750257e-01 6.630232139580375383e-01 2.839771868343903272e-01 3.235246159324368653e-01 6.929731209756746502e-01 4.528135796882005182e-01 4.011545787239316208e-01 3.245017975739609706e-01 5.788917192432455616e-01 4.831186753351789376e-01 0.000000000000000000e+00 4.655930043497988891e-01 3.378394810465777942e-01 4.960263390128104022e-01 5.606517119703463559e-01 4.895911835702740356e-01 2.004722425943153974e-01 2.007490884863140090e-01 1.997535342745292708e-01 4.114612262302654866e-01 5.233357876139078657e-01 2.675385603354055730e-01 7.164378165416172006e-01 3.701349458258431646e-01 3.150666170060432703e-01 4.448375335306911094e-01 5.460062605318988238e-01 6.329814606541395161e-01 4.379096443166230479e-01 5.270916640982619139e-01 4.329098971080661551e-01 5.797670099702892932e-01 1.708583440486692306e-01 6.060313975437698897e-01 1.444555346075727387e-01 1.497174393032098261e-01 1.412868984737908618e-01 3.978332504957840521e-01 3.284632777109328661e-01 5.921964898955593970e-01 3.280321244035879769e-01 4.091517347637666502e-01 6.583630153100978877e-01 2.694579235235630144e-01 2.866704527222551091e-01 3.964991548553947198e-01
7.399025692133314180e-01 6.159768863656966964e-01 7.053341850529969426e-01 2.808940548868343323e-01 9.451450908506697779e-01 9.590107284835754919e-01 2.844720543744920782e-01 5.152025239936669498e-01 1.148681924193326154e+00 6.220271588032022514e-01 2.805944340483727539e-01 6.410152501849569751e-01 3.228899122923490350e-01 6.086600062813445344e-01 4.655930043497988891e-01 0.000000000000000000e+00 4.473183642252946401e-01 9.517351422304619613e-01 7.710856501699087096e-01 4.897288100144123191e-01 2.789854572503455143e-01 6.090659749044464721e-01 5.965412811893624490e-01 6.500326012400833298e-01 8.171592586477071096e-01 4.582471445183908809e-01 4.590877135580679891e-01 6.654984134998011003e-01 4.198291500791334063e-01 2.720224148789819885e-01 3.349495952325559078e-01 6.940734598211718565e-01 1.758040430187941261e-01 9.828004673159131954e-01 3.661956722190222724e-01 6.063590056245082849e-01 4.475878612234848175e-01 1.501641532947078361e-01 3.262483582119837244e-01 4.759733529056994206e-01 5.933187077557535716e-01 5.785984240298859271e-01 1.547555418195361576e-01 5.819053384624141012e-01 6.739279156327581122e-01 8.611835440457296098e-01 6.530613873106283496e-01 4.916093321887716749e-01 5.548461736180475556e-01 6.828851327149152439e-01
3.898326091094534429e-01 6.540544263655106993e-01 7.159840438945997976e-01 7.051487364729867036e-01 6.010107475828853074e-01 7.152339297150794861e-01 2.468800049413064079e-01 2.653711978249779779e-01 8.119979457142175727e-01 2.431721343387607259e-01 5.206833667971713098e-01 4.198514893812886339e-01 3.230851992358638736e-01 5.579984754652252965e-01 3.378394810465777942e-01 4.473183642252946401e-01 0.000000000000000000e+00 6.257885876525317581e-01 4.368720624023929577e-01 4.569961861517461421e-01 4.196596456542505682e-01 2.042665058351735841e-01 4.669631907339026888e-01 3.563029592651701938e-01 5.627565118966634250e-01 1.953665124358491822e-01 5.016966477779245537e-01 2.379369393129348309e-01 4.267344719642237605e-01 1.829320205584040182e-01 3.862327975638781830e-01 6.403002229455811989e-01 3.499876051096653673e-01 6.461164888368046144e-01 2.134700019023421658e-01 6.436666436845325245e-01 2.495540031153451466e-01 5.589058767451408061e-01 3.780769825077268109e-01 3.337855211829049984e-01 3.567750127646743263e-01 4.176000702515726415e-01 3.948552814791079224e-01 5.783869012502732554e-01 4.287092433105951783e-01 5.186050484732125376e-01 6.690791110280555065e-01 1.385459930235280468e-01 2.918454205523180467e-01 4.284363968847634818e-01
2.408076229318364958e-01 1.256904933017488846e+00 1.116696212311934833e+00 1.229501851889365227e+00 8.661150862369542125e-01 8.450591060701743151e-01 7.367891065501179781e-01 6.956418676529504408e-01 2.427588161981815151e-01 5.846549099916497072e-01 8.574283818576278193e-01 5.334268125709084041e-01 9.241358702134515601e-01 8.879998022312968198e-01 4.960263390128104022e-01 9.517351422304619613e-01 6.257885876525317581e-01 0.000000000000000000e+00 6.659842774413982092e-01 8.764937633423233176e-01 6.837932784571805200e-01 4.335168762957535837e-01 3.916659212862389494e-01 3.924127880119535061e-01 6.673273795533015695e-01 5.746855971671747110e-01 1.104547154429902811e+00 4.225461035559304190e-01 7.414499707422446129e-01 8.058816896218731207e-01 9.181235122524125103e-01 1.019884040426188632e+00 9.240784086110522821e-01 1.611976870828888131e-01 7.751727867574049746e-01 1.000875072470760907e+00 5.544058986060430572e-01 1.092173535424433073e+00 6.268042733683796275e-01 5.407600399891874243e-01 3.584164344747083897e-01 7.847358302678333342e-01 8.117843135737982108e-01 9.790990696676089566e-01 4.120639861728623843e-01 1.421562994083762355e-01 1.073845603370123580e+00 6.099459958025729156e-01 4.988869489165296822e-01 5.522467646410750275e-01
4.667801864785526833e-01 1.059908901232385237e+00 1.115045680681308937e+00 1.034052043796553244e+00 2.151083436782950109e-01 7.021228906062445541e-01 4.917551168209642887e-01 6.702941891493171545e-01 8.544172388151195507e-01 2.068344524024065267e-01 8.400413928818082354e-01 4.433220356984832744e-01 7.354807398143636821e-01 9.376363859946155177e-01 5.606517119703463559e-01 7.710856501699087096e-01 4.368720624023929577e-01 6.659842774413982092e-01 0.000000000000000000e+00 8.685747105500457588e-01 7.078122520561290765e-01 5.009051805646523858e-01 4.997643191197029822e-01 2.774369537581673484e-01 5.410124927468944467e-01 3.225292769519358949e-01 9.066045522961274639e-01 3.441375219476648928e-01 7.966815460147295136e-01 5.516200182254809015e-01 8.151382535631681581e-01 1.030543165170861641e+00 6.905242154832779145e-01 6.885357819377067035e-01 6.424231383404097606e-01 1.052234888874872043e+00 6.195010771658507887e-01 8.878091840687075686e-01 5.809179079921332756e-01 4.155134617586140333e-01 6.000251045634166225e-01 8.044596422975156536e-01 6.943889786860759639e-01 9.774485380369825060e-01 3.752167896061774921e-01 5.791577669735044065e-01 1.072195071739497685e+00 5.392320714971353679e-01 3.006932840957742270e-01 4.073055056496496795e-01
6.481876094266968424e-01 6.404470432929227908e-01 2.657793922608955306e-01 7.280023171580062291e-01 1.030982271536164285e+00 1.144801250013196992e+00 5.473014594654980192e-01 2.058396732860219014e-01 1.072365381849644139e+00 6.695195957778035112e-01 2.281294305579760484e-01 8.080053858049723869e-01 3.532225457731178464e-01 2.042835378193430251e-01 4.895911835702740356e-01 4.897288100144123191e-01 4.569961861517461421e-01 8.764937633423233176e-01 8.685747105500457588e-01 0.000000000000000000e+00 3.643216505525509463e-01 4.644477233103834757e-01 6.690744395307191006e-01 7.722851460402717638e-01 1.001239228767629275e+00 6.412048362880952146e-01 4.774154920117366085e-01 6.201267914516404023e-01 2.185023372951826193e-01 4.610388151831759651e-01 1.846167543237080266e-01 2.242556688826909395e-01 3.370834424513450278e-01 9.064839249722310699e-01 3.026374834200436514e-01 1.902304310608352589e-01 3.220878647362802050e-01 5.845138107489543655e-01 4.971056121230307268e-01 6.304327849060972211e-01 5.518285918737682039e-01 1.374405847987275886e-01 3.816394886862220504e-01 1.356761282461782236e-01 8.066421835174529820e-01 7.724531403708944088e-01 2.156428984043582409e-01 3.386811408818246050e-01 7.303281374232837297e-01 8.669191137557291649e-01
4.719607054400500878e-01 6.877176368252406746e-01 5.529893337502900241e-01 5.567521669092493353e-01 8.877251357054579683e-01 8.244281869081696579e-01 2.530602683809275444e-01 2.785386709722361132e-01 8.807400604200450456e-01 5.885074567362956754e-01 2.012701291641524337e-01 4.919072971380986647e-01 3.932823667192403283e-01 3.705528338960286661e-01 2.004722425943153974e-01 2.789854572503455143e-01 4.196596456542505682e-01 6.837932784571805200e-01 7.078122520561290765e-01 3.643216505525509463e-01 0.000000000000000000e+00 3.320067189430633281e-01 3.867424235996976822e-01 5.690592086562565877e-01 6.855842899781430244e-01 4.019631126447590908e-01 5.308284640176118563e-01 5.155369004570111713e-01 1.812810443944108119e-01 3.078603770303668941e-01 3.565766880092833269e-01 5.455622110349174214e-01 2.523002917926178701e-01 7.148586035426318652e-01 4.161176102670412491e-01 4.456162911006060767e-01 1.701056425389054216e-01 4.194238504443165705e-01 1.454530731201811589e-01 3.125164721455617189e-01 3.253768439824722414e-01 3.294250905296165488e-01 1.390346285936817639e-01 4.391502080268190333e-01 5.070342398627789571e-01 5.932416802724480576e-01 5.019646557867740722e-01 3.005424675894523001e-01 4.462039730483571276e-01 5.569112893488852301e-01
1.984708744066329689e-01 8.260202051025754555e-01 7.078804828107062574e-01 8.868326845633501820e-01 6.659842982285582025e-01 7.938680286422613586e-01 4.442547557420847837e-01 2.682493015357029220e-01 6.221009576695886167e-01 3.000049626765045052e-01 4.816573957408984419e-01 4.838911263750819702e-01 4.932511422985380589e-01 5.022248107421610763e-01 2.007490884863140090e-01 6.090659749044464721e-01 2.042665058351735841e-01 4.335168762957535837e-01 5.009051805646523858e-01 4.644477233103834757e-01 3.320067189430633281e-01 0.000000000000000000e+00 2.995451611916066792e-01 3.746128109791660443e-01 6.413906108238456305e-01 2.861752714959942545e-01 6.736624265149891988e-01 1.930332966443810971e-01 3.581020440693396534e-01 3.802033713796829639e-01 4.869163319856950611e-01 6.216038370108075695e-01 5.400828732293646572e-01 4.562195007921757695e-01 3.442880588424914734e-01 6.152832970407842161e-01 1.677543497157244490e-01 7.495043680984174728e-01 3.194873595381855780e-01 3.275624979133297532e-01 1.527808304523477212e-01 3.907438226290084748e-01 4.691151462477825551e-01 5.702833401663800483e-01 4.118369572796188316e-01 3.236788937769305985e-01 6.650298738688951161e-01 1.775326558504852770e-01 3.704795194795000857e-01 5.070704958119455208e-01
2.014173150164538517e-01 9.959720136446904570e-01 9.090378292737673060e-01 8.755646871374987983e-01 6.991396011052942727e-01 5.570028519782401766e-01 3.767106543724285661e-01 4.996528466782066968e-01 5.873730960642863375e-01 4.259697516031912268e-01 5.874722707077372208e-01 1.973696983755959811e-01 6.843147453382123491e-01 6.738873919798733514e-01 1.997535342745292708e-01 5.965412811893624490e-01 4.669631907339026888e-01 3.916659212862389494e-01 4.997643191197029822e-01 6.690744395307191006e-01 3.867424235996976822e-01 2.995451611916066792e-01 0.000000000000000000e+00 2.271745314327091037e-01 3.873693654206949444e-01 2.852085979405383220e-01 8.392298054868405632e-01 3.138420594296796318e-01 5.147167530061967922e-01 5.285744688527186375e-01 7.221344912776689329e-01 8.124647166145848587e-01 5.646413067490744231e-01 4.214916391868733236e-01 6.030924882098201989e-01 7.788275282761982776e-01 3.469865747944390622e-01 7.329706041426521379e-01 2.785434739384466396e-01 1.490941187029484194e-01 1.467643307392589302e-01 5.773165064562292281e-01 4.757957587042011549e-01 7.716797458560046286e-01 1.375677439867338536e-01 3.171506898932808793e-01 8.580131513102514651e-01 4.396405146253171692e-01 2.539426669284992610e-01 2.820886148956211481e-01
1.971349165836376038e-01 9.637453451749566913e-01 1.018756116171534831e+00 9.223826860226952418e-01 4.768122357437585834e-01 5.055284758204470208e-01 3.655605468655912516e-01 5.740046246395429375e-01 5.812159192633765681e-01 2.036423862416556207e-01 7.138468229264351983e-01 2.230465424643745531e-01 6.393335634808697820e-01 8.404981457701955483e-01 4.114612262302654866e-01 6.500326012400833298e-01 3.563029592651701938e-01 3.924127880119535061e-01 2.774369537581673484e-01 7.722851460402717638e-01 5.690592086562565877e-01 3.746128109791660443e-01 2.271745314327091037e-01 0.000000000000000000e+00 3.364549743718241448e-01 2.028045044522260865e-01 8.078767207731780697e-01 1.815795143347849472e-01 6.995433057903093221e-01 4.528921867025315073e-01 7.239861451796190117e-01 9.342536006610876465e-01 5.788548577094196901e-01 4.153344623859636653e-01 5.686341039264997121e-01 9.550966486504519626e-01 5.195741920850045492e-01 7.761398262948493443e-01 4.352185113541442441e-01 2.620635642886005034e-01 3.244421249417169806e-01 7.073214020730956841e-01 5.681944087307029267e-01 8.811589735272082891e-01 1.408727002539829076e-01 3.059564474217614793e-01 9.759055072297233568e-01 4.494902956273932326e-01 1.323263659203774145e-01 2.080118780009208579e-01
4.821213401657810649e-01 1.156493075938066939e+00 1.218878333961348925e+00 1.096182664595843681e+00 7.314395756836552520e-01 1.941725792020324304e-01 5.356191994364815079e-01 8.029587073669005592e-01 8.580753484880402349e-01 4.697845639083492175e-01 8.590636534733616658e-01 2.098358592543618784e-01 8.375416584754484806e-01 9.944129837962064622e-01 5.233357876139078657e-01 8.171592586477071096e-01 5.627565118966634250e-01 6.673273795533015695e-01 5.410124927468944467e-01 1.001239228767629275e+00 6.855842899781430244e-01 6.413906108238456305e-01 3.873693654206949444e-01 3.364549743718241448e-01 0.000000000000000000e+00 3.997896596879058073e-01 1.000624451536288539e+00 5.180344887066090642e-01 8.245572576937784115e-01 6.511065555682676864e-01 9.095483030202866637e-01 1.149283155101184839e+00 7.581768210077631798e-01 6.921938916106274986e-01 7.750876565579931654e-01 1.089257650658024712e+00 6.914184818017107270e-01 9.535885816009967986e-01 5.576396092229624069e-01 3.757702266338660557e-01 5.341336961599539856e-01 9.141349449428294305e-01 7.279043389074645320e-01 1.106589887963679075e+00 2.757612323855709868e-01 5.850520716715869041e-01 1.167853655997833195e+00 6.718965897147187727e-01 2.718487751975515176e-01 1.352577988651061380e-01
3.827809586356851757e-01 7.628750921824113407e-01 8.876758064193582820e-01 7.212135381450357485e-01 4.965887176326968522e-01 5.513293936531153960e-01 1.859059774095942474e-01 4.429243148873663882e-01 7.635519855897765495e-01 1.952131820183014566e-01 5.341922534704381942e-01 2.517570374741914807e-01 4.439236747197926047e-01 7.127628155629346374e-01 2.675385603354055730e-01 4.582471445183908809e-01 1.953665124358491822e-01 5.746855971671747110e-01 3.225292769519358949e-01 6.412048362880952146e-01 4.019631126447590908e-01 2.861752714959942545e-01 2.852085979405383220e-01 2.028045044522260865e-01 3.997896596879058073e-01 0.000000000000000000e+00 6.070064677806328302e-01 2.605849221059736709e-01 5.654441189433624393e-01 2.603484339024855765e-01 5.212606225509658353e-01 8.031732909089114303e-01 3.776857098317601413e-01 5.976705287123637023e-01 3.932975950627062289e-01 8.256951838615800288e-01 3.946275067341699083e-01 5.749706784171898510e-01 2.750687685807633454e-01 1.414266622153132202e-01 3.696425087548880217e-01 5.795860718658351063e-01 3.885398392747060892e-01 7.500786637750320729e-01 2.669716047318937968e-01 4.884789513592741605e-01 8.448251974775471407e-01 3.118621972351846017e-01 1.279408844903542342e-01 2.645318608227996693e-01
8.671511378713114837e-01 1.860855451857812426e-01 7.272639498319068974e-01 7.036296160173219905e-01 1.075789222255648436e+00 1.148514529072814483e+00 4.829328847374709799e-01 4.769610717386162380e-01 1.290756512491588737e+00 7.340950196823681217e-01 4.438317704065294911e-01 8.409893614602605982e-01 1.823258659820105598e-01 6.651401941643566573e-01 7.164378165416172006e-01 4.590877135580679891e-01 5.016966477779245537e-01 1.104547154429902811e+00 9.066045522961274639e-01 4.774154920117366085e-01 5.308284640176118563e-01 6.736624265149891988e-01 8.392298054868405632e-01 8.078767207731780697e-01 1.000624451536288539e+00 6.070064677806328302e-01 0.000000000000000000e+00 7.375011660611605624e-01 5.881689943927186359e-01 3.600957363518632048e-01 3.001126398353223257e-01 7.009924976605479419e-01 3.099272539631439671e-01 1.124875055614175778e+00 3.375937249137517804e-01 6.427415089259682635e-01 6.024351514726076218e-01 5.573867562894760930e-01 5.770808341256641327e-01 7.030348160716232142e-01 8.058775775065799563e-01 5.888516744460163821e-01 4.336435527956727931e-01 5.991944708842859013e-01 8.720438210528457246e-01 9.945764785824896537e-01 6.738000223468764149e-01 5.069861132635693490e-01 7.287756763387369663e-01 8.653666526711822904e-01
1.921835388445869985e-01 8.898589446487467081e-01 8.665977615829038028e-01 9.233287857474929972e-01 5.385679215815500909e-01 6.871079901552318292e-01 4.323111856972346456e-01 4.218462700509116314e-01 6.104609916174805750e-01 2.046515826202856270e-01 6.604350222883527133e-01 4.046260567991594725e-01 5.570898818447093115e-01 6.713172323789643459e-01 3.701349458258431646e-01 6.654984134998011003e-01 2.379369393129348309e-01 4.225461035559304190e-01 3.441375219476648928e-01 6.201267914516404023e-01 5.155369004570111713e-01 1.930332966443810971e-01 3.138420594296796318e-01 1.815795143347849472e-01 5.180344887066090642e-01 2.605849221059736709e-01 7.375011660611605624e-01 0.000000000000000000e+00 5.301972362281900386e-01 4.202445418984318004e-01 5.996841195745242770e-01 7.820952460724565070e-01 5.724893720583942303e-01 4.445795347400677833e-01 4.293461006682514070e-01 7.857505790883327901e-01 3.467603235581956933e-01 7.770859260196470997e-01 5.077875823373545483e-01 3.846894772406130869e-01 2.705599786652012617e-01 5.531549122191486978e-01 6.095087240220309344e-01 7.290006189385772606e-01 3.006115160578112233e-01 3.234641185628416848e-01 8.237471526410924394e-01 2.973319410387620931e-01 3.102220182282995342e-01 3.895913923357058328e-01
5.211966925016959795e-01 7.480611166797124234e-01 3.943210762675707359e-01 6.917140523353172421e-01 9.590891070008477071e-01 9.634656296896562111e-01 4.156444753362286693e-01 2.077036485112000452e-01 9.395830271839926695e-01 5.967777555278410695e-01 1.836200217901733101e-01 6.266697654814313845e-01 4.674983022865638604e-01 1.934355127302422594e-01 3.150666170060432703e-01 4.198291500791334063e-01 4.267344719642237605e-01 7.414499707422446129e-01 7.966815460147295136e-01 2.185023372951826193e-01 1.812810443944108119e-01 3.581020440693396534e-01 5.147167530061967922e-01 6.995433057903093221e-01 8.245572576937784115e-01 5.654441189433624393e-01 5.881689943927186359e-01 5.301972362281900386e-01 0.000000000000000000e+00 4.608740019177520741e-01 2.959120453171706355e-01 3.687867674385262307e-01 3.494373865008707503e-01 7.737015703065799332e-01 3.772167496169782641e-01 2.647003929642460229e-01 1.903476943536152044e-01 5.532027688552385580e-01 3.140650059648905090e-01 4.490971645825562186e-01 4.037009793840062311e-01 1.702130638715788624e-01 2.658379534685532675e-01 2.851562639628826279e-01 6.385470739221317249e-01 6.443537362017027759e-01 3.432963983040547284e-01 3.035670945698397682e-01 5.852414158298436808e-01 6.959487321303716723e-01
5.684856730632819044e-01 5.124535149394490174e-01 6.982688178631681897e-01 5.291851431780534298e-01 7.209659825278208478e-01 8.035839733866835255e-01 1.785854899794964146e-01 2.976407900143079877e-01 9.920910476835593794e-01 3.881419270848044389e-01 3.402803298100003371e-01 5.019746828022224605e-01 1.880253535214278238e-01 6.009044244114247757e-01 4.448375335306911094e-01 2.720224148789819885e-01 1.829320205584040182e-01 8.058816896218731207e-01 5.516200182254809015e-01 4.610388151831759651e-01 3.078603770303668941e-01 3.802033713796829639e-01 5.285744688527186375e-01 4.528921867025315073e-01 6.511065555682676864e-01 2.603484339024855765e-01 3.600957363518632048e-01 4.202445418984318004e-01 4.608740019177520741e-01 0.000000000000000000e+00 2.948071930975304511e-01 6.593097876495773724e-01 1.695845681224943946e-01 8.262095908061464211e-01 1.595464661970909248e-01 6.054937558862920621e-01 3.306539623015875562e-01 3.829422834502074213e-01 3.028267050840803831e-01 3.873674898897307983e-01 5.246903406977365680e-01 4.680801199203502572e-01 2.195593321327951597e-01 5.723283720946225062e-01 5.170592869821991622e-01 6.972581124270409436e-01 6.437364994940996121e-01 2.226771309385822684e-01 3.801954642239221416e-01 5.167864405563674657e-01
6.850216303750128466e-01 4.631441911165082859e-01 4.317619585574817842e-01 5.756471300122150137e-01 9.792769387436608408e-01 1.057386322867894579e+00 3.799221557567532548e-01 2.235305633691201943e-01 1.109017289655284122e+00 6.200570128394790048e-01 1.778986086965491098e-01 7.417720018189765119e-01 1.766078872024223201e-01 3.650275543290345537e-01 5.460062605318988238e-01 3.349495952325559078e-01 3.862327975638781830e-01 9.181235122524125103e-01 8.151382535631681581e-01 1.846167543237080266e-01 3.565766880092833269e-01 4.869163319856950611e-01 7.221344912776689329e-01 7.239861451796190117e-01 9.095483030202866637e-01 5.212606225509658353e-01 3.001126398353223257e-01 5.996841195745242770e-01 2.959120453171706355e-01 2.948071930975304511e-01 0.000000000000000000e+00 4.078408138204227540e-01 1.715864608355505694e-01 9.431358327778710526e-01 1.751503097736334669e-01 3.426288690906460488e-01 3.751479164832297042e-01 4.315755258643343972e-01 4.575936494701527413e-01 6.000240870909053781e-01 5.937716398318204636e-01 3.070477962831288377e-01 2.629171495798728886e-01 3.043001752528450843e-01 7.774087843659618358e-01 8.097935490972253403e-01 3.782980310724513573e-01 3.165014846230539414e-01 6.376995278227350905e-01 7.742905041551806367e-01
7.960577779452622238e-01 8.640240489417340131e-01 2.328892175403006748e-01 9.323469669647659330e-01 1.192950726156980279e+00 1.288191527097062528e+00 7.656275174773139458e-01 3.774622656880413096e-01 1.218017096867936688e+00 8.314880503986195048e-01 4.324740803647355580e-01 9.513956628888377010e-01 5.759726529362781955e-01 1.753512547082839712e-01 6.329814606541395161e-01 6.940734598211718565e-01 6.403002229455811989e-01 1.019884040426188632e+00 1.030543165170861641e+00 2.242556688826909395e-01 5.455622110349174214e-01 6.216038370108075695e-01 8.124647166145848587e-01 9.342536006610876465e-01 1.149283155101184839e+00 8.031732909089114303e-01 7.009924976605479419e-01 7.820952460724565070e-01 3.687867674385262307e-01 6.593097876495773724e-01 4.078408138204227540e-01 0.000000000000000000e+00 5.542626952116898043e-01 1.052135639990523730e+00 5.241218096829959316e-01 1.805810469675113161e-01 4.654781418201455745e-01 7.888584605557140694e-01 6.654940267608309146e-01 7.738230619899626461e-01 6.952188689576337399e-01 2.373571836721492523e-01 5.859841384929815877e-01 1.371025400028350327e-01 9.500324606013186290e-01 9.199379046546907190e-01 2.614834641132517956e-01 5.118295129195241655e-01 8.922965920440996124e-01 1.020674629537777989e+00
