0.000000000000000000e+00 2.095780609592144117e+01 1.560241898382054160e+01 1.476143825317522307e+01 1.121231770654710580e+01 8.151602884203430932e+00 7.913954060678372926e+00 2.036539721919569246e+01 1.752609742767047507e+01 7.591076976609471672e+00 1.497834971122409797e+01 1.002285871356707858e+01 1.281386120481758084e+01 1.528916014046968463e+01 4.887019200967137600e+00 1.626107261167713247e+01 4.591878167739491978e+00 1.043452553561584040e+01 1.972299927306742617e+01 1.216637474435161081e+01 1.107103083776435604e+01 1.807668964374011011e+01 4.097683644758710386e+00 1.406250118210423850e+01 9.687261732588311247e+00 1.892088089952012098e+01 1.649581651143739336e+01 7.737997153388083582e+00 4.669707777821060724e+00 1.229237005402248073e+01 1.048108565488328203e+01 7.638429172356582697e+00 1.804022174285447733e+01 1.764016071055570478e+01 1.294833939192106520e+01 7.798391486147791873e+00 1.311682896808713927e+01 9.892321532864874811e+00 1.042768509204625005e+01 4.737550679542861687e+00 1.541670038387565889e+01 7.311922768298043884e+00 1.268424359147459946e+01 1.732576251619526175e+01 2.570288194692368133e+00 1.368114955428451474e+01 1.175134955399094139e+01 1.503115628217997113e+01 1.737695806546125610e+01 2.510114345995661189e+00 1.764427724960485833e+01 1.864665963119884395e+01 5.356508746934135701e+00 9.363701851681994981e+00 1.256632829927290196e+01 1.505865014626558285e+01 2.622542819712730733e+00 6.101645088271652639e+00 1.611477237363890325e+01 1.068224916124670365e+01 1.469060385423218840e+01 8.913053219198747712e+00 1.377345056505113163e+01 1.392841040704527700e+01 1.006752900163985132e+01 6.137221696817753980e+00 1.690035265983069834e+01 9.501920892335590452e+00 1.979699432658544822e+01 1.766355770287752591e+01 1.278285082210868673e+01 6.809601440736821942e+00 1.670123798990907815e+01 7.789617715452377134e+00 9.308413586104869353e+00 4.715168882892921687e+00 1.942198002492499143e+01 1.700263135687718119e+01 1.590408268207984754e+01 1.879422100527235173e+01 1.986734013770808005e+01 1.024210744247946536e+01 2.946472065708461763e+00 1.178558543176470685e+01 9.122785199514989785e+00 1.497991375969739636e+01 1.465175404544319093e+01 1.276545683282653876e+01 9.157666247251821545e+00 8.188066759281754869e+00 1.141506717639058444e+01 1.832438736972940418e+01 7.745402474939456106e+00 1.974600387552769476e+01 5.941715521479002504e+00 1.825981815155128274e+01 1.104966636952270598e+01 1.126812310839640752e+01 1.269930182128286233e+01 4.491468646922214702e+00
2.095780609592144117e+01 0.000000000000000000e+00 1.548310560362923738e+01 1.486136095443848149e+01 1.204705228091675728e+01 1.761421743823598618e+01 1.932287681680758240e+01 7.889084400608411762e+00 7.577485347614591582e+00 1.347461613833019278e+01 6.187046633750012958e+00 1.219781082331162736e+01 9.253183671558851131e+00 1.084688786194898569e+01 1.651486482410497203e+01 4.808741298731587399e+00 1.754576036123586391e+01 1.493815321650932582e+01 4.219950812963577214e+00 1.666594160549812997e+01 1.834927842949764099e+01 4.013509563251684398e+00 1.862421517361885037e+01 8.987590400264402035e+00 1.234521733940611732e+01 1.136798514541499827e+01 1.111269184392231146e+01 1.462420181060599766e+01 2.032555155559447613e+01 9.108378417192490417e+00 1.490652068635974992e+01 1.635602526440064253e+01 3.098784287444476870e+00 7.036107494645904126e+00 1.200133918529792965e+01 1.549382070646753995e+01 1.389826952250913017e+01 1.167892210231831562e+01 1.216126962280250723e+01 1.622025541637858481e+01 7.752685115112196712e+00 1.386410573771237686e+01 1.141667124319046067e+01 1.399380763853516108e+01 1.898081570269176410e+01 9.006822922230053763e+00 1.029256919018196115e+01 8.410064321751754335e+00 4.329847010954740227e+00 1.892031174033217056e+01 9.614260002813002970e+00 2.349454204639201738e+00 1.580330204310263298e+01 1.723541541200383520e+01 1.602625705260870603e+01 1.294192620343691402e+01 1.838031227952376057e+01 1.825560843002319444e+01 4.966895271656007971e+00 1.038986598052910537e+01 9.843061678113281587e+00 1.441948974875339040e+01 7.298664576724674724e+00 1.574740822682057839e+01 1.673583866069955306e+01 1.797621061750991700e+01 1.214268327010653081e+01 1.390592763672817078e+01 5.868164533341219347e+00 5.687752401653693113e+00 1.410567569530459586e+01 1.509938185021756318e+01 5.147711548650315549e+00 1.381148859640021342e+01 1.890481041115640437e+01 1.728791250704191640e+01 2.296844862885942362e+00 9.225617009598876095e+00 1.296271336146548059e+01 2.239816723190853676e+00 9.473551684609326173e+00 1.246885623836896784e+01 1.818976458649700589e+01 1.045469369638574797e+01 1.394656733712522190e+01 8.348297908666680200e+00 1.168378963277862326e+01 1.046164081699049575e+01 1.194395301451122826e+01 1.417042373962297752e+01 1.319285323088727147e+01 2.789323966495018681e+00 1.728813667674701904e+01 1.628037854176573873e+00 1.988670560727262426e+01 5.308886389542442963e+00 1.627879702283831520e+01 1.333391336839277663e+01 8.765483056902901637e+00 1.872823427897981219e+01
1.560241898382054160e+01 1.548310560362923738e+01 0.000000000000000000e+00 2.058078714124630082e+01 1.101792741209017024e+01 8.162898855924119346e+00 1.970705381318115457e+01 7.912685529040318855e+00 1.914003199516081821e+01 1.299287151198801382e+01 9.719902505143780402e+00 6.479572061955699347e+00 1.498542991184232775e+01 5.124340842954261177e+00 1.096778724647250058e+01 1.427416546822513332e+01 1.544843521490197169e+01 1.720163300310700549e+01 1.197015712927416509e+01 4.090630465367942392e+00 2.029772013251412943e+01 1.746736390156273089e+01 1.211328765004452102e+01 1.271363674331890437e+01 1.314397296963569950e+01 4.880320312441775776e+00 1.952156787245761649e+01 1.008133270757884148e+01 1.851682681720087231e+01 7.879041556406106928e+00 5.335100936835873497e+00 1.544373513196208592e+01 1.238432131618475474e+01 8.454719163960543682e+00 1.751137803449690011e+01 8.270521396119315582e+00 3.104484582755991262e+00 8.619721632638562170e+00 1.576815258742260895e+01 1.274532777924328641e+01 1.658415080484529724e+01 8.359786222769844954e+00 5.407312251608436426e+00 2.588401566163894163e+00 1.344450559529790823e+01 1.017953452415667215e+01 1.282136241085828843e+01 7.369510386422204462e+00 1.185437441116716073e+01 1.636133654960330119e+01 5.870012184706710379e+00 1.497710130255048355e+01 1.097904284108875039e+01 1.799540367717678890e+01 1.959273054109858947e+01 3.017656527735545158e+00 1.425274282675749049e+01 1.748313839342508658e+01 1.591254422757466891e+01 1.518624201422905529e+01 1.711327393687413334e+01 1.507816826523287546e+01 1.450599336668599371e+01 2.146600133371838748e+00 6.187087214734964924e+00 1.020589392179908117e+01 3.390175877056752718e+00 1.098203669951401551e+01 9.863936752638311489e+00 1.771196242879780769e+01 1.876605783997343835e+01 1.351091084589460500e+01 1.033795522559276669e+01 1.212430916931148239e+01 1.988272473190399836e+01 1.154093298866386696e+01 1.373883893606687856e+01 1.913930373917140670e+01 2.014906170173667732e+01 1.676497104778446356e+01 6.088863828298139325e+00 1.246425913011096220e+01 1.268990372906081809e+01 9.432291158491262095e+00 6.541036267268077964e+00 1.148498602302551674e+01 1.840594714003930576e+01 1.127334127066355229e+01 1.374108871523286979e+01 1.132108755621631246e+01 4.861637733592203858e+00 1.340726447616231098e+01 1.717934769565053088e+01 1.410675025849628916e+01 1.887947705306216761e+01 1.023520650371043139e+01 1.852918133636508458e+01 1.717439951263992626e+01 1.308269086127720904e+01 1.696353736189803385e+01
1.476143825317522307e+01 1.486136095443848149e+01 2.058078714124630082e+01 0.000000000000000000e+00 1.104174602079233836e+01 1.748261730430953520e+01 8.201201920704081161e+00 1.932542320969667671e+01 7.570343252046803251e+00 8.173508354156773237e+00 1.361110550683266140e+01 1.458462052593900538e+01 6.046506936374944630e+00 1.592050700641804895e+01 1.291251614800005498e+01 1.038726086361782741e+01 1.052423126979426016e+01 4.329029823781031183e+00 1.800831604391905572e+01 1.940255162066522132e+01 4.075532464811176148e+00 1.140843992297385689e+01 1.656927063744785755e+01 9.890751890655188561e+00 8.492490510233695389e+00 1.891561583543434821e+01 3.752407294976911611e+00 1.099742516215346200e+01 1.144350738694881287e+01 1.271543528725094063e+01 1.640250689408308560e+01 7.418891024185713334e+00 1.486974629393848524e+01 1.661360454058638325e+01 3.123495677546449745e+00 1.478915311748928296e+01 1.793721954070849733e+01 1.311474804780350567e+01 5.317262205484537319e+00 1.069525998055365790e+01 7.247237574749346933e+00 1.273579116063169181e+01 1.534278838549701085e+01 1.978454924224009659e+01 1.445398172920399205e+01 1.133522871299280865e+01 7.957803147539512345e+00 1.435704090369741870e+01 1.268450582690592832e+01 1.232146260692468864e+01 1.707349750553664336e+01 1.256173813650488214e+01 1.051730843538990179e+01 5.612310721581435402e+00 2.253517830119510457e+00 1.756635259488903955e+01 1.257452600529894937e+01 8.659793164903572205e+00 9.903489286239780753e+00 6.342354578291241829e+00 5.179380668252573372e+00 6.389516742438718921e+00 8.046095099735531164e+00 1.995516313498252003e+01 1.776690557603222942e+01 1.670033597238152367e+01 1.796592509739195975e+01 1.082793924973335464e+01 1.817805492964052405e+01 9.507505038016024201e+00 2.206372433128937161e+00 8.500241053824517223e+00 1.516080581172048980e+01 8.988727071414199798e+00 6.348218818020530563e+00 1.485055686238481520e+01 1.652025377847947141e+01 5.674304114257513021e+00 1.908192031995032734e+00 1.269726489991399809e+01 1.948771012882201248e+01 9.969535953119331495e+00 1.265369894604327961e+01 1.164182875219462687e+01 1.463483657924761872e+01 1.140341305459519283e+01 3.224798315238738500e+00 9.585859686139610147e+00 7.300615408231613479e+00 9.788895143821822131e+00 1.625447141143132868e+01 1.226394238382474278e+01 7.016035778235766962e+00 1.426321503942579128e+01 1.008134050328343534e+01 1.655980561720181043e+01 3.854865715508341673e+00 3.839864301251464607e+00 8.334551308862957697e+00 1.026996960625300837e+01
1.121231770654710580e+01 1.204705228091675728e+01 1.101792741209017024e+01 1.104174602079233836e+01 0.000000000000000000e+00 1.121333252575102257e+01 1.481923445421305630e+01 1.149046512061578085e+01 1.037500460018551607e+01 7.560103401432676229e+00 5.906446824487549208e+00 5.732421809740817054e+00 5.641414039846190498e+00 6.800747859216657254e+00 7.042316543304512066e+00 8.099321184459851608e+00 1.090975182814738886e+01 1.041106348126840153e+01 1.074161187249081095e+01 1.130503851606944821e+01 1.398439082184598803e+01 1.012526009361553747e+01 1.101715504544242918e+01 4.185026758477663478e+00 3.871487713478999115e+00 1.033607575224908715e+01 1.020582875667087208e+01 3.544819655504169553e+00 1.393092886863153090e+01 3.625376264634792456e+00 8.787348876487440563e+00 1.064295647605537631e+01 8.948760453895140188e+00 8.658792335742383273e+00 7.923902409845351436e+00 8.399874609080617560e+00 8.187887571704672851e+00 2.884776380319438616e+00 7.363964070971788622e+00 8.334144189897788380e+00 7.700181251019056816e+00 5.967180193016712764e+00 5.690233473643633744e+00 1.063229011699217885e+01 9.074334447238602053e+00 3.091895851591261124e+00 3.085558794189522835e+00 6.049768881603350579e+00 8.285496776501910077e+00 1.189702604638202210e+01 8.735930712781039276e+00 1.048490820398156309e+01 6.252005376895967359e+00 1.275451165227322647e+01 1.162588723100395072e+01 8.345730231186236026e+00 9.862641549484054693e+00 1.283012413618765457e+01 8.029497580130145806e+00 5.335724642439635623e+00 7.789521640033466809e+00 9.322831857694817259e+00 5.690920853795737422e+00 1.072584689527306168e+01 1.075993488826457423e+01 1.079247762917646547e+01 8.894971079789662838e+00 2.026870119337603970e+00 1.081652211967627686e+01 9.906262792925083716e+00 9.769504675770656732e+00 8.667758987984388597e+00 7.704765483196580611e+00 5.352377519676240425e+00 1.445180156206981614e+01 9.096410813605864121e+00 1.033051873596565962e+01 1.021083475710979016e+01 1.081133557145578195e+01 1.063246957805505133e+01 1.113286926016646206e+01 1.982260925142901087e+00 8.299802451787384072e+00 1.771501347265937776e+00 7.439156870774422003e+00 3.767596053150295443e+00 9.057447988461653665e+00 2.347925031415127428e+00 5.897854465560969039e+00 3.792029501098382660e+00 7.017425934664652587e+00 9.838386841497060331e+00 1.242555227229941472e+01 1.065454258656835229e+01 1.424552568671034614e+01 9.278430750974663965e+00 1.182578817375171809e+01 8.783278728117618783e+00 4.030571611801266663e+00 1.237143659747849433e+01
8.151602884203430932e+00 1.761421743823598618e+01 8.162898855924119346e+00 1.748261730430953520e+01 1.121333252575102257e+01 0.000000000000000000e+00 1.399296798777385220e+01 1.346928105790902030e+01 1.986303242985323791e+01 9.312426017822440727e+00 1.180679987372383621e+01 5.744475617278752999e+00 1.478577542891214591e+01 8.395918564653493732e+00 4.741695892320841210e+00 1.638613727367133421e+01 9.327153978561074865e+00 1.326464406803650320e+01 1.428105258399867594e+01 4.075539963127564391e+00 1.628721005692603541e+01 1.959778319319258344e+01 4.062629219801062952e+00 1.394681586885654312e+01 1.134098877281316220e+01 1.200124625852490468e+01 1.888834017999089809e+01 7.860654419415862293e+00 1.171255312319450859e+01 8.860437277148523805e+00 3.094527145609426988e+00 1.135708980773771870e+01 1.451543315079150887e+01 1.077867062794653208e+01 1.530513769857711992e+01 2.989288859863030279e+00 5.816928534730260836e+00 8.561734363632448108e+00 1.247638875243183065e+01 7.611596898343008455e+00 1.746791450979868543e+01 5.624048851152466000e+00 6.232865255288952966e+00 1.027727736749117504e+01 5.666669388013615638e+00 1.146139507486217113e+01 1.343829111458903647e+01 9.220099511031751405e+00 1.396634621661334918e+01 9.304762416190683894e+00 1.074879174505396229e+01 1.710752059418031834e+01 7.013515194930078245e+00 1.396110706843896665e+01 1.559171790449380168e+01 8.016318872025818720e+00 7.111251165851971479e+00 1.206156214817550421e+01 1.781197462327284953e+01 1.253953681360730954e+01 1.696994588438386131e+01 1.118366523234815091e+01 1.547501018883351342e+01 6.146494456475672941e+00 2.069452425179994837e+00 2.042995065874965377e+00 9.992794204322791529e+00 9.842311864150156353e+00 1.292173815562283856e+01 1.969259122538572271e+01 1.529116774515876109e+01 9.440159971143474493e+00 1.246837451722261214e+01 9.434726557041742012e+00 1.535919177897531007e+01 3.515027645096704845e+00 1.588471392804290083e+01 1.938144130911315699e+01 1.841754408530262310e+01 1.889539033941430191e+01 1.296423747723483721e+01 1.147798841899175315e+01 5.872417859695747033e+00 1.007296364891273655e+01 4.256434028159090666e+00 1.318701189146740660e+01 1.703192497944190364e+01 1.213953620855016347e+01 1.084714336618157127e+01 9.359441025025880379e+00 4.421364207348704056e+00 1.551923628160851187e+01 1.282782496033396491e+01 1.623716955012612573e+01 1.213525408285754104e+01 1.240905677671868368e+01 1.452347990991938076e+01 1.369967491810183091e+01 1.394888579916382021e+01 1.052115140375539859e+01
7.913954060678372926e+00 1.932287681680758240e+01 1.970705381318115457e+01 8.201201920704081161e+00 1.481923445421305630e+01 1.399296798777385220e+01 0.000000000000000000e+00 2.367856284004123424e+01 1.224151549455052645e+01 7.567617281459582124e+00 1.783150362962390645e+01 1.411137170021855525e+01 1.017787643579894663e+01 1.937767312712116663e+01 9.596415550227066049e+00 1.470059265501022772e+01 4.681848742243349903e+00 4.501673631455648028e+00 2.242858085172595395e+01 1.687577109361153660e+01 4.253194046838526532e+00 1.587061210574538173e+01 1.179696354734056740e+01 1.410006211859426806e+01 1.120084006068249849e+01 2.300656154646857487e+01 9.967446543770055456e+00 1.140717716295894135e+01 3.608271208263084340e+00 1.638088304067394674e+01 1.460120315060709117e+01 4.312651850536942888e+00 1.929001110174538169e+01 2.083400266337765316e+01 7.530071098546009090e+00 1.224788901766021532e+01 1.720843578849822109e+01 1.388564000386295483e+01 7.465826578554930038e+00 7.242917536276927137e+00 1.157797760389371433e+01 1.137162524362496185e+01 1.677275657812607790e+01 2.141427550284675263e+01 9.186260575870171863e+00 1.546563914585492938e+01 1.192917610703158537e+01 1.848140542072074766e+01 1.690912459659838873e+01 5.449296088795212434e+00 2.119447352352847602e+01 1.701658212761448041e+01 8.758557543822783842e+00 2.646942404960404893e+00 5.989936221670077998e+00 1.914716313291706129e+01 6.971352489651020612e+00 2.231142217594822341e+00 1.436506000162386520e+01 9.551917078809934125e+00 9.655536753165486985e+00 5.789468781434133682e+00 1.226649322252678154e+01 1.806320228151732721e+01 1.488137060682001511e+01 1.272279446348708198e+01 2.098886564648218567e+01 1.313545910304419806e+01 2.259831973744740807e+01 1.400758313018572032e+01 6.248641333223427630e+00 6.259619497561032198e+00 1.951394544206506509e+01 9.790702599592483679e+00 1.980149030991284809e+00 1.087094526781753956e+01 2.098176964084855456e+01 1.049774766051879382e+01 9.353739296617670007e+00 1.715878076228309723e+01 2.363396824530764562e+01 1.310560905644802965e+01 8.216108385030615580e+00 1.570826190260146582e+01 1.322767378488143031e+01 1.562381117738644321e+01 8.146588280760859391e+00 1.370667093229314482e+01 9.049304733329414319e+00 1.147084601917946323e+01 1.550427639870454044e+01 1.669789802341187723e+01 2.534339388219007727e+00 1.871967773314930028e+01 2.132502779552385430e+00 2.098007042500871933e+01 4.425024295185296275e+00 6.038343663163549202e+00 1.250057223150739993e+01 3.497508734331560287e+00
2.036539721919569246e+01 7.889084400608411762e+00 7.912685529040318855e+00 1.932542320969667671e+01 1.149046512061578085e+01 1.346928105790902030e+01 2.367856284004123424e+01 0.000000000000000000e+00 1.353119204220491056e+01 1.704837139504677523e+01 6.023970535939544568e+00 1.034527021026892690e+01 1.360886969479252429e+01 5.079334426922681445e+00 1.574174847342455763e+01 9.081225658629689335e+00 2.019828821638657956e+01 1.929383923974298298e+01 4.127140243903044237e+00 9.774192808729955217e+00 2.270496445273132124e+01 1.111713598387017399e+01 1.700568083413956089e+01 1.000559992162872014e+01 1.445368006642061154e+01 3.780422354172060295e+00 1.557765680949867892e+01 1.393358032772971278e+01 2.326586980641520697e+01 8.139120146169236847e+00 1.038079757492602795e+01 2.018961359172239511e+01 5.680673865319096016e+00 3.030274945187656499e+00 1.638236890631782927e+01 1.324550179183481546e+01 7.793569569122431595e+00 1.098830061944203074e+01 1.651695564603618038e+01 1.750830601461843727e+01 1.210837113834587342e+01 1.309098938703196602e+01 7.687729330563596974e+00 6.422380636904178708e+00 1.820769935201135326e+01 8.561431189525478658e+00 1.227538877386718319e+01 5.500770783185561896e+00 6.870665387008376257e+00 2.112149291245097515e+01 2.777181599044871607e+00 8.742204321651334098e+00 1.572589923375477738e+01 2.159110143523749770e+01 2.038194307584238274e+01 5.751644340616723028e+00 1.901572106213263069e+01 2.222999478609110113e+01 1.030392779529449498e+01 1.461024629687189247e+01 1.421200556646391178e+01 1.876441397317210757e+01 1.157265954134181385e+01 8.256292089354039021e+00 1.147685026319355650e+01 1.526205175679920423e+01 4.575754636435481082e+00 1.329127382544987412e+01 2.020919867267192416e+00 1.209499262033233080e+01 1.846136171853826724e+01 1.825678930565491243e+01 4.164617397976192237e+00 1.579992613160663950e+01 2.326049643439007752e+01 1.643332617275889973e+01 5.895822050695762151e+00 1.442444383171167210e+01 1.742677561672368469e+01 9.594973746648344459e+00 1.824494301526240925e+00 1.314915582832496810e+01 1.745288196443596718e+01 9.814742444606412874e+00 1.147515569102219857e+01 8.215341586482152181e+00 1.611989684989523397e+01 1.025510205145587150e+01 1.531535685478570308e+01 1.443667621966072723e+01 9.055554292129430749e+00 7.603612062325452392e+00 2.164382269998068864e+01 7.264601451038593005e+00 2.362633344572819283e+01 3.176332564211056475e+00 2.063448304607198835e+01 1.768959939162645156e+01 1.153881718629950370e+01 2.171039375456405196e+01
1.752609742767047507e+01 7.577485347614591582e+00 1.914003199516081821e+01 7.570343252046803251e+00 1.037500460018551607e+01 1.986303242985323791e+01 1.224151549455052645e+01 1.353119204220491056e+01 0.000000000000000000e+00 1.056164841151331402e+01 9.711148713328814353e+00 1.448303693214658594e+01 5.354986238331222559e+00 1.425979492824721717e+01 1.538580985819759483e+01 4.998466608042754444e+00 1.320997197078388119e+01 7.859173811571789514e+00 1.077222048394909670e+01 1.986661263645599362e+01 1.121296737861793957e+01 4.061720987220716950e+00 1.909994442968717721e+01 6.685058433628660701e+00 9.631007704207183551e+00 1.571586829191560675e+01 3.821674141530633229e+00 1.294160055007903942e+01 1.443174414438217035e+01 1.135085330880297860e+01 1.750224656967687054e+01 1.004284500803969316e+01 8.066152686640783998e+00 1.138399064114650905e+01 4.720423778906328138e+00 1.716956824303298035e+01 1.684953101331648995e+01 1.241109667398971794e+01 7.389790981599473341e+00 1.322593377279298288e+01 2.690620638581670665e+00 1.511081446459937183e+01 1.405038695124944326e+01 1.766913264854954946e+01 1.698465552144332236e+01 9.197571952911715698e+00 7.791159725720400608e+00 1.203736573615648631e+01 7.285657583993653041e+00 1.510133695649384755e+01 1.349764536321786501e+01 5.304903254196090323e+00 1.289772356093359740e+01 1.012442219284613820e+01 8.894947287602779085e+00 1.621868413838825518e+01 1.518936478422531522e+01 1.142445233939882421e+01 3.229869642499917592e+00 7.479503265744641638e+00 2.939779138640431277e+00 8.897669787767712890e+00 4.709809530053505000e+00 1.913506752245984543e+01 1.944881359942135290e+01 1.917362968257906530e+01 1.579917424277095428e+01 1.164386317052233721e+01 1.164858445637885254e+01 2.063209886078939626e+00 6.914615776157738480e+00 1.103091484606384221e+01 9.406037231313064240e+00 1.106038899574478940e+01 1.177483308119278149e+01 1.736456867169619045e+01 9.236378171655582392e+00 1.907186674547756144e+00 5.671695659073805018e+00 5.401708004712093114e+00 1.468084679140262416e+01 1.004607780975479159e+01 1.518437273828260814e+01 1.065498063640675852e+01 1.619968982908841681e+01 7.903916100350353524e+00 4.397564950999123923e+00 8.042598654730751306e+00 9.191766581499569710e+00 1.143477126689704448e+01 1.573996882529743502e+01 5.956718685312782924e+00 1.021020343150700604e+01 7.001232732625947364e+00 1.309516313978452828e+01 1.037694837054754871e+01 9.148819692874685217e+00 6.257974319274070218e+00 6.344432988384250294e+00 1.303462878074827103e+01
7.591076976609471672e+00 1.347461613833019278e+01 1.299287151198801382e+01 8.173508354156773237e+00 7.560103401432676229e+00 9.312426017822440727e+00 7.567617281459582124e+00 1.704837139504677523e+01 1.056164841151331402e+01 0.000000000000000000e+00 1.124530828705325547e+01 7.381536170621521009e+00 5.485041212146973599e+00 1.264783759752412884e+01 4.829380595857593939e+00 8.777882654085875203e+00 4.667832134359109375e+00 4.220718234634239785e+00 1.627302367498741376e+01 1.123236033417812152e+01 7.413633457079379596e+00 1.068916902663749013e+01 8.709575333055271429e+00 7.353044875329927343e+00 3.854603521281100953e+00 1.595393987541766734e+01 9.586788170423222510e+00 4.027223136580110108e+00 7.470056605279899564e+00 9.651047511076914276e+00 8.232944855010655871e+00 3.826768574762211106e+00 1.343331049047164427e+01 1.419020413823898608e+01 6.003753680237193358e+00 6.618961831002182272e+00 1.047860025890118862e+01 7.031362916796672913e+00 3.175652741053585082e+00 2.859872544595678967e+00 8.167178498420438970e+00 4.633085289218170644e+00 1.004292104852904188e+01 1.468443997324970951e+01 6.673928605532280400e+00 8.574824090078340788e+00 4.800825447150170788e+00 1.158118068409995871e+01 1.090033479873479294e+01 5.900031095525283042e+00 1.428619162406954324e+01 1.116346967360758491e+01 2.347117148902799766e+00 5.654925401321931666e+00 6.634044281785175023e+00 1.241732760332002528e+01 5.069161622760225860e+00 5.873830114801308788e+00 8.674964002965436904e+00 3.242440790573229759e+00 7.668561866043933861e+00 2.086305560629906797e+00 6.333642194377662626e+00 1.184903632103594617e+01 9.596714289545122512e+00 8.617200420239067071e+00 1.425903011688514610e+01 5.661164507252410161e+00 1.634794203171345117e+01 1.041184277368908440e+01 5.989513977122133070e+00 2.190481535413958181e+00 1.317591174393637132e+01 2.251799798966241717e+00 7.573704109621873570e+00 6.869276737286633683e+00 1.513350896237118270e+01 1.007988929954547430e+01 9.115890317265998632e+00 1.131103104768107848e+01 1.670895973685637159e+01 5.730852582946818430e+00 4.822365995669062322e+00 8.611866481287782094e+00 6.532130707834098438e+00 9.037615834815786897e+00 7.730372969874224509e+00 6.823094559807448611e+00 1.761723304829306169e+00 3.946233088505678666e+00 8.774440869107506202e+00 1.084119741213814336e+01 5.203653030088579712e+00 1.286656527914240300e+01 7.406488881639704758e+00 1.480984255347127032e+01 5.598188591648079360e+00 4.398021150065207330e+00 5.748777714442090847e+00 5.872765034914648297e+00
1.497834971122409797e+01 6.187046633750012958e+00 9.719902505143780402e+00 1.361110550683266140e+01 5.906446824487549208e+00 1.180679987372383621e+01 1.783150362962390645e+01 6.023970535939544568e+00 9.711148713328814353e+00 1.124530828705325547e+01 0.000000000000000000e+00 6.271390854291372996e+00 7.679891963804166721e+00 5.052660203911600867e+00 1.035470096545296670e+01 4.845282186393136570e+00 1.481124070841498686e+01 1.344678002932566585e+01 5.059696833948132522e+00 1.088289111746384208e+01 1.685931661564884365e+01 8.096795510101543414e+00 1.265340671704920794e+01 4.044873174397471516e+00 8.794705398844037347e+00 6.877007297992835611e+00 1.078979143025737564e+01 8.450442163230347248e+00 1.787882229844359827e+01 3.115126346755422215e+00 9.099103121847608833e+00 1.480256608375080063e+01 3.088754806728391422e+00 3.023692477259075417e+00 1.060636923327660419e+01 9.523012249897908177e+00 8.108279205766615760e+00 5.505162454942667871e+00 1.064737451683287972e+01 1.212125850664683568e+01 7.515230727140902900e+00 7.703941879060375086e+00 5.608341800208720862e+00 8.306836908840461220e+00 1.282065184403976055e+01 2.841067839585744270e+00 6.613837317582347275e+00 2.592018636385133856e+00 2.425491129335161311e+00 1.573444540447939310e+01 4.493454204994145051e+00 5.625828456491331231e+00 1.033885172578317757e+01 1.574404222482016280e+01 1.453488386542504784e+01 7.162019270285512995e+00 1.362867355416104331e+01 1.676314703171439646e+01 6.483660945742670378e+00 8.656211810901561776e+00 8.431724838580086256e+00 1.292466426377027666e+01 5.565010407097131129e+00 9.972712209969122554e+00 1.093442020719214192e+01 1.211082753084631491e+01 6.373055705774322455e+00 7.765322180298955601e+00 5.202896645962256095e+00 8.283079146965814488e+00 1.263151751911966869e+01 1.286974179768331972e+01 1.977044634203921847e+00 1.031678796710727219e+01 1.741343722397275684e+01 1.123693389857950287e+01 4.470513088798913515e+00 1.009890099873702241e+01 1.171252174816606129e+01 7.430369380332997764e+00 5.974656770180835075e+00 7.490181160748392131e+00 1.206583445646436914e+01 4.277009434196398452e+00 8.035813390615118124e+00 2.207692452237467240e+00 1.039971435497871077e+01 4.579618748128429395e+00 9.486459923398465222e+00 8.953538055161361697e+00 7.385435666375129493e+00 3.978381194330313342e+00 1.579676348956335730e+01 4.794536939401608855e+00 1.823928593775659834e+01 3.601325984487314447e+00 1.478742383565466056e+01 1.184214683038689664e+01 5.531168052054817430e+00 1.632334624659246458e+01
1.002285871356707858e+01 1.219781082331162736e+01 6.479572061955699347e+00 1.458462052593900538e+01 5.732421809740817054e+00 5.744475617278752999e+00 1.411137170021855525e+01 1.034527021026892690e+01 1.448303693214658594e+01 7.381536170621521009e+00 6.271390854291372996e+00 0.000000000000000000e+00 1.016993064379486356e+01 5.269033131542917303e+00 5.399209967795944642e+00 1.086006932520479573e+01 9.855749710757963911e+00 1.117066213973649802e+01 9.702872264140662395e+00 6.159496605246131296e+00 1.469890188624365734e+01 1.411158264891319725e+01 6.662667656197247545e+00 8.268519768356988209e+00 6.954518519406841293e+00 8.900753890593358975e+00 1.470606860441015762e+01 3.640525629276819330e+00 1.292333130078657000e+01 3.192390642172524107e+00 3.157148905024588004e+00 9.847075086093777685e+00 9.099026535867155374e+00 7.620033701628922351e+00 1.188372545901720656e+01 3.316948789354019489e+00 3.375087479199707197e+00 2.855022508889971000e+00 9.293891558378396311e+00 7.165767508989815404e+00 1.182355861203104119e+01 2.748450881403350810e+00 2.664116582547828571e+00 7.305635507268494422e+00 7.865160846382737603e+00 5.783098974362623323e+00 8.004264250245213930e+00 5.011029273253199356e+00 8.440278268146821361e+00 1.077895440682237549e+01 7.624150240678083890e+00 1.164061559530299483e+01 5.383360728126156403e+00 1.239658543090630261e+01 1.352868057824544046e+01 5.038523137338812852e+00 8.673182556504023921e+00 1.188745628046249259e+01 1.213367852277328751e+01 8.972847819766272437e+00 1.229777466882666559e+01 9.449466634028624412e+00 9.796714088333958514e+00 5.728761115965550488e+00 5.267122845270663767e+00 5.870992289761712613e+00 6.880225650903932788e+00 4.886485562607981947e+00 9.776867317658675560e+00 1.401429512488615359e+01 1.249911149926687060e+01 7.914250800026299437e+00 7.052054228313085815e+00 5.651609777016878056e+00 1.428704261894140615e+01 6.090312994816595271e+00 1.047104494529630614e+01 1.437316441164671232e+01 1.506812398993662327e+01 1.344515651914465693e+01 9.847213128781296732e+00 6.686212260108087335e+00 7.110343458807350636e+00 4.394466741697791612e+00 1.806836394161452031e+00 7.535470807830675355e+00 1.359044787199184157e+01 6.461240108050607667e+00 7.305495931280990618e+00 4.999446919320874372e+00 1.669850885492323078e+00 9.993168333141971615e+00 1.158366558268794044e+01 1.080932407821326358e+01 1.328379494009957540e+01 8.239691142624511855e+00 1.265982756930693753e+01 1.088483587985980883e+01 8.270589698664268852e+00 1.136785524893544341e+01
1.281386120481758084e+01 9.253183671558851131e+00 1.498542991184232775e+01 6.046506936374944630e+00 5.641414039846190498e+00 1.478577542891214591e+01 1.017787643579894663e+01 1.360886969479252429e+01 5.354986238331222559e+00 5.485041212146973599e+00 7.679891963804166721e+00 1.016993064379486356e+01 0.000000000000000000e+00 1.029635241319158467e+01 1.030920265883124998e+01 4.630899509761511545e+00 8.292576689677018109e+00 5.793152835500701592e+00 1.235888770647722978e+01 1.560117778167226632e+01 9.205689421823873175e+00 5.800918960496663779e+00 1.405465632918708607e+01 3.935151227424527054e+00 4.421367982974691024e+00 1.324309401270392073e+01 4.672075951439512487e+00 7.753598810465362590e+00 1.109146072885838130e+01 7.120078057846963127e+00 1.318914028132513749e+01 7.208760044694416891e+00 9.220317956496655754e+00 1.068239099755788679e+01 2.986728777767174048e+00 1.209231124209189190e+01 1.253668103712191417e+01 7.893690682293534877e+00 2.981682451891969343e+00 8.186979690262067066e+00 2.705690902701484823e+00 1.003277036505608066e+01 9.749030048658640979e+00 1.415801842732030913e+01 1.197764219088025328e+01 5.291122445900751536e+00 2.555855245656667663e+00 8.315961246270772378e+00 6.774221939554072591e+00 1.064379922431496439e+01 1.104411580238986978e+01 6.946888982365772236e+00 7.820466559992506284e+00 8.090415030995199430e+00 6.881256671600085362e+00 1.197099536548506293e+01 1.020191826258357182e+01 9.109519837889434868e+00 4.295366856375151698e+00 2.281924786384652570e+00 2.419724827937526523e+00 5.266695845478061244e+00 2.114881556707034260e+00 1.488233868106093993e+01 1.507006370063483836e+01 1.409702248321272045e+01 1.232082750262591553e+01 6.600092094955035904e+00 1.252862659219870523e+01 4.937424054527239647e+00 4.981678123380990364e+00 6.013902162271233642e+00 9.444252296816333825e+00 5.887639239968788907e+00 9.759810030147795246e+00 1.229248907632931420e+01 1.091207649559984638e+01 5.050439051824239023e+00 5.171065399549176433e+00 7.089087617034372180e+00 1.349893477377259288e+01 4.824617313419481412e+00 1.015060552211139466e+01 6.137574644710571903e+00 1.188658354073669088e+01 5.472199511566699037e+00 3.423317031821876189e+00 3.717028268349201081e+00 4.019490610739206105e+00 6.246574383191555668e+00 1.142686253694571086e+01 6.628204878163162839e+00 8.143136295738399255e+00 8.649984587900592103e+00 1.073963799487605719e+01 1.091037727975998628e+01 7.133796641829696306e+00 4.188519636561927939e+00 2.333375943925714679e+00 9.494169158493136251e+00
1.528916014046968463e+01 1.084688786194898569e+01 5.124340842954261177e+00 1.592050700641804895e+01 6.800747859216657254e+00 8.395918564653493732e+00 1.937767312712116663e+01 5.079334426922681445e+00 1.425979492824721717e+01 1.264783759752412884e+01 5.052660203911600867e+00 5.269033131542917303e+00 1.029635241319158467e+01 0.000000000000000000e+00 1.066551139469855158e+01 9.626029885789106899e+00 1.512205113766056819e+01 1.562305983648174212e+01 7.487441681862067711e+00 5.952794712799887478e+00 1.904019441944364743e+01 1.283114615988249341e+01 1.192944375541354951e+01 7.657406575416845662e+00 1.033076923271164560e+01 3.794341283974533852e+00 1.483240021673479525e+01 8.876694206759848882e+00 1.818963272768918671e+01 3.263770137674687266e+00 5.307435081670505816e+00 1.511337651299638729e+01 7.748103574504514590e+00 3.821435843944332778e+00 1.285109789966864824e+01 8.169264713108802312e+00 3.086433076470676440e+00 5.931414498472168617e+00 1.264949316373808941e+01 1.243206893589242235e+01 1.166341710280030242e+01 8.014752308305959971e+00 2.614018540962839587e+00 3.864667611957536497e+00 1.313146227328534543e+01 5.223051404521397600e+00 8.165142750075224498e+00 2.474782996308745542e+00 7.206238828731129864e+00 1.604525583372497621e+01 2.355890781539329737e+00 1.034088356087024252e+01 1.064966215502876068e+01 1.766288685780890333e+01 1.671576166921986584e+01 2.273481625119742056e+00 1.393948398340662820e+01 1.715375770736510219e+01 1.126440864513863183e+01 1.053002235344599136e+01 1.242419643822339026e+01 1.465416794938015599e+01 9.713196782756524428e+00 5.146165606190692188e+00 6.403487769938032592e+00 1.018581467807319818e+01 2.094223220573008248e+00 8.234387704480012005e+00 5.378847787923593415e+00 1.306382684636177771e+01 1.482196337126353747e+01 1.318055222692890460e+01 5.701737483912530102e+00 1.074304001063677205e+01 1.955334404584400687e+01 1.135708909403289546e+01 9.117384351755910998e+00 1.424708737439641837e+01 1.545998420308592358e+01 1.212875330610422608e+01 4.632601560086101244e+00 8.783008784359557453e+00 1.237664488570995580e+01 5.065835246580013163e+00 6.398918612296191633e+00 6.459578224205213104e+00 1.371686964138856446e+01 6.579607374944536069e+00 1.120511083099374439e+01 9.379790098690858002e+00 3.982191798873904620e+00 8.759128893726284559e+00 1.684996700959054294e+01 9.470532516816046353e+00 1.855009636700218678e+01 5.640920578401965813e+00 1.696830163944947500e+01 1.401653714452662669e+01 8.388246933175842912e+00 1.663415667583804591e+01
4.887019200967137600e+00 1.651486482410497203e+01 1.096778724647250058e+01 1.291251614800005498e+01 7.042316543304512066e+00 4.741695892320841210e+00 9.596415550227066049e+00 1.574174847342455763e+01 1.538580985819759483e+01 4.829380595857593939e+00 1.035470096545296670e+01 5.399209967795944642e+00 1.030920265883124998e+01 1.066551139469855158e+01 0.000000000000000000e+00 1.360123073500215796e+01 5.065172660163715257e+00 8.586059269595702759e+00 1.509935052729629845e+01 7.279355543384470550e+00 1.159359432788383515e+01 1.551333047332177095e+01 3.998490140519689096e+00 1.093480293087538158e+01 6.871344164364588281e+00 1.429723215374899326e+01 1.441094961710750155e+01 3.671800454886144927e+00 8.232137205890280640e+00 7.668721308251336133e+00 5.806440084015373593e+00 6.657582095567569525e+00 1.341657299708334250e+01 1.301651196478456640e+01 1.082791512692147151e+01 2.981019215540868128e+00 8.493180222316006223e+00 5.290554484031013693e+00 7.999814187737862348e+00 2.902801196040610598e+00 1.299133994510472689e+01 2.693389431821784363e+00 8.060594845703464628e+00 1.270211377042413048e+01 2.561943493419410078e+00 9.083446766991420063e+00 8.968646506140469654e+00 1.040750753640883630e+01 1.275330931969011061e+01 5.848805460752855900e+00 1.302062850383372350e+01 1.595364664684628764e+01 2.506226378646492225e+00 9.267491339396764616e+00 1.090368914789073251e+01 1.043500140049444980e+01 3.682810972146318917e+00 7.551522849442851459e+00 1.349912544964971772e+01 8.066602237257505692e+00 1.249272331272821468e+01 6.527918863638950242e+00 1.115780364106193900e+01 9.246083149060330797e+00 5.388981105426683627e+00 3.787819824381472245e+00 1.227670391405956707e+01 5.627625390309147768e+00 1.517334558081431695e+01 1.523600422037336521e+01 1.081334477013888495e+01 4.744760712011052206e+00 1.207758924413794333e+01 4.965081948593168981e+00 1.074384890588170371e+01 2.089240208552117117e+00 1.479833127915386015e+01 1.490405074622976045e+01 1.394005176395027945e+01 1.613437912859736301e+01 1.524369139193694167e+01 7.186930854131599489e+00 1.953657500761811550e+00 7.177850101666979121e+00 4.487704339869824643e+00 1.073857751173847852e+01 1.255453441655850710e+01 9.125328752412466216e+00 6.376667724692751449e+00 5.022247925158882964e+00 6.791418430619456714e+00 1.430619938468526442e+01 8.160918204965042833e+00 1.512235512975655993e+01 8.652492418907110405e+00 1.363616940578015146e+01 9.831496926614867959e+00 9.222168243746008187e+00 9.916598773432388825e+00 6.694816247955868604e+00
1.626107261167713247e+01 4.808741298731587399e+00 1.427416546822513332e+01 1.038726086361782741e+01 8.099321184459851608e+00 1.638613727367133421e+01 1.470059265501022772e+01 9.081225658629689335e+00 4.998466608042754444e+00 8.777882654085875203e+00 4.845282186393136570e+00 1.086006932520479573e+01 4.630899509761511545e+00 9.626029885789106899e+00 1.360123073500215796e+01 0.000000000000000000e+00 1.292347619943852521e+01 1.031586905471198357e+01 7.886396760511798831e+00 1.545105861644226231e+01 1.372699426770030939e+01 4.431579188911810796e+00 1.728245072626195977e+01 4.290856916020083567e+00 7.648483855161797962e+00 1.108083253835505033e+01 6.639623107217213160e+00 1.098071468265247219e+01 1.570326739379712322e+01 7.766613969835614917e+00 1.367844052179510328e+01 1.173374110260330028e+01 4.747827010531226577e+00 6.748954887585948192e+00 7.427548444023146068e+00 1.415205625911066001e+01 1.267991694920645251e+01 1.013541325826404993e+01 7.538985461005167643e+00 1.152352193213427256e+01 3.188386695019923778e+00 1.252234129035549692e+01 1.018782237304440130e+01 1.280326612161386457e+01 1.534783495126480091e+01 6.803370435303137675e+00 5.595835705937649784e+00 7.171499209220813853e+00 2.460979713768548738e+00 1.423415733862461252e+01 8.846408627285676118e+00 2.482809572754923089e+00 1.110656855885831007e+01 1.261313125020648762e+01 1.140397289081136378e+01 1.172911621362942824e+01 1.368357879527944831e+01 1.363332426822585042e+01 2.264120415640030970e+00 5.703711578821538453e+00 5.250647580134774728e+00 9.797205586956048151e+00 2.612510175017108249e+00 1.453683431401168669e+01 1.551174121382516624e+01 1.671742051740374890e+01 1.093330771583527294e+01 9.368179754796667424e+00 8.056135646233272496e+00 4.239791556966202357e+00 9.483391533507255389e+00 1.047709768842021916e+01 4.916608260653497986e+00 9.114755112155895844e+00 1.428252624935907455e+01 1.560713689138878202e+01 6.467634122772576433e+00 5.847410126181459056e+00 8.488613270644833619e+00 3.930207649453426821e+00 1.010218460244387551e+01 7.772122754124644928e+00 1.349303110225269009e+01 8.379297220681092284e+00 1.265752970810090794e+01 5.509714582741776390e+00 7.179789533543917024e+00 5.764907332746179058e+00 7.247219530266905352e+00 9.473690255378661718e+00 1.196477306632262305e+01 2.155713932197728777e+00 1.266585251494967679e+01 4.183362672565682061e+00 1.526442144547527491e+01 6.437886333794557103e+00 1.165651286104097828e+01 8.711629206595434383e+00 4.068749572658580504e+00 1.410595011718247882e+01
