0.000000000000000000e+00 2.094229449960315037e+01 1.529608822770589960e+01 1.495691767276401229e+01 1.126197769149687566e+01 8.033884971738238789e+00 7.868848229200705369e+00 1.758680823877893218e+01 1.713543457344410470e+01 8.583796245502812283e+00 7.352157129577198802e+00 1.245517492129892645e+01 1.288731359891107786e+01 1.689990637731892065e+01 9.012781907571877582e+00 4.599501976719896135e+00 1.821633816265346439e+01 1.374900085084398604e+01 4.098108315259694656e+00 1.203244819483909112e+01 3.998443365597721844e+00 1.137065495520590197e+01 1.822317346006641259e+01 1.899021830621844131e+01 1.128361146057028286e+01 1.554352983957704204e+01 1.746522716040636780e+01 7.950558011907920886e+00 1.414259320853664370e+01 9.361670915299956874e+00 1.168003243750423081e+01 9.028520833330219375e+00 1.229584912014036391e+01 5.016941915563887022e+00 1.535176988487325467e+01 5.994406387786251678e+00 1.153855977808450106e+01 1.568924711246785364e+01 1.808156638753071022e+01 1.005915084790597902e+01 1.494572573339596211e+01 2.768927756835176890e+00 9.952663469878411107e+00 2.614085012767520144e+00 1.344046058305488955e+01 6.236040142891901006e+00 1.478388864632236377e+01 5.703432492433806900e+00 1.918750727895168495e+01 1.118068860764482331e+01 1.609566101998654375e+01 9.396640828271332069e+00 2.736792599930473191e+00 8.122457207877610941e+00 7.133281369835691166e+00 1.321275184679487147e+01 1.037875151179237321e+01 1.409210857051305332e+01 1.030093118865705293e+01 1.649957054147377988e+01 7.373785761925777393e+00 1.285062748339427330e+01 1.698511001976398305e+01 7.656661604806300758e+00 1.745334864728292956e+01 1.915328860742939554e+01 1.004213028869743418e+01 1.353042399046887390e+01 1.949762917675984042e+01 6.992190214602078235e+00 6.210905725732376759e+00 1.838575359234078377e+01 5.901061330094312218e+00 1.645456235373309184e+01 9.752527930679201873e+00
2.094229449960315037e+01 0.000000000000000000e+00 1.531518382328669148e+01 1.477741610067512568e+01 1.141882438001226241e+01 1.775407300893131435e+01 1.363594588920950734e+01 7.686825890492720248e+00 7.445743766500495298e+00 1.899873819436563593e+01 1.372433879837765147e+01 1.172842629388080482e+01 8.773808096185552685e+00 4.790417253673396658e+00 1.329219011242251902e+01 1.795760161670832744e+01 1.214359923890409831e+01 7.412836837386224786e+00 1.707354407136978125e+01 1.591627049777702574e+01 1.847611137252863145e+01 1.454101707468806559e+01 3.889863363135115826e+00 4.006709999263273758e+00 1.798100076121601276e+01 1.104639411673312210e+01 3.624639813758337326e+00 1.658726217314603701e+01 8.123533384050031003e+00 1.532908288738332381e+01 1.084143969554452447e+01 1.253638177737403225e+01 1.166415928654751788e+01 1.666600137832860185e+01 1.198371865343506038e+01 1.564047425828065663e+01 9.681819729797963348e+00 5.555159464776832756e+00 2.896540406163006232e+00 1.099672038626710879e+01 8.877596335747208300e+00 1.923055606546583007e+01 1.247566266644404465e+01 1.901317215534313121e+01 1.365020442751948870e+01 1.905461759497739038e+01 8.581160787232541054e+00 1.599536369975837147e+01 9.858175669198338653e+00 1.407980655651000568e+01 5.822025501118279323e+00 1.315322364473897743e+01 1.824410980211675692e+01 1.349078117284857115e+01 1.661980943405681188e+01 9.318062351782213426e+00 1.259464704953363245e+01 1.599853779262810960e+01 1.668624178952135395e+01 1.392012471400088813e+01 1.455280347590772294e+01 1.574728594156247752e+01 9.726745292747063232e+00 1.553627429667702309e+01 5.540828056186772876e+00 2.016230504454445960e+00 1.659048595788561542e+01 1.323981833458163493e+01 6.165785341158665389e+00 1.509180574488597060e+01 1.491389309726174162e+01 3.227956518380870499e+00 1.852073404994150252e+01 9.190444143610898564e+00 1.840547985146803356e+01
1.529608822770589960e+01 1.531518382328669148e+01 0.000000000000000000e+00 2.123073595847949591e+01 1.099797596730671856e+01 8.048151279391092316e+00 1.403628422570414180e+01 7.631564346793531683e+00 1.889041315525509646e+01 2.032250729598413130e+01 8.144256259354683891e+00 5.079753392448902005e+00 1.529489707717648805e+01 1.339118264330667074e+01 1.193711907238920311e+01 1.646943872153457278e+01 4.414179344447750175e+00 9.420150684288183029e+00 1.244857148378025258e+01 4.160192380677206536e+00 1.146156171115298328e+01 1.770377338743348616e+01 1.728374832518344562e+01 1.144583417153671512e+01 2.100992245926357782e+01 1.926716520029411228e+01 1.173970787207831989e+01 1.714955858971648084e+01 1.332464843512156172e+01 6.356066580175389724e+00 1.398580855271872991e+01 8.952566456935066697e+00 1.756218721864875576e+01 1.031543205245605144e+01 3.664140891622600371e+00 1.106444298620346700e+01 8.071100423192996587e+00 1.611915912052695887e+01 1.458491356247275839e+01 1.469920562927482344e+01 6.841079144017718328e+00 1.701344620009826158e+01 6.210222453253177122e+00 1.283703963805528048e+01 2.662909942422389431e+00 1.897338732587391874e+01 1.707688422446500809e+01 1.404092734900384443e+01 5.524640305621009162e+00 4.216371066717721661e+00 9.526828292912924212e+00 1.126887056289267797e+01 1.478333372611027308e+01 1.251001837321806143e+01 8.613940882475896288e+00 1.029900172183561757e+01 1.581080378256689301e+01 2.284525752623710826e+00 1.885150279945366947e+01 2.261064171651371968e+00 1.021900637319169824e+01 1.980488832188724757e+01 5.592366922569331322e+00 1.524541097188569339e+01 1.748164249936549197e+01 1.334686721700168732e+01 6.163988464146686219e+00 1.908764729020726136e+01 9.396164011526783710e+00 8.332080590763673911e+00 1.248436698714293058e+01 1.295457947837320845e+01 9.949602084029185889e+00 1.895428671261990416e+01 2.046595411862246650e+01
1.495691767276401229e+01 1.477741610067512568e+01 2.123073595847949591e+01 0.000000000000000000e+00 1.126976993250996983e+01 1.827662309202161239e+01 7.891840897634869734e+00 1.744567065036859432e+01 7.536439166343000373e+00 7.500669997939529487e+00 1.348803207118100644e+01 1.668518364409736421e+01 6.582581551476605064e+00 1.086125354786000230e+01 9.605888746241415532e+00 1.044051904784135942e+01 2.013497455670355052e+01 1.337306182597487414e+01 1.185004658771858210e+01 1.947598732268016519e+01 1.661541925228319982e+01 3.992312400698255548e+00 1.136505392703340611e+01 1.734473119591153178e+01 3.782767974972113922e+00 3.734570749305415660e+00 1.404352061149638864e+01 7.079672248601277751e+00 9.611602624028105168e+00 1.625429380445432415e+01 8.972447841957457371e+00 1.270533792484450331e+01 3.992422070902193809e+00 1.399794195296065880e+01 1.816412780597756793e+01 1.069778768520526491e+01 1.368907084366590965e+01 9.271164139221262701e+00 1.191922413924058333e+01 6.724089808019485304e+00 1.559010558182406747e+01 1.284187277338209654e+01 1.506594948561066971e+01 1.460247638902991341e+01 1.857491336243636226e+01 9.806149382616878185e+00 6.197467109188859347e+00 9.750939278290930545e+00 1.938484313449685104e+01 1.725015247927445827e+01 1.578725158482779634e+01 1.143781698794909296e+01 1.259314364982386003e+01 8.968597443385473156e+00 1.592762181476661176e+01 1.161775519111867716e+01 5.420670154931864104e+00 2.096512194308282773e+01 4.812915308805673753e+00 2.056271074611002092e+01 1.101542534629758308e+01 2.277356256927791645e+00 1.763090539545878954e+01 7.680347781048774358e+00 9.465169585756942894e+00 1.592063757306744520e+01 1.855915571319665958e+01 2.159306284276355736e+00 1.839917522027142738e+01 1.420250091448726337e+01 9.901822895764116339e+00 1.222341134405065333e+01 1.761532532241980320e+01 5.635818151377444352e+00 5.756544717254172383e+00
1.126197769149687566e+01 1.141882438001226241e+01 1.099797596730671856e+01 1.126976993250996983e+01 0.000000000000000000e+00 1.154653480344316030e+01 8.133455948805316638e+00 8.511890794098160740e+00 9.186268689320234770e+00 1.459331118286788964e+01 6.069019821875087928e+00 6.010134583562265931e+00 4.949175934187016068e+00 7.667940689373336838e+00 4.515266278796695509e+00 1.192997458370759745e+01 1.032624066116400741e+01 4.324739834062905963e+00 8.197666626505894172e+00 1.041019352158301636e+01 1.092707580704165871e+01 1.008855155419399097e+01 9.414493942339991150e+00 9.843172321874648745e+00 1.414984130592363343e+01 8.930133762570038769e+00 7.821303220105884080e+00 1.200240600053388640e+01 3.640496715829333763e+00 8.652674196578493238e+00 3.306740375001375298e+00 3.076443949644790177e+00 7.404674386263989661e+00 7.999490150599368299e+00 8.203200953774413051e+00 6.167016129128677804e+00 3.293916266008672711e+00 6.571921787649344537e+00 8.849600699585126407e+00 5.788434915475043852e+00 6.113404401458746307e+00 1.255795798568063759e+01 5.708478491378675912e+00 9.221561223454139977e+00 8.370411789958238202e+00 1.425026913838151188e+01 6.943430835771682297e+00 9.513960927303621418e+00 1.031746989969629702e+01 7.992333836496732680e+00 6.853471728557368081e+00 2.255257987042290857e+00 1.053551148915993174e+01 6.600517114406987851e+00 9.665555641086420735e+00 2.214933824477617552e+00 7.803797254287587748e+00 1.115549267011271617e+01 1.238974676238396633e+01 1.051926112766863319e+01 4.077142595805776537e+00 1.180428880459633056e+01 8.154204215093475483e+00 1.021424028219836977e+01 8.977214043753182438e+00 9.509364667128908266e+00 1.062216596444511296e+01 9.378024313192542039e+00 1.038075439033974234e+01 7.961603043943051183e+00 7.665052166362712249e+00 8.949857234928376926e+00 1.162072084480947964e+01 9.018855133874810193e+00 1.420193931670323018e+01
8.033884971738238789e+00 1.775407300893131435e+01 8.048151279391092316e+00 1.827662309202161239e+01 1.154653480344316030e+01 0.000000000000000000e+00 1.063744202536319072e+01 1.099328817834866356e+01 1.986375034200934664e+01 1.501565836964434908e+01 6.134698221136139829e+00 6.071286636584057206e+00 1.535942319331566530e+01 1.570297248820730296e+01 1.045508684934305599e+01 1.051800638505205931e+01 1.161287969921509067e+01 1.133095704254796843e+01 7.350846328038934452e+00 4.005491561263609945e+00 4.050855724911968103e+00 1.455481060512830283e+01 1.970059230213005463e+01 1.399097836034176545e+01 1.719291824930999368e+01 1.840092438867619151e+01 1.415655184902493779e+01 1.301807277434480170e+01 1.431797836851844785e+01 3.120555474843953014e+00 1.338874309029972665e+01 8.932661684912266864e+00 1.514076476816239669e+01 4.444951150769703041e+00 8.723114018406064929e+00 7.586572381137968613e+00 8.887180852592390323e+00 1.724940344033846173e+01 1.700126262203077943e+01 1.249178854152129858e+01 8.901396537630111183e+00 9.925184135126832174e+00 5.878812810546831358e+00 5.465750692632611596e+00 6.381455817089229043e+00 1.270916829702006012e+01 1.751297405650227290e+01 9.650724240455989644e+00 1.259387025412641492e+01 4.006002758138773601e+00 1.200086346386988545e+01 1.057969501698660686e+01 7.986986366431177764e+00 9.881161551120522191e+00 2.401132509758152178e+00 1.148504416916473225e+01 1.297936437628813167e+01 6.138814123505639486e+00 1.503449858950009244e+01 9.844984425121367622e+00 8.495350627157224110e+00 1.648662369968629449e+01 1.039132672478756803e+01 1.147898416578984992e+01 1.965469569644228187e+01 1.583908412849461200e+01 2.008245316959197169e+00 1.639162167886005506e+01 1.292861480778337224e+01 4.382935810274199540e+00 8.821852156453100946e+00 1.531816517662096189e+01 2.133126712877886799e+00 1.931195690283224309e+01 1.612691179766933303e+01
7.868848229200705369e+00 1.363594588920950734e+01 1.403628422570414180e+01 7.891840897634869734e+00 8.133455948805316638e+00 1.063744202536319072e+01 0.000000000000000000e+00 1.559816387107303726e+01 9.615534701664325112e+00 7.139281315345675338e+00 5.932435780371244860e+00 1.083943573286207496e+01 5.018465369710371604e+00 9.700734897361888542e+00 4.517660780261601339e+00 4.428926924289648070e+00 1.659320308139097122e+01 1.142210443475943649e+01 4.111187048895694751e+00 1.184612239969964875e+01 8.827465935451121126e+00 3.992664809650960489e+00 1.035719065820453189e+01 1.620326098444591167e+01 7.197866395728492073e+00 8.026709130268992354e+00 1.290205040003077208e+01 3.993699669079105785e+00 7.913551723962917173e+00 8.624196188405788277e+00 5.223384121069186037e+00 6.848330786592447872e+00 4.767084664523712156e+00 6.358569717516662223e+00 1.373345367430198749e+01 3.058606618546844125e+00 9.754026764845793451e+00 8.239240350651549250e+00 1.077775392777495789e+01 2.709163346006547179e+00 1.324745860547385590e+01 5.938113878851758010e+00 8.382541296196940550e+00 6.902003324000379969e+00 1.187033840937341367e+01 6.244060814291760408e+00 7.144230697956380105e+00 2.439033379303832572e+00 1.742654259270159756e+01 9.819913158986418367e+00 1.393974480553224637e+01 6.745062782059478401e+00 5.215712198422890467e+00 2.314655490035541607e+00 8.288440748108191869e+00 9.336097124666101976e+00 2.617849868381773693e+00 1.339790569086423488e+01 5.094153614676270259e+00 1.489255484796402129e+01 4.847823607133803669e+00 6.095822668806200717e+00 1.528825841910858685e+01 2.285349502189456317e+00 9.636537849309219084e+00 1.477916736160182687e+01 1.092737963410736590e+01 6.017290240040703786e+00 1.725770500880579661e+01 6.568881892681651458e+00 2.024461882906786414e+00 1.108194113258503499e+01 9.956821343223140275e+00 8.937741644425051035e+00 7.000764957243652553e+00
1.758680823877893218e+01 7.686825890492720248e+00 7.631564346793531683e+00 1.744567065036859432e+01 8.511890794098160740e+00 1.099328817834866356e+01 1.559816387107303726e+01 0.000000000000000000e+00 1.209695239806426414e+01 2.159792248049672025e+01 1.024839871684382331e+01 5.152507703320013732e+00 1.109769151279918908e+01 6.763651343382547587e+00 1.232622609601840935e+01 1.852321601371460957e+01 4.462968530356887342e+00 4.330689827639825573e+00 1.455537993082468518e+01 8.310415517120050666e+00 1.424711131687261556e+01 1.712481841965610840e+01 1.000407223339914253e+01 3.830305758570547336e+00 2.064925531090948851e+01 1.389237958430989117e+01 4.513383187072006919e+00 1.909141928154807033e+01 7.837271185335083601e+00 9.277378635095622883e+00 1.081356835224906554e+01 9.215716361408151869e+00 1.413829630102883961e+01 1.307989037179114078e+01 4.349072677981703272e+00 1.305817280720009421e+01 6.187688883126376105e+00 9.354281584694293272e+00 7.433686555769972060e+00 1.312584108775001823e+01 2.642266056402256424e+00 1.907676739710039016e+01 7.717105358126858050e+00 1.553723207380929239e+01 6.035941568349687536e+00 2.102220415987037327e+01 1.148779309533916937e+01 1.608314405222336063e+01 2.470341190488360095e+00 6.993935766360705131e+00 2.286115832572401807e+00 1.057981453232924807e+01 1.689322479347872275e+01 1.372966133240075237e+01 1.146446929622690014e+01 6.399515324704423413e+00 1.501063216895157559e+01 8.353926288963876345e+00 1.931281461704874403e+01 6.239223463890683163e+00 1.123213805994183012e+01 1.841307133850436628e+01 2.072175785377265989e+00 1.725546146490205501e+01 1.052690845727546964e+01 5.731338804035525314e+00 9.166818937938145950e+00 1.585988090780054804e+01 1.954614179179172462e+00 1.102816187245937130e+01 1.448873789076314011e+01 6.060613875458188637e+00 1.287091413894941105e+01 1.304436434650570931e+01 2.105417390135499289e+01
1.713543457344410470e+01 7.445743766500495298e+00 1.889041315525509646e+01 7.536439166343000373e+00 9.186268689320234770e+00 1.986375034200934664e+01 9.615534701664325112e+00 1.209695239806426414e+01 0.000000000000000000e+00 1.177710968589644658e+01 1.444137966341118151e+01 1.422786338612980472e+01 5.041579316335062622e+00 5.572401702992024752e+00 1.050268470162917289e+01 1.254306183382525397e+01 1.598500307558963840e+01 9.685677206836023956e+00 1.365567399697946804e+01 1.870516975512886759e+01 1.832801096556460152e+01 7.329231019621642140e+00 3.943277294833551494e+00 1.010224757995268696e+01 1.074002382688389012e+01 3.815651054476495663e+00 7.624859528386230600e+00 9.404443888571810461e+00 5.644399382490570716e+00 1.698392211434340382e+01 8.305578605608332055e+00 1.222416940281012643e+01 4.848450037140614732e+00 1.571053366624206049e+01 1.533091855634217637e+01 1.241037939848666660e+01 1.120883842367915229e+01 2.789974350818654081e+00 4.952947311582850176e+00 7.716662094013560846e+00 1.232540626215877744e+01 1.517123319921855895e+01 1.403479158372913105e+01 1.640848749580856136e+01 1.661975404860654848e+01 1.217104569671154302e+01 2.528678370514131579e+00 1.155695038506958205e+01 1.449807572030948322e+01 1.630841529059190620e+01 9.823189339898897643e+00 1.062916352240162965e+01 1.460197905498292847e+01 1.048739205621744652e+01 1.764021352804801168e+01 8.770521478106850566e+00 7.012500126418148128e+00 1.940300897929791191e+01 9.452683128334950169e+00 1.755525179349901777e+01 1.222342516200157903e+01 8.506309007230351327e+00 1.349325769474643621e+01 9.495101051481983134e+00 2.013511302602410957e+00 8.623577883225928886e+00 1.893578037178143703e+01 6.006814602998858277e+00 1.151120414393986202e+01 1.591509262776866507e+01 1.161930483418361959e+01 6.041788409826665429e+00 1.932791703570119779e+01 1.902312170612863174e+00 1.116899970936394304e+01
8.583796245502812283e+00 1.899873819436563593e+01 2.032250729598413130e+01 7.500669997939529487e+00 1.459331118286788964e+01 1.501565836964434908e+01 7.139281315345675338e+00 2.159792248049672025e+01 1.177710968589644658e+01 0.000000000000000000e+00 1.217825103662944386e+01 1.723605902438712434e+01 1.053037030076832536e+01 1.508107231855987251e+01 1.108455155285419735e+01 4.502334268780456838e+00 2.299722226574164452e+01 1.747372412297909250e+01 8.272434979458727966e+00 1.770030134811196731e+01 1.203585910094101408e+01 4.525227485518667159e+00 1.559959495505229121e+01 2.156605328960205981e+01 3.765851279927592277e+00 8.273872537365587476e+00 1.826484270518692199e+01 3.398139169741295706e+00 1.380460776447178617e+01 1.463345430953443582e+01 1.168323935513175371e+01 1.355591516605454316e+01 7.504213410533163042e+00 1.102225560950582306e+01 2.013265398796144368e+01 9.692548961681525910e+00 1.631944388117270250e+01 1.349911189453701432e+01 1.614054623293111135e+01 8.946257143689109625e+00 1.940557013764724914e+01 5.819339149235546849e+00 1.473354757296660900e+01 9.807964526056832000e+00 1.822134468614308744e+01 2.496504611794536199e+00 1.042113448813145382e+01 6.284548289643752561e+00 2.348550543150106051e+01 1.613460490475479148e+01 1.993950341495592582e+01 1.338131052611864114e+01 7.053213646395137815e+00 9.305289080866959495e+00 1.316495500298339039e+01 1.549420865683950055e+01 6.811323593689601275e+00 1.942299454565321781e+01 2.948226418856853659e+00 2.128045464456197777e+01 1.178021997192128012e+01 5.444549846289641337e+00 2.144636995128197654e+01 5.319735160159742904e+00 1.370288952053422626e+01 2.014195966675795546e+01 1.636160837358098163e+01 6.238916033615643286e+00 2.262049731396195540e+01 1.224815552694597542e+01 8.051453689804485947e+00 1.644473343774118135e+01 1.352118856021639459e+01 9.874797515283583849e+00 1.880442289529956845e+00
7.352157129577198802e+00 1.372433879837765147e+01 8.144256259354683891e+00 1.348803207118100644e+01 6.069019821875087928e+00 6.134698221136139829e+00 5.932435780371244860e+00 1.024839871684382331e+01 1.444137966341118151e+01 1.217825103662944386e+01 0.000000000000000000e+00 5.116765399363835343e+00 1.049198970715210777e+01 1.163775381769479367e+01 5.375913305900496653e+00 8.325182462179892440e+00 1.087792864071836973e+01 6.410591328908887832e+00 4.330970010809471304e+00 6.173020403647574206e+00 5.353428270480748097e+00 9.817385855346318024e+00 1.466960491643093256e+01 1.165180878428335021e+01 1.286566619990889571e+01 1.360978210178246073e+01 1.012681763847126959e+01 9.005302330361796947e+00 8.895607689920270289e+00 3.211524603613870710e+00 8.310173827579937722e+00 3.218943759512342240e+00 1.034955155521256209e+01 2.941662579950942824e+00 8.013360362938156456e+00 2.920435086685297943e+00 4.200150256149415284e+00 1.182703276174028950e+01 1.297152841147712010e+01 7.678774798534631074e+00 7.607316211460863897e+00 8.869189940743570588e+00 2.614253947943317780e+00 5.288833356965469079e+00 6.089313094072958066e+00 1.082913106651923663e+01 1.227975805913830598e+01 5.896671089649151654e+00 1.184909775701658852e+01 3.956353868125346729e+00 8.757251498051438432e+00 5.464384431994604441e+00 6.668814873463504433e+00 4.802592288400733267e+00 3.738311804324152110e+00 6.063687816085701954e+00 8.186964275285635750e+00 7.561876505200872955e+00 1.070724654009898735e+01 9.161161019538692329e+00 3.342107447442593138e+00 1.192578885060061111e+01 9.646700497828886611e+00 7.101154712531005941e+00 1.423232501784412918e+01 1.181487908549429555e+01 5.733044059846179152e+00 1.160058223949200773e+01 1.215921965482475287e+01 1.934024107893438149e+00 4.340110727788238698e+00 1.125537165329376244e+01 5.801350605012005168e+00 1.428627272791302083e+01 1.232169785926778616e+01
1.245517492129892645e+01 1.172842629388080482e+01 5.079753392448902005e+00 1.668518364409736421e+01 6.010134583562265931e+00 6.071286636584057206e+00 1.083943573286207496e+01 5.152507703320013732e+00 1.422786338612980472e+01 1.723605902438712434e+01 5.116765399363835343e+00 0.000000000000000000e+00 1.029801629405214669e+01 9.677325773156798761e+00 7.398588783390127155e+00 1.339158269623461273e+01 5.776752757112320502e+00 5.291489701390571732e+00 9.423746613344693657e+00 4.775977643827084229e+00 9.113545010977833982e+00 1.355278014192659697e+01 1.367494558707954155e+01 7.966634457877876052e+00 1.770011742827664847e+01 1.426991553371900778e+01 8.130905133974415833e+00 1.402820576671731700e+01 8.681558699904233123e+00 4.163000605336309334e+00 8.992299411313808832e+00 4.291371266378752658e+00 1.282992857031518597e+01 7.946324065896357425e+00 2.899809770593781089e+00 7.926539489720099141e+00 3.082564010167375912e+00 1.161351648445891804e+01 1.097561590698027167e+01 1.024107665802273814e+01 2.866611465903186939e+00 1.394513407962037910e+01 2.582105330758866835e+00 1.040559875632930087e+01 2.625046298514250420e+00 1.589057084239036044e+01 1.207963455788990714e+01 1.095151073474336911e+01 6.753206743492766506e+00 2.494485186210536387e+00 5.975498274659647890e+00 6.526587599583547394e+00 1.176159147599872412e+01 8.632749489839328660e+00 6.323866203927935636e+00 5.618524719503566800e+00 1.152553478060544556e+01 5.350662016848136027e+00 1.572723020562605356e+01 4.670356250823030742e+00 6.135226217380403746e+00 1.556242609508043984e+01 4.550809484305069041e+00 1.212382814742205284e+01 1.382402843069277765e+01 9.813437413444097146e+00 5.109222209123117864e+00 1.476502065219080961e+01 7.086275866606380980e+00 5.894595566564587052e+00 9.357104573283150373e+00 9.292518461570450583e+00 7.756536109190104611e+00 1.407933083639726668e+01 1.734437129415882950e+01
1.288731359891107786e+01 8.773808096185552685e+00 1.529489707717648805e+01 6.582581551476605064e+00 4.949175934187016068e+00 1.535942319331566530e+01 5.018465369710371604e+00 1.109769151279918908e+01 5.041579316335062622e+00 1.053037030076832536e+01 1.049198970715210777e+01 1.029801629405214669e+01 0.000000000000000000e+00 4.842565216864142208e+00 5.531720164599430944e+00 9.251740206304859271e+00 1.360657728291024959e+01 6.973493155281555111e+00 9.121907942111532108e+00 1.476163610262510417e+01 1.369821935357725096e+01 6.048387201509963340e+00 5.471722090143061656e+00 1.134112319142196235e+01 9.780495842652877414e+00 4.005211859091208026e+00 8.039912607006817424e+00 7.993727768748883022e+00 3.311695639932562774e+00 1.304031336278201358e+01 3.286323086880882816e+00 8.025619883831808465e+00 3.040604788229653188e+00 1.108074205425471348e+01 1.171192961044976499e+01 7.780587786499317815e+00 7.300733740130316285e+00 3.354570201622030012e+00 5.915616134751009447e+00 2.916598388818372189e+00 9.068155118469134024e+00 1.095657924856213228e+01 1.009118283216774437e+01 1.191272421721621377e+01 1.267622039610277973e+01 1.043106309665953546e+01 2.530551032088929286e+00 7.310205539194405411e+00 1.298527446380353112e+01 1.236480653903052485e+01 9.439272447258394649e+00 6.136263431383860656e+00 1.023417756813326029e+01 5.730311225025483957e+00 1.301042191606066645e+01 5.084690362527788388e+00 3.916617301653060768e+00 1.548188131786954713e+01 8.268080157368999039e+00 1.414556210134067271e+01 7.312582125674712330e+00 7.505419681661498643e+00 1.110510708534518365e+01 6.864027717129513206e+00 4.852043925621687848e+00 9.917029568577879317e+00 1.499217162022004501e+01 4.807727404761664047e+00 1.239556721578185083e+01 1.128530101578131806e+01 6.994590467965949188e+00 6.219803339561083888e+00 1.469812542371385788e+01 4.472635261831902298e+00 1.003102930846063678e+01
1.689990637731892065e+01 4.790417253673396658e+00 1.339118264330667074e+01 1.086125354786000230e+01 7.667940689373336838e+00 1.570297248820730296e+01 9.700734897361888542e+00 6.763651343382547587e+00 5.572401702992024752e+00 1.508107231855987251e+01 1.163775381769479367e+01 9.677325773156798761e+00 4.842565216864142208e+00 0.000000000000000000e+00 9.249801990138269758e+00 1.403745002472658854e+01 1.048577256364121624e+01 5.326251856703366983e+00 1.303115594908554087e+01 1.388458907283266086e+01 1.639948961165760721e+01 1.062320523541667328e+01 5.563216807581889078e+00 7.146450455868921914e+00 1.406483820840089649e+01 7.128728240927344473e+00 3.647839392233823030e+00 1.266939719574257417e+01 4.081145261765784404e+00 1.327705171769478909e+01 6.799051573260282311e+00 1.044979679669117090e+01 7.745980963629000016e+00 1.457941639764573871e+01 9.982264642119943687e+00 1.159808613599640559e+01 7.599016808245782961e+00 2.857575225452084311e+00 2.958083243780842864e+00 7.018264276898657172e+00 6.826175750210348170e+00 1.522829748378278403e+01 1.042343547364522571e+01 1.575873099693202128e+01 1.162512410901240756e+01 1.513643927205888318e+01 4.724141751956618229e+00 1.199310511807532365e+01 9.161503266951211089e+00 1.203001602180665408e+01 4.966749391787284473e+00 9.110835522454735269e+00 1.420172167983252365e+01 9.448393050564323659e+00 1.456758224125799295e+01 7.207267357382062478e+00 8.676468726615119920e+00 1.400820039498022496e+01 1.276869998173974174e+01 1.205602128155059383e+01 1.103066395121354937e+01 1.183100444011359897e+01 7.994027182798009612e+00 1.161809597375850167e+01 5.152718044306672240e+00 5.825427698381205666e+00 1.454272959125055564e+01 9.322152458775864403e+00 8.181610407923301409e+00 1.301518398401494281e+01 1.087150497497749946e+01 1.925473040293569138e+00 1.646870288025296603e+01 6.280713003123161720e+00 1.448811473530658134e+01
9.012781907571877582e+00 1.329219011242251902e+01 1.193711907238920311e+01 9.605888746241415532e+00 4.515266278796695509e+00 1.045508684934305599e+01 4.517660780261601339e+00 1.232622609601840935e+01 1.050268470162917289e+01 1.108455155285419735e+01 5.375913305900496653e+00 7.398588783390127155e+00 5.531720164599430944e+00 9.249801990138269758e+00 0.000000000000000000e+00 8.423055203466192964e+00 1.305403400881700016e+01 8.279598933993501220e+00 5.912869760568162825e+00 1.094700350793877242e+01 9.057698439618780739e+00 6.569988486469173772e+00 1.083051623366690919e+01 1.367163030404426216e+01 1.074564634864842994e+01 8.959502848213706017e+00 1.204937035207790430e+01 8.292704692256958054e+00 5.549668918225474812e+00 8.374888641850111171e+00 3.087703555329925909e+00 3.110509734610258370e+00 5.694971125197431761e+00 6.188216967015866210e+00 1.029104714422140532e+01 3.028747630711297045e+00 6.143905285440697916e+00 8.115827100474684030e+00 1.043146200035005400e+01 2.884365375068328241e+00 9.685248059342475457e+00 9.553603917637060405e+00 5.918627334025605258e+00 7.347593125741181730e+00 9.280913412589159250e+00 1.050936626014726905e+01 7.988665503826839043e+00 6.318411551929611569e+00 1.392775972764201065e+01 8.298732505565853401e+00 1.071544340433608866e+01 2.323482291082330509e+00 8.206027407649791883e+00 2.237346816005120864e+00 8.103046415078203779e+00 6.537270443622906768e+00 4.337655349679784500e+00 1.181478470881152099e+01 8.904559861691822675e+00 1.184373171756102927e+01 2.117456563313952600e+00 8.396220630887970771e+00 1.172604787297720108e+01 6.392463751170224029e+00 1.036497403782661841e+01 1.373743179910092849e+01 1.071066686957128944e+01 7.452900038429111085e+00 1.420864991832696589e+01 6.367772176984136223e+00 4.720607533500467135e+00 1.073564920516013110e+01 9.806010615276662179e+00 9.858137585536233871e+00 1.073415512143592920e+01
4.599501976719896135e+00 1.795760161670832744e+01 1.646943872153457278e+01 1.044051904784135942e+01 1.192997458370759745e+01 1.051800638505205931e+01 4.428926924289648070e+00 1.852321601371460957e+01 1.254306183382525397e+01 4.502334268780456838e+00 8.325182462179892440e+00 1.339158269623461273e+01 9.251740206304859271e+00 1.403745002472658854e+01 8.423055203466192964e+00 0.000000000000000000e+00 1.915274593758914534e+01 1.468540862577967054e+01 4.208161073087916648e+00 1.358689151785847926e+01 7.721316007069125575e+00 6.778282215587037030e+00 1.460402116063879774e+01 1.992662608115412937e+01 6.786715339256756963e+00 1.095115709995817532e+01 1.722370612752959218e+01 3.407864918154395184e+00 1.206024148982328725e+01 1.077800445811644892e+01 9.349557792452715788e+00 9.743871656496146727e+00 7.703476380521500744e+00 6.533724975164588500e+00 1.628817765980893739e+01 6.195370083894413682e+00 1.247496755302019089e+01 1.248863411765027465e+01 1.509940965527377799e+01 7.044945803350167068e+00 1.588213350833164661e+01 2.639595049094044743e+00 1.088907124481409561e+01 5.325538963668875247e+00 1.437686835799057583e+01 2.535735102580168210e+00 1.018820642187629311e+01 2.440071961491241836e+00 2.012391505388736945e+01 1.228153633030523650e+01 1.703206879492222470e+01 1.002627386290841116e+01 2.553032734381227353e+00 6.238538697274998768e+00 8.678348778257197083e+00 1.348278689052647117e+01 5.817251991554925894e+00 1.551736904428696029e+01 5.748192337710343658e+00 1.743597831640947504e+01 8.018629283880212455e+00 8.321535445800348541e+00 1.792151779469967110e+01 3.060979380360215441e+00 1.292216887837497197e+01 1.910082308910065052e+01 1.201209595483150494e+01 8.938051250850008955e+00 2.043403695169553558e+01 8.375015920455815888e+00 4.327844695610999715e+00 1.540359686008385154e+01 9.108449306906553744e+00 1.186218961411423756e+01 5.608905412617266606e+00
1.821633816265346439e+01 1.214359923890409831e+01 4.414179344447750175e+00 2.013497455670355052e+01 1.032624066116400741e+01 1.161287969921509067e+01 1.659320308139097122e+01 4.462968530356887342e+00 1.598500307558963840e+01 2.299722226574164452e+01 1.087792864071836973e+01 5.776752757112320502e+00 1.360657728291024959e+01 1.048577256364121624e+01 1.305403400881700016e+01 1.915274593758914534e+01 0.000000000000000000e+00 7.252785178517895837e+00 1.518490985469922627e+01 8.063467608534031328e+00 1.487664124074715843e+01 1.930467748077310475e+01 1.415358833403231209e+01 8.271716108636187670e+00 2.326789529657881062e+01 1.740563415604507469e+01 8.613496451106872343e+00 1.978936900807185140e+01 1.125206403794676469e+01 9.896970155962039328e+00 1.286605453484084194e+01 9.943524274206744451e+00 1.638982961318097864e+01 1.370942029566568365e+01 2.966151464264120463e+00 1.368770273107464419e+01 7.093780302437647123e+00 1.321374904086150082e+01 1.147608314782543282e+01 1.518957367969157168e+01 4.544868974879492818e+00 1.970629732097491171e+01 8.345493281450487189e+00 1.616676199768384237e+01 5.460509382653968125e+00 2.165173408374489128e+01 1.516378286094061245e+01 1.671267397609790351e+01 2.349447222801044788e+00 7.610000098861573470e+00 6.370978720315238597e+00 1.171412267517566086e+01 1.752275471735326207e+01 1.438651683836821427e+01 1.209181690451119806e+01 8.532097827385666022e+00 1.720361603382198723e+01 6.654253663805619112e+00 2.148839344698058440e+01 2.155261755315249772e+00 1.188899356590929202e+01 2.096155529087229397e+01 2.504069161244768527e+00 1.788499138877659078e+01 1.447728274087454103e+01 1.017274915410116165e+01 9.771762684119302378e+00 1.828803330896152346e+01 6.222045948626264256e+00 1.165769179633391417e+01 1.511826781463768654e+01 9.960789046540320157e+00 1.349050565981583283e+01 1.676648556676438062e+01 2.310553453551337455e+01
1.374900085084398604e+01 7.412836837386224786e+00 9.420150684288183029e+00 1.337306182597487414e+01 4.324739834062905963e+00 1.133095704254796843e+01 1.142210443475943649e+01 4.330689827639825573e+00 9.685677206836023956e+00 1.747372412297909250e+01 6.410591328908887832e+00 5.291489701390571732e+00 6.973493155281555111e+00 5.326251856703366983e+00 8.279598933993501220e+00 1.468540862577967054e+01 7.252785178517895837e+00 0.000000000000000000e+00 1.071757254288974615e+01 9.670187841372939630e+00 1.170501624836708920e+01 1.300062006213848065e+01 9.359356130584966849e+00 5.661971355416314466e+00 1.657664648651576655e+01 1.019005751963555717e+01 3.815315677479843348e+00 1.496722092403042481e+01 4.041277824345453240e+00 8.840557565856959954e+00 6.637508915935462106e+00 5.169089199383243738e+00 1.001409794351120475e+01 9.352253908859831100e+00 5.876360219788094419e+00 9.168992723484361562e+00 2.858444292401746800e+00 7.061092966283405659e+00 6.660026450485689864e+00 8.956014313330346255e+00 2.752563331274639147e+00 1.523896000916542981e+01 5.881143304104599956e+00 1.169942468587435691e+01 7.445387902042441830e+00 1.718439677193542181e+01 7.948206224531089603e+00 1.224533666428842693e+01 6.042292306504524646e+00 7.686154106960725763e+00 2.687095698974220070e+00 6.392663572293993290e+00 1.305541740554377839e+01 9.683034170375851346e+00 9.909359895554135989e+00 2.177155145319433327e+00 1.088643381143394073e+01 9.926463170151608395e+00 1.518861625953110561e+01 8.163793345310159211e+00 7.185510897916926432e+00 1.432852168289894834e+01 4.757773752012375290e+00 1.336950736971616926e+01 9.468593224843283807e+00 5.503377124502866202e+00 1.023017275525660708e+01 1.173568255028290785e+01 6.199553423881407177e+00 8.296678973160158677e+00 1.060032541898461567e+01 4.943869692302333974e+00 1.193152804035513448e+01 9.677427093353422549e+00 1.692997554383735803e+01
4.098108315259694656e+00 1.707354407136978125e+01 1.244857148378025258e+01 1.185004658771858210e+01 8.197666626505894172e+00 7.350846328038934452e+00 4.111187048895694751e+00 1.455537993082468518e+01 1.365567399697946804e+01 8.272434979458727966e+00 4.330970010809471304e+00 9.423746613344693657e+00 9.121907942111532108e+00 1.303115594908554087e+01 5.912869760568162825e+00 4.208161073087916648e+00 1.518490985469922627e+01 1.071757254288974615e+01 0.000000000000000000e+00 9.480689893610465546e+00 5.114021603901097279e+00 7.893113115730336915e+00 1.445682178246399552e+01 1.595878999826420674e+01 9.881250591321402155e+00 1.206412393339089739e+01 1.443379885245212613e+01 5.734918935091295467e+00 1.037434363633940393e+01 6.597707554655716677e+00 7.606021480979379135e+00 5.964209768339237883e+00 8.815456525114610642e+00 2.914118066122362904e+00 1.232034157691901655e+01 2.889633725080085203e+00 8.507131470130271822e+00 1.187535188616033643e+01 1.421281595929733044e+01 6.276054917312898773e+00 1.191429742544172399e+01 4.578810714267883775e+00 6.921235161924176538e+00 2.792873554993177798e+00 1.040903227510065854e+01 6.738480123510957043e+00 1.121782266763310609e+01 2.385948219011908122e+00 1.615607897099744505e+01 8.287323878934818921e+00 1.306423271203230740e+01 6.329174633825592977e+00 2.337844862654033129e+00 4.400319307037412031e+00 5.020178262075020825e+00 1.014844078180389353e+01 6.725647025171388904e+00 1.134176683960282794e+01 7.722830931511493802e+00 1.346814223351954887e+01 4.308464933056685986e+00 9.573718304929185408e+00 1.395368171180974493e+01 4.307581671173132065e+00 1.374365316534117021e+01 1.612186029947515920e+01 8.136302155747648257e+00 1.005125744030465818e+01 1.646620086880561118e+01 4.184607524379579502e+00 2.219099849534276192e+00 1.451700316410739511e+01 6.373126902656190751e+00 1.297515644754695963e+01 8.979618824812947153e+00
1.203244819483909112e+01 1.591627049777702574e+01 4.160192380677206536e+00 1.947598732268016519e+01 1.041019352158301636e+01 4.005491561263609945e+00 1.184612239969964875e+01 8.310415517120050666e+00 1.870516975512886759e+01 1.770030134811196731e+01 6.173020403647574206e+00 4.775977643827084229e+00 1.476163610262510417e+01 1.388458907283266086e+01 1.094700350793877242e+01 1.358689151785847926e+01 8.063467608534031328e+00 9.670187841372939630e+00 9.480689893610465546e+00 0.000000000000000000e+00 8.049418948012821318e+00 1.575941919998749974e+01 1.786278979097577846e+01 1.213217118157833063e+01 1.865461729772124144e+01 1.873390422574272307e+01 1.231874933787065629e+01 1.476223818424829126e+01 1.315886506890330310e+01 3.253492648244290297e+00 1.328362268980517946e+01 8.015633726087134647e+00 1.634012899882095837e+01 7.118602199466486979e+00 5.127738117450785893e+00 8.807442319023502719e+00 7.701881485525232662e+00 1.609082285345798624e+01 1.516346011087649437e+01 1.367778776446156463e+01 7.184252019241709419e+00 1.390726401120736710e+01 5.088012481259641895e+00 9.457386905671409494e+00 2.659644468305452314e+00 1.609793678034725417e+01 1.654362324991362598e+01 1.156711275143661055e+01 9.078524963817040216e+00 2.775612789019931803e+00 1.015521262068954655e+01 1.038390636359482322e+01 1.166712887341897442e+01 1.093109746470907950e+01 4.932384400823416115e+00 1.027955575549898448e+01 1.417872860694669157e+01 2.159898602389006328e+00 1.649619763791134019e+01 6.137906775594530018e+00 9.133457950005773540e+00 1.779509793929928918e+01 6.875521836822567678e+00 1.289010581034335345e+01 1.801827410765403314e+01 1.400009666279713727e+01 2.010724780253501986e+00 1.759098590951860785e+01 1.009653651483696635e+01 5.535415588942527165e+00 1.014346575771240211e+01 1.349060182439093758e+01 6.132321316979227888e+00 1.855013791868833195e+01 1.809674609791067823e+01
3.998443365597721844e+00 1.847611137252863145e+01 1.146156171115298328e+01 1.661541925228319982e+01 1.092707580704165871e+01 4.050855724911968103e+00 8.827465935451121126e+00 1.424711131687261556e+01 1.832801096556460152e+01 1.203585910094101408e+01 5.353428270480748097e+00 9.113545010977833982e+00 1.369821935357725096e+01 1.639948961165760721e+01 9.057698439618780739e+00 7.721316007069125575e+00 1.487664124074715843e+01 1.170501624836708920e+01 5.114021603901097279e+00 8.049418948012821318e+00 0.000000000000000000e+00 1.278307801912116659e+01 1.902763766753300345e+01 1.565538756505555718e+01 1.446249636641325509e+01 1.673972054893777184e+01 1.487859021262226911e+01 1.058719982793896186e+01 1.416966144567795993e+01 5.457707673765724188e+00 1.199135468057544784e+01 8.386539182688418137e+00 1.347956092842398057e+01 3.024585308565181485e+00 1.201064710304478389e+01 6.131632473245558046e+00 8.853073243605162901e+00 1.638411276951266871e+01 1.772330098562810008e+01 1.083058470178288246e+01 1.160602881148965615e+01 6.233188506781614180e+00 6.574225368002499792e+00 2.585999076307252231e+00 9.732104914679192476e+00 9.700234848788197084e+00 1.585177021676386033e+01 7.378815416394126636e+00 1.584781035704537722e+01 7.355692909494321974e+00 1.276453736823618534e+01 9.213691198919493175e+00 5.358138785807192050e+00 8.471014074897341928e+00 3.150252123009420924e+00 1.135811273554390688e+01 1.131816053654971554e+01 1.014738997841122092e+01 1.271197965902354454e+01 1.315794063115269097e+01 7.138836829328451650e+00 1.450679904616091953e+01 1.364541309785767886e+01 9.392632343024647668e+00 1.833408577683989549e+01 1.656248046172580857e+01 6.059101041871163496e+00 1.473041783912163716e+01 1.615793225485353446e+01 3.510362742405615855e+00 6.842432136109650287e+00 1.601710744725659907e+01 1.918032083268041532e+00 1.765075306309383762e+01 1.319743511953009474e+01
