0.000000000000000000e+00 3.117453741236620246e+01 2.101545008180639229e+01 2.029579249183858991e+01 1.625565748964025659e+01 1.759718058536550345e+01 2.250291147307076045e+01 2.210905341224234988e+01 1.219280844956855603e+01 1.161456886033288249e+01 2.088431827941351315e+01 1.255882618524675465e+01 2.584605595520327981e+01 1.028138428343362598e+01 1.354622295160428003e+01 9.030417271574009419e+00 1.404051394824965193e+01 1.723945239397864881e+01 7.870543764356567884e+00 2.560913688505210573e+01 2.348206936342663553e+01 7.383843776677684545e+00 2.058388742369123747e+01 1.564413525269937999e+01 2.845516226139748994e+01 2.402550898680365066e+01 1.800537299783741929e+01 6.409925992258407312e+00 1.580842018639578228e+01 1.041116501878043188e+01 1.515706395239125115e+01 1.806593557536860928e+01 1.160020500826032830e+01 2.588104085713042934e+01 6.440932254671774437e+00 1.574614920378098937e+01 2.069799443538310868e+01 5.919112674515645267e+00 2.569240403280452867e+01 1.557225897581027141e+01 2.340514290582833468e+01 1.615304466285168417e+01 1.807352247569409798e+01 1.111136170799059819e+01 1.819923742970811631e+01 2.144878714147067100e+01 1.723193435000599649e+01 1.868014415364416791e+01 4.603795316556061223e+00 2.576279437244260606e+01
3.117453741236620246e+01 0.000000000000000000e+00 3.031426645875174231e+01 2.042879509142198913e+01 1.930462532289730859e+01 1.565118038670435396e+01 1.259070090298414790e+01 1.302349053598660156e+01 3.137843732314411227e+01 2.101988220977512256e+01 1.101770374491371918e+01 2.654446439483938036e+01 1.054770356530154096e+01 3.117364378976191119e+01 2.228852923956278786e+01 2.256851627728627463e+01 2.377832843170040888e+01 1.631336695380623425e+01 3.381032217512959193e+01 7.820561653303321314e+00 8.094775406990393662e+00 2.688820933498307042e+01 1.976049869417337135e+01 2.910812823059859511e+01 6.907453351367083272e+00 1.712822790038935494e+01 1.478157244443799279e+01 3.439414493179230448e+01 2.417103431862768304e+01 2.162985339664050954e+01 1.628450434615203335e+01 1.417233045214304532e+01 2.171543812094721204e+01 6.139229798286417683e+00 2.771494503887300453e+01 2.969134312715003432e+01 1.121601780042975172e+01 2.587862565073242038e+01 5.791824992576537490e+00 2.429325720332442984e+01 1.381586087998933365e+01 2.130331454015073689e+01 1.425587978485198626e+01 2.688782832370729636e+01 1.776856446010577883e+01 1.145361799888451237e+01 1.886115882274434341e+01 2.589278805399897720e+01 2.691173593733738301e+01 6.454941831201550073e+00
2.101545008180639229e+01 3.031426645875174231e+01 0.000000000000000000e+00 2.809764541636549851e+01 2.628236278220787270e+01 1.578183025722402455e+01 2.235592299815266415e+01 3.485418995064216574e+01 1.275261292017880521e+01 1.242512694642441495e+01 2.571696355606751183e+01 2.294086448936311129e+01 2.740599453268390917e+01 1.383987880864773068e+01 2.942162642334591283e+01 1.718714795318423683e+01 8.564080107635760442e+00 2.020249143818683635e+01 1.919614273834685036e+01 2.252690521734896834e+01 3.308159174927116197e+01 2.230571539173953610e+01 3.388724975207760792e+01 6.944272270158422522e+00 3.371692740239006270e+01 2.828961420627990009e+01 1.574860460643582627e+01 1.953241640218329778e+01 6.649129956566030231e+00 2.345756021898064247e+01 2.029255352902192655e+01 2.922945121083298403e+01 1.841842506222606701e+01 2.550383636471157445e+01 1.514926262844298677e+01 6.912826923886080444e+00 2.163182947816345347e+01 1.541457363210217402e+01 2.687767016597892322e+01 2.764975063460545002e+01 3.199949069457503370e+01 2.368744952052302821e+01 2.592895204006652676e+01 1.083883961788413863e+01 3.297809839267916487e+01 2.242231159777387361e+01 1.157998524604262336e+01 5.766054188550826076e+00 2.024555004138166581e+01 3.038362916839332328e+01
2.029579249183858991e+01 2.042879509142198913e+01 2.809764541636549851e+01 0.000000000000000000e+00 1.870811950997742557e+01 2.189719647455185836e+01 1.596486695521884513e+01 1.224681709931535245e+01 2.981688812821075629e+01 1.572359371391256033e+01 2.542077859919384153e+01 1.067148825186039929e+01 1.060606866038316909e+01 2.255538379323837717e+01 9.623464413824457608e+00 2.050331565079203955e+01 2.445535777689099177e+01 8.563637255995658393e+00 2.756251396913373952e+01 1.951074325093577500e+01 1.937231472135445998e+01 1.338379844295520549e+01 7.181090781695090186e+00 2.410959541082324975e+01 1.401880480299392140e+01 6.903974654437016412e+00 1.505393824880598608e+01 2.426384817591252840e+01 2.185399225440122351e+01 1.565264663278179391e+01 2.360016754292775687e+01 1.631556732169041979e+01 9.679220354139415505e+00 1.554689184247523848e+01 2.400907104328850039e+01 2.917457694976962301e+01 2.522649785394282063e+01 1.632714577212960450e+01 2.509139514017040185e+01 5.672696935173144439e+00 7.085070392965372221e+00 5.300896230931675390e+00 2.035818685632180802e+01 1.991430211048354337e+01 9.882113774615039148e+00 1.067536959140986497e+01 1.989430746534372574e+01 2.520215225293274131e+01 1.856616393602558190e+01 2.326896554012022733e+01
1.625565748964025659e+01 1.930462532289730859e+01 2.628236278220787270e+01 1.870811950997742557e+01 0.000000000000000000e+00 1.624307989940850661e+01 2.818517538752718465e+01 1.233606101061291405e+01 2.050414323675982331e+01 2.283756696345217918e+01 1.112761037725695168e+01 1.802462565563600094e+01 2.166011317710379203e+01 2.550653899443189587e+01 9.700541034311163102e+00 9.661472813412125049e+00 1.771828267457211936e+01 2.547905990136845134e+01 2.099231200918518780e+01 2.143455109074240994e+01 1.182511278634492591e+01 1.228351067015486286e+01 1.429266676695562310e+01 2.934653682531501317e+01 1.781175414562575909e+01 2.090191307628348838e+01 2.255668442348744662e+01 2.252307181801211300e+01 2.345710357965469584e+01 6.250554082732481476e+00 9.124493543724812028e+00 6.970004673777871140e+00 2.119168842207346870e+01 2.484750270398799898e+01 1.553673700854487016e+01 2.232265883228951253e+01 1.463648659265743035e+01 1.908981190344082535e+01 1.645616325033721594e+01 1.619450505159937137e+01 1.617595650011797304e+01 2.109306952540343261e+01 6.567471010582551116e+00 2.464563480116061456e+01 1.085520248818728817e+01 2.539201995116740207e+01 1.836516485407358701e+01 2.245433546424464666e+01 1.178753174987238772e+01 1.396083927128770341e+01
1.759718058536550345e+01 1.565118038670435396e+01 1.578183025722402455e+01 2.189719647455185836e+01 1.624307989940850661e+01 0.000000000000000000e+00 1.234636682431041521e+01 2.455134567299143100e+01 1.572725693643976186e+01 1.177149687985223281e+01 1.069385723869831040e+01 2.169040256480352369e+01 1.848364098206213413e+01 2.097244019123844438e+01 2.004711971758248623e+01 8.977986968288144354e+00 8.450226492713801107e+00 1.339780442928842419e+01 1.872692815333266481e+01 8.011956299686600502e+00 1.864145432209772935e+01 1.750594067817543475e+01 2.631707703043043978e+01 1.764166957168799499e+01 2.161069003151375867e+01 2.063758364778498589e+01 6.843258225745875833e+00 2.320870460536509583e+01 1.130662776591608676e+01 1.373503355126762315e+01 7.913046230770626188e+00 1.849670826136558688e+01 1.567403727111518386e+01 1.336351191164968455e+01 1.243231812670338954e+01 1.431000271550499114e+01 5.849999220939428923e+00 1.759362364048091365e+01 1.116771204396877870e+01 2.347989482951117068e+01 2.386849101549539043e+01 1.846836623205257055e+01 1.375024837859096571e+01 1.620083762258245486e+01 2.327805242053964463e+01 1.372144691210325185e+01 4.942430136276159125e+00 1.141094604378343647e+01 1.368622208884325886e+01 1.477519395688148762e+01
2.250291147307076045e+01 1.259070090298414790e+01 2.235592299815266415e+01 1.596486695521884513e+01 2.818517538752718465e+01 1.234636682431041521e+01 0.000000000000000000e+00 2.116582519151583952e+01 2.469428039994231838e+01 1.201960759905320231e+01 1.886800522389372858e+01 1.894799493200146046e+01 1.055493136081128114e+01 2.219477582216574518e+01 2.362693180049059549e+01 2.006201015110186603e+01 1.615517675207557602e+01 8.258058873726549010e+00 2.938431188186099874e+01 8.098113768013842417e+00 2.014840842939184640e+01 2.068244511670562957e+01 1.924987840234057757e+01 2.023733580618309347e+01 1.554249956773340102e+01 1.307103385183613753e+01 6.765631670954137533e+00 2.544488101596895646e+01 1.593164539572182115e+01 2.577120573700843309e+01 1.942327205982927296e+01 2.575200289936705289e+01 1.287906728793821465e+01 7.384508733971982153e+00 2.300722597965551230e+01 2.192957727832734349e+01 1.356451786625590650e+01 1.692936173490906171e+01 1.438352971479668874e+01 1.901055106907602976e+01 1.589836313749547259e+01 1.411092570087077114e+01 2.346676486512575366e+01 1.788755371298536900e+01 2.078385595223364746e+01 5.701768141050005845e+00 1.158069713213130747e+01 1.809275787263721114e+01 2.342734618387788359e+01 1.771539732830122205e+01
2.210905341224234988e+01 1.302349053598660156e+01 3.485418995064216574e+01 1.224681709931535245e+01 1.233606101061291405e+01 2.455134567299143100e+01 2.116582519151583952e+01 0.000000000000000000e+00 2.858187253586373799e+01 2.606107036048100767e+01 1.490622167405417642e+01 1.856930533310381648e+01 1.090509724113312373e+01 3.056517140096314833e+01 9.682361548138565865e+00 1.831759748900395834e+01 2.629010984300640530e+01 1.797229510053445622e+01 2.809607916906115577e+01 2.058549966301103140e+01 7.452265149119174481e+00 1.677579076796117263e+01 8.997304105014951148e+00 3.409219804422939859e+01 7.078456253512034557e+00 1.269968058586250059e+01 2.324253099433337511e+01 2.820692823475902600e+01 3.130851623516626958e+01 1.334048837793907261e+01 1.678178516454390135e+01 6.198123133948940655e+00 2.063826172281515881e+01 1.544992118778733747e+01 2.283235357811483368e+01 3.092773400118967686e+01 2.067740296898073638e+01 2.385703083474923858e+01 1.576689286617627239e+01 1.545634665377161276e+01 5.751716875339498714e+00 1.644560819451862343e+01 1.116886229134027175e+01 2.939129602007498931e+01 5.060794847843563815e+00 1.588594426862656128e+01 2.686047128818727003e+01 3.102616263267893260e+01 1.830970881690022622e+01 1.201964531472355091e+01
1.219280844956855603e+01 3.137843732314411227e+01 1.275261292017880521e+01 2.981688812821075629e+01 2.050414323675982331e+01 1.572725693643976186e+01 2.469428039994231838e+01 2.858187253586373799e+01 0.000000000000000000e+00 1.871671907787870026e+01 2.256738758923029664e+01 2.337865466157706251e+01 3.116518367583981330e+01 1.990449514196659919e+01 2.178034046416233949e+01 1.086317109031528538e+01 8.619184339514351478e+00 2.483570623351987194e+01 7.832682931860218467e+00 2.357180554937512795e+01 2.815948678450189391e+01 1.708468918491527688e+01 2.821155725363424693e+01 1.757372640793049001e+01 3.451430062034469870e+01 3.233704093359656184e+01 1.842033813582978041e+01 1.446735964048079204e+01 1.344840927702704647e+01 1.600774254586809064e+01 1.648207727651535848e+01 2.367255114849680098e+01 2.304866125674335109e+01 2.707567235784271631e+01 6.143126600116830538e+00 5.930624809690536736e+00 2.050905990187776240e+01 1.811192112408419419e+01 2.624596356340993708e+01 2.550599512788849665e+01 3.099008299154050405e+01 2.745769750545900223e+01 2.129322419375761655e+01 1.968388415945442915e+01 2.534336483260473116e+01 2.627222326312296730e+01 1.335827848085558855e+01 1.098118751509288060e+01 1.186295590521506682e+01 2.776181362649563766e+01
1.161456886033288249e+01 2.101988220977512256e+01 1.242512694642441495e+01 1.572359371391256033e+01 2.283756696345217918e+01 1.177149687985223281e+01 1.201960759905320231e+01 2.606107036048100767e+01 1.871671907787870026e+01 0.000000000000000000e+00 2.246535411855054676e+01 1.091849730687327202e+01 1.644045383878964728e+01 1.029279909498577616e+01 1.764979203822792186e+01 1.668477688240629320e+01 1.032267426496036933e+01 8.243844662742766616e+00 1.918350216261275065e+01 1.509527628930056586e+01 2.845426377627374137e+01 1.069623817013015277e+01 2.182689534346582505e+01 8.673545993055130410e+00 2.301721854679941970e+01 1.651677399577721417e+01 6.741199529778904243e+00 1.406634350259217747e+01 6.752529119061724927e+00 1.702439948564646599e+01 1.865173050891009154e+01 2.408760706891919057e+01 6.044373359773146603e+00 1.554262957663151212e+01 1.762803721930264444e+01 1.485992706459352775e+01 1.723766258468785750e+01 5.826389958116426904e+00 2.119742547682077216e+01 1.574144299839688621e+01 2.030935348514151428e+01 1.131339781807009892e+01 2.454671061001803523e+01 5.867946113932169361e+00 2.241252799594775169e+01 1.166274824452009895e+01 7.552540756364627406e+00 1.061287471449399611e+01 1.316864988074439502e+01 2.550418200732937990e+01
2.088431827941351315e+01 1.101770374491371918e+01 2.571696355606751183e+01 2.542077859919384153e+01 1.112761037725695168e+01 1.069385723869831040e+01 1.886800522389372858e+01 1.490622167405417642e+01 2.256738758923029664e+01 2.246535411855054676e+01 0.000000000000000000e+00 2.520380106839028045e+01 2.105088152422225534e+01 3.066640123201064583e+01 1.674591585650772885e+01 1.237140456594347881e+01 1.757070886605703564e+01 2.315438742772550995e+01 2.403423632448036074e+01 1.092053275809494295e+01 7.947597083399417173e+00 1.855757454624224323e+01 2.091058829306555467e+01 2.807238162654805791e+01 1.493761377126697631e+01 2.706946477899427350e+01 1.753711546444418801e+01 2.709033919530101286e+01 2.149318145870809715e+01 1.217289531354081156e+01 6.238726686060720894e+00 9.863145965852083918e+00 2.636789450981349248e+01 1.559191675976230052e+01 1.799799458791760998e+01 2.308771174677106686e+01 5.952551244654580742e+00 2.475422045454474684e+01 5.914965926675694874e+00 2.335099487708255239e+01 2.038055484329445122e+01 2.820211651103998562e+01 5.159879720030855488e+00 2.689469486128076525e+01 1.662018499371096070e+01 1.980149067236796512e+01 1.537314219113623182e+01 2.145632203761309142e+01 1.638053817560710712e+01 5.194426037265342799e+00
1.255882618524675465e+01 2.654446439483938036e+01 2.294086448936311129e+01 1.067148825186039929e+01 1.802462565563600094e+01 2.169040256480352369e+01 1.894799493200146046e+01 1.856930533310381648e+01 2.337865466157706251e+01 1.091849730687327202e+01 2.520380106839028045e+01 0.000000000000000000e+00 1.744602822224776872e+01 1.552921455246063154e+01 9.368311584911499068e+00 1.584050472087921690e+01 2.114935493372906805e+01 1.089163217153149965e+01 1.997794878446702072e+01 2.304364953137557492e+01 2.367372306892814748e+01 7.312551010991926503e+00 1.285723273874225470e+01 1.866739666217864624e+01 2.214916523866541453e+01 1.465370375932228519e+01 1.578549968333490661e+01 1.635180678944711374e+01 1.745442735381606880e+01 1.341762983512730045e+01 2.090928959435190748e+01 1.804237587382513652e+01 6.421231261126656875e+00 2.096192362284133992e+01 1.735845332862811929e+01 2.558520199985859378e+01 2.707796597129074101e+01 8.821073986246716458e+00 2.932906547815841947e+01 5.895193282617137598e+00 1.512927710579162621e+01 5.953583156870485560e+00 2.045407881967307162e+01 1.407729722909239811e+01 1.382596513363237278e+01 1.552427334988715835e+01 1.755636405349137874e+01 2.133814964975906392e+01 1.174311724033172410e+01 2.750309729163384986e+01
2.584605595520327981e+01 1.054770356530154096e+01 2.740599453268390917e+01 1.060606866038316909e+01 2.166011317710379203e+01 1.848364098206213413e+01 1.055493136081128114e+01 1.090509724113312373e+01 3.116518367583981330e+01 1.644045383878964728e+01 2.105088152422225534e+01 1.744602822224776872e+01 0.000000000000000000e+00 2.638411683838007349e+01 1.520384864487070509e+01 2.638119637491518787e+01 2.283173765656962217e+01 8.757377055870984250e+00 3.341498925748314264e+01 1.244190025321447379e+01 1.561521379382291030e+01 2.126227241376293620e+01 1.061849066532068697e+01 2.493313825788946758e+01 7.506248217490449015e+00 6.929526725887784622e+00 1.290096387828431368e+01 2.891915908147300840e+01 2.098171693025307150e+01 2.104893791240687406e+01 2.519596927320204216e+01 1.625345192006081518e+01 1.442965483239446556e+01 6.604277321673062140e+00 2.937777496321410808e+01 2.770176811440487796e+01 1.881378046588201514e+01 2.069002198862758490e+01 1.573139920556388027e+01 1.474372007421983355e+01 5.511774940713671356e+00 1.213862570715347644e+01 2.153295982060394209e+01 2.226189816399820032e+01 1.115424245337145059e+01 5.157394823376133530e+00 1.815730027272736891e+01 2.375861269847338519e+01 2.542061765786218785e+01 1.633098802025449103e+01
1.028138428343362598e+01 3.117364378976191119e+01 1.383987880864773068e+01 2.255538379323837717e+01 2.550653899443189587e+01 2.097244019123844438e+01 2.219477582216574518e+01 3.056517140096314833e+01 1.990449514196659919e+01 1.029279909498577616e+01 3.066640123201064583e+01 1.552921455246063154e+01 2.638411683838007349e+01 0.000000000000000000e+00 2.100343815159403960e+01 1.914307382777962374e+01 1.781427616111824719e+01 1.795613471280540807e+01 1.360418259669442698e+01 2.532319534526996563e+01 3.241406914108203097e+01 1.378938063300198102e+01 2.664548963282787852e+01 7.020913076028254984e+00 3.301480394679227004e+01 2.546212135410026178e+01 1.703399862476467419e+01 7.320198656212960842e+00 1.162502214022637403e+01 1.967837595182004051e+01 2.505252108321554871e+01 2.685166719587711626e+01 1.296145231643837725e+01 2.565451363578472055e+01 1.638202225425782999e+01 1.849392488593724693e+01 2.675257454452938077e+01 6.708140566213914191e+00 3.122058227522352070e+01 2.013980610528623671e+01 2.824877195410513764e+01 1.814312826099794052e+01 2.764559465119101134e+01 5.108557731297800331e+00 2.598238665544078785e+01 2.166033364451295640e+01 1.666358788334898122e+01 1.487358329174010585e+01 1.441989715689287266e+01 3.533486654793954074e+01
1.354622295160428003e+01 2.228852923956278786e+01 2.942162642334591283e+01 9.623464413824457608e+00 9.700541034311163102e+00 2.004711971758248623e+01 2.362693180049059549e+01 9.682361548138565865e+00 2.178034046416233949e+01 1.764979203822792186e+01 1.674591585650772885e+01 9.368311584911499068e+00 1.520384864487070509e+01 2.100343815159403960e+01 0.000000000000000000e+00 1.233230130071078534e+01 2.095081380831640416e+01 1.592953137348338188e+01 2.002719738037406572e+01 2.707216498067715804e+01 1.452645239115287978e+01 7.221446930397758202e+00 7.104079797950598518e+00 2.453046479486027565e+01 1.614254679163767392e+01 1.332331979070862182e+01 2.227735129968861472e+01 1.929220318268026446e+01 2.401491323214994011e+01 6.753268678755330434e+00 1.470078958890128540e+01 8.859398408573946782e+00 1.531280756119806341e+01 2.167293409037384677e+01 1.603082150641342807e+01 2.449657959348095915e+01 2.045068328304186167e+01 1.429529758538012452e+01 2.191319077131602810e+01 6.994179374970308949e+00 1.002194878782021625e+01 1.154354099751836316e+01 1.190072859226837210e+01 1.982956277070587703e+01 4.978948503846752693e+00 1.816643240302805395e+01 2.159769598781787181e+01 2.568686659798893146e+01 1.070034815613051293e+01 1.851461474789990191e+01
9.030417271574009419e+00 2.256851627728627463e+01 1.718714795318423683e+01 2.050331565079203955e+01 9.661472813412125049e+00 8.977986968288144354e+00 2.006201015110186603e+01 1.831759748900395834e+01 1.086317109031528538e+01 1.668477688240629320e+01 1.237140456594347881e+01 1.584050472087921690e+01 2.638119637491518787e+01 1.914307382777962374e+01 1.233230130071078534e+01 0.000000000000000000e+00 8.623067845548479937e+00 2.053087034274924250e+01 1.166598199327639307e+01 1.698994326797474486e+01 1.731316791102113939e+01 8.527953709887292177e+00 1.867455823997950048e+01 2.095713308848729284e+01 2.367163019699700754e+01 2.511842553763833052e+01 1.411550224505914741e+01 1.474219362138608957e+01 1.436188875063105641e+01 6.270412265796412754e+00 6.335494280607436579e+00 1.282988072514910982e+01 1.660879729984279152e+01 2.216696714868876583e+01 5.965547626603727061e+00 1.269157100173281805e+01 1.172334975006027413e+01 1.381944436816403332e+01 1.677669128470973803e+01 1.619242265046977280e+01 2.144222393637354784e+01 2.087695150273201250e+01 1.043005310344233294e+01 1.946403721331951076e+01 1.579550577743778383e+01 2.161900230495630026e+01 9.269950025049947584e+00 1.335912063522101079e+01 4.938976027251326784e+00 1.756583060320881984e+01
1.404051394824965193e+01 2.377832843170040888e+01 8.564080107635760442e+00 2.445535777689099177e+01 1.771828267457211936e+01 8.450226492713801107e+00 1.615517675207557602e+01 2.629010984300640530e+01 8.619184339514351478e+00 1.032267426496036933e+01 1.757070886605703564e+01 2.114935493372906805e+01 2.283173765656962217e+01 1.781427616111824719e+01 2.095081380831640416e+01 8.623067845548479937e+00 0.000000000000000000e+00 1.634614187597541246e+01 1.369498506761242673e+01 1.599096719029764735e+01 2.451751164163539443e+01 1.667760407321142324e+01 2.729307074758511931e+01 1.233406524293880935e+01 2.751779749924467566e+01 2.384747657605209525e+01 9.930773778285312048e+00 1.891126387664194297e+01 6.387584136826548686e+00 1.489348011134489269e+01 1.205023654189081306e+01 2.066537110319720938e+01 1.627102743724890033e+01 1.898495856368633738e+01 7.769999813441433645e+00 5.913014695449628100e+00 1.365921306734655438e+01 1.521384077256964495e+01 1.926507850862907034e+01 2.481093515807539163e+01 2.750081674134280263e+01 2.061211173779733841e+01 1.736487193243075922e+01 1.309090885580739538e+01 2.441401828504340088e+01 1.778265890557850426e+01 4.945238595813263416e+00 4.736052789672529073e+00 1.168146993374590892e+01 2.228931251125076685e+01
1.723945239397864881e+01 1.631336695380623425e+01 2.020249143818683635e+01 8.563637255995658393e+00 2.547905990136845134e+01 1.339780442928842419e+01 8.258058873726549010e+00 1.797229510053445622e+01 2.483570623351987194e+01 8.243844662742766616e+00 2.315438742772550995e+01 1.089163217153149965e+01 8.757377055870984250e+00 1.795613471280540807e+01 1.592953137348338188e+01 2.053087034274924250e+01 1.634614187597541246e+01 0.000000000000000000e+00 2.480838569625852230e+01 1.232562614195112971e+01 2.348122113063744010e+01 1.522979874210031959e+01 1.412315131295060766e+01 1.688217139152072832e+01 1.597523761051851743e+01 8.404400420736406474e+00 6.606656805467983062e+00 2.031255552024837385e+01 1.389425814499696088e+01 2.159835093308957354e+01 2.123230803625051877e+01 2.272248317254329919e+01 6.293276716400720616e+00 1.030523431129738299e+01 2.311773098950988015e+01 2.106536104885402949e+01 1.789219120450146505e+01 1.208341842740295391e+01 1.861104208873396360e+01 1.087609344842437231e+01 1.222057822519495751e+01 5.919191343199822875e+00 2.710561663871792959e+01 1.396474807292146814e+01 1.618539438463015045e+01 4.972747788460328167e+00 1.178509156442814643e+01 1.712220563292254027e+01 1.803881818111708668e+01 2.178732017389328135e+01
7.870543764356567884e+00 3.381032217512959193e+01 1.919614273834685036e+01 2.756251396913373952e+01 2.099231200918518780e+01 1.872692815333266481e+01 2.938431188186099874e+01 2.809607916906115577e+01 7.832682931860218467e+00 1.918350216261275065e+01 2.403423632448036074e+01 1.997794878446702072e+01 3.341498925748314264e+01 1.360418259669442698e+01 2.002719738037406572e+01 1.166598199327639307e+01 1.369498506761242673e+01 2.480838569625852230e+01 0.000000000000000000e+00 2.673888445301926708e+01 2.864765555692725840e+01 1.439944180420411080e+01 2.699848071226339741e+01 1.898510280129293903e+01 3.436342148888135029e+01 3.164599012442257475e+01 2.341803342951231670e+01 6.955842999631656198e+00 1.941946770747026818e+01 1.598161562134446712e+01 1.795096762698264214e+01 2.384898188266676300e+01 1.916913831054019823e+01 3.157815462020510111e+01 6.659487611168065868e+00 1.317656050064188733e+01 2.280884867387909409e+01 1.346409508895742135e+01 2.839216463108494537e+01 2.283898045310542457e+01 2.981973619440050172e+01 2.377352580047059405e+01 2.183429543310127841e+01 1.543294251247815652e+01 2.461383071828028690e+01 2.901772044375053738e+01 1.804830996277426891e+01 1.695224594553610586e+01 9.881890247671014649e+00 2.922866236174570531e+01
2.560913688505210573e+01 7.820561653303321314e+00 2.252690521734896834e+01 1.951074325093577500e+01 2.143455109074240994e+01 8.011956299686600502e+00 8.098113768013842417e+00 2.058549966301103140e+01 2.357180554937512795e+01 1.509527628930056586e+01 1.092053275809494295e+01 2.304364953137557492e+01 1.244190025321447379e+01 2.532319534526996563e+01 2.707216498067715804e+01 1.698994326797474486e+01 1.599096719029764735e+01 1.232562614195112971e+01 2.673888445301926708e+01 0.000000000000000000e+00 1.579378249382273935e+01 2.444454690345038728e+01 2.246586761588785919e+01 2.251424393398978197e+01 1.359873373182716172e+01 1.636633485823455203e+01 8.377889598217464595e+00 2.913412363727584520e+01 1.643239173656346708e+01 2.144173474644186683e+01 1.362125877914132310e+01 2.036251743534834446e+01 1.704195869971427868e+01 5.997974653965555625e+00 2.044427442638999537e+01 2.190398188574727101e+01 6.943284909855336196e+00 2.061860435621595045e+01 6.611252488796031557e+00 2.301392860133853446e+01 1.782190560986387950e+01 1.817849296909534829e+01 1.563813391199891356e+01 2.067725716913198752e+01 2.345907403953462733e+01 8.936250176647554611e+00 1.107379758134157655e+01 1.810542681259621389e+01 2.169817838852985403e+01 1.119249335946572543e+01
2.348206936342663553e+01 8.094775406990393662e+00 3.308159174927116197e+01 1.937231472135445998e+01 1.182511278634492591e+01 1.864145432209772935e+01 2.014840842939184640e+01 7.452265149119174481e+00 2.815948678450189391e+01 2.845426377627374137e+01 7.947597083399417173e+00 2.367372306892814748e+01 1.561521379382291030e+01 3.241406914108203097e+01 1.452645239115287978e+01 1.731316791102113939e+01 2.451751164163539443e+01 2.348122113063744010e+01 2.864765555692725840e+01 1.579378249382273935e+01 0.000000000000000000e+00 1.912545849738537740e+01 1.623747706454370743e+01 3.601997870994748041e+01 8.160521773039544513e+00 1.979024604394232156e+01 2.246113041553698864e+01 2.969934356498575667e+01 2.940647262058372746e+01 1.418149294950355177e+01 1.289344755384694352e+01 6.161322869512416034e+00 2.773819009904130439e+01 1.325494721608784587e+01 2.319208055628694609e+01 2.981835142487086188e+01 1.333314509378841706e+01 2.599108184996546100e+01 9.182530005026706021e+00 2.092931639636281105e+01 1.274087731371162491e+01 2.354553657074476547e+01 7.152639709204636986e+00 3.154690474768524666e+01 1.116305128690829918e+01 1.858361692129514608e+01 2.332073927453563300e+01 2.907063912595873845e+01 1.940499400622535120e+01 4.903182954304820207e+00
7.383843776677684545e+00 2.688820933498307042e+01 2.230571539173953610e+01 1.338379844295520549e+01 1.228351067015486286e+01 1.750594067817543475e+01 2.068244511670562957e+01 1.677579076796117263e+01 1.708468918491527688e+01 1.069623817013015277e+01 1.855757454624224323e+01 7.312551010991926503e+00 2.126227241376293620e+01 1.378938063300198102e+01 7.221446930397758202e+00 8.527953709887292177e+00 1.667760407321142324e+01 1.522979874210031959e+01 1.439944180420411080e+01 2.444454690345038728e+01 1.912545849738537740e+01 0.000000000000000000e+00 1.432552672834835761e+01 1.731640727626822240e+01 2.327674341447036710e+01 1.871408360477636634e+01 1.635842940097341014e+01 1.210405107768148980e+01 1.694154186337827994e+01 6.482959758278163065e+00 1.387040284109551003e+01 1.339387966458969537e+01 8.997266154765480195e+00 2.404452886543257151e+01 1.110578236358064252e+01 2.008742200762654662e+01 2.025130345994756098e+01 7.081240066788065057e+00 2.426348116333711857e+01 8.660264926926890539e+00 1.721602873814514822e+01 1.252093632887130426e+01 1.469186537257917990e+01 1.261550525211382023e+01 1.220039543424451089e+01 1.949315428097051850e+01 1.732448625271288734e+01 2.097311080891444490e+01 5.338402292553064754e+00 2.212022437651113549e+01
2.058388742369123747e+01 1.976049869417337135e+01 3.388724975207760792e+01 7.181090781695090186e+00 1.429266676695562310e+01 2.631707703043043978e+01 1.924987840234057757e+01 8.997304105014951148e+00 2.821155725363424693e+01 2.182689534346582505e+01 2.091058829306555467e+01 1.285723273874225470e+01 1.061849066532068697e+01 2.664548963282787852e+01 7.104079797950598518e+00 1.867455823997950048e+01 2.729307074758511931e+01 1.412315131295060766e+01 2.699848071226339741e+01 2.246586761588785919e+01 1.623747706454370743e+01 1.432552672834835761e+01 0.000000000000000000e+00 2.978367174254589855e+01 1.305651234633943325e+01 8.809689054437184197e+00 2.031366966465494528e+01 2.606045462166965621e+01 2.764108829383588173e+01 1.302322599160328487e+01 1.962407522008381022e+01 1.159625346780375388e+01 1.603234607122722721e+01 1.716199129938953405e+01 2.246203829588534262e+01 3.090881595441964791e+01 2.490104200874789697e+01 1.993734906661396877e+01 2.467935937531995094e+01 9.110909779112342122e+00 5.968905330719463720e+00 1.177543360411297968e+01 1.589675308203043436e+01 2.519357230945965043e+01 5.279720914046961866e+00 1.357295392174533077e+01 2.558707743586919037e+01 3.092054117448637740e+01 1.756695794973722613e+01 2.080485723014808030e+01
1.564413525269937999e+01 2.910812823059859511e+01 6.944272270158422522e+00 2.410959541082324975e+01 2.934653682531501317e+01 1.764166957168799499e+01 2.023733580618309347e+01 3.409219804422939859e+01 1.757372640793049001e+01 8.673545993055130410e+00 2.807238162654805791e+01 1.866739666217864624e+01 2.493313825788946758e+01 7.020913076028254984e+00 2.453046479486027565e+01 2.095713308848729284e+01 1.233406524293880935e+01 1.688217139152072832e+01 1.898510280129293903e+01 2.251424393398978197e+01 3.601997870994748041e+01 1.731640727626822240e+01 2.978367174254589855e+01 0.000000000000000000e+00 3.140850108785318895e+01 2.515510072455516877e+01 1.436387461793107612e+01 1.348433442637171886e+01 7.266914766131783665e+00 2.351837378270315426e+01 2.367661820911544979e+01 3.062099455353246569e+01 1.443037505668382536e+01 2.381895423530886191e+01 1.949790472846985878e+01 1.272989488152225768e+01 2.349166879262741503e+01 1.037111601590958898e+01 2.814172968553807053e+01 2.327798821500424964e+01 2.894768021391947954e+01 1.969939951498077946e+01 2.957159831022339347e+01 5.281280879088120273e+00 2.950941329870702390e+01 2.005403078557386820e+01 1.295325370200026605e+01 9.290605389764856170e+00 1.925597925288092682e+01 3.227039070344596894e+01
2.845516226139748994e+01 6.907453351367083272e+00 3.371692740239006270e+01 1.401880480299392140e+01 1.781175414562575909e+01 2.161069003151375867e+01 1.554249956773340102e+01 7.078456253512034557e+00 3.451430062034469870e+01 2.301721854679941970e+01 1.493761377126697631e+01 2.214916523866541453e+01 7.506248217490449015e+00 3.301480394679227004e+01 1.614254679163767392e+01 2.367163019699700754e+01 2.751779749924467566e+01 1.597523761051851743e+01 3.436342148888135029e+01 1.359873373182716172e+01 8.160521773039544513e+00 2.327674341447036710e+01 1.305651234633943325e+01 3.140850108785318895e+01 0.000000000000000000e+00 1.361483002587422142e+01 1.842787997692633795e+01 3.456530461562314116e+01 2.729264979995922502e+01 1.957395755398411552e+01 2.047562013356887078e+01 1.120749437706171747e+01 2.172311733483606133e+01 9.030105188584188980e+00 2.906582275415988192e+01 3.342410567895500151e+01 1.756374694584819096e+01 2.750922596561296984e+01 1.182684328431600740e+01 1.778342539001019063e+01 7.119288440869150136e+00 1.798994087518673268e+01 1.483974851701976583e+01 2.887491061013537319e+01 1.116359828779092034e+01 1.135447030227932075e+01 2.261621089860047107e+01 2.959820255669544053e+01 2.457171128958830053e+01 9.776621342164858675e+00
2.402550898680365066e+01 1.712822790038935494e+01 2.828961420627990009e+01 6.903974654437016412e+00 2.090191307628348838e+01 2.063758364778498589e+01 1.307103385183613753e+01 1.269968058586250059e+01 3.233704093359656184e+01 1.651677399577721417e+01 2.706946477899427350e+01 1.465370375932228519e+01 6.929526725887784622e+00 2.546212135410026178e+01 1.332331979070862182e+01 2.511842553763833052e+01 2.384747657605209525e+01 8.404400420736406474e+00 3.164599012442257475e+01 1.636633485823455203e+01 1.979024604394232156e+01 1.871408360477636634e+01 8.809689054437184197e+00 2.515510072455516877e+01 1.361483002587422142e+01 0.000000000000000000e+00 1.391670279776679209e+01 2.742457570376173237e+01 2.186533660384905886e+01 1.983976279600573633e+01 2.621112035294026299e+01 1.722448620353763715e+01 1.259581719228721575e+01 1.204367155854990479e+01 2.864754431850859362e+01 2.870668838716655813e+01 2.210216892342445760e+01 1.937107797286820343e+01 2.166525990672231217e+01 1.177956180494989802e+01 7.134851378994536475e+00 9.302385978012626566e+00 2.231510863229673802e+01 2.230603617340218392e+01 1.069055794759328926e+01 7.430084681586989426e+00 1.928642626450483988e+01 2.476353297123507247e+01 2.320463721124568224e+01 2.314842173197645536e+01
1.800537299783741929e+01 1.478157244443799279e+01 1.574860460643582627e+01 1.505393824880598608e+01 2.255668442348744662e+01 6.843258225745875833e+00 6.765631670954137533e+00 2.324253099433337511e+01 1.842033813582978041e+01 6.741199529778904243e+00 1.753711546444418801e+01 1.578549968333490661e+01 1.290096387828431368e+01 1.703399862476467419e+01 2.227735129968861472e+01 1.411550224505914741e+01 9.930773778285312048e+00 6.606656805467983062e+00 2.341803342951231670e+01 8.377889598217464595e+00 2.246113041553698864e+01 1.635842940097341014e+01 2.031366966465494528e+01 1.436387461793107612e+01 1.842787997692633795e+01 1.391670279776679209e+01 0.000000000000000000e+00 2.075623403905838060e+01 9.519479753501761010e+00 1.990745223738496961e+01 1.462565123078254281e+01 2.513724993990138046e+01 9.448481801274152048e+00 9.912126925722349213e+00 1.704094752730683027e+01 1.516394560737321129e+01 1.162678502093237576e+01 1.224071475799848585e+01 1.470990658922501559e+01 1.686213149571064207e+01 1.757004296305749591e+01 1.185060289825204372e+01 2.049895983324994120e+01 1.245497323791188116e+01 2.189351337546234433e+01 7.851885127293193101e+00 5.369723466738048678e+00 1.132712620168307183e+01 1.870747245007147086e+01 1.908777770698104348e+01
6.409925992258407312e+00 3.439414493179230448e+01 1.953241640218329778e+01 2.426384817591252840e+01 2.252307181801211300e+01 2.320870460536509583e+01 2.544488101596895646e+01 2.820692823475902600e+01 1.446735964048079204e+01 1.406634350259217747e+01 2.709033919530101286e+01 1.635180678944711374e+01 2.891915908147300840e+01 7.320198656212960842e+00 1.929220318268026446e+01 1.474219362138608957e+01 1.891126387664194297e+01 2.031255552024837385e+01 6.955842999631656198e+00 2.913412363727584520e+01 2.969934356498575667e+01 1.210405107768148980e+01 2.606045462166965621e+01 1.348433442637171886e+01 3.456530461562314116e+01 2.742457570376173237e+01 2.075623403905838060e+01 0.000000000000000000e+00 1.677633362066120171e+01 1.663906809828029409e+01 2.107768790199352438e+01 2.426024337127789465e+01 1.482875851147450597e+01 2.883226868683781063e+01 1.114126406320050400e+01 1.870204028601684243e+01 2.639807748085256378e+01 8.515519281059891199e+00 3.151888490609582760e+01 1.995051622791528700e+01 2.865987014431687641e+01 1.972074594265283309e+01 2.434093680406595439e+01 9.932174137556934568e+00 2.421826663471293628e+01 2.450846533409533734e+01 2.142814545641310531e+01 2.009368553575647098e+01 1.087808709779465488e+01 3.203020870081445537e+01
1.580842018639578228e+01 2.417103431862768304e+01 6.649129956566030231e+00 2.185399225440122351e+01 2.345710357965469584e+01 1.130662776591608676e+01 1.593164539572182115e+01 3.130851623516626958e+01 1.344840927702704647e+01 6.752529119061724927e+00 2.149318145870809715e+01 1.745442735381606880e+01 2.098171693025307150e+01 1.162502214022637403e+01 2.401491323214994011e+01 1.436188875063105641e+01 6.387584136826548686e+00 1.389425814499696088e+01 1.941946770747026818e+01 1.643239173656346708e+01 2.940647262058372746e+01 1.694154186337827994e+01 2.764108829383588173e+01 7.266914766131783665e+00 2.729264979995922502e+01 2.186533660384905886e+01 9.519479753501761010e+00 1.677633362066120171e+01 0.000000000000000000e+00 2.063230101642746561e+01 1.662205979142678913e+01 2.633755216653818820e+01 1.279690247883486975e+01 1.930787387423085022e+01 1.410624171092824319e+01 9.489056376832825990e+00 1.715662698685551391e+01 1.020754373669156578e+01 2.186244242881367228e+01 2.223187519092863340e+01 2.557521309214419247e+01 1.791759462812749604e+01 2.251703989253473281e+01 7.261479138910107878e+00 2.877764918986976284e+01 1.599803399534303239e+01 6.376909471981144328e+00 5.129177084010933640e+00 1.753564133857126350e+01 2.594326461430337005e+01
1.041116501878043188e+01 2.162985339664050954e+01 2.345756021898064247e+01 1.565264663278179391e+01 6.250554082732481476e+00 1.373503355126762315e+01 2.577120573700843309e+01 1.334048837793907261e+01 1.600774254586809064e+01 1.702439948564646599e+01 1.217289531354081156e+01 1.341762983512730045e+01 2.104893791240687406e+01 1.967837595182004051e+01 6.753268678755330434e+00 6.270412265796412754e+00 1.489348011134489269e+01 2.159835093308957354e+01 1.598161562134446712e+01 2.144173474644186683e+01 1.418149294950355177e+01 6.482959758278163065e+00 1.302322599160328487e+01 2.351837378270315426e+01 1.957395755398411552e+01 1.983976279600573633e+01 1.990745223738496961e+01 1.663906809828029409e+01 2.063230101642746561e+01 0.000000000000000000e+00 8.073635212990829757e+00 9.044362441424011578e+00 1.537852094426776084e+01 2.708520222749050888e+01 1.060319308173258790e+01 1.854045493893276841e+01 1.517542246043756116e+01 1.326164886082896288e+01 1.787880193063568512e+01 1.193900897040749598e+01 1.579089168799733933e+01 1.702670927526926192e+01 8.307186139877748232e+00 1.881747175854876275e+01 1.014417352906156999e+01 2.438032354882821906e+01 1.554036229084636211e+01 1.962953290101741644e+01 6.271330216446526329e+00 1.597999413745335495e+01
1.515706395239125115e+01 1.628450434615203335e+01 2.029255352902192655e+01 2.360016754292775687e+01 9.124493543724812028e+00 7.913046230770626188e+00 1.942327205982927296e+01 1.678178516454390135e+01 1.648207727651535848e+01 1.865173050891009154e+01 6.238726686060720894e+00 2.090928959435190748e+01 2.519596927320204216e+01 2.505252108321554871e+01 1.470078958890128540e+01 6.335494280607436579e+00 1.205023654189081306e+01 2.123230803625051877e+01 1.795096762698264214e+01 1.362125877914132310e+01 1.289344755384694352e+01 1.387040284109551003e+01 1.962407522008381022e+01 2.367661820911544979e+01 2.047562013356887078e+01 2.621112035294026299e+01 1.462565123078254281e+01 2.107768790199352438e+01 1.662205979142678913e+01 8.073635212990829757e+00 0.000000000000000000e+00 1.058366203059496158e+01 2.204728263936119603e+01 1.934048848838532209e+01 1.191472589041988783e+01 1.756723942260484606e+01 7.209523612423598848e+00 1.933947821490387398e+01 1.104792559081678327e+01 1.986603736507518647e+01 2.137348593330376900e+01 2.495373766993696663e+01 5.894980101107944570e+00 2.288349524945552815e+01 1.615097336797572325e+01 2.072593245348258151e+01 1.121484736548063488e+01 1.617719157211179848e+01 1.068719319759492059e+01 1.143315272332606369e+01
1.806593557536860928e+01 1.417233045214304532e+01 2.922945121083298403e+01 1.631556732169041979e+01 6.970004673777871140e+00 1.849670826136558688e+01 2.575200289936705289e+01 6.198123133948940655e+00 2.367255114849680098e+01 2.408760706891919057e+01 9.863145965852083918e+00 1.804237587382513652e+01 1.625345192006081518e+01 2.685166719587711626e+01 8.859398408573946782e+00 1.282988072514910982e+01 2.066537110319720938e+01 2.272248317254329919e+01 2.384898188266676300e+01 2.036251743534834446e+01 6.161322869512416034e+00 1.339387966458969537e+01 1.159625346780375388e+01 3.062099455353246569e+01 1.120749437706171747e+01 1.722448620353763715e+01 2.513724993990138046e+01 2.426024337127789465e+01 2.633755216653818820e+01 9.044362441424011578e+00 1.058366203059496158e+01 0.000000000000000000e+00 2.239114581935517378e+01 1.849945686851250670e+01 1.853622764159977621e+01 2.542763913626878036e+01 1.538553497027408490e+01 2.037976156914713854e+01 1.404273122276214814e+01 1.549383908477284244e+01 1.097787229304805479e+01 1.982485886351151194e+01 5.311638489977955402e+00 2.592009252937807773e+01 6.757039027858875002e+00 2.119601119760715591e+01 2.123573254837808122e+01 2.540142389286973668e+01 1.405727168337371324e+01 1.017562104072331941e+01
