0.000000000000000000e+00 2.137332877492573857e+01 1.533931946733072849e+01 1.476092351470408381e+01 1.100786627206438872e+01 2.069445626752798262e+01 8.017903944630630164e+00 7.854809459489084489e+00 1.788950596030535323e+01 7.087083437222434945e+00 8.531487679235725707e+00 1.441503419568728894e+01 1.628315740078653917e+01 1.295132307704855457e+01 1.657209786624416026e+01 4.465150270787455966e+00 1.037356614272850308e+01 1.023617636110512485e+01 4.561130834859476124e+00 1.451485859937418788e+01 1.154014322826706085e+01 1.994647985615863206e+01 1.877143468906427515e+01 1.829053492375453160e+01 1.661420213456248263e+01 7.282928280597677606e+00 1.199935257033730984e+01 4.721944463464036623e+00 1.079214116474068952e+01 1.164307028993140669e+01 3.915563863515686638e+00 1.768929461413510751e+01 1.284332020382188766e+01 7.590609969663896450e+00 7.358040952087888442e+00 1.506907461413437233e+01 5.098426841428112866e+00 9.368386837042972815e+00 1.612183040489962238e+01 1.859142979698076559e+01 1.398981740539340812e+01 1.073016893648291514e+01 1.537507969567639954e+01 1.395459468013686966e+01 1.747071221420513254e+01 1.912114585844364356e+01 6.174164696885155124e+00 2.663085933397521643e+00 9.673792701441458419e+00 2.314128133478392968e+00 1.901089245068718014e+01 1.416508653926742944e+01 1.043655866121925335e+01 1.669129578789828727e+01 5.792529411580122911e+00 1.564863751771817491e+01 1.254862018996814221e+01 9.278108737924569027e+00 1.302428847424974023e+01 1.234452614483716459e+01 8.158749234507281400e+00 5.980304199823266664e+00 8.579862798355730291e+00 1.969349829159802212e+01 1.887770209332036231e+01 9.536141899104896069e+00 6.118785071145746102e+00 1.135262550959305550e+01 1.832640221430618155e+01 2.361642726987629004e+00 2.093646478771213282e+01 1.335821735483139960e+01 1.703170829377229722e+01 1.909024578462209476e+01 9.560826720682369384e+00
2.137332877492573857e+01 0.000000000000000000e+00 1.544065248763570430e+01 1.489845058613628481e+01 1.179952208343870801e+01 8.095382125936415818e+00 1.352961910320476235e+01 1.902237741347810029e+01 7.547668030373605674e+00 1.987766652685343161e+01 1.309381839909274703e+01 9.941427846537488122e+00 5.662578048557107557e+00 1.018936129957398151e+01 4.944574651962204470e+00 1.739108898469322995e+01 1.682448993621039790e+01 1.249474439769615408e+01 1.776249873291031278e+01 9.238661522643388579e+00 1.676463241604233545e+01 4.669749938137409018e+00 4.063321059272627878e+00 1.150970092831666491e+01 1.117094217104337694e+01 1.555693796135265394e+01 1.350704254288759110e+01 1.985705376428231972e+01 1.359420901475277255e+01 9.828017729214524323e+00 2.071063473074441319e+01 7.922242815774620084e+00 9.477245812553132254e+00 1.663259672746626094e+01 1.607393657085532723e+01 1.271730815024478112e+01 1.630211400615720407e+01 1.271835608521895367e+01 6.218732624308464629e+00 2.789318555569629599e+00 7.613394633592132976e+00 1.095166785898422823e+01 8.880689489885819299e+00 1.242470936450621721e+01 4.904408493586625006e+00 2.557000190134731454e+00 1.540506194785805327e+01 1.873745491418780063e+01 1.516044176873550242e+01 1.977472492807070381e+01 6.118234642839113668e+00 7.516750256199712155e+00 1.190026502493310190e+01 1.033696536306241320e+01 1.889253748725178639e+01 7.623331679952739748e+00 1.595288158798438793e+01 1.380172495325418325e+01 9.746847020549253671e+00 1.116001583842456668e+01 1.784670139262740207e+01 1.581043203339069692e+01 1.328547417565820332e+01 2.066275900099768581e+00 9.479313800590260186e+00 1.719101280909696428e+01 1.809416057618573603e+01 1.161507918544845097e+01 5.694977893239232536e+00 1.930702368385306755e+01 6.663547154859696064e+00 1.497855428537730660e+01 1.353408535142293090e+01 2.387656177460392826e+00 1.548218574525322033e+01
1.533931946733072849e+01 1.544065248763570430e+01 0.000000000000000000e+00 2.057753052096823154e+01 1.105517093581847732e+01 7.993383525602063777e+00 1.427080181411377602e+01 8.063398047273025782e+00 1.905641975592132908e+01 1.944061050496096854e+01 7.603884047345894182e+00 5.975992111255380657e+00 1.402763826937217040e+01 1.553359539895467556e+01 1.052852263264940902e+01 1.099999417654875522e+01 1.897111687047256723e+01 1.359696430424878244e+01 1.519240104037646155e+01 1.207461872963824767e+01 4.029891174516275321e+00 1.176361909078297430e+01 1.766170261484139203e+01 3.936923078181667535e+00 1.935697393287532719e+01 1.087401918879704077e+01 4.064990375653960264e+00 1.166002196054144413e+01 1.738087242630781404e+01 7.567836604078173046e+00 1.758637819234357735e+01 7.528220672835558958e+00 1.252858576648593392e+01 1.595289723481086952e+01 7.981278515242840044e+00 2.962270360709692962e+00 1.247412250617468921e+01 8.950806971658742839e+00 1.632524037004118256e+01 1.382927083252290146e+01 9.472460271795698716e+00 1.580767413627908446e+01 1.665823440035986280e+01 1.816668001606171856e+01 1.159844856996905627e+01 1.289857047845487870e+01 9.884898760731363865e+00 1.347166377786156133e+01 5.668337017399932343e+00 1.332385019229069378e+01 9.452048682443157546e+00 1.438346980704364420e+01 6.525459888416549781e+00 5.260457506808614347e+00 1.724177653731450732e+01 7.990412340980070915e+00 2.017028609164674791e+01 1.154248978000846293e+01 9.951793438232668265e+00 5.446700416316644144e+00 1.805063897342299839e+01 1.191504433286338838e+01 1.310397676563387037e+01 1.665437866875604200e+01 5.989281305611848794e+00 6.015502531074885084e+00 9.557794256559512647e+00 1.298571561235100091e+01 1.815401312665846589e+01 1.543240421800293660e+01 9.916188680269515388e+00 1.982212602153230030e+00 2.214095195290646245e+00 1.314196743626349040e+01 1.702060270321928215e+01
1.476092351470408381e+01 1.489845058613628481e+01 2.057753052096823154e+01 0.000000000000000000e+00 1.109983635203848173e+01 1.996556820755868245e+01 7.950346102632668277e+00 1.836383926010265455e+01 7.493019906433887378e+00 8.642558136634352906e+00 1.435625257752662876e+01 1.507151822757885462e+01 1.001937072454897937e+01 5.061253439980263558e+00 1.477974842584864845e+01 1.383263805210438591e+01 4.429951133260630947e+00 8.636690235218479117e+00 1.054335867706178931e+01 1.100390249436729562e+01 1.912028657886729022e+01 1.856193135766030977e+01 1.136952488838167774e+01 1.890137554890545246e+01 3.727686860191561369e+00 1.078907245010030103e+01 1.742867494065199452e+01 1.730939705328663436e+01 4.427037039985605382e+00 1.348497596179391955e+01 1.178877648612058948e+01 1.718097665957156295e+01 8.201939927760221849e+00 7.472866004810299501e+00 1.555479540033492292e+01 1.803009324953732317e+01 1.061831263305722040e+01 1.298019839240657447e+01 8.792448201018613574e+00 1.212535645779877669e+01 1.324448739372158812e+01 5.949715891006911228e+00 6.170028794301759767e+00 2.592091510357871886e+00 1.258433912303729940e+01 1.596634088879083890e+01 1.255293076669652308e+01 1.276879181918475048e+01 1.653749885373780870e+01 1.534465432638825177e+01 1.768306012643150993e+01 7.737711384907753676e+00 1.523458962538458827e+01 1.688311524483439641e+01 9.020353061326829902e+00 1.554417115881032530e+01 2.244248712695901204e+00 1.090366168767377175e+01 1.109405697073629149e+01 1.549120243181964973e+01 6.602464116326110855e+00 1.039914414364970696e+01 8.538169987255525228e+00 1.311147855974322063e+01 1.912463346969744649e+01 1.777848853005476570e+01 1.635476035201206102e+01 9.588290126379602540e+00 9.482556239026095568e+00 1.246248151760661038e+01 1.965969399282983332e+01 1.944310849845755840e+01 1.985709663831008243e+01 1.412600829984416606e+01 5.525644129542159888e+00
1.100786627206438872e+01 1.179952208343870801e+01 1.105517093581847732e+01 1.109983635203848173e+01 0.000000000000000000e+00 1.183907659008363744e+01 7.880255779314747855e+00 1.190487920412330780e+01 1.025430631216884692e+01 1.455992208408401289e+01 6.084542306539353795e+00 5.924716100658987905e+00 7.391577544641308783e+00 6.228589801244378776e+00 6.900531930536940806e+00 7.908698357703791260e+00 1.239127103409417963e+01 4.258555671111569296e+00 1.045191497531064151e+01 4.104820838118297566e+00 1.043420759347378990e+01 1.063715992658167409e+01 1.018617819060773577e+01 9.813610872440232669e+00 1.007800145622536903e+01 4.159518234089182087e+00 7.145214619982204418e+00 1.156395292057150215e+01 9.018429806990118536e+00 3.493558823909687749e+00 1.318499816252207602e+01 8.637103338083699455e+00 3.246617947710927155e+00 1.052747555637546739e+01 8.855794714300389003e+00 8.610400098481504116e+00 7.512953940301003719e+00 3.160569387639762695e+00 7.595227034857516379e+00 9.699849940835521878e+00 4.204270693819927907e+00 6.413736591432795286e+00 7.506764600546034671e+00 8.878368204050676837e+00 7.799146278497914864e+00 9.449579922736422333e+00 5.985538737373175877e+00 9.052175267649056778e+00 8.286862784270248028e+00 9.962085876191558498e+00 9.756033564303111305e+00 5.360202081825860887e+00 5.116703546467014974e+00 7.800293393098960415e+00 1.234176907871621687e+01 6.501657023332424679e+00 1.166429242341498806e+01 2.186431388221174110e+00 2.229622242192402126e+00 5.608998717082266161e+00 1.275434159106098875e+01 6.349005456170361050e+00 5.916650761998051067e+00 1.080191843545279795e+01 1.008967827104807746e+01 1.032702121943244045e+01 1.030313104664728385e+01 2.032890012394688473e+00 1.022228353082996044e+01 1.102755364552898776e+01 1.173492256175118698e+01 9.242061828002020363e+00 1.046850343967297547e+01 9.418679848914877084e+00 1.018355813329944226e+01
2.069445626752798262e+01 8.095382125936415818e+00 7.993383525602063777e+00 1.996556820755868245e+01 1.183907659008363744e+01 0.000000000000000000e+00 1.834180831122714039e+01 1.352862924423810753e+01 1.394861299193181381e+01 2.473369263572394772e+01 1.279753678129927508e+01 6.370453776507366328e+00 1.042045873259890776e+01 1.504538740844448341e+01 5.185819781710033105e+00 1.636318311967553285e+01 2.168051604508092112e+01 1.519794005054524177e+01 2.051141930956990223e+01 9.285763311602529768e+00 9.608437677912661457e+00 3.945396471339509326e+00 1.167675754060404181e+01 4.068731618726498134e+00 1.625924492620648465e+01 1.574421695411899513e+01 8.695288557460544965e+00 1.712525315750651700e+01 1.845023512362327267e+01 9.840036646228826456e+00 2.293877317706715502e+01 3.298967626576326584e+00 1.248291717880936602e+01 2.124671625226216776e+01 1.333641531544010128e+01 5.694445532447843128e+00 1.778372787962454993e+01 1.273883752732804275e+01 1.127480239226932746e+01 8.661480601974110627e+00 7.650688345035455917e+00 1.580769396785473901e+01 1.381860063453748566e+01 1.739970188196252110e+01 7.743568579543567587e+00 5.949640323946828957e+00 1.517871777818266921e+01 1.882207964218900997e+01 1.103388264547884390e+01 1.873387325500024048e+01 2.544043031843884251e+00 1.237277636507021761e+01 1.061283809405577827e+01 4.081610316609513234e+00 2.255862925835091204e+01 5.487577443804194210e+00 2.080890769685489516e+01 1.400330167700909989e+01 9.793948809508394859e+00 8.521376192369761071e+00 2.270272750149792529e+01 1.719392859987599920e+01 1.699460321471579505e+01 9.806154170861756114e+00 2.131077590277834499e+00 1.148171647665195216e+01 1.502219767701733844e+01 1.327389475113130146e+01 1.283268921277937480e+01 2.078479920272651071e+01 2.028042746413269093e+00 7.772417705012216516e+00 6.086642968662816955e+00 7.253290380993738573e+00 2.033821185412372756e+01
8.017903944630630164e+00 1.352961910320476235e+01 1.427080181411377602e+01 7.950346102632668277e+00 7.880255779314747855e+00 1.834180831122714039e+01 0.000000000000000000e+00 1.041976524207578159e+01 1.050866362275192500e+01 7.029007695388319377e+00 6.799431138479544501e+00 1.260840791990950827e+01 8.439447729065562953e+00 5.438145250572904210e+00 1.319982543036523381e+01 6.033072544554676675e+00 4.712644368339943490e+00 4.239158134444592108e+00 4.236593558379183833e+00 9.095307626787775490e+00 1.118817153788899965e+01 1.706467673706914212e+01 1.096832356306562595e+01 1.646486201085899381e+01 9.268812665019819264e+00 3.725322702706943989e+00 1.085777571305153977e+01 9.567387721244571708e+00 3.572037604863326887e+00 9.672972006091271169e+00 7.186645505320826466e+00 1.527906721559040726e+01 5.864503891020259374e+00 3.108607502042694648e+00 7.610721382308055283e+00 1.395412268104926490e+01 2.946689175862093890e+00 6.817618752964477835e+00 8.371078559180553214e+00 1.074772012525977338e+01 1.085132141265740202e+01 2.751984267448437382e+00 7.973761322743213142e+00 6.591104813903551296e+00 1.100441612755387766e+01 1.446908626819966770e+01 4.602584664063856579e+00 5.382030083892687777e+00 8.645746017868489730e+00 7.664449120938536808e+00 1.618580550584033162e+01 6.186901870232955680e+00 8.882194084327306172e+00 1.445154453151772067e+01 5.445550169914759486e+00 1.314919380321993181e+01 6.194444596230405331e+00 5.878654585107591757e+00 8.695961137521432960e+00 1.095557557244251967e+01 5.061423595830222943e+00 2.455070125622837107e+00 2.089119271292409152e+00 1.184978861987704590e+01 1.673934305264633338e+01 9.833047799359173169e+00 8.514548864904091019e+00 6.479500607242730581e+00 1.086504982697796251e+01 5.784508212297528651e+00 1.816243937223865856e+01 1.229133396160902691e+01 1.591294196365373459e+01 1.262875367925299308e+01 2.821158108670055231e+00
7.854809459489084489e+00 1.902237741347810029e+01 8.063398047273025782e+00 1.836383926010265455e+01 1.190487920412330780e+01 1.352862924423810753e+01 1.041976524207578159e+01 0.000000000000000000e+00 2.092842886482770126e+01 1.301151448407316202e+01 6.071717559737474623e+00 9.241293143435724389e+00 1.745119130794041240e+01 1.585791049264868313e+01 1.412338726057632421e+01 4.612535399596324304e+00 1.445652760542859561e+01 1.236005603831272381e+01 8.905857280750634430e+00 1.478262513815977641e+01 4.121031923803719188e+00 1.574833733065667474e+01 2.112619044488853604e+01 1.111521816988770617e+01 1.968857790709560973e+01 8.714459498504774970e+00 5.627357310153569436e+00 3.596623913268416128e+00 1.398591351001222094e+01 9.406929884539350084e+00 1.041426720045074994e+01 1.123357193100529017e+01 1.473460496554204369e+01 1.131213291832584567e+01 3.263032791088570139e+00 7.868663159974629728e+00 7.805212403453731795e+00 8.967302879045423225e+00 1.871110061110750422e+01 1.725282387109114879e+01 1.236669857894678870e+01 1.317165546168991064e+01 1.839352656481899118e+01 1.701087005597933199e+01 1.502200160853730182e+01 1.666299142477569006e+01 5.958558990931001276e+00 6.487452278210461110e+00 3.928689074943858994e+00 5.618888318054708009e+00 1.345152012722270918e+01 1.659575124346590158e+01 7.153682184525531618e+00 9.528849012636342763e+00 1.132066373228710532e+01 1.145506083539880215e+01 1.618828154664928221e+01 1.053242800024378134e+01 1.226281063603552468e+01 8.053736975049757163e+00 1.323053102027738781e+01 7.964695116452942258e+00 1.091607371466288079e+01 2.014667830021277339e+01 1.171048398251108758e+01 2.053226611180360539e+00 2.049880126002666003e+00 1.282279393215282326e+01 2.128481506905373521e+01 8.290629522000809715e+00 1.394301933743874322e+01 6.100006972766836455e+00 9.835049373532903871e+00 1.664153517895426759e+01 1.287890338176350014e+01
1.788950596030535323e+01 7.547668030373605674e+00 1.905641975592132908e+01 7.493019906433887378e+00 1.025430631216884692e+01 1.394861299193181381e+01 1.050866362275192500e+01 2.092842886482770126e+01 0.000000000000000000e+00 1.277631488812579086e+01 1.532222023182351478e+01 1.336450575191314627e+01 5.666062070635142334e+00 5.330032930864366136e+00 8.823553022114445810e+00 1.653387947955600623e+01 9.703152691412393338e+00 9.841827180569687528e+00 1.335243100740009048e+01 7.236660769961082984e+00 1.960261549811485793e+01 1.145601958683061916e+01 3.942659741883960400e+00 1.557202220210554167e+01 3.765511491340983952e+00 1.289172042182182842e+01 1.602318817058749900e+01 2.005383171306002765e+01 7.108178720709013909e+00 1.205950964726373975e+01 1.522627195356890084e+01 1.203440780750664985e+01 7.177242486006703892e+00 1.033364893375450322e+01 1.811938500505998917e+01 1.617490353125625191e+01 1.335061575689864455e+01 1.297457746041154181e+01 2.795489145139820053e+00 5.311130740613692502e+00 9.934182338553966929e+00 7.794005593950131150e+00 2.754347932851011205e+00 5.019594326165170983e+00 7.687586662154931361e+00 8.782244722001669501e+00 1.511124828681578158e+01 1.557786414952305343e+01 1.751907109419274988e+01 1.814559401859998999e+01 1.140461924047674991e+01 4.898535716876368795e+00 1.428217111599368749e+01 1.381174233399019613e+01 1.215575607914758116e+01 1.108092706096420876e+01 8.809455693182995262e+00 1.156324950789887218e+01 9.215051850608173112e+00 1.405368611449170047e+01 1.074485813582513671e+01 1.296373374837476256e+01 1.062025663612737425e+01 5.736071814608560970e+00 1.415045935893540374e+01 1.955922952935494408e+01 1.902227461297174926e+01 9.308982571652384408e+00 2.017637167330419867e+00 1.553714665889887137e+01 1.262394777824195202e+01 1.803762172839305933e+01 1.717899146282562484e+01 6.848230444571997921e+00 8.381911354981101070e+00
7.087083437222434945e+00 1.987766652685343161e+01 1.944061050496096854e+01 8.642558136634352906e+00 1.455992208408401289e+01 2.473369263572394772e+01 7.029007695388319377e+00 1.301151448407316202e+01 1.277631488812579086e+01 0.000000000000000000e+00 1.219726926994789906e+01 1.847386204318278402e+01 1.478749515271424286e+01 9.701829887532110064e+00 1.954787285401392083e+01 8.793014568254273300e+00 4.280154186237643543e+00 1.124041573103114011e+01 4.251937151540328585e+00 1.576613368411172900e+01 1.567679065235397395e+01 2.341272416071782558e+01 1.647895730565252848e+01 2.235920685275714348e+01 1.057747171455187285e+01 1.060290909907030432e+01 1.607194769244583199e+01 1.113228151374341302e+01 6.379049946163843465e+00 1.530885188064358005e+01 3.422184520263791718e+00 2.175401171684051604e+01 1.277557977008354584e+01 4.180339838361358140e+00 1.147613747444454901e+01 1.915144674517926759e+01 7.046968143783013616e+00 1.299006282878680807e+01 1.369780976538907602e+01 1.709576754890845507e+01 1.764314249459688710e+01 9.110540034985547209e+00 1.113462874444424244e+01 7.974883171647164204e+00 1.735246355120256112e+01 2.081713369184834406e+01 9.795840688628992154e+00 6.524062205862700026e+00 1.379024831717833166e+01 8.688729777752230987e+00 2.253385292948901508e+01 1.248561943611768221e+01 1.437610153532416213e+01 2.075646829452472986e+01 2.232583987653028679e+00 1.967184918814939110e+01 6.437561203338612259e+00 1.276930936542244233e+01 1.560703701658472120e+01 1.636871538511298141e+01 2.136687129177560429e+00 8.417749214558858384e+00 9.077091888494699390e+00 1.819783604352572937e+01 2.294391090694933411e+01 1.375898462865144900e+01 1.111282248694489283e+01 1.346116196482070038e+01 1.460944838544646807e+01 5.011212510997191671e+00 2.451048679588734203e+01 1.746039633432617677e+01 2.111375845729748946e+01 1.897680110290167121e+01 4.734313959128358285e+00
8.531487679235725707e+00 1.309381839909274703e+01 7.603884047345894182e+00 1.435625257752662876e+01 6.084542306539353795e+00 1.279753678129927508e+01 6.799431138479544501e+00 6.071717559737474623e+00 1.532222023182351478e+01 1.219726926994789906e+01 0.000000000000000000e+00 6.439605291883697014e+00 1.152263229355506446e+01 1.141658414811039712e+01 8.194828246190990484e+00 4.450097819645237429e+00 1.145415792778368491e+01 7.157331354941143253e+00 8.045296017060211469e+00 8.740475274598978217e+00 5.056550213082850576e+00 1.173084975917804762e+01 1.519763143050318810e+01 1.040450548713508461e+01 1.543980825253111533e+01 3.692210574457211791e+00 4.133196119451564954e+00 6.855321831705586177e+00 9.992876721938168671e+00 3.364780020978554997e+00 1.071299244907455517e+01 9.676862950202782088e+00 8.680655210692711066e+00 8.533460082027357174e+00 3.072204638278599464e+00 7.236787899234815136e+00 5.159688931542198098e+00 2.926694191874797291e+00 1.265715085625818226e+01 1.132426485670580973e+01 6.325810438953895165e+00 8.876846419948364542e+00 1.281095961810856565e+01 1.278209475828970199e+01 9.093442594151955660e+00 1.074387623839046668e+01 2.465461607947854628e+00 6.580565048008333306e+00 2.450572608532033847e+00 6.833733763022699748e+00 1.084972339689948306e+01 1.054180148861657607e+01 2.237344634872332705e+00 8.735665936052127378e+00 9.983452604363753480e+00 7.559264026086243149e+00 1.277209198371246046e+01 5.289590846262050228e+00 6.208860881186195613e+00 4.289962590874877080e+00 1.065260053435363119e+01 4.477352223093721939e+00 5.970897851071629070e+00 1.421811928582742190e+01 1.098376454513975453e+01 4.256119061364116440e+00 5.092428643609005157e+00 7.607048158879963218e+00 1.528501908656738628e+01 8.555547932081465135e+00 1.282861239434756229e+01 5.624910669990251577e+00 9.186202222254594929e+00 1.071297616456893032e+01 9.474396208417578791e+00
1.441503419568728894e+01 9.941427846537488122e+00 5.975992111255380657e+00 1.507151822757885462e+01 5.924716100658987905e+00 6.370453776507366328e+00 1.260840791990950827e+01 9.241293143435724389e+00 1.336450575191314627e+01 1.847386204318278402e+01 6.439605291883697014e+00 0.000000000000000000e+00 8.370241740999807334e+00 1.001768096232094329e+01 5.042437693635724472e+00 1.008742981626144974e+01 1.655841919688645802e+01 9.429431349103090554e+00 1.422904753846789738e+01 6.129460237207066342e+00 7.071464428064778041e+00 6.688295893832894023e+00 1.204524087794791853e+01 4.144408416869908685e+00 1.382935813948791726e+01 9.380811757196912737e+00 3.654946061549442238e+00 1.103021943236160674e+01 1.314043385280894505e+01 3.672893856050791328e+00 1.665642354591021146e+01 3.281672228494811883e+00 7.000969973098524868e+00 1.494007242241138833e+01 7.056993243599400500e+00 3.068772228689206294e+00 1.149740316910750160e+01 6.475235142550834766e+00 1.066784384166881594e+01 8.171874304150541946e+00 3.512347839479536660e+00 1.048099207949988987e+01 1.113000127267382133e+01 1.263906422267430862e+01 5.941052041596697642e+00 7.549110789425485635e+00 8.872073948331886228e+00 1.253973001103208595e+01 5.421700205731212918e+00 1.245880973426702631e+01 4.595858254999897419e+00 8.854895202284632560e+00 4.265568012361836914e+00 2.323730551085197327e+00 1.627230454783386193e+01 2.319917069269882504e+00 1.574816205884373410e+01 8.088941187584440584e+00 4.364622073550638248e+00 2.153665811364038341e+00 1.705639989624575747e+01 1.088396456347774510e+01 1.126120282339814871e+01 1.106572873327215767e+01 4.581491543847891812e+00 7.368592711314634336e+00 8.857221844221447427e+00 7.505386049689143135e+00 1.249661659828609395e+01 1.450244957156957604e+01 6.530467982805194360e+00 5.303990629809674395e+00 4.787909449430221898e+00 7.560585612013666967e+00 1.481120086044969320e+01
1.628315740078653917e+01 5.662578048557107557e+00 1.402763826937217040e+01 1.001937072454897937e+01 7.391577544641308783e+00 1.042045873259890776e+01 8.439447729065562953e+00 1.745119130794041240e+01 5.666062070635142334e+00 1.478749515271424286e+01 1.152263229355506446e+01 8.370241740999807334e+00 0.000000000000000000e+00 5.099189925434783000e+00 5.235012952084854732e+00 1.429832600071059368e+01 1.173431856207120028e+01 7.404573023556943134e+00 1.267232735877110805e+01 4.194737339401159559e+00 1.519344631050465111e+01 9.177208178220142898e+00 5.511765236014790403e+00 1.089672501505307345e+01 6.676867573369892561e+00 1.046676658721344566e+01 1.193585643734990853e+01 1.783264117740048249e+01 8.504037640613573146e+00 8.256831623676839982e+00 1.562046335660519070e+01 7.376378099687546097e+00 4.387074438413931965e+00 1.154242535332706332e+01 1.450275046531765000e+01 1.114612204470710033e+01 1.121194263201800467e+01 1.011114476987105348e+01 2.974975927756212890e+00 2.896680178056054267e+00 6.042208528054450412e+00 5.861496484845027055e+00 3.951652279191047779e+00 7.453504398952821575e+00 2.680899312272178481e+00 6.581617709350675582e+00 1.286777519769251654e+01 1.364728354004860300e+01 1.358925566319782519e+01 1.592970257709444937e+01 8.298336946991341279e+00 2.426578882060511866e+00 1.032907891939542289e+01 8.782960847441037444e+00 1.380236611311259232e+01 6.052145574415057183e+00 1.086271021384519031e+01 8.711553579114976742e+00 6.181819909574691074e+00 9.588829732886884116e+00 1.275653001848821333e+01 1.072026065925149751e+01 8.195302801518993263e+00 4.688409037459420503e+00 9.488233458973411416e+00 1.561982670355929059e+01 1.652297447064805525e+01 6.524907811309253347e+00 5.591944111198245082e+00 1.421685230971388059e+01 1.027497081338965756e+01 1.340736817983962581e+01 1.215020997627646437e+01 4.741285120404005404e+00 1.039201437111402271e+01
1.295132307704855457e+01 1.018936129957398151e+01 1.553359539895467556e+01 5.061253439980263558e+00 6.228589801244378776e+00 1.504538740844448341e+01 5.438145250572904210e+00 1.585791049264868313e+01 5.330032930864366136e+00 9.701829887532110064e+00 1.141658414811039712e+01 1.001768096232094329e+01 5.099189925434783000e+00 0.000000000000000000e+00 9.859567626734456525e+00 1.147121779512758089e+01 6.643780002832899712e+00 4.665029435858246920e+00 8.414248124143302476e+00 6.078593965931356813e+00 1.596217849218864693e+01 1.372441893343835062e+01 6.783759977687882525e+00 1.384477747231264289e+01 4.377337469451481056e+00 7.727222999514752999e+00 1.239193670884013976e+01 1.500553297181747503e+01 3.418372375431441679e+00 8.447574909935626764e+00 1.077558621181792908e+01 1.225849002505743002e+01 3.156916877732042437e+00 6.534219259204843588e+00 1.304886663288095683e+01 1.297763646546097327e+01 8.330671903322219407e+00 9.046911762378620381e+00 3.995979877856961959e+00 7.407462321628998758e+00 8.203606458293275949e+00 2.699883684714081689e+00 2.674855771192693243e+00 2.661308266127877076e+00 7.664158323923099481e+00 1.112882846456888686e+01 1.004072991463676168e+01 1.063968126626624944e+01 1.386612158522867411e+01 1.310259437151143835e+01 1.284554770220954723e+01 2.798709491604548294e+00 1.064124582790731210e+01 1.183078448546895345e+01 8.716700847930452412e+00 1.050329022338200247e+01 5.768545846598196469e+00 6.576136553469700274e+00 6.048367827727518353e+00 1.045348109801126135e+01 7.670864753306086747e+00 7.893215376195739985e+00 5.455759213820297049e+00 8.503083419187754899e+00 1.411783575844766503e+01 1.527119304993207471e+01 1.395269411547699256e+01 4.773024775967116717e+00 5.485384277654056007e+00 1.059896377564206915e+01 1.482218156860787062e+01 1.440637026664570186e+01 1.480188082516765213e+01 9.288495875622214015e+00 5.306349105931890797e+00
1.657209786624416026e+01 4.944574651962204470e+00 1.052852263264940902e+01 1.477974842584864845e+01 6.900531930536940806e+00 5.185819781710033105e+00 1.319982543036523381e+01 1.412338726057632421e+01 8.823553022114445810e+00 1.954787285401392083e+01 8.194828246190990484e+00 5.042437693635724472e+00 5.235012952084854732e+00 9.859567626734456525e+00 0.000000000000000000e+00 1.249209883179146097e+01 1.649469626337086936e+01 1.025184810868433516e+01 1.608590620406864602e+01 4.339671369741624041e+00 1.183849959306263777e+01 3.983903118208065308e+00 7.161762960258627686e+00 6.748469179991098521e+00 1.107494555289863847e+01 1.087437801511244650e+01 8.608052389985820341e+00 1.495806361138054719e+01 1.326441534191325111e+01 4.929027576312754455e+00 1.875360263608299149e+01 3.211050675153051870e+00 7.536825236948457629e+00 1.630280305462674306e+01 1.117494641795356003e+01 7.797969795831177997e+00 1.320029911855062821e+01 7.819365932317179357e+00 6.108197574870764868e+00 3.530735172709794423e+00 2.714404480690365329e+00 1.062187418614469969e+01 8.633716879854105741e+00 1.221388210025249954e+01 2.558122799029517225e+00 2.550825779728965514e+00 1.050607179495628429e+01 1.462117523501677319e+01 1.026145161583373877e+01 1.487573477516891529e+01 3.102776755929505637e+00 7.186956583360185391e+00 7.001274872031339136e+00 5.417194835530323438e+00 1.802406279137219514e+01 2.724341527050970324e+00 1.562308791514486650e+01 9.059669349538298277e+00 4.847856867647484691e+00 6.261025685522790596e+00 1.751690771978789840e+01 1.251796241010215205e+01 1.204851127285488666e+01 6.125856036106615221e+00 5.331423372455505572e+00 1.228272778125935361e+01 1.319517042328396528e+01 8.327802809270393070e+00 7.916033935276732159e+00 1.659615811908990324e+01 5.081665753377585304e+00 1.003917960415441435e+01 8.626114911595928803e+00 2.613444803614082712e+00 1.515239207241369179e+01
4.465150270787455966e+00 1.739108898469322995e+01 1.099999417654875522e+01 1.383263805210438591e+01 7.908698357703791260e+00 1.636318311967553285e+01 6.033072544554676675e+00 4.612535399596324304e+00 1.653387947955600623e+01 8.793014568254273300e+00 4.450097819645237429e+00 1.008742981626144974e+01 1.429832600071059368e+01 1.147121779512758089e+01 1.249209883179146097e+01 0.000000000000000000e+00 9.870396034041576172e+00 8.179526691597926558e+00 4.541077416713944714e+00 1.188602384719047578e+01 7.134427001542047897e+00 1.564020555772237842e+01 1.700139610762030529e+01 1.395926177590206585e+01 1.526473423691537512e+01 4.645497132312804922e+00 7.668079422484845864e+00 3.682036401289967120e+00 9.479285439613237330e+00 7.563071255478703847e+00 6.823139398270204659e+00 1.335802146628265774e+01 1.080465229191186438e+01 6.726238544217721937e+00 3.030436572662049244e+00 1.073706816432422961e+01 3.214325419047179277e+00 5.739563151955899833e+00 1.440415110373523255e+01 1.562153544230627844e+01 9.918306223567089575e+00 8.785025686696057434e+00 1.400683386729789426e+01 1.260176012116312627e+01 1.339071317975243325e+01 1.504114682399094249e+01 2.545341011798084807e+00 2.741312653359007534e+00 5.340394515835356515e+00 2.383635943377461430e+00 1.468328807126135693e+01 1.221994328948058062e+01 6.182385569620295840e+00 1.236002264004583573e+01 7.033875179164676972e+00 1.133939648329226380e+01 1.159073319808790892e+01 6.463465634051807740e+00 9.666985314045813737e+00 8.031415647409232861e+00 8.691730657692149364e+00 3.665559448729248437e+00 6.539803040740114426e+00 1.770866689152207840e+01 1.454642894546788945e+01 5.177068670249115101e+00 2.576710236390061137e+00 8.753831565960844330e+00 1.689812237153262942e+01 4.672875557263654223e+00 1.660519163985969726e+01 9.024819169225297699e+00 1.269970184396215096e+01 1.501024675016939902e+01 8.313377946890460279e+00
1.037356614272850308e+01 1.682448993621039790e+01 1.897111687047256723e+01 4.429951133260630947e+00 1.239127103409417963e+01 2.168051604508092112e+01 4.712644368339943490e+00 1.445652760542859561e+01 9.703152691412393338e+00 4.280154186237643543e+00 1.145415792778368491e+01 1.655841919688645802e+01 1.173431856207120028e+01 6.643780002832899712e+00 1.649469626337086936e+01 9.870396034041576172e+00 0.000000000000000000e+00 8.561331727416108706e+00 6.218265263029896239e+00 1.271295709346869174e+01 1.571983366919566727e+01 2.035954757007477411e+01 1.341892725818478915e+01 2.041487328783594535e+01 6.304141804280002148e+00 8.271176954310142548e+00 1.551253628465505052e+01 1.329676140161296871e+01 3.448228288782618556e+00 1.420884051173508666e+01 7.426372535723880119e+00 1.889336031018402906e+01 9.767164063913645222e+00 3.164927295476706259e+00 1.183514510321546886e+01 1.860653972739295625e+01 6.726661516082968362e+00 1.135348725860828978e+01 1.063949585300038692e+01 1.404259095826541603e+01 1.480133268963434290e+01 6.100548195008998142e+00 8.074598696976504897e+00 4.788076610572370662e+00 1.429928696055951853e+01 1.776395710120530680e+01 9.200064829684674095e+00 8.489562405596455363e+00 1.335400322554713171e+01 1.112952936673021753e+01 1.948067633884596717e+01 9.432442845474641402e+00 1.341870440104050388e+01 1.840155580849466332e+01 4.620320237808059893e+00 1.709920508019686736e+01 2.203594625160063103e+00 1.034796554393676438e+01 1.264597241449838982e+01 1.549832658627656201e+01 2.216555977213072737e+00 7.139985598888661578e+00 6.528011360861734502e+00 1.514124817709627635e+01 2.068935432962329557e+01 1.411983269750273529e+01 1.242937760390099555e+01 1.062510587350075753e+01 1.154941833797873763e+01 8.069005928201880451e+00 2.145731020524429766e+01 1.699188902628308995e+01 2.055237647770171705e+01 1.592362451225862863e+01 2.208770298617800609e+00
1.023617636110512485e+01 1.249474439769615408e+01 1.359696430424878244e+01 8.636690235218479117e+00 4.258555671111569296e+00 1.519794005054524177e+01 4.239158134444592108e+00 1.236005603831272381e+01 9.841827180569687528e+00 1.124041573103114011e+01 7.157331354941143253e+00 9.429431349103090554e+00 7.404573023556943134e+00 4.665029435858246920e+00 1.025184810868433516e+01 8.179526691597926558e+00 8.561331727416108706e+00 0.000000000000000000e+00 8.231154771323209829e+00 5.946820706816641433e+00 1.198725598439978590e+01 1.399602338704327842e+01 1.017025438201174659e+01 1.329616475300992207e+01 8.763332274604849204e+00 3.658177472959884380e+00 9.533302406239343441e+00 1.171384186828782603e+01 5.116024956535571988e+00 7.245535574308124005e+00 1.124221846416397064e+01 1.211594286012213928e+01 3.219143456899297373e+00 7.168811903280642994e+00 9.540068047519978833e+00 1.200089735714716355e+01 5.630861621760042901e+00 4.646157332590041378e+00 7.574597286465162504e+00 9.712845419751159781e+00 7.682624154808340933e+00 2.783324101051056765e+00 7.252152672376447562e+00 6.551602935777589565e+00 9.969541422045267609e+00 1.280089610088381846e+01 6.467659618510869457e+00 7.968808123846637059e+00 9.474563946397989156e+00 9.810903267981789355e+00 1.311489702476471386e+01 5.358235651104286568e+00 7.087497751068299934e+00 1.128284727366865070e+01 9.523104486890488829e+00 9.980496545370865391e+00 7.831624423308556793e+00 2.278062525232507962e+00 5.532399929418768458e+00 8.798087084891102805e+00 9.268421930043549750e+00 4.585224595414595150e+00 2.170431716325526672e+00 1.081491391436843763e+01 1.357064579479726518e+01 1.141345041630525969e+01 1.066048021856619599e+01 2.255266161591561680e+00 1.011243766967623436e+01 9.700251995578090813e+00 1.509378602221279309e+01 1.169911426798481280e+01 1.394473024478033452e+01 1.159387897374437948e+01 6.524689371726923426e+00
4.561130834859476124e+00 1.776249873291031278e+01 1.519240104037646155e+01 1.054335867706178931e+01 1.045191497531064151e+01 2.051141930956990223e+01 4.236593558379183833e+00 8.905857280750634430e+00 1.335243100740009048e+01 4.251937151540328585e+00 8.045296017060211469e+00 1.422904753846789738e+01 1.267232735877110805e+01 8.414248124143302476e+00 1.608590620406864602e+01 4.541077416713944714e+00 6.218265263029896239e+00 8.231154771323209829e+00 0.000000000000000000e+00 1.331425866516888945e+01 1.142485350081363649e+01 1.968824048055074982e+01 1.447382967348620220e+01 1.811099738817262761e+01 1.207712718165721810e+01 6.663814373377588751e+00 1.182373822786132855e+01 7.566442438131040227e+00 6.255066211835426770e+00 1.115687862775588712e+01 3.299518854724563077e+00 1.750625765617703422e+01 1.008345492940136801e+01 3.125633490446382723e+00 7.224200322904220428e+00 1.490323728059476061e+01 3.048032064142119690e+00 8.847123627958897174e+00 1.168430258813706324e+01 1.498059975496532203e+01 1.349328400514229109e+01 6.810830873926080109e+00 1.083800474277112968e+01 9.417519727231612237e+00 1.523729575725942631e+01 1.863495419626813288e+01 5.652901487801086589e+00 2.418405002540172433e+00 9.539952072257792182e+00 5.124281461430737039e+00 1.880679978151222542e+01 1.024574847671059707e+01 1.014874498710569917e+01 1.650825882994021754e+01 2.501459397025614706e+00 1.543513932509550379e+01 8.305123644025760754e+00 8.700463126914435463e+00 1.248804974992990324e+01 1.213136869080636160e+01 4.332463273771363532e+00 5.164639363569328623e+00 6.189172715620347986e+00 1.608266824958259278e+01 1.869570144236482889e+01 9.507047477111122191e+00 6.956433920474272448e+00 1.037344176163691500e+01 1.378932726140093123e+01 2.206399000568770141e+00 2.075342782975406664e+01 1.321218686974168044e+01 1.686554899271299490e+01 1.686163330895853818e+01 5.079056575735805268e+00
1.451485859937418788e+01 9.238661522643388579e+00 1.207461872963824767e+01 1.100390249436729562e+01 4.104820838118297566e+00 9.285763311602529768e+00 9.095307626787775490e+00 1.478262513815977641e+01 7.236660769961082984e+00 1.576613368411172900e+01 8.740475274598978217e+00 6.129460237207066342e+00 4.194737339401159559e+00 6.078593965931356813e+00 4.339671369741624041e+00 1.188602384719047578e+01 1.271295709346869174e+01 5.946820706816641433e+00 1.331425866516888945e+01 0.000000000000000000e+00 1.299987254817125759e+01 8.083846648100566412e+00 7.145877935571490980e+00 9.528642572750728235e+00 7.938870115519722326e+00 7.263619353144769697e+00 9.346294381315802369e+00 1.551417624555491237e+01 9.482676172011064608e+00 5.375695253620420999e+00 1.627097841834574155e+01 6.223022215965788639e+00 3.236416494369986463e+00 1.219649284196846573e+01 1.181108653540367115e+01 9.191514870461555020e+00 1.082982821429966158e+01 6.688451556307889234e+00 4.564521258940366089e+00 6.503009735595376206e+00 2.712869511697022062e+00 6.767142707166783566e+00 5.193447531684737051e+00 8.437538754320668133e+00 5.238285717702597211e+00 6.888719361941106456e+00 9.882673696465708701e+00 1.255725584687795759e+01 1.092552624567967712e+01 1.386803068186766019e+01 7.202720285822006296e+00 3.332225104382269709e+00 7.686000032883272937e+00 7.358549753150975370e+00 1.453343550984053500e+01 4.558470527504038472e+00 1.184175397193797252e+01 5.435642852141113757e+00 2.599597820934620440e+00 7.186197011261888257e+00 1.373516854988570302e+01 9.113021197684995300e+00 7.748102530276416822e+00 7.605078230212646950e+00 8.120730975330154422e+00 1.296568468084188019e+01 1.383131054073408173e+01 4.022775407402698455e+00 7.199052320911746961e+00 1.453454597283877980e+01 9.181609283270081079e+00 1.131200413809966854e+01 1.065138750658007893e+01 6.857819288119562984e+00 1.129810056732796220e+01
1.154014322826706085e+01 1.676463241604233545e+01 4.029891174516275321e+00 1.912028657886729022e+01 1.043420759347378990e+01 9.608437677912661457e+00 1.118817153788899965e+01 4.121031923803719188e+00 1.960261549811485793e+01 1.567679065235397395e+01 5.056550213082850576e+00 7.071464428064778041e+00 1.519344631050465111e+01 1.596217849218864693e+01 1.183849959306263777e+01 7.134427001542047897e+00 1.571983366919566727e+01 1.198725598439978590e+01 1.142485350081363649e+01 1.299987254817125759e+01 0.000000000000000000e+00 1.330956570530313421e+01 1.886844544745276409e+01 7.184747238292066740e+00 1.979009138280104452e+01 8.747010522198820581e+00 3.685150515032427965e+00 7.717655837072133096e+00 1.474161732695813321e+01 7.626264447077085507e+00 1.380389142914085632e+01 8.869005983638009738e+00 1.296170321641164946e+01 1.258103485232268426e+01 4.201548025290630761e+00 4.058130405327691648e+00 8.993172153112695355e+00 7.489199226163929524e+00 1.693754612254952718e+01 1.499507887365538394e+01 1.056832031641369340e+01 1.389435337679345928e+01 1.709200762382750227e+01 1.774156302615696745e+01 1.276425661110153520e+01 1.428760578521596791e+01 6.663738931185765324e+00 9.690186520920020641e+00 2.630815780458450881e+00 9.438511631298139193e+00 1.100828448347277622e+01 1.482284949433551091e+01 5.327135223540771847e+00 6.435777253185811730e+00 1.359069399732423022e+01 9.147181533984536372e+00 1.738261613411939521e+01 1.009755065402547380e+01 1.048925614747754231e+01 5.979311884499190377e+00 1.463495493349027754e+01 8.768484927610597168e+00 1.102569779881323697e+01 1.788893330277700144e+01 7.789404500570376477e+00 2.067805312623357761e+00 5.621162883116472386e+00 1.213487942180532286e+01 1.931982116779094127e+01 1.164991745480022445e+01 1.149884807961889877e+01 2.081374987185999004e+00 5.882598169286264778e+00 1.438379018151850453e+01 1.399073467655713365e+01
