0.000000000000000000e+00 1.881950898566778330e+00 1.243726591951271665e+00 1.557185380657214235e+00 9.839849367451455331e-01 1.202715393903871055e+00 9.002577325298746214e-01 1.189943310995653203e+00 1.587105689961218813e+00 7.737661631018006858e-01 6.981625917799038072e-01 1.096694406134586686e+00 5.664883424974236359e-01 1.485463346581766375e+00 9.157329696747447123e-01 5.954626205196945632e-01 4.694696255513511329e-01 1.362726116043723179e+00 7.152916084619216353e-01 7.596732655305589166e-01 1.186257788301689153e+00 9.116976802292455773e-01 1.387630636827285935e+00 9.125836861765278529e-01 6.976153760319365738e-01
1.881950898566778330e+00 0.000000000000000000e+00 1.418249677791912244e+00 1.024413609305224515e+00 1.664290109522691630e+00 1.455283896885727790e+00 1.609054779871432084e+00 8.484302018575533566e-01 9.407591391610592435e-01 2.074508113139309717e+00 1.845580195544678670e+00 9.335895210952694923e-01 1.483625218098921783e+00 5.306494125982947896e-01 1.163634694683349791e+00 1.439729655694938826e+00 1.769223703483435273e+00 5.583821858041774222e-01 1.206688579940023098e+00 1.451475965049930261e+00 8.779147511716846042e-01 1.201123267643231074e+00 6.543177081897659786e-01 1.161668671351850479e+00 1.514876146987888861e+00
1.243726591951271665e+00 1.418249677791912244e+00 0.000000000000000000e+00 1.107970327193502857e+00 1.068112299519830222e+00 9.078030428550416531e-01 1.033385603738686820e+00 9.952439286189729284e-01 1.084889918283182819e+00 1.453072472505764878e+00 1.224144554911134053e+00 5.655517558401258471e-01 8.545234141962095853e-01 1.021881272925025064e+00 7.177482639152287236e-01 1.017408707398121948e+00 1.147788062849890434e+00 1.005749964555596732e+00 6.292726491921643017e-01 8.300403244163847560e-01 7.708340595344845836e-01 3.336784107433186097e-01 8.621370060207966812e-01 9.113597848695932369e-01 8.566087636999593080e-01
1.557185380657214235e+00 1.024413609305224515e+00 1.107970327193502857e+00 0.000000000000000000e+00 1.359008721457131585e+00 1.105665776840197623e+00 1.377378894957120181e+00 9.227805454189975665e-01 8.081950466088674290e-01 1.744906891300018525e+00 1.515978973705387922e+00 6.545817641708780998e-01 1.157348427512731259e+00 5.399838460142205587e-01 8.486363617158337869e-01 1.300019864704796024e+00 1.439622481644146301e+00 8.342448428039911379e-01 1.018451131955386169e+00 1.121874743210640180e+00 4.686307280850159906e-01 8.901995235132019735e-01 5.745717249467985344e-01 1.036979115713120070e+00 1.191330405445992113e+00
9.839849367451455331e-01 1.664290109522691630e+00 1.068112299519830222e+00 1.359008721457131585e+00 0.000000000000000000e+00 9.625309022019847838e-01 8.983019892650871974e-01 8.533290606004436674e-01 1.403334324643131348e+00 1.121790256979793954e+00 8.922403978659406709e-01 9.185704749023171356e-01 6.199258312974601504e-01 1.229625746399948705e+00 6.071667063830142874e-01 4.805540611507962412e-01 8.024966697458816300e-01 1.223052783342579719e+00 6.465166999540803427e-01 3.886515950752951198e-01 9.659923357665984867e-01 7.543966862553931341e-01 1.209506705595016163e+00 5.416408012794038385e-01 7.600678626221992751e-01
1.202715393903871055e+00 1.455283896885727790e+00 9.078030428550416531e-01 1.105665776840197623e+00 9.625309022019847838e-01 0.000000000000000000e+00 1.029108085456998500e+00 9.376432712763073107e-01 1.183813398384746973e+00 1.352977998246143398e+00 1.124050080651511907e+00 7.312427746909668791e-01 7.988426928051871601e-01 1.033761608194615933e+00 4.924176614616536107e-01 9.151729012828631049e-01 1.047693588590270730e+00 1.171440983406437431e+00 6.736846556017781484e-01 7.299458501567634983e-01 6.792460349298378164e-01 6.142900991686980339e-01 9.855180113329847780e-01 7.810639823713942942e-01 8.428596850874047197e-01
9.002577325298746214e-01 1.609054779871432084e+00 1.033385603738686820e+00 1.377378894957120181e+00 8.983019892650871974e-01 1.029108085456998500e+00 0.000000000000000000e+00 8.526664191607827847e-01 1.391231148538628171e+00 1.128430737211944868e+00 9.897999991289583299e-01 8.472385271222727665e-01 6.110896148827154040e-01 1.304343231473056530e+00 7.627171957107395928e-01 4.880700940980744473e-01 8.228579403149516303e-01 1.050908159185947488e+00 4.491974091710125294e-01 7.068873316918211636e-01 1.010897748610826374e+00 7.035167265562169980e-01 1.184960084405222158e+00 5.807849337771974207e-01 3.142940621528540479e-01
1.189943310995653203e+00 8.484302018575533566e-01 9.952439286189729284e-01 9.227805454189975665e-01 8.533290606004436674e-01 9.376432712763073107e-01 8.526664191607827847e-01 0.000000000000000000e+00 1.066469874520347361e+00 1.393431998567735919e+00 1.164504080973104649e+00 5.735126102418931504e-01 8.665983897330516994e-01 5.455698649821100199e-01 4.759461106001732222e-01 6.012049839710600363e-01 1.028299982070552510e+00 4.550772003097584006e-01 5.562430686486510290e-01 7.645085025729524419e-01 4.789050799614495979e-01 7.649547638182910836e-01 7.471450104651093937e-01 3.158913112031331294e-01 8.077638310577578418e-01
1.587105689961218813e+00 9.407591391610592435e-01 1.084889918283182819e+00 8.081950466088674290e-01 1.403334324643131348e+00 1.183813398384746973e+00 1.391231148538628171e+00 1.066469874520347361e+00 0.000000000000000000e+00 1.788668156870982573e+00 1.559740239276351303e+00 5.714494079902379120e-01 1.195540533041664188e+00 5.934438806921180642e-01 9.651592079374843314e-01 1.361596241244761751e+00 1.483383747215109683e+00 6.424254310188045602e-01 9.767232876126236141e-01 1.165636008781602451e+00 6.316953442194022106e-01 8.740714927397920109e-01 3.248345668097849526e-01 1.203488037305815661e+00 1.206081837693557368e+00
7.737661631018006858e-01 2.074508113139309717e+00 1.453072472505764878e+00 1.744906891300018525e+00 1.121790256979793954e+00 1.352977998246143398e+00 1.128430737211944868e+00 1.393431998567735919e+00 1.788668156870982573e+00 0.000000000000000000e+00 7.744096941105409471e-01 1.303530647888251570e+00 7.567006431731451155e-01 1.677682683896188465e+00 1.053538289909392800e+00 8.040813533471510288e-01 4.326313566461584270e-01 1.590899120725793203e+00 9.434646131439916594e-01 8.974785857652072263e-01 1.358769408040392035e+00 1.139356859241327902e+00 1.594466878580950597e+00 1.079183454854017787e+00 9.257883807140065979e-01
6.981625917799038072e-01 1.845580195544678670e+00 1.224144554911134053e+00 1.515978973705387922e+00 8.922403978659406709e-01 1.124050080651511907e+00 9.897999991289583299e-01 1.164504080973104649e+00 1.559740239276351303e+00 7.744096941105409471e-01 0.000000000000000000e+00 1.074602730293620523e+00 5.524053062018523530e-01 1.448754766301557195e+00 8.246103723147618636e-01 6.107434112339159560e-01 4.697502000780257037e-01 1.452268382642806888e+00 8.017100759233379836e-01 6.685506681705760679e-01 1.129841490445761210e+00 9.104289416466965212e-01 1.365538960986319772e+00 8.502555372593866290e-01 7.871576426310202823e-01
1.096694406134586686e+00 9.335895210952694923e-01 5.655517558401258471e-01 6.545817641708780998e-01 9.185704749023171356e-01 7.312427746909668791e-01 8.472385271222727665e-01 5.735126102418931504e-01 5.714494079902379120e-01 1.303530647888251570e+00 1.074602730293620523e+00 0.000000000000000000e+00 7.051467478604207528e-01 5.449837236498054072e-01 5.487459001038026418e-01 7.954847216221825335e-01 9.982462382323799011e-01 4.482623795105727948e-01 4.052846645491417488e-01 6.804984997988723361e-01 3.533430441531043020e-01 3.759134604693798454e-01 3.406330413311255412e-01 6.689309174532760416e-01 7.149817406907696959e-01
5.664883424974236359e-01 1.483625218098921783e+00 8.545234141962095853e-01 1.157348427512731259e+00 6.199258312974601504e-01 7.988426928051871601e-01 6.110896148827154040e-01 8.665983897330516994e-01 1.195540533041664188e+00 7.567006431731451155e-01 5.524053062018523530e-01 7.051467478604207528e-01 0.000000000000000000e+00 1.087137666113910273e+00 5.237109642674112608e-01 4.692827428232534959e-01 4.684231220423966668e-01 1.058840798903942115e+00 4.114062913221404605e-01 3.800070633850641255e-01 7.823850872030045922e-01 5.408078009317728307e-01 9.960829785531200020e-01 5.523498460193333459e-01 4.110263914120824702e-01
1.485463346581766375e+00 5.306494125982947896e-01 1.021881272925025064e+00 5.399838460142205587e-01 1.229625746399948705e+00 1.033761608194615933e+00 1.304343231473056530e+00 5.455698649821100199e-01 5.934438806921180642e-01 1.677682683896188465e+00 1.448754766301557195e+00 5.449837236498054072e-01 1.087137666113910273e+00 0.000000000000000000e+00 6.700246754883947276e-01 1.075525523168529896e+00 1.372398274240315352e+00 4.289319150179479179e-01 9.385662380286909912e-01 1.054650535806808787e+00 3.642510632021351280e-01 8.047548627763454476e-01 3.252086512111577732e-01 7.997957744664574431e-01 1.118507742121002124e+00
9.157329696747447123e-01 1.163634694683349791e+00 7.177482639152287236e-01 8.486363617158337869e-01 6.071667063830142874e-01 4.924176614616536107e-01 7.627171957107395928e-01 4.759461106001732222e-01 9.651592079374843314e-01 1.053538289909392800e+00 8.246103723147618636e-01 5.487459001038026418e-01 5.237109642674112608e-01 6.700246754883947276e-01 0.000000000000000000e+00 4.989203529129638270e-01 7.482538802535205757e-01 9.103723555183732552e-01 4.187939794447118058e-01 4.261467888007307026e-01 3.800056336308179628e-01 4.091475206293107569e-01 7.604508293903132765e-01 3.167619341859586046e-01 5.763109538840341939e-01
5.954626205196945632e-01 1.439729655694938826e+00 1.017408707398121948e+00 1.300019864704796024e+00 4.805540611507962412e-01 9.151729012828631049e-01 4.880700940980744473e-01 6.012049839710600363e-01 1.361596241244761751e+00 8.040813533471510288e-01 6.107434112339159560e-01 7.954847216221825335e-01 4.692827428232534959e-01 1.075525523168529896e+00 4.989203529129638270e-01 0.000000000000000000e+00 4.343992382716027612e-01 9.276874991682025895e-01 4.046403640218764752e-01 4.962944581811423728e-01 8.323722521539778096e-01 6.998579933264177377e-01 1.119987761808221682e+00 3.171210656568331232e-01 4.972862320883648657e-01
4.694696255513511329e-01 1.769223703483435273e+00 1.147788062849890434e+00 1.439622481644146301e+00 8.024966697458816300e-01 1.047693588590270730e+00 8.228579403149516303e-01 1.028299982070552510e+00 1.483383747215109683e+00 4.326313566461584270e-01 4.697502000780257037e-01 9.982462382323799011e-01 4.684231220423966668e-01 1.372398274240315352e+00 7.482538802535205757e-01 4.343992382716027612e-01 0.000000000000000000e+00 1.287273364537015796e+00 6.398388569552136973e-01 5.921941761093345580e-01 1.053484998384519145e+00 8.340724495854556775e-01 1.289182468925077929e+00 7.386268504308292071e-01 6.221626245252287468e-01
1.362726116043723179e+00 5.583821858041774222e-01 1.005749964555596732e+00 8.342448428039911379e-01 1.223052783342579719e+00 1.171440983406437431e+00 1.050908159185947488e+00 4.550772003097584006e-01 6.424254310188045602e-01 1.590899120725793203e+00 1.452268382642806888e+00 4.482623795105727948e-01 1.058840798903942115e+00 4.289319150179479179e-01 9.103723555183732552e-01 9.276874991682025895e-01 1.287273364537015796e+00 0.000000000000000000e+00 6.511758313318199987e-01 1.058781676760409241e+00 6.524873013832764856e-01 7.876962071348666550e-01 3.190611519142939612e-01 7.198384791284092588e-01 9.646541798811304469e-01
7.152916084619216353e-01 1.206688579940023098e+00 6.292726491921643017e-01 1.018451131955386169e+00 6.465166999540803427e-01 6.736846556017781484e-01 4.491974091710125294e-01 5.562430686486510290e-01 9.767232876126236141e-01 9.434646131439916594e-01 8.017100759233379836e-01 4.052846645491417488e-01 4.114062913221404605e-01 9.385662380286909912e-01 4.187939794447118058e-01 4.046403640218764752e-01 6.398388569552136973e-01 6.511758313318199987e-01 0.000000000000000000e+00 4.076058454285894639e-01 6.543553780742021875e-01 3.293413903332014225e-01 7.430062218320911960e-01 3.311373274275432599e-01 3.172196722993285700e-01
7.596732655305589166e-01 1.451475965049930261e+00 8.300403244163847560e-01 1.121874743210640180e+00 3.886515950752951198e-01 7.299458501567634983e-01 7.068873316918211636e-01 7.645085025729524419e-01 1.165636008781602451e+00 8.974785857652072263e-01 6.685506681705760679e-01 6.804984997988723361e-01 3.800070633850641255e-01 1.054650535806808787e+00 4.261467888007307026e-01 4.962944581811423728e-01 5.921941761093345580e-01 1.058781676760409241e+00 4.076058454285894639e-01 0.000000000000000000e+00 7.357372599510122457e-01 5.163247111519481125e-01 9.714347304915715853e-01 4.502599588592340329e-01 5.188411428497566869e-01
1.186257788301689153e+00 8.779147511716846042e-01 7.708340595344845836e-01 4.686307280850159906e-01 9.659923357665984867e-01 6.792460349298378164e-01 1.010897748610826374e+00 4.789050799614495979e-01 6.316953442194022106e-01 1.358769408040392035e+00 1.129841490445761210e+00 3.533430441531043020e-01 7.823850872030045922e-01 3.642510632021351280e-01 3.800056336308179628e-01 8.323722521539778096e-01 1.053484998384519145e+00 6.524873013832764856e-01 6.543553780742021875e-01 7.357372599510122457e-01 0.000000000000000000e+00 5.402573317553379662e-01 4.160040052434659241e-01 5.717926930864127844e-01 8.246896929926600395e-01
9.116976802292455773e-01 1.201123267643231074e+00 3.336784107433186097e-01 8.901995235132019735e-01 7.543966862553931341e-01 6.142900991686980339e-01 7.035167265562169980e-01 7.649547638182910836e-01 8.740714927397920109e-01 1.139356859241327902e+00 9.104289416466965212e-01 3.759134604693798454e-01 5.408078009317728307e-01 8.047548627763454476e-01 4.091475206293107569e-01 6.998579933264177377e-01 8.340724495854556775e-01 7.876962071348666550e-01 3.293413903332014225e-01 5.163247111519481125e-01 5.402573317553379662e-01 0.000000000000000000e+00 6.684557213344053395e-01 5.976441716051564823e-01 5.238277820082473113e-01
1.387630636827285935e+00 6.543177081897659786e-01 8.621370060207966812e-01 5.745717249467985344e-01 1.209506705595016163e+00 9.855180113329847780e-01 1.184960084405222158e+00 7.471450104651093937e-01 3.248345668097849526e-01 1.594466878580950597e+00 1.365538960986319772e+00 3.406330413311255412e-01 9.960829785531200020e-01 3.252086512111577732e-01 7.604508293903132765e-01 1.119987761808221682e+00 1.289182468925077929e+00 3.190611519142939612e-01 7.430062218320911960e-01 9.714347304915715853e-01 4.160040052434659241e-01 6.684557213344053395e-01 0.000000000000000000e+00 9.421039679090660313e-01 1.005917971383468945e+00
9.125836861765278529e-01 1.161668671351850479e+00 9.113597848695932369e-01 1.036979115713120070e+00 5.416408012794038385e-01 7.810639823713942942e-01 5.807849337771974207e-01 3.158913112031331294e-01 1.203488037305815661e+00 1.079183454854017787e+00 8.502555372593866290e-01 6.689309174532760416e-01 5.523498460193333459e-01 7.997957744664574431e-01 3.167619341859586046e-01 3.171210656568331232e-01 7.386268504308292071e-01 7.198384791284092588e-01 3.311373274275432599e-01 4.502599588592340329e-01 5.717926930864127844e-01 5.976441716051564823e-01 9.421039679090660313e-01 0.000000000000000000e+00 5.426523247807270023e-01
6.976153760319365738e-01 1.514876146987888861e+00 8.566087636999593080e-01 1.191330405445992113e+00 7.600678626221992751e-01 8.428596850874047197e-01 3.142940621528540479e-01 8.077638310577578418e-01 1.206081837693557368e+00 9.257883807140065979e-01 7.871576426310202823e-01 7.149817406907696959e-01 4.110263914120824702e-01 1.118507742121002124e+00 5.763109538840341939e-01 4.972862320883648657e-01 6.221626245252287468e-01 9.646541798811304469e-01 3.172196722993285700e-01 5.188411428497566869e-01 8.246896929926600395e-01 5.238277820082473113e-01 1.005917971383468945e+00 5.426523247807270023e-01 0.000000000000000000e+00
