0.000000000000000000e+00 1.524100647072895054e+00 1.356770583893430082e+00 1.183630883528275390e+00 8.691475362679328409e-01 8.595752366607462003e-01 6.447709749573707905e-01 5.686635006152895855e-01 1.077033345821250210e+00 4.532634246848926685e-01 9.663125248423759528e-01 8.587218807233578666e-01 3.496483220193661312e-01 5.562728642742025276e-01 8.218960084838520253e-01 5.378434242871307225e-01 2.777331667635845602e-01 9.961733421562224411e-01 6.101918211316187390e-01 1.296319286063639220e+00 2.364155346558507453e-01 6.481600924600798841e-01 1.165924985125160518e+00 8.652719467531734265e-01 7.783862274484287802e-01 4.242768777705331340e-01 2.012274372306276649e-01 4.445939851850688185e-01 6.985255259408632567e-01 6.858820402876151245e-01 1.038096334298273415e+00 7.175537904186679583e-01 4.136236197497749623e-01 7.308983804824110697e-01 7.028428431623785499e-01 5.257685646686365288e-01 2.230896644550323382e-01 4.148714888034583659e-01 1.556949905553508262e-01 8.674105714515936150e-01 1.530848771908067119e-01 1.036828727719662169e+00 3.859561505304753837e-01 5.473273360776048646e-01 5.271566617104095354e-01 9.565125700848767787e-01 8.847464254268134765e-01 7.244846775059675670e-01 4.550256554491750038e-01 5.506646981546737818e-01
1.524100647072895054e+00 0.000000000000000000e+00 1.316392350829270086e+00 8.915053360363424106e-01 1.523469590473738755e+00 1.723491903636042322e+00 9.066365275669365786e-01 1.091635572195577497e+00 4.582538923398000175e-01 1.290834378448587838e+00 9.387294555008622865e-01 8.501905321703407958e-01 1.231471014906055483e+00 1.230014265660481998e+00 7.853810427514943404e-01 1.018509417785208537e+00 1.587857401134392443e+00 7.682968408811857719e-01 1.041240016695225368e+00 2.390466692592071729e-01 1.287748151916043193e+00 1.511587056362055481e+00 1.121872036523244409e+00 6.861145711176076523e-01 9.277114261770308401e-01 1.195746150532752683e+00 1.454206542248170253e+00 1.104974688354108059e+00 9.282778139817317031e-01 1.018685159199529400e+00 6.091421129688491254e-01 1.374437181257534224e+00 1.278523685734697546e+00 8.707401917407614489e-01 8.292428834344895971e-01 1.080933706001554917e+00 1.606369973866219159e+00 1.272746292144641744e+00 1.573983124503999464e+00 7.829123722133877195e-01 1.410082783697800490e+00 7.582984676053937667e-01 1.150830771644361539e+00 1.072116813005669744e+00 1.036768667362781837e+00 6.522414930895009677e-01 9.217087395371935665e-01 9.820782811457392514e-01 1.180984373141810817e+00 1.150756330705328123e+00
1.356770583893430082e+00 1.316392350829270086e+00 0.000000000000000000e+00 8.886199821171206770e-01 1.482895593867109341e+00 1.557900174838836360e+00 9.721101453875650167e-01 8.075749699761356482e-01 8.836697755432706414e-01 1.137459271727690346e+00 4.106474511803423488e-01 8.212972053458095223e-01 1.169582501329070157e+00 1.194488206970737654e+00 7.205261660003617896e-01 8.842836005435850133e-01 1.455566707830646234e+00 6.483158855225842343e-01 1.044356831392404539e+00 1.084843750776120830e+00 1.159720289643150659e+00 1.348849160636647504e+00 2.199297450527350206e-01 7.970370156626360725e-01 6.265523819612203171e-01 9.597137402852786714e-01 1.266664337043553301e+00 1.105013969044198907e+00 7.022953247836276613e-01 8.336402033232216402e-01 7.706024791809781282e-01 1.337090724190363122e+00 9.947453282072391545e-01 9.830596867247773929e-01 8.198877859915347788e-01 1.038751029967574402e+00 1.417168770082734452e+00 1.092333415659772378e+00 1.451143062489853808e+00 5.558339193221842889e-01 1.309033875942894332e+00 7.600559969399421911e-01 1.031019712413075107e+00 8.256301245220495355e-01 1.124372971149492528e+00 6.820770097525556963e-01 5.120747148536474169e-01 9.278478999995780629e-01 1.096770869979640795e+00 9.381576643318939590e-01
1.183630883528275390e+00 8.915053360363424106e-01 8.886199821171206770e-01 0.000000000000000000e+00 1.285013793239791147e+00 1.416216744981892317e+00 6.430258690938160937e-01 6.229188405838341769e-01 4.771470514062158275e-01 9.993437608922181026e-01 5.157090942764542829e-01 3.887664355739469668e-01 8.953864118419785356e-01 9.898543390643453899e-01 4.915114825664610998e-01 7.332176805746457582e-01 1.260105761573152794e+00 2.845084209252061735e-01 6.340243715087678922e-01 6.612705062511330389e-01 9.886650928923201853e-01 1.208387548402644063e+00 6.936823676833573371e-01 4.222703419043806194e-01 4.098608760089519354e-01 7.942013675930790217e-01 1.082536302382987481e+00 8.359258826024462685e-01 5.667482944498540842e-01 5.306069024707859016e-01 2.957355948271296886e-01 1.136210645417428777e+00 7.839636505470152228e-01 5.106464079778957332e-01 5.848890148355126994e-01 8.408692293402567630e-01 1.235214550030320879e+00 9.470057655482293502e-01 1.264383400022069059e+00 3.741374916981751175e-01 1.094329180130634738e+00 1.646279886484721122e-01 8.906358482760841078e-01 6.944356670362514805e-01 7.143881267498972676e-01 3.302629019960903189e-01 4.165631963725031639e-01 5.262858113114124992e-01 7.931258491313726289e-01 6.626780739765846251e-01
8.691475362679328409e-01 1.523469590473738755e+00 1.482895593867109341e+00 1.285013793239791147e+00 0.000000000000000000e+00 1.169388884402970064e+00 6.496131180753601519e-01 9.404605480508573256e-01 1.074873804000704647e+00 7.461155923546336499e-01 1.086521356051148857e+00 9.957706239532253534e-01 6.678451885065962434e-01 3.358206935852651731e-01 8.531205686188477744e-01 6.249116713349304186e-01 9.377564441298947839e-01 1.099485413898726227e+00 8.073067089472607538e-01 1.295688229464482921e+00 6.404158708726241933e-01 9.523714152020941182e-01 1.293433804196960191e+00 8.646791267657576441e-01 1.007762975172432629e+00 7.729964776679421057e-01 8.317373177993155897e-01 5.086964201303968425e-01 8.192981858446353183e-01 1.005464634718548744e+00 1.048247509917952680e+00 1.780442592657778267e-01 8.360456784669481056e-01 8.278236736277186925e-01 7.038398301529911194e-01 4.514237586597443785e-01 9.612579278725139620e-01 7.517245381366094437e-01 9.150691617196667904e-01 9.610232834458192208e-01 7.515299477632877423e-01 1.145214034741752762e+00 5.818088178515871123e-01 7.903755090411080930e-01 6.587066743049466711e-01 9.606152708662629713e-01 1.069389203683727141e+00 9.359533513051756515e-01 7.604167451427490398e-01 9.096801600330634008e-01
8.595752366607462003e-01 1.723491903636042322e+00 1.557900174838836360e+00 1.416216744981892317e+00 1.169388884402970064e+00 0.000000000000000000e+00 9.301049041712220466e-01 8.285583243300415068e-01 1.278620041916231020e+00 4.478305399698774836e-01 1.161525937022876320e+00 1.174970864447720365e+00 7.895036084378707075e-01 8.573336466718309845e-01 1.002619010965865032e+00 7.132448858009051706e-01 9.784032974440549646e-01 1.215239978796452514e+00 9.716339148637375134e-01 1.493685439375552315e+00 6.385109702512817842e-01 2.253413173149413362e-01 1.368438385168686766e+00 1.099085238299115197e+00 1.008005139079886536e+00 6.303656744557483149e-01 7.919800760645293591e-01 7.952357653712563978e-01 8.571350205289026691e-01 9.937463437926555843e-01 1.272489729806298930e+00 1.018574712105465130e+00 7.398428867056908720e-01 1.110217066228507354e+00 9.090503060625479970e-01 7.886366497631794870e-01 9.325046492960539224e-01 4.741013966680170388e-01 9.511830592632384285e-01 1.049979301970848544e+00 7.915564007781571432e-01 1.271698987442021034e+00 6.113555685002858286e-01 7.440856345301659625e-01 9.200695402963435798e-01 1.147911264627481831e+00 1.109704959207476138e+00 1.055430932273784927e+00 8.182050486460721306e-01 8.712569007746026051e-01
6.447709749573707905e-01 9.066365275669365786e-01 9.721101453875650167e-01 6.430258690938160937e-01 6.496131180753601519e-01 9.301049041712220466e-01 0.000000000000000000e+00 5.666574481792984175e-01 4.580407410939016377e-01 4.974473789837676185e-01 5.771747337153140256e-01 3.573718275518865672e-01 3.485542558531433688e-01 3.532555217492327482e-01 3.235347060439395794e-01 2.835919797373139262e-01 6.922381198844788086e-01 4.977644709318776450e-01 2.592648375772928504e-01 6.788551665576801897e-01 4.508935441293966395e-01 7.182000568972350951e-01 7.787190589250884143e-01 2.427000886455841500e-01 5.377729117819848303e-01 4.854388337038950119e-01 5.635606180929649822e-01 2.131171099300112615e-01 3.970831191934673932e-01 4.564142771886096628e-01 4.191680036777234997e-01 5.004260562902594911e-01 4.558985070081073010e-01 1.998584488174563467e-01 1.733806337663898745e-01 2.230432453500772738e-01 7.183095476448854155e-01 5.004070875885188174e-01 6.778714072515040767e-01 4.253629751811226489e-01 5.139710664453043254e-01 5.029968492019352144e-01 3.533546714097833275e-01 4.429471760215341614e-01 1.679902737709112470e-01 3.521025684659439547e-01 5.714570231803240974e-01 3.324818618708668683e-01 3.372011257014992935e-01 4.062015082660054843e-01
5.686635006152895855e-01 1.091635572195577497e+00 8.075749699761356482e-01 6.229188405838341769e-01 9.404605480508573256e-01 8.285583243300415068e-01 5.666574481792984175e-01 0.000000000000000000e+00 6.525500433918881571e-01 4.383783106887477188e-01 4.171169109250814078e-01 3.499154250772809616e-01 3.646473492017165419e-01 6.349013468677630057e-01 4.344375718174553480e-01 3.155488767159269070e-01 6.527938455048091226e-01 4.368675821910775747e-01 3.073926106020055116e-01 8.618291079350878237e-01 3.716132063650104400e-01 6.189937308845457897e-01 6.167293712078667500e-01 5.519723895567375527e-01 2.155896808896640149e-01 2.082473781660454659e-01 4.719211089833857398e-01 5.360427036315312810e-01 2.205162385012652548e-01 1.995644402958537955e-01 5.437055228888333369e-01 7.946556783741118846e-01 1.891815857060015482e-01 4.611624925499087646e-01 4.710906852278843315e-01 5.003920878637472258e-01 6.238195714678447246e-01 3.561726617415320595e-01 6.630359792117129780e-01 3.182149575342994030e-01 5.046157461741582750e-01 4.765176842465287388e-01 4.113861159160143721e-01 1.666871620935364839e-01 4.255637446467439577e-01 4.683337642298439074e-01 3.355508115095191535e-01 3.176493560231690716e-01 3.037038755188669059e-01 1.665042309599460146e-01
1.077033345821250210e+00 4.582538923398000175e-01 8.836697755432706414e-01 4.771470514062158275e-01 1.074873804000704647e+00 1.278620041916231020e+00 4.580407410939016377e-01 6.525500433918881571e-01 0.000000000000000000e+00 8.459625167287767589e-01 5.043536812190626550e-01 4.008041779322793485e-01 7.770831430741123036e-01 7.814184791874467795e-01 3.410981058317498760e-01 5.736375560653970140e-01 1.133469529302449263e+00 3.618659667077165354e-01 5.835401436931433317e-01 2.416231065058503102e-01 8.406808506643979051e-01 1.066715194642244624e+00 6.902786890807942610e-01 2.317266992856647778e-01 4.886258973733415556e-01 7.508742888129411597e-01 9.998186704162275174e-01 6.563789018810728404e-01 4.891922851780420300e-01 5.798278291683086616e-01 1.867240178390244809e-01 9.258413947844994496e-01 8.208238127326155098e-01 4.130403187386793018e-01 3.821755821828442534e-01 6.323379195285199206e-01 1.156867317156978547e+00 8.278744304248302210e-01 1.124405599579108017e+00 3.438268434096980464e-01 9.605052587729083768e-01 3.436426879353363661e-01 7.049314909295858467e-01 6.321430322244497857e-01 5.823807955308384354e-01 2.196029912632639913e-01 4.920133086029571112e-01 5.274032476559232796e-01 7.232845001397292251e-01 7.074983319140544236e-01
4.532634246848926685e-01 1.290834378448587838e+00 1.137459271727690346e+00 9.993437608922181026e-01 7.461155923546336499e-01 4.478305399698774836e-01 4.974473789837676185e-01 4.383783106887477188e-01 8.459625167287767589e-01 0.000000000000000000e+00 7.410850339117308616e-01 7.847908508064267430e-01 3.877749666932539530e-01 4.340603546234942933e-01 5.747490043341537680e-01 2.810107842075932894e-01 5.687719913403047611e-01 7.925354364476170366e-01 5.747295742605890156e-01 1.061027914188098720e+00 2.288796641475320803e-01 2.288037561955174604e-01 9.479974820575415295e-01 6.664277131116613795e-01 6.089559950767904350e-01 2.609275932763565620e-01 3.860822288803732460e-01 3.719624733229197622e-01 4.372682929013129716e-01 6.035663301513611856e-01 8.398322046188452239e-01 5.953014200571282721e-01 3.429385461025428183e-01 6.775595410410536479e-01 4.763927808750936244e-01 3.553790599411565387e-01 5.261928373202003906e-01 1.563759728144475947e-01 5.415517531594883360e-01 6.272747596220129562e-01 3.819250946744071062e-01 8.649788102141954260e-01 1.752089678490297009e-01 3.275171976341283431e-01 4.967962482480067221e-01 7.156503795702543469e-01 6.945178592547933683e-01 6.585265916706372069e-01 4.213007080429238549e-01 4.743525601714544959e-01
9.663125248423759528e-01 9.387294555008622865e-01 4.106474511803423488e-01 5.157090942764542829e-01 1.086521356051148857e+00 1.161525937022876320e+00 5.771747337153140256e-01 4.171169109250814078e-01 5.043536812190626550e-01 7.410850339117308616e-01 0.000000000000000000e+00 4.488171017469607671e-01 7.791244422780165824e-01 7.981139691547780579e-01 3.241519281844018607e-01 4.879093627276250844e-01 1.065108648779592437e+00 2.829623015132711750e-01 6.622243070532647380e-01 7.071808554477133635e-01 7.692622305920968628e-01 9.524749228206879081e-01 2.237181447488686137e-01 4.161550578415268986e-01 2.448469841432316663e-01 5.692556812342247641e-01 8.762062779924998379e-01 7.086397312282393113e-01 3.059210869676676214e-01 4.519348055052327950e-01 3.951536645303110329e-01 9.407164863744035266e-01 6.042872691561849141e-01 5.924162177904893634e-01 4.235135481755748499e-01 6.423767921516148061e-01 1.026710711031680656e+00 6.959591778438130039e-01 1.060685003438798901e+00 1.605268378093646364e-01 9.185758168918399802e-01 3.872263290128194480e-01 6.346454745971153999e-01 4.292558867060894956e-01 7.294375594772419813e-01 3.044141144241477859e-01 1.523823439499234489e-01 5.553677964007293077e-01 7.071826684499137317e-01 5.485694628021662300e-01
8.587218807233578666e-01 8.501905321703407958e-01 8.212972053458095223e-01 3.887664355739469668e-01 9.957706239532253534e-01 1.174970864447720365e+00 3.573718275518865672e-01 3.499154250772809616e-01 4.008041779322793485e-01 7.847908508064267430e-01 4.488171017469607671e-01 0.000000000000000000e+00 5.299399738082597455e-01 6.954829435672551519e-01 4.273475432469896473e-01 5.961125948577425948e-01 8.877418715293666773e-01 2.753036102628584336e-01 2.596319258636149985e-01 6.244084266111363801e-01 6.972682792150906028e-01 9.654062710022248694e-01 6.304516065775404021e-01 2.249134707658275445e-01 2.188852632409835630e-01 5.581409265524613916e-01 7.313251765917365699e-01 5.026890796806587902e-01 4.073500525687808738e-01 1.874707929743878176e-01 2.576494975977989266e-01 8.465835621681246925e-01 4.534829411929055532e-01 1.727888997978060670e-01 3.968428435116826414e-01 5.692007512279424475e-01 8.888671340288966105e-01 7.039002204698047160e-01 8.989369619883506024e-01 3.582609291194820966e-01 7.288827420969155035e-01 2.394670378602861416e-01 6.812368019183677736e-01 4.845473209249661628e-01 3.591344195976018949e-01 3.248874357272750757e-01 3.229125306046131128e-01 1.403480811516888971e-01 4.071881189716488048e-01 3.243074107839393760e-01
3.496483220193661312e-01 1.231471014906055483e+00 1.169582501329070157e+00 8.953864118419785356e-01 6.678451885065962434e-01 7.895036084378707075e-01 3.485542558531433688e-01 3.646473492017165419e-01 7.770831430741123036e-01 3.877749666932539530e-01 7.791244422780165824e-01 5.299399738082597455e-01 0.000000000000000000e+00 3.549705165128655970e-01 6.474616761905049866e-01 4.288504344380957289e-01 3.697323449864422518e-01 7.885416213376821304e-01 2.728545607907419956e-01 1.004460955456522031e+00 2.358824500820660142e-01 5.780884642372045024e-01 9.787369025608017026e-01 5.503830303243152366e-01 5.718424639250735408e-01 3.062735466158284514e-01 2.227355273421151305e-01 1.949367774015395016e-01 5.427646692606493684e-01 4.169924066684667086e-01 7.205359024503715792e-01 5.162514426573308057e-01 1.754657634957149659e-01 3.937305676146630740e-01 4.779112672191751510e-01 3.492214138343711083e-01 3.797841740828664658e-01 3.359658715129722473e-01 3.757984206939800620e-01 6.802224888872342445e-01 2.057442008025450741e-01 7.526325413258048158e-01 3.098330460171920264e-01 4.010816410857317438e-01 1.979098859427364243e-01 6.777083573647857406e-01 6.975583428624541060e-01 4.032366874999629425e-01 1.375630678517716088e-01 2.847409950800696699e-01
5.562728642742025276e-01 1.230014265660481998e+00 1.194488206970737654e+00 9.898543390643453899e-01 3.358206935852651731e-01 8.573336466718309845e-01 3.532555217492327482e-01 6.349013468677630057e-01 7.814184791874467795e-01 4.340603546234942933e-01 7.981139691547780579e-01 6.954829435672551519e-01 3.549705165128655970e-01 0.000000000000000000e+00 5.647131817224768646e-01 3.313348455623617572e-01 6.248817721361646926e-01 8.110780270023553173e-01 4.981834867911136278e-01 1.002232904651225276e+00 3.275411988788937134e-01 6.403161774709547061e-01 1.005026417300588948e+00 5.712238019524999988e-01 7.141861493998639121e-01 4.609412399368025826e-01 5.191540656887995153e-01 1.992885249749973831e-01 5.257213600720667124e-01 6.963414125624020068e-01 7.547921851046954789e-01 1.764626389322972722e-01 5.234624263564323643e-01 5.226940437694488351e-01 4.154324432566200986e-01 1.805443993960414439e-01 6.486746757619984427e-01 4.396693004054700871e-01 6.021944897259365881e-01 6.726158965494482000e-01 4.386552757695571514e-01 8.498253191724649547e-01 2.750747777283463757e-01 4.880192711042585230e-01 3.530934245872994204e-01 6.703936218360707633e-01 7.795101561342934193e-01 6.308237214469059051e-01 4.510088499873498580e-01 6.002722648776643855e-01
8.218960084838520253e-01 7.853810427514943404e-01 7.205261660003617896e-01 4.915114825664610998e-01 8.531205686188477744e-01 1.002619010965865032e+00 3.235347060439395794e-01 4.344375718174553480e-01 3.410981058317498760e-01 5.747490043341537680e-01 3.241519281844018607e-01 4.273475432469896473e-01 6.474616761905049866e-01 5.647131817224768646e-01 0.000000000000000000e+00 2.999620954281193574e-01 9.230968782747039914e-01 2.965463089288059573e-01 5.522710664007990378e-01 5.555745784910044449e-01 5.866363347740550793e-01 7.923040887682597511e-01 5.310643763302126397e-01 2.161061790056521270e-01 2.949754803014703053e-01 4.606827491657364271e-01 7.723318912380283674e-01 4.705679695233043192e-01 2.139213333161901764e-01 5.012884646759891982e-01 3.356356079591801267e-01 7.073156989421022223e-01 5.896181105785066601e-01 3.817712414463350634e-01 1.695504089713297802e-01 4.089760047193137238e-01 9.041653352771756857e-01 5.479604225819023622e-01 8.958766400938877883e-01 1.777515583336072846e-01 7.362499816088061699e-01 3.618898194190195428e-01 4.438584525781923973e-01 3.393075238069599986e-01 4.860884410062181193e-01 1.864715640759187498e-01 3.259924678725671932e-01 5.382356827421087564e-01 6.552992929368062214e-01 5.890107580230939943e-01
5.378434242871307225e-01 1.018509417785208537e+00 8.842836005435850133e-01 7.332176805746457582e-01 6.249116713349304186e-01 7.132448858009051706e-01 2.835919797373139262e-01 3.155488767159269070e-01 5.736375560653970140e-01 2.810107842075932894e-01 4.879093627276250844e-01 5.961125948577425948e-01 4.288504344380957289e-01 3.313348455623617572e-01 2.999620954281193574e-01 0.000000000000000000e+00 6.390442940779826886e-01 5.276712267021919089e-01 5.075882056291457500e-01 7.887029535247186418e-01 3.025837505773342206e-01 5.013400385269184412e-01 6.948218108734359744e-01 4.132600288673785038e-01 3.850410040120181843e-01 2.092371135080112743e-01 4.882793070413069536e-01 2.939727531482705936e-01 1.965762146842208458e-01 5.053351594375166123e-01 5.680578786840591032e-01 4.791068016581849220e-01 3.841592048412620364e-01 4.637041417945999555e-01 2.142845892069370484e-01 1.848432111478202633e-01 6.201127510804544940e-01 2.629724537875090529e-01 6.118240558971664855e-01 3.657684515090042221e-01 4.521973974120851447e-01 6.044670236547068365e-01 1.598058683814713166e-01 1.654638377061776466e-01 3.716777179289094124e-01 4.433254189068747131e-01 4.538257810377012702e-01 6.121383105210582709e-01 5.053652090581932654e-01 4.462839275389086646e-01
2.777331667635845602e-01 1.587857401134392443e+00 1.455566707830646234e+00 1.260105761573152794e+00 9.377564441298947839e-01 9.784032974440549646e-01 6.922381198844788086e-01 6.527938455048091226e-01 1.133469529302449263e+00 5.687719913403047611e-01 1.065108648779592437e+00 8.877418715293666773e-01 3.697323449864422518e-01 6.248817721361646926e-01 9.230968782747039914e-01 6.390442940779826886e-01 0.000000000000000000e+00 1.086101098538756249e+00 6.350248062397834126e-01 1.360568476127719473e+00 3.441538676876225167e-01 7.665629383653763673e-01 1.264721109062376669e+00 9.067694165526521966e-01 8.648231972373428000e-01 5.356747795711026550e-01 1.968583865228177576e-01 5.036334743587020935e-01 7.992285521902501300e-01 7.492925766298271784e-01 1.078765584375060760e+00 7.861626982806297903e-01 4.781620056775094385e-01 7.584499173458376653e-01 7.906797645551997267e-01 5.973827516483387612e-01 1.712138747933834304e-01 5.315677001794681944e-01 1.617226925234447887e-01 9.662066953888099885e-01 1.881967716560210835e-01 1.115111761038249938e+00 4.871570203213272943e-01 6.461234600148212381e-01 5.561395678674255771e-01 1.033815878035982516e+00 9.835425493640298500e-01 7.569343277805019587e-01 4.881450376214310216e-01 6.131396728543556662e-01
9.961733421562224411e-01 7.682968408811857719e-01 6.483158855225842343e-01 2.845084209252061735e-01 1.099485413898726227e+00 1.215239978796452514e+00 4.977644709318776450e-01 4.368675821910775747e-01 3.618659667077165354e-01 7.925354364476170366e-01 2.829623015132711750e-01 2.753036102628584336e-01 7.885416213376821304e-01 8.110780270023553173e-01 2.965463089288059573e-01 5.276712267021919089e-01 1.086101098538756249e+00 0.000000000000000000e+00 5.272914255455435351e-01 5.380620110959761782e-01 7.991230479059434622e-01 1.005403355135796595e+00 4.506145709135738198e-01 2.977785905443280368e-01 2.222331483425050713e-01 5.991164985480713634e-01 9.052283620173328105e-01 6.874267583071578258e-01 3.599399700052528517e-01 3.874561893838604498e-01 1.860894890735423357e-01 9.536805442219806750e-01 6.130758578419670535e-01 4.169733384063261106e-01 3.991175894922304734e-01 6.553408499991921765e-01 1.056571528345527033e+00 7.519208965032216918e-01 1.090545820752645945e+00 1.652606768256041081e-01 9.379229992081054013e-01 1.513876008022823905e-01 6.838275238314830418e-01 4.884024727399001176e-01 6.207150571783277559e-01 1.697491331684455595e-01 1.643735831383996704e-01 4.074368733565847389e-01 6.662266868345558812e-01 5.078993711989588933e-01
6.101918211316187390e-01 1.041240016695225368e+00 1.044356831392404539e+00 6.340243715087678922e-01 8.073067089472607538e-01 9.716339148637375134e-01 2.592648375772928504e-01 3.073926106020055116e-01 5.835401436931433317e-01 5.747295742605890156e-01 6.622243070532647380e-01 2.596319258636149985e-01 2.728545607907419956e-01 4.981834867911136278e-01 5.522710664007990378e-01 5.075882056291457500e-01 6.350248062397834126e-01 5.272914255455435351e-01 0.000000000000000000e+00 8.166395393682325254e-01 4.640937924185735142e-01 7.614095393845046189e-01 8.535112326241356406e-01 3.565224960166050727e-01 4.178044494311841106e-01 4.016346930955358996e-01 4.817566463468562765e-01 2.988949618161162447e-01 5.171850747157777928e-01 2.107166280691830373e-01 4.765188791257781720e-01 6.558595150662630546e-01 2.372836690394720116e-01 1.704998249544642241e-01 4.256192072471111643e-01 4.247265104231389143e-01 6.388052930876078062e-01 5.142243108678291597e-01 6.459422499330845779e-01 5.633223536624825112e-01 4.765933294579016710e-01 4.912705009925938948e-01 5.143565694897751506e-01 4.277567605214436242e-01 1.486000346423143603e-01 5.006880364354464596e-01 5.538568257073066547e-01 1.414145929975385019e-01 1.608348530071066207e-01 1.469366706887125784e-01
1.296319286063639220e+00 2.390466692592071729e-01 1.084843750776120830e+00 6.612705062511330389e-01 1.295688229464482921e+00 1.493685439375552315e+00 6.788551665576801897e-01 8.618291079350878237e-01 2.416231065058503102e-01 1.061027914188098720e+00 7.071808554477133635e-01 6.244084266111363801e-01 1.004460955456522031e+00 1.002232904651225276e+00 5.555745784910044449e-01 7.887029535247186418e-01 1.360568476127719473e+00 5.380620110959761782e-01 8.166395393682325254e-01 0.000000000000000000e+00 1.059966790906786915e+00 1.281780592101565919e+00 8.903234364700960413e-01 4.601170433516274527e-01 6.979049619165410556e-01 9.659396862722628985e-01 1.227196482798637467e+00 8.771933273448515589e-01 6.984713497212416966e-01 7.900117252308468396e-01 3.797080327359691476e-01 1.146655820248278168e+00 1.048999466166191219e+00 6.461397144137682735e-01 6.014615224252332082e-01 8.531523449922985280e-01 1.378588612856962659e+00 1.042939827884151960e+00 1.346201763494743631e+00 5.528855477191101375e-01 1.182301422688544656e+00 5.280636378201842840e-01 9.230494106351054828e-01 8.423103487451801819e-01 8.107711395968012491e-01 4.214121173941645093e-01 6.901601394840444215e-01 7.576846848214970898e-01 9.563838958148181968e-01 9.220828967366455631e-01
2.364155346558507453e-01 1.287748151916043193e+00 1.159720289643150659e+00 9.886650928923201853e-01 6.404158708726241933e-01 6.385109702512817842e-01 4.508935441293966395e-01 3.716132063650104400e-01 8.406808506643979051e-01 2.288796641475320803e-01 7.692622305920968628e-01 6.972682792150906028e-01 2.358824500820660142e-01 3.275411988788937134e-01 5.866363347740550793e-01 3.025837505773342206e-01 3.441538676876225167e-01 7.991230479059434622e-01 4.640937924185735142e-01 1.059966790906786915e+00 0.000000000000000000e+00 4.266706111726035755e-01 9.688746908748822051e-01 6.440945793991557089e-01 5.813359331981495792e-01 2.163608147274321269e-01 1.969601838719679532e-01 2.377764341993855446e-01 4.906094628977621941e-01 5.160437585600252675e-01 8.219446922253053067e-01 4.888221250233589221e-01 2.437853380221850774e-01 5.493160473692698664e-01 4.664903480055263008e-01 2.908610835863056909e-01 3.249539058319424467e-01 1.980677174664030593e-01 3.169336295068059250e-01 6.670786163770119348e-01 1.573069710217248063e-01 8.422639365550146362e-01 1.506964768206785488e-01 3.502770418273257191e-01 3.500713758877709303e-01 7.201600749280245850e-01 6.876961311765346085e-01 5.603360894678212079e-01 3.088013548515255446e-01 3.808264164270838692e-01
6.481600924600798841e-01 1.511587056362055481e+00 1.348849160636647504e+00 1.208387548402644063e+00 9.523714152020941182e-01 2.253413173149413362e-01 7.182000568972350951e-01 6.189937308845457897e-01 1.066715194642244624e+00 2.288037561955174604e-01 9.524749228206879081e-01 9.654062710022248694e-01 5.780884642372045024e-01 6.403161774709547061e-01 7.923040887682597511e-01 5.013400385269184412e-01 7.665629383653763673e-01 1.005403355135796595e+00 7.614095393845046189e-01 1.281780592101565919e+00 4.266706111726035755e-01 0.000000000000000000e+00 1.159387370966498354e+00 8.871803910251285785e-01 8.001759425006376159e-01 4.217972135674699086e-01 5.805649318638631540e-01 5.782182961703806745e-01 6.479535988485826126e-01 7.841817503471592010e-01 1.060584882532312756e+00 8.015572429045891845e-01 5.296185112264583106e-01 8.964905507955907016e-01 6.971454587885611565e-01 5.702184581937392860e-01 7.210895050953874952e-01 2.655329357797387990e-01 7.393427001845599422e-01 8.401426783101927365e-01 5.797160416994785459e-01 1.063869790862772335e+00 3.929373769308459607e-01 5.350346203279769952e-01 7.030520710954674124e-01 9.364030574837222121e-01 9.018757626282273288e-01 8.452065567945524771e-01 6.079806731668394582e-01 6.610325252953699326e-01
1.165924985125160518e+00 1.121872036523244409e+00 2.199297450527350206e-01 6.936823676833573371e-01 1.293433804196960191e+00 1.368438385168686766e+00 7.787190589250884143e-01 6.167293712078667500e-01 6.902786890807942610e-01 9.479974820575415295e-01 2.237181447488686137e-01 6.304516065775404021e-01 9.787369025608017026e-01 1.005026417300588948e+00 5.310643763302126397e-01 6.948218108734359744e-01 1.264721109062376669e+00 4.506145709135738198e-01 8.535112326241356406e-01 8.903234364700960413e-01 9.688746908748822051e-01 1.159387370966498354e+00 0.000000000000000000e+00 6.036459292001596921e-01 4.357067831929516410e-01 7.688681415170099953e-01 1.075818738275285069e+00 9.155521793740498682e-01 5.128335351134782893e-01 6.427946045549526310e-01 5.756648647472145663e-01 1.147628934520214861e+00 8.038997294389701453e-01 7.896686002623004574e-01 6.304259963213854068e-01 8.492892402974258070e-01 1.226323171314464888e+00 9.028716259896236718e-01 1.260297463721584688e+00 3.624428328597078530e-01 1.118188277174624989e+00 5.651183825061787402e-01 8.415579227429260678e-01 6.361683348519000525e-01 9.309818846870163700e-01 4.883904345188260221e-01 3.150912143165230939e-01 7.370023012313093869e-01 9.059252712113722295e-01 7.473120655636250609e-01
8.652719467531734265e-01 6.861145711176076523e-01 7.970370156626360725e-01 4.222703419043806194e-01 8.646791267657576441e-01 1.099085238299115197e+00 2.427000886455841500e-01 5.519723895567375527e-01 2.317266992856647778e-01 6.664277131116613795e-01 4.161550578415268986e-01 2.249134707658275445e-01 5.503830303243152366e-01 5.712238019524999988e-01 2.161061790056521270e-01 4.132600288673785038e-01 9.067694165526521966e-01 2.977785905443280368e-01 3.565224960166050727e-01 4.601170433516274527e-01 6.440945793991557089e-01 8.871803910251285785e-01 6.036459292001596921e-01 0.000000000000000000e+00 3.999725631086086808e-01 5.968558864174374756e-01 7.731185576664303394e-01 4.402598000474006179e-01 3.822861445401092295e-01 4.106722343308440992e-01 1.835683831521955911e-01 7.156467175495528910e-01 5.938061650560770843e-01 1.860226710621408763e-01 1.989754396604414832e-01 4.256419515376803631e-01 9.301672044071817025e-01 6.693874217164126339e-01 8.977054868293109502e-01 2.571940835290637550e-01 7.338051460231113099e-01 2.873864492683323446e-01 5.223350055376767553e-01 4.906725606159455522e-01 3.556806827810415905e-01 1.441655404188413592e-01 4.115145173678932955e-01 3.253628897764875849e-01 4.962668524631909106e-01 4.918954967952387514e-01
7.783862274484287802e-01 9.277114261770308401e-01 6.265523819612203171e-01 4.098608760089519354e-01 1.007762975172432629e+00 1.008005139079886536e+00 5.377729117819848303e-01 2.155896808896640149e-01 4.886258973733415556e-01 6.089559950767904350e-01 2.448469841432316663e-01 2.188852632409835630e-01 5.718424639250735408e-01 7.141861493998639121e-01 2.949754803014703053e-01 3.850410040120181843e-01 8.648231972373428000e-01 2.222331483425050713e-01 4.178044494311841106e-01 6.979049619165410556e-01 5.813359331981495792e-01 8.001759425006376159e-01 4.357067831929516410e-01 3.999725631086086808e-01 0.000000000000000000e+00 3.859897616910727969e-01 6.839504607159195837e-01 6.661174247136653070e-01 1.884647893277973107e-01 2.070878213620011010e-01 3.346902569660602511e-01 8.619581054956872990e-01 3.963767004293585750e-01 3.916741630387896578e-01 3.837886147093751976e-01 5.676945149853224182e-01 8.358489232003782909e-01 5.387941596462231253e-01 8.727587060448520617e-01 1.542908115157529125e-01 7.166450979066918414e-01 2.636938483621346641e-01 5.255542923449525450e-01 2.940713211281038575e-01 5.451066280705348932e-01 3.044096182112974724e-01 1.440851963065449826e-01 3.123382761816603237e-01 4.702184880184206994e-01 3.116052823706733088e-01
4.242768777705331340e-01 1.195746150532752683e+00 9.597137402852786714e-01 7.942013675930790217e-01 7.729964776679421057e-01 6.303656744557483149e-01 4.854388337038950119e-01 2.082473781660454659e-01 7.508742888129411597e-01 2.609275932763565620e-01 5.692556812342247641e-01 5.581409265524613916e-01 3.062735466158284514e-01 4.609412399368025826e-01 4.606827491657364271e-01 2.092371135080112743e-01 5.356747795711026550e-01 5.991164985480713634e-01 4.016346930955358996e-01 9.659396862722628985e-01 2.163608147274321269e-01 4.217972135674699086e-01 7.688681415170099953e-01 5.968558864174374756e-01 3.859897616910727969e-01 0.000000000000000000e+00 3.467724087840101110e-01 3.895404825133991222e-01 2.929531211037137983e-01 3.815643521098940893e-01 7.180160332602819606e-01 6.221823053704368389e-01 1.790420747697118176e-01 5.721345180500001515e-01 4.232504155216716413e-01 3.754791609097978822e-01 4.904587429765856488e-01 1.562642777877311928e-01 5.175431283618998624e-01 4.703537278434427038e-01 3.728011623892907855e-01 6.496836100532074054e-01 2.374260089850540600e-01 1.502704924694538424e-01 4.347518217226434833e-01 6.012687597726064093e-01 4.876895818186625653e-01 4.685491242695815628e-01 3.002480789866431299e-01 2.838117217012264826e-01
2.012274372306276649e-01 1.454206542248170253e+00 1.266664337043553301e+00 1.082536302382987481e+00 8.317373177993155897e-01 7.919800760645293591e-01 5.635606180929649822e-01 4.719211089833857398e-01 9.998186704162275174e-01 3.860822288803732460e-01 8.762062779924998379e-01 7.313251765917365699e-01 2.227355273421151305e-01 5.191540656887995153e-01 7.723318912380283674e-01 4.882793070413069536e-01 1.968583865228177576e-01 9.052283620173328105e-01 4.817566463468562765e-01 1.227196482798637467e+00 1.969601838719679532e-01 5.805649318638631540e-01 1.075818738275285069e+00 7.731185576664303394e-01 6.839504607159195837e-01 3.467724087840101110e-01 0.000000000000000000e+00 3.941499841540624938e-01 6.103261814031574195e-01 5.795688023632322716e-01 9.429045506195220527e-01 6.804349918332648350e-01 3.073103818253919428e-01 6.139982683971324517e-01 6.535979463218677399e-01 4.809115662436636018e-01 1.587946876621118275e-01 3.426653293923757060e-01 2.599448995447674049e-01 7.773043246017176111e-01 1.658099464380206056e-01 9.357341465743741482e-01 3.340290519839621552e-01 4.572210892277286387e-01 4.206454132848513328e-01 9.004438847069010654e-01 7.946401785769375836e-01 5.991625113838132677e-01 3.276289513175535961e-01 4.443514602302908734e-01
4.445939851850688185e-01 1.104974688354108059e+00 1.105013969044198907e+00 8.359258826024462685e-01 5.086964201303968425e-01 7.952357653712563978e-01 2.131171099300112615e-01 5.360427036315312810e-01 6.563789018810728404e-01 3.719624733229197622e-01 7.086397312282393113e-01 5.026890796806587902e-01 1.949367774015395016e-01 1.992885249749973831e-01 4.705679695233043192e-01 2.939727531482705936e-01 5.036334743587020935e-01 6.874267583071578258e-01 2.988949618161162447e-01 8.771933273448515589e-01 2.377764341993855446e-01 5.782182961703806745e-01 9.155521793740498682e-01 4.402598000474006179e-01 6.661174247136653070e-01 3.895404825133991222e-01 3.941499841540624938e-01 0.000000000000000000e+00 4.807341880669881995e-01 4.970528875874044017e-01 6.130841875925004958e-01 3.572492262493988657e-01 3.485089454158613043e-01 3.369769675940615938e-01 3.010175605519745390e-01 1.670300901613060995e-01 5.487856156084102155e-01 3.687148304749596761e-01 4.857166565160668803e-01 5.831416586229094534e-01 3.218163157098672955e-01 6.950525930134952013e-01 2.503138193028692227e-01 4.594365908544482124e-01 1.542127829015207952e-01 5.453540445296969352e-01 7.025989091603790371e-01 4.337272450842635241e-01 2.619011842656045475e-01 4.041962926326050920e-01
6.985255259408632567e-01 9.282778139817317031e-01 7.022953247836276613e-01 5.667482944498540842e-01 8.192981858446353183e-01 8.571350205289026691e-01 3.970831191934673932e-01 2.205162385012652548e-01 4.891922851780420300e-01 4.372682929013129716e-01 3.059210869676676214e-01 4.073500525687808738e-01 5.427646692606493684e-01 5.257213600720667124e-01 2.139213333161901764e-01 1.965762146842208458e-01 7.992285521902501300e-01 3.599399700052528517e-01 5.171850747157777928e-01 6.984713497212416966e-01 4.906094628977621941e-01 6.479535988485826126e-01 5.128335351134782893e-01 3.822861445401092295e-01 1.884647893277973107e-01 2.929531211037137983e-01 6.103261814031574195e-01 4.807341880669881995e-01 0.000000000000000000e+00 3.591654707649666878e-01 4.417830353395432730e-01 6.734933161678900992e-01 3.853407024363098565e-01 5.118123625884241079e-01 2.562604121392556000e-01 3.792297256575251629e-01 7.608306144423383488e-01 3.926882191847518300e-01 7.917917765322302071e-01 1.946792931796487436e-01 6.406489511036009832e-01 4.318485719692325975e-01 3.425235348977171967e-01 1.535624041440696030e-01 5.429292132013515682e-01 3.139300439647985108e-01 2.572495663534804522e-01 4.893204329506068984e-01 5.234874419607704610e-01 3.850152995209564222e-01
6.858820402876151245e-01 1.018685159199529400e+00 8.336402033232216402e-01 5.306069024707859016e-01 1.005464634718548744e+00 9.937463437926555843e-01 4.564142771886096628e-01 1.995644402958537955e-01 5.798278291683086616e-01 6.035663301513611856e-01 4.519348055052327950e-01 1.874707929743878176e-01 4.169924066684667086e-01 6.963414125624020068e-01 5.012884646759891982e-01 5.053351594375166123e-01 7.492925766298271784e-01 3.874561893838604498e-01 2.107166280691830373e-01 7.900117252308468396e-01 5.160437585600252675e-01 7.841817503471592010e-01 6.427946045549526310e-01 4.106722343308440992e-01 2.070878213620011010e-01 3.815643521098940893e-01 5.795688023632322716e-01 4.970528875874044017e-01 3.591654707649666878e-01 0.000000000000000000e+00 4.166247791090486596e-01 8.540174408375511561e-01 2.722584205378401623e-01 3.106645067218258838e-01 5.788211352325587367e-01 6.250301735267259629e-01 7.322470500105658919e-01 5.226756998147392697e-01 7.645514275984305330e-01 3.613786328777541246e-01 5.952025071232475151e-01 3.784308064890673506e-01 5.765741353786281165e-01 3.590431026687023741e-01 3.467579604136025173e-01 4.729356170215813226e-01 3.456965261556571023e-01 1.376788725875172925e-01 2.806024567576070883e-01 1.395139104282140941e-01
1.038096334298273415e+00 6.091421129688491254e-01 7.706024791809781282e-01 2.957355948271296886e-01 1.048247509917952680e+00 1.272489729806298930e+00 4.191680036777234997e-01 5.437055228888333369e-01 1.867240178390244809e-01 8.398322046188452239e-01 3.951536645303110329e-01 2.576494975977989266e-01 7.205359024503715792e-01 7.547921851046954789e-01 3.356356079591801267e-01 5.680578786840591032e-01 1.078765584375060760e+00 1.860894890735423357e-01 4.765188791257781720e-01 3.797080327359691476e-01 8.219446922253053067e-01 1.060584882532312756e+00 5.756648647472145663e-01 1.835683831521955911e-01 3.346902569660602511e-01 7.180160332602819606e-01 9.429045506195220527e-01 6.130841875925004958e-01 4.417830353395432730e-01 4.166247791090486596e-01 0.000000000000000000e+00 8.992151007017483710e-01 6.773154481958501005e-01 3.321747481942556313e-01 3.634394237437517106e-01 6.092103346898758431e-01 1.099953197360273860e+00 8.242935651039179357e-01 1.070529874374410495e+00 2.531072487616149447e-01 9.066295335682112988e-01 1.622312313562501995e-01 6.957394970448609328e-01 5.713404090584294215e-01 5.226260165076350717e-01 1.517618021833223030e-01 3.367966943764676979e-01 3.975288237142418635e-01 6.373537321328847094e-01 5.486959506148474386e-01
7.175537904186679583e-01 1.374437181257534224e+00 1.337090724190363122e+00 1.136210645417428777e+00 1.780442592657778267e-01 1.018574712105465130e+00 5.004260562902594911e-01 7.946556783741118846e-01 9.258413947844994496e-01 5.953014200571282721e-01 9.407164863744035266e-01 8.465835621681246925e-01 5.162514426573308057e-01 1.764626389322972722e-01 7.073156989421022223e-01 4.791068016581849220e-01 7.861626982806297903e-01 9.536805442219806750e-01 6.558595150662630546e-01 1.146655820248278168e+00 4.888221250233589221e-01 8.015572429045891845e-01 1.147628934520214861e+00 7.156467175495528910e-01 8.619581054956872990e-01 6.221823053704368389e-01 6.804349918332648350e-01 3.572492262493988657e-01 6.734933161678900992e-01 8.540174408375511561e-01 8.992151007017483710e-01 0.000000000000000000e+00 6.847433525008975730e-01 6.768600996060982755e-01 5.580349604762455673e-01 3.057298674475686928e-01 8.099556019064637624e-01 6.009103658391042879e-01 7.634754158704017968e-01 8.152184137690736687e-01 5.999362019140225266e-01 9.961816255255484531e-01 4.321802532812700770e-01 6.445706393643626519e-01 5.072594804239487498e-01 8.148104011895175303e-01 9.235843340069815888e-01 7.849897772835553456e-01 6.089695512617514517e-01 7.582329661520659236e-01
