0.000000000000000000e+00 1.433544732642483499e+00 1.355191331616226069e+00 9.172154180598057760e-01 1.056670268375766497e+00 8.708002076301425420e-01 6.871327684544644709e-01 5.369492985842488908e-01 1.018156604170352031e+00 9.149839816648300816e-01 4.610118987753344943e-01 5.960474761743762562e-01 8.242456923300007787e-01 3.489925522332294472e-01 7.100205226863556263e-01 2.782772257273188332e-01 7.891552178694035691e-01 6.107621238871214775e-01 2.320755765212675903e-01 1.216478137706623164e+00 1.130004199215502991e+00 6.636072517283984062e-01 4.754547718987733873e-01 8.785508386102895972e-01 5.142871219851889997e-01
1.433544732642483499e+00 0.000000000000000000e+00 1.318878178285256109e+00 1.457434933663873222e+00 9.015807410621463625e-01 1.495975294434350511e+00 8.836617542816476156e-01 1.004627195262767669e+00 4.513924889322788458e-01 8.855876807182518906e-01 1.092709077649112626e+00 1.161461265960973988e+00 7.942887955389430488e-01 1.224178666657030456e+00 7.336204821551388644e-01 1.526703408535397655e+00 8.044022628860574287e-01 9.865195823084420557e-01 1.207732935748394798e+00 2.283634114802763904e-01 1.092129515866434142e+00 1.279886360357709085e+00 9.626268030017612887e-01 6.411756728365689550e-01 9.565598233634899916e-01
1.355191331616226069e+00 1.318878178285256109e+00 0.000000000000000000e+00 1.485528804369651290e+00 8.932125230031144891e-01 1.467144108300979077e+00 1.078038008641758916e+00 8.927964826481730176e-01 8.773450328203420412e-01 4.513269492772953306e-01 1.071460483049816892e+00 1.189555136666751611e+00 9.735929531975889839e-01 1.209576813942648599e+00 7.622283483462740650e-01 1.441979428266452201e+00 6.992723933682857274e-01 1.192635518243466253e+00 1.136463916790642070e+00 1.098174868507430624e+00 2.272375015778435037e-01 1.251060275661178389e+00 9.088514674022679651e-01 8.398775261668934844e-01 1.001566579467785489e+00
9.172154180598057760e-01 1.457434933663873222e+00 1.485528804369651290e+00 0.000000000000000000e+00 1.241863550339589395e+00 1.105615265154556104e+00 6.852568024755787413e-01 9.111291912211878508e-01 1.042046805191741088e+00 1.046594955255396142e+00 6.826559964024374594e-01 3.436543470733223193e-01 9.981785067749675555e-01 6.821590488221818127e-01 7.507046607755477607e-01 9.897747197519608520e-01 1.004134796800832730e+00 8.093420943685298852e-01 7.032131588401493438e-01 1.240368338728012887e+00 1.258358019867765965e+00 8.959354759879420982e-01 7.074652203948157414e-01 8.785885134126498741e-01 5.021914348968655739e-01
1.056670268375766497e+00 9.015807410621463625e-01 8.932125230031144891e-01 1.241863550339589395e+00 0.000000000000000000e+00 1.235777261453600229e+00 6.969842607143398316e-01 5.388804229503691978e-01 4.502046013496174837e-01 5.030789699585216379e-01 8.379435035222760897e-01 9.458898826366893831e-01 4.551726140036229662e-01 8.782721774087162148e-01 4.982983353514617297e-01 1.117801697856162901e+00 2.781654606377282346e-01 6.897835681216940573e-01 8.442065000700124111e-01 6.781780751028412269e-01 6.678874094443555398e-01 1.019688327376959691e+00 6.568777778669582235e-01 4.662781956345115053e-01 7.499376383944985625e-01
8.708002076301425420e-01 1.495975294434350511e+00 1.467144108300979077e+00 1.105615265154556104e+00 1.235777261453600229e+00 0.000000000000000000e+00 8.508106995277494589e-01 8.113823268515715226e-01 1.080587165962218821e+00 1.027642402883806261e+00 4.266640631719097465e-01 7.859602801630231061e-01 1.133267721580588638e+00 7.679479150584518354e-01 7.702371808811846465e-01 9.884488156846035212e-01 9.667135847718025810e-01 9.964807174726132422e-01 6.419945704184181201e-01 1.278908699498490176e+00 1.241956975900255555e+00 2.233371235870717508e-01 5.964681511962762750e-01 9.512139197744801100e-01 6.419154385806711272e-01
6.871327684544644709e-01 8.836617542816476156e-01 1.078038008641758916e+00 6.852568024755787413e-01 6.969842607143398316e-01 8.508106995277494589e-01 0.000000000000000000e+00 5.460727392436315331e-01 4.675229075439987780e-01 6.415309877730562826e-01 4.376868473871549647e-01 3.956218377157756927e-01 3.417721244294169569e-01 3.479808940716067056e-01 3.201553577230514813e-01 7.178732327587674655e-01 5.795305680103349788e-01 2.338063801234786798e-01 4.973258408005433173e-01 6.665951593457866142e-01 8.512893462229370600e-01 6.347217654511082552e-01 4.079195021634972051e-01 2.511584186658140094e-01 2.088952609470781652e-01
5.369492985842488908e-01 1.004627195262767669e+00 8.927964826481730176e-01 9.111291912211878508e-01 5.388804229503691978e-01 8.113823268515715226e-01 5.460727392436315331e-01 0.000000000000000000e+00 5.795105512501330658e-01 4.486759325905827489e-01 4.263611083134046797e-01 6.151555235182882830e-01 3.554156277612274817e-01 3.393917544583470725e-01 3.512733071831324327e-01 5.883463286451545704e-01 2.811850178107778708e-01 3.122663591201527700e-01 3.306001676449439874e-01 7.875606003269066679e-01 6.701053158737048099e-01 6.001818435803778495e-01 2.214931975454119961e-01 5.149898926702315416e-01 4.271669663193227162e-01
1.018156604170352031e+00 4.513924889322788458e-01 8.773450328203420412e-01 1.042046805191741088e+00 4.502046013496174837e-01 1.080587165962218821e+00 4.675229075439987780e-01 5.795105512501330658e-01 0.000000000000000000e+00 4.581541953562989766e-01 6.773209491769804913e-01 7.460731374888417422e-01 3.548687297615248926e-01 8.080398199193820075e-01 3.182323536830070632e-01 1.111315280063265964e+00 3.530261231735291050e-01 5.554054537747502573e-01 7.923448072762629968e-01 2.333029102091007390e-01 6.505963704015198523e-01 8.644982318855777281e-01 5.472386745296292654e-01 2.250368260989207836e-01 5.411716948913579683e-01
9.149839816648300816e-01 8.855876807182518906e-01 4.513269492772953306e-01 1.046594955255396142e+00 5.030789699585216379e-01 1.027642402883806261e+00 6.415309877730562826e-01 4.486759325905827489e-01 4.581541953562989766e-01 0.000000000000000000e+00 6.319587776326432982e-01 7.506212875524965744e-01 5.632834800362721550e-01 7.654562638850583856e-01 3.232944992320193611e-01 9.978588782088620990e-01 2.795779771650044321e-01 7.517590946191199386e-01 6.962565668392457496e-01 6.685210857823908892e-01 2.332750139361985386e-01 8.115585702440050175e-01 4.686441174508717000e-01 4.065870285998890998e-01 5.626327303535308966e-01
4.610118987753344943e-01 1.092709077649112626e+00 1.071460483049816892e+00 6.826559964024374594e-01 8.379435035222760897e-01 4.266640631719097465e-01 4.376868473871549647e-01 4.263611083134046797e-01 6.773209491769804913e-01 6.319587776326432982e-01 0.000000000000000000e+00 3.630010114109044617e-01 7.510727446995476564e-01 3.484812620150030127e-01 3.669709640959464836e-01 5.723706866241546898e-01 5.712690150484022178e-01 5.831344988229455462e-01 2.322062615636101557e-01 8.756424827132514022e-01 8.462733506490931479e-01 2.218698630165612529e-01 2.196896547393852872e-01 5.479477029892418916e-01 2.287915864400767718e-01
5.960474761743762562e-01 1.161461265960973988e+00 1.189555136666751611e+00 3.436543470733223193e-01 9.458898826366893831e-01 7.859602801630231061e-01 3.956218377157756927e-01 6.151555235182882830e-01 7.460731374888417422e-01 7.506212875524965744e-01 3.630010114109044617e-01 0.000000000000000000e+00 7.085435420151648955e-01 3.650875939148762739e-01 4.547309930726478044e-01 6.715036763152105737e-01 7.081611290979331619e-01 5.113767983699170072e-01 3.820452169547194909e-01 9.443946710251127641e-01 9.623843521648663968e-01 5.811080876580468901e-01 4.003644388180385150e-01 5.833875206115572976e-01 2.069904420957726920e-01
8.242456923300007787e-01 7.942887955389430488e-01 9.735929531975889839e-01 9.981785067749675555e-01 4.551726140036229662e-01 1.133267721580588638e+00 3.417721244294169569e-01 3.554156277612274817e-01 3.548687297615248926e-01 5.632834800362721550e-01 7.510727446995476564e-01 7.085435420151648955e-01 0.000000000000000000e+00 5.118814400649844831e-01 4.102298183712672630e-01 8.506291658324498517e-01 2.837055028712676674e-01 2.392784481705461930e-01 6.482536915040332248e-01 5.837474575316292658e-01 7.482678396388301456e-01 9.190969950856638926e-01 5.376694154804104731e-01 2.162359443145250859e-01 5.243761642916203725e-01
3.489925522332294472e-01 1.224178666657030456e+00 1.209576813942648599e+00 6.821590488221818127e-01 8.782721774087162148e-01 7.679479150584518354e-01 3.479808940716067056e-01 3.393917544583470725e-01 8.080398199193820075e-01 7.654562638850583856e-01 3.484812620150030127e-01 3.650875939148762739e-01 5.118814400649844831e-01 0.000000000000000000e+00 5.562503726328388298e-01 3.702477532577574948e-01 6.138933089663642928e-01 2.730480552845369058e-01 2.456088500552167098e-01 1.007112071721169677e+00 9.868856471681805020e-01 5.613979571175100602e-01 3.827556285629097332e-01 5.940351465483286741e-01 3.177207185232368558e-01
7.100205226863556263e-01 7.336204821551388644e-01 7.622283483462740650e-01 7.507046607755477607e-01 4.982983353514617297e-01 7.702371808811846465e-01 3.201553577230514813e-01 3.512733071831324327e-01 3.182323536830070632e-01 3.232944992320193611e-01 3.669709640959464836e-01 4.547309930726478044e-01 4.102298183712672630e-01 5.562503726328388298e-01 0.000000000000000000e+00 8.138935127558138971e-01 3.161795613896800639e-01 5.449471605557820730e-01 4.839544401313357058e-01 5.165538872192781961e-01 5.350575638443890725e-01 5.541482468045436649e-01 2.423442652987485013e-01 2.072586871678308851e-01 2.560142654986318766e-01
2.782772257273188332e-01 1.526703408535397655e+00 1.441979428266452201e+00 9.897747197519608520e-01 1.117801697856162901e+00 9.884488156846035212e-01 7.178732327587674655e-01 5.883463286451545704e-01 1.111315280063265964e+00 9.978588782088620990e-01 5.723706866241546898e-01 6.715036763152105737e-01 8.506291658324498517e-01 3.702477532577574948e-01 8.138935127558138971e-01 0.000000000000000000e+00 8.502866473498001954e-01 6.303295114498399521e-01 3.542796281929722069e-01 1.309636813599537319e+00 1.216972705051170056e+00 7.812558597828594964e-01 5.725222147747665025e-01 9.596381028726534979e-01 6.076102683470225863e-01
7.891552178694035691e-01 8.044022628860574287e-01 6.992723933682857274e-01 1.004134796800832730e+00 2.781654606377282346e-01 9.667135847718025810e-01 5.795305680103349788e-01 2.811850178107778708e-01 3.530261231735291050e-01 2.795779771650044321e-01 5.712690150484022178e-01 7.081611290979331619e-01 2.837055028712676674e-01 6.138933089663642928e-01 3.161795613896800639e-01 8.502866473498001954e-01 0.000000000000000000e+00 4.933631248751803033e-01 5.720599855381700571e-01 5.809995969267528482e-01 4.751125093217861695e-01 7.508688076597639371e-01 3.787123172292302109e-01 3.563218986344464101e-01 5.201725718989673730e-01
6.107621238871214775e-01 9.865195823084420557e-01 1.192635518243466253e+00 8.093420943685298852e-01 6.897835681216940573e-01 9.964807174726132422e-01 2.338063801234786798e-01 3.122663591201527700e-01 5.554054537747502573e-01 7.517590946191199386e-01 5.831344988229455462e-01 5.113767983699170072e-01 2.392784481705461930e-01 2.730480552845369058e-01 5.449471605557820730e-01 6.303295114498399521e-01 4.933631248751803033e-01 0.000000000000000000e+00 4.493895077715471809e-01 7.742504621867315473e-01 9.684756341969666948e-01 7.803917833959723716e-01 4.852237701265451619e-01 3.742640407729038721e-01 3.596761091356119322e-01
2.320755765212675903e-01 1.207732935748394798e+00 1.136463916790642070e+00 7.032131588401493438e-01 8.442065000700124111e-01 6.419945704184181201e-01 4.973258408005433173e-01 3.306001676449439874e-01 7.923448072762629968e-01 6.962565668392457496e-01 2.322062615636101557e-01 3.820452169547194909e-01 6.482536915040332248e-01 2.456088500552167098e-01 4.839544401313357058e-01 3.542796281929722069e-01 5.720599855381700571e-01 4.493895077715471809e-01 0.000000000000000000e+00 9.906663408125340187e-01 9.112767843899184372e-01 4.348016145166740398e-01 2.511110948302096024e-01 6.576601625234897996e-01 2.941507391409438621e-01
1.216478137706623164e+00 2.283634114802763904e-01 1.098174868507430624e+00 1.240368338728012887e+00 6.781780751028412269e-01 1.278908699498490176e+00 6.665951593457866142e-01 7.875606003269066679e-01 2.333029102091007390e-01 6.685210857823908892e-01 8.756424827132514022e-01 9.443946710251127641e-01 5.837474575316292658e-01 1.007112071721169677e+00 5.165538872192781961e-01 1.309636813599537319e+00 5.809995969267528482e-01 7.742504621867315473e-01 9.906663408125340187e-01 0.000000000000000000e+00 8.714262060886081018e-01 1.062819765421848750e+00 7.455602080659002873e-01 4.241090779007086753e-01 7.394932284276289902e-01
1.130004199215502991e+00 1.092129515866434142e+00 2.272375015778435037e-01 1.258358019867765965e+00 6.678874094443555398e-01 1.241956975900255555e+00 8.512893462229370600e-01 6.701053158737048099e-01 6.505963704015198523e-01 2.332750139361985386e-01 8.462733506490931479e-01 9.623843521648663968e-01 7.482678396388301456e-01 9.868856471681805020e-01 5.350575638443890725e-01 1.216972705051170056e+00 4.751125093217861695e-01 9.684756341969666948e-01 9.112767843899184372e-01 8.714262060886081018e-01 0.000000000000000000e+00 1.025873143260454645e+00 6.836643350015443321e-01 6.131288637480712955e-01 7.743957949659006079e-01
6.636072517283984062e-01 1.279886360357709085e+00 1.251060275661178389e+00 8.959354759879420982e-01 1.019688327376959691e+00 2.233371235870717508e-01 6.347217654511082552e-01 6.001818435803778495e-01 8.644982318855777281e-01 8.115585702440050175e-01 2.218698630165612529e-01 5.811080876580468901e-01 9.190969950856638926e-01 5.613979571175100602e-01 5.541482468045436649e-01 7.812558597828594964e-01 7.508688076597639371e-01 7.803917833959723716e-01 4.348016145166740398e-01 1.062819765421848750e+00 1.025873143260454645e+00 0.000000000000000000e+00 3.825308504707278234e-01 7.351249856978390174e-01 4.258265045040302565e-01
4.754547718987733873e-01 9.626268030017612887e-01 9.088514674022679651e-01 7.074652203948157414e-01 6.568777778669582235e-01 5.964681511962762750e-01 4.079195021634972051e-01 2.214931975454119961e-01 5.472386745296292654e-01 4.686441174508717000e-01 2.196896547393852872e-01 4.003644388180385150e-01 5.376694154804104731e-01 3.827556285629097332e-01 2.423442652987485013e-01 5.725222147747665025e-01 3.787123172292302109e-01 4.852237701265451619e-01 2.511110948302096024e-01 7.455602080659002873e-01 6.836643350015443321e-01 3.825308504707278234e-01 0.000000000000000000e+00 4.352594901261579996e-01 2.235029954929504126e-01
8.785508386102895972e-01 6.411756728365689550e-01 8.398775261668934844e-01 8.785885134126498741e-01 4.662781956345115053e-01 9.512139197744801100e-01 2.511584186658140094e-01 5.149898926702315416e-01 2.250368260989207836e-01 4.065870285998890998e-01 5.479477029892418916e-01 5.833875206115572976e-01 2.162359443145250859e-01 5.940351465483286741e-01 2.072586871678308851e-01 9.596381028726534979e-01 3.563218986344464101e-01 3.742640407729038721e-01 6.576601625234897996e-01 4.241090779007086753e-01 6.131288637480712955e-01 7.351249856978390174e-01 4.352594901261579996e-01 0.000000000000000000e+00 3.763970785157845778e-01
5.142871219851889997e-01 9.565598233634899916e-01 1.001566579467785489e+00 5.021914348968655739e-01 7.499376383944985625e-01 6.419154385806711272e-01 2.088952609470781652e-01 4.271669663193227162e-01 5.411716948913579683e-01 5.626327303535308966e-01 2.287915864400767718e-01 2.069904420957726920e-01 5.243761642916203725e-01 3.177207185232368558e-01 2.560142654986318766e-01 6.076102683470225863e-01 5.201725718989673730e-01 3.596761091356119322e-01 2.941507391409438621e-01 7.394932284276289902e-01 7.743957949659006079e-01 4.258265045040302565e-01 2.235029954929504126e-01 3.763970785157845778e-01 0.000000000000000000e+00
