0.000000000000000000e+00 3.117845439187340872e+01 2.103124414826983113e+01 2.051752788812929396e+01 1.678807145850691285e+01 1.516043483160540184e+01 1.514477153781019325e+01 1.220569350749115323e+01 2.160107424921192987e+01 1.210839849841713622e+01 1.115057203288199439e+01 2.294913595853149957e+01 2.104541441702211557e+01 2.624479415843365260e+01 1.446272166244926360e+01 8.794276421224410001e+00 1.909296629156545677e+01 2.407131244957940552e+01 1.185606692932056561e+01 7.873982012916653339e+00 1.367091494878228453e+01 2.406275918031219518e+01 7.286264190867617785e+00 7.083093304585401206e+00 2.844324495781735251e+01 2.194044300558681471e+01 2.501203567404321149e+01 1.517660813226046201e+01 1.799036244000633289e+01 6.369979741978518462e+00 2.487788155446176575e+01 1.914020035912861673e+01 6.452645870576303011e+00 1.138136853073079635e+01 2.044176709869041986e+01 1.469759368998584570e+01 2.617577431304849611e+01 1.702051886879123899e+01 1.690947446102472895e+01 1.972762881057592210e+01 1.538988298751509376e+01 1.923237282487339783e+01 2.432895484963392363e+01 2.026753016077897840e+01 1.909857396636125060e+01 1.251144235228015589e+01 1.063363835453155204e+01 1.588332836839397721e+01 1.650188066156245270e+01 2.870454905799820722e+01
3.117845439187340872e+01 0.000000000000000000e+00 3.029602140030208801e+01 2.033907916851327613e+01 1.615178187481584615e+01 2.064254563209966165e+01 1.799117593243770941e+01 3.136793031665710174e+01 1.210320870407332805e+01 3.051389457271683270e+01 2.767998128398939173e+01 1.255833151610963938e+01 1.117213230842436467e+01 1.076600562629725744e+01 2.118878614689708328e+01 2.294244446315519070e+01 2.106704797936528806e+01 8.169907615129973877e+00 2.219180533215775597e+01 3.381020732183205268e+01 2.456020474097422479e+01 1.779085301327831559e+01 2.478258056396364140e+01 3.351702977051962051e+01 6.896164481448110450e+00 1.427062666758866527e+01 6.875858895921847846e+00 1.627821551656951371e+01 1.354556255857470859e+01 2.638720568884281548e+01 6.300572837411645644e+00 1.498988540789322066e+01 2.770965665918215848e+01 2.378857933200143648e+01 1.271772810044884849e+01 2.716573286762619333e+01 5.649551596476550586e+00 1.738149679456912367e+01 2.926718194741704338e+01 1.187099329553529437e+01 2.211439186780606647e+01 2.641014554025087691e+01 9.361458909899781133e+00 1.300261798544768510e+01 1.621360809369152278e+01 1.919190948905046312e+01 2.108915205156754524e+01 2.358677900521989201e+01 1.974760645604106202e+01 5.182556611272808311e+00
2.103124414826983113e+01 3.029602140030208801e+01 0.000000000000000000e+00 3.353859357579781175e+01 1.610699003396014461e+01 2.606683058936555142e+01 1.920237566076517766e+01 1.275449080988268236e+01 3.302095640190452031e+01 1.156901104517244327e+01 2.286929843316197974e+01 2.113256548882976205e+01 2.645397629568184783e+01 2.798376187857352804e+01 9.898256102516352684e+00 1.767915392137492958e+01 2.782682284197447231e+01 2.320145619830644534e+01 2.744085060450895242e+01 1.920357739369501360e+01 8.708430817088181897e+00 2.896374646860871849e+01 1.425857291871373889e+01 1.810682254065362784e+01 3.367898597269898886e+01 3.394793932241263690e+01 2.460692913204916721e+01 2.029336382258392746e+01 2.741704144006125077e+01 2.267821026889525626e+01 3.302859160478794820e+01 1.535897680741756588e+01 1.515378134648307551e+01 1.968417483636761034e+01 2.176629767654990033e+01 6.820930194717147010e+00 2.818934314652800310e+01 3.077652541528313890e+01 5.435601404234819967e+00 2.193202419708507733e+01 2.838156579664299173e+01 5.314854677493618951e+00 2.093456249040231043e+01 2.001734317423504095e+01 2.410108901758956890e+01 1.470123954202506766e+01 2.282343897325482374e+01 2.469677412696409746e+01 1.082605616862763043e+01 2.943754256557316040e+01
2.051752788812929396e+01 2.033907916851327613e+01 3.353859357579781175e+01 0.000000000000000000e+00 2.511103351172998899e+01 1.472743152690640578e+01 1.470217123461200792e+01 2.815668088033974925e+01 1.194749814093222540e+01 2.741274074267222716e+01 1.174769209983097262e+01 2.049016877200325837e+01 1.988640865489537646e+01 1.072025049946854303e+01 2.398097293476721603e+01 1.813186968204115246e+01 8.916938757260430393e+00 2.613517911879117506e+01 8.790855266966122628e+00 2.693693338551706518e+01 2.709773377616117784e+01 8.614517128268630586e+00 2.016811804861092483e+01 2.568514053363291794e+01 1.358951674397970066e+01 6.623789187889547847e+00 1.739510059619391669e+01 1.957596843177887180e+01 1.370888777168207184e+01 1.501796768124919623e+01 1.802412778117816927e+01 2.177828103949049421e+01 2.240552387002843560e+01 1.578182438302888357e+01 1.382322317307123249e+01 2.838409102151521424e+01 2.379600609299786740e+01 7.143924585628686152e+00 3.180138220300770513e+01 2.326974766037544384e+01 5.679518646571326101e+00 3.108185649833786002e+01 2.134569579214943857e+01 1.900522858235327561e+01 9.682773978303846008e+00 1.949871022517152497e+01 1.346901137285201422e+01 1.241011541119679151e+01 2.608785773294112786e+01 1.585844528507142215e+01
1.678807145850691285e+01 1.615178187481584615e+01 1.610699003396014461e+01 2.511103351172998899e+01 0.000000000000000000e+00 1.496212140712289695e+01 1.466352966248238587e+01 1.529382395398708461e+01 2.110508296560850638e+01 2.037962848329895138e+01 2.155106854923707260e+01 1.175067584196630399e+01 1.091901172191555780e+01 2.028576342481182948e+01 1.010624568747418373e+01 8.645893959128336803e+00 2.279950830454133026e+01 8.122200962927205836e+00 1.674582601592335962e+01 1.796188879585439224e+01 8.835718905489502006e+00 2.251126634675128102e+01 1.709710508332806000e+01 2.365899891431360658e+01 2.242060090415180440e+01 2.513782956191596796e+01 1.400480986031384489e+01 6.733605416278105160e+00 1.466187051364064686e+01 1.567214465835992954e+01 1.709887909146210561e+01 6.423303327061040235e+00 1.166318105802075777e+01 1.889115806638816508e+01 1.519453005826884251e+01 1.578310087861474642e+01 1.227374549448086150e+01 1.943395912418685612e+01 1.397190652621989493e+01 5.917214505172466055e+00 2.170779311279780543e+01 1.230815521795241452e+01 8.643907361189679506e+00 1.331390825531590316e+01 1.847569526379281868e+01 1.229050322135276296e+01 1.192276326277842990e+01 2.199301219223125514e+01 5.705897998560012674e+00 1.834328850414949486e+01
1.516043483160540184e+01 2.064254563209966165e+01 2.606683058936555142e+01 1.472743152690640578e+01 1.496212140712289695e+01 0.000000000000000000e+00 2.403626630631178784e+01 2.009337900206312710e+01 1.197935224459011039e+01 2.530188169102313367e+01 1.522422987074616962e+01 2.656880125565138329e+01 1.148778647945657205e+01 2.167607779201457063e+01 2.284239016308128711e+01 9.105410778298836050e+00 1.819376877883799537e+01 1.907673628122211085e+01 7.881704747510486442e+00 2.058344303337432635e+01 1.735850626521115458e+01 2.095584062163172590e+01 1.894748985269028196e+01 2.198252749552761642e+01 1.888624324015422573e+01 1.461664708611896835e+01 2.698063746614822378e+01 9.053080257756919380e+00 7.197844406806088280e+00 1.053108465340610067e+01 1.434197279468801689e+01 2.087708760131499375e+01 1.512658424472693675e+01 1.944202489351784280e+01 2.602903602511459979e+01 2.685883488783197492e+01 1.663000806446498103e+01 9.001061802494859876e+00 2.260905275073070086e+01 1.369744583441853791e+01 1.291731327440064625e+01 2.277346275095782246e+01 2.254902064960387520e+01 2.785468309726035940e+01 2.174706773853434427e+01 2.174116230679009476e+01 4.963145201637962245e+00 1.779176234527072609e+01 1.784177671313812041e+01 2.317686581498504950e+01
1.514477153781019325e+01 1.799117593243770941e+01 1.920237566076517766e+01 1.470217123461200792e+01 1.466352966248238587e+01 2.403626630631178784e+01 0.000000000000000000e+00 2.403945285291182543e+01 2.179104843223698040e+01 1.553003361419089146e+01 1.127652016193336237e+01 1.113843934025541493e+01 2.527921748072254360e+01 1.116180670114997042e+01 9.644755019734578383e+00 2.021388003412288725e+01 8.722239593323235951e+00 1.705865125109421854e+01 1.745662826809349255e+01 2.271646805608551034e+01 1.635148980089057957e+01 1.068536994295850029e+01 9.103282107492285391e+00 1.746011484293571314e+01 1.789498167494435066e+01 1.519565679818183135e+01 1.124185468506926178e+01 2.094552528592960172e+01 2.575181339336113240e+01 1.355056971687399781e+01 2.429174876984935594e+01 8.535666709996514001e+00 2.097994634370983036e+01 5.995667926034105477e+00 5.918879597838025752e+00 1.414388793411488088e+01 2.114082262157127801e+01 1.918868142994126913e+01 1.973262498392841735e+01 1.987943145170332571e+01 1.268913566682963179e+01 1.683300315135673841e+01 1.218058558072821285e+01 7.787164735849136932e+00 5.502508162147661253e+00 5.000564505362478762e+00 1.987645815858540033e+01 7.398600039697813990e+00 1.186416288529482088e+01 1.452449865520637218e+01
1.220569350749115323e+01 3.136793031665710174e+01 1.275449080988268236e+01 2.815668088033974925e+01 1.529382395398708461e+01 2.009337900206312710e+01 2.403945285291182543e+01 0.000000000000000000e+00 2.754091632831525871e+01 2.146355791743744135e+01 2.172258949899035230e+01 2.299901719698271307e+01 2.291930733736036885e+01 3.177557059483378410e+01 1.530734360164488450e+01 1.098796822376428750e+01 2.861003400017351339e+01 2.341602491691429222e+01 1.973366861946495732e+01 7.838048622893700745e+00 7.818662993943897632e+00 3.301200528083593611e+01 1.949195769835876746e+01 1.609513812939169952e+01 3.449648958247333042e+01 2.879185369515462867e+01 2.618087508703625232e+01 1.648506309398164760e+01 2.214484225364915204e+01 1.598480865878900659e+01 2.909491035166852768e+01 1.725201239953478094e+01 6.144991273845890056e+00 2.270395411793894525e+01 2.569526899235349404e+01 1.574803437390848515e+01 2.699437815202751523e+01 2.361844508318501568e+01 7.401890996966707270e+00 2.019880945425375529e+01 2.395219471849682691e+01 1.151622803129229844e+01 2.218774487827555220e+01 2.381464718940055647e+01 2.870401814536775476e+01 2.024262056440151269e+01 1.582238143577355949e+01 2.656820672908753878e+01 1.250126997519564220e+01 3.101667209377306378e+01
2.160107424921192987e+01 1.210320870407332805e+01 3.302095640190452031e+01 1.194749814093222540e+01 2.110508296560850638e+01 1.197935224459011039e+01 2.179104843223698040e+01 2.754091632831525871e+01 0.000000000000000000e+00 3.111836001427810316e+01 1.775867518091768460e+01 2.296609056855273678e+01 1.078393420772427547e+01 1.298149449322970739e+01 2.972975550975221637e+01 1.655294810455097476e+01 1.650790259839113361e+01 1.771056893726557746e+01 1.066283094242561447e+01 2.750245481550893700e+01 2.446950306768537686e+01 1.540154454049936383e+01 2.450006042439717291e+01 2.822357305466158195e+01 7.094902386992310461e+00 6.633538535868385821e+00 1.636931654422392768e+01 1.437147754933040034e+01 6.443212451967860410e+00 1.644509910680762488e+01 6.273447830690209059e+00 2.568910758029368324e+01 2.220059660171227023e+01 2.317762316031597081e+01 1.893210246428180810e+01 3.247690685013735390e+01 1.205418995911410285e+01 5.530579131144910399e+00 2.978654797483221017e+01 1.618372023674348981e+01 1.289113586926688093e+01 2.972758856349679490e+01 2.124532945748809709e+01 2.267418186864522767e+01 1.664636279633767302e+01 2.654456019861892813e+01 1.294527839393402324e+01 1.930328648654771584e+01 2.472914205980905678e+01 1.164508351453741142e+01
1.210839849841713622e+01 3.051389457271683270e+01 1.156901104517244327e+01 2.741274074267222716e+01 2.037962848329895138e+01 2.530188169102313367e+01 1.553003361419089146e+01 2.146355791743744135e+01 3.111836001427810316e+01 0.000000000000000000e+00 1.625535587898800927e+01 2.152285407666987993e+01 3.129864020521451096e+01 2.637406421159830217e+01 1.047716561564699767e+01 2.049110133618737706e+01 2.254113138519933912e+01 2.610067730545840092e+01 2.107818925761879214e+01 1.545457715094037532e+01 1.651355051225376869e+01 2.585685326038376530e+01 7.524412536384944339e+00 7.812151745476997533e+00 3.239769213788034818e+01 2.983070628858353857e+01 2.414817608200744559e+01 2.631130175230827817e+01 2.801767017364063150e+01 1.487197076094771120e+01 3.485742988904822681e+01 1.675820119784793860e+01 1.821821126726609563e+01 1.437640118661000699e+01 2.017404986914922560e+01 5.857064216998010053e+00 3.153149352166598973e+01 2.637716767835584619e+01 1.570640348999031488e+01 2.595543951289299045e+01 2.175446811930084223e+01 1.244740132392078991e+01 2.238662769584138701e+01 1.923298766186294273e+01 2.053270499285380524e+01 1.141661203401927693e+01 2.113331534796579092e+01 1.938900047720648345e+01 1.541574711331868208e+01 2.820644748622651576e+01
1.115057203288199439e+01 2.767998128398939173e+01 2.286929843316197974e+01 1.174769209983097262e+01 2.155106854923707260e+01 1.522422987074616962e+01 1.127652016193336237e+01 2.172258949899035230e+01 1.775867518091768460e+01 1.625535587898800927e+01 0.000000000000000000e+00 2.114652664197947729e+01 2.237577189738963312e+01 1.758855821294444155e+01 1.419328918188757882e+01 1.315904055061008648e+01 8.409251393296951704e+00 2.688941277450959078e+01 7.932080253499914413e+00 1.842174505581808219e+01 2.140463547436667113e+01 1.500893456519160729e+01 8.989167722751931322e+00 1.514950569491436383e+01 2.129716806907251581e+01 1.522163060778036758e+01 2.152452271729969624e+01 1.859452229750788987e+01 1.692032040062165521e+01 6.367183007330286415e+00 2.358248641182827754e+01 1.780703392983941669e+01 1.570616139393360022e+01 5.990648776426175992e+00 1.594305587682414149e+01 1.720514069565622961e+01 2.738620207201137902e+01 1.258059517305783714e+01 2.503761656723882467e+01 2.375773095297578053e+01 6.087356014827343564e+00 2.102633584574687831e+01 2.252634553308190490e+01 1.845482646083873135e+01 1.177187394200243808e+01 1.085501693224569131e+01 1.151867372238709208e+01 4.937047881860269882e+00 1.836514047822652884e+01 2.296869389268235295e+01
2.294913595853149957e+01 1.255833151610963938e+01 2.113256548882976205e+01 2.049016877200325837e+01 1.175067584196630399e+01 2.656880125565138329e+01 1.113843934025541493e+01 2.299901719698271307e+01 2.296609056855273678e+01 2.152285407666987993e+01 2.114652664197947729e+01 0.000000000000000000e+00 1.879600269155880454e+01 1.200644775837939093e+01 1.196546063261160953e+01 1.886546812757434566e+01 1.728750498481479170e+01 1.025359260565955033e+01 2.613793596255212037e+01 2.769524801074886966e+01 1.543058615063835504e+01 1.473256675346708278e+01 1.616726308818009272e+01 2.487089677413063171e+01 1.593850072548327823e+01 1.896749215303639602e+01 6.596774024328804664e+00 1.758809046257620778e+01 2.478552699443093132e+01 2.160282028416656175e+01 1.885890435352128947e+01 6.137933146016210983e+00 2.131675544740217276e+01 1.592298735102811946e+01 7.184975651621883230e+00 1.792927660186080985e+01 1.449745308161812396e+01 2.459360309653289889e+01 2.011838733109199495e+01 1.363802215708982857e+01 2.127467325879993965e+01 1.724668962877855094e+01 5.160755999475916234e+00 5.014318712119110621e+00 1.212122402745401395e+01 1.059550538748340820e+01 2.343381422809968129e+01 1.795729989402627425e+01 1.089565419416404701e+01 1.143257103106561878e+01
2.104541441702211557e+01 1.117213230842436467e+01 2.645397629568184783e+01 1.988640865489537646e+01 1.091901172191555780e+01 1.148778647945657205e+01 2.527921748072254360e+01 2.291930733736036885e+01 1.078393420772427547e+01 3.129864020521451096e+01 2.237577189738963312e+01 1.879600269155880454e+01 0.000000000000000000e+00 2.093868104020109655e+01 2.102525740938973797e+01 1.273829067230408896e+01 2.469213556165422929e+01 8.555989124040818794e+00 1.459512152253920192e+01 2.426776263863157368e+01 1.868448520291485337e+01 2.565617228141141837e+01 2.582669965860979389e+01 2.801705622088168823e+01 1.429821956526489757e+01 1.705392360418100139e+01 1.634990668561653138e+01 6.508093471247082817e+00 6.465773899066607378e+00 1.741029445932560549e+01 6.801292420578290532e+00 1.697091572532340109e+01 1.827039862130467895e+01 2.632999289476831706e+01 2.132442702907889043e+01 2.654489185841856624e+01 5.767314211082011255e+00 1.289876071183360118e+01 2.423124357074127744e+01 5.399786029019216116e+00 1.947809063864953316e+01 2.276189265140248352e+01 1.364882573022445200e+01 2.041321438640751751e+01 2.616898515426600369e+01 2.309228210373071732e+01 1.115724640645453114e+01 2.458769100984130773e+01 1.632355678281820843e+01 1.597257017274062463e+01
2.624479415843365260e+01 1.076600562629725744e+01 2.798376187857352804e+01 1.072025049946854303e+01 2.028576342481182948e+01 2.167607779201457063e+01 1.116180670114997042e+01 3.177557059483378410e+01 1.298149449322970739e+01 2.637406421159830217e+01 1.758855821294444155e+01 1.200644775837939093e+01 2.093868104020109655e+01 0.000000000000000000e+00 1.825079432917081235e+01 2.581561273050990124e+01 1.132138762469643112e+01 1.594357728888532755e+01 1.666453694445001332e+01 3.380989237607226272e+01 2.420984253388698804e+01 7.329269149347654277e+00 2.020330472811573941e+01 2.856013746355916538e+01 7.182706760703925220e+00 7.062856725021360305e+00 7.023422930763044469e+00 2.583954550483459300e+01 1.817473638707127748e+01 2.151811406771966162e+01 1.478945238614184987e+01 1.491448654386728379e+01 2.998053099306670788e+01 1.582819431242233321e+01 6.436709766846973935e+00 2.397525706356859487e+01 1.615536820162531484e+01 1.293034751458259812e+01 2.774063984279172601e+01 2.104557094201733491e+01 1.202302960641042695e+01 2.486894214047829266e+01 1.227958176758298592e+01 1.076285066100116516e+01 7.393441682877797128e+00 1.507358375388206539e+01 2.115275442132076478e+01 1.475346632028103677e+01 1.967220759201512692e+01 5.716749341824295172e+00
1.446272166244926360e+01 2.118878614689708328e+01 9.898256102516352684e+00 2.398097293476721603e+01 1.010624568747418373e+01 2.284239016308128711e+01 9.644755019734578383e+00 1.530734360164488450e+01 2.972975550975221637e+01 1.047716561564699767e+01 1.419328918188757882e+01 1.196546063261160953e+01 2.102525740938973797e+01 1.825079432917081235e+01 0.000000000000000000e+00 1.445471349509066528e+01 1.830705360925283642e+01 1.570476844014427620e+01 2.025312462386406764e+01 2.059721100248805925e+01 7.806484926785992151e+00 1.923077891920600635e+01 7.310785548200274597e+00 1.535745112594678474e+01 2.394601842329626962e+01 2.439031868138204828e+01 1.539863864541469063e+01 1.603792488996375099e+01 2.383680704654445393e+01 1.433096157601191578e+01 2.670336331204177682e+01 6.412995795744997451e+00 1.445036158751815414e+01 1.089187499382500768e+01 1.203333012714718819e+01 6.261977137829347839e+00 2.116998631091351868e+01 2.555210304460111459e+01 1.084432738535124763e+01 1.567031464981546129e+01 1.975920359801588688e+01 7.654732043134496067e+00 1.204142229373843342e+01 1.035504635623571090e+01 1.448052006980274342e+01 5.219302980437504402e+00 1.959899854697056298e+01 1.590447428442148947e+01 5.142370250974154899e+00 1.970457501617044827e+01
8.794276421224410001e+00 2.294244446315519070e+01 1.767915392137492958e+01 1.813186968204115246e+01 8.645893959128336803e+00 9.105410778298836050e+00 2.021388003412288725e+01 1.098796822376428750e+01 1.655294810455097476e+01 2.049110133618737706e+01 1.315904055061008648e+01 1.886546812757434566e+01 1.273829067230408896e+01 2.581561273050990124e+01 1.445471349509066528e+01 0.000000000000000000e+00 1.881253805251904510e+01 1.574102789977794536e+01 9.766662186234539078e+00 1.152947196632748650e+01 8.970829597220539853e+00 2.358187368763858771e+01 1.466068571000575638e+01 1.567197271924113799e+01 2.350852135870903581e+01 1.875618202461429718e+01 2.177301288209659447e+01 6.664228946585678770e+00 1.115687402988486809e+01 7.026250699231589181e+00 1.821700287812240049e+01 1.311846333012640820e+01 6.025154843097351609e+00 1.567663834508089771e+01 2.189260467569828350e+01 1.957139408446426998e+01 1.766339512737371109e+01 1.358277341264468774e+01 1.384717045757928311e+01 1.121524962490113886e+01 1.415469877084236749e+01 1.438578608296719707e+01 1.658357688601400781e+01 2.001198287274534948e+01 2.340257528324203307e+01 1.698979108535445448e+01 5.214454247121611097e+00 1.731143025980243522e+01 9.454100045147503906e+00 2.656337776383372073e+01
1.909296629156545677e+01 2.106704797936528806e+01 2.782682284197447231e+01 8.916938757260430393e+00 2.279950830454133026e+01 1.819376877883799537e+01 8.722239593323235951e+00 2.861003400017351339e+01 1.650790259839113361e+01 2.254113138519933912e+01 8.409251393296951704e+00 1.728750498481479170e+01 2.469213556165422929e+01 1.132138762469643112e+01 1.830705360925283642e+01 1.881253805251904510e+01 0.000000000000000000e+00 2.310195499925033857e+01 1.051849689376293462e+01 2.636413931450154990e+01 2.497700930174642409e+01 7.401064941035795819e+00 1.536189778935486849e+01 2.298895982800459237e+01 1.576147470918488480e+01 9.916535644359885993e+00 1.505357961350622809e+01 2.260263740839892677e+01 1.851785955144335460e+01 1.354582788111852132e+01 2.222431753276247690e+01 1.637620497748028470e+01 2.277279678585261991e+01 8.844120970340304311e+00 1.020868847702487159e+01 2.233370973275184568e+01 2.615343416549404054e+01 1.234995885208258137e+01 2.835814448478424410e+01 2.694575932975146060e+01 5.517711008379469817e+00 2.545852265221257937e+01 1.822388932888433288e+01 1.435478483056704491e+01 5.264039176281806398e+00 1.342990496536618394e+01 1.515125215678416914e+01 6.831491415910959653e+00 2.048968238615066895e+01 1.651542899182837587e+01
2.407131244957940552e+01 8.169907615129973877e+00 2.320145619830644534e+01 2.613517911879117506e+01 8.122200962927205836e+00 1.907673628122211085e+01 1.705865125109421854e+01 2.341602491691429222e+01 1.771056893726557746e+01 2.610067730545840092e+01 2.688941277450959078e+01 1.025359260565955033e+01 8.555989124040818794e+00 1.594357728888532755e+01 1.570476844014427620e+01 1.574102789977794536e+01 2.310195499925033857e+01 0.000000000000000000e+00 2.237222599325021477e+01 2.582048587850241006e+01 1.691217798411932804e+01 2.041734601334866639e+01 2.137142855417216580e+01 2.989625411882275685e+01 1.488363619683244110e+01 2.216987015279680051e+01 8.920154358122283966e+00 1.095831665784295872e+01 1.476034514163806932e+01 2.276727859900952566e+01 1.143712110657537018e+01 9.549150906729682475e+00 1.968636904153011713e+01 2.215926483462361318e+01 1.293344400035067387e+01 2.194336316619385840e+01 5.722534507887343302e+00 2.135526655210872349e+01 2.179798656866192275e+01 5.379290446803580039e+00 2.699773057280920696e+01 1.931558033825524490e+01 5.092836606183632320e+00 1.190204447642809882e+01 1.791765582044967431e+01 1.614863447889611336e+01 1.841579644977835173e+01 2.377564406236292527e+01 1.240098686336698997e+01 1.165839178632485051e+01
1.185606692932056561e+01 2.219180533215775597e+01 2.744085060450895242e+01 8.790855266966122628e+00 1.674582601592335962e+01 7.881704747510486442e+00 1.745662826809349255e+01 1.973366861946495732e+01 1.066283094242561447e+01 2.107818925761879214e+01 7.932080253499914413e+00 2.613793596255212037e+01 1.459512152253920192e+01 1.666453694445001332e+01 2.025312462386406764e+01 9.766662186234539078e+00 1.051849689376293462e+01 2.237222599325021477e+01 0.000000000000000000e+00 1.827014860349836667e+01 1.873252628035456269e+01 1.433031721379407486e+01 1.443876983631847821e+01 1.839155865655437694e+01 1.723817025262589553e+01 1.008437607626623667e+01 2.329410025569915277e+01 1.255518912866015491e+01 9.134140922341629221e+00 6.555761625679197735e+00 1.589123249474610589e+01 2.235606873024980246e+01 1.398251160915364188e+01 1.392272902992608863e+01 1.907999784993550918e+01 2.241561626205865210e+01 1.960002259373136013e+01 5.482082629350279568e+00 2.343617470720109353e+01 1.740821704253148994e+01 5.323947271410125914e+00 2.414748276610122346e+01 2.518884384613580707e+01 2.393474356568421157e+01 1.461486492463456344e+01 1.717762876520445303e+01 5.103803877045393733e+00 1.005802822839567412e+01 1.921579672828152852e+01 2.135103690542093346e+01
7.873982012916653339e+00 3.381020732183205268e+01 1.920357739369501360e+01 2.693693338551706518e+01 1.796188879585439224e+01 2.058344303337432635e+01 2.271646805608551034e+01 7.838048622893700745e+00 2.750245481550893700e+01 1.545457715094037532e+01 1.842174505581808219e+01 2.769524801074886966e+01 2.426776263863157368e+01 3.380989237607226272e+01 2.059721100248805925e+01 1.152947196632748650e+01 2.636413931450154990e+01 2.582048587850241006e+01 1.827014860349836667e+01 0.000000000000000000e+00 1.299269985755853618e+01 3.142061332181178557e+01 1.483363930952330456e+01 8.848234912701483879e+00 3.434462552411437031e+01 2.823407754126783331e+01 3.069558730736840957e+01 1.795861960804469959e+01 2.263490628496036550e+01 1.327492230473117019e+01 2.974647484444988166e+01 2.194824321330093397e+01 6.663824642942266507e+00 1.900659221047959946e+01 2.801346361696572984e+01 1.837317384814258148e+01 2.895778578883273369e+01 2.309685059036813115e+01 1.443110606656239803e+01 2.236449586880279483e+01 2.199343840501556002e+01 1.749387675918461227e+01 2.575722282539054220e+01 2.783922667905428483e+01 2.671401573800682883e+01 2.008313887055546232e+01 1.602061927605904401e+01 2.315450139133008278e+01 1.719750078896179701e+01 3.553138431410523168e+01
1.367091494878228453e+01 2.456020474097422479e+01 8.708430817088181897e+00 2.709773377616117784e+01 8.835718905489502006e+00 1.735850626521115458e+01 1.635148980089057957e+01 7.818662993943897632e+00 2.446950306768537686e+01 1.651355051225376869e+01 2.140463547436667113e+01 1.543058615063835504e+01 1.868448520291485337e+01 2.420984253388698804e+01 7.806484926785992151e+00 8.970829597220539853e+00 2.497700930174642409e+01 1.691217798411932804e+01 1.873252628035456269e+01 1.299269985755853618e+01 0.000000000000000000e+00 2.532404222881468669e+01 1.459799601865981700e+01 1.981975613368691924e+01 2.828304344207578325e+01 2.772204611873432256e+01 1.889011036915076147e+01 1.245452903168094672e+01 1.888144107265770444e+01 1.551027373681436572e+01 2.523662226378344187e+01 9.656997469226158870e+00 7.249382427206078283e+00 1.865442133817366610e+01 1.800730594033224818e+01 1.079802696872481604e+01 2.088622245279566769e+01 2.210035961585191444e+01 5.682434894333726838e+00 1.434246057219852055e+01 2.312056286496239110e+01 5.561457876091110641e+00 1.519874583107444366e+01 1.612668413737930706e+01 2.101605509334650534e+01 1.258280778338015793e+01 1.411511464910043756e+01 2.359142361691633027e+01 4.879715885934643005e+00 2.372590737588757293e+01
2.406275918031219518e+01 1.779085301327831559e+01 2.896374646860871849e+01 8.614517128268630586e+00 2.251126634675128102e+01 2.095584062163172590e+01 1.068536994295850029e+01 3.301200528083593611e+01 1.540154454049936383e+01 2.585685326038376530e+01 1.500893456519160729e+01 1.473256675346708278e+01 2.565617228141141837e+01 7.329269149347654277e+00 1.923077891920600635e+01 2.358187368763858771e+01 7.401064941035795819e+00 2.041734601334866639e+01 1.433031721379407486e+01 3.142061332181178557e+01 2.532404222881468669e+01 0.000000000000000000e+00 1.887006861549016179e+01 2.683487186966321048e+01 1.347666585895584035e+01 8.768006004630978012e+00 1.200299537752409762e+01 2.565528301561296587e+01 1.947865139819810665e+01 1.907151339224097697e+01 2.051904392601265315e+01 1.620836448755770576e+01 2.759125193880622362e+01 1.311714757800205433e+01 7.827747340529364273e+00 2.424596493732737557e+01 2.294902633797601510e+01 1.285833128175777063e+01 2.884402778001169310e+01 2.437877323864775292e+01 9.585373647714920509e+00 2.597233007769825264e+01 1.562428338387493021e+01 1.302314172345806220e+01 5.324148267529958289e+00 1.521261441125935043e+01 1.932644023628115093e+01 1.138181155554698520e+01 2.083671531321892800e+01 1.299686501060302213e+01
7.286264190867617785e+00 2.478258056396364140e+01 1.425857291871373889e+01 2.016811804861092483e+01 1.709710508332806000e+01 1.894748985269028196e+01 9.103282107492285391e+00 1.949195769835876746e+01 2.450006042439717291e+01 7.524412536384944339e+00 8.989167722751931322e+00 1.616726308818009272e+01 2.582669965860979389e+01 2.020330472811573941e+01 7.310785548200274597e+00 1.466068571000575638e+01 1.536189778935486849e+01 2.137142855417216580e+01 1.443876983631847821e+01 1.483363930952330456e+01 1.459799601865981700e+01 1.887006861549016179e+01 0.000000000000000000e+00 8.785902489297935603e+00 2.651378954275150690e+01 2.280681219060902620e+01 1.837303436096695108e+01 2.063880663959090001e+01 2.166228754093055997e+01 8.433214775469568991e+00 2.850204725633815173e+01 1.201027896867055667e+01 1.366853162408130906e+01 7.003281564608395016e+00 1.428339812364464301e+01 8.216290806440589733e+00 2.703086185176322331e+01 1.973774825705553226e+01 1.689791146943677447e+01 2.258384804537170254e+01 1.450143508623293798e+01 1.249889247433584671e+01 1.739553485149588496e+01 1.352955467165503656e+01 1.354592034796020883e+01 5.623450854345798611e+00 1.477892350963293033e+01 1.208082538709999554e+01 1.224148744702247349e+01 2.232254489109767803e+01
7.083093304585401206e+00 3.351702977051962051e+01 1.810682254065362784e+01 2.568514053363291794e+01 2.365899891431360658e+01 2.198252749552761642e+01 1.746011484293571314e+01 1.609513812939169952e+01 2.822357305466158195e+01 7.812151745476997533e+00 1.514950569491436383e+01 2.487089677413063171e+01 2.801705622088168823e+01 2.856013746355916538e+01 1.535745112594678474e+01 1.567197271924113799e+01 2.298895982800459237e+01 2.989625411882275685e+01 1.839155865655437694e+01 8.848234912701483879e+00 1.981975613368691924e+01 2.683487186966321048e+01 8.785902489297935603e+00 0.000000000000000000e+00 3.506574376326701525e+01 2.845066686102446951e+01 2.711240432674787471e+01 2.205430443027718468e+01 2.478337200071582203e+01 1.197953930004606171e+01 3.162635040258649255e+01 2.040482981418550068e+01 1.257037370648084362e+01 1.419142854211808391e+01 2.275711040381592909e+01 1.143186606278828243e+01 3.305347061106522233e+01 2.362883101589740775e+01 2.133847950157656470e+01 2.660532510859264477e+01 2.004101088755385973e+01 1.802980375254659862e+01 2.602458628383266159e+01 2.226400387821100679e+01 2.161292462052573882e+01 1.433064729218200384e+01 1.753705598429647239e+01 1.915766133804374505e+01 2.029603262361847271e+01 3.096602355431564391e+01
2.844324495781735251e+01 6.896164481448110450e+00 3.367898597269898886e+01 1.358951674397970066e+01 2.242060090415180440e+01 1.888624324015422573e+01 1.789498167494435066e+01 3.449648958247333042e+01 7.094902386992310461e+00 3.239769213788034818e+01 2.129716806907251581e+01 1.593850072548327823e+01 1.429821956526489757e+01 7.182706760703925220e+00 2.394601842329626962e+01 2.350852135870903581e+01 1.576147470918488480e+01 1.488363619683244110e+01 1.723817025262589553e+01 3.434462552411437031e+01 2.828304344207578325e+01 1.347666585895584035e+01 2.651378954275150690e+01 3.506574376326701525e+01 0.000000000000000000e+00 7.553372580555526739e+00 9.410036177429020654e+00 2.046219463061873256e+01 1.317604893635714625e+01 2.328726981541303687e+01 7.660008756567236787e+00 1.872982721349876911e+01 2.904276731031768932e+01 2.243119527110971845e+01 1.250171237573751526e+01 2.982524549580729456e+01 1.106289641837949844e+01 1.183976574255573233e+01 3.297084462252941961e+01 1.789610117526324018e+01 1.569976709867457387e+01 3.009914692021598270e+01 1.448416227026545933e+01 1.563326334236027648e+01 1.442094907451266472e+01 2.104178684007787226e+01 1.988757896361722644e+01 2.047014490268739095e+01 2.348754826164660869e+01 4.826065604007384380e+00
2.194044300558681471e+01 1.427062666758866527e+01 3.394793932241263690e+01 6.623789187889547847e+00 2.513782956191596796e+01 1.461664708611896835e+01 1.519565679818183135e+01 2.879185369515462867e+01 6.633538535868385821e+00 2.983070628858353857e+01 1.522163060778036758e+01 1.896749215303639602e+01 1.705392360418100139e+01 7.062856725021360305e+00 2.439031868138204828e+01 1.875618202461429718e+01 9.916535644359885993e+00 2.216987015279680051e+01 1.008437607626623667e+01 2.823407754126783331e+01 2.772204611873432256e+01 8.768006004630978012e+00 2.280681219060902620e+01 2.845066686102446951e+01 7.553372580555526739e+00 0.000000000000000000e+00 1.398970514023799616e+01 1.898845659824670662e+01 1.121917538348992949e+01 1.663699508550373096e+01 1.241392466260051286e+01 2.140713905846359921e+01 2.304069668484331856e+01 1.658625620628471964e+01 1.276532018532680901e+01 2.905306419123774475e+01 1.786081691066225829e+01 5.870916808686992283e+00 3.242569454558086051e+01 2.234913293443742077e+01 9.157467367058226060e+00 3.118191640631188122e+01 1.927643216457948583e+01 1.760754368009525805e+01 1.005097116228252041e+01 1.994916856456378440e+01 1.409332371542515538e+01 1.462520583786239392e+01 2.603548988412482501e+01 1.129307832590916938e+01
2.501203567404321149e+01 6.875858895921847846e+00 2.460692913204916721e+01 1.739510059619391669e+01 1.400480986031384489e+01 2.698063746614822378e+01 1.124185468506926178e+01 2.618087508703625232e+01 1.636931654422392768e+01 2.414817608200744559e+01 2.152452271729969624e+01 6.596774024328804664e+00 1.634990668561653138e+01 7.023422930763044469e+00 1.539863864541469063e+01 2.177301288209659447e+01 1.505357961350622809e+01 8.920154358122283966e+00 2.329410025569915277e+01 3.069558730736840957e+01 1.889011036915076147e+01 1.200299537752409762e+01 1.837303436096695108e+01 2.711240432674787471e+01 9.410036177429020654e+00 1.398970514023799616e+01 0.000000000000000000e+00 1.904851041763991759e+01 2.023048167062942682e+01 2.363387261704319187e+01 1.317643173333349260e+01 9.319791036069752010e+00 2.427601636340611080e+01 1.706302719327734252e+01 5.928474791083528928e+00 2.129174361460739817e+01 1.111190508442381564e+01 1.985719592979924286e+01 2.359275097431140722e+01 1.411103109255304489e+01 1.861641889031417563e+01 2.072105327199797031e+01 5.634403334607645419e+00 6.783171310757180272e+00 1.002771448972520574e+01 1.278850122563643410e+01 2.592757312309228368e+01 1.720350789707976347e+01 1.407751208421759337e+01 4.835797006736816783e+00
1.517660813226046201e+01 1.627821551656951371e+01 2.029336382258392746e+01 1.957596843177887180e+01 6.733605416278105160e+00 9.053080257756919380e+00 2.094552528592960172e+01 1.648506309398164760e+01 1.437147754933040034e+01 2.631130175230827817e+01 1.859452229750788987e+01 1.758809046257620778e+01 6.508093471247082817e+00 2.583954550483459300e+01 1.603792488996375099e+01 6.664228946585678770e+00 2.260263740839892677e+01 1.095831665784295872e+01 1.255518912866015491e+01 1.795861960804469959e+01 1.245452903168094672e+01 2.565528301561296587e+01 2.063880663959090001e+01 2.205430443027718468e+01 2.046219463061873256e+01 1.898845659824670662e+01 1.904851041763991759e+01 0.000000000000000000e+00 7.928265097362540814e+00 1.289422367056500107e+01 1.280218587405149577e+01 1.302604078425795109e+01 1.191792028637652656e+01 2.159172707967767124e+01 2.129435635007647321e+01 2.131294715667304374e+01 1.099916618078803587e+01 1.348668956223534998e+01 1.800588890168927847e+01 5.624297594435825332e+00 1.764125285527585163e+01 1.671381483927029876e+01 1.387882553540063846e+01 2.003704718038028432e+01 2.512154784544458508e+01 1.841532585159464475e+01 7.538149905528276129e+00 2.167591323063591702e+01 1.104759003863382461e+01 2.128999614090707482e+01
1.799036244000633289e+01 1.354556255857470859e+01 2.741704144006125077e+01 1.370888777168207184e+01 1.466187051364064686e+01 7.197844406806088280e+00 2.575181339336113240e+01 2.214484225364915204e+01 6.443212451967860410e+00 2.801767017364063150e+01 1.692032040062165521e+01 2.478552699443093132e+01 6.465773899066607378e+00 1.817473638707127748e+01 2.383680704654445393e+01 1.115687402988486809e+01 1.851785955144335460e+01 1.476034514163806932e+01 9.134140922341629221e+00 2.263490628496036550e+01 1.888144107265770444e+01 1.947865139819810665e+01 2.166228754093055997e+01 2.478337200071582203e+01 1.317604893635714625e+01 1.121917538348992949e+01 2.023048167062942682e+01 7.928265097362540814e+00 0.000000000000000000e+00 1.324687313602358607e+01 7.244989721163063834e+00 2.095430588162049901e+01 1.717804749631296701e+01 2.215197140109514962e+01 2.398449556881672962e+01 2.909166024030240294e+01 1.093049037739475970e+01 6.721239828620292123e+00 2.439047390016610706e+01 1.114750483734111342e+01 1.351855191794733990e+01 2.412367360165352537e+01 1.970863766142953466e+01 2.638080661865718568e+01 2.067980365692168832e+01 2.445110881436740158e+01 7.630169228042854357e+00 1.902115978017251763e+01 1.883619359660129433e+01 1.710382754580798093e+01
6.369979741978518462e+00 2.638720568884281548e+01 2.267821026889525626e+01 1.501796768124919623e+01 1.567214465835992954e+01 1.053108465340610067e+01 1.355056971687399781e+01 1.598480865878900659e+01 1.644509910680762488e+01 1.487197076094771120e+01 6.367183007330286415e+00 2.160282028416656175e+01 1.741029445932560549e+01 2.151811406771966162e+01 1.433096157601191578e+01 7.026250699231589181e+00 1.354582788111852132e+01 2.276727859900952566e+01 6.555761625679197735e+00 1.327492230473117019e+01 1.551027373681436572e+01 1.907151339224097697e+01 8.433214775469568991e+00 1.197953930004606171e+01 2.328726981541303687e+01 1.663699508550373096e+01 2.363387261704319187e+01 1.289422367056500107e+01 1.324687313602358607e+01 0.000000000000000000e+00 2.008663285143117960e+01 1.820748271494602832e+01 9.971482983026675129e+00 8.956328304080056313e+00 1.896750377845507529e+01 1.634455981061126906e+01 2.310606151610863535e+01 1.179409679190700189e+01 2.003951449623350101e+01 1.795960308858310128e+01 9.568414696550242127e+00 2.091852982451736409e+01 2.298263917526899291e+01 1.891112010302580870e+01 1.689276519745386906e+01 1.125546571735230295e+01 6.362518310348748152e+00 1.103056090616043328e+01 1.599354418474133155e+01 2.689818893780824638e+01
2.487788155446176575e+01 6.300572837411645644e+00 3.302859160478794820e+01 1.802412778117816927e+01 1.709887909146210561e+01 1.434197279468801689e+01 2.429174876984935594e+01 2.909491035166852768e+01 6.273447830690209059e+00 3.485742988904822681e+01 2.358248641182827754e+01 1.885890435352128947e+01 6.801292420578290532e+00 1.478945238614184987e+01 2.670336331204177682e+01 1.821700287812240049e+01 2.222431753276247690e+01 1.143712110657537018e+01 1.589123249474610589e+01 2.974647484444988166e+01 2.523662226378344187e+01 2.051904392601265315e+01 2.850204725633815173e+01 3.162635040258649255e+01 7.660008756567236787e+00 1.241392466260051286e+01 1.317643173333349260e+01 1.280218587405149577e+01 7.244989721163063834e+00 2.008663285143117960e+01 0.000000000000000000e+00 2.092317080300877663e+01 2.420376084689430485e+01 2.889403809468732121e+01 1.901830093786049503e+01 3.281751165895611422e+01 5.780742128423892900e+00 1.142730745966182404e+01 3.080807477574077069e+01 1.129404251415509108e+01 1.881639549031121561e+01 2.930355839902804149e+01 1.566203174731142589e+01 1.930319082285932453e+01 2.178677949379225254e+01 2.549248232646210610e+01 1.478857921415590582e+01 2.522854610759204164e+01 2.273243288117998873e+01 1.060942923834600649e+01
1.914020035912861673e+01 1.498988540789322066e+01 1.535897680741756588e+01 2.177828103949049421e+01 6.423303327061040235e+00 2.087708760131499375e+01 8.535666709996514001e+00 1.725201239953478094e+01 2.568910758029368324e+01 1.675820119784793860e+01 1.780703392983941669e+01 6.137933146016210983e+00 1.697091572532340109e+01 1.491448654386728379e+01 6.412995795744997451e+00 1.311846333012640820e+01 1.637620497748028470e+01 9.549150906729682475e+00 2.235606873024980246e+01 2.194824321330093397e+01 9.656997469226158870e+00 1.620836448755770576e+01 1.201027896867055667e+01 2.040482981418550068e+01 1.872982721349876911e+01 2.140713905846359921e+01 9.319791036069752010e+00 1.302604078425795109e+01 2.095430588162049901e+01 1.820748271494602832e+01 2.092317080300877663e+01 0.000000000000000000e+00 1.556975064995423708e+01 1.318315887799749575e+01 8.891628199075263694e+00 1.267497293357433996e+01 1.520858420432075242e+01 2.535707420010766100e+01 1.434479864967979701e+01 1.157112969630418853e+01 2.052302821323794291e+01 1.147310094736636188e+01 5.628426497993438637e+00 7.011006396122327899e+00 1.209550706118664287e+01 6.952016997593730707e+00 1.770538246919574377e+01 1.581596504954410953e+01 5.148649396716113991e+00 1.415558804280656702e+01
