0.000000000000000000e+00 5.821136390636663105e-01 5.437553303620480394e-01 4.743432168195316212e-01 4.296944323584705461e-01 3.680209982175617345e-01 3.608935021677954214e-01 3.099319104268775105e-01 2.993630756355347700e-01 2.743147613611504054e-01 3.000390572027720193e-01 2.297023701955379915e-01 2.284169505031352909e-01 4.535896818539032482e-01 2.363741808022463975e-01 3.796002157606659377e-01 2.394859634026860751e-01 1.721012858768853904e-01 3.162565073874715749e-01 4.385794521502354715e-01 1.700604663739097022e-01 1.823277824347106224e-01 4.467776402448159767e-01 1.584262940642793827e-01 3.241274844641260366e-01
5.821136390636663105e-01 0.000000000000000000e+00 1.041560641963616751e+00 9.951424095219552068e-01 9.903134072608972271e-01 6.987563881581170255e-01 7.139671054684797458e-01 7.204431960893612485e-01 3.098619991594310785e-01 8.249487578332858062e-01 8.184496738122052362e-01 5.272583312128054089e-01 5.404670974511698311e-01 1.005560360110207885e+00 5.117430221126956225e-01 8.649124532185977765e-01 8.131957829522600267e-01 6.090838358276154940e-01 8.218592722969110254e-01 1.611141987134771525e-01 4.565495325651701131e-01 7.084600491710224546e-01 9.895306516364946736e-01 6.369663440727773018e-01 8.449266771665497888e-01
5.437553303620480394e-01 1.041560641963616751e+00 0.000000000000000000e+00 5.656357560600355772e-01 5.937177698980173890e-01 8.578568123445685645e-01 8.746356233547797343e-01 3.340429936448630066e-01 7.447679738476129518e-01 3.224685745015378746e-01 3.977537539905632857e-01 6.742540618149216458e-01 7.411263189423090703e-01 2.158466465765905284e-01 5.409006560401058428e-01 2.043311396962010085e-01 4.723639307717336644e-01 4.515631513528513552e-01 2.426380035183520467e-01 8.964484935180366820e-01 6.602190899358866272e-01 3.811846325862634499e-01 1.522117392552815307e-01 4.311357009534801943e-01 4.266618899107819107e-01
4.743432168195316212e-01 9.951424095219552068e-01 5.656357560600355772e-01 0.000000000000000000e+00 6.023872708758427619e-01 7.633545401092375338e-01 7.966619894677506863e-01 4.472048447301123497e-01 7.122483076880109509e-01 3.976747469341148644e-01 2.424736250618712008e-01 6.090756822001314186e-01 6.631526850552800223e-01 5.083560888568687819e-01 5.736418951880786210e-01 3.887008616623781609e-01 4.436213617119236230e-01 5.949196778996365120e-01 5.450542473759169004e-01 8.516082226085242013e-01 6.381128713627925997e-01 3.113569510393883188e-01 5.434306885561035472e-01 3.958100537501993421e-01 1.517735656959726120e-01
4.296944323584705461e-01 9.903134072608972271e-01 5.937177698980173890e-01 6.023872708758427619e-01 0.000000000000000000e+00 7.726779919062461977e-01 7.725091125030256745e-01 5.315359312731753327e-01 7.075628438327657976e-01 2.850095958482570246e-01 4.742389453643334196e-01 6.343593638842227600e-01 6.389998080905548994e-01 4.996514783143133354e-01 6.180728394632194478e-01 4.722380042791632926e-01 1.913940565501968949e-01 4.919460673718510924e-01 4.483928296521890178e-01 8.467792203474662216e-01 5.876704475757182911e-01 3.192776648938610573e-01 5.173925634463691914e-01 4.649793940690124527e-01 4.521715385204372328e-01
3.680209982175617345e-01 6.987563881581170255e-01 8.578568123445685645e-01 7.633545401092375338e-01 7.726779919062461977e-01 0.000000000000000000e+00 5.693062556730539292e-01 5.813295815580205028e-01 4.160275875783702171e-01 6.154857014671907267e-01 5.886929561997099603e-01 2.244273334670064401e-01 4.100055306870356020e-01 7.894519994407903640e-01 4.425704525784890375e-01 6.604294290884188401e-01 5.962081683629901763e-01 5.401222840944470693e-01 6.801325784593060808e-01 5.548915740192079671e-01 4.054580879889229106e-01 4.766721797583050035e-01 8.106537113166507602e-01 4.298239651954225415e-01 6.131388077538321157e-01
3.608935021677954214e-01 7.139671054684797458e-01 8.746356233547797343e-01 7.966619894677506863e-01 7.725091125030256745e-01 5.693062556730539292e-01 0.000000000000000000e+00 6.282155146452824690e-01 4.276931164282838371e-01 6.153168220639703145e-01 6.220004055582231128e-01 4.196740326114938857e-01 2.176127425161353546e-01 7.892831200375700629e-01 5.071240072578491187e-01 6.991838861415404782e-01 5.930083988041995324e-01 5.164369431771804742e-01 6.750856788165846556e-01 5.704329185550488512e-01 2.984444942520944055e-01 5.099796291168181561e-01 8.056068116739292240e-01 4.767098982826844522e-01 6.464462571123451573e-01
3.099319104268775105e-01 7.204431960893612485e-01 3.340429936448630066e-01 4.472048447301123497e-01 5.315359312731753327e-01 5.813295815580205028e-01 6.282155146452824690e-01 0.000000000000000000e+00 4.255336108870164114e-01 3.002055818002191123e-01 2.473046026472990877e-01 3.673604874038606249e-01 4.826614396601403012e-01 3.690751298144784309e-01 2.096591490217043496e-01 1.926842885975072195e-01 3.416666501657398824e-01 1.692354143016834012e-01 1.665208975984543982e-01 5.753310476437812904e-01 3.946366109771284880e-01 2.185068608243845856e-01 3.118414134337178512e-01 1.515056163625981278e-01 3.055915248847784205e-01
2.993630756355347700e-01 3.098619991594310785e-01 7.447679738476129518e-01 7.122483076880109509e-01 7.075628438327657976e-01 4.160275875783702171e-01 4.276931164282838371e-01 4.255336108870164114e-01 0.000000000000000000e+00 5.264922610701201489e-01 5.270581750011020805e-01 2.439706694650402019e-01 2.541247653648897042e-01 7.071038633470425605e-01 2.168334369103508408e-01 5.700028680162531058e-01 5.287464462850532954e-01 3.106273390644496146e-01 5.234027755337451460e-01 1.647498507138512314e-01 1.580930358020044280e-01 4.257094857428907475e-01 6.910741548733294604e-01 3.455748452616742572e-01 5.621761137384179152e-01
2.743147613611504054e-01 8.249487578332858062e-01 3.224685745015378746e-01 3.976747469341148644e-01 2.850095958482570246e-01 6.154857014671907267e-01 6.153168220639703145e-01 3.002055818002191123e-01 5.264922610701201489e-01 0.000000000000000000e+00 2.634730008155719561e-01 4.771670734451670670e-01 4.818075176514997060e-01 2.284022829178338487e-01 4.275167232461307143e-01 2.091120244784186732e-01 1.846110046739167232e-01 2.888649253543415507e-01 1.724948146168920615e-01 6.798366093877057370e-01 3.952077934050005070e-01 1.561179014856118874e-01 2.393231578044997532e-01 3.077871036299570373e-01 2.474590145787093354e-01
3.000390572027720193e-01 8.184496738122052362e-01 3.977537539905632857e-01 2.424736250618712008e-01 4.742389453643334196e-01 5.886929561997099603e-01 6.220004055582231128e-01 2.473046026472990877e-01 5.270581750011020805e-01 2.634730008155719561e-01 0.000000000000000000e+00 4.246016906008694414e-01 4.884911011457525043e-01 3.483932525366562061e-01 3.737416531052653035e-01 1.978848690921992115e-01 3.121196677080756987e-01 3.950194358168233055e-01 3.422149284884733467e-01 6.733375253666252780e-01 4.634512874532649152e-01 1.606021418263063882e-01 3.834678522358909158e-01 1.959098116673861356e-01 1.465824641436000997e-01
2.297023701955379915e-01 5.272583312128054089e-01 6.742540618149216458e-01 6.090756822001314186e-01 6.343593638842227600e-01 2.244273334670064401e-01 4.196740326114938857e-01 3.673604874038606249e-01 2.439706694650402019e-01 4.771670734451670670e-01 4.246016906008694414e-01 0.000000000000000000e+00 2.603733076254753365e-01 6.511333714187670374e-01 2.234255273065573755e-01 4.737238247544381942e-01 4.578895403409666276e-01 3.754249883616401218e-01 5.338813850023149676e-01 3.833935170738965725e-01 2.467440962285736838e-01 3.383535517362811773e-01 6.723350832946268785e-01 2.431183608614414515e-01 4.611275724038950141e-01
2.284169505031352909e-01 5.404670974511698311e-01 7.411263189423090703e-01 6.631526850552800223e-01 6.389998080905548994e-01 4.100055306870356020e-01 2.176127425161353546e-01 4.826614396601403012e-01 2.541247653648897042e-01 4.818075176514997060e-01 4.884911011457525043e-01 2.603733076254753365e-01 0.000000000000000000e+00 6.557738156250992878e-01 3.497178958675895011e-01 5.617612871905386385e-01 4.594990943917289239e-01 3.890906091747410311e-01 5.415763744041141026e-01 3.969329105377388811e-01 1.704053643415867070e-01 3.764703247043473811e-01 6.720975072614583379e-01 3.311558232975421179e-01 5.129369526998746043e-01
4.535896818539032482e-01 1.005560360110207885e+00 2.158466465765905284e-01 5.083560888568687819e-01 4.996514783143133354e-01 7.894519994407903640e-01 7.892831200375700629e-01 3.690751298144784309e-01 7.071038633470425605e-01 2.284022829178338487e-01 3.483932525366562061e-01 6.511333714187670374e-01 6.557738156250992878e-01 0.000000000000000000e+00 5.645676563914103774e-01 1.992995528285388118e-01 3.782976391880297218e-01 4.110527266768359000e-01 2.186284346340355289e-01 8.604482116646281487e-01 5.758193956819228632e-01 3.139004783633142504e-01 1.521376965382738866e-01 4.165193450776366046e-01 3.640659119001410926e-01
2.363741808022463975e-01 5.117430221126956225e-01 5.409006560401058428e-01 5.736418951880786210e-01 6.180728394632194478e-01 4.425704525784890375e-01 5.071240072578491187e-01 2.096591490217043496e-01 2.168334369103508408e-01 4.275167232461307143e-01 3.737416531052653035e-01 2.234255273065573755e-01 3.497178958675895011e-01 5.645676563914103774e-01 0.000000000000000000e+00 3.701207990339151488e-01 4.392038087134433333e-01 1.696528785985138843e-01 3.569975031074880123e-01 3.666308736671157753e-01 2.086795130057546854e-01 3.206241811900333305e-01 5.088887756761107939e-01 1.873749613178160578e-01 4.268000142575922307e-01
3.796002157606659377e-01 8.649124532185977765e-01 2.043311396962010085e-01 3.887008616623781609e-01 4.722380042791632926e-01 6.604294290884188401e-01 6.991838861415404782e-01 1.926842885975072195e-01 5.700028680162531058e-01 2.091120244784186732e-01 1.978848690921992115e-01 4.737238247544381942e-01 5.617612871905386385e-01 1.992995528285388118e-01 3.701207990339151488e-01 0.000000000000000000e+00 3.418660605507653494e-01 3.560758721670253535e-01 1.833226887890176404e-01 7.198003047730178183e-01 5.406347680365821695e-01 2.385043120804714034e-01 2.419178133622973403e-01 2.306054638929966039e-01 2.623614054261487749e-01
2.394859634026860751e-01 8.131957829522600267e-01 4.723639307717336644e-01 4.436213617119236230e-01 1.913940565501968949e-01 5.962081683629901763e-01 5.930083988041995324e-01 3.416666501657398824e-01 5.287464462850532954e-01 1.846110046739167232e-01 3.121196677080756987e-01 4.578895403409666276e-01 4.594990943917289239e-01 3.782976391880297218e-01 4.392038087134433333e-01 3.418660605507653494e-01 0.000000000000000000e+00 3.005520108216542252e-01 2.887911593119283915e-01 6.696615960388290212e-01 3.974619786199335980e-01 1.605117557299419184e-01 3.960387243200854668e-01 2.930758290591040649e-01 2.934056293565180384e-01
1.721012858768853904e-01 6.090838358276154940e-01 4.515631513528513552e-01 5.949196778996365120e-01 4.919460673718510924e-01 5.401222840944470693e-01 5.164369431771804742e-01 1.692354143016834012e-01 3.106273390644496146e-01 2.888649253543415507e-01 3.950194358168233055e-01 3.754249883616401218e-01 3.890906091747410311e-01 4.110527266768359000e-01 1.696528785985138843e-01 3.560758721670253535e-01 3.005520108216542252e-01 0.000000000000000000e+00 2.127754364692956146e-01 4.639716873820354803e-01 2.254011966754451146e-01 2.992057808726738544e-01 3.869134283567862709e-01 2.345515312093741922e-01 4.473983944857368722e-01
3.162565073874715749e-01 8.218592722969110254e-01 2.426380035183520467e-01 5.450542473759169004e-01 4.483928296521890178e-01 6.801325784593060808e-01 6.750856788165846556e-01 1.665208975984543982e-01 5.234027755337451460e-01 1.724948146168920615e-01 3.422149284884733467e-01 5.338813850023149676e-01 5.415763744041141026e-01 2.186284346340355289e-01 3.569975031074880123e-01 1.833226887890176404e-01 2.887911593119283915e-01 2.127754364692956146e-01 0.000000000000000000e+00 6.767471238513310672e-01 4.289778031523440727e-01 3.058346995683414171e-01 1.823380966402510239e-01 3.148241440191422158e-01 3.948385150205112604e-01
4.385794521502354715e-01 1.611141987134771525e-01 8.964484935180366820e-01 8.516082226085242013e-01 8.467792203474662216e-01 5.548915740192079671e-01 5.704329185550488512e-01 5.753310476437812904e-01 1.647498507138512314e-01 6.798366093877057370e-01 6.733375253666252780e-01 3.833935170738965725e-01 3.969329105377388811e-01 8.604482116646281487e-01 3.666308736671157753e-01 7.198003047730178183e-01 6.696615960388290212e-01 4.639716873820354803e-01 6.767471238513310672e-01 0.000000000000000000e+00 3.114373841195902659e-01 5.649258622575914490e-01 8.444185031909152706e-01 4.918541956271972881e-01 7.013924902531188943e-01
1.700604663739097022e-01 4.565495325651701131e-01 6.602190899358866272e-01 6.381128713627925997e-01 5.876704475757182911e-01 4.054580879889229106e-01 2.984444942520944055e-01 3.946366109771284880e-01 1.580930358020044280e-01 3.952077934050005070e-01 4.634512874532649152e-01 2.467440962285736838e-01 1.704053643415867070e-01 5.758193956819228632e-01 2.086795130057546854e-01 5.406347680365821695e-01 3.974619786199335980e-01 2.254011966754451146e-01 4.289778031523440727e-01 3.114373841195902659e-01 0.000000000000000000e+00 3.514305110118597364e-01 5.632413998186547310e-01 3.189583379328855273e-01 4.878971390073869596e-01
1.823277824347106224e-01 7.084600491710224546e-01 3.811846325862634499e-01 3.113569510393883188e-01 3.192776648938610573e-01 4.766721797583050035e-01 5.099796291168181561e-01 2.185068608243845856e-01 4.257094857428907475e-01 1.561179014856118874e-01 1.606021418263063882e-01 3.383535517362811773e-01 3.764703247043473811e-01 3.139004783633142504e-01 3.206241811900333305e-01 2.385043120804714034e-01 1.605117557299419184e-01 2.992057808726738544e-01 3.058346995683414171e-01 5.649258622575914490e-01 3.514305110118597364e-01 0.000000000000000000e+00 3.438091100305050718e-01 1.599403914994822762e-01 1.611412186839826788e-01
4.467776402448159767e-01 9.895306516364946736e-01 1.522117392552815307e-01 5.434306885561035472e-01 5.173925634463691914e-01 8.106537113166507602e-01 8.056068116739292240e-01 3.118414134337178512e-01 6.910741548733294604e-01 2.393231578044997532e-01 3.834678522358909158e-01 6.723350832946268785e-01 6.720975072614583379e-01 1.521376965382738866e-01 5.088887756761107939e-01 2.419178133622973403e-01 3.960387243200854668e-01 3.869134283567862709e-01 1.823380966402510239e-01 8.444185031909152706e-01 5.632413998186547310e-01 3.438091100305050718e-01 0.000000000000000000e+00 4.498792532117535936e-01 3.991405115993756914e-01
1.584262940642793827e-01 6.369663440727773018e-01 4.311357009534801943e-01 3.958100537501993421e-01 4.649793940690124527e-01 4.298239651954225415e-01 4.767098982826844522e-01 1.515056163625981278e-01 3.455748452616742572e-01 3.077871036299570373e-01 1.959098116673861356e-01 2.431183608614414515e-01 3.311558232975421179e-01 4.165193450776366046e-01 1.873749613178160578e-01 2.306054638929966039e-01 2.930758290591040649e-01 2.345515312093741922e-01 3.148241440191422158e-01 4.918541956271972881e-01 3.189583379328855273e-01 1.599403914994822762e-01 4.498792532117535936e-01 0.000000000000000000e+00 2.541967339048654129e-01
3.241274844641260366e-01 8.449266771665497888e-01 4.266618899107819107e-01 1.517735656959726120e-01 4.521715385204372328e-01 6.131388077538321157e-01 6.464462571123451573e-01 3.055915248847784205e-01 5.621761137384179152e-01 2.474590145787093354e-01 1.465824641436000997e-01 4.611275724038950141e-01 5.129369526998746043e-01 3.640659119001410926e-01 4.268000142575922307e-01 2.623614054261487749e-01 2.934056293565180384e-01 4.473983944857368722e-01 3.948385150205112604e-01 7.013924902531188943e-01 4.878971390073869596e-01 1.611412186839826788e-01 3.991405115993756914e-01 2.541967339048654129e-01 0.000000000000000000e+00
