0.000000000000000000e+00 6.032304641980278381e-01 5.102650131012843593e-01 5.164868609819740497e-01 3.345003026668573742e-01 3.206041557306670287e-01 2.746103299176926305e-01 2.584247281705800425e-01 3.751292908958342442e-01 2.026852755793047411e-01 1.950850780591824596e-01 3.751732919766507801e-01 1.700491338920433193e-01 1.714771848422145528e-01 2.308391795576180960e-01 4.545517935156223044e-01 1.596826241379079303e-01 3.847165673616156911e-01 1.439906827283076174e-01 4.721600087859806338e-01 5.481790665861169254e-01 3.216146424532898562e-01 5.651085300021027047e-01 4.004798169251237994e-01 1.072633469142983687e-01 2.299670553290678321e-01 1.544303101091765162e-01 1.064259738586969956e-01 2.311185058038157658e-01 2.689652571843298423e-01 1.010414468745373107e-01 5.604575866611585244e-01 2.794314810644405456e-01 9.562439025351744670e-02 3.217023040265551970e-01 3.957398934533296053e-01 9.422992700339180572e-02 4.676615246418645566e-01 1.826606611712586481e-01 4.309096199108346514e-01 2.751827888827416135e-01 2.919106011063841155e-01 1.982573581295709320e-01 3.927795590305472873e-01 3.840917846070439623e-01 5.338245242062557017e-01 5.332061301719727142e-01 3.993621581726530256e-01 5.317282345451793679e-01 1.912906179772348725e-01 1.806249156139607126e-01 9.038337371944009380e-02 4.248848105405094722e-01 4.462253212537570235e-01 1.109693640838372436e-01 5.863059659979469318e-01 2.052951427808801799e-01 3.749907876319791278e-01 9.285510354891179929e-02 1.081712782500592052e-01 1.617263920534441346e-01 4.762244780971924274e-01 3.308106383309843967e-01 1.714353877534236792e-01 4.336221070472497940e-01 2.660764761128451839e-01 3.410620104014620568e-01 2.595691104926362569e-01 2.079651449972445831e-01 4.046868965038443178e-01 3.429593829985399522e-01 1.370304841516594152e-01 2.748014803479442714e-01 1.231560792969825929e-01 1.055329073535775097e-01 2.255134912824821869e-01 3.318320211585170654e-01 2.114490991056809932e-01 3.771866484204429160e-01 2.330833669896669458e-01 5.565643203452033116e-01 5.664781904165512583e-02 1.450422554340306813e-01 1.870521306731575961e-01 1.598578959967189850e-01 5.767082582079905567e-02 2.110554949195081742e-01 4.565261356140429272e-01 1.449584553126406772e-01 3.066512405713233136e-01 3.331096700346005135e-01 1.449733261677272067e-01 5.059882502854781139e-01 1.314638515955697806e-01 4.859142084724559774e-01 5.249693600339262467e-01 4.149200326380812487e-01 5.195354920480851901e-02 5.255534585056511471e-02 5.746651137819694943e-01
6.032304641980278381e-01 0.000000000000000000e+00 4.257208599371678504e-01 4.234000145192480247e-01 8.409275767366116705e-01 3.191553172723087251e-01 6.779637241388115632e-01 6.765360041793965218e-01 2.395805721912884212e-01 4.129675906085037429e-01 4.791469012764747459e-01 2.582568312327196969e-01 6.715045583649909000e-01 5.117253688065990236e-01 3.727988324378663787e-01 1.610063194472985959e-01 4.731812534950240456e-01 2.917371606988247712e-01 5.827389249739979293e-01 1.324954188022510193e-01 1.258753582538143512e-01 2.873485611470605883e-01 1.211590923512747553e-01 3.138458590580622265e-01 4.959671172837298303e-01 7.485712304745127943e-01 6.043111917724653948e-01 5.049589633145806777e-01 4.143527361650623519e-01 3.520175835753923677e-01 5.426476960370324454e-01 9.659607556268473560e-02 3.277229883874199778e-01 5.795620823019234091e-01 2.834387076540165751e-01 2.350543742148963611e-01 5.450588734948891290e-01 1.488938743587069902e-01 4.459709420787958956e-01 3.483598856918936892e-01 3.427833404224681080e-01 3.251611552730234167e-01 4.152588702680947708e-01 2.107761212164902809e-01 2.390427453043139083e-01 7.919734416715845660e-02 7.648823331069920517e-02 2.111018572949809047e-01 7.995576818224701954e-02 4.275644288647660884e-01 5.314292787554643072e-01 5.521764631421768321e-01 1.822696589113510512e-01 3.604193441566773681e-01 5.654265956653997671e-01 7.305419506037665045e-02 6.053072592805558427e-01 2.932996393977497784e-01 6.262147192718551247e-01 5.293897238850103770e-01 4.798568069197136077e-01 1.502686255459753373e-01 2.795237123973938753e-01 4.354421840507370356e-01 1.730034427898420879e-01 3.485334268053166262e-01 2.660924590503984666e-01 3.652525979121150623e-01 4.337598766216863577e-01 3.024723957480979775e-01 3.047784747964844554e-01 5.606925770338289094e-01 7.948799525453101866e-01 5.028357031511342390e-01 5.295708250497673797e-01 3.811120585546098338e-01 2.878432644518560402e-01 6.474646288763090674e-01 2.465975234333273314e-01 3.980087756794634113e-01 8.369560562730395115e-02 5.633927698375906790e-01 4.845441512455874733e-01 6.940218341623890508e-01 4.494294562062692844e-01 5.938944980502453008e-01 7.261313946070498959e-01 3.722414362576174085e-01 4.788176509929839009e-01 3.313527950184070869e-01 2.922180652978191850e-01 5.180146078363242479e-01 9.724221391254983526e-02 6.384335550848009300e-01 1.229739925754962243e-01 8.301212232163721061e-02 1.995924123308381315e-01 5.814844738800230006e-01 5.816997479801179205e-01 5.665680787695830112e-02
5.102650131012843593e-01 4.257208599371678504e-01 0.000000000000000000e+00 4.125282730128889686e-01 8.234997700137177690e-01 4.204787341792258215e-01 6.263128065527499011e-01 5.914253078494637883e-01 2.376487724900094300e-01 3.904702941901688762e-01 4.493821052830713758e-01 2.981606024358109952e-01 6.659018868327978291e-01 4.272244199232521633e-01 2.854930029682372639e-01 3.814507655531156338e-01 5.353208615473838972e-01 1.391543324816064686e-01 5.232384411826103143e-01 2.998858837775109643e-01 4.159452147117694287e-01 3.333388033937577100e-01 4.336665556078276862e-01 2.924512863816756125e-01 4.030016661869859074e-01 7.239845771910994321e-01 5.187904198152050173e-01 4.698811304277694112e-01 4.667916262287781781e-01 4.358473584716334170e-01 5.388956924711927332e-01 3.852293875871765638e-01 3.351954134193385060e-01 5.733303140875219972e-01 2.327592397712122396e-01 3.869639234410852113e-01 4.621385333018906416e-01 3.250107120504763247e-01 3.691677218395088556e-01 8.715337016724657160e-02 3.006137676575799111e-01 2.246869384153089011e-01 3.668084172385949748e-01 2.151691950394386821e-01 3.880653856651513078e-01 3.834021613977287024e-01 4.263139122789938451e-01 3.321242867397449228e-01 3.591075917605103807e-01 4.571739253922372792e-01 4.883748692676202485e-01 4.624672014790954799e-01 3.177408036583275752e-01 3.618242337111242657e-01 5.349078548914166786e-01 4.089552153253057099e-01 5.569976194159376170e-01 1.574146102329441188e-01 5.938711718068611090e-01 4.698892400936228730e-01 4.803202757403392531e-01 3.499123414854816705e-01 2.623355906526005366e-01 3.388296253478605968e-01 2.637562837986939246e-01 3.459998756476563297e-01 3.340037902873294606e-01 3.933374833155290906e-01 4.209302629958344699e-01 3.125388566483435215e-01 2.801368949540750664e-01 4.767195936779826115e-01 7.757699104807705970e-01 4.286723037137850079e-01 5.656811107006886052e-01 2.981917183616110134e-01 3.896549906663457352e-01 5.623539325463761118e-01 2.412315888670153174e-01 4.803270860851825974e-01 4.040471576904339779e-01 5.238147297195911989e-01 3.979713811642308086e-01 6.753862964776358169e-01 4.307479227599143035e-01 5.072992680089197792e-01 7.108565673717228695e-01 5.523086053328470080e-02 4.257444540208975003e-01 4.431957396048353259e-01 3.608492642137706152e-01 4.916565502038302005e-01 3.284786460246179596e-01 6.197980174000479181e-01 3.731521196786949934e-01 3.515408103272993912e-01 2.864184973320728078e-01 5.410566697411611781e-01 4.919904863170364573e-01 4.355678592712746711e-01
5.164868609819740497e-01 4.234000145192480247e-01 4.125282730128889686e-01 0.000000000000000000e+00 8.305489699277210924e-01 3.472527629954526573e-01 5.992364234902284315e-01 6.217542968890634736e-01 3.327067549741786201e-01 4.591608994531911070e-01 4.044360026634502003e-01 1.940540667533231234e-01 6.557815356965021047e-01 4.696924843816659423e-01 3.094810417110295808e-01 3.548073362604831082e-01 4.926865201439065700e-01 2.733739405312827220e-01 5.009676445355010221e-01 2.935460796929961202e-01 4.356625071180748043e-01 4.188258810797679255e-01 4.034375441226615289e-01 1.209676009929794849e-01 4.101766557458118023e-01 7.406029380170227050e-01 5.447722256470690638e-01 5.374170931398498663e-01 3.988401356928344965e-01 4.429092644800549095e-01 4.910483273225465517e-01 3.854820555945860372e-01 2.656899474353225377e-01 5.844921410426539010e-01 2.147095010578260188e-01 2.923869788076365883e-01 5.147038568252330082e-01 3.461537830075425703e-01 4.321839210669328191e-01 3.506889665495457886e-01 3.791066820076798849e-01 3.035937053776322503e-01 3.250857453258260144e-01 2.390468508760777711e-01 3.626558499680226366e-01 3.602278426510442944e-01 4.188464551055526286e-01 3.917449368680656629e-01 3.777412413704787641e-01 5.156705837393116276e-01 4.549668552995667636e-01 4.855438426936697915e-01 2.573861756655803634e-01 7.262354804801732233e-02 4.907156970523751105e-01 4.051626041107623810e-01 5.288448358246579106e-01 3.137477463175450954e-01 5.996339081840021956e-01 4.476184434465136364e-01 4.286763003643886960e-01 3.191967159467636872e-01 3.478226683386108631e-01 3.645873952231125092e-01 2.982396237688293428e-01 4.307298997637182825e-01 2.446283676731987877e-01 3.203656725018961260e-01 3.681564944087480362e-01 1.294611973474215916e-01 1.741413983115410180e-01 5.218717945908764033e-01 7.787291475639511740e-01 4.860009476039525156e-01 5.141787914393368686e-01 3.646724355865608169e-01 3.983411409040730766e-01 5.926829215859760192e-01 1.790979729118524766e-01 4.578900906804604931e-01 4.236928962880880944e-01 5.731346800236295502e-01 4.336801914817123849e-01 6.902615541341771133e-01 4.994385280229365343e-01 5.091855976980019793e-01 7.099805896256908833e-01 3.572974124796042261e-01 3.970463705544871047e-01 3.974772304860434979e-01 2.854989158905938407e-01 4.461729792032371189e-01 3.327743961700961317e-01 6.419616184145714444e-01 3.978204450713437312e-01 3.470082498348256439e-01 3.479197210229506010e-01 5.430928863670553275e-01 5.028258877328393162e-01 4.094481679344364466e-01
3.345003026668573742e-01 8.409275767366116705e-01 8.234997700137177690e-01 8.305489699277210924e-01 0.000000000000000000e+00 5.438135340667183959e-01 5.876793406415083965e-01 5.919420111323067113e-01 6.654438044614153780e-01 4.613647157595200943e-01 4.616852377315169287e-01 6.819555168579735094e-01 1.756304426227592030e-01 4.976215081716129918e-01 5.566383096916472928e-01 6.847153667123812015e-01 3.720882137007992529e-01 7.002155259549698307e-01 4.552020875157601343e-01 7.762423493906314143e-01 7.916584425472884545e-01 5.667453979310617118e-01 7.903605105100541817e-01 7.169195307678845053e-01 4.330624770483277874e-01 1.076243066647280394e-01 4.879475930709031850e-01 3.588355035108481417e-01 4.643715576636273656e-01 4.889099931612195249e-01 3.581461089720926472e-01 8.483746006497557834e-01 5.684293637532397137e-01 2.613654944346882614e-01 6.470423226570355402e-01 6.374921169019782674e-01 4.076922654905605903e-01 7.154579287463147530e-01 4.634468815344636727e-01 7.441443768232680611e-01 5.417829773291364948e-01 5.996819675045886866e-01 5.235973767600512474e-01 7.185786891645766783e-01 6.036005042880504545e-01 7.849077476366655981e-01 7.654861747545853579e-01 6.427286714999682626e-01 7.907751809580124691e-01 4.175337922216767472e-01 4.887185221228924625e-01 4.229952331993241943e-01 7.098310358697375033e-01 7.599470369407966830e-01 4.073488878730834317e-01 8.555034626638525763e-01 5.198248499397424283e-01 6.882255445444125375e-01 2.438029579471881758e-01 4.255506526767658393e-01 4.018726695633326740e-01 7.138364662578488007e-01 5.974225797543269989e-01 4.972345178874530980e-01 7.136987337964335598e-01 5.128876461439501044e-01 6.260082357306901990e-01 5.183211971554357866e-01 4.623924755189733338e-01 7.184086121908841438e-01 6.566810986855796672e-01 4.663691365617760320e-01 5.969882231891315838e-02 4.141810844472608721e-01 3.207932408528172408e-01 5.270669999553220242e-01 5.537419502310192421e-01 5.448833216242036093e-01 6.994684035838243386e-01 4.446344739129012291e-01 8.016950758229753893e-01 3.047102132410844932e-01 4.741495400887789646e-01 1.481134735360820076e-01 4.056867982295823127e-01 3.625595296789477784e-01 1.267091615233101876e-01 7.697608925264762814e-01 4.702984739431210759e-01 5.190568301342146640e-01 5.884749631076428011e-01 4.127363581076923804e-01 7.822171355982925345e-01 2.037017526136698509e-01 7.250884702449948982e-01 8.042775852672097159e-01 6.704191219856988626e-01 3.116082482071962367e-01 3.775641357212696780e-01 8.118564214162311554e-01
3.206041557306670287e-01 3.191553172723087251e-01 4.204787341792258215e-01 3.472527629954526573e-01 5.438135340667183959e-01 0.000000000000000000e+00 3.992280072674870284e-01 4.620846823322167785e-01 2.373878276929452247e-01 2.073797072864081714e-01 1.974269232857335243e-01 1.835038406547636614e-01 3.731743069653802314e-01 3.172338786842622271e-01 1.698860829471293410e-01 1.581489978250100736e-01 1.780372214369179695e-01 2.854868305927472649e-01 3.058814138005797045e-01 2.381577499199143411e-01 2.821057601146518268e-01 1.265145264974902040e-01 2.565760712075443872e-01 2.366922814952226173e-01 2.413496304598514164e-01 4.541464103763577231e-01 3.851026110902224797e-01 2.734431342808690824e-01 1.038570043490978645e-01 1.044943137928941584e-01 2.298138286828679266e-01 3.174265091877303546e-01 9.589167718489415015e-02 2.900968080103458746e-01 1.880705528156693951e-01 9.457506652967752336e-02 3.562130148594535028e-01 2.325778961614490548e-01 2.799951044926570765e-01 3.537710039997781775e-01 1.911205204690209214e-01 2.363194774833124179e-01 1.456269073915409940e-01 2.547923999823492047e-01 8.520731634701685098e-02 2.468231481659485804e-01 2.429092929899905606e-01 1.678467455821089915e-01 2.986597647007880885e-01 1.817867359410196282e-01 2.526935618841396058e-01 3.180443510019460018e-01 1.689571732027967677e-01 2.780536614823462815e-01 2.666422144397955774e-01 3.174188631931353921e-01 3.265715424092310859e-01 2.978521717209226538e-01 3.264237941798259768e-01 2.545799423157754093e-01 1.707205850550030102e-01 1.757518667871316720e-01 1.946827375477622746e-01 2.095441297596263575e-01 2.551381402066733584e-01 1.562782473534433669e-01 1.121822257835808356e-01 7.463941293097946239e-02 1.381568890662993043e-01 2.336111455459503328e-01 1.764538494129178625e-01 3.694131888934729657e-01 4.961219188328294116e-01 2.960007206752708342e-01 2.262372314070889845e-01 2.225752704478722865e-01 6.898413252555234132e-02 4.330133070291292685e-01 2.192411543111625893e-01 1.256678235155668788e-01 2.924352458395076404e-01 2.942593389293812201e-01 2.778863433494342949e-01 3.991030559087413998e-01 2.346146027108846621e-01 2.940695221645392432e-01 4.273733608945690654e-01 3.652478736459410791e-01 2.010666070062161470e-01 5.490629249292822145e-02 6.489278927796718333e-02 2.100036600551862531e-01 2.883639482251444952e-01 3.507446890884438617e-01 2.093523781719580090e-01 2.661929857964926427e-01 2.136504297954434362e-01 2.686506065258585374e-01 3.307109227180302646e-01 2.752948689719779130e-01
2.746103299176926305e-01 6.779637241388115632e-01 6.263128065527499011e-01 5.992364234902284315e-01 5.876793406415083965e-01 3.992280072674870284e-01 0.000000000000000000e+00 4.578909792225994702e-01 4.996543753122411613e-01 4.010122811369851159e-01 2.203874250555242775e-01 4.575824612261978896e-01 4.206048521320261968e-01 3.412572297957660039e-01 3.408198035845126372e-01 5.405944203488466382e-01 3.597104504955239701e-01 4.946971913885102046e-01 1.330637421038837476e-01 5.637349393953000609e-01 6.685366290421818070e-01 4.873481706630821142e-01 6.320836183453770740e-01 4.835732146632394368e-01 2.378499539055760892e-01 4.901647883713199372e-01 3.618928057534813170e-01 3.804268848380504275e-01 3.343359639986356324e-01 4.306227418367772897e-01 2.669436676087814098e-01 6.552882927198565577e-01 3.502407357513916963e-01 3.528992156718849249e-01 4.132628955900979895e-01 4.615619594530507852e-01 3.479931724584546249e-01 5.974783980185880417e-01 3.296039180452551842e-01 5.469574133623001932e-01 4.049386685415282128e-01 4.160909127037008548e-01 2.748580809193945651e-01 4.895742706650507703e-01 4.775604709583307073e-01 6.046337788932067969e-01 6.230551759141370605e-01 5.502974596917203920e-01 6.431274504276598414e-01 4.237114942388968686e-01 1.478562306719158892e-01 2.889950175420289424e-01 4.956940652274607340e-01 5.286344905033040220e-01 1.993505545921436251e-01 6.650071221988343995e-01 7.265646485825584533e-02 4.910385810834448361e-01 3.491957585382994278e-01 1.810412812383596082e-01 2.803892838045562441e-01 5.463477081219715314e-01 4.553357227473912028e-01 2.888543125964628810e-01 5.527122326585854895e-01 4.390837583442550041e-01 4.118712650884133186e-01 3.253911764923573813e-01 2.728655363190752303e-01 4.870960657533913718e-01 4.253685522480870063e-01 3.540893431719465689e-01 5.312203227161775843e-01 3.787159879324268896e-01 3.226978555328974818e-01 3.500385756988891317e-01 4.682121397930394391e-01 4.224252902363461182e-01 4.618228289554101029e-01 4.007087099835349164e-01 6.725811287636540570e-01 3.271906712452548049e-01 2.940200259424214368e-01 4.536341689863773730e-01 4.081602598098224566e-01 2.285516479744145180e-01 4.624717647779173491e-01 5.725739290655087466e-01 2.021900529357413823e-01 4.197029514898067415e-01 3.989317360343216379e-01 2.346676756674541398e-01 6.018368348288515302e-01 3.980458899087895297e-01 5.957832470994878227e-01 6.076703710768029953e-01 5.404955432520810454e-01 2.818193124830153384e-01 2.977100135939464431e-01 6.454743684689204786e-01
2.584247281705800425e-01 6.765360041793965218e-01 5.914253078494637883e-01 6.217542968890634736e-01 5.919420111323067113e-01 4.620846823322167785e-01 4.578909792225994702e-01 0.000000000000000000e+00 4.450397452381388841e-01 3.333741463823135520e-01 3.383177538390987338e-01 4.822211164080354995e-01 4.257280742412510310e-01 1.672981580179887240e-01 3.220794904639328049e-01 5.534068189478300592e-01 4.142201160995687137e-01 4.674531666051237599e-01 3.421568095883867344e-01 5.666096841965373443e-01 6.337274804937798045e-01 4.243602860481553440e-01 6.727575460121051343e-01 5.057472528322132233e-01 2.317116214523441686e-01 4.883917834996479579e-01 1.060700069798752865e-01 3.133870277227636114e-01 4.014630920778068934e-01 4.351447090698597475e-01 3.426570079301413108e-01 6.525658747275027149e-01 3.982797278920817696e-01 3.539630594893161675e-01 4.202050978068172515e-01 5.125571350626916267e-01 2.130596005032583673e-01 5.428637679444858755e-01 2.559266186580889113e-01 5.120699146590140804e-01 3.437901068216636657e-01 3.683042248954079834e-01 3.171844129707089288e-01 4.827140824665871466e-01 4.999410078291395276e-01 6.428808787245109402e-01 6.255192796680464351e-01 4.873095750767937884e-01 6.016386888874839523e-01 3.800754703469227391e-01 3.558224136424636419e-01 1.709835116066901473e-01 5.379182821981854934e-01 5.515322913350210188e-01 3.212015964387029965e-01 6.655316511094521159e-01 3.885757920857871306e-01 4.561510823801584458e-01 3.497490397038541809e-01 2.768496979842398065e-01 3.920391635297123534e-01 5.892579497548683376e-01 4.007210926732889811e-01 2.635372229001554101e-01 5.035325613895546004e-01 3.760958737293282894e-01 4.540954820591379670e-01 3.874452694012373022e-01 3.399926643982466024e-01 5.099938665851083686e-01 4.482663530798038920e-01 1.368316233624330691e-01 5.332262085185245359e-01 2.515813516336535827e-01 3.571641216934164920e-01 2.954239456247867435e-01 4.594954041320695737e-01 5.710240553249262829e-02 4.766305168202075171e-01 4.282208304596976101e-01 6.331433093704817994e-01 2.989494998607647447e-01 1.938420442676550282e-01 4.453907999089564695e-01 3.265105945921956687e-01 2.870054305623245261e-01 4.667344352687158304e-01 5.376864303622225227e-01 2.922696381496948659e-01 4.774678285898434349e-01 4.572707672854455785e-01 3.743079309092526841e-01 5.890301499623598058e-01 3.898025208313686818e-01 5.753774976873902158e-01 6.188772974676254313e-01 4.858809131779787682e-01 3.030761777425260983e-01 2.154131932003864602e-01 6.767223570251094111e-01
3.751292908958342442e-01 2.395805721912884212e-01 2.376487724900094300e-01 3.327067549741786201e-01 6.654438044614153780e-01 2.373878276929452247e-01 4.996543753122411613e-01 4.450397452381388841e-01 0.000000000000000000e+00 2.143502687491172232e-01 3.273554903455177523e-01 1.894185495060564384e-01 5.078459212804954381e-01 2.802291098653414414e-01 1.681073665437164688e-01 1.596395901743046519e-01 3.570090005427263291e-01 1.348190110320710566e-01 3.965800099421013525e-01 1.317002094445531568e-01 2.014429976773305653e-01 1.226083570670928602e-01 2.643466669025574811e-01 2.167043824039692201e-01 2.719753969861083420e-01 5.659286116387969301e-01 3.728149328312077571e-01 3.107219722036317910e-01 3.224375281815361483e-01 2.256181996020007186e-01 4.243980139094650217e-01 2.106280012949921787e-01 2.290224820573642517e-01 4.152743485352194952e-01 1.459901226011109943e-01 2.225946326959536148e-01 3.135626145536315468e-01 1.093781263312522262e-01 2.175372112922564494e-01 1.506296139584172022e-01 1.250117778984396189e-01 8.558058308173484285e-02 2.422911907826064692e-01 9.643848743344406171e-02 1.627739358438670125e-01 2.156682446083175997e-01 2.046424349067591797e-01 9.770057702026761770e-02 1.646832568993758517e-01 2.764488487354254120e-01 3.629090568851666143e-01 3.206802042009193610e-01 1.695273640437134910e-01 2.754918084883677953e-01 3.997721326859665636e-01 2.285762191213439598e-01 4.303391881754287662e-01 8.023416225706525573e-02 4.416666907681910947e-01 3.395580281462902139e-01 3.658225971786113750e-01 1.890323215205055862e-01 7.170751017828702611e-02 2.129370552209195466e-01 6.657712940144634717e-02 1.616302861644340616e-01 2.302712518562520516e-01 2.885995099020102761e-01 3.064325844341066474e-01 2.260047231231685494e-01 2.020367679246171944e-01 3.291963180925713273e-01 6.177139449284684281e-01 2.770417931665324907e-01 4.056614886411631371e-01 1.496157996133521129e-01 1.700244901589281765e-01 4.159683699350513741e-01 1.546974553418403731e-01 2.818365227271657503e-01 1.995640063060095393e-01 3.657587641672887524e-01 2.530478923043296691e-01 5.173303309253334259e-01 2.688311340788017700e-01 3.721635458034696087e-01 5.553588751016733660e-01 1.934011914696938672e-01 3.002786416384438661e-01 2.247238073376265077e-01 2.523934542962181782e-01 3.723450030371184272e-01 1.496239658239511550e-01 4.617420518477456381e-01 1.514806423064603003e-01 1.833551359943415004e-01 5.735589848691736298e-02 4.059209475357111185e-01 3.502034890388602828e-01 2.547323421706326196e-01
2.026852755793047411e-01 4.129675906085037429e-01 3.904702941901688762e-01 4.591608994531911070e-01 4.613647157595200943e-01 2.073797072864081714e-01 4.010122811369851159e-01 3.333741463823135520e-01 2.143502687491172232e-01 0.000000000000000000e+00 2.343576231595985715e-01 3.310304569425632226e-01 3.037668325786000989e-01 1.669925434611104209e-01 1.656152521451603188e-01 2.628345092832953811e-01 1.534547466177406672e-01 2.671860501314209935e-01 2.970910475761353031e-01 3.375414342162396664e-01 3.483435808393967048e-01 1.298973582209629052e-01 3.825989773388219772e-01 3.396218384534347989e-01 1.674060550979880879e-01 3.618495229369015909e-01 2.631000727362080016e-01 1.046267972189614676e-01 1.624163672402599012e-01 1.030336028988465130e-01 2.529184457207624970e-01 3.967409745597762494e-01 2.599834020598049689e-01 2.111952598333241837e-01 2.468785440024570121e-01 2.740930717068327249e-01 1.577961148297100102e-01 2.649762490625598432e-01 8.712934935854163565e-02 3.078924874880710760e-01 9.173394937194073728e-02 1.666524916810399048e-01 1.795244394995474668e-01 2.877986456212396349e-01 2.025084994673356509e-01 3.858994375636858876e-01 3.401353800136633909e-01 2.019256754224108830e-01 3.391778401448337643e-01 7.526705125557610343e-02 2.686092253514015260e-01 2.133466066208891121e-01 3.471862618151057567e-01 4.003416318695487419e-01 2.952027907978462817e-01 4.040826616809990446e-01 3.316970940001727208e-01 2.519736552092156079e-01 2.389000510232997809e-01 2.349886862581698488e-01 2.173227286662166580e-01 3.264395541460603511e-01 1.426427585708301971e-01 1.157691318265144514e-01 2.589189126129368135e-01 7.363239356583052564e-02 3.032908441380239850e-01 2.387388161153356780e-01 2.170822393872641198e-01 3.588032071196360362e-01 2.970756936143316707e-01 2.094026563853320089e-01 4.136348562265729223e-01 9.277530048641383087e-02 1.985737267390283445e-01 1.077204955115149410e-01 1.497366851551174549e-01 3.028093314297826133e-01 2.973330351202692068e-01 9.484668407738405804e-02 3.540124845571361312e-01 1.630606037419715382e-01 1.442370630955431832e-01 3.132512422234380867e-01 5.644749219608413693e-02 2.603561014001037899e-01 3.512797863997781378e-01 3.367314167029274441e-01 2.059788101046787778e-01 1.524734147934799222e-01 2.602443519786070691e-01 2.759755967689278555e-01 3.305835095083132780e-01 2.576629631458502989e-01 2.899935980330073937e-01 3.778144291275379318e-01 2.154946024201054300e-01 2.273507228905463917e-01 2.007420352880485426e-01 3.913384573707265335e-01
1.950850780591824596e-01 4.791469012764747459e-01 4.493821052830713758e-01 4.044360026634502003e-01 4.616852377315169287e-01 1.974269232857335243e-01 2.203874250555242775e-01 3.383177538390987338e-01 3.273554903455177523e-01 2.343576231595985715e-01 0.000000000000000000e+00 2.608765549286660157e-01 2.869178035002976079e-01 2.003404803282421709e-01 1.673282997597339838e-01 3.387933363670934672e-01 1.470736976353965442e-01 3.153099616531416793e-01 1.348856499315268798e-01 3.696166684170401062e-01 4.667355450604284695e-01 3.177900877564507343e-01 4.302825343636239031e-01 2.887727938364611502e-01 1.087639201564039731e-01 3.728961216275437640e-01 2.546637879699464313e-01 2.405865018143512890e-01 1.162450026589067903e-01 2.161515034853403183e-01 1.079983383875032371e-01 4.573503808305761642e-01 1.514239128890547403e-01 2.185811047033309473e-01 2.260108157488512071e-01 2.598683177083593865e-01 2.415617410714265556e-01 4.192410965087515762e-01 1.740580199264942507e-01 3.734659095375218452e-01 2.368098397832906765e-01 2.425994088789222014e-01 8.506429956291125527e-02 3.023221908238040712e-01 2.757593869765772587e-01 4.058169560308697577e-01 4.212540919323838340e-01 3.575674192352767955e-01 4.539512568397537362e-01 2.061567017199854024e-01 7.344490821586520390e-02 1.817659997584941678e-01 2.968772423651236392e-01 3.338340696765256799e-01 8.627969438892504894e-02 4.661902993364979708e-01 1.489696312814545176e-01 3.175470772586662660e-01 2.319270917945232546e-01 1.106493716912496095e-01 6.893353654429841548e-02 3.446540663772802993e-01 2.872068939891537220e-01 1.185884913330840507e-01 3.654601528173387348e-01 2.709549295860175233e-01 2.130544422260763349e-01 1.236975347476660103e-01 7.106445233732180955e-02 2.922956449266129186e-01 2.305681314213085531e-01 2.468603253884116555e-01 4.066752450001973607e-01 2.250684958568599237e-01 1.505322966055243628e-01 1.819097469406514567e-01 2.602596937845127467e-01 3.092463785360112238e-01 2.686718710132841026e-01 1.831539174646233947e-01 4.707800447819008860e-01 2.248766497863952663e-01 1.541194148563162225e-01 3.243505177948540763e-01 2.448415340122091777e-01 1.374142522383834386e-01 3.379266870619370700e-01 3.941512447497866334e-01 5.491352777054358397e-02 2.094087249207940704e-01 1.972380942896302114e-01 5.377781767553861669e-02 4.092870058590113991e-01 2.760505820752484629e-01 3.939821631177344852e-01 4.088535482144663447e-01 3.718775604659346756e-01 1.635523179829036777e-01 1.944325714745783473e-01 4.441970685621265957e-01
3.751732919766507801e-01 2.582568312327196969e-01 2.981606024358109952e-01 1.940540667533231234e-01 6.819555168579735094e-01 1.835038406547636614e-01 4.575824612261978896e-01 4.822211164080354995e-01 1.894185495060564384e-01 3.310304569425632226e-01 2.608765549286660157e-01 0.000000000000000000e+00 5.071880826267544107e-01 3.314256707538262847e-01 1.743796609175485013e-01 1.716255810884958766e-01 3.417050365457068861e-01 1.607076122887435565e-01 3.593136822714702583e-01 1.346671005239046537e-01 2.850287170281394777e-01 2.568577160619203159e-01 2.287947036918559773e-01 1.136403443914990319e-01 2.690761044484054065e-01 5.967114555320456315e-01 4.052390451660412007e-01 4.011787679141951002e-01 2.399495353389880237e-01 2.786800187265766615e-01 3.424548742527989686e-01 2.266030764254944874e-01 1.146697284747193735e-01 4.358986879729062625e-01 9.970777944528008696e-02 1.016998218661852443e-01 3.764370431973936282e-01 1.974057004897379064e-01 2.941761424091149935e-01 2.267766615016710563e-01 2.509762394970518340e-01 1.754632628670041716e-01 1.834500425371373977e-01 9.370589606565535301e-02 1.817302923280962046e-01 1.855850022202387983e-01 2.360354349104102634e-01 2.222485681132732871e-01 2.250818025062167327e-01 3.555277686912629576e-01 3.131589324076555769e-01 3.460106622126417064e-01 8.071693906860831491e-02 1.259974943589741991e-01 3.471562493175911479e-01 2.420255978955586085e-01 3.870369129327470570e-01 1.896915884207452663e-01 4.567324365807780562e-01 3.059644811824829280e-01 2.800828472946410574e-01 1.434266338913247341e-01 2.241274494805407802e-01 2.250542147420844519e-01 1.509302307399187915e-01 3.039669783119685609e-01 7.196652140861886648e-02 1.693454535412930451e-01 2.195630413390003421e-01 6.573539852465898337e-02 6.440663501641578914e-02 3.836049809630370233e-01 6.301356944942035909e-01 3.477341339761129135e-01 3.655853383695891745e-01 2.304745627709711697e-01 2.233792397571991162e-01 4.531497411049479895e-01 5.692901356879562919e-02 2.989994903266139925e-01 2.729994614791463325e-01 4.318211110183058921e-01 2.954133778538727273e-01 5.416681010644294192e-01 3.648336122918729996e-01 3.678720286926784877e-01 5.613871365559431892e-01 2.444660588356485642e-01 2.553924082904563964e-01 2.293745975443782781e-01 1.244889779582482037e-01 3.007847832888413397e-01 1.765575625515073965e-01 4.933681653448238058e-01 2.156121944346622299e-01 1.838712436196218436e-01 2.010329219920489741e-01 3.944994332973077444e-01 3.616040255092262679e-01 2.348053275036308396e-01
1.700491338920433193e-01 6.715045583649909000e-01 6.659018868327978291e-01 6.557815356965021047e-01 1.756304426227592030e-01 3.731743069653802314e-01 4.206048521320261968e-01 4.257280742412510310e-01 5.078459212804954381e-01 3.037668325786000989e-01 2.869178035002976079e-01 5.071880826267544107e-01 0.000000000000000000e+00 3.359717758964681500e-01 3.904243728005915570e-01 5.143987401223345524e-01 2.014489865994610329e-01 5.426176427740498909e-01 2.881275990062780457e-01 6.056031222892933608e-01 6.282601870690789347e-01 4.074558498737314571e-01 6.197212834087155731e-01 5.421520965366651845e-01 2.668485401572719407e-01 1.063465315538790062e-01 3.217336561798473937e-01 2.012376203299280353e-01 2.928460445230500198e-01 3.197383893417525824e-01 1.838746258909312870e-01 6.848718815571093188e-01 3.936619295220203929e-01 1.011621927273332888e-01 4.808283857659799154e-01 4.668528898006402694e-01 2.514871448215583727e-01 5.557599821052726652e-01 3.058489983535435108e-01 5.865464936423481213e-01 3.841850941482164994e-01 4.420840843236686912e-01 3.491409434499870845e-01 5.523647522735207760e-01 4.332838776980037498e-01 6.142685205353274336e-01 5.954203614766189201e-01 4.801249850154624133e-01 6.309525354807302699e-01 2.525419743441142395e-01 3.188110499834760359e-01 2.567812963082683475e-01 5.350636016385184046e-01 5.851796027095774733e-01 2.335657768214011443e-01 6.848642355625141898e-01 3.536109130486866925e-01 5.306276613634925976e-01 8.050379844274656305e-02 2.593367157857100480e-01 2.271052353321132977e-01 5.431972391565105251e-01 4.398246965734070035e-01 3.310205809963972512e-01 5.561008506155136200e-01 3.545287831031949666e-01 4.512408014994709893e-01 3.435537629242165214e-01 2.876250412877540130e-01 5.436411779596649341e-01 4.819136644543604020e-01 3.056158205868219069e-01 1.240037509759238793e-01 2.565832012663408213e-01 1.476679593661776591e-01 3.694691167744020288e-01 3.844242168837880280e-01 3.787524451763519817e-01 5.247009693526051288e-01 2.743178473228543579e-01 6.400028873691542275e-01 1.485050925720822479e-01 3.079356031977231734e-01 5.591879908999063814e-02 2.473279351888272304e-01 1.920532041576117899e-01 5.525519303766354001e-02 6.121630093455566746e-01 3.040845370520653401e-01 3.484176030328764440e-01 4.166767207800369244e-01 2.379689238764730319e-01 6.225191889572503356e-01 5.329063252568280729e-02 5.557707368977636841e-01 6.336383581658713293e-01 5.120602589449437803e-01 1.402807339375461704e-01 2.184038866906324039e-01 6.412171943148928799e-01
1.714771848422145528e-01 5.117253688065990236e-01 4.272244199232521633e-01 4.696924843816659423e-01 4.976215081716129918e-01 3.172338786842622271e-01 3.412572297957660039e-01 1.672981580179887240e-01 2.802291098653414414e-01 1.669925434611104209e-01 2.003404803282421709e-01 3.314256707538262847e-01 3.359717758964681500e-01 0.000000000000000000e+00 1.642497390962314452e-01 3.870252160266267061e-01 2.614758741871447967e-01 3.039401758645041696e-01 2.330922683683371854e-01 4.053762275953894378e-01 4.673458775725763958e-01 2.579786831269522129e-01 5.063759430909020587e-01 3.501534233819096342e-01 1.073875701432747409e-01 3.978231077159407603e-01 1.050649597732611906e-01 1.747754007879788740e-01 2.586224975485112987e-01 2.687631061486564499e-01 2.507616389691455505e-01 4.884173639280469104e-01 2.527022862140940185e-01 2.519953383036661054e-01 2.623753464391157530e-01 3.669796933847037090e-01 9.306382157744741423e-02 3.768395336717977329e-01 8.862846064010020120e-02 3.478690267328024555e-01 1.774085039004604791e-01 2.041033369691964139e-01 1.716069712927212054e-01 3.208679391441393580e-01 3.335594049079363965e-01 4.850511273568093862e-01 4.591376767468430820e-01 3.209279721555905462e-01 4.368280535146864541e-01 2.177434153753382007e-01 2.302830377273463458e-01 8.109381112277445902e-02 3.923408405201976312e-01 4.007368456808118040e-01 2.168948971956161653e-01 5.007210157366545067e-01 2.719420426589536088e-01 2.919501944539468763e-01 2.599927413590712999e-01 1.685336619570201866e-01 2.540618900188557627e-01 4.436805080768805865e-01 2.359104573004915939e-01 1.077005030777419547e-01 3.387219260167569912e-01 2.097142708081251028e-01 3.085180403811502159e-01 2.425944657532826954e-01 1.982866244358086616e-01 3.591984209308990428e-01 2.974709074255947328e-01 6.072226336563875393e-02 4.440968769873463451e-01 1.071184249949811984e-01 2.658476962642464247e-01 1.306133102519893563e-01 2.931138012108664981e-01 1.363488965121250063e-01 3.188007654525060741e-01 2.618392275384944234e-01 4.671190750977938233e-01 1.960458738269235668e-01 5.771068428592167343e-02 3.500349791589132398e-01 1.672113230194696709e-01 1.892863103131191826e-01 3.769781369239330049e-01 3.734855424360107312e-01 1.611726270905165792e-01 3.110862256686402483e-01 3.116933256074578273e-01 2.497974803006175470e-01 4.242195145895623631e-01 2.944467000813253965e-01 4.089958947661870847e-01 4.570311541451777537e-01 3.210702778051812700e-01 2.117687669627051905e-01 1.293821992724748793e-01 5.103407541039062245e-01
2.308391795576180960e-01 3.727988324378663787e-01 2.854930029682372639e-01 3.094810417110295808e-01 5.566383096916472928e-01 1.698860829471293410e-01 3.408198035845126372e-01 3.220794904639328049e-01 1.681073665437164688e-01 1.656152521451603188e-01 1.673282997597339838e-01 1.743796609175485013e-01 3.904243728005915570e-01 1.642497390962314452e-01 0.000000000000000000e+00 2.996982484341197406e-01 2.655483711899553900e-01 1.538773878039975673e-01 2.377454382143729117e-01 2.445301937326042896e-01 3.624826289904556909e-01 1.717118630380579380e-01 3.677928582927616485e-01 1.899419807112732728e-01 1.235758326433197135e-01 4.554143680962153273e-01 2.490564848472520965e-01 2.306394141869347325e-01 1.885026189970106514e-01 2.371504474425500109e-01 2.599485632909815935e-01 3.311758945275928290e-01 1.016128933813621044e-01 3.261304447709472143e-01 1.021639037684792528e-01 2.131068877431974429e-01 2.092611115397987886e-01 2.704177576443772546e-01 1.254062421140174632e-01 2.061376097777876948e-01 8.607601520588628596e-02 8.281262151149954009e-02 8.226400019682275633e-02 1.620227112213759035e-01 2.472925848190420661e-01 3.208013882605778577e-01 3.656820662198843053e-01 2.305244240930471034e-01 3.142698263119271251e-01 2.322924181451508918e-01 2.028818662993829014e-01 1.899701203176321074e-01 2.367883806745182673e-01 2.436908358445338540e-01 2.515850605525926098e-01 3.558743342377851948e-01 2.715046164477002977e-01 1.502187774989321711e-01 3.144453382631949290e-01 1.843962371253854982e-01 2.013731465601280302e-01 2.840386441704156884e-01 1.330327480226686787e-01 6.264335161287062914e-02 2.238546085428529675e-01 1.520500634252571204e-01 1.546452347396440052e-01 1.243667138136409084e-01 1.419831338156233025e-01 2.021524110946212871e-01 1.404248975893168938e-01 2.164290493054421838e-01 4.985494738914698631e-01 1.805582023185180185e-01 2.867339815204774656e-01 5.789475663364540559e-02 2.082124031493548522e-01 2.930081151608452950e-01 1.576741617048210420e-01 2.560723021598864668e-01 3.592093922418507224e-01 2.821807705529820187e-01 1.282374461962778878e-01 4.175581851905871833e-01 1.942942585646125764e-01 2.278734344652534605e-01 4.314307338280564119e-01 2.317541254809958595e-01 1.402514510526601532e-01 2.201105504377201816e-01 1.605325757376018514e-01 2.102479235323121698e-01 2.755566185253163214e-01 3.619699061129994511e-01 3.125202736195853426e-01 2.973395449805499857e-01 2.126973501941137601e-01 2.616308361974949981e-01 2.152161868749536688e-01 3.729670861341238264e-01
4.545517935156223044e-01 1.610063194472985959e-01 3.814507655531156338e-01 3.548073362604831082e-01 6.847153667123812015e-01 1.581489978250100736e-01 5.405944203488466382e-01 5.534068189478300592e-01 1.596395901743046519e-01 2.628345092832953811e-01 3.387933363670934672e-01 1.716255810884958766e-01 5.143987401223345524e-01 3.870252160266267061e-01 2.996982484341197406e-01 0.000000000000000000e+00 3.152533706150408843e-01 2.545808428111951405e-01 4.472478268819395364e-01 1.308868148519666819e-01 1.292692910553096264e-01 1.392112064933012372e-01 1.210802375538521519e-01 2.498771883518106640e-01 3.827160435412113038e-01 5.924505265411103005e-01 4.831327453017243978e-01 3.512056724254562501e-01 2.556459563174537375e-01 1.958968796419897629e-01 3.816413765897337940e-01 2.016882473843148449e-01 2.105875312835605029e-01 4.234413783685209709e-01 2.304254541681792778e-01 9.390713711249276674e-02 4.132130072847087776e-01 8.895011725155059501e-02 3.098546395905169559e-01 3.001090818499007051e-01 2.160478027592288852e-01 2.336556641393062461e-01 2.869933204729008813e-01 1.835269270361029603e-01 8.111486242433081639e-02 1.230649282803905759e-01 8.476029516498048699e-02 7.599601617641293938e-02 1.525845796338780314e-01 2.723796418772209127e-01 3.940599749654994932e-01 4.319438802346164397e-01 9.742116059490267543e-02 2.911879872982037210e-01 4.159463823733249854e-01 1.965471320929484955e-01 4.679379554905909733e-01 2.394367857880735362e-01 4.682868363918721855e-01 3.959463553971352412e-01 3.211500270721049932e-01 6.721102094737441135e-02 1.734876922467914473e-01 3.296773834714349927e-01 1.208756504150693134e-01 1.947801359161921708e-01 1.555009202994384609e-01 2.160058260123393081e-01 2.795233021476591362e-01 2.321657213145598697e-01 2.237621157343252232e-01 4.352350293254487745e-01 6.377741343026540610e-01 3.514555226721580161e-01 3.716429421697842184e-01 2.719626474599532440e-01 1.323534170099595342e-01 5.228536061930149081e-01 1.834116900234294967e-01 2.400808927994802500e-01 1.342862480144975668e-01 4.096394789484663068e-01 3.642697356610595238e-01 5.379011302289865570e-01 2.956761653171448567e-01 4.458970700714051660e-01 5.690255763643936593e-01 3.336614541287936664e-01 3.424330200875759789e-01 1.703464755711084078e-01 1.515964918901967218e-01 3.593078279887156889e-01 1.570535396844381648e-01 4.823128511513987138e-01 5.651590911261572536e-02 1.539879993831861915e-01 1.042063575866088443e-01 4.204781544327244602e-01 4.526085532243661058e-01 1.300821363275005416e-01
