0.000000000000000000e+00 3.133603500673478948e+01 2.099448406209951656e+01 2.059403970625310620e+01 1.633082133258428215e+01 1.762703940341042141e+01 1.285849170968001864e+01 2.232604257962383087e+01 1.217704264385443658e+01 1.166160789697106459e+01 2.394152891857373788e+01 2.096045687933512269e+01 2.593579851733890251e+01 1.071631116441587039e+01 9.055851846027708874e+00 1.521866229335026865e+01 1.566214001154848390e+01 1.906488192421622330e+01 7.870016023544256001e+00 2.502792766583567641e+01 2.364647073889104689e+01 1.258317954642277314e+01 1.877112861582432402e+01 8.839683453733130136e+00 7.083578129853211003e+00
3.133603500673478948e+01 0.000000000000000000e+00 3.042027281372538638e+01 2.046658253579050779e+01 1.932214519665187069e+01 1.571095231672251202e+01 1.914189885375901312e+01 1.302222578467833181e+01 3.147632738715475043e+01 3.021940278440510497e+01 1.252298443601674194e+01 1.103917453774206159e+01 1.072074925871480211e+01 2.524756283138961876e+01 2.263038346491198638e+01 2.184023531679978802e+01 2.426505553637134582e+01 2.118193300366822740e+01 3.390061803745198432e+01 7.722142555523404894e+00 8.100211396670468744e+00 2.429299636361611547e+01 1.644882795444822676e+01 2.622978542992992956e+01 3.365897107682337719e+01
2.099448406209951656e+01 3.042027281372538638e+01 0.000000000000000000e+00 2.948262720824023120e+01 2.633948772878591527e+01 1.581876764004376668e+01 1.733858675278989736e+01 3.500146693708459367e+01 1.275103404031178655e+01 1.156409333785145321e+01 2.211427128650490559e+01 2.578689903159929386e+01 2.762927592910225982e+01 2.554403916587839163e+01 1.720829755788365034e+01 8.969079293569782507e+00 2.429608632548416480e+01 3.363491377718509767e+01 1.919021744574997612e+01 2.314302288308785194e+01 3.319160806079931092e+01 9.930483084500638213e+00 2.312905476410758254e+01 1.934958716796294809e+01 1.808702198033177666e+01
2.059403970625310620e+01 2.046658253579050779e+01 2.948262720824023120e+01 0.000000000000000000e+00 1.877895972433557503e+01 2.331215669723942341e+01 1.268913815904673470e+01 1.229697052117364819e+01 2.998893273660225134e+01 2.377206353321925292e+01 1.798534775079895809e+01 2.553076646901967450e+01 1.086983351537972808e+01 1.056009017792523608e+01 2.064235388002079929e+01 2.112873465546814700e+01 8.630804154728037858e+00 8.547953489450600628e+00 2.785326716449937123e+01 2.279998823783973805e+01 1.944843547175550924e+01 2.733449776168790635e+01 7.236065823135056974e+00 1.335867994180000018e+01 2.459456135336768057e+01
1.633082133258428215e+01 1.932214519665187069e+01 2.633948772878591527e+01 1.877895972433557503e+01 0.000000000000000000e+00 1.625878410880693181e+01 2.317477730600378294e+01 1.238713947751858768e+01 2.057478076672270717e+01 2.616578907254410069e+01 2.702812030502601104e+01 1.111503423540239055e+01 2.171389771040728078e+01 1.098879129231764296e+01 9.701202325417897399e+00 2.249043375389433308e+01 1.937300386288319842e+01 1.292895147180339599e+01 2.106463963312817000e+01 1.964358022336307030e+01 1.184455037492850238e+01 1.651624979934781479e+01 2.362932052359673918e+01 1.711137191291607351e+01 2.327286696081320372e+01
1.762703940341042141e+01 1.571095231672251202e+01 1.581876764004376668e+01 2.331215669723942341e+01 1.625878410880693181e+01 0.000000000000000000e+00 1.291170052878731411e+01 2.465049143903026874e+01 1.576537507043223307e+01 1.919800086875713419e+01 1.129813344681962306e+01 1.072451497630203932e+01 1.857638370121909333e+01 1.849741347571127292e+01 8.990400722936005451e+00 9.249028777820566205e+00 2.129311179163089562e+01 2.483857552506610133e+01 1.875725350047532558e+01 8.010309669444215075e+00 1.869658980548283722e+01 8.738849942130396897e+00 1.618546978020496141e+01 1.866199981897183946e+01 2.440726293514480005e+01
1.285849170968001864e+01 1.914189885375901312e+01 1.733858675278989736e+01 1.268913815904673470e+01 2.317477730600378294e+01 1.291170052878731411e+01 0.000000000000000000e+00 2.201765295507662756e+01 2.276583931712822917e+01 1.257086225224811926e+01 1.156141830173792684e+01 2.363621550508935343e+01 1.326968533286405538e+01 1.407071889086051542e+01 1.847902616146579646e+01 9.147278647056518608e+00 8.683776623960877572e+00 1.913006254812713536e+01 2.042512233629702578e+01 1.604988683739076549e+01 2.649477427477345159e+01 1.572484468586412731e+01 7.186148185905235408e+00 7.293364394241634407e+00 1.517861857533730863e+01
2.232604257962383087e+01 1.302222578467833181e+01 3.500146693708459367e+01 1.229697052117364819e+01 1.238713947751858768e+01 2.465049143903026874e+01 2.201765295507662756e+01 0.000000000000000000e+00 2.876530102792470345e+01 3.123274767415417941e+01 2.169585127500263511e+01 1.493187886012682952e+01 1.095439896888696296e+01 1.369284403888919144e+01 1.845381767699199571e+01 2.920537341127899467e+01 1.908354023742161587e+01 8.666619348619379437e+00 2.828369312782378842e+01 2.010471656041379518e+01 7.450405729803499355e+00 2.521781312762551508e+01 1.543652422799746660e+01 2.022621524913529711e+01 2.894521798567474491e+01
1.217704264385443658e+01 3.147632738715475043e+01 1.275103404031178655e+01 2.998893273660225134e+01 2.057478076672270717e+01 1.576537507043223307e+01 2.276583931712822917e+01 2.876530102792470345e+01 0.000000000000000000e+00 2.110266149107633638e+01 2.382657050662329468e+01 2.264791768715251408e+01 3.130230031007710778e+01 1.947349427867225202e+01 1.089438454439448556e+01 1.406384547857511436e+01 2.631733248357899768e+01 2.679564377847358614e+01 7.827526477241113945e+00 2.377568473987644992e+01 2.829895733561967930e+01 7.647018120156572785e+00 2.773024380111958109e+01 1.981230498060113732e+01 1.607263012484542841e+01
1.166160789697106459e+01 3.021940278440510497e+01 1.156409333785145321e+01 2.377206353321925292e+01 2.616578907254410069e+01 1.919800086875713419e+01 1.257086225224811926e+01 3.123274767415417941e+01 2.110266149107633638e+01 0.000000000000000000e+00 2.210341821882884261e+01 2.992251584505917350e+01 2.558345166691272965e+01 1.761657827640806318e+01 2.048093643487136362e+01 1.048631677832501197e+01 1.856239599197036938e+01 2.629728874866051669e+01 1.499448795249790045e+01 2.531871184715618028e+01 3.312433559521088000e+01 1.731149150419948413e+01 1.926355300184134478e+01 1.231047810376244556e+01 7.609629958203788291e+00
2.394152891857373788e+01 1.252298443601674194e+01 2.211427128650490559e+01 1.798534775079895809e+01 2.702812030502601104e+01 1.129813344681962306e+01 1.156141830173792684e+01 2.169585127500263511e+01 2.382657050662329468e+01 2.210341821882884261e+01 0.000000000000000000e+00 1.797682706706752143e+01 1.119978037213123123e+01 2.528918275870589838e+01 1.917481696417284809e+01 1.348241438641715462e+01 1.807448671877587998e+01 2.192125808944716425e+01 2.850965903863454542e+01 9.245439411233252969e+00 2.018070315282881566e+01 1.645201451360250999e+01 1.110174579786935212e+01 1.860531287839184245e+01 2.592375904094268080e+01
2.096045687933512269e+01 1.103917453774206159e+01 2.578689903159929386e+01 2.553076646901967450e+01 1.111503423540239055e+01 1.072451497630203932e+01 2.363621550508935343e+01 1.493187886012682952e+01 2.264791768715251408e+01 2.992251584505917350e+01 1.797682706706752143e+01 0.000000000000000000e+00 2.125822695330604262e+01 1.817847363060676358e+01 1.242094701755011954e+01 1.971186846711622920e+01 2.654533057109892269e+01 1.954307183419001603e+01 2.411532917353932604e+01 8.847027790506652778e+00 7.972074829180794353e+00 1.729365052925259150e+01 2.482264967131465028e+01 2.315149896975749044e+01 2.793392541016440944e+01
2.593579851733890251e+01 1.072074925871480211e+01 2.762927592910225982e+01 1.086983351537972808e+01 2.171389771040728078e+01 1.857638370121909333e+01 1.326968533286405538e+01 1.095439896888696296e+01 3.130230031007710778e+01 2.558345166691272965e+01 1.119978037213123123e+01 2.125822695330604262e+01 0.000000000000000000e+00 1.789405264154514441e+01 2.649389549958398860e+01 1.878316623710267308e+01 1.478713780863527560e+01 1.247576109965792668e+01 3.350242914395590077e+01 1.449544748190973209e+01 1.579185854407130485e+01 2.392774431705632310e+01 7.302260084764191639e+00 1.879162711053588453e+01 2.825592538299620315e+01
1.071631116441587039e+01 2.524756283138961876e+01 2.554403916587839163e+01 1.056009017792523608e+01 1.098879129231764296e+01 1.849741347571127292e+01 1.407071889086051542e+01 1.369284403888919144e+01 1.947349427867225202e+01 1.761657827640806318e+01 2.528918275870589838e+01 1.817847363060676358e+01 1.789405264154514441e+01 0.000000000000000000e+00 1.012691542209079465e+01 1.823078731178275902e+01 8.650947005384121979e+00 9.096714032458153909e+00 1.745968753905401982e+01 2.572783134010223449e+01 1.736476386788679349e+01 1.750833499206319743e+01 1.501856397853163116e+01 7.173812964604033837e+00 1.579273104317734067e+01
9.055851846027708874e+00 2.263038346491198638e+01 1.720829755788365034e+01 2.064235388002079929e+01 9.701202325417897399e+00 8.990400722936005451e+00 1.847902616146579646e+01 1.845381767699199571e+01 1.089438454439448556e+01 2.048093643487136362e+01 1.917481696417284809e+01 1.242094701755011954e+01 2.649389549958398860e+01 1.012691542209079465e+01 0.000000000000000000e+00 1.335924358299205750e+01 1.828229432377579045e+01 1.722053174964219835e+01 1.169785375931575899e+01 1.637824892958661493e+01 1.741914851382942686e+01 7.385059628445537427e+00 2.340331417309174000e+01 1.270221812949193918e+01 1.593285297922468935e+01
1.521866229335026865e+01 2.184023531679978802e+01 8.969079293569782507e+00 2.112873465546814700e+01 2.249043375389433308e+01 9.249028777820566205e+00 9.147278647056518608e+00 2.920537341127899467e+01 1.406384547857511436e+01 1.048631677832501197e+01 1.348241438641715462e+01 1.971186846711622920e+01 1.878316623710267308e+01 1.823078731178275902e+01 1.335924358299205750e+01 0.000000000000000000e+00 1.679426638166892261e+01 2.625424379518453222e+01 1.958594113068578224e+01 1.561978526448878135e+01 2.768394329629702355e+01 7.416261779725618730e+00 1.462809840837209485e+01 1.192893985044701921e+01 1.581327956930205225e+01
1.566214001154848390e+01 2.426505553637134582e+01 2.429608632548416480e+01 8.630804154728037858e+00 1.937300386288319842e+01 2.129311179163089562e+01 8.683776623960877572e+00 1.908354023742161587e+01 2.631733248357899768e+01 1.856239599197036938e+01 1.807448671877587998e+01 2.654533057109892269e+01 1.478713780863527560e+01 8.650947005384121979e+00 1.828229432377579045e+01 1.679426638166892261e+01 0.000000000000000000e+00 1.337891642958047633e+01 2.292136746979474182e+01 2.319481085365719153e+01 2.458828407664822535e+01 2.391093384127215060e+01 8.017872988056490513e+00 7.230609325753671435e+00 1.880554957756508827e+01
1.906488192421622330e+01 2.118193300366822740e+01 3.363491377718509767e+01 8.547953489450600628e+00 1.292895147180339599e+01 2.483857552506610133e+01 1.913006254812713536e+01 8.666619348619379437e+00 2.679564377847358614e+01 2.629728874866051669e+01 2.192125808944716425e+01 1.954307183419001603e+01 1.247576109965792668e+01 9.096714032458153909e+00 1.722053174964219835e+01 2.625424379518453222e+01 1.337891642958047633e+01 0.000000000000000000e+00 2.546472610331164432e+01 2.659954348212319886e+01 1.498471587930620075e+01 2.460195131961460646e+01 1.273522102116164767e+01 1.476059183549088161e+01 2.461149483922596204e+01
7.870016023544256001e+00 3.390061803745198432e+01 1.919021744574997612e+01 2.785326716449937123e+01 2.106463963312817000e+01 1.875725350047532558e+01 2.042512233629702578e+01 2.828369312782378842e+01 7.827526477241113945e+00 1.499448795249790045e+01 2.850965903863454542e+01 2.411532917353932604e+01 3.350242914395590077e+01 1.745968753905401982e+01 1.169785375931575899e+01 1.958594113068578224e+01 2.292136746979474182e+01 2.546472610331164432e+01 0.000000000000000000e+00 2.641508022367872144e+01 2.878881620202514213e+01 1.224537542757754593e+01 2.633775924244132938e+01 1.636091646002453004e+01 8.837306035781859137e+00
2.502792766583567641e+01 7.722142555523404894e+00 2.314302288308785194e+01 2.279998823783973805e+01 1.964358022336307030e+01 8.010309669444215075e+00 1.604988683739076549e+01 2.010471656041379518e+01 2.377568473987644992e+01 2.531871184715618028e+01 9.245439411233252969e+00 8.847027790506652778e+00 1.449544748190973209e+01 2.572783134010223449e+01 1.637824892958661493e+01 1.561978526448878135e+01 2.319481085365719153e+01 2.659954348212319886e+01 2.641508022367872144e+01 0.000000000000000000e+00 1.421191190451357933e+01 1.674009003460488643e+01 1.609126201548038892e+01 2.266187307647496851e+01 2.944654388692039859e+01
2.364647073889104689e+01 8.100211396670468744e+00 3.319160806079931092e+01 1.944843547175550924e+01 1.184455037492850238e+01 1.869658980548283722e+01 2.649477427477345159e+01 7.450405729803499355e+00 2.829895733561967930e+01 3.312433559521088000e+01 2.018070315282881566e+01 7.972074829180794353e+00 1.579185854407130485e+01 1.736476386788679349e+01 1.741914851382942686e+01 2.768394329629702355e+01 2.458828407664822535e+01 1.498471587930620075e+01 2.878881620202514213e+01 1.421191190451357933e+01 0.000000000000000000e+00 2.391235468144876464e+01 2.255173070937285829e+01 2.403903887973775610e+01 3.039264543293084486e+01
1.258317954642277314e+01 2.429299636361611547e+01 9.930483084500638213e+00 2.733449776168790635e+01 1.651624979934781479e+01 8.738849942130396897e+00 1.572484468586412731e+01 2.521781312762551508e+01 7.647018120156572785e+00 1.731149150419948413e+01 1.645201451360250999e+01 1.729365052925259150e+01 2.392774431705632310e+01 1.750833499206319743e+01 7.385059628445537427e+00 7.416261779725618730e+00 2.391093384127215060e+01 2.460195131961460646e+01 1.224537542757754593e+01 1.674009003460488643e+01 2.391235468144876464e+01 0.000000000000000000e+00 2.066189893203739558e+01 1.842852870640041729e+01 1.887490726983356737e+01
1.877112861582432402e+01 1.644882795444822676e+01 2.312905476410758254e+01 7.236065823135056974e+00 2.362932052359673918e+01 1.618546978020496141e+01 7.186148185905235408e+00 1.543652422799746660e+01 2.773024380111958109e+01 1.926355300184134478e+01 1.110174579786935212e+01 2.482264967131465028e+01 7.302260084764191639e+00 1.501856397853163116e+01 2.340331417309174000e+01 1.462809840837209485e+01 8.017872988056490513e+00 1.273522102116164767e+01 2.633775924244132938e+01 1.609126201548038892e+01 2.255173070937285829e+01 2.066189893203739558e+01 0.000000000000000000e+00 1.155923966374854928e+01 2.110564697763116015e+01
8.839683453733130136e+00 2.622978542992992956e+01 1.934958716796294809e+01 1.335867994180000018e+01 1.711137191291607351e+01 1.866199981897183946e+01 7.293364394241634407e+00 2.022621524913529711e+01 1.981230498060113732e+01 1.231047810376244556e+01 1.860531287839184245e+01 2.315149896975749044e+01 1.879162711053588453e+01 7.173812964604033837e+00 1.270221812949193918e+01 1.192893985044701921e+01 7.230609325753671435e+00 1.476059183549088161e+01 1.636091646002453004e+01 2.266187307647496851e+01 2.403903887973775610e+01 1.842852870640041729e+01 1.155923966374854928e+01 0.000000000000000000e+00 1.182028835468207539e+01
7.083578129853211003e+00 3.365897107682337719e+01 1.808702198033177666e+01 2.459456135336768057e+01 2.327286696081320372e+01 2.440726293514480005e+01 1.517861857533730863e+01 2.894521798567474491e+01 1.607263012484542841e+01 7.609629958203788291e+00 2.592375904094268080e+01 2.793392541016440944e+01 2.825592538299620315e+01 1.579273104317734067e+01 1.593285297922468935e+01 1.581327956930205225e+01 1.880554957756508827e+01 2.461149483922596204e+01 8.837306035781859137e+00 2.944654388692039859e+01 3.039264543293084486e+01 1.887490726983356737e+01 2.110564697763116015e+01 1.182028835468207539e+01 0.000000000000000000e+00
