0.000000000000000000e+00 1.045034413073564261e+00 9.569073979995786905e-01 1.030285038545671661e+00 6.935064372965433765e-01 6.332554358496798042e-01 5.589079220530883685e-01 4.673795636776127971e-01 5.015606784419696096e-01 3.813075751867414653e-01 3.387302022258725787e-01 7.003439258982969706e-01 7.561783700991192569e-01 2.849295908561915169e-01 7.456346319332632921e-01 4.279645689689531851e-01 8.046523559317853014e-01 2.412135870070871158e-01 6.228283071253991610e-01 2.138522960823188990e-01 3.629568346053214656e-01 4.953958265508943692e-01 4.995335410648391594e-01 6.939919213652120389e-01 2.075092602761224869e-01 1.947048465055589705e-01 5.996267506436233630e-01 1.868158471529495768e-01 4.540879174449682920e-01 8.510603380336060342e-01 6.876825222711288044e-01 1.653896818243556499e-01 3.531127998007680402e-01 8.744403458249436767e-01 5.939316838751981242e-01 4.855953830116295222e-01 3.973612405233610811e-01 8.108801361888097192e-01 3.492346988595836921e-01 3.281565056596783547e-01 1.468095128691376539e-01 4.943600339515289432e-01 6.590749830715556534e-01 9.247577825697081977e-01 4.372414410332242651e-01 6.249022160522571534e-01 8.708682483026185528e-01 2.148091710943902666e-01 3.682656250124307085e-01 7.423593874415655991e-01 9.160575847083629597e-01 3.126902878439724587e-01 5.735491683972419041e-01 3.002805851992135788e-01 6.959591121212657105e-01 5.731364894506569829e-01 7.019505613175703873e-01 3.448774945642322232e-01 3.630807395548492078e-01 3.830646121384322367e-01 8.709358986231370281e-01 8.625051085301705944e-01 5.839083545634173866e-01 1.109067473924274932e-01 4.298849861212452605e-01 2.879813095906955667e-01 5.856036438669617317e-01 1.133390295065383052e-01 3.159831131134256954e-01 2.806849331087140076e-01 5.236918007389802510e-01 1.072535160467119331e-01 1.070666182341587780e-01 7.344575441162285445e-01 6.895312116958840498e-01
1.045034413073564261e+00 0.000000000000000000e+00 8.847712371461241565e-01 8.654296605411964105e-01 1.232997961876364013e+00 1.258563187119962068e+00 5.526951476399890595e-01 1.499129753486441397e+00 7.920151883376146396e-01 9.338541813842071715e-01 9.536604098530274687e-01 4.701180157401371185e-01 8.132340026893439822e-01 7.653036297488845507e-01 5.944133947695762199e-01 7.333668536899782264e-01 2.403820571417790430e-01 1.274684977560404331e+00 6.286489297423447642e-01 9.563147075884644854e-01 7.671737770950711743e-01 5.630070731806989803e-01 1.047724843120647398e+00 6.683886507632111895e-01 8.759489087643353988e-01 1.019756340407467210e+00 6.647699678560553549e-01 9.398088325470119742e-01 1.110706679937800700e+00 8.328851140825491717e-01 4.053355573766538877e-01 1.203354970248605049e+00 8.139127129561621876e-01 7.122432916331500330e-01 5.662759198956556217e-01 6.695551246708483228e-01 6.843832241161933450e-01 7.421546897611671634e-01 7.984560092075677629e-01 1.364636068400781443e+00 9.107339603774430303e-01 7.121158628478286845e-01 3.881162550890812080e-01 1.346886048421630233e-01 6.873704882537720051e-01 7.901024276443194827e-01 8.688248740205414267e-01 9.455402633411730262e-01 8.775186035903342896e-01 5.037223427712543833e-01 8.368531525933153858e-01 8.351108940548678250e-01 5.675923793298870423e-01 8.902795804108456501e-01 5.803536145189497342e-01 4.756885591219057741e-01 6.711239084277755840e-01 1.011730929146000380e+00 1.397152995736594239e+00 6.679691183119244036e-01 8.342544135988942955e-01 8.917731805376087895e-01 1.122875796778655566e+00 1.041781220365664451e+00 1.004547073043914551e+00 9.171049571895130148e-01 6.907090827732537131e-01 1.149710606551489711e+00 8.536483066797709851e-01 7.813831617637718718e-01 1.149656875929891964e+00 9.431392186314612180e-01 1.003121427424918055e+00 7.634244444527518159e-01 5.728728804421717724e-01
9.569073979995786905e-01 8.847712371461241565e-01 0.000000000000000000e+00 9.254987873961018074e-01 1.296073695985914709e+00 1.373682391129542379e+00 6.996219298319523716e-01 1.410523833768933422e+00 4.646410742892143064e-01 9.461430772698825598e-01 1.057173105415104786e+00 4.164111349831757791e-01 2.900876092321343913e-01 6.999238551047021195e-01 6.376279579107755335e-01 6.830365860963736324e-01 6.567749896037381463e-01 1.196413189188900716e+00 4.811310405725668926e-01 7.822202021661752713e-01 9.064783317229303528e-01 5.666636691489254085e-01 1.122941693143790109e+00 2.802636300919727486e-01 9.026283282668891017e-01 9.659161699274880775e-01 3.693891855971879745e-01 1.072177512667913613e+00 1.228764053386950827e+00 1.648522941683532306e-01 5.529759446663330413e-01 1.106265614319649870e+00 6.173587982748729441e-01 7.860800816887492104e-01 6.332604775123262808e-01 7.866788934054385063e-01 7.831462731015378376e-01 1.466265261791733221e-01 8.163415233711284191e-01 1.266574441361018266e+00 8.148216881491042729e-01 5.182110512479298770e-01 5.499493714225421881e-01 7.556795972160441632e-01 5.204186912585221370e-01 3.878269046599825964e-01 2.422175512525622243e-01 1.022550440576410091e+00 9.568382654495537487e-01 4.805522110601719299e-01 1.205568345366354044e-01 9.251445282382614321e-01 4.319161938179859050e-01 1.022054364780382363e+00 3.723208436921544018e-01 6.397065704710392930e-01 2.590522732635007763e-01 1.137114220969308809e+00 1.319666566595388391e+00 6.811364168094345972e-01 1.435945952263637804e-01 2.388571353473912251e-01 1.185016776325125365e+00 8.973861767276465340e-01 1.050145966106886375e+00 8.964794203439445663e-01 3.954475383870011407e-01 1.070246427506117204e+00 6.986832567829530660e-01 7.985000214193614942e-01 1.265178437483181151e+00 9.068065841100009239e-01 1.022497629451801338e+00 2.367554990611837884e-01 3.188001627435361196e-01
1.030285038545671661e+00 8.654296605411964105e-01 9.254987873961018074e-01 0.000000000000000000e+00 1.169481030083624473e+00 1.242267813351457084e+00 5.458611374462124521e-01 1.457957322807775125e+00 7.064393926104650667e-01 8.496709175122276747e-01 9.475994606197069015e-01 5.838273247341303485e-01 8.760664270474953774e-01 8.298067291291479908e-01 2.955266775744799235e-01 6.023204695767183647e-01 6.283233673300842037e-01 1.239013131477878060e+00 5.165428598291856854e-01 8.263921423632828445e-01 7.372229342748383152e-01 6.442272311298031795e-01 9.926481997662714996e-01 6.721033218107995699e-01 9.068819053360283045e-01 9.162924308896569503e-01 7.734645014000134378e-01 8.986212840010459058e-01 1.089154335939680029e+00 8.583419203723234858e-01 4.660084883117980303e-01 1.158568813442689471e+00 7.056862074040625155e-01 1.666536043267169143e-01 4.371432273993197670e-01 5.924926405959570763e-01 7.074078189759397395e-01 7.850001821950477465e-01 7.116178279860115863e-01 1.318877640484057201e+00 9.324081617045419934e-01 5.734972178135218090e-01 5.796184417745364748e-01 7.509766294761158756e-01 7.782391909564960741e-01 8.028944489878283575e-01 9.221579719365317063e-01 9.513949339627145729e-01 8.154577720959131915e-01 4.602229766999054728e-01 8.788421303970761489e-01 8.409655646764093717e-01 7.122132511924965659e-01 8.643449778049725474e-01 5.567442857055918681e-01 5.295026106749566308e-01 7.417155715556560391e-01 9.862977363836553657e-01 1.362266508884365068e+00 7.304625550372044751e-01 8.796569455644663860e-01 9.135111881367863340e-01 1.058424110422835129e+00 9.260250832641974128e-01 9.338818445508876298e-01 8.259808172367855139e-01 6.268559227862632310e-01 1.117591328454878852e+00 7.206458968407160048e-01 8.295753867213710997e-01 1.133361502161387202e+00 9.982682868124886921e-01 1.019382927921329118e+00 7.792816451798668664e-01 6.496810141483112533e-01
6.935064372965433765e-01 1.232997961876364013e+00 1.296073695985914709e+00 1.169481030083624473e+00 0.000000000000000000e+00 8.986041798213904030e-01 7.003215386200087877e-01 1.096824006437477683e+00 8.586244828975643228e-01 3.767609187899290113e-01 6.287173582161156293e-01 9.936555565554975322e-01 1.143998609611927231e+00 7.689174001192575769e-01 8.930357420752261799e-01 6.312420416354403985e-01 9.945296537569596751e-01 8.736850513677308916e-01 8.758772743994769350e-01 6.317261020446076625e-01 5.024604028984447357e-01 8.769829257903491992e-01 2.052398896295744568e-01 1.030145722381563989e+00 6.893022779269718514e-01 5.366843754089033469e-01 1.002028729219521797e+00 5.174402858539084438e-01 7.402141303234810454e-01 1.197911440685885065e+00 8.382605241538750862e-01 8.031660553103486810e-01 7.114680054906133977e-01 1.012192425012049313e+00 7.463761122311739493e-01 5.769883894876670638e-01 6.549784492488409660e-01 1.166119924522204032e+00 4.940277683213549764e-01 9.623303213518168420e-01 7.652964164386546475e-01 7.778626447379844988e-01 9.058878005001449463e-01 1.122532470585456910e+00 8.587737672954013357e-01 1.011562190316370069e+00 1.270039758836025268e+00 6.146079410925767705e-01 3.741531424784381166e-01 8.933601911987804067e-01 1.252211385724715242e+00 5.901384734620299666e-01 1.001648575562140708e+00 5.174004077607379237e-01 9.961212430555362873e-01 8.024132107612862441e-01 1.104352539893468377e+00 6.336959870649522264e-01 9.965601199360494267e-01 7.728761877776355593e-01 1.261876233621578081e+00 1.218521135306626091e+00 1.110569196607890108e-01 6.455599014710763361e-01 2.670553282970742348e-01 4.722196797482017816e-01 9.006261575989131796e-01 7.491177307509446770e-01 5.987075253662411667e-01 6.679422426690816428e-01 7.896978686313201878e-01 7.615882187461017194e-01 6.367706913757323894e-01 1.081308646768506909e+00 1.061416748001702715e+00
6.332554358496798042e-01 1.258563187119962068e+00 1.373682391129542379e+00 1.242267813351457084e+00 8.986041798213904030e-01 0.000000000000000000e+00 7.085407545863560141e-01 1.048168876282280504e+00 9.783580423615507726e-01 6.036977625430237637e-01 3.323948349108473144e-01 1.005086325271296044e+00 1.195264999711603382e+00 6.967862192759587403e-01 9.748711943304042560e-01 7.829779672476140373e-01 1.019441207964717711e+00 8.243553292927316978e-01 9.848757284532079215e-01 7.967734474325014471e-01 5.050448790766189910e-01 8.125405945695134413e-01 7.078836478252419351e-01 1.171575447967199368e+00 5.498896655014555712e-01 6.605887696535737152e-01 1.017700465635873686e+00 4.806964045237347438e-01 1.952146701278156815e-01 1.329683054745747883e+00 8.735159692318634761e-01 7.545109251551516127e-01 8.632039311027870365e-01 1.086165796456180832e+00 8.361170922977925191e-01 6.601427422383945309e-01 6.034287174025603218e-01 1.229613048756041715e+00 6.363214224651978501e-01 9.136751911966201067e-01 7.164890826293025539e-01 9.295985703501579156e-01 9.066137043947948282e-01 1.150770410935438637e+00 8.642612217810937691e-01 1.088183913239839873e+00 1.292170541881927148e+00 4.472536357181993716e-01 5.600637359136733107e-01 9.557316163700795286e-01 1.330395374309038425e+00 4.638937881647222650e-01 9.417661973115569740e-01 3.853906393053717627e-01 1.068584622605324830e+00 7.938148374598763546e-01 1.122032512656609304e+00 2.991691497571169478e-01 9.469002666539796387e-01 7.068083501757294052e-01 1.292238192202445068e+00 1.336447104959672671e+00 7.890060970882641911e-01 7.135209143108742769e-01 6.482628571562050190e-01 6.686548384404320533e-01 1.046097336679126411e+00 6.994578774688748890e-01 7.504434509784148055e-01 5.922848222499240700e-01 1.101037499567616429e-01 6.176956645937757839e-01 5.325020876722583729e-01 1.213080260828370394e+00 1.092864902830221530e+00
5.589079220530883685e-01 5.526951476399890595e-01 6.996219298319523716e-01 5.458611374462124521e-01 7.003215386200087877e-01 7.085407545863560141e-01 0.000000000000000000e+00 9.742665699849318850e-01 4.704407391937621141e-01 4.044084973860901377e-01 4.059372332322292443e-01 3.229156666443759871e-01 6.270614704589629884e-01 3.085119330271740568e-01 2.830748382149383957e-01 2.745425850897351139e-01 3.140309213424550272e-01 7.504530229953830789e-01 3.360972781080534544e-01 4.729803178559748300e-01 2.144786294550821981e-01 2.127642978537390150e-01 5.150484198642929501e-01 4.630356387129431761e-01 3.626483287406963574e-01 5.204085862748074609e-01 4.217391353923249375e-01 3.871136849070231367e-01 5.584285758164189151e-01 6.406694499979349589e-01 1.649752146455072677e-01 6.806086188578029939e-01 3.849762657189702009e-01 3.907931724198765444e-01 1.896343499331943350e-01 1.577223094975914452e-01 1.615466815297272596e-01 5.577865987944017334e-01 3.032162401929110462e-01 8.397728848992712658e-01 4.377269091392227973e-01 3.412850095769427439e-01 2.153715969213539638e-01 4.422296563490826782e-01 3.426240271350512456e-01 5.455476430309482705e-01 6.912045943381843749e-01 4.095983379718486361e-01 3.448421803339801195e-01 2.494667421256605844e-01 6.517038452791437120e-01 2.991689686855434349e-01 3.308523452594391290e-01 3.375844327708566461e-01 3.600448133510686377e-01 1.157988650973322819e-01 5.052879104659582232e-01 4.594528250246184831e-01 8.733280915637016140e-01 1.999422654233503349e-01 6.510637969555648219e-01 6.988628439549171567e-01 5.901993735223014514e-01 5.430720030605417081e-01 4.705654594573039362e-01 4.160150039160848134e-01 4.331219865673331948e-01 6.258857023785970863e-01 3.898093856103513333e-01 2.837142492751587031e-01 5.996344433962859100e-01 4.550789425984783088e-01 4.882328036891815382e-01 5.653066918979920974e-01 3.999303276794918816e-01
4.673795636776127971e-01 1.499129753486441397e+00 1.410523833768933422e+00 1.457957322807775125e+00 1.096824006437477683e+00 1.048168876282280504e+00 9.742665699849318850e-01 0.000000000000000000e+00 9.522437658638790436e-01 7.816416515111688224e-01 7.542689593868556752e-01 1.161442015027416508e+00 1.209877501732225191e+00 7.454316422534305042e-01 1.173306916195367311e+00 8.556368532310573150e-01 1.258747696344662659e+00 2.385210816131595468e-01 1.060710945579286912e+00 6.454392461187129504e-01 7.701627299591066178e-01 9.542296979324086381e-01 9.028511102057735771e-01 1.144595860164583367e+00 6.532500859587490050e-01 6.055765942836724980e-01 1.054730218654799323e+00 5.943724364856822762e-01 8.690013578775694914e-01 1.301664276832977585e+00 1.135985260490755433e+00 3.067162162432380268e-01 7.972722288303383253e-01 1.302112630087046918e+00 1.021603968137301921e+00 8.928012783654147855e-01 8.460982593316298539e-01 1.265983604199985901e+00 7.769069831216877109e-01 1.467845230972873172e-01 6.083616272424399174e-01 9.328449110321211935e-01 1.115781747071612040e+00 1.381464546569764362e+00 8.966364759572734711e-01 1.077088529622314717e+00 1.325237657789177570e+00 6.448460021211448456e-01 7.754715203662158052e-01 1.180242025895453573e+00 1.366661523507734177e+00 7.559142812210154494e-01 1.034647257526361663e+00 7.131508365114106462e-01 1.141793208655346614e+00 1.027231829863534118e+00 1.157054029328746347e+00 7.597909349968333670e-01 1.124298864313092033e-01 8.385031609030556554e-01 1.326039366634312877e+00 1.313188195952079695e+00 9.869930528103280087e-01 5.319322395435781559e-01 8.302190624456730061e-01 7.010574672720751854e-01 1.031437740401042635e+00 3.616159501515543995e-01 7.482745254930071033e-01 7.294219519169825583e-01 9.386052411715811727e-01 5.559905348549802895e-01 5.371034492609131350e-01 1.185061482915599429e+00 1.148926246619933256e+00
5.015606784419696096e-01 7.920151883376146396e-01 4.646410742892143064e-01 7.064393926104650667e-01 8.586244828975643228e-01 9.783580423615507726e-01 4.704407391937621141e-01 9.522437658638790436e-01 0.000000000000000000e+00 5.086938641815320628e-01 6.557225118841616407e-01 3.321730395544620351e-01 2.865117943015068058e-01 2.902158756845497622e-01 4.184672982938366093e-01 2.911587614014773950e-01 5.638951921388920541e-01 7.389529198100662777e-01 2.149334965391715979e-01 3.382959724433257653e-01 5.260497297095740876e-01 2.615856113212103318e-01 6.854924800554397235e-01 1.987131006848638359e-01 4.828789985712435562e-01 5.284669568391379135e-01 1.898288831242531671e-01 6.536832413053575985e-01 8.326067488448072318e-01 3.546214014071376597e-01 4.437191300528423032e-01 6.479855464145954924e-01 1.608186314086481328e-01 5.571903539602401922e-01 2.889000587150209465e-01 4.315983625767835785e-01 4.266115842013086246e-01 3.386753775123758081e-01 3.788923102827783107e-01 8.082943734559637772e-01 3.724742157881968940e-01 1.413452362567730325e-01 4.275773642375700900e-01 6.629235484075347573e-01 1.363258486603648734e-01 1.548035679045081658e-01 4.125529435256048982e-01 6.061965664532836806e-01 5.193890523612034738e-01 3.376152830139547145e-01 4.207787640280146180e-01 5.226372854841302429e-01 2.273854861355309731e-01 6.268905092460708151e-01 2.170088604166638679e-01 3.836459918856086060e-01 2.921526937982003025e-01 7.419503654349970390e-01 8.623100295664800630e-01 3.133298871241963490e-01 4.355707005854455027e-01 3.647712510511653683e-01 7.475675632367749790e-01 4.507579234840984328e-01 6.126967530185362110e-01 4.590302072555943469e-01 1.142786357181512502e-01 6.148997079485080119e-01 2.599169575313228786e-01 3.943607961121430305e-01 8.700145819488692700e-01 4.680922944654853923e-01 5.837235872576685969e-01 2.380186074897600590e-01 2.776311371122002214e-01
3.813075751867414653e-01 9.338541813842071715e-01 9.461430772698825598e-01 8.496709175122276747e-01 3.767609187899290113e-01 6.036977625430237637e-01 4.044084973860901377e-01 7.816416515111688224e-01 5.086938641815320628e-01 0.000000000000000000e+00 3.338109409377487125e-01 6.823874338950874918e-01 7.940679908958951927e-01 4.410060499687259994e-01 5.674962602688903290e-01 2.825254904770617692e-01 6.967478881730949647e-01 5.587301353603204568e-01 5.274166767547282531e-01 2.698980440469030406e-01 2.218965248182974970e-01 5.902240155273459354e-01 2.082795373900965807e-01 6.802151036655319505e-01 3.989163007257090499e-01 1.941139201022737126e-01 6.520981105034897585e-01 2.111586276250279892e-01 4.453077130451142951e-01 8.479808219698529159e-01 5.308922443517940515e-01 4.879837003840400977e-01 3.615373867745813041e-01 6.930363520626532381e-01 4.125276901129077967e-01 2.675462551035208136e-01 3.744145711686938660e-01 8.161893058061718831e-01 1.453112171629767913e-01 6.471479664255082032e-01 4.034683584409500257e-01 4.279320260219524052e-01 6.089236688316652657e-01 8.194011503191264145e-01 5.088431485793690756e-01 6.616315716003379199e-01 9.201091401199934516e-01 3.083690713488428381e-01 1.276240330692996472e-01 5.782003672705051667e-01 9.022807670086830933e-01 2.997524962607670540e-01 6.517179568461087813e-01 2.224939904823709236e-01 6.476606454107877164e-01 5.065001695273678717e-01 7.544219211774368938e-01 3.387895697865853650e-01 6.817933507196307641e-01 4.845146733800252403e-01 9.119456149055461536e-01 8.685905165905943859e-01 2.657039991291398895e-01 2.933300105384535339e-01 1.147042080766730032e-01 1.103916217504975622e-01 5.506955388828811415e-01 4.344454208494518133e-01 2.487769066502094062e-01 3.775562654678188412e-01 4.947914513529534375e-01 4.539205656730316840e-01 3.304890331468520182e-01 7.313780280524754263e-01 7.479162556345863022e-01
3.387302022258725787e-01 9.536604098530274687e-01 1.057173105415104786e+00 9.475994606197069015e-01 6.287173582161156293e-01 3.323948349108473144e-01 4.059372332322292443e-01 7.542689593868556752e-01 6.557225118841616407e-01 3.338109409377487125e-01 0.000000000000000000e+00 6.888070926355256418e-01 8.752850627710093701e-01 3.741506887985697749e-01 6.802028415986538512e-01 5.007406036613689659e-01 7.145384306977832223e-01 5.304554123973065360e-01 7.026383648669627391e-01 5.145360838462563757e-01 2.135866664106396418e-01 4.960313088550754590e-01 4.379968262199669393e-01 8.511392235460851774e-01 2.174948305906082013e-01 3.752040530257238493e-01 6.996831747697843662e-01 1.953116878958849056e-01 1.806601854659510842e-01 1.007047524268358973e+00 5.709124478777365397e-01 4.606110082597265620e-01 5.490605351464216133e-01 7.914974437244304273e-01 5.538797287115474477e-01 3.779053786521493485e-01 2.871494847667896422e-01 9.122024928275238587e-01 3.540840588789526677e-01 6.197752743011950560e-01 3.840942477184552950e-01 6.473612067639129553e-01 5.928768807711082278e-01 8.466312479650676126e-01 5.416256913037045262e-01 7.655483827624507409e-01 9.721906049413325812e-01 1.457161703723319490e-01 2.851759238578597255e-01 6.544123261029799465e-01 1.013886088594600610e+00 1.336081314188875824e-01 6.252569115971189362e-01 1.160160939035315975e-01 7.659811012511977824e-01 4.866156567669254196e-01 8.032729179562844157e-01 1.130591265242076038e-01 6.530003497585546990e-01 3.868284132351351157e-01 9.722582552618510565e-01 1.014815044663153865e+00 5.191192754829893063e-01 4.196209974154490596e-01 3.783760355509298567e-01 3.987680168351568355e-01 7.512227555972548210e-01 4.055579605734497273e-01 4.682060873921698452e-01 2.696492917725349936e-01 2.251492412813581590e-01 3.055210407467660039e-01 2.347365760513474287e-01 8.904447303509812617e-01 7.763556171157836028e-01
7.003439258982969706e-01 4.701180157401371185e-01 4.164111349831757791e-01 5.838273247341303485e-01 9.936555565554975322e-01 1.005086325271296044e+00 3.229156666443759871e-01 1.161442015027416508e+00 3.321730395544620351e-01 6.823874338950874918e-01 6.888070926355256418e-01 0.000000000000000000e+00 3.443437560953312992e-01 4.171771784155915985e-01 3.015151421982022462e-01 4.612599821603624028e-01 2.421217681977514691e-01 9.360698563304561404e-01 2.223911691158763082e-01 5.821732369632142134e-01 5.242679656280128109e-01 2.124240870513655899e-01 8.083824377997816946e-01 2.000285486002629787e-01 5.745895792184193551e-01 7.682895929183477524e-01 2.018634292293129961e-01 7.038094925359245080e-01 8.601679875287039367e-01 3.645250119196008498e-01 1.634787546427126648e-01 8.556155851632850640e-01 4.187395554222067551e-01 4.335029189427921925e-01 2.941690483660394650e-01 4.196591064078032396e-01 4.016576078687359441e-01 2.737945875982189525e-01 5.469892617184480832e-01 1.018382408998607769e+00 5.535344130291596221e-01 3.573058460296747452e-01 1.352961500165553721e-01 3.410263758100571252e-01 2.696695657677946611e-01 3.231381101428312808e-01 3.987068582804040862e-01 6.698007287952782995e-01 6.381761982694689195e-01 1.394868765520037024e-01 3.684930504303671195e-01 5.601738063545237400e-01 1.294450302829981969e-01 6.433185170069392056e-01 1.241868649144420855e-01 2.232954354878632364e-01 2.022336618337627068e-01 7.645663116737675402e-01 1.057937008878218288e+00 3.324187073007707771e-01 3.652040345773823193e-01 4.234130783746604676e-01 8.835333914577904180e-01 6.792963957926775320e-01 7.610483103627340151e-01 6.656382097003935572e-01 2.345423331687461199e-01 8.081952988299072604e-01 5.297358076969543861e-01 4.670424367775795060e-01 8.965823716249342601e-01 6.105830072640550110e-01 7.017620978790022335e-01 2.950643422898036050e-01 1.045127782792233395e-01
7.561783700991192569e-01 8.132340026893439822e-01 2.900876092321343913e-01 8.760664270474953774e-01 1.143998609611927231e+00 1.195264999711603382e+00 6.270614704589629884e-01 1.209877501732225191e+00 2.865117943015068058e-01 7.940679908958951927e-01 8.752850627710093701e-01 3.443437560953312992e-01 0.000000000000000000e+00 5.161479598209975928e-01 5.881955975621688815e-01 5.656168714268743347e-01 5.852377551469583050e-01 9.965866556784123143e-01 4.081794679888663957e-01 6.141814206738179793e-01 7.684303038490243321e-01 4.229943162354147801e-01 9.708666067698025204e-01 2.085376873677487752e-01 7.188524329831847970e-01 8.124424582861079491e-01 2.053223350666380509e-01 9.244679661408642390e-01 1.050056272039656902e+00 1.757944555192895997e-01 4.907884488564024927e-01 9.055310379793360953e-01 4.383892053783665643e-01 7.366477213401428914e-01 5.353226006446540897e-01 6.854603490326210968e-01 6.240866959905361222e-01 1.631471190322688336e-01 6.642664369971411631e-01 1.065928109324309814e+00 6.213734033672565493e-01 4.007913365784305793e-01 4.764852883265231487e-01 6.841423627592640999e-01 3.344601506039708294e-01 1.365307927029857926e-01 1.285405772659464207e-01 8.387745452927055645e-01 8.047631790755663816e-01 4.306855505788937943e-01 2.828958494053909756e-01 7.421998363709780833e-01 3.220646232386604746e-01 8.436369733624432543e-01 3.223024508546914468e-01 5.373677144873275635e-01 1.465528119868368395e-01 9.586968295513699223e-01 1.119259109653968576e+00 5.108049989134237912e-01 1.649826925540645861e-01 1.411821052480694005e-01 1.032941689951137887e+00 7.224533082896402725e-01 8.980708797328993409e-01 7.444043339699573103e-01 2.942004194089758995e-01 8.695173996056575483e-01 5.452910842456858420e-01 6.147241261356568565e-01 1.086761046065241931e+00 7.169914820445448811e-01 8.326825273863454058e-01 1.051063330953815322e-01 2.478602451736841850e-01
2.849295908561915169e-01 7.653036297488845507e-01 6.999238551047021195e-01 8.298067291291479908e-01 7.689174001192575769e-01 6.967862192759587403e-01 3.085119330271740568e-01 7.454316422534305042e-01 2.902158756845497622e-01 4.410060499687259994e-01 3.741506887985697749e-01 4.171771784155915985e-01 5.161479598209975928e-01 0.000000000000000000e+00 5.670204298978738233e-01 3.146974519932541070e-01 5.258735391597182396e-01 5.200594835564694707e-01 4.495430142074720026e-01 2.163688628399669245e-01 2.743474205240816199e-01 2.104662356947028523e-01 5.781968681231089979e-01 4.856325873464733545e-01 2.124781421897801170e-01 4.166005783138662655e-01 3.413772752361937113e-01 4.297597306525506311e-01 5.510349257592154215e-01 6.415408880687470949e-01 4.148501512746630704e-01 4.419354862342440016e-01 1.779250696493477890e-01 6.747387641028120830e-01 4.524613535486192162e-01 3.502294999245814111e-01 1.490387259453701263e-01 5.538965932939332593e-01 3.188128545983749396e-01 6.047023100695669839e-01 1.463830682773420433e-01 3.200734040436428729e-01 3.788811808255690416e-01 6.445639803237215304e-01 1.816878092170266523e-01 4.056105006757727005e-01 6.138847054077418708e-01 3.357957100718201859e-01 4.204955664301107676e-01 5.231955714507587896e-01 6.632723129136779416e-01 2.410654623985385436e-01 2.971119312485672181e-01 3.453186861604790048e-01 4.937075888306338145e-01 3.003041184541911379e-01 4.449670184226937608e-01 4.603785423494052842e-01 6.419266361042317293e-01 1.122375521850985380e-01 6.139523557282602351e-01 6.499351479906715356e-01 6.593193173861315870e-01 3.008311763524554316e-01 5.230965175311760307e-01 3.744085583248742410e-01 3.857161193976430535e-01 3.921849260559207018e-01 2.072451002076599047e-01 1.127889730265512480e-01 5.884427588632774597e-01 2.122915789838555889e-01 3.262865760779219415e-01 5.249380941513696053e-01 4.285765466081633557e-01
7.456346319332632921e-01 5.944133947695762199e-01 6.376279579107755335e-01 2.955266775744799235e-01 8.930357420752261799e-01 9.748711943304042560e-01 2.830748382149383957e-01 1.173306916195367311e+00 4.184672982938366093e-01 5.674962602688903290e-01 6.802028415986538512e-01 3.015151421982022462e-01 5.881955975621688815e-01 5.670204298978738233e-01 0.000000000000000000e+00 3.176700629643101625e-01 3.573071015584638466e-01 9.543627248654701356e-01 2.212334970618916041e-01 5.413050963855454700e-01 4.698263152537852649e-01 3.814409318985290120e-01 7.162029117578729842e-01 3.842324923254729629e-01 6.394852863149750322e-01 6.341177736463194936e-01 4.857934833553911869e-01 6.221759959926475014e-01 8.217577169186269792e-01 5.704710908869967678e-01 1.980587344987634335e-01 8.739184068302816577e-01 4.177141130874337804e-01 1.606489568753076969e-01 1.549685701559825324e-01 3.160473525875587830e-01 4.446215197446656830e-01 4.971293527097212506e-01 4.294431707426744071e-01 1.034227233871649609e+00 6.444360673879133694e-01 2.855251234968934071e-01 3.158849157770067251e-01 4.799603637044954629e-01 4.925073652356050102e-01 5.093652100923435899e-01 6.342871424512053213e-01 6.839983149416613006e-01 5.390124840875145651e-01 1.730797358204624881e-01 5.909713009117498750e-01 5.735689456553562104e-01 4.290036610308784470e-01 5.953295751956770854e-01 2.688734562202655387e-01 2.667163114436825744e-01 4.538447420703294877e-01 7.168411159098116991e-01 1.077616102271957255e+00 4.676762558059303077e-01 5.917861160791398900e-01 6.256403586514599491e-01 7.819788224144369471e-01 6.413746766517891551e-01 6.574365565424894475e-01 5.438061599934481682e-01 3.325965301722273448e-01 8.329409218424710382e-01 4.359954902283076916e-01 5.667890874900969322e-01 8.659648831403340408e-01 7.354819875812146357e-01 7.429376399129311581e-01 4.906066692872112500e-01 3.620099961036890579e-01
4.279645689689531851e-01 7.333668536899782264e-01 6.830365860963736324e-01 6.023204695767183647e-01 6.312420416354403985e-01 7.829779672476140373e-01 2.745425850897351139e-01 8.556368532310573150e-01 2.911587614014773950e-01 2.825254904770617692e-01 5.007406036613689659e-01 4.612599821603624028e-01 5.656168714268743347e-01 3.146974519932541070e-01 3.176700629643101625e-01 0.000000000000000000e+00 4.962605604788661307e-01 6.366926619011598065e-01 2.448911862776664561e-01 2.240716727865641467e-01 2.986672884474502188e-01 4.195653924077643593e-01 4.581100387933157991e-01 4.171086124920231897e-01 4.963579571771274956e-01 3.247007346998446176e-01 4.579992037827433360e-01 4.263008000432336742e-01 6.291180374248005469e-01 6.018612144875010728e-01 3.311616767091087876e-01 5.562483438659716617e-01 1.686597526323013463e-01 4.475995957440684347e-01 1.670909337943229933e-01 1.545742260407835522e-01 3.464664522973739391e-01 5.530828146326632888e-01 1.515098690206544974e-01 7.165571709073398354e-01 3.505009273170806572e-01 1.700598530403475417e-01 4.308322600817786063e-01 6.189138226248979135e-01 3.177297422867135235e-01 4.412767374670170661e-01 6.905870779581495533e-01 5.191758194909937840e-01 2.920066110990796049e-01 3.350699674839887621e-01 6.391742758351741660e-01 4.123403112574189344e-01 4.606045505534530626e-01 4.021174476173380308e-01 3.651351549337258917e-01 3.718143441049361342e-01 5.264778862800002512e-01 5.236289883314727556e-01 7.599460393076472586e-01 3.683940038571527631e-01 6.488391237320373373e-01 6.229990508272442717e-01 5.201851219746511656e-01 3.237046136874788815e-01 3.862315834447558882e-01 2.405891830531570741e-01 2.875890477093723807e-01 5.152708588781609311e-01 1.262461732092630406e-01 4.244712017183095987e-01 6.740716560575438221e-01 4.475662394690109180e-01 4.973003265224592018e-01 4.852584205701234721e-01 4.850066864312287951e-01
8.046523559317853014e-01 2.403820571417790430e-01 6.567749896037381463e-01 6.283233673300842037e-01 9.945296537569596751e-01 1.019441207964717711e+00 3.140309213424550272e-01 1.258747696344662659e+00 5.638951921388920541e-01 6.967478881730949647e-01 7.145384306977832223e-01 2.421217681977514691e-01 5.852377551469583050e-01 5.258735391597182396e-01 3.573071015584638466e-01 4.962605604788661307e-01 0.000000000000000000e+00 1.034302920418625593e+00 3.945161986595830950e-01 7.192084143773522786e-01 5.285095507975372531e-01 3.241103231502672211e-01 8.092565350012438374e-01 4.403924032208254569e-01 6.364268808864751437e-01 7.826500471963550032e-01 4.364905996921165654e-01 7.011446062494782749e-01 8.715847007825564541e-01 6.048888665401632725e-01 1.682292641655415422e-01 9.639248796594385160e-01 5.750159629257303173e-01 4.751369984220378262e-01 3.291696266845432484e-01 4.311917312918736034e-01 4.448611962383331453e-01 5.141584422187813752e-01 5.613497159964555561e-01 1.124254011259002040e+00 6.713038697882768302e-01 4.750095696367166997e-01 1.487283887838091179e-01 1.343860615100881395e-01 4.510124076062541065e-01 5.618230594803810263e-01 6.408286264781554165e-01 7.060182354633127710e-01 6.390502954709309513e-01 2.714421631774303623e-01 6.088569050509293756e-01 5.955888661770075698e-01 3.365097060033611087e-01 6.513611553239275764e-01 3.559516392371138149e-01 2.353065019801268420e-01 4.431276608853897958e-01 7.726089499907560221e-01 1.156770938594815057e+00 4.285390277227580924e-01 6.062581660565083963e-01 6.637769329952227793e-01 8.844074886592521167e-01 8.046749271545520221e-01 7.660787649245114350e-01 6.799986639784008080e-01 4.663071074914176828e-01 9.093285494097105293e-01 6.165420134686587783e-01 5.410011046219930231e-01 9.105348967746474953e-01 7.027571614896823693e-01 7.635993995470580220e-01 5.354281969103659167e-01 3.448766328997857622e-01
2.412135870070871158e-01 1.274684977560404331e+00 1.196413189188900716e+00 1.239013131477878060e+00 8.736850513677308916e-01 8.243553292927316978e-01 7.504530229953830789e-01 2.385210816131595468e-01 7.389529198100662777e-01 5.587301353603204568e-01 5.304554123973065360e-01 9.360698563304561404e-01 9.965866556784123143e-01 5.200594835564694707e-01 9.543627248654701356e-01 6.366926619011598065e-01 1.034302920418625593e+00 0.000000000000000000e+00 8.417667542493897370e-01 4.264950547888155530e-01 5.463491829695574786e-01 7.297849220063712394e-01 6.797121551360265634e-01 9.304852155845503292e-01 4.288053100327117173e-01 3.838205387026416560e-01 8.408403376507107563e-01 3.705588894961333035e-01 6.451878108880205742e-01 1.087553632252944658e+00 9.121717135012069599e-01 1.629349300457181293e-01 5.798223798133451679e-01 1.083168438757150076e+00 8.026597768074045236e-01 6.689877313758659794e-01 6.216534834055924552e-01 1.052093723195897557e+00 5.579627917917903135e-01 1.398251070813691377e-01 3.876146541768061282e-01 7.139007197022237960e-01 8.913369711455749744e-01 1.157019770643727297e+00 6.784550280403115474e-01 8.637976835685018395e-01 1.111946811735364582e+00 4.204012261951074469e-01 5.516579733766666660e-01 9.612978345655563972e-01 1.152550878927701472e+00 5.314695052949781617e-01 8.092750988294011849e-01 4.893372895218613960e-01 9.231112138570680692e-01 8.027870539374970527e-01 9.431641483246578916e-01 5.359773880072842278e-01 1.271100181595636591e-01 6.140583849770182567e-01 1.112149485630224310e+00 1.099897349898267374e+00 7.640815366594796432e-01 3.129880482136808695e-01 6.073075462948244185e-01 4.819428873399835833e-01 8.127557456027639793e-01 1.278745575005488244e-01 5.293303341631097059e-01 5.049771759909451596e-01 7.147916941820323666e-01 3.315457589289431128e-01 3.126586733348759584e-01 9.709508383355667238e-01 9.307447987029713321e-01
6.228283071253991610e-01 6.286489297423447642e-01 4.811310405725668926e-01 5.165428598291856854e-01 8.758772743994769350e-01 9.848757284532079215e-01 3.360972781080534544e-01 1.060710945579286912e+00 2.149334965391715979e-01 5.274166767547282531e-01 7.026383648669627391e-01 2.223911691158763082e-01 4.081794679888663957e-01 4.495430142074720026e-01 2.212334970618916041e-01 2.448911862776664561e-01 3.945161986595830950e-01 8.417667542493897370e-01 0.000000000000000000e+00 4.174906932009345151e-01 4.927366211026619203e-01 4.299470480091464597e-01 7.007474766435289881e-01 2.190275456523163577e-01 6.422061370941659630e-01 5.632834250384006758e-01 3.597776699831626845e-01 6.308616296199019979e-01 8.310157986303943201e-01 4.104078315471438865e-01 2.451982862696705234e-01 7.601099299437145129e-01 2.768553637571968817e-01 3.788117777317230872e-01 1.714430586293354264e-01 3.252391153098007637e-01 4.976439596377806307e-01 3.449131822489179267e-01 3.906205957539958806e-01 9.204187569850825756e-01 5.075111544238921635e-01 1.372822385056479966e-01 3.144173991159500137e-01 5.017491705514427469e-01 3.170416175557346783e-01 3.096201024054654471e-01 4.856587090845724264e-01 7.237366490676622188e-01 5.273728282571978898e-01 1.273494201410975413e-01 4.352233569102205157e-01 6.101432554632422178e-01 3.349204732254669192e-01 6.040152088229316929e-01 1.202439686560594079e-01 3.246082670533965153e-01 3.120383021471817009e-01 7.255267495370661956e-01 9.650201316558773001e-01 4.726570256471186449e-01 4.406694913482921971e-01 4.496984449806618600e-01 7.648203547386879242e-01 5.327051611910106343e-01 6.311227697224225386e-01 4.854803693308234469e-01 1.139790485798905517e-01 7.203449512263910837e-01 3.163628752415819090e-01 5.536879346350652709e-01 8.759694172631377063e-01 6.031292331011808283e-01 7.103262211476415455e-01 3.058628138207701852e-01 2.401155001535622557e-01
2.138522960823188990e-01 9.563147075884644854e-01 7.822202021661752713e-01 8.263921423632828445e-01 6.317261020446076625e-01 7.967734474325014471e-01 4.729803178559748300e-01 6.454392461187129504e-01 3.382959724433257653e-01 2.698980440469030406e-01 5.145360838462563757e-01 5.821732369632142134e-01 6.141814206738179793e-01 2.163688628399669245e-01 5.413050963855454700e-01 2.240716727865641467e-01 7.192084143773522786e-01 4.264950547888155530e-01 4.174906932009345151e-01 0.000000000000000000e+00 3.124627686323376285e-01 4.045872911707979469e-01 4.586117050690112773e-01 5.162922285618246621e-01 3.106010294108425551e-01 2.150037188373082331e-01 4.605221101863728461e-01 3.731520101214021445e-01 6.429135176096880677e-01 6.827408607028655485e-01 5.541095306075948246e-01 3.451885224187313805e-01 1.775564431450756542e-01 6.705474496425545272e-01 3.900387876928089748e-01 3.181200335305343629e-01 3.654075887853370785e-01 6.522664307024647057e-01 1.700703588728423310e-01 5.054973494600994988e-01 1.395559353469539299e-01 2.896246586537684631e-01 5.807081778409515227e-01 8.418616765233838395e-01 3.130261653299142299e-01 4.776506279708321312e-01 7.310295493207510376e-01 4.070184284210273118e-01 3.058020912839670147e-01 5.370217735171012308e-01 7.383578919049755829e-01 4.060859134743582954e-01 4.553784794621590359e-01 4.159129278022254406e-01 5.086350107955904809e-01 5.077704817820180017e-01 5.628459208603199260e-01 5.374244685163600543e-01 5.497484321953031161e-01 3.197039155129253740e-01 7.318312581658866778e-01 7.001371786731683811e-01 5.206691823838183186e-01 1.160856315033637620e-01 3.743986322668589883e-01 1.786953506511378686e-01 3.982795425412863355e-01 3.050732517658167331e-01 1.094450812338995938e-01 2.834015186372400019e-01 6.878671362424313429e-01 2.416392506840605858e-01 3.100908671287472274e-01 5.661380667854880588e-01 5.563402553174692233e-01
3.629568346053214656e-01 7.671737770950711743e-01 9.064783317229303528e-01 7.372229342748383152e-01 5.024604028984447357e-01 5.050448790766189910e-01 2.144786294550821981e-01 7.701627299591066178e-01 5.260497297095740876e-01 2.218965248182974970e-01 2.135866664106396418e-01 5.242679656280128109e-01 7.684303038490243321e-01 2.743474205240816199e-01 4.698263152537852649e-01 2.986672884474502188e-01 5.285095507975372531e-01 5.463491829695574786e-01 4.927366211026619203e-01 3.124627686323376285e-01 0.000000000000000000e+00 3.745225228919047411e-01 3.171872841427287315e-01 6.698920406039211572e-01 1.976906687296772769e-01 3.217195481187531403e-01 5.796823939582645968e-01 1.830098448811978973e-01 3.519314016648414922e-01 8.475258518889128290e-01 3.768172842819541568e-01 4.765047788319776711e-01 3.788932523026231070e-01 5.811209173795618410e-01 3.439779849472466289e-01 1.680036348878485020e-01 1.525180463503962580e-01 7.646430006853797146e-01 1.520107436650338928e-01 6.356690448734459986e-01 3.351383146471020869e-01 4.452878915499941526e-01 4.220800867568517689e-01 6.567082858041649596e-01 4.418224230292164822e-01 6.642230138708806741e-01 8.599386527618023690e-01 2.341141613993680259e-01 1.469810446124159564e-01 4.506867372934606486e-01 8.585602471701216931e-01 1.174066343605802420e-01 5.037481256339481073e-01 1.271220435301341767e-01 5.669012152420465078e-01 3.092812198219331288e-01 6.840144409790007707e-01 2.490748021088173281e-01 6.692242515378766798e-01 2.704157848791911012e-01 8.579201988465428030e-01 8.859463821186360777e-01 3.923382378007371218e-01 3.795598448131404790e-01 2.664616194314787245e-01 2.447613006409883885e-01 5.539582293285806314e-01 4.217818623527718191e-01 2.661327721782510980e-01 1.760448629870551285e-01 3.961385678865487758e-01 3.083216647017034129e-01 3.037714888014819703e-01 7.487338935805172291e-01 6.067867295704699737e-01
