0.000000000000000000e+00 2.095780609592144117e+01 1.560241898382054160e+01 1.476143825317522307e+01 1.121231770654710580e+01 8.151602884203430932e+00 7.913954060678372926e+00 2.036539721919569246e+01 1.752609742767047507e+01 7.591076976609471672e+00 1.497834971122409797e+01 1.002285871356707858e+01 1.281386120481758084e+01 1.528916014046968463e+01 4.887019200967137600e+00 1.626107261167713247e+01 4.591878167739491978e+00 1.043452553561584040e+01 1.972299927306742617e+01 1.216637474435161081e+01 1.107103083776435604e+01 1.807668964374011011e+01 4.097683644758710386e+00 1.406250118210423850e+01 9.687261732588311247e+00 1.892088089952012098e+01 1.649581651143739336e+01 7.737997153388083582e+00 4.669707777821060724e+00 1.229237005402248073e+01 1.048108565488328203e+01 7.638429172356582697e+00 1.804022174285447733e+01 1.764016071055570478e+01 1.294833939192106520e+01 7.798391486147791873e+00 1.311682896808713927e+01 9.892321532864874811e+00 1.042768509204625005e+01 4.737550679542861687e+00 1.541670038387565889e+01 7.311922768298043884e+00 1.268424359147459946e+01 1.732576251619526175e+01 2.570288194692368133e+00 1.368114955428451474e+01 1.175134955399094139e+01 1.503115628217997113e+01 1.737695806546125610e+01 2.510114345995661189e+00
2.095780609592144117e+01 0.000000000000000000e+00 1.548310560362923738e+01 1.486136095443848149e+01 1.204705228091675728e+01 1.761421743823598618e+01 1.932287681680758240e+01 7.889084400608411762e+00 7.577485347614591582e+00 1.347461613833019278e+01 6.187046633750012958e+00 1.219781082331162736e+01 9.253183671558851131e+00 1.084688786194898569e+01 1.651486482410497203e+01 4.808741298731587399e+00 1.754576036123586391e+01 1.493815321650932582e+01 4.219950812963577214e+00 1.666594160549812997e+01 1.834927842949764099e+01 4.013509563251684398e+00 1.862421517361885037e+01 8.987590400264402035e+00 1.234521733940611732e+01 1.136798514541499827e+01 1.111269184392231146e+01 1.462420181060599766e+01 2.032555155559447613e+01 9.108378417192490417e+00 1.490652068635974992e+01 1.635602526440064253e+01 3.098784287444476870e+00 7.036107494645904126e+00 1.200133918529792965e+01 1.549382070646753995e+01 1.389826952250913017e+01 1.167892210231831562e+01 1.216126962280250723e+01 1.622025541637858481e+01 7.752685115112196712e+00 1.386410573771237686e+01 1.141667124319046067e+01 1.399380763853516108e+01 1.898081570269176410e+01 9.006822922230053763e+00 1.029256919018196115e+01 8.410064321751754335e+00 4.329847010954740227e+00 1.892031174033217056e+01
1.560241898382054160e+01 1.548310560362923738e+01 0.000000000000000000e+00 2.058078714124630082e+01 1.101792741209017024e+01 8.162898855924119346e+00 1.970705381318115457e+01 7.912685529040318855e+00 1.914003199516081821e+01 1.299287151198801382e+01 9.719902505143780402e+00 6.479572061955699347e+00 1.498542991184232775e+01 5.124340842954261177e+00 1.096778724647250058e+01 1.427416546822513332e+01 1.544843521490197169e+01 1.720163300310700549e+01 1.197015712927416509e+01 4.090630465367942392e+00 2.029772013251412943e+01 1.746736390156273089e+01 1.211328765004452102e+01 1.271363674331890437e+01 1.314397296963569950e+01 4.880320312441775776e+00 1.952156787245761649e+01 1.008133270757884148e+01 1.851682681720087231e+01 7.879041556406106928e+00 5.335100936835873497e+00 1.544373513196208592e+01 1.238432131618475474e+01 8.454719163960543682e+00 1.751137803449690011e+01 8.270521396119315582e+00 3.104484582755991262e+00 8.619721632638562170e+00 1.576815258742260895e+01 1.274532777924328641e+01 1.658415080484529724e+01 8.359786222769844954e+00 5.407312251608436426e+00 2.588401566163894163e+00 1.344450559529790823e+01 1.017953452415667215e+01 1.282136241085828843e+01 7.369510386422204462e+00 1.185437441116716073e+01 1.636133654960330119e+01
1.476143825317522307e+01 1.486136095443848149e+01 2.058078714124630082e+01 0.000000000000000000e+00 1.104174602079233836e+01 1.748261730430953520e+01 8.201201920704081161e+00 1.932542320969667671e+01 7.570343252046803251e+00 8.173508354156773237e+00 1.361110550683266140e+01 1.458462052593900538e+01 6.046506936374944630e+00 1.592050700641804895e+01 1.291251614800005498e+01 1.038726086361782741e+01 1.052423126979426016e+01 4.329029823781031183e+00 1.800831604391905572e+01 1.940255162066522132e+01 4.075532464811176148e+00 1.140843992297385689e+01 1.656927063744785755e+01 9.890751890655188561e+00 8.492490510233695389e+00 1.891561583543434821e+01 3.752407294976911611e+00 1.099742516215346200e+01 1.144350738694881287e+01 1.271543528725094063e+01 1.640250689408308560e+01 7.418891024185713334e+00 1.486974629393848524e+01 1.661360454058638325e+01 3.123495677546449745e+00 1.478915311748928296e+01 1.793721954070849733e+01 1.311474804780350567e+01 5.317262205484537319e+00 1.069525998055365790e+01 7.247237574749346933e+00 1.273579116063169181e+01 1.534278838549701085e+01 1.978454924224009659e+01 1.445398172920399205e+01 1.133522871299280865e+01 7.957803147539512345e+00 1.435704090369741870e+01 1.268450582690592832e+01 1.232146260692468864e+01
1.121231770654710580e+01 1.204705228091675728e+01 1.101792741209017024e+01 1.104174602079233836e+01 0.000000000000000000e+00 1.121333252575102257e+01 1.481923445421305630e+01 1.149046512061578085e+01 1.037500460018551607e+01 7.560103401432676229e+00 5.906446824487549208e+00 5.732421809740817054e+00 5.641414039846190498e+00 6.800747859216657254e+00 7.042316543304512066e+00 8.099321184459851608e+00 1.090975182814738886e+01 1.041106348126840153e+01 1.074161187249081095e+01 1.130503851606944821e+01 1.398439082184598803e+01 1.012526009361553747e+01 1.101715504544242918e+01 4.185026758477663478e+00 3.871487713478999115e+00 1.033607575224908715e+01 1.020582875667087208e+01 3.544819655504169553e+00 1.393092886863153090e+01 3.625376264634792456e+00 8.787348876487440563e+00 1.064295647605537631e+01 8.948760453895140188e+00 8.658792335742383273e+00 7.923902409845351436e+00 8.399874609080617560e+00 8.187887571704672851e+00 2.884776380319438616e+00 7.363964070971788622e+00 8.334144189897788380e+00 7.700181251019056816e+00 5.967180193016712764e+00 5.690233473643633744e+00 1.063229011699217885e+01 9.074334447238602053e+00 3.091895851591261124e+00 3.085558794189522835e+00 6.049768881603350579e+00 8.285496776501910077e+00 1.189702604638202210e+01
8.151602884203430932e+00 1.761421743823598618e+01 8.162898855924119346e+00 1.748261730430953520e+01 1.121333252575102257e+01 0.000000000000000000e+00 1.399296798777385220e+01 1.346928105790902030e+01 1.986303242985323791e+01 9.312426017822440727e+00 1.180679987372383621e+01 5.744475617278752999e+00 1.478577542891214591e+01 8.395918564653493732e+00 4.741695892320841210e+00 1.638613727367133421e+01 9.327153978561074865e+00 1.326464406803650320e+01 1.428105258399867594e+01 4.075539963127564391e+00 1.628721005692603541e+01 1.959778319319258344e+01 4.062629219801062952e+00 1.394681586885654312e+01 1.134098877281316220e+01 1.200124625852490468e+01 1.888834017999089809e+01 7.860654419415862293e+00 1.171255312319450859e+01 8.860437277148523805e+00 3.094527145609426988e+00 1.135708980773771870e+01 1.451543315079150887e+01 1.077867062794653208e+01 1.530513769857711992e+01 2.989288859863030279e+00 5.816928534730260836e+00 8.561734363632448108e+00 1.247638875243183065e+01 7.611596898343008455e+00 1.746791450979868543e+01 5.624048851152466000e+00 6.232865255288952966e+00 1.027727736749117504e+01 5.666669388013615638e+00 1.146139507486217113e+01 1.343829111458903647e+01 9.220099511031751405e+00 1.396634621661334918e+01 9.304762416190683894e+00
7.913954060678372926e+00 1.932287681680758240e+01 1.970705381318115457e+01 8.201201920704081161e+00 1.481923445421305630e+01 1.399296798777385220e+01 0.000000000000000000e+00 2.367856284004123424e+01 1.224151549455052645e+01 7.567617281459582124e+00 1.783150362962390645e+01 1.411137170021855525e+01 1.017787643579894663e+01 1.937767312712116663e+01 9.596415550227066049e+00 1.470059265501022772e+01 4.681848742243349903e+00 4.501673631455648028e+00 2.242858085172595395e+01 1.687577109361153660e+01 4.253194046838526532e+00 1.587061210574538173e+01 1.179696354734056740e+01 1.410006211859426806e+01 1.120084006068249849e+01 2.300656154646857487e+01 9.967446543770055456e+00 1.140717716295894135e+01 3.608271208263084340e+00 1.638088304067394674e+01 1.460120315060709117e+01 4.312651850536942888e+00 1.929001110174538169e+01 2.083400266337765316e+01 7.530071098546009090e+00 1.224788901766021532e+01 1.720843578849822109e+01 1.388564000386295483e+01 7.465826578554930038e+00 7.242917536276927137e+00 1.157797760389371433e+01 1.137162524362496185e+01 1.677275657812607790e+01 2.141427550284675263e+01 9.186260575870171863e+00 1.546563914585492938e+01 1.192917610703158537e+01 1.848140542072074766e+01 1.690912459659838873e+01 5.449296088795212434e+00
2.036539721919569246e+01 7.889084400608411762e+00 7.912685529040318855e+00 1.932542320969667671e+01 1.149046512061578085e+01 1.346928105790902030e+01 2.367856284004123424e+01 0.000000000000000000e+00 1.353119204220491056e+01 1.704837139504677523e+01 6.023970535939544568e+00 1.034527021026892690e+01 1.360886969479252429e+01 5.079334426922681445e+00 1.574174847342455763e+01 9.081225658629689335e+00 2.019828821638657956e+01 1.929383923974298298e+01 4.127140243903044237e+00 9.774192808729955217e+00 2.270496445273132124e+01 1.111713598387017399e+01 1.700568083413956089e+01 1.000559992162872014e+01 1.445368006642061154e+01 3.780422354172060295e+00 1.557765680949867892e+01 1.393358032772971278e+01 2.326586980641520697e+01 8.139120146169236847e+00 1.038079757492602795e+01 2.018961359172239511e+01 5.680673865319096016e+00 3.030274945187656499e+00 1.638236890631782927e+01 1.324550179183481546e+01 7.793569569122431595e+00 1.098830061944203074e+01 1.651695564603618038e+01 1.750830601461843727e+01 1.210837113834587342e+01 1.309098938703196602e+01 7.687729330563596974e+00 6.422380636904178708e+00 1.820769935201135326e+01 8.561431189525478658e+00 1.227538877386718319e+01 5.500770783185561896e+00 6.870665387008376257e+00 2.112149291245097515e+01
1.752609742767047507e+01 7.577485347614591582e+00 1.914003199516081821e+01 7.570343252046803251e+00 1.037500460018551607e+01 1.986303242985323791e+01 1.224151549455052645e+01 1.353119204220491056e+01 0.000000000000000000e+00 1.056164841151331402e+01 9.711148713328814353e+00 1.448303693214658594e+01 5.354986238331222559e+00 1.425979492824721717e+01 1.538580985819759483e+01 4.998466608042754444e+00 1.320997197078388119e+01 7.859173811571789514e+00 1.077222048394909670e+01 1.986661263645599362e+01 1.121296737861793957e+01 4.061720987220716950e+00 1.909994442968717721e+01 6.685058433628660701e+00 9.631007704207183551e+00 1.571586829191560675e+01 3.821674141530633229e+00 1.294160055007903942e+01 1.443174414438217035e+01 1.135085330880297860e+01 1.750224656967687054e+01 1.004284500803969316e+01 8.066152686640783998e+00 1.138399064114650905e+01 4.720423778906328138e+00 1.716956824303298035e+01 1.684953101331648995e+01 1.241109667398971794e+01 7.389790981599473341e+00 1.322593377279298288e+01 2.690620638581670665e+00 1.511081446459937183e+01 1.405038695124944326e+01 1.766913264854954946e+01 1.698465552144332236e+01 9.197571952911715698e+00 7.791159725720400608e+00 1.203736573615648631e+01 7.285657583993653041e+00 1.510133695649384755e+01
7.591076976609471672e+00 1.347461613833019278e+01 1.299287151198801382e+01 8.173508354156773237e+00 7.560103401432676229e+00 9.312426017822440727e+00 7.567617281459582124e+00 1.704837139504677523e+01 1.056164841151331402e+01 0.000000000000000000e+00 1.124530828705325547e+01 7.381536170621521009e+00 5.485041212146973599e+00 1.264783759752412884e+01 4.829380595857593939e+00 8.777882654085875203e+00 4.667832134359109375e+00 4.220718234634239785e+00 1.627302367498741376e+01 1.123236033417812152e+01 7.413633457079379596e+00 1.068916902663749013e+01 8.709575333055271429e+00 7.353044875329927343e+00 3.854603521281100953e+00 1.595393987541766734e+01 9.586788170423222510e+00 4.027223136580110108e+00 7.470056605279899564e+00 9.651047511076914276e+00 8.232944855010655871e+00 3.826768574762211106e+00 1.343331049047164427e+01 1.419020413823898608e+01 6.003753680237193358e+00 6.618961831002182272e+00 1.047860025890118862e+01 7.031362916796672913e+00 3.175652741053585082e+00 2.859872544595678967e+00 8.167178498420438970e+00 4.633085289218170644e+00 1.004292104852904188e+01 1.468443997324970951e+01 6.673928605532280400e+00 8.574824090078340788e+00 4.800825447150170788e+00 1.158118068409995871e+01 1.090033479873479294e+01 5.900031095525283042e+00
1.497834971122409797e+01 6.187046633750012958e+00 9.719902505143780402e+00 1.361110550683266140e+01 5.906446824487549208e+00 1.180679987372383621e+01 1.783150362962390645e+01 6.023970535939544568e+00 9.711148713328814353e+00 1.124530828705325547e+01 0.000000000000000000e+00 6.271390854291372996e+00 7.679891963804166721e+00 5.052660203911600867e+00 1.035470096545296670e+01 4.845282186393136570e+00 1.481124070841498686e+01 1.344678002932566585e+01 5.059696833948132522e+00 1.088289111746384208e+01 1.685931661564884365e+01 8.096795510101543414e+00 1.265340671704920794e+01 4.044873174397471516e+00 8.794705398844037347e+00 6.877007297992835611e+00 1.078979143025737564e+01 8.450442163230347248e+00 1.787882229844359827e+01 3.115126346755422215e+00 9.099103121847608833e+00 1.480256608375080063e+01 3.088754806728391422e+00 3.023692477259075417e+00 1.060636923327660419e+01 9.523012249897908177e+00 8.108279205766615760e+00 5.505162454942667871e+00 1.064737451683287972e+01 1.212125850664683568e+01 7.515230727140902900e+00 7.703941879060375086e+00 5.608341800208720862e+00 8.306836908840461220e+00 1.282065184403976055e+01 2.841067839585744270e+00 6.613837317582347275e+00 2.592018636385133856e+00 2.425491129335161311e+00 1.573444540447939310e+01
1.002285871356707858e+01 1.219781082331162736e+01 6.479572061955699347e+00 1.458462052593900538e+01 5.732421809740817054e+00 5.744475617278752999e+00 1.411137170021855525e+01 1.034527021026892690e+01 1.448303693214658594e+01 7.381536170621521009e+00 6.271390854291372996e+00 0.000000000000000000e+00 1.016993064379486356e+01 5.269033131542917303e+00 5.399209967795944642e+00 1.086006932520479573e+01 9.855749710757963911e+00 1.117066213973649802e+01 9.702872264140662395e+00 6.159496605246131296e+00 1.469890188624365734e+01 1.411158264891319725e+01 6.662667656197247545e+00 8.268519768356988209e+00 6.954518519406841293e+00 8.900753890593358975e+00 1.470606860441015762e+01 3.640525629276819330e+00 1.292333130078657000e+01 3.192390642172524107e+00 3.157148905024588004e+00 9.847075086093777685e+00 9.099026535867155374e+00 7.620033701628922351e+00 1.188372545901720656e+01 3.316948789354019489e+00 3.375087479199707197e+00 2.855022508889971000e+00 9.293891558378396311e+00 7.165767508989815404e+00 1.182355861203104119e+01 2.748450881403350810e+00 2.664116582547828571e+00 7.305635507268494422e+00 7.865160846382737603e+00 5.783098974362623323e+00 8.004264250245213930e+00 5.011029273253199356e+00 8.440278268146821361e+00 1.077895440682237549e+01
1.281386120481758084e+01 9.253183671558851131e+00 1.498542991184232775e+01 6.046506936374944630e+00 5.641414039846190498e+00 1.478577542891214591e+01 1.017787643579894663e+01 1.360886969479252429e+01 5.354986238331222559e+00 5.485041212146973599e+00 7.679891963804166721e+00 1.016993064379486356e+01 0.000000000000000000e+00 1.029635241319158467e+01 1.030920265883124998e+01 4.630899509761511545e+00 8.292576689677018109e+00 5.793152835500701592e+00 1.235888770647722978e+01 1.560117778167226632e+01 9.205689421823873175e+00 5.800918960496663779e+00 1.405465632918708607e+01 3.935151227424527054e+00 4.421367982974691024e+00 1.324309401270392073e+01 4.672075951439512487e+00 7.753598810465362590e+00 1.109146072885838130e+01 7.120078057846963127e+00 1.318914028132513749e+01 7.208760044694416891e+00 9.220317956496655754e+00 1.068239099755788679e+01 2.986728777767174048e+00 1.209231124209189190e+01 1.253668103712191417e+01 7.893690682293534877e+00 2.981682451891969343e+00 8.186979690262067066e+00 2.705690902701484823e+00 1.003277036505608066e+01 9.749030048658640979e+00 1.415801842732030913e+01 1.197764219088025328e+01 5.291122445900751536e+00 2.555855245656667663e+00 8.315961246270772378e+00 6.774221939554072591e+00 1.064379922431496439e+01
1.528916014046968463e+01 1.084688786194898569e+01 5.124340842954261177e+00 1.592050700641804895e+01 6.800747859216657254e+00 8.395918564653493732e+00 1.937767312712116663e+01 5.079334426922681445e+00 1.425979492824721717e+01 1.264783759752412884e+01 5.052660203911600867e+00 5.269033131542917303e+00 1.029635241319158467e+01 0.000000000000000000e+00 1.066551139469855158e+01 9.626029885789106899e+00 1.512205113766056819e+01 1.562305983648174212e+01 7.487441681862067711e+00 5.952794712799887478e+00 1.904019441944364743e+01 1.283114615988249341e+01 1.192944375541354951e+01 7.657406575416845662e+00 1.033076923271164560e+01 3.794341283974533852e+00 1.483240021673479525e+01 8.876694206759848882e+00 1.818963272768918671e+01 3.263770137674687266e+00 5.307435081670505816e+00 1.511337651299638729e+01 7.748103574504514590e+00 3.821435843944332778e+00 1.285109789966864824e+01 8.169264713108802312e+00 3.086433076470676440e+00 5.931414498472168617e+00 1.264949316373808941e+01 1.243206893589242235e+01 1.166341710280030242e+01 8.014752308305959971e+00 2.614018540962839587e+00 3.864667611957536497e+00 1.313146227328534543e+01 5.223051404521397600e+00 8.165142750075224498e+00 2.474782996308745542e+00 7.206238828731129864e+00 1.604525583372497621e+01
4.887019200967137600e+00 1.651486482410497203e+01 1.096778724647250058e+01 1.291251614800005498e+01 7.042316543304512066e+00 4.741695892320841210e+00 9.596415550227066049e+00 1.574174847342455763e+01 1.538580985819759483e+01 4.829380595857593939e+00 1.035470096545296670e+01 5.399209967795944642e+00 1.030920265883124998e+01 1.066551139469855158e+01 0.000000000000000000e+00 1.360123073500215796e+01 5.065172660163715257e+00 8.586059269595702759e+00 1.509935052729629845e+01 7.279355543384470550e+00 1.159359432788383515e+01 1.551333047332177095e+01 3.998490140519689096e+00 1.093480293087538158e+01 6.871344164364588281e+00 1.429723215374899326e+01 1.441094961710750155e+01 3.671800454886144927e+00 8.232137205890280640e+00 7.668721308251336133e+00 5.806440084015373593e+00 6.657582095567569525e+00 1.341657299708334250e+01 1.301651196478456640e+01 1.082791512692147151e+01 2.981019215540868128e+00 8.493180222316006223e+00 5.290554484031013693e+00 7.999814187737862348e+00 2.902801196040610598e+00 1.299133994510472689e+01 2.693389431821784363e+00 8.060594845703464628e+00 1.270211377042413048e+01 2.561943493419410078e+00 9.083446766991420063e+00 8.968646506140469654e+00 1.040750753640883630e+01 1.275330931969011061e+01 5.848805460752855900e+00
1.626107261167713247e+01 4.808741298731587399e+00 1.427416546822513332e+01 1.038726086361782741e+01 8.099321184459851608e+00 1.638613727367133421e+01 1.470059265501022772e+01 9.081225658629689335e+00 4.998466608042754444e+00 8.777882654085875203e+00 4.845282186393136570e+00 1.086006932520479573e+01 4.630899509761511545e+00 9.626029885789106899e+00 1.360123073500215796e+01 0.000000000000000000e+00 1.292347619943852521e+01 1.031586905471198357e+01 7.886396760511798831e+00 1.545105861644226231e+01 1.372699426770030939e+01 4.431579188911810796e+00 1.728245072626195977e+01 4.290856916020083567e+00 7.648483855161797962e+00 1.108083253835505033e+01 6.639623107217213160e+00 1.098071468265247219e+01 1.570326739379712322e+01 7.766613969835614917e+00 1.367844052179510328e+01 1.173374110260330028e+01 4.747827010531226577e+00 6.748954887585948192e+00 7.427548444023146068e+00 1.415205625911066001e+01 1.267991694920645251e+01 1.013541325826404993e+01 7.538985461005167643e+00 1.152352193213427256e+01 3.188386695019923778e+00 1.252234129035549692e+01 1.018782237304440130e+01 1.280326612161386457e+01 1.534783495126480091e+01 6.803370435303137675e+00 5.595835705937649784e+00 7.171499209220813853e+00 2.460979713768548738e+00 1.423415733862461252e+01
4.591878167739491978e+00 1.754576036123586391e+01 1.544843521490197169e+01 1.052423126979426016e+01 1.090975182814738886e+01 9.327153978561074865e+00 4.681848742243349903e+00 2.019828821638657956e+01 1.320997197078388119e+01 4.667832134359109375e+00 1.481124070841498686e+01 9.855749710757963911e+00 8.292576689677018109e+00 1.512205113766056819e+01 5.065172660163715257e+00 1.292347619943852521e+01 0.000000000000000000e+00 6.196947623320691712e+00 1.955589027025832038e+01 1.234452820354818314e+01 7.296946945771005666e+00 1.409349565017368278e+01 7.383844547461877461e+00 1.200520864182008296e+01 8.235442441523876056e+00 1.875377189671101164e+01 1.221556408220611090e+01 7.434370239518442780e+00 3.169372096179612353e+00 1.212526105121335362e+01 1.033657341264159335e+01 3.178418363551792858e+00 1.751289464617366676e+01 1.747305170774658833e+01 8.650931769189210030e+00 7.760727599483158379e+00 1.295281379903762620e+01 9.647505618630066948e+00 5.860461124599503080e+00 2.755756118099872420e+00 1.084549426449796705e+01 7.116003254164377623e+00 1.251713458866548123e+01 1.715865351338614886e+01 4.694995851568574352e+00 1.322698785656849196e+01 9.452989213640327293e+00 1.486404727937085646e+01 1.506213911609372502e+01 2.380366452665437116e+00
1.043452553561584040e+01 1.493815321650932582e+01 1.720163300310700549e+01 4.329029823781031183e+00 1.041106348126840153e+01 1.326464406803650320e+01 4.501673631455648028e+00 1.929383923974298298e+01 7.859173811571789514e+00 4.220718234634239785e+00 1.344678002932566585e+01 1.117066213973649802e+01 5.793152835500701592e+00 1.562305983648174212e+01 8.586059269595702759e+00 1.031586905471198357e+01 6.196947623320691712e+00 0.000000000000000000e+00 1.804385725142769203e+01 1.522830320436407625e+01 4.046012878445225169e+00 1.148588850544713935e+01 1.224024081366681393e+01 9.715338518296020354e+00 6.786830557356873683e+00 1.862081618080092227e+01 6.079685623481920764e+00 7.563050768327473250e+00 7.126020357251617199e+00 1.241798811731463381e+01 1.226096219349835970e+01 3.090896815739815562e+00 1.490528750144713044e+01 1.644927906307939480e+01 3.147655069184478904e+00 1.059169442758488877e+01 1.451458324289572310e+01 1.033004626551592686e+01 3.050277462694111374e+00 6.366230156772623161e+00 7.193254003595457746e+00 8.846629590955755518e+00 1.362208169817997394e+01 1.826741465154693245e+01 1.012495190542296086e+01 1.108091554555668701e+01 7.542582127220434529e+00 1.409668182042250706e+01 1.252440099630014281e+01 7.995109990142382550e+00
1.972299927306742617e+01 4.219950812963577214e+00 1.197015712927416509e+01 1.800831604391905572e+01 1.074161187249081095e+01 1.428105258399867594e+01 2.242858085172595395e+01 4.127140243903044237e+00 1.077222048394909670e+01 1.627302367498741376e+01 5.059696833948132522e+00 9.702872264140662395e+00 1.235888770647722978e+01 7.487441681862067711e+00 1.509935052729629845e+01 7.886396760511798831e+00 1.955589027025832038e+01 1.804385725142769203e+01 0.000000000000000000e+00 1.327086515346852202e+01 2.145498246441602674e+01 7.483090414654013145e+00 1.636328288801129816e+01 9.045523977494193346e+00 1.367833234636125006e+01 7.837893954405904751e+00 1.425964693340289280e+01 1.323746789460777684e+01 2.262347186028694423e+01 7.448358958784495165e+00 1.157335583212244146e+01 1.946172929931902473e+01 3.189668746472260175e+00 3.692828270567801496e+00 1.510951487732332410e+01 1.260310384570654385e+01 1.053010916888724147e+01 1.029218818632009480e+01 1.526697365772088766e+01 1.686590806849016744e+01 1.085838915003057892e+01 1.244859144090370862e+01 8.087044283877425244e+00 1.047985223713801872e+01 1.756530140588309763e+01 7.728692464497424197e+00 1.150004105380782171e+01 5.096198996099343681e+00 5.709181581794248395e+00 2.047909496632271953e+01
1.216637474435161081e+01 1.666594160549812997e+01 4.090630465367942392e+00 1.940255162066522132e+01 1.130503851606944821e+01 4.075539963127564391e+00 1.687577109361153660e+01 9.774192808729955217e+00 1.986661263645599362e+01 1.123236033417812152e+01 1.088289111746384208e+01 6.159496605246131296e+00 1.560117778167226632e+01 5.952794712799887478e+00 7.279355543384470550e+00 1.545105861644226231e+01 1.234452820354818314e+01 1.522830320436407625e+01 1.327086515346852202e+01 0.000000000000000000e+00 1.826327184507638179e+01 1.865019990343163414e+01 8.131507473847557677e+00 1.346893861823234673e+01 1.309503396220078919e+01 8.285214223790847043e+00 2.013731574228755505e+01 9.407376668484930704e+00 1.551149274927474586e+01 8.516041996852226958e+00 3.240469734561715054e+00 1.334038523716948355e+01 1.356715731805365444e+01 9.640327576135877763e+00 1.722507201493279894e+01 4.970957045915592509e+00 3.133394863496699045e+00 8.602309138544997680e+00 1.439632306878751145e+01 9.975928527298879800e+00 1.722259282290713855e+01 6.913110149849478248e+00 5.865040607500407788e+00 6.324300161649482277e+00 9.732085925695486139e+00 1.093483639907011451e+01 1.343699805395051250e+01 8.343223960114398707e+00 1.303126755938428971e+01 1.312816100413732556e+01
1.107103083776435604e+01 1.834927842949764099e+01 2.029772013251412943e+01 4.075532464811176148e+00 1.398439082184598803e+01 1.628721005692603541e+01 4.253194046838526532e+00 2.270496445273132124e+01 1.121296737861793957e+01 7.413633457079379596e+00 1.685931661564884365e+01 1.469890188624365734e+01 9.205689421823873175e+00 1.904019441944364743e+01 1.159359432788383515e+01 1.372699426770030939e+01 7.296946945771005666e+00 4.046012878445225169e+00 2.145498246441602674e+01 1.826327184507638179e+01 0.000000000000000000e+00 1.489701371843545985e+01 1.456394746182353295e+01 1.312787510461918572e+01 1.040050947199783593e+01 2.203795076376284356e+01 7.410885049641152023e+00 1.131343055160271582e+01 7.547639947509691360e+00 1.583512270027654267e+01 1.531887682399660733e+01 5.062251749573384529e+00 1.831641271443544738e+01 1.986181564940256905e+01 6.539153376646316573e+00 1.362158211357708382e+01 1.779596597452332318e+01 1.430609047559882541e+01 6.749401998904652977e+00 8.811519868503772557e+00 1.059883573826529002e+01 1.195915542965006395e+01 1.736028676415117644e+01 2.200180568887183341e+01 1.190233420942372256e+01 1.449345213187985593e+01 1.096383546244431528e+01 1.750921840674568486e+01 1.593693758262331528e+01 8.617865939341848858e+00
1.807668964374011011e+01 4.013509563251684398e+00 1.746736390156273089e+01 1.140843992297385689e+01 1.012526009361553747e+01 1.959778319319258344e+01 1.587061210574538173e+01 1.111713598387017399e+01 4.061720987220716950e+00 1.068916902663749013e+01 8.096795510101543414e+00 1.411158264891319725e+01 5.800918960496663779e+00 1.283114615988249341e+01 1.551333047332177095e+01 4.431579188911810796e+00 1.409349565017368278e+01 1.148588850544713935e+01 7.483090414654013145e+00 1.865019990343163414e+01 1.489701371843545985e+01 0.000000000000000000e+00 1.926076599876559570e+01 6.421385660394324901e+00 9.615815462589132778e+00 1.360752162161203316e+01 7.659770812457691314e+00 1.294804629007980523e+01 1.687328684453227368e+01 1.101812729354402620e+01 1.689008644131634540e+01 1.290376055333845073e+01 5.636698162996141903e+00 9.275643970842933683e+00 8.548970228836104468e+00 1.729610936466561100e+01 1.588252782044262723e+01 1.216135216741973757e+01 8.709004911740315436e+00 1.339308935984056070e+01 4.300420404050004919e+00 1.496914802660715083e+01 1.339978906497241340e+01 1.597806593646865636e+01 1.720267551439120624e+01 8.933899179677380786e+00 7.590544713010284994e+00 1.038587214978118922e+01 5.902820775471601777e+00 1.591590333223853548e+01
4.097683644758710386e+00 1.862421517361885037e+01 1.211328765004452102e+01 1.656927063744785755e+01 1.101715504544242918e+01 4.062629219801062952e+00 1.179696354734056740e+01 1.700568083413956089e+01 1.909994442968717721e+01 8.709575333055271429e+00 1.265340671704920794e+01 6.662667656197247545e+00 1.405465632918708607e+01 1.192944375541354951e+01 3.998490140519689096e+00 1.728245072626195977e+01 7.383844547461877461e+00 1.224024081366681393e+01 1.636328288801129816e+01 8.131507473847557677e+00 1.456394746182353295e+01 1.926076599876559570e+01 0.000000000000000000e+00 1.456059110693183278e+01 1.079228165480467005e+01 1.556116451446398763e+01 1.812014172465074680e+01 7.652431472477801755e+00 8.556592564663391798e+00 9.540900103322336179e+00 6.879098348381813111e+00 9.666600255960892341e+00 1.552592334659721018e+01 1.428044432549955900e+01 1.454204969841105388e+01 3.975143681008799668e+00 9.683155116726835487e+00 8.909332933680971678e+00 1.171747353784412304e+01 5.921933022674036096e+00 1.670648882967352833e+01 5.810903967714831531e+00 9.324527206418464331e+00 1.396604613113912485e+01 2.690627121073611683e+00 1.207517031293746257e+01 1.285937354286450685e+01 1.167143989712383600e+01 1.486265966920398185e+01 6.351853324458649475e+00
1.406250118210423850e+01 8.987590400264402035e+00 1.271363674331890437e+01 9.890751890655188561e+00 4.185026758477663478e+00 1.394681586885654312e+01 1.410006211859426806e+01 1.000559992162872014e+01 6.685058433628660701e+00 7.353044875329927343e+00 4.044873174397471516e+00 8.268519768356988209e+00 3.935151227424527054e+00 7.657406575416845662e+00 1.093480293087538158e+01 4.290856916020083567e+00 1.200520864182008296e+01 9.715338518296020354e+00 9.045523977494193346e+00 1.346893861823234673e+01 1.312787510461918572e+01 6.421385660394324901e+00 1.456059110693183278e+01 0.000000000000000000e+00 4.898998656392934414e+00 1.049038788383120746e+01 7.342133917256618680e+00 7.493642703873352851e+00 1.480743311274087937e+01 5.129197697879891216e+00 1.128772940588726392e+01 1.113094572748973654e+01 7.087186803805061608e+00 7.007596724881508088e+00 6.880071236814650604e+00 1.144085187711956841e+01 1.056172726047608634e+01 6.221118832281868904e+00 6.911663081790791807e+00 9.972498571840199943e+00 4.088680608181744169e+00 9.017913388633628458e+00 7.834940771232289158e+00 1.151131217404487650e+01 1.293370247324251743e+01 2.534102219162237102e+00 2.605178936464032091e+00 5.600793494372427794e+00 6.413309060669005746e+00 1.323349852816919636e+01
9.687261732588311247e+00 1.234521733940611732e+01 1.314397296963569950e+01 8.492490510233695389e+00 3.871487713478999115e+00 1.134098877281316220e+01 1.120084006068249849e+01 1.445368006642061154e+01 9.631007704207183551e+00 3.854603521281100953e+00 8.794705398844037347e+00 6.954518519406841293e+00 4.421367982974691024e+00 1.033076923271164560e+01 6.871344164364588281e+00 7.648483855161797962e+00 8.235442441523876056e+00 6.786830557356873683e+00 1.367833234636125006e+01 1.309503396220078919e+01 1.040050947199783593e+01 9.615815462589132778e+00 1.079228165480467005e+01 4.898998656392934414e+00 0.000000000000000000e+00 1.335251764317806433e+01 8.764396636945859242e+00 3.779187379807012803e+00 1.109012877685336385e+01 7.121637039499340460e+00 9.884683930548247233e+00 7.538123701292970935e+00 1.183701902825163366e+01 1.159551280961281883e+01 5.369541240178545394e+00 8.647524585992902857e+00 1.004715771593187590e+01 4.647786123077587206e+00 3.736553094662761421e+00 6.180129339040250969e+00 7.124825441879956145e+00 6.417035219783042699e+00 8.111327466817996878e+00 1.303639366911511921e+01 8.758457093220883394e+00 5.980154425947747043e+00 2.533418636694508397e+00 8.986489355473786134e+00 9.770935999810721029e+00 9.451427263477615526e+00
1.892088089952012098e+01 1.136798514541499827e+01 4.880320312441775776e+00 1.891561583543434821e+01 1.033607575224908715e+01 1.200124625852490468e+01 2.300656154646857487e+01 3.780422354172060295e+00 1.571586829191560675e+01 1.595393987541766734e+01 6.877007297992835611e+00 8.900753890593358975e+00 1.324309401270392073e+01 3.794341283974533852e+00 1.429723215374899326e+01 1.108083253835505033e+01 1.875377189671101164e+01 1.862081618080092227e+01 7.837893954405904751e+00 8.285214223790847043e+00 2.203795076376284356e+01 1.360752162161203316e+01 1.556116451446398763e+01 1.049038788383120746e+01 1.335251764317806433e+01 0.000000000000000000e+00 1.757226411285328638e+01 1.253854781522986528e+01 2.182135348673963549e+01 6.899024915639765609e+00 8.911793600310179642e+00 1.874509727204683429e+01 8.269200857970526286e+00 4.331877650769095034e+00 1.584637747924535311e+01 1.180098547215923688e+01 6.312038233818405786e+00 9.701057677502930687e+00 1.566530766790093843e+01 1.606378969494287645e+01 1.421088749288928099e+01 1.164647306735640164e+01 6.237181190926859742e+00 2.691205909546943609e+00 1.676318303233578533e+01 8.128747817294433631e+00 1.118095725423807352e+01 4.949247948568554989e+00 8.683938351691475432e+00 1.967697659277541078e+01
1.649581651143739336e+01 1.111269184392231146e+01 1.952156787245761649e+01 3.752407294976911611e+00 1.020582875667087208e+01 1.888834017999089809e+01 9.967446543770055456e+00 1.557765680949867892e+01 3.821674141530633229e+00 9.586788170423222510e+00 1.078979143025737564e+01 1.470606860441015762e+01 4.672075951439512487e+00 1.483240021673479525e+01 1.441094961710750155e+01 6.639623107217213160e+00 1.221556408220611090e+01 6.079685623481920764e+00 1.425964693340289280e+01 2.013731574228755505e+01 7.410885049641152023e+00 7.659770812457691314e+00 1.812014172465074680e+01 7.342133917256618680e+00 8.764396636945859242e+00 1.757226411285328638e+01 0.000000000000000000e+00 1.200343171571558720e+01 1.320175780619172023e+01 1.165621601846225452e+01 1.772527824194043333e+01 9.051570252047062226e+00 1.112107718342231699e+01 1.337342121441404252e+01 3.637319777570398927e+00 1.619487599317064408e+01 1.707281899773720113e+01 1.243239846634673285e+01 6.417899948043074509e+00 1.224613106775655957e+01 3.499471174551351815e+00 1.413612221473704089e+01 1.428516800927393327e+01 1.869406623086351615e+01 1.600485281640689195e+01 9.698660904670569849e+00 7.153664759487282865e+00 1.277465764822576055e+01 9.073257420486353197e+00 1.405736644177328820e+01
7.737997153388083582e+00 1.462420181060599766e+01 1.008133270757884148e+01 1.099742516215346200e+01 3.544819655504169553e+00 7.860654419415862293e+00 1.140717716295894135e+01 1.393358032772971278e+01 1.294160055007903942e+01 4.027223136580110108e+00 8.450442163230347248e+00 3.640525629276819330e+00 7.753598810465362590e+00 8.876694206759848882e+00 3.671800454886144927e+00 1.098071468265247219e+01 7.434370239518442780e+00 7.563050768327473250e+00 1.323746789460777684e+01 9.407376668484930704e+00 1.131343055160271582e+01 1.294804629007980523e+01 7.652431472477801755e+00 7.493642703873352851e+00 3.779187379807012803e+00 1.253854781522986528e+01 1.200343171571558720e+01 0.000000000000000000e+00 1.045554728000258926e+01 5.797599174675474032e+00 6.180578164101873107e+00 7.163063324464547854e+00 1.152590998358436813e+01 1.115464835785933495e+01 8.389486790787367809e+00 5.058114790880874345e+00 6.976959453549452128e+00 3.039155054808724277e+00 5.700401162873205863e+00 4.858762601268844961e+00 1.045705626937063393e+01 2.681336170072443625e+00 6.301910507184341093e+00 1.094342943190500606e+01 5.700560695269272671e+00 6.613894186800941988e+00 6.122271107917254263e+00 8.545624903720305809e+00 1.086264630619113269e+01 8.421644457753084012e+00
4.669707777821060724e+00 2.032555155559447613e+01 1.851682681720087231e+01 1.144350738694881287e+01 1.393092886863153090e+01 1.171255312319450859e+01 3.608271208263084340e+00 2.326586980641520697e+01 1.443174414438217035e+01 7.470056605279899564e+00 1.787882229844359827e+01 1.292333130078657000e+01 1.109146072885838130e+01 1.818963272768918671e+01 8.232137205890280640e+00 1.570326739379712322e+01 3.169372096179612353e+00 7.126020357251617199e+00 2.262347186028694423e+01 1.551149274927474586e+01 7.547639947509691360e+00 1.687328684453227368e+01 8.556592564663391798e+00 1.480743311274087937e+01 1.109012877685336385e+01 2.182135348673963549e+01 1.320175780619172023e+01 1.045554728000258926e+01 0.000000000000000000e+00 1.519284264124196149e+01 1.340828365479780793e+01 4.780573729553081463e+00 2.029268584053227897e+01 2.054063329777520863e+01 9.803932004550722112e+00 1.092350654036419932e+01 1.602039538906623761e+01 1.270155644923711513e+01 8.164281932791951135e+00 5.918535058980915586e+00 1.290758741997310288e+01 1.018358484419298193e+01 1.558471617869408909e+01 2.022623510341476916e+01 6.091316068381765980e+00 1.602921232748929015e+01 1.225521368456112015e+01 1.793162886939946787e+01 1.786436358701452676e+01 2.432079304750636606e+00
1.229237005402248073e+01 9.108378417192490417e+00 7.879041556406106928e+00 1.271543528725094063e+01 3.625376264634792456e+00 8.860437277148523805e+00 1.638088304067394674e+01 8.139120146169236847e+00 1.135085330880297860e+01 9.651047511076914276e+00 3.115126346755422215e+00 3.192390642172524107e+00 7.120078057846963127e+00 3.263770137674687266e+00 7.668721308251336133e+00 7.766613969835614917e+00 1.212526105121335362e+01 1.241798811731463381e+01 7.448358958784495165e+00 8.516041996852226958e+00 1.583512270027654267e+01 1.101812729354402620e+01 9.540900103322336179e+00 5.129197697879891216e+00 7.121637039499340460e+00 6.899024915639765609e+00 1.165621601846225452e+01 5.797599174675474032e+00 1.519284264124196149e+01 0.000000000000000000e+00 6.198585254611946205e+00 1.211658642654918339e+01 6.010086590170870657e+00 5.365539422036063932e+00 9.646026180501539926e+00 6.410505636171026644e+00 5.528351436753305315e+00 2.852319466387794211e+00 9.440360970525782491e+00 9.435278849445216665e+00 8.706813071520334901e+00 5.017962221858741856e+00 2.709619864600580463e+00 7.115068784069491059e+00 1.013467218683813087e+01 2.639095248275252104e+00 4.956010556862925576e+00 2.756515967897032571e+00 5.346822912777640546e+00 1.304846574727775810e+01
1.048108565488328203e+01 1.490652068635974992e+01 5.335100936835873497e+00 1.640250689408308560e+01 8.787348876487440563e+00 3.094527145609426988e+00 1.460120315060709117e+01 1.038079757492602795e+01 1.750224656967687054e+01 8.232944855010655871e+00 9.099103121847608833e+00 3.157148905024588004e+00 1.318914028132513749e+01 5.307435081670505816e+00 5.806440084015373593e+00 1.367844052179510328e+01 1.033657341264159335e+01 1.226096219349835970e+01 1.157335583212244146e+01 3.240469734561715054e+00 1.531887682399660733e+01 1.689008644131634540e+01 6.879098348381813111e+00 1.128772940588726392e+01 9.884683930548247233e+00 8.911793600310179642e+00 1.772527824194043333e+01 6.180578164101873107e+00 1.340828365479780793e+01 6.198585254611946205e+00 0.000000000000000000e+00 1.042315288605635182e+01 1.180773639891527615e+01 7.882663751807980290e+00 1.422502728835067032e+01 2.935420459283442973e+00 2.928225196116873263e+00 5.926824877332822261e+00 1.139627834220538105e+01 7.624102025407273331e+00 1.484276824956131691e+01 3.766487529463174333e+00 3.566201902144485736e+00 7.271618883903570918e+00 8.316864648096723656e+00 8.802308611892895485e+00 1.102347388777548609e+01 6.512402759155533793e+00 1.125864946473713069e+01 1.124011079576728633e+01
7.638429172356582697e+00 1.635602526440064253e+01 1.544373513196208592e+01 7.418891024185713334e+00 1.064295647605537631e+01 1.135708980773771870e+01 4.312651850536942888e+00 2.018961359172239511e+01 1.004284500803969316e+01 3.826768574762211106e+00 1.480256608375080063e+01 9.847075086093777685e+00 7.208760044694416891e+00 1.511337651299638729e+01 6.657582095567569525e+00 1.173374110260330028e+01 3.178418363551792858e+00 3.090896815739815562e+00 1.946172929931902473e+01 1.334038523716948355e+01 5.062251749573384529e+00 1.290376055333845073e+01 9.666600255960892341e+00 1.113094572748973654e+01 7.538123701292970935e+00 1.874509727204683429e+01 9.051570252047062226e+00 7.163063324464547854e+00 4.780573729553081463e+00 1.211658642654918339e+01 1.042315288605635182e+01 0.000000000000000000e+00 1.632315954933844537e+01 1.746437708308240389e+01 5.483804806445025548e+00 8.693811622342016321e+00 1.294413917437344352e+01 9.618551733512065383e+00 4.354629898296433765e+00 3.775552844000965358e+00 8.611126051486779787e+00 7.107328629500189621e+00 1.250845996400129856e+01 1.714997888872196796e+01 7.056646834530691414e+00 1.238760034164149992e+01 8.613601698713328148e+00 1.485537265470667379e+01 1.394000820549385544e+01 5.273181814705758974e+00
