0.000000000000000000e+00 1.915480392286881051e+00 1.272023619623166457e+00 1.592973105414817958e+00 1.001274368596512421e+00 1.216500479434625914e+00 9.034543718973964133e-01 1.632372919871502237e+00 1.149755686365217855e+00 7.746461800036427148e-01 6.977721232199667334e-01 1.136809784804111434e+00 5.620132178619431373e-01 1.504680179413356411e+00 8.127309643120800287e-01 5.982418328572345345e-01 1.445877486543550638e+00 4.786384889742600346e-01 7.963951609044638280e-01 6.696928472640122365e-01 1.153320696609538620e+00 1.403350938060934805e+00 9.482594085893464309e-01 7.896174562197879609e-01 9.597237787821109034e-01
1.915480392286881051e+00 0.000000000000000000e+00 1.471272037723737380e+00 1.014941708169806445e+00 1.603742346856054768e+00 1.482401003095662917e+00 1.628975476021978119e+00 9.714834622987743584e-01 8.285176399450518980e-01 2.144926331467480907e+00 1.916705783008044950e+00 9.536565059064603389e-01 1.550663250610970323e+00 5.210300958133229354e-01 1.194889659191916254e+00 1.398533385310341881e+00 5.662496271546078042e-01 1.822894606745415480e+00 1.228417570755881982e+00 1.511707282617800185e+00 9.032109844467323123e-01 6.945392114251776050e-01 1.186005531784386946e+00 1.521849891364520424e+00 1.167740947082022140e+00
1.272023619623166457e+00 1.471272037723737380e+00 0.000000000000000000e+00 1.166436807005076570e+00 1.030741966661110620e+00 9.577441492194769257e-01 1.129312655238520424e+00 1.117004469858440041e+00 1.055225991281462106e+00 1.450574641519676078e+00 1.220035021461205238e+00 5.982992029824963920e-01 8.810331863029372546e-01 1.060430713625412080e+00 7.103079863317198761e-01 1.010024747199251172e+00 1.063706545354097033e+00 1.134256164757726726e+00 6.019309296005644905e-01 8.788494391593903998e-01 7.810424411507849163e-01 8.704834786392809942e-01 3.310849021191981656e-01 8.439659268910241208e-01 6.460259930141777351e-01
1.592973105414817958e+00 1.014941708169806445e+00 1.166436807005076570e+00 0.000000000000000000e+00 1.438172495276512031e+00 1.112112103067555147e+00 1.441021339350823549e+00 8.297616476532714280e-01 9.136592755025992885e-01 1.822419044595417148e+00 1.615714253506275178e+00 6.940046425193802104e-01 1.225580274061187858e+00 5.185387499209095363e-01 9.089231361853169489e-01 1.324081129357558506e+00 8.771223444243770873e-01 1.526196201798402985e+00 1.058274867209465953e+00 1.192045058344444630e+00 5.246890724235431236e-01 6.129791819140697484e-01 8.807710734665807895e-01 1.240441442093017876e+00 7.974520470539133710e-01
1.001274368596512421e+00 1.603742346856054768e+00 1.030741966661110620e+00 1.438172495276512031e+00 0.000000000000000000e+00 1.093779868177691350e+00 8.915232527745657887e-01 1.430306634326934390e+00 8.512702369371777378e-01 1.139586374990092077e+00 9.090467549316207929e-01 8.597681616213099787e-01 6.282066976643332357e-01 1.345968908890316174e+00 7.534262078676265961e-01 4.831558825683451852e-01 1.041869470376525442e+00 7.944220608325136546e-01 4.607646115251334828e-01 7.274417687039979041e-01 1.004836982253404454e+00 1.194678408782099632e+00 7.304319321275488663e-01 3.205631216819344598e-01 8.182497472427670004e-01
1.216500479434625914e+00 1.482401003095662917e+00 9.577441492194769257e-01 1.112112103067555147e+00 1.093779868177691350e+00 0.000000000000000000e+00 1.059006022423898408e+00 1.194060375079980973e+00 9.423653107065260714e-01 1.445946418615224660e+00 1.262970028940550771e+00 7.566322349425028682e-01 8.720061498477833517e-01 1.024223155444401456e+00 5.141805617307679821e-01 1.000520404625217852e+00 1.214537519848313707e+00 1.149723575818210719e+00 7.237660694731071764e-01 8.147889765609683810e-01 6.492997324656364366e-01 9.850761727817057833e-01 6.342990647436944629e-01 8.954488585033248960e-01 3.149290759044979793e-01
9.034543718973964133e-01 1.628975476021978119e+00 1.129312655238520424e+00 1.441021339350823549e+00 8.915232527745657887e-01 1.059006022423898408e+00 0.000000000000000000e+00 1.481320897271195536e+00 8.272919486980445658e-01 1.133808816310816203e+00 9.939456028382527286e-01 9.918900874120094580e-01 6.384649249946604543e-01 1.263486183319180611e+00 5.984763535513241139e-01 4.721757038465960732e-01 1.175539600391886319e+00 8.249000044573192580e-01 6.996585295468342736e-01 3.873687730589122635e-01 9.410339861755924185e-01 1.258431240668832274e+00 8.055484442047009530e-01 7.806542006584534787e-01 8.046883097512943506e-01
1.632372919871502237e+00 9.714834622987743584e-01 1.117004469858440041e+00 8.297616476532714280e-01 1.430306634326934390e+00 1.194060375079980973e+00 1.481320897271195536e+00 0.000000000000000000e+00 1.093262991476800172e+00 1.839293932125975584e+00 1.608754312067504966e+00 5.892666098197412161e-01 1.242207621262225725e+00 5.951838530011327455e-01 1.012361744088278170e+00 1.357706581128103496e+00 7.086315336566958445e-01 1.522975455364026232e+00 9.957929803502412192e-01 1.231461199922988525e+00 6.766094728723570650e-01 3.541870459962294659e-01 8.337601777591742147e-01 1.233463364056939682e+00 8.794003190663394198e-01
1.149755686365217855e+00 8.285176399450518980e-01 1.055225991281462106e+00 9.136592755025992885e-01 8.512702369371777378e-01 9.423653107065260714e-01 8.272919486980445658e-01 1.093262991476800172e+00 0.000000000000000000e+00 1.379201625545816379e+00 1.192352380831257719e+00 5.999767606248730401e-01 8.543895136594320538e-01 5.352277720323314059e-01 5.182309420995386828e-01 5.938583622358815095e-01 4.310621904800744364e-01 1.021722781361360743e+00 5.985516528796771540e-01 7.459825766961376559e-01 4.266550551701853156e-01 7.566845680205191993e-01 7.899084500554963695e-01 8.097199868044451243e-01 6.453100088206400464e-01
7.746461800036427148e-01 2.144926331467480907e+00 1.450574641519676078e+00 1.822419044595417148e+00 1.139586374990092077e+00 1.445946418615224660e+00 1.133808816310816203e+00 1.839293932125975584e+00 1.379201625545816379e+00 0.000000000000000000e+00 7.743483803350995620e-01 1.341306470032144205e+00 7.587219003106295823e-01 1.734126118593954713e+00 1.042176903492678885e+00 8.076643912224510391e-01 1.584189492937129851e+00 4.423258971617626267e-01 9.347071672980435952e-01 8.991387864446110934e-01 1.382766635790137366e+00 1.610084391964202721e+00 1.142500778693401164e+00 9.279294626133677282e-01 1.189169717962709649e+00
6.977721232199667334e-01 1.916705783008044950e+00 1.220035021461205238e+00 1.615714253506275178e+00 9.090467549316207929e-01 1.262970028940550771e+00 9.939456028382527286e-01 1.608754312067504966e+00 1.192352380831257719e+00 7.743483803350995620e-01 0.000000000000000000e+00 1.110766849973673143e+00 5.650935617014782864e-01 1.524186555970294288e+00 9.023136900201152999e-01 6.103601325045518999e-01 1.353649872878659011e+00 4.582399909381722480e-01 7.041675472395723112e-01 7.592755729720476188e-01 1.176253857461216246e+00 1.379544771905730993e+00 9.119611586349297694e-01 6.973898425548964441e-01 9.874399080056261990e-01
1.136809784804111434e+00 9.536565059064603389e-01 5.982992029824963920e-01 6.940046425193802104e-01 8.597681616213099787e-01 7.566322349425028682e-01 9.918900874120094580e-01 5.892666098197412161e-01 5.999767606248730401e-01 1.341306470032144205e+00 1.110766849973673143e+00 0.000000000000000000e+00 7.464569278436291588e-01 5.676589923672530347e-01 5.498992965101101582e-01 7.833788504593135471e-01 4.804483211983568980e-01 1.024987993270193520e+00 4.065993027340999988e-01 7.415022056061363331e-01 3.776846595281973529e-01 3.360064309288869899e-01 3.303785868270402437e-01 7.223214882946905613e-01 4.419721789288609815e-01
5.620132178619431373e-01 1.550663250610970323e+00 8.810331863029372546e-01 1.225580274061187858e+00 6.282066976643332357e-01 8.720061498477833517e-01 6.384649249946604543e-01 1.242207621262225725e+00 8.543895136594320538e-01 7.587219003106295823e-01 5.650935617014782864e-01 7.464569278436291588e-01 0.000000000000000000e+00 1.136072625819829929e+00 5.166460386095004242e-01 4.708031817764197213e-01 1.060104761939586915e+00 4.620720085374013797e-01 4.098996968736104418e-01 3.877998755100895423e-01 7.859278652559076317e-01 1.012998081100452863e+00 5.572689752691174503e-01 4.168534073487242253e-01 5.964760289128593351e-01
1.504680179413356411e+00 5.210300958133229354e-01 1.060430713625412080e+00 5.185387499209095363e-01 1.345968908890316174e+00 1.024223155444401456e+00 1.263486183319180611e+00 5.951838530011327455e-01 5.352277720323314059e-01 1.734126118593954713e+00 1.524186555970294288e+00 5.676589923672530347e-01 1.136072625819829929e+00 0.000000000000000000e+00 7.402648236887777733e-01 1.098635763080954231e+00 4.297768363119512935e-01 1.437903275796940772e+00 9.659331347159688663e-01 1.100907069744275768e+00 3.821808886334093769e-01 3.402288728550261210e-01 7.750323556597770169e-01 1.148895607959729004e+00 7.124895518424122498e-01
8.127309643120800287e-01 1.194889659191916254e+00 7.103079863317198761e-01 9.089231361853169489e-01 7.534262078676265961e-01 5.141805617307679821e-01 5.984763535513241139e-01 1.012361744088278170e+00 5.182309420995386828e-01 1.042176903492678885e+00 9.023136900201152999e-01 5.498992965101101582e-01 5.166460386095004242e-01 7.402648236887777733e-01 0.000000000000000000e+00 5.065749344365414464e-01 9.156134715110173516e-01 7.459540606956646114e-01 3.980161487338885751e-01 4.089578546429999961e-01 3.909972596808617973e-01 8.033775417900024252e-01 3.833882641014820791e-01 5.550951981932603641e-01 3.141994950842822432e-01
5.982418328572345345e-01 1.398533385310341881e+00 1.010024747199251172e+00 1.324081129357558506e+00 4.831558825683451852e-01 1.000520404625217852e+00 4.721757038465960732e-01 1.357706581128103496e+00 5.938583622358815095e-01 8.076643912224510391e-01 6.103601325045518999e-01 7.833788504593135471e-01 4.708031817764197213e-01 1.098635763080954231e+00 5.065749344365414464e-01 0.000000000000000000e+00 8.911009543517024456e-01 4.282326675064776489e-01 4.158721719808810002e-01 4.960201505894346052e-01 8.012226833190597697e-01 1.091923246947168913e+00 7.263698638726149293e-01 5.018432190435478946e-01 7.540942820743443686e-01
1.445877486543550638e+00 5.662496271546078042e-01 1.063706545354097033e+00 8.771223444243770873e-01 1.041869470376525442e+00 1.214537519848313707e+00 1.175539600391886319e+00 7.086315336566958445e-01 4.310621904800744364e-01 1.584189492937129851e+00 1.353649872878659011e+00 4.804483211983568980e-01 1.060104761939586915e+00 4.297768363119512935e-01 9.156134715110173516e-01 8.911009543517024456e-01 0.000000000000000000e+00 1.267871016175180499e+00 6.793994873698850911e-01 1.109248680714635338e+00 7.161992795459047878e-01 3.561687407152821505e-01 7.975298547810532046e-01 9.586848200164419520e-01 8.998774638346728194e-01
4.786384889742600346e-01 1.822894606745415480e+00 1.134256164757726726e+00 1.526196201798402985e+00 7.944220608325136546e-01 1.149723575818210719e+00 8.249000044573192580e-01 1.522975455364026232e+00 1.021722781361360743e+00 4.423258971617626267e-01 4.582399909381722480e-01 1.024987993270193520e+00 4.620720085374013797e-01 1.437903275796940772e+00 7.459540606956646114e-01 4.282326675064776489e-01 1.267871016175180499e+00 0.000000000000000000e+00 6.183886905360937991e-01 6.029159436475969303e-01 1.086543792993123425e+00 1.293765915202252481e+00 8.261823019314512573e-01 6.116109858514178210e-01 8.929468751656958192e-01
7.963951609044638280e-01 1.228417570755881982e+00 6.019309296005644905e-01 1.058274867209465953e+00 4.607646115251334828e-01 7.237660694731071764e-01 6.996585295468342736e-01 9.957929803502412192e-01 5.985516528796771540e-01 9.347071672980435952e-01 7.041675472395723112e-01 4.065993027340999988e-01 4.098996968736104418e-01 9.659331347159688663e-01 3.980161487338885751e-01 4.158721719808810002e-01 6.793994873698850911e-01 6.183886905360937991e-01 0.000000000000000000e+00 4.479400452579685998e-01 6.334628388861066606e-01 7.415095498948902630e-01 3.388591018215103001e-01 3.157221855605907290e-01 4.482359485381833264e-01
6.696928472640122365e-01 1.511707282617800185e+00 8.788494391593903998e-01 1.192045058344444630e+00 7.274417687039979041e-01 8.147889765609683810e-01 3.873687730589122635e-01 1.231461199922988525e+00 7.459825766961376559e-01 8.991387864446110934e-01 7.592755729720476188e-01 7.415022056061363331e-01 3.877998755100895423e-01 1.100907069744275768e+00 4.089578546429999961e-01 4.960201505894346052e-01 1.109248680714635338e+00 6.029159436475969303e-01 4.479400452579685998e-01 0.000000000000000000e+00 7.523926495391644043e-01 1.008043358862960037e+00 5.550852281255704845e-01 5.251699254167345732e-01 5.587957317117367984e-01
1.153320696609538620e+00 9.032109844467323123e-01 7.810424411507849163e-01 5.246890724235431236e-01 1.004836982253404454e+00 6.492997324656364366e-01 9.410339861755924185e-01 6.766094728723570650e-01 4.266550551701853156e-01 1.382766635790137366e+00 1.176253857461216246e+00 3.776846595281973529e-01 7.859278652559076317e-01 3.821808886334093769e-01 3.909972596808617973e-01 8.012226833190597697e-01 7.161992795459047878e-01 1.086543792993123425e+00 6.334628388861066606e-01 7.523926495391644043e-01 0.000000000000000000e+00 4.800819528215095056e-01 4.821004452413324981e-01 8.065827346294447420e-01 3.375661288636469526e-01
1.403350938060934805e+00 6.945392114251776050e-01 8.704834786392809942e-01 6.129791819140697484e-01 1.194678408782099632e+00 9.850761727817057833e-01 1.258431240668832274e+00 3.541870459962294659e-01 7.566845680205191993e-01 1.610084391964202721e+00 1.379544771905730993e+00 3.360064309288869899e-01 1.012998081100452863e+00 3.402288728550261210e-01 8.033775417900024252e-01 1.091923246947168913e+00 3.561687407152821505e-01 1.293765915202252481e+00 7.415095498948902630e-01 1.008043358862960037e+00 4.800819528215095056e-01 0.000000000000000000e+00 5.994440524289095240e-01 1.004253823895165931e+00 6.704161167680636746e-01
9.482594085893464309e-01 1.186005531784386946e+00 3.310849021191981656e-01 8.807710734665807895e-01 7.304319321275488663e-01 6.342990647436944629e-01 8.055484442047009530e-01 8.337601777591742147e-01 7.899084500554963695e-01 1.142500778693401164e+00 9.119611586349297694e-01 3.303785868270402437e-01 5.572689752691174503e-01 7.750323556597770169e-01 3.833882641014820791e-01 7.263698638726149293e-01 7.975298547810532046e-01 8.261823019314512573e-01 3.388591018215103001e-01 5.550852281255704845e-01 4.821004452413324981e-01 5.994440524289095240e-01 0.000000000000000000e+00 5.366702106243640413e-01 3.237812937062467533e-01
7.896174562197879609e-01 1.521849891364520424e+00 8.439659268910241208e-01 1.240441442093017876e+00 3.205631216819344598e-01 8.954488585033248960e-01 7.806542006584534787e-01 1.233463364056939682e+00 8.097199868044451243e-01 9.279294626133677282e-01 6.973898425548964441e-01 7.223214882946905613e-01 4.168534073487242253e-01 1.148895607959729004e+00 5.550951981932603641e-01 5.018432190435478946e-01 9.586848200164419520e-01 6.116109858514178210e-01 3.157221855605907290e-01 5.251699254167345732e-01 8.065827346294447420e-01 1.004253823895165931e+00 5.366702106243640413e-01 0.000000000000000000e+00 6.199187375684011014e-01
9.597237787821109034e-01 1.167740947082022140e+00 6.460259930141777351e-01 7.974520470539133710e-01 8.182497472427670004e-01 3.149290759044979793e-01 8.046883097512943506e-01 8.794003190663394198e-01 6.453100088206400464e-01 1.189169717962709649e+00 9.874399080056261990e-01 4.419721789288609815e-01 5.964760289128593351e-01 7.124895518424122498e-01 3.141994950842822432e-01 7.540942820743443686e-01 8.998774638346728194e-01 8.929468751656958192e-01 4.482359485381833264e-01 5.587957317117367984e-01 3.375661288636469526e-01 6.704161167680636746e-01 3.237812937062467533e-01 6.199187375684011014e-01 0.000000000000000000e+00
