0.000000000000000000e+00 1.019508916458897740e+00 8.909960874138734832e-01 1.017669278872235017e+00 6.669109952741086866e-01 6.602974919039267254e-01 5.448844680186286649e-01 4.656267077488069894e-01 4.270169809935224214e-01 3.717885171580377346e-01 6.405274382308839831e-01 3.499438682357720043e-01 6.867398536548603438e-01 6.670992790389006499e-01 2.893097530212165869e-01 7.399025692133314180e-01 3.898326091094534429e-01 2.408076229318364958e-01 4.667801864785526833e-01 6.481876094266968424e-01 4.719607054400500878e-01 1.984708744066329689e-01 2.014173150164538517e-01 1.971349165836376038e-01 4.821213401657810649e-01 3.827809586356851757e-01 8.671511378713114837e-01 1.921835388445869985e-01 5.211966925016959795e-01 5.684856730632819044e-01 6.850216303750128466e-01 7.960577779452622238e-01 7.132174037556036073e-01 2.611355241161095186e-01 5.377767701988137583e-01 7.801577653375237897e-01 3.326288180124640226e-01 8.803409624073024187e-01 4.236941901038689395e-01 3.505114337194022434e-01 1.489925120579256301e-01 5.609095677869065932e-01 5.999517405566675565e-01 7.533989447695468300e-01 2.334352429325516065e-01 1.324938277210535587e-01 8.481454784720618978e-01 3.725499792439815883e-01 3.099963914986307856e-01 3.670407252535545783e-01 3.053112233163507439e-01 3.505899142162867688e-01 8.034132902378301466e-01 1.197397615550538086e-01 7.778696076631481660e-01 4.716936274366148041e-01 4.451157640006662142e-01 5.668465228849204340e-01 6.378509448962500494e-01 5.538691511142376234e-01 6.510336501506061024e-01 3.313399634142591421e-01 2.738099691773309696e-01 1.072602183021054006e-01 5.950572832505437448e-01 4.613574284006714543e-01 5.592576555747018618e-01 3.597647360094570756e-01 1.048606998096823922e-01 5.575422190380677767e-01 4.356828271592788626e-01 5.381116938972394514e-01 4.581990465484327979e-01 7.156928364033605661e-01 9.227435097339002912e-01
1.019508916458897740e+00 0.000000000000000000e+00 8.902955011130931906e-01 8.605187888249506978e-01 1.228147000843234471e+00 1.304383153474592882e+00 6.396750928953208737e-01 6.351432743612452914e-01 1.443114291079174771e+00 8.864527982699544895e-01 6.035949589889852973e-01 9.968579858620389977e-01 3.340647230248071642e-01 8.281717454455431726e-01 8.733269893492459079e-01 6.159768863656966964e-01 6.540544263655106993e-01 1.256904933017488846e+00 1.059908901232385237e+00 6.404470432929227908e-01 6.877176368252406746e-01 8.260202051025754555e-01 9.959720136446904570e-01 9.637453451749566913e-01 1.156493075938066939e+00 7.628750921824113407e-01 1.860855451857812426e-01 8.898589446487467081e-01 7.480611166797124234e-01 5.124535149394490174e-01 4.631441911165082859e-01 8.640240489417340131e-01 4.668164267707723414e-01 1.277232834201761813e+00 4.887618529088034736e-01 8.057730602071545567e-01 7.520583811430308074e-01 7.142759290971050223e-01 7.339700069332928400e-01 8.597770242294727749e-01 9.555008071770033640e-01 7.518832257272026753e-01 5.905327256033015004e-01 7.622260221654721946e-01 1.027912445454624457e+00 1.146934257170075577e+00 8.368315736280627082e-01 6.569728895507735977e-01 8.846443007405155878e-01 1.021235277072960912e+00 7.849895451007540270e-01 9.497541441345825897e-01 8.967640005146362281e-01 1.057885088616467018e+00 2.811836326033607669e-01 6.424416764716883721e-01 7.365503533820896287e-01 5.169073350067397987e-01 7.347992291563013589e-01 1.117551542895831584e+00 6.237842342315039756e-01 1.347437273499911381e+00 9.080808219042232343e-01 9.222921459645820885e-01 5.842331159348835845e-01 5.600266085732314991e-01 5.838277639350410997e-01 8.336402966056638553e-01 9.829160795940299344e-01 1.201261845103491543e+00 7.761934370294101271e-01 7.053360047516675779e-01 7.178152259748555863e-01 3.750224726386261476e-01 1.006784468025029994e-01
8.909960874138734832e-01 8.902955011130931906e-01 0.000000000000000000e+00 9.436076921965910191e-01 1.277453241667427575e+00 1.357786705957226614e+00 7.720138652915141675e-01 4.583785703186162852e-01 1.314829268753683111e+00 9.159905659090664676e-01 4.403126263294778742e-01 1.020990841749002120e+00 6.037591971990067252e-01 3.000463941579296634e-01 7.093876932736137286e-01 7.053341850529969426e-01 7.159840438945997976e-01 1.116696212311934833e+00 1.115045680681308937e+00 2.657793922608955306e-01 5.529893337502900241e-01 7.078804828107062574e-01 9.090378292737673060e-01 1.018756116171534831e+00 1.218878333961348925e+00 8.876758064193582820e-01 7.272639498319068974e-01 8.665977615829038028e-01 3.943210762675707359e-01 6.982688178631681897e-01 4.317619585574817842e-01 2.328892175403006748e-01 5.694100959048851163e-01 1.148947811876270375e+00 5.648569021528903056e-01 1.526835592269587816e-01 5.622903137058919976e-01 8.001191857875391555e-01 6.857732953207696935e-01 8.434182408501269546e-01 7.920310408433799410e-01 3.553743659555166357e-01 5.962039252549424795e-01 1.456393270628415781e-01 1.032868150189702572e+00 1.015261618358070494e+00 1.315391361923341773e-01 5.957072636644211716e-01 9.767991075545466861e-01 1.090269808397942519e+00 8.040569737668376016e-01 1.013277088430399209e+00 2.338326856678625276e-01 9.889179365379251463e-01 6.094136007073717165e-01 8.154405299273590479e-01 7.893037832351668115e-01 4.638252123727656939e-01 2.829166659438602238e-01 1.165621987367392975e+00 3.156943318302125046e-01 1.210543827764852365e+00 9.271482505703073640e-01 8.429047293470034452e-01 6.846411013115539790e-01 6.385451476062541376e-01 3.676735021258606406e-01 8.952003409943896095e-01 9.418863287636137782e-01 1.254790617490112004e+00 4.971111893972609552e-01 4.507338311605646464e-01 4.443016112130851458e-01 5.565964888632809471e-01 7.935676940795957091e-01
1.017669278872235017e+00 8.605187888249506978e-01 9.436076921965910191e-01 0.000000000000000000e+00 1.208111484477315090e+00 1.238034134431710731e+00 5.612600389013396862e-01 7.597444264529208402e-01 1.426448633852229309e+00 8.849935524298472300e-01 5.261719774034372410e-01 9.200386561330933244e-01 5.674318147516030919e-01 8.476646749638575562e-01 7.461808160265004375e-01 2.808940548868343323e-01 7.051487364729867036e-01 1.229501851889365227e+00 1.034052043796553244e+00 7.280023171580062291e-01 5.567521669092493353e-01 8.868326845633501820e-01 8.755646871374987983e-01 9.223826860226952418e-01 1.096182664595843681e+00 7.212135381450357485e-01 7.036296160173219905e-01 9.233287857474929972e-01 6.917140523353172421e-01 5.291851431780534298e-01 5.756471300122150137e-01 9.323469669647659330e-01 4.040606691766645553e-01 1.260567176974816350e+00 6.107375746782764958e-01 8.446325127681022504e-01 7.253545708823885274e-01 1.487396607852508323e-01 6.071424130988180012e-01 7.549967588538358809e-01 8.710854174146572815e-01 8.508429003719883976e-01 4.258760988667640301e-01 8.201788456060081778e-01 9.529513215808944615e-01 1.138950253704633431e+00 8.913348944542226482e-01 7.361512346480255653e-01 8.316341581448951636e-01 9.616214394727151671e-01 8.060540865830325696e-01 9.214745080950385026e-01 9.275604430999611072e-01 1.001571498021547546e+00 6.129371380073297404e-01 6.265961226276141049e-01 6.545406641807125503e-01 6.826555125728323015e-01 7.332229120010076429e-01 1.097516026529912203e+00 6.316887189724951224e-01 1.323009200300903743e+00 9.283160659176483698e-01 9.876458256505680211e-01 4.667409872608121457e-01 6.322209162777531199e-01 7.026272535454571866e-01 8.149464911088237784e-01 1.024464189827992922e+00 1.134912826060609392e+00 6.415194032543126701e-01 5.920480471575690906e-01 7.652017013339204032e-01 4.943090813419773744e-01 7.637909817914532162e-01
6.669109952741086866e-01 1.228147000843234471e+00 1.277453241667427575e+00 1.208111484477315090e+00 0.000000000000000000e+00 8.925499735430048043e-01 6.716680004702928475e-01 8.327017501354352369e-01 1.054548047610675887e+00 3.659793355520535862e-01 1.019954276531137349e+00 6.311187397612666450e-01 9.011458376054374275e-01 1.100043946980734155e+00 7.405645956196750257e-01 9.451450908506697779e-01 6.010107475828853074e-01 8.661150862369542125e-01 2.151083436782950109e-01 1.030982271536164285e+00 8.877251357054579683e-01 6.659842982285582025e-01 6.991396011052942727e-01 4.768122357437585834e-01 7.314395756836552520e-01 4.965887176326968522e-01 1.075789222255648436e+00 5.385679215815500909e-01 9.590891070008477071e-01 7.209659825278208478e-01 9.792769387436608408e-01 1.192950726156980279e+00 8.645836561640392048e-01 8.886665907332628178e-01 8.048306993265278431e-01 1.214642449860990903e+00 7.819086381519688711e-01 1.061868624749469303e+00 7.608307916414620564e-01 5.954263454079425921e-01 7.994003865490078020e-01 9.668672032836340691e-01 8.743018623354047447e-01 1.139856099023101255e+00 5.745920715917688382e-01 7.792885757690604098e-01 1.234602632725615878e+00 7.016396324832535614e-01 4.847758605788838326e-01 5.977325885864104293e-01 4.872746517254673559e-01 3.173954681208200346e-01 1.232925075767351331e+00 5.991986167182352663e-01 9.960614971400698625e-01 5.893774645285573266e-01 6.406627383517948804e-01 8.738578758745324526e-01 1.075606977495393135e+00 1.140214060588748690e-01 1.091030043712823527e+00 9.574775581201627750e-01 4.111849491598801865e-01 6.241581843590021661e-01 7.716321581307633570e-01 7.087879907997436391e-01 9.351659730220538425e-01 4.012840342406123750e-01 5.745963219306311487e-01 7.894286651719032433e-01 8.844822819894052612e-01 9.667109514387288716e-01 8.732275092724439691e-01 8.862634495687904401e-01 1.131381594118237244e+00
6.602974919039267254e-01 1.304383153474592882e+00 1.357786705957226614e+00 1.238034134431710731e+00 8.925499735430048043e-01 0.000000000000000000e+00 6.784176102281959109e-01 9.554361251853161763e-01 1.036251500226186062e+00 6.308949617676991029e-01 9.985196977756906067e-01 3.616350870332186163e-01 9.854317360119749791e-01 1.133321355792084040e+00 6.630232139580375383e-01 9.590107284835754919e-01 7.152339297150794861e-01 8.450591060701743151e-01 7.021228906062445541e-01 1.144801250013196992e+00 8.244281869081696579e-01 7.938680286422613586e-01 5.570028519782401766e-01 5.055284758204470208e-01 1.941725792020324304e-01 5.513293936531153960e-01 1.148514529072814483e+00 6.871079901552318292e-01 9.634656296896562111e-01 8.035839733866835255e-01 1.057386322867894579e+00 1.288191527097062528e+00 9.009752317994778048e-01 8.703700433487732147e-01 9.275650743764088935e-01 1.228166022653902179e+00 8.303268537975886376e-01 1.095440051436864737e+00 6.964835061529888183e-01 5.146141235638928002e-01 6.990676072947964448e-01 1.053043316938707452e+00 8.679325163359855599e-01 1.245498259959556542e+00 4.480556806953148175e-01 7.632282234097325091e-01 1.306762027993710884e+00 8.243740075331343897e-01 4.233885091627609398e-01 2.988849213498000479e-01 6.440396911687195081e-01 5.817004126514238038e-01 1.264921928023658770e+00 5.471003543697475768e-01 1.065560294602717173e+00 6.719954553874202263e-01 5.947776398757538274e-01 9.965922509244135030e-01 1.080119882084210392e+00 7.845031510191809998e-01 1.083910654033838350e+00 9.367462452080873581e-01 5.883654146949548469e-01 7.329938376285490831e-01 7.712931471708998066e-01 8.230111729319374847e-01 1.057900348071934671e+00 5.480886547863047520e-01 6.395921155350481335e-01 1.031213083711014777e-01 8.606755165599662138e-01 9.270793580314603544e-01 9.473269275453165550e-01 9.525280765613649558e-01 1.207655346441095512e+00
5.448844680186286649e-01 6.396750928953208737e-01 7.720138652915141675e-01 5.612600389013396862e-01 6.716680004702928475e-01 6.784176102281959109e-01 0.000000000000000000e+00 4.578036752678080190e-01 9.256554949727199277e-01 3.737795796453198260e-01 3.649389718213310041e-01 3.622301963996176211e-01 3.280178245888428212e-01 6.059188011700534782e-01 2.839771868343903272e-01 2.844720543744920782e-01 2.468800049413064079e-01 7.367891065501179781e-01 4.917551168209642887e-01 5.473014594654980192e-01 2.530602683809275444e-01 4.442547557420847837e-01 3.767106543724285661e-01 3.655605468655912516e-01 5.356191994364815079e-01 1.859059774095942474e-01 4.829328847374709799e-01 4.323111856972346456e-01 4.156444753362286693e-01 1.785854899794964146e-01 3.799221557567532548e-01 7.656275174773139458e-01 2.225576215712816719e-01 7.597740380953069694e-01 3.290128769713075441e-01 6.660262896144997224e-01 3.612208306662422763e-01 4.180158530571689290e-01 1.427388646011975015e-01 2.405156649572111338e-01 4.152732621271014168e-01 5.673099346239948160e-01 2.116819759642182275e-01 6.548344724019635743e-01 4.099745786698972272e-01 6.505824607422175943e-01 7.209891873279983265e-01 3.432375767532202526e-01 2.703741192435552554e-01 4.003614005713753143e-01 3.102129910931665235e-01 3.750190743519345449e-01 7.166523443475475430e-01 4.590477572766800130e-01 3.930627412537750498e-01 1.290650464778014539e-01 1.172889941098276823e-01 4.288994323174734058e-01 5.165668223793653535e-01 5.613838579009606811e-01 4.834839911323582928e-01 8.281515784333265406e-01 3.934795711904781057e-01 5.012717223903164765e-01 1.144182455566490481e-01 2.765946554368269861e-01 5.176997305240067515e-01 2.908620055510884872e-01 5.072842372320256477e-01 5.752963018570941278e-01 3.507657740409045877e-01 3.212800341309496321e-01 4.771396465196590664e-01 2.789740589359572254e-01 5.429472858618233921e-01
4.656267077488069894e-01 6.351432743612452914e-01 4.583785703186162852e-01 7.597444264529208402e-01 8.327017501354352369e-01 9.554361251853161763e-01 4.578036752678080190e-01 0.000000000000000000e+00 8.898044801717543972e-01 4.712390743770743518e-01 3.546169473689381180e-01 6.430635253964164244e-01 3.270709363678544479e-01 3.059155755397350851e-01 3.235246159324368653e-01 5.152025239936669498e-01 2.653711978249779779e-01 6.956418676529504408e-01 6.702941891493171545e-01 2.058396732860219014e-01 2.785386709722361132e-01 2.682493015357029220e-01 4.996528466782066968e-01 5.740046246395429375e-01 8.029587073669005592e-01 4.429243148873663882e-01 4.769610717386162380e-01 4.218462700509116314e-01 2.077036485112000452e-01 2.976407900143079877e-01 2.235305633691201943e-01 3.774622656880413096e-01 3.938356689780946884e-01 7.239230232943415499e-01 1.699069271520778079e-01 3.925101308188083671e-01 1.526662718837676624e-01 6.135015667250749427e-01 3.680145018720975547e-01 4.654909244975413696e-01 3.712899952323584496e-01 1.704393299060423528e-01 4.031310844984362651e-01 3.207814276742900206e-01 6.372205906649406337e-01 5.898922386930045558e-01 4.155279613768049218e-01 1.373286933458047476e-01 5.320476160225549034e-01 6.686385923550004495e-01 3.593054822348456523e-01 5.685255968984074260e-01 4.338274436150839075e-01 5.678635918789406434e-01 3.591107226140809461e-01 3.831861562884829597e-01 4.640553646441130109e-01 1.191950248881927799e-01 3.110900841456282762e-01 7.208704958354013037e-01 2.828685248694238208e-01 7.894894831058674178e-01 4.823967590383151927e-01 4.032735480719996657e-01 4.337791959650721396e-01 1.949893496040275565e-01 1.100233747719116528e-01 4.504488494623977712e-01 5.022551474886105538e-01 8.523148168142143932e-01 1.869468043518942857e-01 2.693075612281984332e-01 1.017838028344771883e-01 3.259638848902075559e-01 5.377810885848535172e-01
4.270169809935224214e-01 1.443114291079174771e+00 1.314829268753683111e+00 1.426448633852229309e+00 1.054548047610675887e+00 1.036251500226186062e+00 9.256554949727199277e-01 8.898044801717543972e-01 0.000000000000000000e+00 7.730878713653711598e-01 1.054806321413016557e+00 7.251098324233700154e-01 1.110345228275138041e+00 1.086132858673044765e+00 6.929731209756746502e-01 1.148681924193326154e+00 8.119979457142175727e-01 2.427588161981815151e-01 8.544172388151195507e-01 1.072365381849644139e+00 8.807400604200450456e-01 6.221009576695886167e-01 5.873730960642863375e-01 5.812159192633765681e-01 8.580753484880402349e-01 7.635519855897765495e-01 1.290756512491588737e+00 6.104609916174805750e-01 9.395830271839926695e-01 9.920910476835593794e-01 1.109017289655284122e+00 1.218017096867936688e+00 1.121025190573916808e+00 1.672648354760135903e-01 9.613821448190911223e-01 1.199008128912508964e+00 7.525389550477913359e-01 1.289120317387297376e+00 8.237510553312440420e-01 7.364672147672346458e-01 5.553632164375726932e-01 9.828688867095813908e-01 1.008731095536662403e+00 1.177232126109356791e+00 6.048361667283301824e-01 3.384210153528111609e-01 1.271978659811871859e+00 7.961553538642589523e-01 6.884127662048548091e-01 7.429947335758135818e-01 7.253009460478203607e-01 7.382269665528536917e-01 1.222263653812815987e+00 4.907309322558948694e-01 1.201474982283424975e+00 8.820511498408185602e-01 8.451726292280410391e-01 9.908421821651912653e-01 1.056237279578546850e+00 9.415062034508046018e-01 1.069419984832902681e+00 1.122220295671970680e-01 6.807505670092887096e-01 5.272499410335750314e-01 9.951141484779187918e-01 8.849628030209489848e-01 9.834354279976491586e-01 7.407724134356091783e-01 5.125270314313975506e-01 9.334962273603270022e-01 8.492450876809852778e-01 9.523905770793721359e-01 8.801583654711074844e-01 1.139298211023637819e+00 1.346348884354177544e+00
3.717885171580377346e-01 8.864527982699544895e-01 9.159905659090664676e-01 8.849935524298472300e-01 3.659793355520535862e-01 6.308949617676991029e-01 3.737795796453198260e-01 4.712390743770743518e-01 7.730878713653711598e-01 0.000000000000000000e+00 7.062666044716096048e-01 3.566810139016208248e-01 5.580871997660546979e-01 7.377325955077272956e-01 4.528135796882005182e-01 6.220271588032022514e-01 2.431721343387607259e-01 5.846549099916497072e-01 2.068344524024065267e-01 6.695195957778035112e-01 5.885074567362956754e-01 3.000049626765045052e-01 4.259697516031912268e-01 2.036423862416556207e-01 4.697845639083492175e-01 1.952131820183014566e-01 7.340950196823681217e-01 2.046515826202856270e-01 5.967777555278410695e-01 3.881419270848044389e-01 6.200570128394790048e-01 8.314880503986195048e-01 5.355708427841037178e-01 6.072064144879583125e-01 4.449067030658456212e-01 8.523310983879839320e-01 4.195972866789623446e-01 7.387506927020015546e-01 4.673915758534891718e-01 3.086921442331664878e-01 4.494162259286550998e-01 6.045558518106275425e-01 5.646600146048310620e-01 7.783934232647402585e-01 3.014222220896658477e-01 4.978283995237558490e-01 8.731399569672549932e-01 3.417156362225711730e-01 2.114514291122717715e-01 3.360775768111042838e-01 1.212953161734137697e-01 1.257798872656218092e-01 8.706137242943443599e-01 3.260287672161321648e-01 6.568199705271108302e-01 2.583974298022332916e-01 3.472235225638220513e-01 5.139338796138500642e-01 7.132956260223863865e-01 2.534731795316110814e-01 7.287186922398166677e-01 6.760173818748583807e-01 1.111957510712210939e-01 3.034182437688557332e-01 4.673962841972619242e-01 3.509493775556188910e-01 5.737032972636930683e-01 1.044014507430237049e-01 2.762016082396495653e-01 5.277736533965973198e-01 5.221709305163986237e-01 6.245997972543592125e-01 5.109161577994373316e-01 5.534393941257739202e-01 7.896873915449570402e-01
6.405274382308839831e-01 6.035949589889852973e-01 4.403126263294778742e-01 5.261719774034372410e-01 1.019954276531137349e+00 9.985196977756906067e-01 3.649389718213310041e-01 3.546169473689381180e-01 1.054806321413016557e+00 7.062666044716096048e-01 0.000000000000000000e+00 6.701003238945966167e-01 3.354066575880851886e-01 3.291647652961773862e-01 4.011545787239316208e-01 2.805944340483727539e-01 5.206833667971713098e-01 8.574283818576278193e-01 8.400413928818082354e-01 2.281294305579760484e-01 2.012701291641524337e-01 4.816573957408984419e-01 5.874722707077372208e-01 7.138468229264351983e-01 8.590636534733616658e-01 5.341922534704381942e-01 4.438317704065294911e-01 6.604350222883527133e-01 1.836200217901733101e-01 3.402803298100003371e-01 1.778986086965491098e-01 4.324740803647355580e-01 1.706957616875059702e-01 8.889248645356035983e-01 3.414718746510790326e-01 3.343250506524634291e-01 3.139030460251739929e-01 3.836146325566032189e-01 3.124489804132351001e-01 4.948373788704893972e-01 5.037573466994019755e-01 3.246709229685509901e-01 1.558912989254646331e-01 3.203059590059780248e-01 6.935290119404325937e-01 7.636844819308906684e-01 3.892808754106876212e-01 4.362658289859172589e-01 6.088290911617640910e-01 7.255052244674792261e-01 6.150819494457751002e-01 7.233053504127784361e-01 4.129570039107939849e-01 7.132890152535150685e-01 3.299998914298551411e-01 4.497131953860685760e-01 4.115804142101636143e-01 2.974449778370555908e-01 2.140172919106799743e-01 9.096701339618048499e-01 1.289867908759664283e-01 9.512759973105447964e-01 7.381732262492444185e-01 6.139568087065173652e-01 2.620942403216623973e-01 4.401720032951782491e-01 2.445935725970263819e-01 6.381955706354789370e-01 7.080509564256228794e-01 8.953983894045888237e-01 2.061498389316411828e-01 1.024157443336445317e-01 2.861135534299606986e-01 2.569156382751149326e-01 5.068671519554880378e-01
3.499438682357720043e-01 9.968579858620389977e-01 1.020990841749002120e+00 9.200386561330933244e-01 6.311187397612666450e-01 3.616350870332186163e-01 3.622301963996176211e-01 6.430635253964164244e-01 7.251098324233700154e-01 3.566810139016208248e-01 6.701003238945966167e-01 0.000000000000000000e+00 6.779065683994200953e-01 7.965254915838594352e-01 3.245017975739609706e-01 6.410152501849569751e-01 4.198514893812886339e-01 5.334268125709084041e-01 4.433220356984832744e-01 8.080053858049723869e-01 4.919072971380986647e-01 4.838911263750819702e-01 1.973696983755959811e-01 2.230465424643745531e-01 2.098358592543618784e-01 2.517570374741914807e-01 8.409893614602605982e-01 4.046260567991594725e-01 6.266697654814313845e-01 5.019746828022224605e-01 7.417720018189765119e-01 9.513956628888377010e-01 5.844066306754573947e-01 5.592283755459571681e-01 6.321826340426183188e-01 8.913701584456776850e-01 4.935309895893639220e-01 7.774445731382466640e-01 3.639626163829178251e-01 1.815972803543367542e-01 3.374848918093221184e-01 7.162474527304824035e-01 5.408735017294105107e-01 9.087023957513319372e-01 1.324961888670253829e-01 4.520865556069168512e-01 9.699661637854860574e-01 5.289915671993437041e-01 1.463428791823827291e-01 1.264110270037590578e-01 3.486572508349286559e-01 3.228995577436626907e-01 9.281260638154338327e-01 2.354680608704813605e-01 7.540089479644868087e-01 3.729104868495262681e-01 2.696617958895532463e-01 7.012098105906228174e-01 7.433240178759853434e-01 5.219244067069811477e-01 7.471147898256133013e-01 6.251139517088213360e-01 3.123982416764273240e-01 4.246495278017251018e-01 4.532976688722811787e-01 5.276287325981466880e-01 7.317865846863836898e-01 2.597202678118361030e-01 3.349633495722676435e-01 2.592454624631767013e-01 5.238796523517410542e-01 5.957329221191551838e-01 6.105310633370916173e-01 6.399202656466690398e-01 9.001301788285415162e-01
6.867398536548603438e-01 3.340647230248071642e-01 6.037591971990067252e-01 5.674318147516030919e-01 9.011458376054374275e-01 9.854317360119749791e-01 3.280178245888428212e-01 3.270709363678544479e-01 1.110345228275138041e+00 5.580871997660546979e-01 3.354066575880851886e-01 6.779065683994200953e-01 0.000000000000000000e+00 5.416354415314568183e-01 5.788917192432455616e-01 3.228899122923490350e-01 3.230851992358638736e-01 9.241358702134515601e-01 7.354807398143636821e-01 3.532225457731178464e-01 3.932823667192403283e-01 4.932511422985380589e-01 6.843147453382123491e-01 6.393335634808697820e-01 8.375416584754484806e-01 4.439236747197926047e-01 1.823258659820105598e-01 5.570898818447093115e-01 4.674983022865638604e-01 1.880253535214278238e-01 1.766078872024223201e-01 5.759726529362781955e-01 1.800809120085348769e-01 9.444637713977247495e-01 1.620137928336805311e-01 5.192367562930683134e-01 4.243145861334984836e-01 4.211889550237571944e-01 4.395347368272923827e-01 5.481197559229948890e-01 6.277570121674709291e-01 4.547257512149428527e-01 2.960974554973011541e-01 4.756897182513858402e-01 7.050846405036268472e-01 8.141651943660382917e-01 5.502952697139763538e-01 3.265748290471181536e-01 5.656928832778967964e-01 7.022838596103422315e-01 4.566239465968542910e-01 6.253259827165609241e-01 6.102276966005500958e-01 7.350572836654699627e-01 1.308524044759812044e-01 3.196138715206911507e-01 4.248930850756114097e-01 2.129647340164644298e-01 4.486075066465043948e-01 7.903099094583884154e-01 3.429589294924638154e-01 1.014668210695874428e+00 5.797152234003236648e-01 5.895230831605446919e-01 2.827349863722581347e-01 2.272575457691944356e-01 2.853757493952026048e-01 5.092121351876423008e-01 6.501470167899925379e-01 8.823104276408731961e-01 4.817581669234101693e-01 4.263917197779142909e-01 4.138726249845799954e-01 1.046832708671254913e-01 2.372993162998101868e-01
6.670992790389006499e-01 8.281717454455431726e-01 3.000463941579296634e-01 8.476646749638575562e-01 1.100043946980734155e+00 1.133321355792084040e+00 6.059188011700534782e-01 3.059155755397350851e-01 1.086132858673044765e+00 7.377325955077272956e-01 3.291647652961773862e-01 7.965254915838594352e-01 5.416354415314568183e-01 0.000000000000000000e+00 4.831186753351789376e-01 6.086600062813445344e-01 5.579984754652252965e-01 8.879998022312968198e-01 9.376363859946155177e-01 2.042835378193430251e-01 3.705528338960286661e-01 5.022248107421610763e-01 6.738873919798733514e-01 8.404981457701955483e-01 9.944129837962064622e-01 7.127628155629346374e-01 6.651401941643566573e-01 6.713172323789643459e-01 1.934355127302422594e-01 6.009044244114247757e-01 3.650275543290345537e-01 1.753512547082839712e-01 4.841350735447869091e-01 9.202514017956318071e-01 4.731705615491947903e-01 1.527546619197268363e-01 3.344704610264365163e-01 7.041801417572883803e-01 4.968792710259561929e-01 6.189528906849843803e-01 5.601797291172464499e-01 1.403984052136529048e-01 4.592734661987954436e-01 1.860390095266272747e-01 8.084028000245599976e-01 7.902563227389073353e-01 2.681459236125147139e-01 4.295277654391683742e-01 7.550971419322719536e-01 8.658044582327999450e-01 6.257990033654984297e-01 8.358677937437056782e-01 1.371479599998855770e-01 7.602215264572870224e-01 5.472898450398214765e-01 6.758134339287303893e-01 6.016905355740341799e-01 3.789221991780447607e-01 1.176681874588886983e-01 9.882126926806997780e-01 2.248793893856128046e-01 9.818474176842137968e-01 7.488902801689677480e-01 6.345242237077800551e-01 5.217072240865109345e-01 5.009049251437623917e-01 2.804601526809816781e-01 7.177910463076964120e-01 7.333396150621818155e-01 1.030325267324969429e+00 2.779171920746490443e-01 2.962120964102383791e-01 2.268164377082896588e-01 4.889075601562099527e-01 7.314439384120456911e-01
2.893097530212165869e-01 8.733269893492459079e-01 7.093876932736137286e-01 7.461808160265004375e-01 7.405645956196750257e-01 6.630232139580375383e-01 2.839771868343903272e-01 3.235246159324368653e-01 6.929731209756746502e-01 4.528135796882005182e-01 4.011545787239316208e-01 3.245017975739609706e-01 5.788917192432455616e-01 4.831186753351789376e-01 0.000000000000000000e+00 4.655930043497988891e-01 3.378394810465777942e-01 4.960263390128104022e-01 5.606517119703463559e-01 4.895911835702740356e-01 2.004722425943153974e-01 2.007490884863140090e-01 1.997535342745292708e-01 4.114612262302654866e-01 5.233357876139078657e-01 2.675385603354055730e-01 7.164378165416172006e-01 3.701349458258431646e-01 3.150666170060432703e-01 4.448375335306911094e-01 5.460062605318988238e-01 6.329814606541395161e-01 4.379096443166230479e-01 5.270916640982619139e-01 4.329098971080661551e-01 5.797670099702892932e-01 1.708583440486692306e-01 6.060313975437698897e-01 1.444555346075727387e-01 1.497174393032098261e-01 1.412868984737908618e-01 3.978332504957840521e-01 3.284632777109328661e-01 5.921964898955593970e-01 3.280321244035879769e-01 4.091517347637666502e-01 6.583630153100978877e-01 2.694579235235630144e-01 2.866704527222551091e-01 3.964991548553947198e-01 3.658970055106336439e-01 4.439156695013166676e-01 6.165229153400456630e-01 3.256352831734231068e-01 6.257453385316246175e-01 3.466898089878436284e-01 1.718699708868657305e-01 4.346922078186291061e-01 4.317208694005972847e-01 6.302804530503427483e-01 4.355116413502252981e-01 5.895336874243489733e-01 4.623761663398601174e-01 2.991123848570486632e-01 3.158186277542476827e-01 3.850068097995349992e-01 4.133723824516854495e-01 3.619868490299025798e-01 3.713648584744126402e-01 5.600271254909229279e-01 2.122765038763528567e-01 2.987388343902871446e-01 2.921168611023934325e-01 5.071172818662722515e-01 7.765991823157484264e-01
7.399025692133314180e-01 6.159768863656966964e-01 7.053341850529969426e-01 2.808940548868343323e-01 9.451450908506697779e-01 9.590107284835754919e-01 2.844720543744920782e-01 5.152025239936669498e-01 1.148681924193326154e+00 6.220271588032022514e-01 2.805944340483727539e-01 6.410152501849569751e-01 3.228899122923490350e-01 6.086600062813445344e-01 4.655930043497988891e-01 0.000000000000000000e+00 4.473183642252946401e-01 9.517351422304619613e-01 7.710856501699087096e-01 4.897288100144123191e-01 2.789854572503455143e-01 6.090659749044464721e-01 5.965412811893624490e-01 6.500326012400833298e-01 8.171592586477071096e-01 4.582471445183908809e-01 4.590877135580679891e-01 6.654984134998011003e-01 4.198291500791334063e-01 2.720224148789819885e-01 3.349495952325559078e-01 6.940734598211718565e-01 1.758040430187941261e-01 9.828004673159131954e-01 3.661956722190222724e-01 6.063590056245082849e-01 4.475878612234848175e-01 1.501641532947078361e-01 3.262483582119837244e-01 4.759733529056994206e-01 5.933187077557535716e-01 5.785984240298859271e-01 1.547555418195361576e-01 5.819053384624141012e-01 6.739279156327581122e-01 8.611835440457296098e-01 6.530613873106283496e-01 4.916093321887716749e-01 5.548461736180475556e-01 6.828851327149152439e-01 5.447776736163340017e-01 6.585081144683937460e-01 6.892869359563674747e-01 7.225480920734110857e-01 3.683952355480755725e-01 3.636297290009689598e-01 3.755172582325761454e-01 4.404880654657093442e-01 4.942182433184946211e-01 8.345496329032673355e-01 3.934152118289013789e-01 1.045242490642000588e+00 6.653496722910036132e-01 7.287153825837635601e-01 1.877175813126756854e-01 3.791506595415923830e-01 4.643537464018632765e-01 5.519800974821789108e-01 7.666338175803012467e-01 8.558894201124737089e-01 3.644314356108184216e-01 3.231438500931294588e-01 4.889329442574871232e-01 2.497671788827229844e-01 5.192490793321993259e-01
3.898326091094534429e-01 6.540544263655106993e-01 7.159840438945997976e-01 7.051487364729867036e-01 6.010107475828853074e-01 7.152339297150794861e-01 2.468800049413064079e-01 2.653711978249779779e-01 8.119979457142175727e-01 2.431721343387607259e-01 5.206833667971713098e-01 4.198514893812886339e-01 3.230851992358638736e-01 5.579984754652252965e-01 3.378394810465777942e-01 4.473183642252946401e-01 0.000000000000000000e+00 6.257885876525317581e-01 4.368720624023929577e-01 4.569961861517461421e-01 4.196596456542505682e-01 2.042665058351735841e-01 4.669631907339026888e-01 3.563029592651701938e-01 5.627565118966634250e-01 1.953665124358491822e-01 5.016966477779245537e-01 2.379369393129348309e-01 4.267344719642237605e-01 1.829320205584040182e-01 3.862327975638781830e-01 6.403002229455811989e-01 3.499876051096653673e-01 6.461164888368046144e-01 2.134700019023421658e-01 6.436666436845325245e-01 2.495540031153451466e-01 5.589058767451408061e-01 3.780769825077268109e-01 3.337855211829049984e-01 3.567750127646743263e-01 4.176000702515726415e-01 3.948552814791079224e-01 5.783869012502732554e-01 4.287092433105951783e-01 5.186050484732125376e-01 6.690791110280555065e-01 1.385459930235280468e-01 2.918454205523180467e-01 4.284363968847634818e-01 1.374943940846689305e-01 3.308558218498315329e-01 6.886089725012708440e-01 4.257721878585656872e-01 4.291866027669177241e-01 1.178149584635049540e-01 2.723487879848048299e-01 2.824971784503466088e-01 5.432523424587688554e-01 4.901748194358365174e-01 5.320370475406401845e-01 7.163209281349540714e-01 2.605856708881382766e-01 2.847480046806425413e-01 3.111246443496417657e-01 1.077772432168581512e-01 3.589995641348053268e-01 2.127790744138219892e-01 3.316433927723627106e-01 6.121126213439777031e-01 3.521276469527812591e-01 4.545565136907417925e-01 3.360998136700800165e-01 3.426615999420390968e-01 5.572890196405133612e-01
2.408076229318364958e-01 1.256904933017488846e+00 1.116696212311934833e+00 1.229501851889365227e+00 8.661150862369542125e-01 8.450591060701743151e-01 7.367891065501179781e-01 6.956418676529504408e-01 2.427588161981815151e-01 5.846549099916497072e-01 8.574283818576278193e-01 5.334268125709084041e-01 9.241358702134515601e-01 8.879998022312968198e-01 4.960263390128104022e-01 9.517351422304619613e-01 6.257885876525317581e-01 0.000000000000000000e+00 6.659842774413982092e-01 8.764937633423233176e-01 6.837932784571805200e-01 4.335168762957535837e-01 3.916659212862389494e-01 3.924127880119535061e-01 6.673273795533015695e-01 5.746855971671747110e-01 1.104547154429902811e+00 4.225461035559304190e-01 7.414499707422446129e-01 8.058816896218731207e-01 9.181235122524125103e-01 1.019884040426188632e+00 9.240784086110522821e-01 1.611976870828888131e-01 7.751727867574049746e-01 1.000875072470760907e+00 5.544058986060430572e-01 1.092173535424433073e+00 6.268042733683796275e-01 5.407600399891874243e-01 3.584164344747083897e-01 7.847358302678333342e-01 8.117843135737982108e-01 9.790990696676089566e-01 4.120639861728623843e-01 1.421562994083762355e-01 1.073845603370123580e+00 6.099459958025729156e-01 4.988869489165296822e-01 5.522467646410750275e-01 5.390915879861345461e-01 5.497940051791322391e-01 1.024130597371067264e+00 2.979587517004269048e-01 1.015265624221739271e+00 6.931847614182166106e-01 6.482258472651766246e-01 8.013198889568817762e-01 8.581042231367989048e-01 7.530732420770832602e-01 8.712869283911549578e-01 1.347844294360828754e-01 4.928356789477384425e-01 3.410405829718891058e-01 7.981673665150545993e-01 6.987534449592627261e-01 7.892728154788453132e-01 5.519328305014109537e-01 3.246121433698471725e-01 7.427482584255884479e-01 6.518671481255966516e-01 7.550126375239832877e-01 6.820253090293594278e-01 9.530888529619517824e-01 1.160139526292491619e+00
4.667801864785526833e-01 1.059908901232385237e+00 1.115045680681308937e+00 1.034052043796553244e+00 2.151083436782950109e-01 7.021228906062445541e-01 4.917551168209642887e-01 6.702941891493171545e-01 8.544172388151195507e-01 2.068344524024065267e-01 8.400413928818082354e-01 4.433220356984832744e-01 7.354807398143636821e-01 9.376363859946155177e-01 5.606517119703463559e-01 7.710856501699087096e-01 4.368720624023929577e-01 6.659842774413982092e-01 0.000000000000000000e+00 8.685747105500457588e-01 7.078122520561290765e-01 5.009051805646523858e-01 4.997643191197029822e-01 2.774369537581673484e-01 5.410124927468944467e-01 3.225292769519358949e-01 9.066045522961274639e-01 3.441375219476648928e-01 7.966815460147295136e-01 5.516200182254809015e-01 8.151382535631681581e-01 1.030543165170861641e+00 6.905242154832779145e-01 6.885357819377067035e-01 6.424231383404097606e-01 1.052234888874872043e+00 6.195010771658507887e-01 8.878091840687075686e-01 5.809179079921332756e-01 4.155134617586140333e-01 6.000251045634166225e-01 8.044596422975156536e-01 6.943889786860759639e-01 9.774485380369825060e-01 3.752167896061774921e-01 5.791577669735044065e-01 1.072195071739497685e+00 5.392320714971353679e-01 3.006932840957742270e-01 4.073055056496496795e-01 3.224462711998126174e-01 1.207178327451722544e-01 1.070517514781232471e+00 3.998233347326438647e-01 8.267155328377298051e-01 4.200315002262176578e-01 4.607498547024662106e-01 7.114503148884142592e-01 9.131994165092746085e-01 1.145790726957151284e-01 9.286224827267047788e-01 7.573467493246066606e-01 2.167545495259949884e-01 4.297277847251169680e-01 5.917192744814346872e-01 5.446493056192510673e-01 7.727584120359356490e-01 2.290882191854803906e-01 3.768731444016835685e-01 5.990015822351427710e-01 7.220747210032871788e-01 7.867980677893999797e-01 7.108199482863258867e-01 7.169174852664502717e-01 9.631434945073878984e-01
6.481876094266968424e-01 6.404470432929227908e-01 2.657793922608955306e-01 7.280023171580062291e-01 1.030982271536164285e+00 1.144801250013196992e+00 5.473014594654980192e-01 2.058396732860219014e-01 1.072365381849644139e+00 6.695195957778035112e-01 2.281294305579760484e-01 8.080053858049723869e-01 3.532225457731178464e-01 2.042835378193430251e-01 4.895911835702740356e-01 4.897288100144123191e-01 4.569961861517461421e-01 8.764937633423233176e-01 8.685747105500457588e-01 0.000000000000000000e+00 3.643216505525509463e-01 4.644477233103834757e-01 6.690744395307191006e-01 7.722851460402717638e-01 1.001239228767629275e+00 6.412048362880952146e-01 4.774154920117366085e-01 6.201267914516404023e-01 2.185023372951826193e-01 4.610388151831759651e-01 1.846167543237080266e-01 2.242556688826909395e-01 3.370834424513450278e-01 9.064839249722310699e-01 3.026374834200436514e-01 1.902304310608352589e-01 3.220878647362802050e-01 5.845138107489543655e-01 4.971056121230307268e-01 6.304327849060972211e-01 5.518285918737682039e-01 1.374405847987275886e-01 3.816394886862220504e-01 1.356761282461782236e-01 8.066421835174529820e-01 7.724531403708944088e-01 2.156428984043582409e-01 3.386811408818246050e-01 7.303281374232837297e-01 8.669191137557291649e-01 5.575860036355746452e-01 7.668061182991360303e-01 2.812213713683172078e-01 7.487154875683134092e-01 3.595651428872014277e-01 5.660300281455686866e-01 6.006361000374277337e-01 2.016057936399190675e-01 1.301848143344867259e-01 9.191510172361301301e-01 1.124384706131368039e-01 9.703413787952402947e-01 6.806772804390438525e-01 5.994719698466801638e-01 4.757679057621104213e-01 3.763257288734075390e-01 1.054540833930139587e-01 6.487293708631267641e-01 6.984535692632910520e-01 1.041805161546082381e+00 3.139822787709351526e-01 2.620661479628255131e-01 2.040991622434734087e-01 3.169441098050108652e-01 5.437192362594253092e-01
4.719607054400500878e-01 6.877176368252406746e-01 5.529893337502900241e-01 5.567521669092493353e-01 8.877251357054579683e-01 8.244281869081696579e-01 2.530602683809275444e-01 2.785386709722361132e-01 8.807400604200450456e-01 5.885074567362956754e-01 2.012701291641524337e-01 4.919072971380986647e-01 3.932823667192403283e-01 3.705528338960286661e-01 2.004722425943153974e-01 2.789854572503455143e-01 4.196596456542505682e-01 6.837932784571805200e-01 7.078122520561290765e-01 3.643216505525509463e-01 0.000000000000000000e+00 3.320067189430633281e-01 3.867424235996976822e-01 5.690592086562565877e-01 6.855842899781430244e-01 4.019631126447590908e-01 5.308284640176118563e-01 5.155369004570111713e-01 1.812810443944108119e-01 3.078603770303668941e-01 3.565766880092833269e-01 5.455622110349174214e-01 2.523002917926178701e-01 7.148586035426318652e-01 4.161176102670412491e-01 4.456162911006060767e-01 1.701056425389054216e-01 4.194238504443165705e-01 1.454530731201811589e-01 3.125164721455617189e-01 3.253768439824722414e-01 3.294250905296165488e-01 1.390346285936817639e-01 4.391502080268190333e-01 5.070342398627789571e-01 5.932416802724480576e-01 5.019646557867740722e-01 3.005424675894523001e-01 4.462039730483571276e-01 5.569112893488852301e-01 4.765738645940668095e-01 5.910762095870994992e-01 4.872530156599649276e-01 5.127492344837463190e-01 4.401359860076194952e-01 3.751754334302006000e-01 2.540087505917794641e-01 3.899589521064028563e-01 2.919325884611457256e-01 7.774409931361256909e-01 2.771340880663264450e-01 7.773006268687189246e-01 5.996651413975362388e-01 4.531783435493658696e-01 1.730729288300671687e-01 3.919245005031267715e-01 3.631030059656594755e-01 5.086842148803670804e-01 5.434431334315954487e-01 7.214320984410550475e-01 1.032885789627239898e-01 1.038256249810566439e-01 2.296624514414785101e-01 3.215079293422668516e-01 5.909898297917431931e-01
