0.000000000000000000e+00 3.126828639301596624e+01 2.100937325078617590e+01 2.075559046186600654e+01 1.646688270133241616e+01 1.550086720475308510e+01 1.559019286324721598e+01 2.259770671357566840e+01 1.218917247110520741e+01 1.239218951654843082e+01 2.168891192339560448e+01 2.573621510149278535e+01 2.172894809313877573e+01 1.050837524225382325e+01 1.048298224379561461e+01 2.014940451946547029e+01 8.975837477875064252e+00 2.497338476207105273e+01 1.404084976919175887e+01 1.721412468874416390e+01 7.874621535680768503e+00 8.421518366750996520e+00 2.849152320902212665e+01 1.587531842787542935e+01 1.916980360297210595e+01 2.424487457830769443e+01 1.468739456911933949e+01 2.510272230138942717e+01 2.241739504974081143e+01 6.814484023934729962e+00 1.523378165782288818e+01 6.747565571398874695e+00 1.574367679477355431e+01 2.123101399006606727e+01 2.557478064714705468e+01 6.077227966759683575e+00 1.649650959093851554e+01 1.603655483264200043e+01 1.234517096021625449e+01 1.887824098729922895e+01 5.480252298233520669e+00 2.631463863947227111e+01 1.057138402350233264e+01 1.186730116905306964e+01 1.804500176987767546e+01 1.243242116267729003e+01 1.705926258491428982e+01 2.880637396122258664e+01 1.921924794175259166e+01 2.137056851963848203e+01 1.820354194549650373e+01 1.662808674803736864e+01 2.610366845289363624e+01 1.625332406427046905e+01 4.784859399703348615e+00 2.063775786077877328e+01 2.103696296614022643e+01 1.039864498405744975e+01 1.074080795812208677e+01 2.258894672221893174e+01 2.449314468357847474e+01 1.268853819564366248e+01 1.882324093462293035e+01 1.460574030206952933e+01 4.443291621148663495e+00 8.259557871762821080e+00 2.846371579352835113e+01 8.192721312207194018e+00 1.396065662858809553e+01 2.031173741157217094e+01 2.659486967803054114e+01 1.214367343019913115e+01 1.385361594028112187e+01 4.291120298088374696e+00 2.326163892156728608e+01 8.890719354056914270e+00 4.254690984133300269e+00 1.391118079886129166e+01 2.553728927029318285e+01 1.754831078628585672e+01 4.249885801538471064e+00 1.718483349255955162e+01 1.603970432823869885e+01 2.206287895256601672e+01 2.920500830596686015e+01 1.216142289796026610e+01 2.575526986406214291e+01 1.986777072530915333e+01 1.779424156899594678e+01 1.241276812899837978e+01 2.930384048548189568e+01 1.257313886599784247e+01 2.284106782034927718e+01 1.830771366373861753e+01 1.922441570339253047e+01 2.009307305272605149e+01 6.513937260436218679e+00 7.312488244017830930e+00 2.486152734175890444e+01 1.847156677166461591e+01
3.126828639301596624e+01 0.000000000000000000e+00 3.038492219805029393e+01 2.058522281296063383e+01 1.640020457369166706e+01 2.364299860547273369e+01 2.042138017223508584e+01 1.344502017950848405e+01 3.144127622771303265e+01 2.097295572433732147e+01 1.172528868947233605e+01 1.105888328811669119e+01 1.054878505485477547e+01 3.104068757058810490e+01 2.451447421725635323e+01 2.105786447434022790e+01 2.276675075367269940e+01 8.392606747710035009e+00 2.384124735737023926e+01 1.615593920452399601e+01 3.386980993366795190e+01 2.595758250764449571e+01 7.465348556968603333e+00 1.863163544139047545e+01 1.502249174776457252e+01 1.763085085002467167e+01 2.726053721272042196e+01 6.869762945208417904e+00 1.428207822773105917e+01 3.393477344592737666e+01 1.703582456878850948e+01 2.718844936805756873e+01 2.975806158284811431e+01 1.060710558989784147e+01 6.188140573285514812e+00 2.745642206660222584e+01 2.157947608724109401e+01 2.367354417496737895e+01 2.092772656074957638e+01 1.273151495749355711e+01 2.716950775549471331e+01 5.191740174370788274e+00 2.189526214975444773e+01 2.125038897594745890e+01 1.791704359474604757e+01 2.702175740497688494e+01 1.449087779785589269e+01 5.193225203543240909e+00 2.650525145492983725e+01 1.190941157010017015e+01 1.511246324335836810e+01 1.918718352881257871e+01 7.011373610199876261e+00 2.422958565005015430e+01 2.698704460769953073e+01 1.267911460945268942e+01 1.707698510449050033e+01 2.675878180512390614e+01 2.719823045643289916e+01 1.053585348508416608e+01 1.095374739959886412e+01 1.897464384772985113e+01 1.819612244299109705e+01 1.666254609094644223e+01 3.413377111958989474e+01 2.337231417298868763e+01 4.166639183309990280e+00 3.030330021173720212e+01 1.756919943176178478e+01 1.469047081680814770e+01 1.113738066105720037e+01 2.541231324491028687e+01 2.990635809825620939e+01 3.060625536853556738e+01 1.497898354105909391e+01 2.791197440348194547e+01 2.786991345083579574e+01 2.211217153716957284e+01 6.412146928683062796e+00 2.240215645328280658e+01 3.057014656580612311e+01 2.714832465182852417e+01 1.914268689944395163e+01 1.023489096292416534e+01 3.902507570958876126e+00 2.402396399358220691e+01 8.299841562299274500e+00 1.166208533504072165e+01 2.751833915425985921e+01 2.039355920691151169e+01 8.166907083896083108e+00 1.908540679956839625e+01 8.823183296143874088e+00 1.443873947693460202e+01 1.339876284089203473e+01 1.483507664643701673e+01 2.482268886054999868e+01 3.144931289813865050e+01 1.377239817590961479e+01 1.577496056309001560e+01
2.100937325078617590e+01 3.038492219805029393e+01 0.000000000000000000e+00 3.480878581109846692e+01 1.631591674188180718e+01 2.365934931603863589e+01 2.646910578676853021e+01 2.213313392410179858e+01 1.275258097059521845e+01 1.179184313811441775e+01 3.285543131334694067e+01 2.755235506156211756e+01 2.666701261915225274e+01 1.338819862258309001e+01 2.612439004326942182e+01 2.876575850722103667e+01 1.849006592607072008e+01 2.219138537028743485e+01 8.567072715805332805e+00 1.974613923286207395e+01 1.919458579904306106e+01 1.908225598033424575e+01 3.379391799494039361e+01 2.998703772339884210e+01 1.541454994704192849e+01 2.911545658686674187e+01 6.814596811248282648e+00 2.471691960429005519e+01 3.417300388047657833e+01 1.870708402248364521e+01 2.261625269004953154e+01 1.513277758334790413e+01 6.912834315523355144e+00 2.276089231109229871e+01 3.226283937154785519e+01 1.538857005756572072e+01 2.963686067428105986e+01 7.466185933691038557e+00 1.866733364465448020e+01 2.792794309383691598e+01 2.213383114882715219e+01 2.796741937707612635e+01 2.393931900918266109e+01 1.366242088864694537e+01 2.414673792604015290e+01 2.421849309252168680e+01 2.071521285260660150e+01 2.956046228559977962e+01 5.312244751794747977e+00 2.250356518979712561e+01 1.781860646523312752e+01 1.147464190135008266e+01 3.635987886453240492e+01 2.841810930981132799e+01 1.904982237120314537e+01 1.813657590836070455e+01 3.002993166382854184e+01 1.136887430751037265e+01 1.102565252279824293e+01 2.001101333160461238e+01 3.670641637022649917e+01 1.756289633908138370e+01 3.380208120316332554e+01 2.585202650017739145e+01 2.062588934752907832e+01 1.485938567323798054e+01 2.621828301474030454e+01 1.453175558775113352e+01 1.570713738667771864e+01 3.357977477399460042e+01 3.142707907152021107e+01 2.131629851520151320e+01 9.208499495905027032e+00 1.833593886519751237e+01 2.694899583947580268e+01 2.244564172800670931e+01 1.833779229898549801e+01 2.954171976970093283e+01 2.512548185706879877e+01 2.496966156670443482e+01 1.755397606266594224e+01 4.484197848755856697e+00 1.169426942550541604e+01 2.950632326792870330e+01 3.293232945359760322e+01 8.847950352825906251e+00 2.671831631198149992e+01 1.988420686854846053e+01 3.534859562871392136e+00 2.684686874788512867e+01 3.037284706819921709e+01 2.231580304194506326e+01 3.240989003514958000e+01 2.963729683377204793e+01 2.618527818010737462e+01 2.333318902034698183e+01 2.161780626495381341e+01 1.564305969580367695e+01 2.946310397101142442e+01 1.505445304746950796e+01
2.075559046186600654e+01 2.058522281296063383e+01 3.480878581109846692e+01 0.000000000000000000e+00 2.471658467263386427e+01 1.528118789620482332e+01 1.495734828892395107e+01 2.109760513163658402e+01 2.839410421653291650e+01 2.325240087780072429e+01 1.224227634779918894e+01 1.117886091944741622e+01 2.064039361816089979e+01 2.749808567001512216e+01 1.062852952843549659e+01 8.860991386205196108e+00 1.755642090348418094e+01 2.414258073325935783e+01 2.746124931971575478e+01 1.544284237267748594e+01 2.715698624379678705e+01 1.636520194020267027e+01 1.318027440080875223e+01 7.098461354400429357e+00 2.294135674088813914e+01 8.722628238270646150e+00 2.948951014966361228e+01 1.775818859423204543e+01 6.740287933590911607e+00 2.645222777754701582e+01 1.654481068169094016e+01 2.251079784878020718e+01 3.108075854973244390e+01 2.462567253321412153e+01 1.887354203286415455e+01 2.213784798860080727e+01 5.639337528594897897e+00 2.832128310165578000e+01 1.699079617248729335e+01 1.423506334055652900e+01 1.611997932918718135e+01 2.404018779375317294e+01 1.311890659792839742e+01 2.271025636479647858e+01 1.102213329123201468e+01 1.165366866522339606e+01 2.142775574355002277e+01 1.614904893986128087e+01 3.239508875900644824e+01 1.404582685285200228e+01 1.991471830264037024e+01 2.712507283733335228e+01 1.558323646716866051e+01 9.412893497821148259e+00 1.873058566710540873e+01 2.607809952963378208e+01 4.803051782807973957e+00 2.547107365885335994e+01 2.592410032265154030e+01 2.076701850608425559e+01 1.114407092493827101e+01 2.010748075750954555e+01 4.267669569448131917e+00 1.130694360849306435e+01 2.481322145065683316e+01 2.028863239426659959e+01 2.166436646687919065e+01 2.531882524179294336e+01 1.910164842442075184e+01 8.139176694494638653e+00 9.520000123414325444e+00 1.660332754993796200e+01 2.963568968109671076e+01 2.306705186197799407e+01 9.086598727104259865e+00 1.334067062494971623e+01 1.892859378878119614e+01 6.859144400874100711e+00 2.649102388679404996e+01 1.147947682724341156e+01 2.307328625014351786e+01 3.178090379904430662e+01 2.433813241497150770e+01 1.781760280623157655e+01 1.723989127568196977e+01 2.650271158999872867e+01 1.454049375671356259e+01 1.753536108400197691e+01 3.165215335587863521e+01 9.412046726561788645e+00 1.276747112611951351e+01 1.495676603924891523e+01 1.570500992929142825e+01 1.083117502469977467e+01 1.759033166388292102e+01 1.238682197759978010e+01 1.548466459856414801e+01 2.562056439670672248e+01 7.969492004669919361e+00 2.663955193880682870e+01
1.646688270133241616e+01 1.640020457369166706e+01 1.631591674188180718e+01 2.471658467263386427e+01 0.000000000000000000e+00 2.206647595847404020e+01 1.475903372969725069e+01 1.335886171698482094e+01 1.516795935744537260e+01 1.242124967989203377e+01 1.989101424665285123e+01 2.045544666011388202e+01 1.069520784696860005e+01 2.196393677591701987e+01 1.664215117954397627e+01 2.437421966714024890e+01 8.523319374341125965e+00 8.732072825021726104e+00 8.289499472377816147e+00 1.460936845067475431e+01 1.776420220629912805e+01 1.993368089841722224e+01 2.329806563895788685e+01 1.808625236586808072e+01 6.990000753918902632e+00 2.313986253490269362e+01 1.618279811950565161e+01 1.462128007302184152e+01 2.509748952605185224e+01 2.289398230462499839e+01 9.191275365992529700e+00 1.094681946039998088e+01 1.390259245156888923e+01 6.482515109227325212e+00 1.605828744121209439e+01 2.009366539170176580e+01 2.207009112586914057e+01 1.120721078053612096e+01 1.675153986938226325e+01 1.454077936708677754e+01 1.511910021876414945e+01 1.204821609007995953e+01 1.259180485637968339e+01 5.077606347637739326e+00 1.956247876780649619e+01 2.128241604305163293e+01 5.240244669651001885e+00 1.897864561851923426e+01 1.257607558260094294e+01 1.607102918756982746e+01 1.131571200265722688e+01 5.317846210469818757e+00 2.092322181799560354e+01 2.340982644109454824e+01 1.194021421186100795e+01 4.737057529731787398e+00 2.514349239886562870e+01 1.780807319930043064e+01 1.093490736566619859e+01 9.507514451559654134e+00 2.416092602692943814e+01 4.736620571047558848e+00 2.241276593201562761e+01 1.390988029414593363e+01 1.808399293832088262e+01 1.663886188868079330e+01 1.328436945398531854e+01 1.398877170433537565e+01 1.246695009437120127e+01 2.163762856796314793e+01 2.420789063739230684e+01 2.124720062245516061e+01 1.955361073853897835e+01 1.455428792202949140e+01 2.097340178751174733e+01 1.816593118865321799e+01 1.853649750085565984e+01 1.863922700078783734e+01 1.000393793748664706e+01 2.173132057318721166e+01 2.065112587765761987e+01 1.307931919566004275e+01 8.768973906514725414e+00 1.385089749739150022e+01 1.958516516783435080e+01 1.380986292823211947e+01 1.838783949621767988e+01 1.366122338767328870e+01 1.492597647207207068e+01 1.553513138499790358e+01 2.178413866565529844e+01 1.042407777080714837e+01 1.749898790130192694e+01 1.741471715373210927e+01 1.148214394129636418e+01 1.763648198640213849e+01 1.225101225946870542e+01 2.338232075087590545e+01 2.320301121483971585e+01 3.291805556000209521e+00
1.550086720475308510e+01 2.364299860547273369e+01 2.365934931603863589e+01 1.528118789620482332e+01 2.206647595847404020e+01 0.000000000000000000e+00 1.983917222362224209e+01 1.637885282951242516e+01 2.677614576610126207e+01 1.227428022818192765e+01 2.189590045750754754e+01 1.427231266151937916e+01 2.717286232691460413e+01 1.777866831979801177e+01 9.800962833915074057e+00 8.533668363289679704e+00 1.761852850926012692e+01 2.065818578117557891e+01 2.182407723135053601e+01 8.127322925393437814e+00 2.312213962983426896e+01 7.772739526031872792e+00 2.063185103763277439e+01 1.519109129269968328e+01 1.536881969626401023e+01 1.206351444341724566e+01 1.817124926287143083e+01 1.706681317289038446e+01 1.517981809953396954e+01 1.854946935478687209e+01 2.188369673440819696e+01 2.061925025872686135e+01 2.630903449000634353e+01 2.628821170481390013e+01 2.829675140819990631e+01 1.267830214937316491e+01 9.897850317952260113e+00 1.811432929320801577e+01 5.925350968205865598e+00 2.167816746068064049e+01 1.219027057983820939e+01 2.697362881283323688e+01 1.569655803275584027e+01 2.223665788586167125e+01 5.947902564973976958e+00 4.954932339834714483e+00 2.546136671163195331e+01 1.921479679102936444e+01 2.174590512753845317e+01 1.189303044819110156e+01 1.284843147149714326e+01 1.795126703625343012e+01 2.387356429053019014e+01 8.045762448087558028e+00 1.634692514258047069e+01 2.044983396837438150e+01 1.096663628021949677e+01 1.514860243519621719e+01 2.466859857960981728e+01 1.719631601252265440e+01 1.978213860534022217e+01 2.171653760116647192e+01 1.513093556877972823e+01 1.756080001116185230e+01 1.927883967633097129e+01 9.475797804767342569e+00 2.107337700614045417e+01 2.297856424959694266e+01 9.749084882606751989e+00 1.840323181375518047e+01 1.642978135620062474e+01 4.007305717843885340e+00 1.885295333706354981e+01 1.922891447470912496e+01 1.156131403133041147e+01 8.484716555370047431e+00 1.156412965396709858e+01 1.137843117274946003e+01 2.399667624294352564e+01 4.373039732350031628e+00 1.510582053796972346e+01 2.324272461798738121e+01 1.477100580613461567e+01 2.565778603223574805e+01 2.351485256786773803e+01 1.518445070320654189e+01 1.571898086116694060e+01 1.280859125880339100e+01 2.050271686081880773e+01 1.395578480367519347e+01 1.806978308293406599e+01 1.861917675733594280e+01 2.483298870337014108e+01 1.931136361394591461e+01 2.399319301269523308e+01 8.979370178888757437e+00 1.434465921045751102e+01 1.680134189434060232e+01 1.373268821882709290e+01 1.887558663524498925e+01
1.559019286324721598e+01 2.042138017223508584e+01 2.646910578676853021e+01 1.495734828892395107e+01 1.475903372969725069e+01 1.983917222362224209e+01 0.000000000000000000e+00 2.798830865389033562e+01 2.050516398937546469e+01 2.281045071315270789e+01 1.177339750044271760e+01 2.225141079702606817e+01 1.192140334116731637e+01 2.469715586313535027e+01 1.009207373713528000e+01 1.897463101548681053e+01 8.737945038866319791e+00 2.111756979988071592e+01 1.790203307096318852e+01 2.662918215819980006e+01 2.099976495644218133e+01 1.609411944538339156e+01 1.879825502778922797e+01 8.048296917450496579e+00 2.126573250121018788e+01 2.094636994411737874e+01 2.726047141320545109e+01 2.683142198330063266e+01 1.510597874686111020e+01 2.222336889177135077e+01 6.432212104327396318e+00 1.499632745186838534e+01 2.235041055062100313e+01 1.507738867784471282e+01 1.449017615847974483e+01 1.932014035607817704e+01 1.356925791841662665e+01 2.283144079557391848e+01 2.130297569535368396e+01 7.793636498631915543e+00 1.161683493158280633e+01 1.689760048937922576e+01 5.090071161584011961e+00 1.315104011604392120e+01 2.237849582409541327e+01 1.508350178599931724e+01 1.117741955856395286e+01 2.313026263246993253e+01 2.318088449358998560e+01 2.617104424858685618e+01 2.583195101670753502e+01 1.791182569502821309e+01 1.611303014037081738e+01 1.671961199457370029e+01 1.217099810432925189e+01 1.860748092913129881e+01 1.708384843432171252e+01 2.312829482382794666e+01 1.757311750004881290e+01 2.356325966772617875e+01 1.512473273856920741e+01 1.029843215646252830e+01 1.237481048359803637e+01 4.192532234084913156e+00 1.935781907548702918e+01 1.889654931696733087e+01 2.343567232388256727e+01 1.821429028098820879e+01 2.349038725030111507e+01 1.177982950451352373e+01 1.919728613224193126e+01 1.952944659085344981e+01 2.719337690712756839e+01 1.698630275528961064e+01 2.124905635888313782e+01 1.270663143397626094e+01 1.565191597316749927e+01 9.757004122289730574e+00 1.916940575362795940e+01 2.029833795184513434e+01 1.906969380591653263e+01 2.230770294788992203e+01 2.163767574827214446e+01 1.105708528862372653e+01 1.898135975126485420e+01 2.473449974204638124e+01 2.510395737563905527e+01 2.802272840215294991e+01 2.507916551695878837e+01 6.113255996909126466e+00 2.180378630463868816e+01 4.334955958890098771e+00 1.220837408752951525e+01 8.317075351215805767e+00 8.741884587661671091e+00 2.445099976107971429e+01 9.129675702673134552e+00 2.202259998117201789e+01 1.955193417069865447e+01 1.764939583082377084e+01
2.259770671357566840e+01 1.344502017950848405e+01 2.213313392410179858e+01 2.109760513163658402e+01 1.335886171698482094e+01 1.637885282951242516e+01 2.798830865389033562e+01 0.000000000000000000e+00 2.406373600006666180e+01 1.188036981037905804e+01 2.336808098788149479e+01 1.162116313879582741e+01 1.949244315390309623e+01 2.202986957134268309e+01 2.456725613603855862e+01 1.697471296674607188e+01 2.020035431666246950e+01 8.841829389953554497e+00 1.565487838690248701e+01 8.254612633178933123e+00 2.875118735108827650e+01 1.703063109097571726e+01 1.641243023097192832e+01 2.518114424184227218e+01 7.154411170967674316e+00 1.455817714324484591e+01 1.859016313861314629e+01 7.385534387234932829e+00 1.872780829627382460e+01 2.500262409915316653e+01 2.169189648628613654e+01 2.191436492928674795e+01 2.154637232980693895e+01 1.425487711272580782e+01 1.926841062091897783e+01 1.848447122187623037e+01 2.091804452654848845e+01 1.534127550476569368e+01 1.233965005937678860e+01 2.589777343150747413e+01 2.091867552249375706e+01 1.535986756043578438e+01 2.560304651339251691e+01 1.607988853099998394e+01 1.242589273478688128e+01 2.052213843853068198e+01 1.681144643562137020e+01 1.201121585585428875e+01 1.825346318098134901e+01 7.063244704355343018e+00 4.558084781829792043e+00 1.131910295201568317e+01 1.890151914948519973e+01 1.947693142768788022e+01 2.342052121058163650e+01 9.437620981013054688e+00 1.693577851691571468e+01 1.767855654515147990e+01 2.009720778542509123e+01 4.647712865286246497e+00 2.015533374497935171e+01 1.769446223671900853e+01 2.100875753064434193e+01 2.700192597640846870e+01 2.616280383818303079e+01 1.444016482621447572e+01 1.022673074051437148e+01 2.415456593323732193e+01 8.642248015093006330e+00 2.267370120557069058e+01 1.540006411486921500e+01 1.724002084227052833e+01 2.080740973096052215e+01 2.581670890380675587e+01 1.239171639585390494e+01 2.081284922509161106e+01 1.894296203416702085e+01 2.443099699664711721e+01 1.224444074144244965e+01 1.587325532480561741e+01 2.163799721903191298e+01 1.889653637788003593e+01 1.072605566034118318e+01 2.213708173863403772e+01 1.557969037840585713e+01 1.531260597235569421e+01 9.744341040353896588e+00 3.731764027700899877e+00 1.915202305956703555e+01 2.788011240312793149e+01 1.339887179657162264e+01 2.365335269500024751e+01 2.174188844584036318e+01 2.669747393864021134e+01 2.258238643083470265e+01 9.504657494415077679e+00 2.384626375695295408e+01 2.245614187172614962e+01 1.431649990360728530e+01 1.034349856235775711e+01
1.218917247110520741e+01 3.144127622771303265e+01 1.275258097059521845e+01 2.839410421653291650e+01 1.516795935744537260e+01 2.677614576610126207e+01 2.050516398937546469e+01 2.406373600006666180e+01 0.000000000000000000e+00 1.794488991347134998e+01 2.738794030204632435e+01 3.142774670992480424e+01 2.351674038766610408e+01 2.012946407913087654e+01 1.910866850177568921e+01 2.935149185833743957e+01 1.179991817939109389e+01 2.318045903518606465e+01 8.620956975224110863e+00 2.437091472447873386e+01 7.831064846792386902e+00 1.941060569400445956e+01 3.461418651877069408e+01 2.236366397997824151e+01 1.729775342582792064e+01 3.314297636811327408e+01 1.574050540499771422e+01 2.628127003230772374e+01 2.931409209477588362e+01 1.548282485914244155e+01 1.814010505553489594e+01 6.300836978871059202e+00 5.929992606843645930e+00 2.142060194204719537e+01 2.881089748061307176e+01 1.794698716258287874e+01 2.508109062322755278e+01 1.263223629908091361e+01 2.390680715858012562e+01 2.296399168952523695e+01 1.510337123165169793e+01 2.714716738104329607e+01 1.646454950056548938e+01 1.036975578110725316e+01 2.895115995634732187e+01 2.287300440409843105e+01 1.772359080873013681e+01 3.113495433799239009e+01 1.151631322152947767e+01 2.640175075698169138e+01 2.145854592997118360e+01 1.274463304805098396e+01 3.162615214344322823e+01 2.595210808099465183e+01 1.064243339629786789e+01 1.876216161826034678e+01 2.953031470609376186e+01 2.018325347276733694e+01 4.372070314605643659e+00 2.135772799338835171e+01 3.089473194784081045e+01 1.344318916117256002e+01 2.617870745974273206e+01 2.016697910384920078e+01 1.050096173869143357e+01 2.038891259353386687e+01 2.745977064191063022e+01 4.103857810753003932e+00 2.075834748189657475e+01 2.683263241933769194e+01 3.355906009278213986e+01 2.331020132139217793e+01 1.939818330720086692e+01 8.251952171926822288e+00 3.097651562072233133e+01 1.910970714499374523e+01 1.571890626675176073e+01 2.205834055575239816e+01 2.514605155280277415e+01 2.886020912938904104e+01 1.517286050098038785e+01 8.683922594754719171e+00 1.557596131501537862e+01 2.531382467697611816e+01 3.445319246611291675e+01 1.650736823376264439e+01 2.945301610101724776e+01 2.366433722088385849e+01 1.241380963917199409e+01 1.922349500446452808e+01 3.306427645026553819e+01 1.665778382075419728e+01 2.749334514312251798e+01 2.405489847349547716e+01 2.197191553194444325e+01 2.763959581961270828e+01 1.357467980851667733e+01 1.686524170188039307e+01 3.328484899298253197e+01 1.578568959007882633e+01
1.239218951654843082e+01 2.097295572433732147e+01 1.179184313811441775e+01 2.325240087780072429e+01 1.242124967989203377e+01 1.227428022818192765e+01 2.281045071315270789e+01 1.188036981037905804e+01 1.794488991347134998e+01 0.000000000000000000e+00 2.812633173146456400e+01 1.671639143959222196e+01 2.263131907476785187e+01 1.039062558638099176e+01 1.526831917248672355e+01 1.717186522818314742e+01 1.720663442513573216e+01 1.464776703367040156e+01 9.549797003168615461e+00 8.224983057179592549e+00 1.996256372337841611e+01 7.961006374366965233e+00 2.308220806712668605e+01 2.198973296556929213e+01 7.100333657494195094e+00 1.774127489878848252e+01 6.921266918300487347e+00 1.463760305472759171e+01 2.267622794575092726e+01 1.396853341636822066e+01 2.055440006429434163e+01 1.652011224797894684e+01 1.408815834736806138e+01 1.755395669158022542e+01 2.670650803791684424e+01 7.721727785249528075e+00 1.857030962397514173e+01 5.893453150569746946e+00 7.017014981257144512e+00 2.599702923466828963e+01 1.148182330805682660e+01 2.175285647881397821e+01 1.789410577077295983e+01 1.203463416978961398e+01 1.259035299274239605e+01 1.309724348655440807e+01 1.753271550537695944e+01 1.885842635373456133e+01 9.548318761885344230e+00 1.174949562263334002e+01 7.390320760825309421e+00 7.296718397306270809e+00 2.579380935065912439e+01 1.704849100340407020e+01 1.464190717689967336e+01 1.192095326326806237e+01 1.847354673053078145e+01 5.948474769845116583e+00 1.432901035300421988e+01 1.114149238185501822e+01 2.649722555545061553e+01 1.574215653707804563e+01 2.311237724272270100e+01 2.165820630423476700e+01 1.593430939756783005e+01 4.217612208788759531e+00 1.745788704129149949e+01 1.853767198012135253e+01 4.150752453379969786e+00 2.594336450067723376e+01 2.058989391768492538e+01 9.978084697669425296e+00 9.000752058022239765e+00 1.668330981463680729e+01 1.557481415139754155e+01 1.153372211217272358e+01 8.887618535570858569e+00 1.854578529465480941e+01 1.826269187002094796e+01 1.337576828766654735e+01 1.125713886692648558e+01 1.102184847534910084e+01 3.652275773377307022e+00 2.615176555759365229e+01 2.264038089082096050e+01 3.593657746319451896e+00 1.596424674481771788e+01 9.310870389296601601e+00 8.635210682894580714e+00 1.885018793706734286e+01 1.961877750103543860e+01 2.050630001955190096e+01 2.914488995752680012e+01 2.491580893380561434e+01 2.363855785713289848e+01 1.194772920078946399e+01 1.480938534068835288e+01 1.128237888816984302e+01 1.836004535319869291e+01 9.762485376328774223e+00
2.168891192339560448e+01 1.172528868947233605e+01 3.285543131334694067e+01 1.224227634779918894e+01 1.989101424665285123e+01 2.189590045750754754e+01 1.177339750044271760e+01 2.336808098788149479e+01 2.738794030204632435e+01 2.812633173146456400e+01 0.000000000000000000e+00 1.425960119270522775e+01 1.043871793219081034e+01 3.028515778495307131e+01 1.364586851029650205e+01 1.670857268714306088e+01 1.562072135153718655e+01 1.940740617135624291e+01 2.428835859754160609e+01 2.243199404801106667e+01 2.754399798761762597e+01 2.124617229698257148e+01 7.581007562136027111e+00 7.078116270093776308e+00 2.558249464092061132e+01 1.559548236456831383e+01 3.264925685778217002e+01 1.621054943771188306e+01 7.714714773941857118e+00 2.815359171494618806e+01 1.094333467443101959e+01 2.187910376453925565e+01 2.905773632191517564e+01 1.600117076879108069e+01 6.631265685064968274e+00 2.475491244124160772e+01 1.305269772587466193e+01 2.915081677207699684e+01 2.438141518410674635e+01 5.425396472644141710e+00 1.732897875338042226e+01 1.183835451088901891e+01 1.263049186447100070e+01 1.947041609254701200e+01 1.816507278478406207e+01 1.771123786303978420e+01 1.484995081522971994e+01 1.135686513202720427e+01 2.956721002016839606e+01 1.906582375351027281e+01 2.476274840370021479e+01 2.420101634141909486e+01 4.773666294963972767e+00 1.793907212716278821e+01 1.851120828658183726e+01 2.148711439791082256e+01 1.206272773684758448e+01 2.851708026840466914e+01 2.445589381271968321e+01 2.159893327850388189e+01 4.269911780276593127e+00 1.614473586014290518e+01 8.264733846338705447e+00 7.724056727935059818e+00 2.558100890508690028e+01 2.421243033527919764e+01 1.567268687956448936e+01 2.491081195565718431e+01 2.615863007048111655e+01 4.103099653304548511e+00 1.026368501246924225e+01 2.294885309861588141e+01 3.261922234378151586e+01 2.345406360579883653e+01 1.539232018142824643e+01 1.742160485017170402e+01 2.136705051688889156e+01 1.091696475101422692e+01 1.558392756622886921e+01 1.968662978918721507e+01 2.497955060405332972e+01 2.885550448365464504e+01 2.792686639466301202e+01 6.856794873884735075e+00 8.339128024937700445e+00 3.012328518662310728e+01 1.465161483578285839e+01 2.117198889248718885e+01 3.146549104353719883e+01 9.276143794397226472e+00 1.115343101834337425e+01 1.079839428807953716e+01 3.693564438303965858e+00 3.456322149226914497e+00 8.716357329148296529e+00 1.885946117726628657e+01 1.544760045778822644e+01 2.782141882322960313e+01 1.266357795990364110e+01 2.305397659864761195e+01
2.573621510149278535e+01 1.105888328811669119e+01 2.755235506156211756e+01 1.117886091944741622e+01 2.045544666011388202e+01 1.427231266151937916e+01 2.225141079702606817e+01 1.162116313879582741e+01 3.142774670992480424e+01 1.671639143959222196e+01 1.425960119270522775e+01 0.000000000000000000e+00 2.102163722639536303e+01 2.627229287264185942e+01 1.758791401274079291e+01 1.069326350449215823e+01 2.558496312870627776e+01 1.349278836441426499e+01 2.295888760474282009e+01 8.859364418132212649e+00 3.330658930832279196e+01 1.876160667232007384e+01 7.383629824998390490e+00 1.425556012049861287e+01 1.451842188082580876e+01 7.002631103303271765e+00 2.352440862286620415e+01 6.861872517607348065e+00 7.145432050164938431e+00 2.829517096412707389e+01 2.326811258338749866e+01 2.917384646139013071e+01 2.783721138160682784e+01 1.948809942258419881e+01 1.567674650277813164e+01 2.212891892370920388e+01 1.163851069337979816e+01 2.068465484258663167e+01 1.360404806277239409e+01 1.892759989080461835e+01 2.326704259947998921e+01 1.595473006664059490e+01 2.113592669313160854e+01 2.333937006310335605e+01 8.408110882770614580e+00 1.708079201111559087e+01 2.346393913049300295e+01 6.149226215558467601e+00 2.443513881598030224e+01 5.099572446058338038e+00 1.152145031318728208e+01 1.868311366187381140e+01 1.187198974475405855e+01 1.418360248370101750e+01 2.655262238043333411e+01 1.632531044511525309e+01 7.069127266189544123e+00 2.215082083368870158e+01 2.746121849528323366e+01 1.118525989198644943e+01 1.010829557331799577e+01 2.479104717984807138e+01 1.047150322135170164e+01 1.834057327225486844e+01 2.930131222610014774e+01 1.799188556968232433e+01 1.088008979075738836e+01 3.147994532875345897e+01 1.283371962487234974e+01 1.108069401990981184e+01 4.018928441068896795e+00 1.649274146920669892e+01 2.560389376258795124e+01 2.963962683415378052e+01 3.920100252942402275e+00 1.964343604025676626e+01 2.197428812830656142e+01 1.489222077083756268e+01 1.559470781016933927e+01 1.254344346880718675e+01 2.485152214730992526e+01 2.507821201287898916e+01 1.643412924264778852e+01 1.945804317503885983e+01 1.007450233066565382e+01 2.019679945088515893e+01 3.543647941158159842e+00 8.208179514534052146e+00 2.439572260634228229e+01 1.744302320400706918e+01 3.908809396392917357e+00 2.205502612975115895e+01 1.623334765349778053e+01 1.535440713661391321e+01 2.267021696116790608e+01 5.643142048766742747e+00 2.309293049918840168e+01 2.628428523136823713e+01 3.305041057372686275e+00 1.744008350548682174e+01
2.172894809313877573e+01 1.054878505485477547e+01 2.666701261915225274e+01 2.064039361816089979e+01 1.069520784696860005e+01 2.717286232691460413e+01 1.192140334116731637e+01 1.949244315390309623e+01 2.351674038766610408e+01 2.263131907476785187e+01 1.043871793219081034e+01 2.102163722639536303e+01 0.000000000000000000e+00 3.155466516679066658e+01 1.742969853962400961e+01 2.580705699863756664e+01 1.295252648441853083e+01 1.088393187783217897e+01 1.851521705336893575e+01 2.316749457677698842e+01 2.495891908843707441e+01 2.326347849459297379e+01 1.461157510175139151e+01 1.354193226376046866e+01 1.685924518222458701e+01 2.590854488596783867e+01 2.667820157053997221e+01 1.572025175720974310e+01 1.803033484807233577e+01 2.843291023531402573e+01 6.495166435315886666e+00 1.836531143747363259e+01 2.403687165088182809e+01 5.908191073180165453e+00 5.869668045947076251e+00 2.637701531001101785e+01 2.038377273668536915e+01 2.163536701781005434e+01 2.680443623657262719e+01 6.405330277604370792e+00 1.867361787365303982e+01 5.518332918986647684e+00 1.279223860680181701e+01 1.390331609144486080e+01 2.705390212150277662e+01 2.243172192664889408e+01 5.951799766545653014e+00 1.536318048566933570e+01 2.294768169948271108e+01 2.034486146660539063e+01 2.018296751392979971e+01 1.581324966150413935e+01 1.066479615314638707e+01 2.405330209786605522e+01 1.721770340867920268e+01 1.195352757554781675e+01 2.210131848500401830e+01 2.803208073141763279e+01 2.004001988077293817e+01 1.495422268099529539e+01 1.440214977685960918e+01 1.009979228531373963e+01 1.759926674636969679e+01 9.752566918223234183e+00 2.490610765905058699e+01 2.604718526433004655e+01 1.161190010431031361e+01 2.188104417853519479e+01 2.251984646156155989e+01 1.412468711109286268e+01 1.886104160463553825e+01 2.692201904305193594e+01 2.987834222073271206e+01 2.157452257752599678e+01 2.463022329325761461e+01 2.035533161883529019e+01 2.256057544246973379e+01 1.677819871753517234e+01 7.248002412460651911e+00 2.749685837524927479e+01 2.551813868814208419e+01 2.338188035671695175e+01 1.897904330139054707e+01 3.649373436640935608e+00 1.136677806453998940e+01 2.413459441042584785e+01 1.851694199561342558e+01 1.859642077282805772e+01 2.527707234934251801e+01 1.331465716634987828e+01 1.735048045855410592e+01 9.515877543337229127e+00 7.139504709163952967e+00 1.023167108795636437e+01 3.424614208291089756e+00 2.355228333771069771e+01 1.565860228608121574e+01 2.866050589428551731e+01 2.223137313936220494e+01 1.316104998430589390e+01
1.050837524225382325e+01 3.104068757058810490e+01 1.338819862258309001e+01 2.749808567001512216e+01 2.196393677591701987e+01 1.777866831979801177e+01 2.469715586313535027e+01 2.202986957134268309e+01 2.012946407913087654e+01 1.039062558638099176e+01 3.028515778495307131e+01 2.627229287264185942e+01 3.155466516679066658e+01 0.000000000000000000e+00 1.765279138721012941e+01 2.324458041909502981e+01 1.902542628956009452e+01 2.497799159421026616e+01 1.746082828443749335e+01 1.748632363870971318e+01 1.383010074771643261e+01 1.154481722099672503e+01 3.287115688203545716e+01 2.427599564346966332e+01 1.745660006413090670e+01 2.568850696293368685e+01 7.143888283094578462e+00 2.466487678182044263e+01 2.972865978984038904e+01 6.731907041748018017e+00 2.505949873147478257e+01 1.695505578181385076e+01 1.804346756104314053e+01 2.753068690063370383e+01 3.458468567517018499e+01 5.657967425302065756e+00 2.209942191494354091e+01 1.200175674506374079e+01 1.323768846373573993e+01 2.788814601532234150e+01 1.317166054927733398e+01 3.196256544115159315e+01 1.976935330842665195e+01 2.136273993091248968e+01 1.960077567028870149e+01 1.668105433318416786e+01 2.696893254304742982e+01 2.870171877875371180e+01 1.378114535520524520e+01 2.149566434243929081e+01 1.757293314551728614e+01 1.673293543497673852e+01 3.482297275788410218e+01 2.088067055047379839e+01 1.508024376126204658e+01 2.207321938081217993e+01 2.552597857462025388e+01 4.442150816535873403e+00 2.035995276007169608e+01 2.151705684893184056e+01 3.300637211789152303e+01 2.302713424343536630e+01 2.628681524559060989e+01 2.354932308488882597e+01 9.830587617805150558e+00 8.445882863706819066e+00 2.782077871861354268e+01 1.613445431261428098e+01 1.355940129625632018e+01 2.871241462716640314e+01 3.005622470256333756e+01 1.461488360621334692e+01 4.303422543501756792e+00 1.309683488600037116e+01 2.410508123947711212e+01 1.432696201236514000e+01 9.193455374598453744e+00 2.139426125024123237e+01 2.859291643056081611e+01 1.944848347857842796e+01 6.369626648451653494e+00 1.459092941437456759e+01 1.349518824656296090e+01 3.164641293834214508e+01 3.260016472214667971e+01 8.270149388251223144e+00 2.575319555972648899e+01 1.937860223554739036e+01 1.070523396123822302e+01 2.100901399055584662e+01 2.940772631594420616e+01 2.224077372559321475e+01 3.175894853204910362e+01 2.702701796872906215e+01 2.891229159025893480e+01 2.069721697466570731e+01 1.609966334102231045e+01 3.599011483364457753e+00 2.715356580515452833e+01 1.940963230122343930e+01
1.048298224379561461e+01 2.451447421725635323e+01 2.612439004326942182e+01 1.062852952843549659e+01 1.664215117954397627e+01 9.800962833915074057e+00 1.009207373713528000e+01 2.456725613603855862e+01 1.910866850177568921e+01 1.526831917248672355e+01 1.364586851029650205e+01 1.758791401274079291e+01 1.742969853962400961e+01 1.765279138721012941e+01 0.000000000000000000e+00 1.028392858225278417e+01 8.498684286671945642e+00 2.522544132845080256e+01 1.840351270290351593e+01 1.736023254167239571e+01 1.712910322831524113e+01 7.778827458261727834e+00 1.934421665804723744e+01 7.026152665971234335e+00 2.154696365071331599e+01 1.502660494672856473e+01 1.992365690868887995e+01 2.415224571826662014e+01 1.269331234018872401e+01 1.629876437417494373e+01 1.213291020785159091e+01 1.315407783115217200e+01 2.190503844730377381e+01 2.051414729145444227e+01 1.896167370971604882e+01 1.218610810870117511e+01 6.013527347142901824e+00 2.075102388036045653e+01 1.338389251250134748e+01 1.226513404986822309e+01 5.679128586739192741e+00 2.228208542580134832e+01 5.935413745649311679e+00 1.365251974798424861e+01 1.357318355830950374e+01 5.002023387024879142e+00 1.572879757335972606e+01 2.278668536318200566e+01 2.368236412553030590e+01 1.989562204046552552e+01 2.018375306973037198e+01 1.841330532696854405e+01 1.831667694320487527e+01 6.843439579218963509e+00 9.062066152848181844e+00 2.098681858825880298e+01 1.055398072234461537e+01 1.579148031931137552e+01 1.672320643970126142e+01 2.456915784645280709e+01 1.548679263167653453e+01 1.198396846289424644e+01 8.862152408339783349e+00 7.876144803643769343e+00 1.454061323258644123e+01 1.138579209180028862e+01 2.824385304664978946e+01 1.571860887013558816e+01 1.592500812094555052e+01 1.120261517746900104e+01 1.642114762956404661e+01 9.951613285549436583e+00 1.993312981200860889e+01 1.303916884649644992e+01 1.547875283472800589e+01 3.855427863424498280e+00 8.889508161845466105e+00 3.857095067068027294e+00 2.467770095208465975e+01 1.053870594089417878e+01 1.291982284677144577e+01 2.272316718223207133e+01 1.858578608978121594e+01 1.604958026289587636e+01 2.171156334941996136e+01 1.739434971882531755e+01 2.093455088074813730e+01 2.183212221766660832e+01 2.296775758804958656e+01 4.369724715899275580e+00 1.947611091085047974e+01 8.868390230779331418e+00 1.589490968809049143e+01 1.052072215404985833e+01 1.425002922540464034e+01 1.691468942055568192e+01 5.602374271603245859e+00 1.558147876977099422e+01 1.437854509796329516e+01 1.891973480533809493e+01
2.014940451946547029e+01 2.105786447434022790e+01 2.876575850722103667e+01 8.860991386205196108e+00 2.437421966714024890e+01 8.533668363289679704e+00 1.897463101548681053e+01 1.697471296674607188e+01 2.935149185833743957e+01 1.717186522818314742e+01 1.670857268714306088e+01 1.069326350449215823e+01 2.580705699863756664e+01 2.324458041909502981e+01 1.028392858225278417e+01 0.000000000000000000e+00 1.874150764323369245e+01 2.071429994449785283e+01 2.531854004434285699e+01 9.765393272459162333e+00 2.740690331774789001e+01 1.345086503337921258e+01 1.462626868991094931e+01 1.228037673595930102e+01 1.740320777996513968e+01 6.956280011411562825e+00 2.327765845405381739e+01 1.515899703297290380e+01 9.081698545875106277e+00 2.431632038379834881e+01 2.147414087424769136e+01 2.343187792058481023e+01 3.004438016729601912e+01 2.634432586813617760e+01 2.261567151347186666e+01 1.858221567418459230e+01 5.814998344603579561e+00 2.247189890867477757e+01 1.027274977636367481e+01 1.940172672103320295e+01 1.546999053138118363e+01 2.573997674809150382e+01 1.534417385175504478e+01 2.389534310454599364e+01 4.991382433555681786e+00 8.394794295759501424e+00 2.559199913816707905e+01 1.650319192705160987e+01 2.661506775939440317e+01 1.055016191048096630e+01 1.448595976256920537e+01 2.137229167999639046e+01 1.780154325697233020e+01 4.536002598493078075e+00 1.933986624228083073e+01 2.218354143656100419e+01 4.716432785735062971e+00 2.027976161286609269e+01 2.696602979626301533e+01 1.730120032220319359e+01 1.368401905168135890e+01 2.198081841801524305e+01 9.577995785943590690e+00 1.638369149713026829e+01 2.426410519819778244e+01 1.479869755538821607e+01 1.926734868587233152e+01 2.599640895956823528e+01 1.325226423143976362e+01 1.283146508551771880e+01 1.052578313369564889e+01 1.112700390686189600e+01 2.395936252824595414e+01 2.331696893592908992e+01 7.664781036219233457e+00 1.148514195188578668e+01 1.676698678056102310e+01 9.376003193370245015e+00 2.359879163011996539e+01 4.646600522215603490e+00 2.093737885639485086e+01 2.725814095629310074e+01 1.855687228719556359e+01 2.310649302301665031e+01 1.865272877353245562e+01 2.029085989438892668e+01 1.295292740783410501e+01 1.332225617911428373e+01 2.560912605200119785e+01 1.293575858036395765e+01 1.354718773041825131e+01 1.827715033688506452e+01 2.032768374349680229e+01 1.626888530151231649e+01 2.266707955252013562e+01 7.658098767009203556e+00 1.588017436103588764e+01 2.274821954172367100e+01 8.269134885362710463e+00 2.110140297788383279e+01
