0.000000000000000000e+00 3.126828639301596624e+01 2.100937325078617590e+01 2.075559046186600654e+01 1.646688270133241616e+01 1.550086720475308510e+01 1.559019286324721598e+01 2.259770671357566840e+01 1.218917247110520741e+01 1.239218951654843082e+01 2.168891192339560448e+01 2.573621510149278535e+01 2.172894809313877573e+01 1.050837524225382325e+01 1.048298224379561461e+01 2.014940451946547029e+01 8.975837477875064252e+00 2.497338476207105273e+01 1.404084976919175887e+01 1.721412468874416390e+01 7.874621535680768503e+00 8.421518366750996520e+00 2.849152320902212665e+01 1.587531842787542935e+01 1.916980360297210595e+01
3.126828639301596624e+01 0.000000000000000000e+00 3.038492219805029393e+01 2.058522281296063383e+01 1.640020457369166706e+01 2.364299860547273369e+01 2.042138017223508584e+01 1.344502017950848405e+01 3.144127622771303265e+01 2.097295572433732147e+01 1.172528868947233605e+01 1.105888328811669119e+01 1.054878505485477547e+01 3.104068757058810490e+01 2.451447421725635323e+01 2.105786447434022790e+01 2.276675075367269940e+01 8.392606747710035009e+00 2.384124735737023926e+01 1.615593920452399601e+01 3.386980993366795190e+01 2.595758250764449571e+01 7.465348556968603333e+00 1.863163544139047545e+01 1.502249174776457252e+01
2.100937325078617590e+01 3.038492219805029393e+01 0.000000000000000000e+00 3.480878581109846692e+01 1.631591674188180718e+01 2.365934931603863589e+01 2.646910578676853021e+01 2.213313392410179858e+01 1.275258097059521845e+01 1.179184313811441775e+01 3.285543131334694067e+01 2.755235506156211756e+01 2.666701261915225274e+01 1.338819862258309001e+01 2.612439004326942182e+01 2.876575850722103667e+01 1.849006592607072008e+01 2.219138537028743485e+01 8.567072715805332805e+00 1.974613923286207395e+01 1.919458579904306106e+01 1.908225598033424575e+01 3.379391799494039361e+01 2.998703772339884210e+01 1.541454994704192849e+01
2.075559046186600654e+01 2.058522281296063383e+01 3.480878581109846692e+01 0.000000000000000000e+00 2.471658467263386427e+01 1.528118789620482332e+01 1.495734828892395107e+01 2.109760513163658402e+01 2.839410421653291650e+01 2.325240087780072429e+01 1.224227634779918894e+01 1.117886091944741622e+01 2.064039361816089979e+01 2.749808567001512216e+01 1.062852952843549659e+01 8.860991386205196108e+00 1.755642090348418094e+01 2.414258073325935783e+01 2.746124931971575478e+01 1.544284237267748594e+01 2.715698624379678705e+01 1.636520194020267027e+01 1.318027440080875223e+01 7.098461354400429357e+00 2.294135674088813914e+01
1.646688270133241616e+01 1.640020457369166706e+01 1.631591674188180718e+01 2.471658467263386427e+01 0.000000000000000000e+00 2.206647595847404020e+01 1.475903372969725069e+01 1.335886171698482094e+01 1.516795935744537260e+01 1.242124967989203377e+01 1.989101424665285123e+01 2.045544666011388202e+01 1.069520784696860005e+01 2.196393677591701987e+01 1.664215117954397627e+01 2.437421966714024890e+01 8.523319374341125965e+00 8.732072825021726104e+00 8.289499472377816147e+00 1.460936845067475431e+01 1.776420220629912805e+01 1.993368089841722224e+01 2.329806563895788685e+01 1.808625236586808072e+01 6.990000753918902632e+00
1.550086720475308510e+01 2.364299860547273369e+01 2.365934931603863589e+01 1.528118789620482332e+01 2.206647595847404020e+01 0.000000000000000000e+00 1.983917222362224209e+01 1.637885282951242516e+01 2.677614576610126207e+01 1.227428022818192765e+01 2.189590045750754754e+01 1.427231266151937916e+01 2.717286232691460413e+01 1.777866831979801177e+01 9.800962833915074057e+00 8.533668363289679704e+00 1.761852850926012692e+01 2.065818578117557891e+01 2.182407723135053601e+01 8.127322925393437814e+00 2.312213962983426896e+01 7.772739526031872792e+00 2.063185103763277439e+01 1.519109129269968328e+01 1.536881969626401023e+01
1.559019286324721598e+01 2.042138017223508584e+01 2.646910578676853021e+01 1.495734828892395107e+01 1.475903372969725069e+01 1.983917222362224209e+01 0.000000000000000000e+00 2.798830865389033562e+01 2.050516398937546469e+01 2.281045071315270789e+01 1.177339750044271760e+01 2.225141079702606817e+01 1.192140334116731637e+01 2.469715586313535027e+01 1.009207373713528000e+01 1.897463101548681053e+01 8.737945038866319791e+00 2.111756979988071592e+01 1.790203307096318852e+01 2.662918215819980006e+01 2.099976495644218133e+01 1.609411944538339156e+01 1.879825502778922797e+01 8.048296917450496579e+00 2.126573250121018788e+01
2.259770671357566840e+01 1.344502017950848405e+01 2.213313392410179858e+01 2.109760513163658402e+01 1.335886171698482094e+01 1.637885282951242516e+01 2.798830865389033562e+01 0.000000000000000000e+00 2.406373600006666180e+01 1.188036981037905804e+01 2.336808098788149479e+01 1.162116313879582741e+01 1.949244315390309623e+01 2.202986957134268309e+01 2.456725613603855862e+01 1.697471296674607188e+01 2.020035431666246950e+01 8.841829389953554497e+00 1.565487838690248701e+01 8.254612633178933123e+00 2.875118735108827650e+01 1.703063109097571726e+01 1.641243023097192832e+01 2.518114424184227218e+01 7.154411170967674316e+00
1.218917247110520741e+01 3.144127622771303265e+01 1.275258097059521845e+01 2.839410421653291650e+01 1.516795935744537260e+01 2.677614576610126207e+01 2.050516398937546469e+01 2.406373600006666180e+01 0.000000000000000000e+00 1.794488991347134998e+01 2.738794030204632435e+01 3.142774670992480424e+01 2.351674038766610408e+01 2.012946407913087654e+01 1.910866850177568921e+01 2.935149185833743957e+01 1.179991817939109389e+01 2.318045903518606465e+01 8.620956975224110863e+00 2.437091472447873386e+01 7.831064846792386902e+00 1.941060569400445956e+01 3.461418651877069408e+01 2.236366397997824151e+01 1.729775342582792064e+01
1.239218951654843082e+01 2.097295572433732147e+01 1.179184313811441775e+01 2.325240087780072429e+01 1.242124967989203377e+01 1.227428022818192765e+01 2.281045071315270789e+01 1.188036981037905804e+01 1.794488991347134998e+01 0.000000000000000000e+00 2.812633173146456400e+01 1.671639143959222196e+01 2.263131907476785187e+01 1.039062558638099176e+01 1.526831917248672355e+01 1.717186522818314742e+01 1.720663442513573216e+01 1.464776703367040156e+01 9.549797003168615461e+00 8.224983057179592549e+00 1.996256372337841611e+01 7.961006374366965233e+00 2.308220806712668605e+01 2.198973296556929213e+01 7.100333657494195094e+00
2.168891192339560448e+01 1.172528868947233605e+01 3.285543131334694067e+01 1.224227634779918894e+01 1.989101424665285123e+01 2.189590045750754754e+01 1.177339750044271760e+01 2.336808098788149479e+01 2.738794030204632435e+01 2.812633173146456400e+01 0.000000000000000000e+00 1.425960119270522775e+01 1.043871793219081034e+01 3.028515778495307131e+01 1.364586851029650205e+01 1.670857268714306088e+01 1.562072135153718655e+01 1.940740617135624291e+01 2.428835859754160609e+01 2.243199404801106667e+01 2.754399798761762597e+01 2.124617229698257148e+01 7.581007562136027111e+00 7.078116270093776308e+00 2.558249464092061132e+01
2.573621510149278535e+01 1.105888328811669119e+01 2.755235506156211756e+01 1.117886091944741622e+01 2.045544666011388202e+01 1.427231266151937916e+01 2.225141079702606817e+01 1.162116313879582741e+01 3.142774670992480424e+01 1.671639143959222196e+01 1.425960119270522775e+01 0.000000000000000000e+00 2.102163722639536303e+01 2.627229287264185942e+01 1.758791401274079291e+01 1.069326350449215823e+01 2.558496312870627776e+01 1.349278836441426499e+01 2.295888760474282009e+01 8.859364418132212649e+00 3.330658930832279196e+01 1.876160667232007384e+01 7.383629824998390490e+00 1.425556012049861287e+01 1.451842188082580876e+01
2.172894809313877573e+01 1.054878505485477547e+01 2.666701261915225274e+01 2.064039361816089979e+01 1.069520784696860005e+01 2.717286232691460413e+01 1.192140334116731637e+01 1.949244315390309623e+01 2.351674038766610408e+01 2.263131907476785187e+01 1.043871793219081034e+01 2.102163722639536303e+01 0.000000000000000000e+00 3.155466516679066658e+01 1.742969853962400961e+01 2.580705699863756664e+01 1.295252648441853083e+01 1.088393187783217897e+01 1.851521705336893575e+01 2.316749457677698842e+01 2.495891908843707441e+01 2.326347849459297379e+01 1.461157510175139151e+01 1.354193226376046866e+01 1.685924518222458701e+01
1.050837524225382325e+01 3.104068757058810490e+01 1.338819862258309001e+01 2.749808567001512216e+01 2.196393677591701987e+01 1.777866831979801177e+01 2.469715586313535027e+01 2.202986957134268309e+01 2.012946407913087654e+01 1.039062558638099176e+01 3.028515778495307131e+01 2.627229287264185942e+01 3.155466516679066658e+01 0.000000000000000000e+00 1.765279138721012941e+01 2.324458041909502981e+01 1.902542628956009452e+01 2.497799159421026616e+01 1.746082828443749335e+01 1.748632363870971318e+01 1.383010074771643261e+01 1.154481722099672503e+01 3.287115688203545716e+01 2.427599564346966332e+01 1.745660006413090670e+01
1.048298224379561461e+01 2.451447421725635323e+01 2.612439004326942182e+01 1.062852952843549659e+01 1.664215117954397627e+01 9.800962833915074057e+00 1.009207373713528000e+01 2.456725613603855862e+01 1.910866850177568921e+01 1.526831917248672355e+01 1.364586851029650205e+01 1.758791401274079291e+01 1.742969853962400961e+01 1.765279138721012941e+01 0.000000000000000000e+00 1.028392858225278417e+01 8.498684286671945642e+00 2.522544132845080256e+01 1.840351270290351593e+01 1.736023254167239571e+01 1.712910322831524113e+01 7.778827458261727834e+00 1.934421665804723744e+01 7.026152665971234335e+00 2.154696365071331599e+01
2.014940451946547029e+01 2.105786447434022790e+01 2.876575850722103667e+01 8.860991386205196108e+00 2.437421966714024890e+01 8.533668363289679704e+00 1.897463101548681053e+01 1.697471296674607188e+01 2.935149185833743957e+01 1.717186522818314742e+01 1.670857268714306088e+01 1.069326350449215823e+01 2.580705699863756664e+01 2.324458041909502981e+01 1.028392858225278417e+01 0.000000000000000000e+00 1.874150764323369245e+01 2.071429994449785283e+01 2.531854004434285699e+01 9.765393272459162333e+00 2.740690331774789001e+01 1.345086503337921258e+01 1.462626868991094931e+01 1.228037673595930102e+01 1.740320777996513968e+01
8.975837477875064252e+00 2.276675075367269940e+01 1.849006592607072008e+01 1.755642090348418094e+01 8.523319374341125965e+00 1.761852850926012692e+01 8.737945038866319791e+00 2.020035431666246950e+01 1.179991817939109389e+01 1.720663442513573216e+01 1.562072135153718655e+01 2.558496312870627776e+01 1.295252648441853083e+01 1.902542628956009452e+01 8.498684286671945642e+00 1.874150764323369245e+01 0.000000000000000000e+00 1.702982143507976431e+01 9.922993210265385500e+00 2.085091180824188584e+01 1.226181991757585799e+01 1.198790850779113626e+01 2.284696756826156161e+01 1.151513659136192480e+01 1.343437174242371590e+01
2.497338476207105273e+01 8.392606747710035009e+00 2.219138537028743485e+01 2.414258073325935783e+01 8.732072825021726104e+00 2.065818578117557891e+01 2.111756979988071592e+01 8.841829389953554497e+00 2.318045903518606465e+01 1.464776703367040156e+01 1.940740617135624291e+01 1.349278836441426499e+01 1.088393187783217897e+01 2.497799159421026616e+01 2.522544132845080256e+01 2.071429994449785283e+01 1.702982143507976431e+01 0.000000000000000000e+00 1.564771052960738196e+01 1.255462313268860441e+01 2.615015410958491060e+01 2.088149812209443112e+01 1.469071936657861599e+01 2.364120500141793713e+01 7.547433376176206465e+00
1.404084976919175887e+01 2.384124735737023926e+01 8.567072715805332805e+00 2.746124931971575478e+01 8.289499472377816147e+00 2.182407723135053601e+01 1.790203307096318852e+01 1.565487838690248701e+01 8.620956975224110863e+00 9.549797003168615461e+00 2.428835859754160609e+01 2.295888760474282009e+01 1.851521705336893575e+01 1.746082828443749335e+01 1.840351270290351593e+01 2.531854004434285699e+01 9.922993210265385500e+00 1.564771052960738196e+01 0.000000000000000000e+00 1.587926170047485819e+01 1.369420749403882809e+01 1.741262781258374304e+01 2.766365499320356847e+01 2.141996500759351107e+01 8.904894299972403005e+00
1.721412468874416390e+01 1.615593920452399601e+01 1.974613923286207395e+01 1.544284237267748594e+01 1.460936845067475431e+01 8.127322925393437814e+00 2.662918215819980006e+01 8.254612633178933123e+00 2.437091472447873386e+01 8.224983057179592549e+00 2.243199404801106667e+01 8.859364418132212649e+00 2.316749457677698842e+01 1.748632363870971318e+01 1.736023254167239571e+01 9.765393272459162333e+00 2.085091180824188584e+01 1.255462313268860441e+01 1.587926170047485819e+01 0.000000000000000000e+00 2.478449889557415986e+01 1.106115847555474474e+01 1.598837182917070976e+01 1.964337428575942823e+01 7.688307774153659402e+00
7.874621535680768503e+00 3.386980993366795190e+01 1.919458579904306106e+01 2.715698624379678705e+01 1.776420220629912805e+01 2.312213962983426896e+01 2.099976495644218133e+01 2.875118735108827650e+01 7.831064846792386902e+00 1.996256372337841611e+01 2.754399798761762597e+01 3.330658930832279196e+01 2.495891908843707441e+01 1.383010074771643261e+01 1.712910322831524113e+01 2.740690331774789001e+01 1.226181991757585799e+01 2.615015410958491060e+01 1.369420749403882809e+01 2.478449889557415986e+01 0.000000000000000000e+00 1.594996688908605975e+01 3.439652277759461896e+01 2.186197033243801258e+01 2.198520477684953534e+01
8.421518366750996520e+00 2.595758250764449571e+01 1.908225598033424575e+01 1.636520194020267027e+01 1.993368089841722224e+01 7.772739526031872792e+00 1.609411944538339156e+01 1.703063109097571726e+01 1.941060569400445956e+01 7.961006374366965233e+00 2.124617229698257148e+01 1.876160667232007384e+01 2.326347849459297379e+01 1.154481722099672503e+01 7.778827458261727834e+00 1.345086503337921258e+01 1.198790850779113626e+01 2.088149812209443112e+01 1.741262781258374304e+01 1.106115847555474474e+01 1.594996688908605975e+01 0.000000000000000000e+00 2.474686650721761794e+01 1.465926229038845641e+01 1.406708783069069568e+01
2.849152320902212665e+01 7.465348556968603333e+00 3.379391799494039361e+01 1.318027440080875223e+01 2.329806563895788685e+01 2.063185103763277439e+01 1.879825502778922797e+01 1.641243023097192832e+01 3.461418651877069408e+01 2.308220806712668605e+01 7.581007562136027111e+00 7.383629824998390490e+00 1.461157510175139151e+01 3.287115688203545716e+01 1.934421665804723744e+01 1.462626868991094931e+01 2.284696756826156161e+01 1.469071936657861599e+01 2.766365499320356847e+01 1.598837182917070976e+01 3.439652277759461896e+01 2.474686650721761794e+01 0.000000000000000000e+00 1.294297558025572492e+01 1.891694179765919870e+01
1.587531842787542935e+01 1.863163544139047545e+01 2.998703772339884210e+01 7.098461354400429357e+00 1.808625236586808072e+01 1.519109129269968328e+01 8.048296917450496579e+00 2.518114424184227218e+01 2.236366397997824151e+01 2.198973296556929213e+01 7.078116270093776308e+00 1.425556012049861287e+01 1.354193226376046866e+01 2.427599564346966332e+01 7.026152665971234335e+00 1.228037673595930102e+01 1.151513659136192480e+01 2.364120500141793713e+01 2.141996500759351107e+01 1.964337428575942823e+01 2.186197033243801258e+01 1.465926229038845641e+01 1.294297558025572492e+01 0.000000000000000000e+00 2.459890250162309400e+01
1.916980360297210595e+01 1.502249174776457252e+01 1.541454994704192849e+01 2.294135674088813914e+01 6.990000753918902632e+00 1.536881969626401023e+01 2.126573250121018788e+01 7.154411170967674316e+00 1.729775342582792064e+01 7.100333657494195094e+00 2.558249464092061132e+01 1.451842188082580876e+01 1.685924518222458701e+01 1.745660006413090670e+01 2.154696365071331599e+01 1.740320777996513968e+01 1.343437174242371590e+01 7.547433376176206465e+00 8.904894299972403005e+00 7.688307774153659402e+00 2.198520477684953534e+01 1.406708783069069568e+01 1.891694179765919870e+01 2.459890250162309400e+01 0.000000000000000000e+00
