0.000000000000000000e+00 1.468690694465855762e+00 1.424622861874120128e+00 9.103680828590665630e-01 1.224368617293814854e+00 8.857218046498795960e-01 6.499053747238451306e-01 6.871758966632948162e-01 1.021036561830342748e+00 1.080779608717482798e+00 5.187996722356439383e-01 5.641974251809104279e-01 9.200427005174304229e-01 3.298513448731081876e-01 6.631127812986807868e-01 6.256119540934080847e-01 2.759504704125792518e-01 9.323558771856241822e-01 2.934084043167536349e-01 9.536729982716170007e-01 4.453617692323545429e-01 1.228395392028324373e+00 4.792908758097828570e-01 1.265008300353470672e+00 4.915490579054652698e-01
1.468690694465855762e+00 0.000000000000000000e+00 1.254206757031768316e+00 1.449435137025453235e+00 9.280407962583916426e-01 1.528512953259436369e+00 1.042443872058277821e+00 7.886783872226268421e-01 8.689909076153733425e-01 4.043463989972583827e-01 1.164219105433444312e+00 1.133532733455403951e+00 7.470019670245069410e-01 1.169928348114193106e+00 9.079251381345818661e-01 8.628559499847934244e-01 1.484279065740260917e+00 6.300768615332098532e-01 1.186976447691193037e+00 8.225745989940771441e-01 1.108326770044635534e+00 1.058535401684070232e+00 1.004110648918275617e+00 2.056459844511753787e-01 9.843052259804564441e-01
1.424622861874120128e+00 1.254206757031768316e+00 0.000000000000000000e+00 1.480061467046432711e+00 8.920349301357516358e-01 1.472512566012110558e+00 9.776500319090971614e-01 8.040662427477057728e-01 4.155828664392182126e-01 8.842340603587134362e-01 1.113184604759468899e+00 1.164159063476383871e+00 8.443101420825214198e-01 1.193283636001236658e+00 7.706804434700410544e-01 9.823176193401007561e-01 1.475238458301964650e+00 6.408476948950948549e-01 1.170127837047211905e+00 6.356658572193661927e-01 9.940809623811576179e-01 2.145606533967635288e-01 1.078706342852753020e+00 1.050524362919383004e+00 9.691229513967720699e-01
9.103680828590665630e-01 1.449435137025453235e+00 1.480061467046432711e+00 0.000000000000000000e+00 1.266317806849428296e+00 1.097653198237796390e+00 9.540793560232160297e-01 6.772692715053540979e-01 1.094845617630037848e+00 1.067974014880813671e+00 7.262179704334905672e-01 3.625825785490116582e-01 1.001454775875746828e+00 7.040659226390563186e-01 8.793531122683543311e-01 7.473713900106982999e-01 9.392067393102591089e-01 9.170290105540241932e-01 6.518869889809949525e-01 1.084458487635462820e+00 8.054656747663446748e-01 1.284390111698735737e+00 5.506221866087636085e-01 1.245752742913068145e+00 5.643561086429083051e-01
1.224368617293814854e+00 9.280407962583916426e-01 8.920349301357516358e-01 1.266317806849428296e+00 0.000000000000000000e+00 1.301106709150583463e+00 6.454180278749742650e-01 5.979797242815385605e-01 4.945605649519650981e-01 5.328261724240807018e-01 9.408278041140750725e-01 9.504154032793785678e-01 3.500526801621779427e-01 9.385742806693805340e-01 5.633172500083083456e-01 6.422419226714372043e-01 1.247538678558426151e+00 3.508615930305861719e-01 9.772475995557897699e-01 3.090638775756684997e-01 7.790068480614609214e-01 6.897297958302838206e-01 8.297533612252171453e-01 7.238467550053936383e-01 7.889824404133719549e-01
8.857218046498795960e-01 1.528512953259436369e+00 1.472512566012110558e+00 1.097653198237796390e+00 1.301106709150583463e+00 0.000000000000000000e+00 9.004422444553228377e-01 7.451519466513639722e-01 1.078150407595441562e+00 1.150571436446510942e+00 3.813716443784985755e-01 7.557436480845330928e-01 1.141454611381681916e+00 7.394528412063698930e-01 7.684376000262982398e-01 9.261715205922739225e-01 9.593426540656269097e-01 9.661617975718790330e-01 5.969545284326055468e-01 1.035751347697210445e+00 6.307042541063755392e-01 1.276841210664414250e+00 7.393706007995781704e-01 1.324830559147050835e+00 5.764280281416241936e-01
6.499053747238451306e-01 1.042443872058277821e+00 9.776500319090971614e-01 9.540793560232160297e-01 6.454180278749742650e-01 9.004422444553228377e-01 0.000000000000000000e+00 5.798925813935815743e-01 5.620671654698790043e-01 6.395285312229440633e-01 5.393613517543411895e-01 6.083760065143806184e-01 3.437300680787814255e-01 3.364197779040045688e-01 2.952114132532016044e-01 2.821330852439820069e-01 6.456012144805421960e-01 5.153040559828396816e-01 4.562445058228459249e-01 4.412567714320026480e-01 2.697379903489476316e-01 7.786330734342075122e-01 4.071064818878846192e-01 8.409439645918244111e-01 5.541237553168437691e-01
6.871758966632948162e-01 7.886783872226268421e-01 8.040662427477057728e-01 6.772692715053540979e-01 5.979797242815385605e-01 7.451519466513639722e-01 5.798925813935815743e-01 0.000000000000000000e+00 4.188503933313102445e-01 4.107368704097010825e-01 3.808580988253725819e-01 3.613668679353045921e-01 3.984026596111533425e-01 4.862721603444504215e-01 2.934999488957817371e-01 2.977594961495995673e-01 7.280270500581025317e-01 2.472117338149830146e-01 3.982980604685657511e-01 4.101885034638201311e-01 3.718127848030153282e-01 6.083948874000080220e-01 2.754641802536180184e-01 5.849959931102411970e-01 1.956268387578295465e-01
1.021036561830342748e+00 8.689909076153733425e-01 4.155828664392182126e-01 1.094845617630037848e+00 4.945605649519650981e-01 1.078150407595441562e+00 5.620671654698790043e-01 4.188503933313102445e-01 0.000000000000000000e+00 4.903178522353303648e-01 7.216609533841582547e-01 7.789432140599882315e-01 4.468357768987345491e-01 7.805269730628584535e-01 3.579237805316619059e-01 5.971017699237054499e-01 1.062481795363586334e+00 2.482465087881825239e-01 7.718541300791432747e-01 2.253281037329850911e-01 5.854374478319174235e-01 2.168930860595031651e-01 6.934904934363577134e-01 6.653085135029878083e-01 5.786686484882919146e-01
1.080779608717482798e+00 4.043463989972583827e-01 8.842340603587134362e-01 1.067974014880813671e+00 5.328261724240807018e-01 1.150571436446510942e+00 6.395285312229440633e-01 4.107368704097010825e-01 4.903178522353303648e-01 0.000000000000000000e+00 7.862775886205189968e-01 7.520716113107639433e-01 3.426555680272485027e-01 7.783267713300068280e-01 5.386123504386090000e-01 4.651043266765941264e-01 1.095386198148103896e+00 2.483744854120414902e-01 8.090349308782669446e-01 4.300384297275975376e-01 7.390139823486623349e-01 6.819289260532458430e-01 6.161995631699022091e-01 2.042480024965629137e-01 6.063637091675306845e-01
5.187996722356439383e-01 1.164219105433444312e+00 1.113184604759468899e+00 7.262179704334905672e-01 9.408278041140750725e-01 3.813716443784985755e-01 5.393613517543411895e-01 3.808580988253725819e-01 7.216609533841582547e-01 7.862775886205189968e-01 0.000000000000000000e+00 3.843084202802268812e-01 7.743939743025313183e-01 3.725307087921344018e-01 4.148103194009120642e-01 5.553976425856197441e-01 5.914475312552862629e-01 6.043944643080203516e-01 2.297121053823570624e-01 6.857712281265030407e-01 2.696233614053935579e-01 9.175132494117713700e-01 3.685607051312597693e-01 9.605367113210591112e-01 2.031237380213531396e-01
5.641974251809104279e-01 1.133532733455403951e+00 1.164159063476383871e+00 3.625825785490116582e-01 9.504154032793785678e-01 7.557436480845330928e-01 6.083760065143806184e-01 3.613668679353045921e-01 7.789432140599882315e-01 7.520716113107639433e-01 3.843084202802268812e-01 0.000000000000000000e+00 6.816214166005000186e-01 3.557562518172814325e-01 5.496896399251189891e-01 4.117023655722406583e-01 5.921764177961527098e-01 6.011266069839744652e-01 3.075604495938368821e-01 7.685092810264138041e-01 4.611391353791864378e-01 9.684877081286860090e-01 2.086087462373100720e-01 9.298503393430184172e-01 2.244602588103962182e-01
9.200427005174304229e-01 7.470019670245069410e-01 8.443101420825214198e-01 1.001454775875746828e+00 3.500526801621779427e-01 1.141454611381681916e+00 3.437300680787814255e-01 3.984026596111533425e-01 4.468357768987345491e-01 3.426555680272485027e-01 7.743939743025313183e-01 6.816214166005000186e-01 0.000000000000000000e+00 6.019486276660458435e-01 3.737579622797421175e-01 3.089694774316796844e-01 9.247126178955321629e-01 2.832413255467296498e-01 7.570254711228749933e-01 2.291463540991719727e-01 5.463007326902914462e-01 6.420050077770536046e-01 5.138888285016622870e-01 5.469035705238115552e-01 5.748976064646041939e-01
3.298513448731081876e-01 1.169928348114193106e+00 1.193283636001236658e+00 7.040659226390563186e-01 9.385742806693805340e-01 7.394528412063698930e-01 3.364197779040045688e-01 4.862721603444504215e-01 7.805269730628584535e-01 7.783267713300068280e-01 3.725307087921344018e-01 3.557562518172814325e-01 6.019486276660458435e-01 0.000000000000000000e+00 4.231482610561679847e-01 3.132224446534125351e-01 3.249597523143229472e-01 6.699858070632076501e-01 2.301018193393249700e-01 7.115401945630089875e-01 2.187513073128911079e-01 9.945938556215222492e-01 2.196311908528688350e-01 9.662459540018073501e-01 3.453580913479606940e-01
6.631127812986807868e-01 9.079251381345818661e-01 7.706804434700410544e-01 8.793531122683543311e-01 5.633172500083083456e-01 7.684376000262982398e-01 2.952114132532016044e-01 2.934999488957817371e-01 3.579237805316619059e-01 5.386123504386090000e-01 4.148103194009120642e-01 5.496896399251189891e-01 3.737579622797421175e-01 4.231482610561679847e-01 0.000000000000000000e+00 5.630673495907344561e-01 7.051030833568959766e-01 3.029651877142786609e-01 4.139303495474813133e-01 2.905602169729362139e-01 2.275136673002555177e-01 5.719906630903258682e-01 5.133976030703569782e-01 7.042427440221967760e-01 3.252293811147227709e-01
6.256119540934080847e-01 8.628559499847934244e-01 9.823176193401007561e-01 7.473713900106982999e-01 6.422419226714372043e-01 9.261715205922739225e-01 2.821330852439820069e-01 2.977594961495995673e-01 5.971017699237054499e-01 4.651043266765941264e-01 5.553976425856197441e-01 4.117023655722406583e-01 3.089694774316796844e-01 3.132224446534125351e-01 5.630673495907344561e-01 0.000000000000000000e+00 6.302818714715093806e-01 3.629134089338084124e-01 4.527485651559916557e-01 5.285384333767558784e-01 4.536942825398583290e-01 7.866462639924030054e-01 2.130412064143467898e-01 6.591735558724082233e-01 3.559012747476926197e-01
2.759504704125792518e-01 1.484279065740260917e+00 1.475238458301964650e+00 9.392067393102591089e-01 1.247538678558426151e+00 9.593426540656269097e-01 6.456012144805421960e-01 7.280270500581025317e-01 1.062481795363586334e+00 1.095386198148103896e+00 5.914475312552862629e-01 5.921764177961527098e-01 9.247126178955321629e-01 3.249597523143229472e-01 7.051030833568959766e-01 6.302818714715093806e-01 0.000000000000000000e+00 9.737577354425070997e-01 3.679217614983399387e-01 9.951182318048604758e-01 4.854454512529727261e-01 1.276548677922250352e+00 5.040432064597932804e-01 1.280596671627876049e+00 5.403937509627843028e-01
9.323558771856241822e-01 6.300768615332098532e-01 6.408476948950948549e-01 9.170290105540241932e-01 3.508615930305861719e-01 9.661617975718790330e-01 5.153040559828396816e-01 2.472117338149830146e-01 2.482465087881825239e-01 2.483744854120414902e-01 6.043944643080203516e-01 6.011266069839744652e-01 2.832413255467296498e-01 6.699858070632076501e-01 3.029651877142786609e-01 3.629134089338084124e-01 9.737577354425070997e-01 0.000000000000000000e+00 6.434780409908952281e-01 2.227233547298705651e-01 5.034626564024252682e-01 4.398575826060980298e-01 4.938967289230495328e-01 4.263944674208244301e-01 4.408068192801590235e-01
2.934084043167536349e-01 1.186976447691193037e+00 1.170127837047211905e+00 6.518869889809949525e-01 9.772475995557897699e-01 5.969545284326055468e-01 4.562445058228459249e-01 3.982980604685657511e-01 7.718541300791432747e-01 8.090349308782669446e-01 2.297121053823570624e-01 3.075604495938368821e-01 7.570254711228749933e-01 2.301018193393249700e-01 4.139303495474813133e-01 4.527485651559916557e-01 3.679217614983399387e-01 6.434780409908952281e-01 0.000000000000000000e+00 7.044905665204175271e-01 2.203655496890387366e-01 9.744564816995147094e-01 2.628086908169968150e-01 9.832940535788071701e-01 2.026712217107362601e-01
9.536729982716170007e-01 8.225745989940771441e-01 6.356658572193661927e-01 1.084458487635462820e+00 3.090638775756684997e-01 1.035751347697210445e+00 4.412567714320026480e-01 4.101885034638201311e-01 2.253281037329850911e-01 4.300384297275975376e-01 6.857712281265030407e-01 7.685092810264138041e-01 2.291463540991719727e-01 7.115401945630089875e-01 2.905602169729362139e-01 5.285384333767558784e-01 9.951182318048604758e-01 2.227233547298705651e-01 7.044905665204175271e-01 0.000000000000000000e+00 5.180738842731917870e-01 4.333607229138987105e-01 6.848286035688676554e-01 6.169601227600614024e-01 5.522566426635078241e-01
4.453617692323545429e-01 1.108326770044635534e+00 9.940809623811576179e-01 8.054656747663446748e-01 7.790068480614609214e-01 6.307042541063755392e-01 2.697379903489476316e-01 3.718127848030153282e-01 5.854374478319174235e-01 7.390139823486623349e-01 2.696233614053935579e-01 4.611391353791864378e-01 5.463007326902914462e-01 2.187513073128911079e-01 2.275136673002555177e-01 4.536942825398583290e-01 4.854454512529727261e-01 5.034626564024252682e-01 2.203655496890387366e-01 5.180738842731917870e-01 0.000000000000000000e+00 7.978534925353616414e-01 4.011564826935140604e-01 9.046443759322501110e-01 3.061305372432268079e-01
1.228395392028324373e+00 1.058535401684070232e+00 2.145606533967635288e-01 1.284390111698735737e+00 6.897297958302838206e-01 1.276841210664414250e+00 7.786330734342075122e-01 6.083948874000080220e-01 2.168930860595031651e-01 6.819289260532458430e-01 9.175132494117713700e-01 9.684877081286860090e-01 6.420050077770536046e-01 9.945938556215222492e-01 5.719906630903258682e-01 7.866462639924030054e-01 1.276548677922250352e+00 4.398575826060980298e-01 9.744564816995147094e-01 4.333607229138987105e-01 7.978534925353616414e-01 0.000000000000000000e+00 8.830349875050556019e-01 8.548530075716855858e-01 7.734515960490744302e-01
4.792908758097828570e-01 1.004110648918275617e+00 1.078706342852753020e+00 5.506221866087636085e-01 8.297533612252171453e-01 7.393706007995781704e-01 4.071064818878846192e-01 2.754641802536180184e-01 6.934904934363577134e-01 6.161995631699022091e-01 3.685607051312597693e-01 2.086087462373100720e-01 5.138888285016622870e-01 2.196311908528688350e-01 5.133976030703569782e-01 2.130412064143467898e-01 5.040432064597932804e-01 4.938967289230495328e-01 2.628086908169968150e-01 6.848286035688676554e-01 4.011564826935140604e-01 8.830349875050556019e-01 0.000000000000000000e+00 8.004282548058899716e-01 2.382777472651531059e-01
1.265008300353470672e+00 2.056459844511753787e-01 1.050524362919383004e+00 1.245752742913068145e+00 7.238467550053936383e-01 1.324830559147050835e+00 8.409439645918244111e-01 5.849959931102411970e-01 6.653085135029878083e-01 2.042480024965629137e-01 9.605367113210591112e-01 9.298503393430184172e-01 5.469035705238115552e-01 9.662459540018073501e-01 7.042427440221967760e-01 6.591735558724082233e-01 1.280596671627876049e+00 4.263944674208244301e-01 9.832940535788071701e-01 6.169601227600614024e-01 9.046443759322501110e-01 8.548530075716855858e-01 8.004282548058899716e-01 0.000000000000000000e+00 7.806228318680709100e-01
4.915490579054652698e-01 9.843052259804564441e-01 9.691229513967720699e-01 5.643561086429083051e-01 7.889824404133719549e-01 5.764280281416241936e-01 5.541237553168437691e-01 1.956268387578295465e-01 5.786686484882919146e-01 6.063637091675306845e-01 2.031237380213531396e-01 2.244602588103962182e-01 5.748976064646041939e-01 3.453580913479606940e-01 3.252293811147227709e-01 3.559012747476926197e-01 5.403937509627843028e-01 4.408068192801590235e-01 2.026712217107362601e-01 5.522566426635078241e-01 3.061305372432268079e-01 7.734515960490744302e-01 2.382777472651531059e-01 7.806228318680709100e-01 0.000000000000000000e+00
