0.000000000000000000e+00 1.433544732642483499e+00 1.355191331616226069e+00 9.172154180598057760e-01 1.056670268375766497e+00 8.708002076301425420e-01 6.871327684544644709e-01 5.369492985842488908e-01 1.018156604170352031e+00 9.149839816648300816e-01 4.610118987753344943e-01 5.960474761743762562e-01 8.242456923300007787e-01 3.489925522332294472e-01 7.100205226863556263e-01 2.782772257273188332e-01 7.891552178694035691e-01 6.107621238871214775e-01 2.320755765212675903e-01 1.216478137706623164e+00 1.130004199215502991e+00 6.636072517283984062e-01 4.754547718987733873e-01 8.785508386102895972e-01 5.142871219851889997e-01 4.649993838143937075e-01 9.699196786529361569e-01 6.828603036319559338e-01 8.097795860799631429e-01 2.407190139575244303e-01 7.557995472635037348e-01 1.826928304300811379e-01 4.376840557787567421e-01 5.199560776803926476e-01 6.099122526968556723e-01 1.570552458372380666e-01 7.206496822286635462e-01 3.632341925744879685e-01 7.961488946426393820e-01 6.726568267487141872e-01 9.271419552987559820e-01 8.496963635623191458e-01 3.708230466511376333e-01 4.759223114187390857e-01 8.622803949280147817e-01 5.841094403755570097e-01 6.492528991625808876e-01 9.342956884389354011e-01 1.320110134329795515e-01 5.909745133769623848e-01
1.433544732642483499e+00 0.000000000000000000e+00 1.318878178285256109e+00 1.457434933663873222e+00 9.015807410621463625e-01 1.495975294434350511e+00 8.836617542816476156e-01 1.004627195262767669e+00 4.513924889322788458e-01 8.855876807182518906e-01 1.092709077649112626e+00 1.161461265960973988e+00 7.942887955389430488e-01 1.224178666657030456e+00 7.336204821551388644e-01 1.526703408535397655e+00 8.044022628860574287e-01 9.865195823084420557e-01 1.207732935748394798e+00 2.283634114802763904e-01 1.092129515866434142e+00 1.279886360357709085e+00 9.626268030017612887e-01 6.411756728365689550e-01 9.565598233634899916e-01 1.150468133629281686e+00 6.449818576827379690e-01 9.707883376869990144e-01 6.973924723216406996e-01 1.348072401813463550e+00 1.302374189823906070e+00 1.447209721982698039e+00 1.127714345612621072e+00 1.057382974961821986e+00 8.298226500028751396e-01 1.513977262834881099e+00 8.659766211017567716e-01 1.089987965516627355e+00 7.969848924204214757e-01 8.208951813633722505e-01 7.827204532686480309e-01 8.293073625140658933e-01 1.066425742748118299e+00 1.044556326234305610e+00 7.269073390942790702e-01 8.496895779278574867e-01 8.902329211027812939e-01 5.145507132312080456e-01 1.329989624974793339e+00 1.094194738769816766e+00
1.355191331616226069e+00 1.318878178285256109e+00 0.000000000000000000e+00 1.485528804369651290e+00 8.932125230031144891e-01 1.467144108300979077e+00 1.078038008641758916e+00 8.927964826481730176e-01 8.773450328203420412e-01 4.513269492772953306e-01 1.071460483049816892e+00 1.189555136666751611e+00 9.735929531975889839e-01 1.209576813942648599e+00 7.622283483462740650e-01 1.441979428266452201e+00 6.992723933682857274e-01 1.192635518243466253e+00 1.136463916790642070e+00 1.098174868507430624e+00 2.272375015778435037e-01 1.251060275661178389e+00 9.088514674022679651e-01 8.398775261668934844e-01 1.001566579467785489e+00 1.075016900848758006e+00 8.056967104077392694e-01 9.996407218755022361e-01 6.247488959778909612e-01 1.259210462935404173e+00 1.330468060529684138e+00 1.362666150899193740e+00 1.136854487366153910e+00 1.199137430574932717e+00 7.452790789193705079e-01 1.456502185988898912e+00 8.472874736242119731e-01 1.005444394433122612e+00 1.007733845854516197e+00 9.337279169241365917e-01 7.754397623334721157e-01 5.556688641517382177e-01 1.054991241672755597e+00 1.007956928268756158e+00 8.396308422571555630e-01 8.621035091389720462e-01 7.678899135781338536e-01 8.258629779118304981e-01 1.259795084756041073e+00 1.122288609475594168e+00
9.172154180598057760e-01 1.457434933663873222e+00 1.485528804369651290e+00 0.000000000000000000e+00 1.241863550339589395e+00 1.105615265154556104e+00 6.852568024755787413e-01 9.111291912211878508e-01 1.042046805191741088e+00 1.046594955255396142e+00 6.826559964024374594e-01 3.436543470733223193e-01 9.981785067749675555e-01 6.821590488221818127e-01 7.507046607755477607e-01 9.897747197519608520e-01 1.004134796800832730e+00 8.093420943685298852e-01 7.032131588401493438e-01 1.240368338728012887e+00 1.258358019867765965e+00 8.959354759879420982e-01 7.074652203948157414e-01 8.785885134126498741e-01 5.021914348968655739e-01 8.475526743498651427e-01 1.076836564611207248e+00 1.022056219000307964e+00 9.262572952659293701e-01 8.128061706699122313e-01 1.758741620907097736e-01 9.557550915436174854e-01 5.114108282028110297e-01 6.460566949934927194e-01 7.742364026342227756e-01 9.689885924296081088e-01 1.029946972686619944e+00 7.985045361646943007e-01 8.561836697609879199e-01 6.551775731306059836e-01 1.125372044463287979e+00 1.018256118270385979e+00 5.634259709043871744e-01 6.859625299986209512e-01 1.060747626948262301e+00 6.234252952306786888e-01 9.066871416478126111e-01 9.581858894603247911e-01 7.905918827448479291e-01 3.632401948940567893e-01
1.056670268375766497e+00 9.015807410621463625e-01 8.932125230031144891e-01 1.241863550339589395e+00 0.000000000000000000e+00 1.235777261453600229e+00 6.969842607143398316e-01 5.388804229503691978e-01 4.502046013496174837e-01 5.030789699585216379e-01 8.379435035222760897e-01 9.458898826366893831e-01 4.551726140036229662e-01 8.782721774087162148e-01 4.982983353514617297e-01 1.117801697856162901e+00 2.781654606377282346e-01 6.897835681216940573e-01 8.442065000700124111e-01 6.781780751028412269e-01 6.678874094443555398e-01 1.019688327376959691e+00 6.568777778669582235e-01 4.662781956345115053e-01 7.499376383944985625e-01 6.874823056163643642e-01 2.954347205811571619e-01 5.300709550227963307e-01 3.335074371075794630e-01 9.350327325251149846e-01 1.086802806499622465e+00 1.058291676827856742e+00 9.012354854214903455e-01 8.256766966920223716e-01 5.071184337257921282e-01 1.156387622026422202e+00 3.890397623005237282e-01 6.934360758012788617e-01 5.594954888283455441e-01 6.423626290880590783e-01 1.473785049464431118e-01 3.690149931108168135e-01 8.193722397280919223e-01 7.776809181770245605e-01 3.186178142813773650e-01 6.184382551089103730e-01 4.093380276015615715e-01 4.499859547118784664e-01 9.613589731654447190e-01 8.786233554455324946e-01
8.708002076301425420e-01 1.495975294434350511e+00 1.467144108300979077e+00 1.105615265154556104e+00 1.235777261453600229e+00 0.000000000000000000e+00 8.508106995277494589e-01 8.113823268515715226e-01 1.080587165962218821e+00 1.027642402883806261e+00 4.266640631719097465e-01 7.859602801630231061e-01 1.133267721580588638e+00 7.679479150584518354e-01 7.702371808811846465e-01 9.884488156846035212e-01 9.667135847718025810e-01 9.964807174726132422e-01 6.419945704184181201e-01 1.278908699498490176e+00 1.241956975900255555e+00 2.233371235870717508e-01 5.964681511962762750e-01 9.512139197744801100e-01 6.419154385806711272e-01 8.330351167299377968e-01 1.123416854590204794e+00 9.921494549295039045e-01 9.162732565658496808e-01 8.233466879305331165e-01 9.463206443351407371e-01 8.978921562004541501e-01 7.003143884465646840e-01 8.419871999337925628e-01 7.368151906051928490e-01 9.673034430078364387e-01 9.540618431484414463e-01 6.688700451662145108e-01 1.016653646808852951e+00 7.808371363985878721e-01 1.114543651566163307e+00 9.907704691251640883e-01 5.644824695453670715e-01 4.591871800322231412e-01 1.081503306998082170e+00 6.473869431921618345e-01 8.513473448987022296e-01 9.978274769164706681e-01 7.721679774602122626e-01 7.516127992427731330e-01
6.871327684544644709e-01 8.836617542816476156e-01 1.078038008641758916e+00 6.852568024755787413e-01 6.969842607143398316e-01 8.508106995277494589e-01 0.000000000000000000e+00 5.460727392436315331e-01 4.675229075439987780e-01 6.415309877730562826e-01 4.376868473871549647e-01 3.956218377157756927e-01 3.417721244294169569e-01 3.479808940716067056e-01 3.201553577230514813e-01 7.178732327587674655e-01 5.795305680103349788e-01 2.338063801234786798e-01 4.973258408005433173e-01 6.665951593457866142e-01 8.512893462229370600e-01 6.347217654511082552e-01 4.079195021634972051e-01 2.511584186658140094e-01 2.088952609470781652e-01 3.784862216383133027e-01 4.399411928559243123e-01 4.363731784149982862e-01 4.835908271037835937e-01 5.285252043959591806e-01 5.291172480329597860e-01 6.978713451212092966e-01 2.936969988900366979e-01 1.741091301428724369e-01 4.366889327774455820e-01 7.230650810436428655e-01 5.161587463152516042e-01 4.943089857853041891e-01 1.921341683659783528e-01 1.481086559512135026e-01 5.753428105351289235e-01 6.188416002632324275e-01 3.484287810380780614e-01 4.162468534231432704e-01 3.966981255532530115e-01 2.705865500535515888e-01 5.736353161742393514e-01 3.805713041648485784e-01 5.597574947005978796e-01 3.233483080862294412e-01
5.369492985842488908e-01 1.004627195262767669e+00 8.927964826481730176e-01 9.111291912211878508e-01 5.388804229503691978e-01 8.113823268515715226e-01 5.460727392436315331e-01 0.000000000000000000e+00 5.795105512501330658e-01 4.486759325905827489e-01 4.263611083134046797e-01 6.151555235182882830e-01 3.554156277612274817e-01 3.393917544583470725e-01 3.512733071831324327e-01 5.883463286451545704e-01 2.811850178107778708e-01 3.122663591201527700e-01 3.306001676449439874e-01 7.875606003269066679e-01 6.701053158737048099e-01 6.001818435803778495e-01 2.214931975454119961e-01 5.149898926702315416e-01 4.271669663193227162e-01 1.969054992334232645e-01 4.388851435360995867e-01 2.019928522649969971e-01 3.519413988939132376e-01 4.027881449822277027e-01 7.560684473812211426e-01 5.338227515887664643e-01 4.926970230195585887e-01 4.077564754786091039e-01 1.870031316175169156e-01 6.199358408942254872e-01 1.837003836444145999e-01 1.756791277482340763e-01 4.908443558582657462e-01 4.648103581941544493e-01 4.093521098733587937e-01 3.756787354993731953e-01 4.144457148522506795e-01 3.553386274470418105e-01 3.253310963437658354e-01 3.274122738800541721e-01 1.412826991039551061e-01 5.116119948893420588e-01 4.416380033739267796e-01 5.478889963271312835e-01
1.018156604170352031e+00 4.513924889322788458e-01 8.773450328203420412e-01 1.042046805191741088e+00 4.502046013496174837e-01 1.080587165962218821e+00 4.675229075439987780e-01 5.795105512501330658e-01 0.000000000000000000e+00 4.581541953562989766e-01 6.773209491769804913e-01 7.460731374888417422e-01 3.548687297615248926e-01 8.080398199193820075e-01 3.182323536830070632e-01 1.111315280063265964e+00 3.530261231735291050e-01 5.554054537747502573e-01 7.923448072762629968e-01 2.333029102091007390e-01 6.505963704015198523e-01 8.644982318855777281e-01 5.472386745296292654e-01 2.250368260989207836e-01 5.411716948913579683e-01 7.110480678518632525e-01 1.962174841148767168e-01 5.313682719095808027e-01 2.554301781292558360e-01 9.326842733413319708e-01 8.869860613517747128e-01 1.031821593510566348e+00 7.123262171404889376e-01 6.386267727739753930e-01 4.144345215307429497e-01 1.098589134362749187e+00 4.265565553243383934e-01 6.745998370444951098e-01 3.658707638867300660e-01 4.055070528912402272e-01 3.313443135561192077e-01 3.837649581819029820e-01 6.510376142759860540e-01 6.291681977621733646e-01 2.874872733168609695e-01 4.343014494557254079e-01 4.651162770901465238e-01 1.306422928027667907e-01 9.146014965026617594e-01 6.788066102976846317e-01
9.149839816648300816e-01 8.855876807182518906e-01 4.513269492772953306e-01 1.046594955255396142e+00 5.030789699585216379e-01 1.027642402883806261e+00 6.415309877730562826e-01 4.486759325905827489e-01 4.581541953562989766e-01 0.000000000000000000e+00 6.319587776326432982e-01 7.506212875524965744e-01 5.632834800362721550e-01 7.654562638850583856e-01 3.232944992320193611e-01 9.978588782088620990e-01 2.795779771650044321e-01 7.517590946191199386e-01 6.962565668392457496e-01 6.685210857823908892e-01 2.332750139361985386e-01 8.115585702440050175e-01 4.686441174508717000e-01 4.065870285998890998e-01 5.626327303535308966e-01 6.308963507911680146e-01 4.155631573631458076e-01 5.605144934953959490e-01 2.065472115923371044e-01 8.150899128778139602e-01 8.915342114154293229e-01 9.224588009477977524e-01 6.973527819489805379e-01 7.602035814606776798e-01 3.050717289679741873e-01 1.016294836037502591e+00 4.143115481861220362e-01 5.652370444817261808e-01 5.744433482875118679e-01 4.947940678098819989e-01 3.853062092888791534e-01 1.495862109953997598e-01 6.154895362555820038e-01 5.684552228515830086e-01 4.494972892125626007e-01 4.231696600247175089e-01 3.262147817520000825e-01 3.925724803448260580e-01 8.195877348046449740e-01 6.833547603613395749e-01
4.610118987753344943e-01 1.092709077649112626e+00 1.071460483049816892e+00 6.826559964024374594e-01 8.379435035222760897e-01 4.266640631719097465e-01 4.376868473871549647e-01 4.263611083134046797e-01 6.773209491769804913e-01 6.319587776326432982e-01 0.000000000000000000e+00 3.630010114109044617e-01 7.510727446995476564e-01 3.484812620150030127e-01 3.669709640959464836e-01 5.723706866241546898e-01 5.712690150484022178e-01 5.831344988229455462e-01 2.322062615636101557e-01 8.756424827132514022e-01 8.462733506490931479e-01 2.218698630165612529e-01 2.196896547393852872e-01 5.479477029892418916e-01 2.287915864400767718e-01 4.302544994739450068e-01 7.201506378049662427e-01 6.037503511475353912e-01 5.205896313146869403e-01 4.142263409477013880e-01 5.233613755830220926e-01 4.881038473456459914e-01 2.773551196944459840e-01 4.286409812841247002e-01 3.413706208817924304e-01 5.478367899643878935e-01 5.718668662674001313e-01 2.666101909673245229e-01 6.035297946682584014e-01 3.739133783518436283e-01 7.190990818427628328e-01 5.953258994017637251e-01 1.433522487696377301e-01 1.397154200680989222e-01 6.993083301170412991e-01 2.441207264069237826e-01 4.630810656248539603e-01 5.945612601312326717e-01 3.595498233791670772e-01 3.308463776387551292e-01
5.960474761743762562e-01 1.161461265960973988e+00 1.189555136666751611e+00 3.436543470733223193e-01 9.458898826366893831e-01 7.859602801630231061e-01 3.956218377157756927e-01 6.151555235182882830e-01 7.460731374888417422e-01 7.506212875524965744e-01 3.630010114109044617e-01 0.000000000000000000e+00 7.085435420151648955e-01 3.650875939148762739e-01 4.547309930726478044e-01 6.715036763152105737e-01 7.081611290979331619e-01 5.113767983699170072e-01 3.820452169547194909e-01 9.443946710251127641e-01 9.623843521648663968e-01 5.811080876580468901e-01 4.003644388180385150e-01 5.833875206115572976e-01 2.069904420957726920e-01 5.342597323459056247e-01 7.816355718101141159e-01 7.173854755971056374e-01 6.302836275630296914e-01 4.946820097886298062e-01 1.800336612570448414e-01 6.345871496581878546e-01 1.959396187915545540e-01 3.464338782202415201e-01 4.782627349313231524e-01 6.507175489928579415e-01 7.339733049837200429e-01 4.773365942792646699e-01 5.679735188572895277e-01 3.618454354684557672e-01 8.293983767603884116e-01 7.222824505674861895e-01 2.437709859128541212e-01 3.725116292714928390e-01 7.725374760445643529e-01 3.274516275277791211e-01 6.107134739449127103e-01 6.622122217574252234e-01 4.723208393080977618e-01 1.296613422683413341e-01
8.242456923300007787e-01 7.942887955389430488e-01 9.735929531975889839e-01 9.981785067749675555e-01 4.551726140036229662e-01 1.133267721580588638e+00 3.417721244294169569e-01 3.554156277612274817e-01 3.548687297615248926e-01 5.632834800362721550e-01 7.510727446995476564e-01 7.085435420151648955e-01 0.000000000000000000e+00 5.118814400649844831e-01 4.102298183712672630e-01 8.506291658324498517e-01 2.837055028712676674e-01 2.392784481705461930e-01 6.482536915040332248e-01 5.837474575316292658e-01 7.482678396388301456e-01 9.190969950856638926e-01 5.376694154804104731e-01 2.162359443145250859e-01 5.243761642916203725e-01 3.610761727207242311e-01 2.477926903818767901e-01 1.949876232627619499e-01 4.101550581245442251e-01 6.608893120009174948e-01 8.420389523323486003e-01 8.071702701218921305e-01 5.599685292213345544e-01 3.746001005650881899e-01 4.281557081042171031e-01 8.687972064906052116e-01 1.857336553688207770e-01 5.174077866545622184e-01 1.496379560634386041e-01 4.031177735441614507e-01 3.293131583552217911e-01 4.281577464333387595e-01 6.639096843826203243e-01 6.745101660175543135e-01 1.373433741090947235e-01 5.080805631598883654e-01 2.952705491205342425e-01 2.989308690784957534e-01 7.193897295195479380e-01 6.362700123856183110e-01
3.489925522332294472e-01 1.224178666657030456e+00 1.209576813942648599e+00 6.821590488221818127e-01 8.782721774087162148e-01 7.679479150584518354e-01 3.479808940716067056e-01 3.393917544583470725e-01 8.080398199193820075e-01 7.654562638850583856e-01 3.484812620150030127e-01 3.650875939148762739e-01 5.118814400649844831e-01 0.000000000000000000e+00 5.562503726328388298e-01 3.702477532577574948e-01 6.138933089663642928e-01 2.730480552845369058e-01 2.456088500552167098e-01 1.007112071721169677e+00 9.868856471681805020e-01 5.613979571175100602e-01 3.827556285629097332e-01 5.940351465483286741e-01 3.177207185232368558e-01 2.024988425235723644e-01 7.498383447119074674e-01 4.291189450499041103e-01 6.687217301883888743e-01 1.808997248949492376e-01 5.214625013408622500e-01 3.547516069581337361e-01 1.742546452764690279e-01 1.799695813762171859e-01 4.773481668046182236e-01 3.794595332799882703e-01 4.967353183703916431e-01 2.304903541131327893e-01 4.533056665454055500e-01 4.291706618399990791e-01 7.487438643317056997e-01 6.924590667938488320e-01 2.238052472447549235e-01 4.043299413963934996e-01 6.383660310697427676e-01 4.227321186790060081e-01 4.739909902595416114e-01 7.210882165402315858e-01 2.216172784793628003e-01 3.633448775360259009e-01
7.100205226863556263e-01 7.336204821551388644e-01 7.622283483462740650e-01 7.507046607755477607e-01 4.982983353514617297e-01 7.702371808811846465e-01 3.201553577230514813e-01 3.512733071831324327e-01 3.182323536830070632e-01 3.232944992320193611e-01 3.669709640959464836e-01 4.547309930726478044e-01 4.102298183712672630e-01 5.562503726328388298e-01 0.000000000000000000e+00 8.138935127558138971e-01 3.161795613896800639e-01 5.449471605557820730e-01 4.839544401313357058e-01 5.165538872192781961e-01 5.350575638443890725e-01 5.541482468045436649e-01 2.423442652987485013e-01 2.072586871678308851e-01 2.560142654986318766e-01 5.196679752366318850e-01 3.683371214053945963e-01 5.210485881686819365e-01 1.933726698936329425e-01 6.352625060338800145e-01 5.956439169355808305e-01 7.336640770170015369e-01 4.168042309483210306e-01 4.476834498625866798e-01 1.642701755656155727e-01 7.920944907852488504e-01 3.995504007596178964e-01 3.771780697370433200e-01 3.617006633411831151e-01 1.734184377598771143e-01 3.818068294751604252e-01 3.006051117221956170e-01 3.483997003017622052e-01 3.188182126811391903e-01 3.701211587170153416e-01 1.335182539538325719e-01 2.871064066252927427e-01 2.363354333877480673e-01 6.064654150186654658e-01 3.874644658814907494e-01
2.782772257273188332e-01 1.526703408535397655e+00 1.441979428266452201e+00 9.897747197519608520e-01 1.117801697856162901e+00 9.884488156846035212e-01 7.178732327587674655e-01 5.883463286451545704e-01 1.111315280063265964e+00 9.978588782088620990e-01 5.723706866241546898e-01 6.715036763152105737e-01 8.506291658324498517e-01 3.702477532577574948e-01 8.138935127558138971e-01 0.000000000000000000e+00 8.502866473498001954e-01 6.303295114498399521e-01 3.542796281929722069e-01 1.309636813599537319e+00 1.216972705051170056e+00 7.812558597828594964e-01 5.725222147747665025e-01 9.596381028726534979e-01 6.076102683470225863e-01 4.948594627704773763e-01 1.027231472181254324e+00 7.200449583829655609e-01 8.967480919156303187e-01 1.923927675521020508e-01 8.290781722706412893e-01 1.754240974082898197e-01 4.994129186194718462e-01 5.437641026158950286e-01 6.968807585325228482e-01 1.568537624167953559e-01 7.720467122895692258e-01 4.408534016278852774e-01 8.171001877850834205e-01 7.659799731105477738e-01 9.882733847791526083e-01 9.248616811176525454e-01 4.743327887173503510e-01 5.911654823158689620e-01 9.136774249889204613e-01 6.899344843556057816e-01 7.103843286429775139e-01 1.033688208161971822e+00 2.371170259688858417e-01 6.762273935004856629e-01
7.891552178694035691e-01 8.044022628860574287e-01 6.992723933682857274e-01 1.004134796800832730e+00 2.781654606377282346e-01 9.667135847718025810e-01 5.795305680103349788e-01 2.811850178107778708e-01 3.530261231735291050e-01 2.795779771650044321e-01 5.712690150484022178e-01 7.081611290979331619e-01 2.837055028712676674e-01 6.138933089663642928e-01 3.161795613896800639e-01 8.502866473498001954e-01 0.000000000000000000e+00 4.933631248751803033e-01 5.720599855381700571e-01 5.809995969267528482e-01 4.751125093217861695e-01 7.508688076597639371e-01 3.787123172292302109e-01 3.563218986344464101e-01 5.201725718989673730e-01 4.421494230104956458e-01 2.021653870503026251e-01 3.086133746524417076e-01 1.937217977991091133e-01 6.675176820187519455e-01 8.490740529608660214e-01 7.907766263214933700e-01 6.491101585103182803e-01 6.411284730192956527e-01 2.298983941666098429e-01 8.888725715200592736e-01 1.580829959365489534e-01 4.259210252949158226e-01 4.125527068657907082e-01 4.856976143952828617e-01 1.487754878729065366e-01 1.444522435620711476e-01 5.672469128169197461e-01 5.075264047395795508e-01 1.828324424570819395e-01 3.960421883943905930e-01 1.399023187068228202e-01 3.440697109678295673e-01 6.938439226590815689e-01 6.408946019067760513e-01
6.107621238871214775e-01 9.865195823084420557e-01 1.192635518243466253e+00 8.093420943685298852e-01 6.897835681216940573e-01 9.964807174726132422e-01 2.338063801234786798e-01 3.122663591201527700e-01 5.554054537747502573e-01 7.517590946191199386e-01 5.831344988229455462e-01 5.113767983699170072e-01 2.392784481705461930e-01 2.730480552845369058e-01 5.449471605557820730e-01 6.303295114498399521e-01 4.933631248751803033e-01 0.000000000000000000e+00 4.493895077715471809e-01 7.742504621867315473e-01 9.684756341969666948e-01 7.803917833959723716e-01 4.852237701265451619e-01 3.742640407729038721e-01 3.596761091356119322e-01 2.011549657219361686e-01 4.767902894273705616e-01 2.302217937595060770e-01 6.081545000444980031e-01 4.386927757209887480e-01 6.530627835348398191e-01 5.927997799923245825e-01 3.402336980577430614e-01 1.726334639316274011e-01 4.992694907376697411e-01 6.429217028564337966e-01 3.783480009819671919e-01 3.531413985541785316e-01 2.117272641807424471e-01 3.729004587839441776e-01 5.611260758175808938e-01 6.378153684372515064e-01 4.659503708589389781e-01 5.619168713680070537e-01 3.766218222796408610e-01 4.725678284383063033e-01 4.255443128671200781e-01 4.836185582194159061e-01 4.885160096279038688e-01 4.474335999791805851e-01
2.320755765212675903e-01 1.207732935748394798e+00 1.136463916790642070e+00 7.032131588401493438e-01 8.442065000700124111e-01 6.419945704184181201e-01 4.973258408005433173e-01 3.306001676449439874e-01 7.923448072762629968e-01 6.962565668392457496e-01 2.322062615636101557e-01 3.820452169547194909e-01 6.482536915040332248e-01 2.456088500552167098e-01 4.839544401313357058e-01 3.542796281929722069e-01 5.720599855381700571e-01 4.493895077715471809e-01 0.000000000000000000e+00 9.906663408125340187e-01 9.112767843899184372e-01 4.348016145166740398e-01 2.511110948302096024e-01 6.576601625234897996e-01 2.941507391409438621e-01 2.895428279706969144e-01 7.574559103471819599e-01 4.855657891519601366e-01 5.910521712543789219e-01 2.044136540229547216e-01 5.417972880438471917e-01 2.595752760633404654e-01 2.428165002009951001e-01 3.820837572469543142e-01 3.911848378712713958e-01 3.282977334411988912e-01 5.128550464938999021e-01 1.549210398967099667e-01 6.611167719522895725e-01 4.525204439044691052e-01 7.146781869930017850e-01 6.309689487367350358e-01 1.502594391796820417e-01 2.471166742070147193e-01 6.544857591932512486e-01 3.580433578205373113e-01 4.367891308568265796e-01 7.084838915448464780e-01 1.301734070417941702e-01 3.708381305327171362e-01
1.216478137706623164e+00 2.283634114802763904e-01 1.098174868507430624e+00 1.240368338728012887e+00 6.781780751028412269e-01 1.278908699498490176e+00 6.665951593457866142e-01 7.875606003269066679e-01 2.333029102091007390e-01 6.685210857823908892e-01 8.756424827132514022e-01 9.443946710251127641e-01 5.837474575316292658e-01 1.007112071721169677e+00 5.165538872192781961e-01 1.309636813599537319e+00 5.809995969267528482e-01 7.742504621867315473e-01 9.906663408125340187e-01 0.000000000000000000e+00 8.714262060886081018e-01 1.062819765421848750e+00 7.455602080659002873e-01 4.241090779007086753e-01 7.394932284276289902e-01 9.399267956219675701e-01 4.277233282596998309e-01 7.602469996796850094e-01 4.762600138163444186e-01 1.131005806877602993e+00 1.085307594888045735e+00 1.230143127046837481e+00 9.106477506767598484e-01 8.403163800259607630e-01 6.127560550670141382e-01 1.296910667899020764e+00 6.554352830944427666e-01 8.729213705807661317e-01 5.847157722987110784e-01 6.038285864275113601e-01 5.593177873093428953e-01 6.081749040087692793e-01 8.493591478122570759e-01 8.274897312984443865e-01 5.163660010869650652e-01 6.326229829919964853e-01 6.731663261669202925e-01 2.992028603939624332e-01 1.112923030038933003e+00 8.771281438339555425e-01
1.130004199215502991e+00 1.092129515866434142e+00 2.272375015778435037e-01 1.258358019867765965e+00 6.678874094443555398e-01 1.241956975900255555e+00 8.512893462229370600e-01 6.701053158737048099e-01 6.505963704015198523e-01 2.332750139361985386e-01 8.462733506490931479e-01 9.623843521648663968e-01 7.482678396388301456e-01 9.868856471681805020e-01 5.350575638443890725e-01 1.216972705051170056e+00 4.751125093217861695e-01 9.684756341969666948e-01 9.112767843899184372e-01 8.714262060886081018e-01 0.000000000000000000e+00 1.025873143260454645e+00 6.836643350015443321e-01 6.131288637480712955e-01 7.743957949659006079e-01 8.523257340742900201e-01 5.803715968489797650e-01 7.762736171369511995e-01 3.980002335590686613e-01 1.036519296160935744e+00 1.103297276027799034e+00 1.137479018498470662e+00 9.112658363800486550e-01 9.719666460730476132e-01 5.200919465186468749e-01 1.231315053588175612e+00 6.239203688856603813e-01 7.802572620323989794e-01 7.809851834356941191e-01 7.065571324222515992e-01 5.501146487747128333e-01 3.315089801052386043e-01 8.294025906866502318e-01 7.827697958680325252e-01 6.143057286983963916e-01 6.349327246370870537e-01 5.497602087917150548e-01 5.991143154930083092e-01 1.034607952355317551e+00 8.951178249737092862e-01
6.636072517283984062e-01 1.279886360357709085e+00 1.251060275661178389e+00 8.959354759879420982e-01 1.019688327376959691e+00 2.233371235870717508e-01 6.347217654511082552e-01 6.001818435803778495e-01 8.644982318855777281e-01 8.115585702440050175e-01 2.218698630165612529e-01 5.811080876580468901e-01 9.190969950856638926e-01 5.613979571175100602e-01 5.541482468045436649e-01 7.812558597828594964e-01 7.508688076597639371e-01 7.803917833959723716e-01 4.348016145166740398e-01 1.062819765421848750e+00 1.025873143260454645e+00 0.000000000000000000e+00 3.825308504707278234e-01 7.351249856978390174e-01 4.258265045040302565e-01 6.251499881338511422e-01 9.073279205135633685e-01 7.826859257498264277e-01 7.001894239260484376e-01 6.161537320287888697e-01 7.414684518301644101e-01 6.906992002987096813e-01 4.951766584660095005e-01 6.258982658571514701e-01 5.209704134931540942e-01 7.601982382390229942e-01 7.398911166535162565e-01 4.609849165701276341e-01 8.005647127322118584e-01 5.647482023219468905e-01 8.986988744541245522e-01 7.749256920131254445e-01 3.579325116044251853e-01 2.448432161333360391e-01 8.673325805031575353e-01 4.312980091155209084e-01 6.371766184037771508e-01 7.817385428398299085e-01 5.649750215584680157e-01 5.367095958563995461e-01
4.754547718987733873e-01 9.626268030017612887e-01 9.088514674022679651e-01 7.074652203948157414e-01 6.568777778669582235e-01 5.964681511962762750e-01 4.079195021634972051e-01 2.214931975454119961e-01 5.472386745296292654e-01 4.686441174508717000e-01 2.196896547393852872e-01 4.003644388180385150e-01 5.376694154804104731e-01 3.827556285629097332e-01 2.423442652987485013e-01 5.725222147747665025e-01 3.787123172292302109e-01 4.852237701265451619e-01 2.511110948302096024e-01 7.455602080659002873e-01 6.836643350015443321e-01 3.825308504707278234e-01 0.000000000000000000e+00 4.352594901261579996e-01 2.235029954929504126e-01 3.137754507457473641e-01 5.719399323058088624e-01 4.095198744928808532e-01 3.611274912843025486e-01 3.951246043477791847e-01 5.524044765548490332e-01 4.930285282220670529e-01 3.321664581302616881e-01 4.235747568460716539e-01 1.635723884828974573e-01 5.749894236116843693e-01 3.584635370482630590e-01 1.522652744497769439e-01 5.489301704686657679e-01 2.938312802072168273e-01 5.274878051021367753e-01 4.175276670028687520e-01 2.319405459457707375e-01 1.376876343373918399e-01 4.859050008979041713e-01 1.531220154262085131e-01 2.557490387985238423e-01 4.653417542343704638e-01 3.768650972122797316e-01 3.442250255007590631e-01
8.785508386102895972e-01 6.411756728365689550e-01 8.398775261668934844e-01 8.785885134126498741e-01 4.662781956345115053e-01 9.512139197744801100e-01 2.511584186658140094e-01 5.149898926702315416e-01 2.250368260989207836e-01 4.065870285998890998e-01 5.479477029892418916e-01 5.833875206115572976e-01 2.162359443145250859e-01 5.940351465483286741e-01 2.072586871678308851e-01 9.596381028726534979e-01 3.563218986344464101e-01 3.742640407729038721e-01 6.576601625234897996e-01 4.241090779007086753e-01 6.131288637480712955e-01 7.351249856978390174e-01 4.352594901261579996e-01 0.000000000000000000e+00 3.763970785157845778e-01 5.513526873798082484e-01 2.062238906791098447e-01 4.112235675772870636e-01 2.446022364047612530e-01 7.702900745098447688e-01 7.235277695726831659e-01 9.151728198817882243e-01 5.140154951102009484e-01 4.162073021252523652e-01 3.484458059942753816e-01 9.564760414968841440e-01 3.312895090258169417e-01 5.700932945644527905e-01 1.678563196876227681e-01 2.245222962415737156e-01 3.452619139591405761e-01 3.808395367910477058e-01 5.114318487159240645e-01 5.102899755685991190e-01 1.966603545417065502e-01 3.038269765823182200e-01 4.112322689844183365e-01 1.380852227197704452e-01 7.749957309425996588e-01 5.153483185185933069e-01
5.142871219851889997e-01 9.565598233634899916e-01 1.001566579467785489e+00 5.021914348968655739e-01 7.499376383944985625e-01 6.419154385806711272e-01 2.088952609470781652e-01 4.271669663193227162e-01 5.411716948913579683e-01 5.626327303535308966e-01 2.287915864400767718e-01 2.069904420957726920e-01 5.243761642916203725e-01 3.177207185232368558e-01 2.560142654986318766e-01 6.076102683470225863e-01 5.201725718989673730e-01 3.596761091356119322e-01 2.941507391409438621e-01 7.394932284276289902e-01 7.743957949659006079e-01 4.258265045040302565e-01 2.235029954929504126e-01 3.763970785157845778e-01 0.000000000000000000e+00 4.310604679522460625e-01 5.746451297143415626e-01 5.838247327556068678e-01 4.422950703640641246e-01 4.345177431428979276e-01 3.471306910568988102e-01 5.516633964992421202e-01 1.770857655681817300e-01 2.051825915967911140e-01 2.902741777323575301e-01 5.865262827486135144e-01 5.459847477847545871e-01 3.631974474199046732e-01 3.747382082281817128e-01 1.583697047635252431e-01 6.334461325181971469e-01 5.342938933685206226e-01 1.450394594409196436e-01 2.073515924760649942e-01 5.728034677368284422e-01 1.394630703288134155e-01 4.227249167459470325e-01 4.573107791599415051e-01 4.073599898719740819e-01 1.389512400028087569e-01
4.649993838143937075e-01 1.150468133629281686e+00 1.075016900848758006e+00 8.475526743498651427e-01 6.874823056163643642e-01 8.330351167299377968e-01 3.784862216383133027e-01 1.969054992334232645e-01 7.110480678518632525e-01 6.308963507911680146e-01 4.302544994739450068e-01 5.342597323459056247e-01 3.610761727207242311e-01 2.024988425235723644e-01 5.196679752366318850e-01 4.948594627704773763e-01 4.421494230104956458e-01 2.011549657219361686e-01 2.895428279706969144e-01 9.399267956219675701e-01 8.523257340742900201e-01 6.251499881338511422e-01 3.137754507457473641e-01 5.513526873798082484e-01 4.310604679522460625e-01 0.000000000000000000e+00 5.626479354051644455e-01 2.266274086008425170e-01 5.341618170944985033e-01 3.074122587401871831e-01 6.879333487411242176e-01 4.494427720630275735e-01 3.400959738782161068e-01 2.258778763554549485e-01 3.691901610847204696e-01 5.239615723904377242e-01 3.053241422588937048e-01 1.641650715637234803e-01 4.080833285815416711e-01 5.031702602188544704e-01 5.579539925393537381e-01 5.578991536999584611e-01 3.867930000556589754e-01 3.937057828523828351e-01 4.387721181603678744e-01 4.484645935998540223e-01 3.284571050336773101e-01 6.600070417992200955e-01 3.765170092606752172e-01 4.985768210855919258e-01
9.699196786529361569e-01 6.449818576827379690e-01 8.056967104077392694e-01 1.076836564611207248e+00 2.954347205811571619e-01 1.123416854590204794e+00 4.399411928559243123e-01 4.388851435360995867e-01 1.962174841148767168e-01 4.155631573631458076e-01 7.201506378049662427e-01 7.816355718101141159e-01 2.477926903818767901e-01 7.498383447119074674e-01 3.683371214053945963e-01 1.027231472181254324e+00 2.021653870503026251e-01 4.767902894273705616e-01 7.574559103471819599e-01 4.277233282596998309e-01 5.803715968489797650e-01 9.073279205135633685e-01 5.719399323058088624e-01 2.062238906791098447e-01 5.746451297143415626e-01 5.626479354051644455e-01 0.000000000000000000e+00 3.889445846351821667e-01 2.289530655963760430e-01 8.416732885183275670e-01 9.217758207712403173e-01 9.715410871050259578e-01 7.202393857893106821e-01 5.984330434994613590e-01 4.148103779899227628e-01 1.058820984430325352e+00 2.609539456345962849e-01 6.066854860784485215e-01 3.169306709647595754e-01 4.227703474401308115e-01 1.765744327876589415e-01 2.874904199457368748e-01 6.927660762183032173e-01 6.678985175551327425e-01 1.360010882662281706e-01 4.760299113980429042e-01 3.230116491067605011e-01 2.352554642350925540e-01 8.746083834426142678e-01 7.135963697171502362e-01
6.828603036319559338e-01 9.707883376869990144e-01 9.996407218755022361e-01 1.022056219000307964e+00 5.300709550227963307e-01 9.921494549295039045e-01 4.363731784149982862e-01 2.019928522649969971e-01 5.313682719095808027e-01 5.605144934953959490e-01 6.037503511475353912e-01 7.173854755971056374e-01 1.949876232627619499e-01 4.291189450499041103e-01 5.210485881686819365e-01 7.200449583829655609e-01 3.086133746524417076e-01 2.302217937595060770e-01 4.855657891519601366e-01 7.602469996796850094e-01 7.762736171369511995e-01 7.826859257498264277e-01 4.095198744928808532e-01 4.112235675772870636e-01 5.838247327556068678e-01 2.266274086008425170e-01 3.889445846351821667e-01 0.000000000000000000e+00 4.769256117951222174e-01 5.325977543526754232e-01 8.632485889804412116e-01 6.717832368544321975e-01 5.413978370648571126e-01 3.786421411588157815e-01 3.567784126030664749e-01 7.491470680029259643e-01 1.541206822801877152e-01 3.472837473875290404e-01 3.137019328340558411e-01 5.688008230955049482e-01 4.005426419457856491e-01 4.513516118443124392e-01 5.812961734348902620e-01 5.399031534812861466e-01 2.606825035597424289e-01 5.171899918908926530e-01 2.407856551203356454e-01 4.843277461112075466e-01 5.917753346690973748e-01 6.643184631917590233e-01
8.097795860799631429e-01 6.973924723216406996e-01 6.247488959778909612e-01 9.262572952659293701e-01 3.335074371075794630e-01 9.162732565658496808e-01 4.835908271037835937e-01 3.519413988939132376e-01 2.554301781292558360e-01 2.065472115923371044e-01 5.205896313146869403e-01 6.302836275630296914e-01 4.101550581245442251e-01 6.687217301883888743e-01 1.933726698936329425e-01 8.967480919156303187e-01 1.937217977991091133e-01 6.081545000444980031e-01 5.910521712543789219e-01 4.762600138163444186e-01 3.980002335590686613e-01 7.001894239260484376e-01 3.611274912843025486e-01 2.446022364047612530e-01 4.422950703640641246e-01 5.341618170944985033e-01 2.289530655963760430e-01 4.769256117951222174e-01 0.000000000000000000e+00 7.181170851936965471e-01 7.711965514259626620e-01 8.172544053629305916e-01 5.842194936094937674e-01 6.398659214712112409e-01 1.998673333831075261e-01 9.110904404526358746e-01 3.323952467112953335e-01 4.600326488968595751e-01 4.124585560923840211e-01 3.667911076535101400e-01 2.183389165500321805e-01 1.474556057194748304e-01 5.023562479160952332e-01 4.570860765336265397e-01 2.761929471841106376e-01 3.028320000352507368e-01 2.375471247339268066e-01 2.215784970926859831e-01 7.143833392197779242e-01 5.630171003718726919e-01
2.407190139575244303e-01 1.348072401813463550e+00 1.259210462935404173e+00 8.128061706699122313e-01 9.350327325251149846e-01 8.233466879305331165e-01 5.285252043959591806e-01 4.027881449822277027e-01 9.326842733413319708e-01 8.150899128778139602e-01 4.142263409477013880e-01 4.946820097886298062e-01 6.608893120009174948e-01 1.808997248949492376e-01 6.352625060338800145e-01 1.923927675521020508e-01 6.675176820187519455e-01 4.386927757209887480e-01 2.044136540229547216e-01 1.131005806877602993e+00 1.036519296160935744e+00 6.161537320287888697e-01 3.951246043477791847e-01 7.702900745098447688e-01 4.345177431428979276e-01 3.074122587401871831e-01 8.416732885183275670e-01 5.325977543526754232e-01 7.181170851936965471e-01 0.000000000000000000e+00 6.521096231885925576e-01 1.996356148017483789e-01 3.172973349225722828e-01 3.544160742530866326e-01 5.182497518105888545e-01 2.431723272458678198e-01 5.864885286266423581e-01 2.580844362968368610e-01 6.277521594222750245e-01 5.928874479064232261e-01 8.055044194481044695e-01 7.420927157866044066e-01 3.146315851622301651e-01 4.236540141588214237e-01 7.281192413259935936e-01 5.260277071598005172e-01 5.276153633119291531e-01 8.550572014400381615e-01 1.437075749108436828e-01 5.015106799690323136e-01
7.557995472635037348e-01 1.302374189823906070e+00 1.330468060529684138e+00 1.758741620907097736e-01 1.086802806499622465e+00 9.463206443351407371e-01 5.291172480329597860e-01 7.560684473812211426e-01 8.869860613517747128e-01 8.915342114154293229e-01 5.233613755830220926e-01 1.800336612570448414e-01 8.420389523323486003e-01 5.214625013408622500e-01 5.956439169355808305e-01 8.290781722706412893e-01 8.490740529608660214e-01 6.530627835348398191e-01 5.417972880438471917e-01 1.085307594888045735e+00 1.103297276027799034e+00 7.414684518301644101e-01 5.524044765548490332e-01 7.235277695726831659e-01 3.471306910568988102e-01 6.879333487411242176e-01 9.217758207712403173e-01 8.632485889804412116e-01 7.711965514259626620e-01 6.521096231885925576e-01 0.000000000000000000e+00 7.943392207473154443e-01 3.515757602476639598e-01 4.895368687498659055e-01 6.191756587942561785e-01 8.082920449482885461e-01 8.748862288466529025e-01 6.370886653683922596e-01 7.006769416479748935e-01 5.001168292906392754e-01 9.703113006233211602e-01 8.631953744304192711e-01 4.039199954138211202e-01 5.320992639952011327e-01 9.052408988352494967e-01 4.683645513907120916e-01 7.516263978078456809e-01 8.031251456203580830e-01 6.298953352635285885e-01 2.081794510540900256e-01
1.826928304300811379e-01 1.447209721982698039e+00 1.362666150899193740e+00 9.557550915436174854e-01 1.058291676827856742e+00 8.978921562004541501e-01 6.978713451212092966e-01 5.338227515887664643e-01 1.031821593510566348e+00 9.224588009477977524e-01 4.881038473456459914e-01 6.345871496581878546e-01 8.071702701218921305e-01 3.547516069581337361e-01 7.336640770170015369e-01 1.754240974082898197e-01 7.907766263214933700e-01 5.927997799923245825e-01 2.595752760633404654e-01 1.230143127046837481e+00 1.137479018498470662e+00 6.906992002987096813e-01 4.930285282220670529e-01 9.151728198817882243e-01 5.516633964992421202e-01 4.494427720630275735e-01 9.715410871050259578e-01 6.717832368544321975e-01 8.172544053629305916e-01 1.996356148017483789e-01 7.943392207473154443e-01 0.000000000000000000e+00 4.860967148439273022e-01 5.237622149783367487e-01 6.173870719798228990e-01 1.570211871211134314e-01 7.175231352331815637e-01 3.695144529949493384e-01 7.883402709945261932e-01 7.100331012627673077e-01 9.287633637508457829e-01 8.571711828452867055e-01 4.077720965379804108e-01 5.030142599890505828e-01 8.591538479325323552e-01 6.176049434301464913e-01 6.508743076146706885e-01 9.541945216092724280e-01 1.925874943149774032e-01 6.283507878910153943e-01
